1960 5 5.0
1960 6 78.0
1960 7 43.0
1960 8 8.0
1960 9 8.0
1960 10 24.0
1960 11 22.0
1960 12 21.0
1961 1 23.0
1961 2 14.0
1961 3 34.0
1961 4 42.0
1961 5 43.0
1961 6 44.0
1961 7 16.0
1961 8 65.0
1961 9 30.0
1961 10 70.0
1961 11 110.0
1961 12 48.0
1962 1 8.0
1962 2 82.0
1962 3 31.0
1962 4 168.0
1962 5 43.0
1962 6 52.0
1962 7 15.0
1962 8 33.0
1962 9 38.0
1962 10 45.0
1962 11 69.0
1962 12 219.0
1963 1 42.0
1963 2 149.0
1963 3 88.0
1963 4 285.0
1963 5 250.0
1963 6 417.0
1963 7 198.0
1963 8 338.0
1963 9 266.0
1963 10 311.0
1963 11 93.0
1963 12 298.0
1964 1 75.0
1964 2 137.0
1964 3 280.0
1964 4 134.0
1964 5 151.0
1964 6 74.0
1964 7 30.0
1964 8 160.0
1964 9 189.0
1964 10 78.0
1964 11 117.0
1964 12 162.0
1965 1 61.0
1965 2 192.0
1965 3 154.0
1965 4 321.0
1965 5 166.0
1965 6 168.0
1965 7 270.0
1965 8 99.0
1965 9 233.0
1965 10 85.0
1965 11 111.0
1965 12 59.0
1966 1 125.0
1966 2 222.0
1966 3 145.0
1966 4 213.0
1966 5 179.0
1966 6 87.0
1966 7 90.0
1966 8 133.0
1966 9 229.0
1966 10 73.0
1966 11 100.0
1966 12 102.0
1967 1 297.0
1967 2 110.0
1967 3 446.0
1967 4 195.0
1967 5 265.0
1967 6 137.0
1967 7 289.0
1967 8 242.0
1967 9 317.0
1967 10 372.0
1967 11 254.0
1967 12 362.0
1968 1 128.0
1968 2 365.0
1968 3 345.0
1968 4 811.0
1968 5 918.0
1968 6 274.0
1968 7 100.0
1968 8 926.0
1968 9 412.0
1968 10 787.0
1968 11 46.0
1968 12 97.0
1969 1 340.0
1969 2 127.0
1969 3 625.0
1969 4 263.0
1969 5 696.0
1969 6 201.0
1969 7 61.0
1969 8 280.0
1969 9 220.0
1969 10 302.0
1969 11 365.0
1969 12 386.0
1970 1 366.0
1970 2 218.0
1970 3 237.0
1970 4 268.0
1970 5 284.0
1970 6 256.0
1970 7 521.0
1970 8 316.0
1970 9 593.0
1970 10 465.0
1970 11 388.0
1970 12 631.0
1971 1 355.0
1971 2 373.0
1971 3 441.0
1971 4 554.0
1971 5 921.0
1971 6 939.0
1971 7 819.0
1971 8 817.0
1971 9 569.0
1971 10 1732.0
1971 11 667.0
1971 12 1474.0
1972 1 665.0
1972 2 512.0
1972 3 647.0
1972 4 1195.0
1972 5 702.0
1972 6 901.0
1972 7 773.0
1972 8 1439.0
1972 9 991.0
1972 10 1460.0
1972 11 2100.0
1972 12 1628.0
1973 1 1467.0
1973 2 779.0
1973 3 561.0
1973 4 1035.0
1973 5 523.0
1973 6 402.0
1973 7 327.0
1973 8 640.0
1973 9 1091.0
1973 10 799.0
1973 11 284.0
1973 12 809.0
1974 1 660.0
1974 2 289.0
1974 3 785.0
1974 4 286.0
1974 5 66.0
1974 6 100.0
1974 7 156.0
1974 8 318.0
1974 9 208.0
1974 10 307.0
1974 11 38.0
1974 12 1056.0
1975 1 93.0
1975 2 59.0
1975 3 41.0
1975 4 239.0
1975 5 180.0
1975 6 232.0
1975 7 265.0
1975 8 63.0
1975 9 440.0
1975 10 101.0
1975 11 252.0
1975 12 110.0
1976 1 305.0
1976 2 150.0
1976 3 322.0
1976 4 423.0
1976 5 362.0
1976 6 303.0
1976 7 185.0
1976 8 287.0
1976 9 843.0
1976 10 163.0
1976 11 336.0
1976 12 544.0
1977 1 994.0
1977 2 808.0
1977 3 883.0
1977 4 983.0
1977 5 566.0
1977 6 1412.0
1977 7 728.0
1977 8 365.0
1977 9 373.0
1977 10 1513.0
1977 11 660.0
1977 12 686.0
1978 1 164.0
1978 2 528.0
1978 3 1742.0
1978 4 279.0
1978 5 653.0
1978 6 1226.0
1978 7 106.0
1978 8 476.0
1978 9 429.0
1978 10 211.0
1978 11 781.0
1978 12 610.0
1979 1 831.0
1979 2 90.0
1979 3 466.0
1979 4 539.0
1979 5 412.0
1979 6 1241.0
1979 7 206.0
1979 8 697.0
1979 9 557.0
1979 10 462.0
1979 11 745.0
1979 12 141.0
1980 1 152.0
1980 2 83.0
1980 3 202.0
1980 4 304.0
1980 5 296.0
1980 6 1007.0
1980 7 247.0
1980 8 376.0
1980 9 1162.0
1980 10 744.0
1980 11 979.0
1980 12 605.0
1981 1 143.0
1981 2 653.0
1981 3 289.0
1981 4 277.0
1981 5 229.0
1981 6 298.0
1981 7 78.0
1981 8 1366.0
1981 9 1181.0
1981 10 134.0
1981 11 11.0
1981 12 151.0
1982 1 228.0
1982 2 276.0
1982 3 445.0
1982 4 180.0
1982 5 351.0
1982 6 333.0
1982 7 256.0
1982 8 132.0
1982 9 699.0
1982 10 623.0
1982 11 94.0
1982 12 109.0
1983 1 148.0
1983 2 278.0
1983 3 477.0
1983 4 425.0
1983 5 1202.0
1983 6 424.0
1983 7 1019.0
1983 8 563.0
1983 9 591.0
1983 10 943.0
1983 11 736.0
1983 12 282.0
1984 1 132.0
1984 2 611.0
1984 3 491.0
1984 4 876.0
1984 5 534.0
1984 6 696.0
1984 7 318.0
1984 8 468.0
1984 9 191.0
1984 10 244.0
1984 11 405.0
1984 12 92.0
1985 1 237.0
1985 2 173.0
1985 3 929.0
1985 4 768.0
1985 5 677.0
1985 6 368.0
1985 7 524.0
1985 8 296.0
1985 9 1502.0
1985 10 509.0
1985 11 693.0
1985 12 298.0
1986 1 350.0
1986 2 550.0
1986 3 1286.0
1986 4 438.0
1986 5 604.0
1986 6 383.0
1986 7 1008.0
1986 8 1351.0
1986 9 434.0
1986 10 228.0
1986 11 324.0
1986 12 470.0
1987 1 406.0
1987 2 116.0
1987 3 128.0
1987 4 573.0
1987 5 75.0
1987 6 696.0
1987 7 318.0
1987 8 230.0
1987 9 174.0
1987 10 271.0
1987 11 352.0
1987 12 195.0
1988 1 346.5
1988 2 498.0
1988 3 109.0
1988 4 58.0
1988 5 157.0
1988 6 72.0
1988 7 257.0
1988 8 219.0
1988 9 78.0
1988 10 92.0
1988 11 144.0
1988 12 675.0
1989 1 59.0
1989 2 81.0
1989 3 246.0
1989 4 190.0
1989 5 160.0
1989 6 413.0
1989 7 95.0
1989 8 621.0
1989 9 60.0
1989 10 293.0
1989 11 99.0
1989 12 367.0
1990 1 22.0
1990 2 315.0
1990 3 645.0
1990 4 471.0
1990 5 526.0
1990 6 233.0
1990 7 344.0
1990 8 120.0
1990 9 73.0
1990 10 429.0
1990 11 298.0
1990 12 390.0
1991 1 11.0
1991 2 27.0
1991 3 172.0
1991 4 304.0
1991 5 104.0
1991 6 132.0
1991 7 269.0
1991 8 268.0
1991 9 211.0
1991 10 213.0
1991 11 216.0
1991 12 10.0
1992 1 495.0
1992 2 77.0
1992 3 167.0
1992 4 402.0
1992 5 141.0
1992 6 68.0
1992 7 86.0
1992 8 93.0
1992 9 370.0
1992 10 226.0
1992 11 260.0
1992 12 61.0
1993 1 251.0
1993 2 131.0
1993 3 25.0
1993 4 259.0
1993 5 34.0
1993 6 563.0
1993 7 318.0
1993 8 183.0
1993 9 134.0
1993 10 99.0
1993 11 64.0
1993 12 610.0
1994 1 382.0
1994 2 170.0
1994 3 502.0
1994 4 528.0
1994 5 194.0
1994 6 198.0
1994 7 608.0
1994 8 464.0
1994 9 68.0
1994 10 287.0
1994 11 406.0
1994 12 239.0
1995 1 444.0
1995 2 227.0
1995 3 346.0
1995 4 747.0
1995 5 342.0
1995 6 675.0
1995 7 936.0
1995 8 605.0
1995 9 31.0
1995 10 721.0
1995 11 294.0
1995 12 896.0
1996 1 143.0
1996 2 101.0
1996 3 339.0
1996 4 155.0
1996 5 580.0
1996 6 390.0
1996 7 260.0
1996 8 377.0
1996 9 428.0
1996 10 1008.0
1996 11 634.0
1996 12 1365.0
1997 1 138.0
1997 2 711.0
1997 3 634.0
1997 4 486.0
1997 5 48.0
1997 6 194.0
1997 7 364.0
1997 8 302.0
1997 9 107.0
1997 10 579.0
1997 11 670.0
1997 12 200.0
1998 1 76.0
1998 2 646.0
1998 3 393.0
1998 4 234.0
1998 5 261.0
1998 6 180.0
1998 7 322.0
1998 8 1013.0
1998 9 277.0
1998 10 872.0
1998 11 403.0
1998 12 181.0
1999 1 288.0
1999 2 189.0
1999 3 622.0
1999 4 123.0
1999 5 55.0
1999 6 107.0
1999 7 31.0
1999 8 158.0
1999 9 362.0
1999 10 508.0
1999 11 203.0
1999 12 41.0
2000 1 169.0
2000 2 74.0
2000 3 167.0
2000 4 323.0
2000 5 288.0
2000 6 69.0
2000 7 35.0
2000 8 238.0
2000 9 201.0
2000 10 417.0
2000 11 943.0
2000 12 330.0
2001 1 408.0
2001 2 315.0
2001 3 174.0
2001 4 29.0
2001 5 65.0
2001 6 37.0
2001 7 219.0
2001 8 328.0
2001 9 249.0
2001 10 362.0
2001 11 238.0
2001 12 69.0
2002 1 281.0
2002 2 23.0
2002 3 323.0
2002 4 256.0
2002 5 671.0
2002 6 271.0
2002 7 413.0
2002 8 376.0
2002 9 164.0
2002 10 95.0
2002 11 88.0
2002 12 154.0
2003 1 180.0
2003 2 334.0
2003 3 283.0
2003 4 255.0
2003 5 99.0
2003 6 398.0
2003 7 173.0
2003 8 274.0
2003 9 468.0
2003 10 436.0
2003 11 271.0
2003 12 219.0
2004 1 524.0
2004 2 364.0
2004 3 378.0
2004 4 212.0
2004 5 380.0
2004 6 583.0
2004 7 348.0
2004 8 183.0
2004 9 302.0
2004 10 141.0
2004 11 114.0
2004 12 431.0
2005 1 1040.0
2005 2 505.0
2005 3 444.0
2005 4 136.0
2005 5 1594.0
2005 6 98.0
2005 7 699.0
2005 8 391.0
2005 9 10.0
2005 10 440.0
2005 11 841.0
2005 12 269.0
2006 1 236.0
2006 2 240.0
2006 3 287.0
2006 4 467.0
2006 5 341.0
2006 6 1127.0
2006 7 707.0
2006 8 1048.0
2006 9 462.0
2006 10 717.0
2006 11 144.0
2006 12 771.0
2007 1 479.0
2007 2 367.0
2007 3 56.0
2007 4 409.0
2007 5 353.0
2007 6 211.0
2007 7 364.0
2007 8 730.0
2007 9 549.0
2007 10 346.0
2007 11 777.0
2007 12 506.0
2008 1 431.0
2008 2 400.0
2008 3 234.0
2008 4 442.0
2008 5 104.0
2008 6 341.0
2008 7 236.0
2008 8 143.0
2008 9 78.0
2008 10 634.0
2008 11 473.0
2008 12 219.0
2009 1 422.0
2009 2 12.0
2009 3 217.0
2009 4 577.0
2009 5 138.0
2009 6 443.0
2009 7 329.0
2009 8 436.0
2009 9 169.0
2009 10 55.0
2009 11 270.0
2009 12 346.0
2010 1 183.0
2010 2 105.0
2010 3 355.0
2010 4 248.0
2010 5 447.0
2010 6 27.0
2010 7 25.0
2010 8 6.0
2010 9 178.0
2010 10 217.0
2010 11 77.0
2010 12 296.0
2011 1 475.0
2011 2 184.0
2011 3 192.0
2011 4 60.0
2011 5 29.0
2011 6 201.0
2011 7 56.0
2011 8 40.0
2011 9 244.0
2011 10 349.0
2011 11 273.0
2011 12 368.0
2012 1 321.0
2012 2 105.0
2012 3 434.0
2012 4 44.0
2012 5 383.0
2012 6 354.0
2012 7 383.0
2012 8 389.0
2012 9 33.0
2012 10 66.0
2012 11 345.0
2012 12 88.0
2013 1 211.0
2013 2 90.0
2013 3 119.0
2013 4 242.0
2013 5 213.0
2013 6 121.0
2013 7 108.0
2013 8 61.0
2013 9 222.0
2013 10 191.0
2013 11 143.0
2013 12 328.0
2014 1 211.0
2014 2 547.0
2014 3 546.0
2014 4 66.0
2014 5 141.0
2014 6 432.0
2014 7 242.0
2014 8 407.0
2014 9 251.0
2014 10 468.0
2014 11 57.0
2014 12 294.0
2015 1 128.0
2015 2 524.0
2015 3 87.0
2015 4 92.0
2015 5 284.0
2015 6 280.0
2015 7 86.0
2015 8 997.0
2015 9 92.0
2015 10 110.0
2015 11 222.0
2015 12 531.0
2016 1 355.0
2016 2 30.0
2016 3 129.0
2016 4 479.0
2016 5 66.0
2016 6 665.0
2016 7 99.0
2016 8 112.0
2016 9 350.0
2016 10 262.0
2016 11 146.0
2016 12 118.0
2017 1 181.0
2017 2 68.0
2017 3 120.0
2017 4 56.0
2017 5 94.0
2017 6 341.0
2017 7 161.0
2017 8 88.0
2017 9 432.0
2017 10 134.0
2017 11 105.0
2017 12 511.0
2018 1 149.0
2018 2 147.0
2018 3 97.0
2018 4 53.0
2018 5 242.0
2018 6 73.0
2018 7 112.0
2018 8 169.0
2018 9 47.0
2018 10 78.0
2018 11 109.0
2018 12 67.0
2019 1 77.0
2019 2 83.0
2019 3 73.0
2019 4 89.0
2019 5 67.0
2019 6 184.0
2019 7 294.0
2019 8 181.0
2019 9 325.0
2019 10 137.0
2019 11 99.0
2019 12 291.0
2020 1 212.0
2020 2 94.0
2020 3 73.0
2020 4 350.0
2020 5 193.0
2020 6 275.0
2020 7 435.0
2020 8 340.0
2020 9 143.0
2020 10 59.0
2020 11 68.0
2020 12 65.0
2021 1 323.0
2021 2 516.0
2021 3 150.0
2021 4 21.0
2021 5 52.0
2021 6 67.0
2021 7 374.0
2021 8 139.0
2021 9 395.0
2021 10 119.0
2021 11 139.0
2021 12 67.0
2022 1 111.0
2022 2 88.0
2022 3 506.0
2022 4 230.0
2022 5 177.0
2022 6 263.0
2022 7 383.0
2022 8 1131.0
2022 9 436.0
2022 10 299.0
2022 11 336.0
2022 12 260.0
2023 1 135.0
2023 2 484.0
2023 3 846.0
2023 4 94.0
2023 5 734.0
2023 6 176.0
2023 7 160.0
2023 8 219.0
2023 9 44.0
2023 10 30.0
2023 11 169.0
2023 12 622.0
2024 1 698.0
2024 2 63.0
2024 3 188.0
2024 4 116.0
2024 5 512.0
2024 6 110.0
2024 7 42.0
2024 8 231.0
