1960 5 999.0
1960 6 932.0
1960 7 833.0
1960 8 907.0
1960 9 861.0
1960 10 797.0
1960 11 721.0
1960 12 515.0
1961 1 789.0
1961 2 690.0
1961 3 889.0
1961 4 946.0
1961 5 999.0
1961 6 953.0
1961 7 879.0
1961 8 1060.0
1961 9 876.0
1961 10 925.0
1961 11 808.0
1961 12 512.0
1962 1 766.0
1962 2 885.0
1962 3 1086.0
1962 4 1032.0
1962 5 1108.0
1962 6 975.0
1962 7 1008.0
1962 8 1044.0
1962 9 931.0
1962 10 1021.0
1962 11 818.0
1962 12 534.0
1963 1 813.0
1963 2 962.0
1963 3 1174.0
1963 4 1196.0
1963 5 1124.0
1963 6 1085.0
1963 7 1050.0
1963 8 971.0
1963 9 1027.0
1963 10 1134.0
1963 11 829.0
1963 12 593.0
1964 1 798.0
1964 2 846.0
1964 3 1090.0
1964 4 1050.0
1964 5 1149.0
1964 6 1023.0
1964 7 979.0
1964 8 985.0
1964 9 893.0
1964 10 995.0
1964 11 820.0
1964 12 612.0
1965 1 897.0
1965 2 732.0
1965 3 894.0
1965 4 1042.0
1965 5 963.0
1965 6 898.0
1965 7 831.0
1965 8 828.0
1965 9 804.0
1965 10 832.0
1965 11 799.0
1965 12 622.0
1966 1 669.0
1966 2 680.0
1966 3 972.0
1966 4 794.0
1966 5 799.0
1966 6 743.0
1966 7 608.0
1966 8 595.0
1966 9 541.0
1966 10 561.0
1966 11 387.0
1966 12 408.0
1967 1 529.0
1967 2 627.0
1967 3 776.0
1967 4 682.0
1967 5 788.0
1967 6 733.0
1967 7 697.0
1967 8 780.0
1967 9 734.0
1967 10 698.0
1967 11 553.0
1967 12 418.0
1968 1 660.0
1968 2 659.0
1968 3 738.0
1968 4 734.0
1968 5 927.0
1968 6 869.0
1968 7 964.0
1968 8 873.0
1968 9 840.0
1968 10 977.0
1968 11 844.0
1968 12 748.0
1969 1 754.0
1969 2 828.0
1969 3 847.0
1969 4 912.0
1969 5 730.0
1969 6 817.0
1969 7 778.0
1969 8 707.0
1969 9 649.0
1969 10 657.0
1969 11 551.0
1969 12 605.0
1970 1 414.0
1970 2 625.0
1970 3 1364.0
1970 4 820.0
1970 5 961.0
1970 6 886.0
1970 7 1224.0
1970 8 1076.0
1970 9 1121.0
1970 10 940.0
1970 11 810.0
1970 12 1246.0
1971 1 881.0
1971 2 914.0
1971 3 1142.0
1971 4 1266.0
1971 5 1152.0
1971 6 1197.0
1971 7 960.0
1971 8 1039.0
1971 9 1062.0
1971 10 979.0
1971 11 1107.0
1971 12 986.0
1972 1 1010.0
1972 2 1061.0
1972 3 1618.0
1972 4 1237.0
1972 5 1441.0
1972 6 1276.0
1972 7 1135.0
1972 8 1411.0
1972 9 1743.0
1972 10 1143.0
1972 11 1056.0
1972 12 764.0
1973 1 1108.0
1973 2 1118.0
1973 3 1238.0
1973 4 991.0
1973 5 1356.0
1973 6 918.0
1973 7 1010.0
1973 8 782.0
1973 9 1173.0
1973 10 637.0
1973 11 575.0
1973 12 447.0
1974 1 621.0
1974 2 703.0
1974 3 1196.0
1974 4 972.0
1974 5 743.0
1974 6 709.0
1974 7 662.0
1974 8 553.0
1974 9 575.0
1974 10 765.0
1974 11 442.0
1974 12 385.0
1975 1 622.0
1975 2 608.0
1975 3 777.0
1975 4 994.0
1975 5 1057.0
1975 6 1036.0
1975 7 887.0
1975 8 855.0
1975 9 790.0
1975 10 990.0
1975 11 630.0
1975 12 796.0
1976 1 881.0
1976 2 1173.0
1976 3 1265.0
1976 4 1221.0
1976 5 1044.0
1976 6 1350.0
1976 7 954.0
1976 8 1045.0
1976 9 1084.0
1976 10 1082.0
1976 11 944.0
1976 12 735.0
1977 1 800.0
1977 2 1206.0
1977 3 1294.0
1977 4 1372.0
1977 5 1408.0
1977 6 1433.0
1977 7 1259.0
1977 8 1328.0
1977 9 1096.0
1977 10 1263.0
1977 11 855.0
1977 12 1066.0
1978 1 813.0
1978 2 1241.0
1978 3 1465.0
1978 4 1270.0
1978 5 1294.0
1978 6 1136.0
1978 7 882.0
1978 8 949.0
1978 9 877.0
1978 10 1173.0
1978 11 761.0
1978 12 738.0
1979 1 707.0
1979 2 781.0
1979 3 1203.0
1979 4 1033.0
1979 5 1151.0
1979 6 989.0
1979 7 832.0
1979 8 1134.0
1979 9 754.0
1979 10 695.0
1979 11 470.0
1979 12 357.0
1980 1 635.0
1980 2 794.0
1980 3 609.0
1980 4 582.0
1980 5 741.0
1980 6 756.0
1980 7 909.0
1980 8 828.0
1980 9 911.0
1980 10 1075.0
1980 11 723.0
1980 12 613.0
1981 1 437.0
1981 2 600.0
1981 3 701.0
1981 4 790.0
1981 5 536.0
1981 6 434.0
1981 7 455.0
1981 8 336.0
1981 9 406.0
1981 10 233.0
1981 11 244.0
1981 12 219.0
1982 1 240.0
1982 2 275.0
1982 3 471.0
1982 4 385.0
1982 5 387.0
1982 6 482.0
1982 7 280.0
1982 8 314.0
1982 9 484.0
1982 10 615.0
1982 11 492.0
1982 12 470.0
1983 1 567.0
1983 2 598.0
1983 3 835.0
1983 4 771.0
1983 5 774.0
1983 6 644.0
1983 7 615.0
1983 8 780.0
1983 9 534.0
1983 10 652.0
1983 11 727.0
1983 12 478.0
1984 1 546.0
1984 2 744.0
1984 3 772.0
1984 4 981.0
1984 5 627.0
1984 6 709.0
1984 7 665.0
1984 8 627.0
1984 9 571.0
1984 10 736.0
1984 11 632.0
1984 12 435.0
1985 1 551.0
1985 2 1270.0
1985 3 908.0
1985 4 932.0
1985 5 827.0
1985 6 856.0
1985 7 937.0
1985 8 829.0
1985 9 767.0
1985 10 754.0
1985 11 719.0
1985 12 588.0
1986 1 719.0
1986 2 597.0
1986 3 1029.0
1986 4 1307.0
1986 5 1100.0
1986 6 1036.0
1986 7 961.0
1986 8 968.0
1986 9 972.0
1986 10 941.0
1986 11 719.0
1986 12 685.0
1987 1 768.0
1987 2 851.0
1987 3 1166.0
1987 4 1032.0
1987 5 913.0
1987 6 958.0
1987 7 1059.0
1987 8 859.0
1987 9 874.0
1987 10 748.0
1987 11 653.0
1987 12 569.0
1988 1 553.0
1988 2 817.0
1988 3 1013.0
1988 4 866.0
1988 5 899.0
1988 6 943.0
1988 7 832.0
1988 8 870.0
1988 9 720.0
1988 10 682.0
1988 11 602.0
1988 12 566.0
1989 1 595.0
1989 2 629.0
1989 3 831.0
1989 4 748.0
1989 5 731.0
1989 6 777.0
1989 7 656.0
1989 8 736.0
1989 9 630.0
1989 10 696.0
1989 11 642.0
1989 12 417.0
1990 1 599.0
1990 2 711.0
1990 3 879.0
1990 4 726.0
1990 5 638.0
1990 6 691.0
1990 7 682.0
1990 8 765.0
1990 9 580.0
1990 10 649.0
1990 11 571.0
1990 12 373.0
1991 1 465.0
1991 2 572.0
1991 3 773.0
1991 4 736.0
1991 5 714.0
1991 6 695.0
1991 7 756.0
1991 8 834.0
1991 9 695.0
1991 10 753.0
1991 11 562.0
1991 12 508.0
1992 1 728.0
1992 2 826.0
1992 3 1014.0
1992 4 924.0
1992 5 872.0
1992 6 871.0
1992 7 909.0
1992 8 908.0
1992 9 879.0
1992 10 908.0
1992 11 678.0
1992 12 710.0
1993 1 852.0
1993 2 892.0
1993 3 969.0
1993 4 961.0
1993 5 911.0
1993 6 1062.0
1993 7 1066.0
1993 8 959.0
1993 9 1064.0
1993 10 990.0
1993 11 929.0
1993 12 789.0
1994 1 1042.0
1994 2 1110.0
1994 3 1438.0
1994 4 1430.0
1994 5 1374.0
1994 6 1339.0
1994 7 979.0
1994 8 1332.0
1994 9 1074.0
1994 10 980.0
1994 11 883.0
1994 12 827.0
1995 1 970.0
1995 2 901.0
1995 3 1197.0
1995 4 1044.0
1995 5 1165.0
1995 6 1118.0
1995 7 1060.0
1995 8 1263.0
1995 9 1161.0
1995 10 1181.0
1995 11 989.0
1995 12 902.0
1996 1 1050.0
1996 2 1342.0
1996 3 1376.0
1996 4 1356.0
1996 5 1330.0
1996 6 1160.0
1996 7 1270.0
1996 8 1276.0
1996 9 1059.0
1996 10 1193.0
1996 11 874.0
1996 12 840.0
1997 1 1035.0
1997 2 1069.0
1997 3 1256.0
1997 4 1368.0
1997 5 1264.0
1997 6 1144.0
1997 7 1251.0
1997 8 1125.0
1997 9 1131.0
1997 10 1123.0
1997 11 863.0
1997 12 805.0
1998 1 962.0
1998 2 1097.0
1998 3 1374.0
1998 4 1472.0
1998 5 1299.0
1998 6 1337.0
1998 7 1235.0
1998 8 1368.0
1998 9 1200.0
1998 10 1237.0
1998 11 984.0
1998 12 1078.0
1999 1 1098.0
1999 2 1192.0
1999 3 1653.0
1999 4 1547.0
1999 5 1421.0
1999 6 1573.0
1999 7 1458.0
1999 8 1347.0
1999 9 1425.0
1999 10 1415.0
1999 11 1110.0
1999 12 1031.0
2000 1 1174.0
2000 2 1429.0
2000 3 1650.0
2000 4 1316.0
2000 5 1645.0
2000 6 1388.0
2000 7 1194.0
2000 8 1386.0
2000 9 1156.0
2000 10 1284.0
2000 11 1049.0
2000 12 809.0
2001 1 1242.0
2001 2 1242.0
2001 3 1588.0
2001 4 1492.0
2001 5 1533.0
2001 6 1455.0
2001 7 1378.0
2001 8 1568.0
2001 9 1050.0
2001 10 1353.0
2001 11 1241.0
2001 12 1085.0
2002 1 1497.0
2002 2 1751.0
2002 3 1703.0
2002 4 1779.0
2002 5 1600.0
2002 6 1562.0
2002 7 1638.0
2002 8 1569.0
2002 9 1321.0
2002 10 1677.0
2002 11 1265.0
2002 12 1385.0
2003 1 1492.0
2003 2 1554.0
2003 3 1769.0
2003 4 1819.0
2003 5 1677.0
2003 6 1864.0
2003 7 1943.0
2003 8 1984.0
2003 9 1800.0
2003 10 1751.0
2003 11 1443.0
2003 12 1613.0
2004 1 1815.0
2004 2 1786.0
2004 3 2284.0
2004 4 2349.0
2004 5 2088.0
2004 6 2207.0
2004 7 2128.0
2004 8 2082.0
2004 9 1860.0
2004 10 1688.0
2004 11 1723.0
2004 12 2104.0
2005 1 1942.0
2005 2 1783.0
2005 3 2258.0
2005 4 2081.0
2005 5 2089.0
2005 6 2095.0
2005 7 1930.0
2005 8 2076.0
2005 9 1996.0
2005 10 2092.0
2005 11 1873.0
2005 12 1762.0
2006 1 2227.0
2006 2 1869.0
2006 3 2508.0
2006 4 2003.0
2006 5 2234.0
2006 6 2102.0
2006 7 1903.0
2006 8 2286.0
2006 9 1657.0
2006 10 1726.0
2006 11 1379.0
2006 12 1629.0
2007 1 1702.0
2007 2 1685.0
2007 3 2002.0
2007 4 1809.0
2007 5 1807.0
2007 6 1773.0
2007 7 1559.0
2007 8 1602.0
2007 9 1134.0
2007 10 1194.0
2007 11 1166.0
2007 12 931.0
2008 1 1111.0
2008 2 1113.0
2008 3 1218.0
2008 4 1247.0
2008 5 1204.0
2008 6 1045.0
2008 7 932.0
2008 8 821.0
2008 9 821.0
2008 10 684.0
2008 11 516.0
2008 12 575.0
2009 1 447.0
2009 2 625.0
2009 3 666.0
2009 4 808.0
2009 5 713.0
2009 6 843.0
2009 7 1013.0
2009 8 779.0
2009 9 691.0
2009 10 670.0
2009 11 609.0
2009 12 664.0
2010 1 696.0
2010 2 728.0
2010 3 979.0
2010 4 869.0
2010 5 605.0
2010 6 721.0
2010 7 645.0
2010 8 615.0
2010 9 552.0
2010 10 561.0
2010 11 481.0
2010 12 565.0
2011 1 517.0
2011 2 577.0
2011 3 812.0
2011 4 617.0
2011 5 718.0
2011 6 732.0
2011 7 791.0
2011 8 764.0
2011 9 568.0
2011 10 602.0
2011 11 550.0
2011 12 484.0
2012 1 551.0
2012 2 568.0
2012 3 681.0
2012 4 718.0
2012 5 773.0
2012 6 705.0
2012 7 829.0
2012 8 776.0
2012 9 720.0
2012 10 743.0
2012 11 581.0
2012 12 549.0
2013 1 699.0
2013 2 616.0
2013 3 764.0
2013 4 823.0
2013 5 870.0
2013 6 782.0
2013 7 839.0
2013 8 771.0
2013 9 700.0
2013 10 765.0
2013 11 505.0
2013 12 504.0
2014 1 570.0
2014 2 710.0
2014 3 764.0
2014 4 835.0
2014 5 763.0
2014 6 827.0
2014 7 825.0
2014 8 708.0
2014 9 704.0
2014 10 800.0
2014 11 603.0
2014 12 754.0
2015 1 860.0
2015 2 704.0
2015 3 857.0
2015 4 931.0
2015 5 853.0
2015 6 984.0
2015 7 908.0
2015 8 892.0
2015 9 853.0
2015 10 853.0
2015 11 707.0
2015 12 685.0
2016 1 846.0
2016 2 875.0
2016 3 1121.0
2016 4 926.0
2016 5 1032.0
2016 6 988.0
2016 7 919.0
2016 8 1081.0
2016 9 898.0
2016 10 794.0
2016 11 758.0
2016 12 818.0
2017 1 886.0
2017 2 1022.0
2017 3 1232.0
2017 4 974.0
2017 5 1154.0
2017 6 994.0
2017 7 985.0
2017 8 1083.0
2017 9 929.0
2017 10 977.0
2017 11 967.0
2017 12 802.0
2018 1 1021.0
2018 2 1069.0
2018 3 995.0
2018 4 1282.0
2018 5 1288.0
2018 6 1144.0
2018 7 1158.0
2018 8 1194.0
2018 9 978.0
2018 10 1039.0
2018 11 984.0
2018 12 786.0
2019 1 1079.0
2019 2 992.0
2019 3 1198.0
2019 4 1377.0
2019 5 1159.0
2019 6 1201.0
2019 7 1248.0
2019 8 1276.0
2019 9 1089.0
2019 10 1222.0
2019 11 1098.0
2019 12 1023.0
2020 1 1303.0
2020 2 1276.0
2020 3 1489.0
2020 4 1298.0
2020 5 1118.0
2020 6 1377.0
2020 7 1505.0
2020 8 1453.0
2020 9 1514.0
2020 10 1539.0
2020 11 1254.0
2020 12 1467.0
2021 1 1594.0
2021 2 1340.0
2021 3 1794.0
2021 4 1618.0
2021 5 1659.0
2021 6 1586.0
2021 7 1434.0
2021 8 1380.0
2021 9 1476.0
2021 10 1374.0
2021 11 1279.0
2021 12 1340.0
2022 1 1451.0
2022 2 1606.0
2022 3 1958.0
2022 4 1647.0
2022 5 1540.0
2022 6 1577.0
2022 7 1274.0
2022 8 1290.0
2022 9 1232.0
2022 10 1141.0
2022 11 966.0
2022 12 874.0
2023 1 1082.0
2023 2 1006.0
2023 3 1563.0
2023 4 1226.0
2023 5 1639.0
2023 6 1621.0
2023 7 1323.0
2023 8 1436.0
2023 9 1294.0
2023 10 1204.0
2023 11 1161.0
2023 12 1214.0
2024 1 1349.0
2024 2 1495.0
2024 3 1388.0
2024 4 1646.0
2024 5 1736.0
2024 6 1382.0
2024 7 1393.0
2024 8 1506.0
