1960 5 35.0
1960 6 88.0
1960 7 38.0
1960 8 31.0
1960 9 28.0
1960 10 40.0
1960 11 34.0
1960 12 40.0
1961 1 57.0
1961 2 49.0
1961 3 56.0
1961 4 70.0
1961 5 21.0
1961 6 68.0
1961 7 38.0
1961 8 116.0
1961 9 97.0
1961 10 32.0
1961 11 161.0
1961 12 94.0
1962 1 46.0
1962 2 146.0
1962 3 56.0
1962 4 194.0
1962 5 124.0
1962 6 74.0
1962 7 57.0
1962 8 56.0
1962 9 50.0
1962 10 82.0
1962 11 106.0
1962 12 227.0
1963 1 256.0
1963 2 198.0
1963 3 111.0
1963 4 357.0
1963 5 292.0
1963 6 487.0
1963 7 256.0
1963 8 375.0
1963 9 316.0
1963 10 544.0
1963 11 115.0
1963 12 314.0
1964 1 112.0
1964 2 160.0
1964 3 365.0
1964 4 337.0
1964 5 182.0
1964 6 156.0
1964 7 143.0
1964 8 180.0
1964 9 223.0
1964 10 97.0
1964 11 151.0
1964 12 210.0
1965 1 106.0
1965 2 224.0
1965 3 303.0
1965 4 335.0
1965 5 218.0
1965 6 192.0
1965 7 298.0
1965 8 118.0
1965 9 263.0
1965 10 168.0
1965 11 129.0
1965 12 79.0
1966 1 149.0
1966 2 241.0
1966 3 200.0
1966 4 219.0
1966 5 197.0
1966 6 93.0
1966 7 114.0
1966 8 184.0
1966 9 256.0
1966 10 75.0
1966 11 114.0
1966 12 120.0
1967 1 315.0
1967 2 134.0
1967 3 469.0
1967 4 213.0
1967 5 287.0
1967 6 156.0
1967 7 313.0
1967 8 279.0
1967 9 337.0
1967 10 392.0
1967 11 296.0
1967 12 368.0
1968 1 158.0
1968 2 393.0
1968 3 379.0
1968 4 831.0
1968 5 973.0
1968 6 306.0
1968 7 116.0
1968 8 964.0
1968 9 426.0
1968 10 863.0
1968 11 69.0
1968 12 147.0
1969 1 385.0
1969 2 545.0
1969 3 659.0
1969 4 319.0
1969 5 730.0
1969 6 214.0
1969 7 68.0
1969 8 314.0
1969 9 298.0
1969 10 368.0
1969 11 418.0
1969 12 446.0
1970 1 380.0
1970 2 268.0
1970 3 279.0
1970 4 376.0
1970 5 723.0
1970 6 315.0
1970 7 539.0
1970 8 335.0
1970 9 1885.0
1970 10 491.0
1970 11 479.0
1970 12 677.0
1971 1 401.0
1971 2 698.0
1971 3 526.0
1971 4 878.0
1971 5 1028.0
1971 6 994.0
1971 7 819.0
1971 8 966.0
1971 9 611.0
1971 10 1836.0
1971 11 809.0
1971 12 1509.0
1972 1 677.0
1972 2 549.0
1972 3 667.0
1972 4 1367.0
1972 5 801.0
1972 6 940.0
1972 7 909.0
1972 8 1503.0
1972 9 1110.0
1972 10 1500.0
1972 11 2108.0
1972 12 1640.0
1973 1 1497.0
1973 2 852.0
1973 3 611.0
1973 4 1086.0
1973 5 620.0
1973 6 430.0
1973 7 343.0
1973 8 658.0
1973 9 1097.0
1973 10 839.0
1973 11 298.0
1973 12 813.0
1974 1 672.0
1974 2 337.0
1974 3 818.0
1974 4 306.0
1974 5 166.0
1974 6 117.0
1974 7 180.0
1974 8 347.0
1974 9 225.0
1974 10 311.0
1974 11 56.0
1974 12 1142.0
1975 1 105.0
1975 2 74.0
1975 3 81.0
1975 4 268.0
1975 5 217.0
1975 6 252.0
1975 7 358.0
1975 8 91.0
1975 9 474.0
1975 10 189.0
1975 11 272.0
1975 12 134.0
1976 1 323.0
1976 2 218.0
1976 3 352.0
1976 4 439.0
1976 5 417.0
1976 6 362.0
1976 7 194.0
1976 8 325.0
1976 9 887.0
1976 10 202.0
1976 11 377.0
1976 12 561.0
1977 1 1134.0
1977 2 861.0
1977 3 985.0
1977 4 1015.0
1977 5 726.0
1977 6 1453.0
1977 7 802.0
1977 8 399.0
1977 9 502.0
1977 10 1750.0
1977 11 680.0
1977 12 699.0
1978 1 168.0
1978 2 614.0
1978 3 1822.0
1978 4 299.0
1978 5 677.0
1978 6 1336.0
1978 7 338.0
1978 8 554.0
1978 9 462.0
1978 10 265.0
1978 11 921.0
1978 12 731.0
1979 1 887.0
1979 2 114.0
1979 3 514.0
1979 4 746.0
1979 5 485.0
1979 6 1304.0
1979 7 238.0
1979 8 730.0
1979 9 636.0
1979 10 792.0
1979 11 777.0
1979 12 169.0
1980 1 305.0
1980 2 129.0
1980 3 319.0
1980 4 330.0
1980 5 398.0
1980 6 1077.0
1980 7 339.0
1980 8 452.0
1980 9 1250.0
1980 10 797.0
1980 11 1397.0
1980 12 647.0
1981 1 253.0
1981 2 710.0
1981 3 425.0
1981 4 471.0
1981 5 284.0
1981 6 325.0
1981 7 94.0
1981 8 1374.0
1981 9 1201.0
1981 10 166.0
1981 11 25.0
1981 12 157.0
1982 1 244.0
1982 2 318.0
1982 3 547.0
1982 4 191.0
1982 5 376.0
1982 6 377.0
1982 7 272.0
1982 8 166.0
1982 9 893.0
1982 10 646.0
1982 11 128.0
1982 12 133.0
1983 1 188.0
1983 2 404.0
1983 3 561.0
1983 4 465.0
1983 5 1225.0
1983 6 534.0
1983 7 1105.0
1983 8 675.0
1983 9 700.0
1983 10 1001.0
1983 11 830.0
1983 12 346.0
1984 1 246.0
1984 2 775.0
1984 3 767.0
1984 4 958.0
1984 5 630.0
1984 6 832.0
1984 7 485.0
1984 8 667.0
1984 9 295.0
1984 10 398.0
1984 11 497.0
1984 12 160.0
1985 1 253.0
1985 2 229.0
1985 3 1025.0
1985 4 883.0
1985 5 920.0
1985 6 462.0
1985 7 652.0
1985 8 358.0
1985 9 1510.0
1985 10 583.0
1985 11 738.0
1985 12 355.0
1986 1 405.0
1986 2 605.0
1986 3 1379.0
1986 4 499.0
1986 5 665.0
1986 6 407.0
1986 7 1079.0
1986 8 1498.0
1986 9 469.0
1986 10 278.0
1986 11 376.0
1986 12 506.0
1987 1 430.0
1987 2 167.0
1987 3 170.0
1987 4 650.0
1987 5 107.0
1987 6 720.0
1987 7 361.0
1987 8 234.0
1987 9 204.0
1987 10 299.0
1987 11 403.0
1987 12 213.0
1988 1 23.0
1988 2 526.0
1988 3 133.0
1988 4 78.0
1988 5 216.0
1988 6 159.0
1988 7 336.0
1988 8 349.0
1988 9 87.0
1988 10 126.0
1988 11 169.0
1988 12 685.0
1989 1 73.0
1989 2 122.0
1989 3 269.0
1989 4 225.0
1989 5 176.0
1989 6 434.0
1989 7 165.0
1989 8 686.0
1989 9 128.0
1989 10 344.0
1989 11 155.0
1989 12 383.0
1990 1 40.0
1990 2 354.0
1990 3 703.0
1990 4 602.0
1990 5 546.0
1990 6 259.0
1990 7 385.0
1990 8 160.0
1990 9 80.0
1990 10 439.0
1990 11 348.0
1990 12 398.0
1991 1 15.0
1991 2 261.0
1991 3 226.0
1991 4 355.0
1991 5 117.0
1991 6 173.0
1991 7 271.0
1991 8 280.0
1991 9 285.0
1991 10 219.0
1991 11 225.0
1991 12 15.0
1992 1 502.0
1992 2 97.0
1992 3 187.0
1992 4 433.0
1992 5 148.0
1992 6 104.0
1992 7 105.0
1992 8 107.0
1992 9 381.0
1992 10 248.0
1992 11 274.0
1992 12 107.0
1993 1 263.0
1993 2 146.0
1993 3 75.0
1993 4 289.0
1993 5 52.0
1993 6 610.0
1993 7 341.0
1993 8 389.0
1993 9 165.0
1993 10 26.0
1993 11 81.0
1993 12 639.0
1994 1 436.0
1994 2 257.0
1994 3 550.0
1994 4 570.0
1994 5 224.0
1994 6 499.0
1994 7 653.0
1994 8 483.0
1994 9 86.0
1994 10 356.0
1994 11 424.0
1994 12 261.0
1995 1 459.0
1995 2 252.0
1995 3 371.0
1995 4 783.0
1995 5 396.0
1995 6 703.0
1995 7 973.0
1995 8 631.0
1995 9 58.0
1995 10 742.0
1995 11 324.0
1995 12 954.0
1996 1 170.0
1996 2 117.0
1996 3 401.0
1996 4 312.0
1996 5 639.0
1996 6 419.0
1996 7 300.0
1996 8 404.0
1996 9 454.0
1996 10 1056.0
1996 11 672.0
1996 12 1386.0
1997 1 160.0
1997 2 812.0
1997 3 671.0
1997 4 574.0
1997 5 92.0
1997 6 240.0
1997 7 445.0
1997 8 355.0
1997 9 135.0
1997 10 598.0
1997 11 689.0
1997 12 227.0
1998 1 89.0
1998 2 662.0
1998 3 536.0
1998 4 300.0
1998 5 298.0
1998 6 287.0
1998 7 357.0
1998 8 1050.0
1998 9 288.0
1998 10 895.0
1998 11 471.0
1998 12 227.0
1999 1 294.0
1999 2 265.0
1999 3 653.0
1999 4 155.0
1999 5 84.0
1999 6 189.0
1999 7 62.0
1999 8 296.0
1999 9 410.0
1999 10 531.0
1999 11 229.0
1999 12 102.0
2000 1 194.0
2000 2 100.0
2000 3 225.0
2000 4 394.0
2000 5 310.0
2000 6 120.0
2000 7 37.0
2000 8 248.0
2000 9 230.0
2000 10 422.0
2000 11 967.0
2000 12 332.0
2001 1 416.0
2001 2 334.0
2001 3 205.0
2001 4 49.0
2001 5 75.0
2001 6 55.0
2001 7 221.0
2001 8 375.0
2001 9 251.0
2001 10 373.0
2001 11 248.0
2001 12 88.0
2002 1 309.0
2002 2 41.0
2002 3 353.0
2002 4 313.0
2002 5 721.0
2002 6 288.0
2002 7 453.0
2002 8 402.0
2002 9 175.0
2002 10 115.0
2002 11 132.0
2002 12 166.0
2003 1 210.0
2003 2 380.0
2003 3 301.0
2003 4 289.0
2003 5 114.0
2003 6 429.0
2003 7 179.0
2003 8 317.0
2003 9 504.0
2003 10 452.0
2003 11 314.0
2003 12 231.0
2004 1 562.0
2004 2 395.0
2004 3 1077.0
2004 4 244.0
2004 5 404.0
2004 6 600.0
2004 7 392.0
2004 8 197.0
2004 9 348.0
2004 10 153.0
2004 11 131.0
2004 12 434.0
2005 1 1044.0
2005 2 525.0
2005 3 465.0
2005 4 211.0
2005 5 1608.0
2005 6 112.0
2005 7 733.0
2005 8 395.0
2005 9 19.0
2005 10 446.0
2005 11 847.0
2005 12 289.0
2006 1 258.0
2006 2 246.0
2006 3 299.0
2006 4 476.0
2006 5 419.0
2006 6 1161.0
2006 7 721.0
2006 8 1058.0
2006 9 464.0
2006 10 733.0
2006 11 144.0
2006 12 827.0
2007 1 498.0
2007 2 391.0
2007 3 56.0
2007 4 413.0
2007 5 455.0
2007 6 218.0
2007 7 369.0
2007 8 748.0
2007 9 555.0
2007 10 346.0
2007 11 794.0
2007 12 510.0
2008 1 447.0
2008 2 402.0
2008 3 234.0
2008 4 468.0
2008 5 134.0
2008 6 345.0
2008 7 247.0
2008 8 155.0
2008 9 104.0
2008 10 634.0
2008 11 473.0
2008 12 222.0
2009 1 424.0
2009 2 24.0
2009 3 229.0
2009 4 583.0
2009 5 138.0
2009 6 471.0
2009 7 381.0
2009 8 436.0
2009 9 169.0
2009 10 55.0
2009 11 285.0
2009 12 367.0
2010 1 185.0
2010 2 150.0
2010 3 364.0
2010 4 273.0
2010 5 452.0
2010 6 38.0
2010 7 86.0
2010 8 8.0
2010 9 186.0
2010 10 245.0
2010 11 115.0
2010 12 308.0
2011 1 475.0
2011 2 186.0
2011 3 192.0
2011 4 69.0
2011 5 33.0
2011 6 203.0
2011 7 60.0
2011 8 89.0
2011 9 246.0
2011 10 351.0
2011 11 279.0
2011 12 370.0
2012 1 323.0
2012 2 113.0
2012 3 450.0
2012 4 58.0
2012 5 385.0
2012 6 359.0
2012 7 383.0
2012 8 397.0
2012 9 47.0
2012 10 70.0
2012 11 347.0
2012 12 92.0
2013 1 213.0
2013 2 98.0
2013 3 121.0
2013 4 270.0
2013 5 325.0
2013 6 121.0
2013 7 110.0
2013 8 67.0
2013 9 244.0
2013 10 193.0
2013 11 189.0
2013 12 370.0
2014 1 265.0
2014 2 561.0
2014 3 548.0
2014 4 108.0
2014 5 143.0
2014 6 461.0
2014 7 278.0
2014 8 413.0
2014 9 257.0
2014 10 482.0
2014 11 80.0
2014 12 352.0
2015 1 165.0
2015 2 559.0
2015 3 103.0
2015 4 202.0
2015 5 295.0
2015 6 296.0
2015 7 96.0
2015 8 997.0
2015 9 108.0
2015 10 133.0
2015 11 292.0
2015 12 564.0
2016 1 375.0
2016 2 156.0
2016 3 140.0
2016 4 521.0
2016 5 84.0
2016 6 665.0
2016 7 105.0
2016 8 127.0
2016 9 367.0
2016 10 286.0
2016 11 169.0
2016 12 133.0
2017 1 197.0
2017 2 91.0
2017 3 161.0
2017 4 61.0
2017 5 124.0
2017 6 349.0
2017 7 174.0
2017 8 103.0
2017 9 445.0
2017 10 149.0
2017 11 121.0
2017 12 536.0
2018 1 191.0
2018 2 156.0
2018 3 141.0
2018 4 71.0
2018 5 258.0
2018 6 81.0
2018 7 120.0
2018 8 187.0
2018 9 62.0
2018 10 91.0
2018 11 127.0
2018 12 79.0
2019 1 90.0
2019 2 97.0
2019 3 85.0
2019 4 123.0
2019 5 137.0
2019 6 194.0
2019 7 308.0
2019 8 194.0
2019 9 334.0
2019 10 181.0
2019 11 120.0
2019 12 343.0
2020 1 245.0
2020 2 104.0
2020 3 84.0
2020 4 367.0
2020 5 216.0
2020 6 307.0
2020 7 532.0
2020 8 400.0
2020 9 169.0
2020 10 88.0
2020 11 84.0
2020 12 88.0
2021 1 347.0
2021 2 539.0
2021 3 227.0
2021 4 34.0
2021 5 88.0
2021 6 93.0
2021 7 396.0
2021 8 167.0
2021 9 410.0
2021 10 136.0
2021 11 154.0
2021 12 97.0
2022 1 113.0
2022 2 97.0
2022 3 531.0
2022 4 273.0
2022 5 248.0
2022 6 277.0
2022 7 403.0
2022 8 1252.0
2022 9 485.0
2022 10 325.0
2022 11 358.0
2022 12 287.0
2023 1 168.0
2023 2 512.0
2023 3 892.0
2023 4 176.0
2023 5 806.0
2023 6 232.0
2023 7 168.0
2023 8 236.0
2023 9 52.0
2023 10 38.0
2023 11 187.0
2023 12 642.0
2024 1 746.0
2024 2 79.0
2024 3 207.0
2024 4 132.0
2024 5 524.0
2024 6 121.0
2024 7 63.0
2024 8 253.0
