1960 9 16.0
1960 10 18.5
1960 11 21.0
1960 12 17.0
1961 1 13.0
1961 2 9.0
1961 3 5.0
1961 4 17.5
1961 5 30.0
1961 6 18.0
1961 7 6.0
1961 8 7.0
1961 9 6.5
1961 10 6.0
1961 11 6.5
1961 12 7.0
1962 1 7.5
1962 2 8.0
1962 3 8.5
1962 4 9.0
1962 5 29.5
1962 6 50.0
1962 7 53.0
1962 8 56.0
1962 9 7.0
1962 10 12.5
1962 11 18.0
1962 12 31.0
1963 1 44.0
1963 2 39.0
1963 3 34.0
1963 4 29.0
1963 5 24.0
1963 6 85.0
1963 7 52.0
1963 8 15.0
1963 9 42.0
1963 10 41.0
1963 11 39.42857142857143
1963 12 37.857142857142854
1964 1 36.285714285714285
1964 2 34.714285714285715
1964 3 33.142857142857146
1964 4 31.57142857142857
1964 5 30.0
1964 6 21.0
1964 7 57.0
1964 8 60.0
1964 9 20.0
1964 10 74.0
1964 11 24.0
1964 12 20.25
1965 1 16.5
1965 2 12.75
1965 3 9.0
1965 4 30.0
1965 5 71.0
1965 6 44.0
1965 7 61.0
1965 8 10.0
1965 9 57.0
1965 10 16.0
1965 11 6.0
1965 12 6.285714285714286
1966 1 6.571428571428571
1966 2 6.857142857142857
1966 3 7.142857142857142
1966 4 7.428571428571429
1966 5 7.714285714285714
1966 6 8.0
1966 7 10.0
1966 8 76.0
1966 9 70.66666666666667
1966 10 65.33333333333333
1966 11 60.0
1966 12 54.66666666666667
1967 1 49.333333333333336
1967 2 44.0
1967 3 38.66666666666667
1967 4 33.333333333333336
1967 5 28.0
1967 6 22.66666666666667
1967 7 17.333333333333336
1967 8 12.0
1967 9 9.0
1967 10 6.0
1967 11 12.0
1967 12 20.0
1968 1 20.666666666666668
1968 2 21.333333333333332
1968 3 22.0
1968 4 22.666666666666668
1968 5 23.333333333333332
1968 6 24.0
1968 7 40.0
1968 8 28.0
1968 9 24.166666666666668
1968 10 20.333333333333332
1968 11 16.5
1968 12 12.666666666666666
1969 1 8.833333333333332
1969 2 5.0
1969 3 20.0
1969 4 35.0
1969 5 9.0
1969 6 8.0
1969 7 132.0
1969 8 79.0
1969 9 39.0
1969 10 23.0
1969 11 6.0
1969 12 6.666666666666667
1970 1 7.333333333333333
1970 2 8.0
1970 3 32.0
1970 4 30.0
1970 5 28.0
1970 6 8.0
1970 7 43.0
1970 8 49.0
1970 9 46.0
1970 10 16.0
1970 11 78.0
1970 12 18.0
1971 1 13.0
1971 2 8.0
1971 3 46.0
1971 4 24.0
1971 5 117.0
1971 6 18.0
1971 7 37.0
1971 8 193.0
1971 9 86.0
1971 10 5.0
1971 11 7.5
1971 12 10.0
1972 1 4.0
1972 2 18.333333333333336
1972 3 32.66666666666667
1972 4 47.0
1972 5 187.0
1972 6 145.0
1972 7 104.0
1972 8 16.0
1972 9 220.0
1972 10 41.0
1972 11 22.0
1972 12 16.0
1973 1 17.0
1973 2 11.5
1973 3 6.0
1973 4 48.0
1973 5 15.0
1973 6 119.0
1973 7 22.0
1973 8 42.5
1973 9 63.0
1973 10 38.5
1973 11 14.0
1973 12 7.0
1974 1 21.0
1974 2 35.0
1974 3 49.0
1974 4 9.0
1974 5 27.0
1974 6 63.0
1974 7 139.0
1974 8 80.0
1974 9 5.0
1974 10 8.0
1974 11 31.0
1974 12 32.25
1975 1 33.5
1975 2 34.75
1975 3 36.0
1975 4 23.0
1975 5 116.0
1975 6 62.0
1975 7 148.0
1975 8 156.0
1975 9 335.0
1975 10 27.0
1975 11 33.0
1975 12 26.0
1976 1 19.0
1976 2 62.0
1976 3 36.0
1976 4 125.0
1976 5 105.0
1976 6 128.0
1976 7 124.0
1976 8 178.0
1976 9 189.0
1976 10 159.0
1976 11 154.0
1976 12 283.0
1977 1 101.0
1977 2 142.0
1977 3 177.0
1977 4 286.0
1977 5 390.0
1977 6 408.0
1977 7 239.0
1977 8 331.0
1977 9 280.0
1977 10 187.0
1977 11 163.0
1977 12 205.0
1978 1 106.0
1978 2 206.0
1978 3 171.0
1978 4 93.0
1978 5 347.0
1978 6 85.0
1978 7 138.0
1978 8 81.0
1978 9 14.0
1978 10 37.0
1978 11 40.0
1978 12 52.0
1979 1 138.0
1979 2 38.0
1979 3 46.0
1979 4 121.0
1979 5 99.0
1979 6 59.0
1979 7 12.0
1979 8 82.0
1979 9 21.0
1979 10 87.0
1979 11 12.0
1979 12 21.0
1980 1 11.0
1980 2 38.5
1980 3 66.0
1980 4 42.0
1980 5 33.0
1980 6 46.0
1980 7 11.0
1980 8 52.0
1980 9 47.0
1980 10 42.0
1980 11 7.0
1980 12 6.0
1981 1 24.0
1981 2 19.0
1981 3 20.0
1981 4 38.0
1981 5 44.0
1981 6 147.0
1981 7 28.0
1981 8 20.0
1981 9 228.0
1981 10 92.0
1981 11 46.0
1981 12 22.0
1982 1 17.0
1982 2 140.0
1982 3 19.0
1982 4 255.0
1982 5 39.0
1982 6 370.0
1982 7 209.0
1982 8 53.0
1982 9 419.0
1982 10 163.0
1982 11 132.0
1982 12 80.0
1983 1 39.0
1983 2 49.0
1983 3 609.0
1983 4 524.0
1983 5 413.0
1983 6 527.0
1983 7 428.0
1983 8 633.0
1983 9 93.0
1983 10 112.0
1983 11 63.0
1983 12 366.0
1984 1 279.5
1984 2 193.0
1984 3 249.0
1984 4 142.0
1984 5 148.0
1984 6 120.0
1984 7 98.0
1984 8 205.0
1984 9 108.0
1984 10 161.0
1984 11 14.0
1984 12 60.0
1985 1 10.0
1985 2 62.0
1985 3 186.0
1985 4 19.0
1985 5 167.0
1985 6 94.0
1985 7 80.0
1985 8 187.0
1985 9 28.0
1985 10 42.0
1985 11 29.0
1985 12 62.0
1986 1 6.0
1986 2 13.0
1986 3 5.0
1986 4 6.5
1986 5 8.0
1986 6 11.0
1986 7 14.0
1986 8 17.0
1986 9 20.0
1986 10 23.0
1986 11 26.0
1986 12 29.0
1987 1 66.66666666666666
1987 2 104.33333333333333
1987 3 142.0
1987 4 114.6
1987 5 87.2
1987 6 59.80000000000001
1987 7 32.400000000000006
1987 8 5.0
1987 9 5.0
1987 10 5.0
1987 11 5.0
1987 12 6.0
1988 1 7.0
1988 2 8.0
1988 3 9.0
1988 4 10.0
1988 5 11.0
1988 6 12.0
1988 7 13.0
1988 8 14.0
1988 9 15.0
1988 10 16.0
1988 11 17.0
1988 12 18.0
1989 1 19.0
1989 2 20.0
1989 3 21.0
1989 4 22.0
1989 5 23.0
1989 6 24.0
1989 7 23.952380952380953
1989 8 23.904761904761905
1989 9 23.857142857142858
1989 10 23.80952380952381
1989 11 23.761904761904763
1989 12 23.714285714285715
1990 1 23.666666666666668
1990 2 23.61904761904762
1990 3 23.571428571428573
1990 4 23.523809523809526
1990 5 23.476190476190474
1990 6 23.428571428571427
1990 7 23.38095238095238
1990 8 23.333333333333332
1990 9 23.285714285714285
1990 10 23.238095238095237
1990 11 23.19047619047619
1990 12 23.142857142857142
1991 1 23.095238095238095
1991 2 23.047619047619047
1991 3 23.0
1991 4 20.0
1991 5 17.0
1991 6 14.0
1991 7 11.0
1991 8 8.0
1991 9 5.0
1991 10 7.0
1991 11 6.333333333333333
1991 12 5.666666666666667
1992 1 5.0
1992 2 11.333333333333332
1992 3 17.666666666666664
1992 4 24.0
1992 5 30.333333333333332
1992 6 36.666666666666664
1992 7 43.0
1992 8 49.33333333333333
1992 9 55.666666666666664
1992 10 62.0
1992 11 68.33333333333333
1992 12 74.66666666666666
1993 1 81.0
1993 2 87.33333333333333
1993 3 93.66666666666666
1993 4 100.0
1993 5 30.0
1993 6 18.0
1993 7 6.0
1993 8 5.0
1993 9 5.333333333333333
1993 10 5.666666666666667
1993 11 6.0
1993 12 5.0
1994 1 60.666666666666664
1994 2 116.33333333333333
1994 3 172.0
1994 4 21.0
1994 5 7.0
1994 6 80.5
1994 7 154.0
1994 8 12.0
1994 9 13.0
1994 10 14.0
1994 11 15.0
1994 12 36.66666666666667
1995 1 58.333333333333336
1995 2 80.0
1995 3 49.0
1995 4 18.0
1995 5 56.0
1995 6 13.0
1995 7 20.0
1995 8 59.0
1995 9 16.0
1995 10 22.0
1995 11 21.0
1995 12 17.0
1996 1 14.0
1996 2 43.0
1996 3 21.0
1996 4 38.0
1996 5 30.0
1996 6 60.0
1996 7 170.0
1996 8 280.0
1996 9 31.0
1996 10 10.0
1996 11 5.0
1996 12 10.0
1997 1 15.0
1997 2 20.0
1997 3 25.0
1997 4 11.0
1997 5 63.0
1997 6 28.0
1997 7 33.0
1997 8 15.0
1997 9 11.0
1997 10 62.0
1997 11 12.0
1997 12 11.0
1998 1 7.0
1998 2 10.0
1998 3 7.0
1998 4 36.0
1998 5 54.0
1998 6 46.0
1998 7 33.0
1998 8 16.0
1998 9 22.0
1998 10 7.0
1998 11 58.0
1998 12 7.0
1999 1 6.0
1999 2 179.0
1999 3 6.0
1999 4 44.0
1999 5 115.0
1999 6 186.0
1999 7 27.0
1999 8 6.0
1999 9 6.0
1999 10 6.0
1999 11 16.0
1999 12 6.0
2000 1 6.0
2000 2 7.0
2000 3 27.0
2000 4 47.0
2000 5 26.0
2000 6 48.0
2000 7 38.0
2000 8 28.0
2000 9 58.0
2000 10 6.0
2000 11 14.833333333333334
2000 12 23.666666666666668
2001 1 32.5
2001 2 41.333333333333336
2001 3 50.16666666666667
2001 4 59.0
2001 5 17.0
2001 6 11.0
2001 7 62.0
2001 8 122.0
2001 9 5.0
2001 10 5.0
2001 11 7.75
2001 12 10.5
2002 1 13.25
2002 2 16.0
2002 3 102.0
2002 4 22.0
2002 5 58.0
2002 6 43.5
2002 7 29.0
2002 8 18.0
2002 9 81.0
2002 10 56.0
2002 11 31.0
2002 12 6.0
2003 1 42.5
2003 2 79.0
2003 3 65.33333333333333
2003 4 51.66666666666667
2003 5 38.0
2003 6 204.0
2003 7 36.0
2003 8 6.0
2003 9 35.0
2003 10 86.0
2003 11 107.0
2003 12 128.0
2004 1 92.0
2004 2 56.0
2004 3 20.0
2004 4 102.0
2004 5 138.0
2004 6 38.0
2004 7 24.0
2004 8 15.0
2004 9 107.0
2004 10 52.0
2004 11 36.0
2004 12 102.0
2005 1 83.66666666666667
2005 2 65.33333333333334
2005 3 47.0
2005 4 189.0
2005 5 5.0
2005 6 46.0
2005 7 42.0
2005 8 10.0
2005 9 60.0
2005 10 5.0
2005 11 11.0
2005 12 69.0
2006 1 117.0
2006 2 165.0
2006 3 63.0
2006 4 62.0
2006 5 210.0
2006 6 55.0
2006 7 7.0
2006 8 205.0
2006 9 5.0
2006 10 5.25
2006 11 5.5
2006 12 5.75
2007 1 6.0
2007 2 70.0
2007 3 5.0
2007 4 41.0
2007 5 18.0
2007 6 37.0
2007 7 42.0
2007 8 66.0
2007 9 43.0
2007 10 6.0
2007 11 83.0
2007 12 57.5
2008 1 32.0
2008 2 16.0
2008 3 16.0
2008 4 12.5
2008 5 9.0
2008 6 10.0
2008 7 13.0
2008 8 16.0
2008 9 26.0
2008 10 19.0
2008 11 12.0
2008 12 13.2
2009 1 14.4
2009 2 15.6
2009 3 16.8
2009 4 18.0
2009 5 138.0
2009 6 104.75
2009 7 71.5
2009 8 38.25
2009 9 5.0
2009 10 8.0
2009 11 8.666666666666666
2009 12 9.333333333333334
2010 1 10.0
2010 2 10.666666666666666
2010 3 11.333333333333332
2010 4 12.0
2010 5 20.0
2010 6 26.0
2010 7 29.5
2010 8 33.0
2010 9 29.166666666666668
2010 10 25.333333333333332
2010 11 21.5
2010 12 17.666666666666664
2011 1 13.833333333333332
2011 2 10.0
2011 3 27.5
2011 4 45.0
2011 5 6.0
2011 6 18.0
2011 7 30.0
2011 8 22.0
2011 9 14.0
2011 10 6.0
2011 11 6.714285714285714
2011 12 7.428571428571429
2012 1 8.142857142857142
2012 2 8.857142857142858
2012 3 9.571428571428571
2012 4 10.285714285714285
2012 5 11.0
2012 6 20.5
2012 7 30.0
2012 8 15.0
2012 9 20.0
2012 10 36.0
2012 11 6.0
2012 12 7.75
2013 1 9.5
2013 2 11.25
2013 3 13.0
2013 4 11.0
2013 5 5.0
2013 6 13.0
2013 7 23.0
2013 8 13.0
2013 9 7.0
2013 10 11.714285714285715
2013 11 16.42857142857143
2013 12 21.142857142857142
2014 1 25.857142857142858
2014 2 30.571428571428573
2014 3 35.285714285714285
2014 4 40.0
2014 5 36.666666666666664
2014 6 33.333333333333336
2014 7 30.0
2014 8 12.0
2014 9 25.0
2014 10 60.0
2014 11 52.666666666666664
2014 12 45.333333333333336
2015 1 38.0
2015 2 30.666666666666668
2015 3 23.333333333333336
2015 4 16.0
2015 5 13.0
2015 6 22.0
2015 7 15.0
2015 8 16.0
2015 9 17.0
2015 10 21.0
2015 11 18.0
2015 12 17.0
2016 1 16.0
2016 2 16.0
2016 3 13.0
2016 4 53.0
2016 5 52.0
2016 6 14.0
2016 7 15.0
2016 8 12.0
2016 9 65.0
2016 10 16.0
2016 11 16.0
2016 12 16.0
2017 1 10.0
2017 2 7.0
2017 3 14.0
2017 4 51.0
2017 5 13.0
2017 6 20.0
2017 7 18.0
2017 8 39.0
2017 9 14.0
2017 10 18.0
2017 11 23.0
2017 12 15.0
2018 1 14.0
2018 2 14.0
2018 3 19.0
2018 4 13.0
2018 5 37.0
2018 6 57.0
2018 7 10.0
2018 8 41.0
2018 9 18.0
2018 10 13.0
2018 11 13.0
2018 12 24.0
2019 1 13.0
2019 2 8.0
2019 3 13.0
2019 4 20.0
2019 5 69.0
2019 6 23.0
2019 7 34.0
2019 8 45.0
2019 9 95.0
2019 10 17.0
2019 11 27.0
2019 12 30.0
2020 1 14.0
2020 2 10.0
2020 3 11.0
2020 4 12.0
2020 5 12.0
2020 6 27.0
2020 7 13.0
2020 8 11.0
2020 9 11.0
2020 10 11.0
2020 11 12.0
2020 12 21.0
2021 1 16.0
2021 2 13.0
2021 3 15.0
2021 4 30.0
2021 5 22.0
2021 6 29.0
2021 7 23.0
2021 8 34.0
2021 9 18.0
2021 10 29.0
2021 11 25.0
2021 12 30.0
2022 1 24.0
2022 2 30.0
2022 3 24.0
2022 4 29.0
2022 5 24.0
2022 6 28.0
2022 7 20.0
2022 8 20.0
2022 9 24.0
2022 10 17.0
2022 11 15.0
2022 12 23.0
2023 1 49.0
2023 2 23.0
2023 3 46.0
2023 4 44.0
2023 5 42.0
2023 6 40.0
2023 7 45.0
2023 8 30.5
2023 9 16.0
2023 10 32.0
2023 11 28.0
2023 12 23.6
2024 1 19.2
2024 2 14.799999999999999
2024 3 10.399999999999999
2024 4 6.0
2024 5 142.0
2024 6 5.0
