1960 5 51.0
1960 6 72.0
1960 7 23.0
1960 8 53.0
1960 9 45.0
1960 10 29.0
1960 11 30.0
1960 12 6.0
1961 1 4.0
1961 2 4.0
1961 3 15.0
1961 4 12.0
1961 5 64.0
1961 6 40.0
1961 7 33.0
1961 8 39.0
1961 9 33.0
1961 10 26.0
1961 11 12.0
1961 12 2.0
1962 1 2.0
1962 2 1.0
1962 3 2.0
1962 4 43.0
1962 5 49.0
1962 6 99.0
1962 7 53.0
1962 8 110.0
1962 9 58.0
1962 10 28.0
1962 11 28.0
1962 12 1.0
1963 1 46.0
1963 2 3.0
1963 3 6.0
1963 4 15.0
1963 5 113.0
1963 6 169.0
1963 7 103.0
1963 8 61.0
1963 9 128.0
1963 10 93.0
1963 11 6.0
1963 12 16.0
1964 1 3.0
1964 2 3.0
1964 3 3.0
1964 4 13.0
1964 5 93.0
1964 6 84.0
1964 7 103.0
1964 8 105.0
1964 9 80.0
1964 10 113.0
1964 11 42.0
1964 12 2.0
1965 1 2.0
1965 2 8.0
1965 3 12.0
1965 4 64.0
1965 5 119.0
1965 6 122.0
1965 7 121.0
1965 8 52.0
1965 9 134.0
1965 10 39.0
1965 11 12.0
1965 12 2.0
1966 1 1.0
1966 2 1.5
1966 3 2.0
1966 4 24.0
1966 5 37.0
1966 6 65.0
1966 7 29.0
1966 8 80.0
1966 9 48.0
1966 10 14.0
1966 11 8.0
1966 12 5.666666666666666
1967 1 3.333333333333333
1967 2 1.0
1967 3 5.0
1967 4 23.0
1967 5 61.0
1967 6 54.0
1967 7 39.0
1967 8 66.0
1967 9 91.0
1967 10 36.0
1967 11 21.0
1967 12 47.0
1968 1 10.0
1968 2 3.0
1968 3 9.0
1968 4 17.0
1968 5 133.0
1968 6 149.0
1968 7 137.0
1968 8 120.0
1968 9 87.0
1968 10 89.0
1968 11 21.0
1968 12 5.0
1969 1 6.0
1969 2 21.0
1969 3 20.0
1969 4 128.0
1969 5 126.0
1969 6 170.0
1969 7 285.0
1969 8 212.0
1969 9 206.0
1969 10 197.0
1969 11 67.0
1969 12 31.0
1970 1 10.0
1970 2 34.0
1970 3 78.0
1970 4 231.0
1970 5 170.0
1970 6 177.0
1970 7 237.0
1970 8 169.0
1970 9 244.0
1970 10 148.0
1970 11 130.0
1970 12 28.0
1971 1 6.0
1971 2 26.0
1971 3 81.0
1971 4 110.0
1971 5 319.0
1971 6 282.0
1971 7 203.0
1971 8 291.0
1971 9 247.0
1971 10 110.0
1971 11 66.0
1971 12 52.0
1972 1 19.0
1972 2 9.0
1972 3 28.0
1972 4 119.0
1972 5 355.0
1972 6 352.0
1972 7 402.0
1972 8 278.0
1972 9 475.0
1972 10 168.0
1972 11 79.0
1972 12 33.0
1973 1 44.0
1973 2 22.0
1973 3 82.0
1973 4 177.0
1973 5 250.0
1973 6 381.0
1973 7 132.0
1973 8 137.0
1973 9 172.0
1973 10 116.0
1973 11 78.0
1973 12 32.0
1974 1 44.0
1974 2 37.0
1974 3 88.0
1974 4 218.0
1974 5 201.0
1974 6 238.0
1974 7 407.0
1974 8 204.0
1974 9 141.0
1974 10 66.0
1974 11 92.0
1974 12 46.0
1975 1 29.0
1975 2 33.0
1975 3 144.0
1975 4 131.0
1975 5 398.0
1975 6 358.0
1975 7 379.0
1975 8 337.0
1975 9 473.0
1975 10 175.0
1975 11 77.0
1975 12 37.0
1976 1 130.0
1976 2 113.0
1976 3 183.0
1976 4 314.0
1976 5 316.0
1976 6 383.0
1976 7 337.0
1976 8 402.0
1976 9 422.0
1976 10 324.0
1976 11 359.0
1976 12 460.0
1977 1 254.0
1977 2 335.0
1977 3 446.0
1977 4 569.0
1977 5 708.0
1977 6 704.0
1977 7 520.0
1977 8 690.0
1977 9 616.0
1977 10 451.0
1977 11 262.0
1977 12 368.0
1978 1 222.0
1978 2 367.0
1978 3 300.0
1978 4 439.0
1978 5 727.0
1978 6 498.0
1978 7 448.0
1978 8 540.0
1978 9 487.0
1978 10 399.0
1978 11 106.0
1978 12 113.0
1979 1 297.0
1979 2 67.0
1979 3 134.0
1979 4 303.0
1979 5 394.0
1979 6 368.0
1979 7 236.0
1979 8 368.0
1979 9 205.0
1979 10 370.0
1979 11 81.0
1979 12 61.0
1980 1 49.0
1980 2 42.0
1980 3 128.0
1980 4 181.0
1980 5 186.0
1980 6 225.0
1980 7 302.0
1980 8 204.0
1980 9 218.0
1980 10 192.0
1980 11 91.0
1980 12 51.0
1981 1 96.0
1981 2 85.0
1981 3 139.0
1981 4 221.0
1981 5 260.0
1981 6 682.0
1981 7 220.0
1981 8 176.0
1981 9 564.0
1981 10 343.0
1981 11 145.0
1981 12 67.0
1982 1 64.0
1982 2 222.0
1982 3 129.0
1982 4 834.0
1982 5 354.0
1982 6 891.0
1982 7 773.0
1982 8 361.0
1982 9 1107.0
1982 10 808.0
1982 11 247.0
1982 12 385.0
1983 1 319.0
1983 2 335.0
1983 3 1449.0
1983 4 1418.0
1983 5 1469.0
1983 6 1525.0
1983 7 1293.0
1983 8 1476.0
1983 9 909.0
1983 10 504.0
1983 11 307.0
1983 12 1035.0
1984 1 163.0
1984 2 346.0
1984 3 745.0
1984 4 768.0
1984 5 917.0
1984 6 675.0
1984 7 352.0
1984 8 794.0
1984 9 578.0
1984 10 601.0
1984 11 272.0
1984 12 173.0
1985 1 202.0
1985 2 150.0
1985 3 371.0
1985 4 293.0
1985 5 656.0
1985 6 456.0
1985 7 468.0
1985 8 556.0
1985 9 321.0
1985 10 343.0
1985 11 200.0
1985 12 138.0
1986 1 83.0
1986 2 119.0
1986 3 152.0
1986 4 172.0
1986 5 175.0
1986 6 138.0
1986 7 183.0
1986 8 106.0
1986 9 104.0
1986 10 84.0
1986 11 36.0
1986 12 70.0
1987 1 25.0
1987 2 28.0
1987 3 190.0
1987 4 96.0
1987 5 125.0
1987 6 55.0
1987 7 60.0
1987 8 65.0
1987 9 47.0
1987 10 52.0
1987 11 39.0
1987 12 16.0
1988 1 20.0
1988 2 27.0
1988 3 29.0
1988 4 48.0
1988 5 60.0
1988 6 85.0
1988 7 221.0
1988 8 80.0
1988 9 114.0
1988 10 58.0
1988 11 35.0
1988 12 31.0
1989 1 17.0
1989 2 32.0
1989 3 45.0
1989 4 67.0
1989 5 70.0
1989 6 103.0
1989 7 57.0
1989 8 75.0
1989 9 60.0
1989 10 79.0
1989 11 28.0
1989 12 15.0
1990 1 19.0
1990 2 22.0
1990 3 42.0
1990 4 81.0
1990 5 123.0
1990 6 85.0
1990 7 99.0
1990 8 93.0
1990 9 101.0
1990 10 84.0
1990 11 35.0
1990 12 45.0
1991 1 39.0
1991 2 50.0
1991 3 117.0
1991 4 102.0
1991 5 127.0
1991 6 104.0
1991 7 122.0
1991 8 103.0
1991 9 87.0
1991 10 80.0
1991 11 40.0
1991 12 36.0
1992 1 37.0
1992 2 38.0
1992 3 78.0
1992 4 115.0
1992 5 124.0
1992 6 147.0
1992 7 116.0
1992 8 109.0
1992 9 116.0
1992 10 82.0
1992 11 54.0
1992 12 46.0
1993 1 44.0
1993 2 68.0
1993 3 142.0
1993 4 269.0
1993 5 227.0
1993 6 144.0
1993 7 155.0
1993 8 166.0
1993 9 159.0
1993 10 121.0
1993 11 77.0
1993 12 76.0
1994 1 51.0
1994 2 121.0
1994 3 281.0
1994 4 223.0
1994 5 292.0
1994 6 198.0
1994 7 295.0
1994 8 164.0
1994 9 148.0
1994 10 134.0
1994 11 66.0
1994 12 59.0
1995 1 73.0
1995 2 176.0
1995 3 112.0
1995 4 236.0
1995 5 283.0
1995 6 230.0
1995 7 221.0
1995 8 297.0
1995 9 253.0
1995 10 229.0
1995 11 136.0
1995 12 86.0
1996 1 84.0
1996 2 124.0
1996 3 136.0
1996 4 257.0
1996 5 369.0
1996 6 280.0
1996 7 254.0
1996 8 542.0
1996 9 233.0
1996 10 173.0
1996 11 91.0
1996 12 77.0
1997 1 69.0
1997 2 115.0
1997 3 214.0
1997 4 271.0
1997 5 340.0
1997 6 255.0
1997 7 258.0
1997 8 258.0
1997 9 347.0
1997 10 216.0
1997 11 130.0
1997 12 73.0
1998 1 93.0
1998 2 129.0
1998 3 191.0
1998 4 344.0
1998 5 309.0
1998 6 411.0
1998 7 327.0
1998 8 268.0
1998 9 223.0
1998 10 219.0
1998 11 164.0
1998 12 124.0
1999 1 87.0
1999 2 245.0
1999 3 164.0
1999 4 234.0
1999 5 295.0
1999 6 397.0
1999 7 227.0
1999 8 205.0
1999 9 204.0
1999 10 128.0
1999 11 83.0
1999 12 56.0
2000 1 91.0
2000 2 84.0
2000 3 150.0
2000 4 220.0
2000 5 291.0
2000 6 230.0
2000 7 205.0
2000 8 252.0
2000 9 220.0
2000 10 201.0
2000 11 86.0
2000 12 87.0
2001 1 128.0
2001 2 168.0
2001 3 198.0
2001 4 338.0
2001 5 343.0
2001 6 318.0
2001 7 364.0
2001 8 349.0
2001 9 244.0
2001 10 245.0
2001 11 194.0
2001 12 105.0
2002 1 156.0
2002 2 136.0
2002 3 375.0
2002 4 189.0
2002 5 365.0
2002 6 343.0
2002 7 271.0
2002 8 272.0
2002 9 428.0
2002 10 255.0
2002 11 138.0
2002 12 110.0
2003 1 77.0
2003 2 234.0
2003 3 151.0
2003 4 363.0
2003 5 724.0
2003 6 446.0
2003 7 249.0
2003 8 254.0
2003 9 364.0
2003 10 329.0
2003 11 129.0
2003 12 233.0
2004 1 91.0
2004 2 99.0
2004 3 198.0
2004 4 422.0
2004 5 647.0
2004 6 305.0
2004 7 287.0
2004 8 261.0
2004 9 331.0
2004 10 192.0
2004 11 139.0
2004 12 213.0
2005 1 90.0
2005 2 104.0
2005 3 321.0
2005 4 434.0
2005 5 302.0
2005 6 357.0
2005 7 245.0
2005 8 248.0
2005 9 308.0
2005 10 199.0
2005 11 134.0
2005 12 282.0
2006 1 94.0
2006 2 243.0
2006 3 238.0
2006 4 314.0
2006 5 514.0
2006 6 334.0
2006 7 195.0
2006 8 395.0
2006 9 216.0
2006 10 174.0
2006 11 75.0
2006 12 48.0
2007 1 80.0
2007 2 168.0
2007 3 106.0
2007 4 233.0
2007 5 288.0
2007 6 159.0
2007 7 170.0
2007 8 196.0
2007 9 128.0
2007 10 122.0
2007 11 146.0
2007 12 41.0
2008 1 78.0
2008 2 62.0
2008 3 75.0
2008 4 91.0
2008 5 112.0
2008 6 109.0
2008 7 96.0
2008 8 82.0
2008 9 96.0
2008 10 46.0
2008 11 40.0
2008 12 21.0
2009 1 15.0
2009 2 20.0
2009 3 43.0
2009 4 73.0
2009 5 211.0
2009 6 93.0
2009 7 91.0
2009 8 94.0
2009 9 93.0
2009 10 60.0
2009 11 35.0
2009 12 32.0
2010 1 24.0
2010 2 45.0
2010 3 46.0
2010 4 100.0
2010 5 157.0
2010 6 109.0
2010 7 91.0
2010 8 127.0
2010 9 87.0
2010 10 53.0
2010 11 37.0
2010 12 28.0
2011 1 54.0
2011 2 41.0
2011 3 41.0
2011 4 153.0
2011 5 83.0
2011 6 95.0
2011 7 112.0
2011 8 83.0
2011 9 69.0
2011 10 50.0
2011 11 35.0
2011 12 27.0
2012 1 34.0
2012 2 39.0
2012 3 56.0
2012 4 101.0
2012 5 106.0
2012 6 163.0
2012 7 114.0
2012 8 84.0
2012 9 130.0
2012 10 99.0
2012 11 68.0
2012 12 26.0
2013 1 56.0
2013 2 56.0
2013 3 96.0
2013 4 127.0
2013 5 129.0
2013 6 130.0
2013 7 113.0
2013 8 85.0
2013 9 126.0
2013 10 87.0
2013 11 58.0
2013 12 35.0
2014 1 79.0
2014 2 57.0
2014 3 95.0
2014 4 132.0
2014 5 145.0
2014 6 111.0
2014 7 130.0
2014 8 106.0
2014 9 121.0
2014 10 145.0
2014 11 62.0
2014 12 65.0
2015 1 54.0
2015 2 61.0
2015 3 83.0
2015 4 133.0
2015 5 116.0
2015 6 160.0
2015 7 128.0
2015 8 122.0
2015 9 114.0
2015 10 137.0
2015 11 79.0
2015 12 95.0
2016 1 90.0
2016 2 107.0
2016 3 125.0
2016 4 156.0
2016 5 177.0
2016 6 137.0
2016 7 121.0
2016 8 123.0
2016 9 168.0
2016 10 117.0
2016 11 99.0
2016 12 94.0
2017 1 70.0
2017 2 93.0
2017 3 105.0
2017 4 182.0
2017 5 164.0
2017 6 185.0
2017 7 119.0
2017 8 171.0
2017 9 122.0
2017 10 133.0
2017 11 114.0
2017 12 105.0
2018 1 111.0
2018 2 111.0
2018 3 140.0
2018 4 129.0
2018 5 186.0
2018 6 221.0
2018 7 133.0
2018 8 165.0
2018 9 128.0
2018 10 129.0
2018 11 106.0
2018 12 136.0
2019 1 90.0
2019 2 88.0
2019 3 120.0
2019 4 150.0
2019 5 192.0
2019 6 139.0
2019 7 182.0
2019 8 186.0
2019 9 193.0
2019 10 130.0
2019 11 115.0
2019 12 117.0
2020 1 109.0
2020 2 114.0
2020 3 42.0
2020 4 98.0
2020 5 113.0
2020 6 147.0
2020 7 135.0
2020 8 162.0
2020 9 142.0
2020 10 149.0
2020 11 124.0
2020 12 135.0
2021 1 111.0
2021 2 115.0
2021 3 145.0
2021 4 166.0
2021 5 138.0
2021 6 157.0
2021 7 146.0
2021 8 145.0
2021 9 132.0
2021 10 125.0
2021 11 114.0
2021 12 106.0
2022 1 109.0
2022 2 128.0
2022 3 149.0
2022 4 152.0
2022 5 148.0
2022 6 128.0
2022 7 110.0
2022 8 134.0
2022 9 131.0
2022 10 89.0
2022 11 68.0
2022 12 70.0
2023 1 101.0
2023 2 80.0
2023 3 122.0
2023 4 41.0
2023 5 55.0
2023 6 94.0
2023 7 111.0
2023 8 44.0
2023 9 64.0
2023 10 82.0
2023 11 52.0
2023 12 24.0
2024 1 26.0
2024 2 35.0
2024 3 45.0
2024 4 64.0
2024 5 213.0
2024 6 75.0
2024 7 57.0
2024 8 64.0
