1960 5 45.0
1960 6 70.0
1960 7 19.0
1960 8 53.0
1960 9 23.0
1960 10 29.0
1960 11 9.0
1960 12 6.0
1961 1 5.0
1961 2 4.0
1961 3 10.0
1961 4 12.0
1961 5 21.0
1961 6 32.0
1961 7 20.0
1961 8 30.0
1961 9 23.0
1961 10 14.0
1961 11 12.0
1961 12 2.0
1962 1 2.0
1962 2 1.0
1962 3 2.0
1962 4 32.0
1962 5 27.0
1962 6 39.0
1962 7 31.0
1962 8 24.0
1962 9 15.0
1962 10 22.0
1962 11 6.0
1962 12 1.0
1963 1 2.0
1963 2 3.0
1963 3 2.0
1963 4 5.0
1963 5 75.0
1963 6 62.0
1963 7 25.0
1963 8 33.0
1963 9 34.0
1963 10 18.0
1963 11 4.0
1963 12 2.0
1964 1 1.0
1964 2 1.0
1964 3 1.0
1964 4 3.0
1964 5 53.0
1964 6 37.0
1964 7 32.0
1964 8 27.0
1964 9 44.0
1964 10 21.0
1964 11 12.0
1964 12 9.75
1965 1 7.5
1965 2 5.25
1965 3 3.0
1965 4 20.0
1965 5 24.0
1965 6 30.0
1965 7 38.0
1965 8 26.0
1965 9 33.0
1965 10 11.0
1965 11 4.0
1965 12 2.5
1966 1 1.0
1966 2 1.5
1966 3 2.0
1966 4 24.0
1966 5 15.0
1966 6 39.0
1966 7 19.0
1966 8 2.0
1966 9 36.0
1966 10 8.0
1966 11 5.0
1966 12 3.666666666666667
1967 1 2.3333333333333335
1967 2 1.0
1967 3 5.0
1967 4 19.0
1967 5 51.0
1967 6 38.0
1967 7 29.0
1967 8 38.0
1967 9 67.0
1967 10 20.0
1967 11 9.0
1967 12 1.0
1968 1 2.0
1968 2 3.0
1968 3 5.0
1968 4 13.0
1968 5 97.0
1968 6 89.0
1968 7 63.0
1968 8 61.0
1968 9 35.0
1968 10 44.0
1968 11 11.0
1968 12 3.0
1969 1 4.0
1969 2 10.0
1969 3 11.0
1969 4 49.0
1969 5 87.0
1969 6 114.0
1969 7 102.0
1969 8 62.0
1969 9 75.0
1969 10 76.0
1969 11 23.0
1969 12 7.0
1970 1 2.0
1970 2 24.0
1970 3 28.0
1970 4 107.0
1970 5 106.0
1970 6 116.0
1970 7 138.0
1970 8 64.0
1970 9 141.0
1970 10 57.0
1970 11 32.0
1970 12 8.0
1971 1 6.0
1971 2 8.0
1971 3 19.0
1971 4 69.0
1971 5 144.0
1971 6 187.0
1971 7 109.0
1971 8 70.0
1971 9 124.0
1971 10 81.0
1971 11 54.0
1971 12 30.0
1972 1 15.0
1972 2 9.0
1972 3 28.0
1972 4 48.0
1972 5 124.0
1972 6 173.0
1972 7 224.0
1972 8 178.0
1972 9 144.0
1972 10 69.0
1972 11 31.0
1972 12 13.0
1973 1 14.0
1973 2 22.0
1973 3 58.0
1973 4 97.0
1973 5 177.0
1973 6 158.0
1973 7 83.0
1973 8 105.0
1973 9 75.0
1973 10 102.0
1973 11 48.0
1973 12 15.0
1974 1 40.0
1974 2 31.0
1974 3 35.0
1974 4 157.0
1974 5 156.0
1974 6 152.0
1974 7 161.0
1974 8 108.0
1974 9 124.0
1974 10 40.0
1974 11 53.0
1974 12 30.0
1975 1 23.0
1975 2 31.0
1975 3 100.0
1975 4 100.0
1975 5 222.0
1975 6 219.0
1975 7 116.0
1975 8 120.0
1975 9 95.0
1975 10 109.0
1975 11 23.0
1975 12 29.0
1976 1 81.0
1976 2 37.0
1976 3 103.0
1976 4 124.0
1976 5 147.0
1976 6 172.0
1976 7 152.0
1976 8 152.0
1976 9 157.0
1976 10 95.0
1976 11 123.0
1976 12 93.0
1977 1 96.0
1977 2 116.0
1977 3 154.0
1977 4 235.0
1977 5 242.0
1977 6 222.0
1977 7 215.0
1977 8 277.0
1977 9 274.0
1977 10 191.0
1977 11 63.0
1977 12 108.0
1978 1 49.0
1978 2 126.0
1978 3 109.0
1978 4 272.0
1978 5 281.0
1978 6 357.0
1978 7 242.0
1978 8 329.0
1978 9 267.0
1978 10 233.0
1978 11 52.0
1978 12 51.0
1979 1 114.0
1979 2 27.0
1979 3 82.0
1979 4 149.0
1979 5 241.0
1979 6 242.0
1979 7 157.0
1979 8 217.0
1979 9 156.0
1979 10 211.0
1979 11 59.0
1979 12 36.0
1980 1 29.0
1980 2 36.0
1980 3 49.0
1980 4 106.0
1980 5 113.0
1980 6 138.0
1980 7 247.0
1980 8 128.0
1980 9 143.0
1980 10 127.0
1980 11 74.0
1980 12 37.0
1981 1 60.0
1981 2 50.0
1981 3 89.0
1981 4 141.0
1981 5 172.0
1981 6 372.0
1981 7 152.0
1981 8 134.0
1981 9 243.0
1981 10 203.0
1981 11 86.0
1981 12 35.0
1982 1 38.0
1982 2 76.0
1982 3 85.0
1982 4 441.0
1982 5 245.0
1982 6 428.0
1982 7 412.0
1982 8 238.0
1982 9 414.0
1982 10 513.0
1982 11 99.0
1982 12 255.0
1983 1 234.0
1983 2 254.0
1983 3 483.0
1983 4 604.0
1983 5 736.0
1983 6 672.0
1983 7 630.0
1983 8 482.0
1983 9 530.0
1983 10 243.0
1983 11 159.0
1983 12 492.0
1984 1 98.0
1984 2 83.0
1984 3 293.0
1984 4 417.0
1984 5 507.0
1984 6 423.0
1984 7 112.0
1984 8 459.0
1984 9 345.0
1984 10 323.0
1984 11 190.0
1984 12 81.0
1985 1 120.0
1985 2 60.0
1985 3 113.0
1985 4 155.0
1985 5 364.0
1985 6 271.0
1985 7 302.0
1985 8 286.0
1985 9 238.0
1985 10 158.0
1985 11 124.0
1985 12 63.0
1986 1 61.0
1986 2 72.0
1986 3 119.0
1986 4 101.0
1986 5 145.0
1986 6 122.0
1986 7 107.0
1986 8 92.0
1986 9 77.0
1986 10 76.0
1986 11 25.0
1986 12 27.0
1987 1 19.0
1987 2 23.0
1987 3 34.0
1987 4 42.0
1987 5 40.0
1987 6 55.0
1987 7 53.0
1987 8 55.0
1987 9 37.0
1987 10 44.0
1987 11 27.0
1987 12 13.0
1988 1 17.0
1988 2 22.0
1988 3 24.0
1988 4 37.0
1988 5 47.0
1988 6 65.0
1988 7 53.0
1988 8 65.0
1988 9 84.0
1988 10 37.0
1988 11 19.0
1988 12 21.0
1989 1 11.0
1989 2 18.0
1989 3 29.0
1989 4 42.0
1989 5 49.0
1989 6 67.0
1989 7 40.0
1989 8 50.0
1989 9 43.0
1989 10 54.0
1989 11 23.0
1989 12 15.0
1990 1 17.0
1990 2 20.0
1990 3 38.0
1990 4 63.0
1990 5 103.0
1990 6 69.0
1990 7 78.0
1990 8 77.0
1990 9 82.0
1990 10 61.0
1990 11 26.0
1990 12 16.0
1991 1 24.0
1991 2 35.0
1991 3 76.0
1991 4 96.0
1991 5 123.0
1991 6 98.0
1991 7 118.0
1991 8 95.0
1991 9 80.0
1991 10 55.0
1991 11 31.0
1991 12 34.0
1992 1 30.0
1992 2 38.0
1992 3 76.0
1992 4 105.0
1992 5 113.0
1992 6 139.0
1992 7 104.0
1992 8 92.0
1992 9 107.0
1992 10 75.0
1992 11 48.0
1992 12 43.0
1993 1 38.0
1993 2 60.0
1993 3 135.0
1993 4 157.0
1993 5 133.0
1993 6 140.0
1993 7 138.0
1993 8 155.0
1993 9 153.0
1993 10 117.0
1993 11 65.0
1993 12 66.0
1994 1 43.0
1994 2 114.0
1994 3 102.0
1994 4 185.0
1994 5 259.0
1994 6 177.0
1994 7 135.0
1994 8 146.0
1994 9 134.0
1994 10 113.0
1994 11 44.0
1994 12 49.0
1995 1 71.0
1995 2 90.0
1995 3 96.0
1995 4 204.0
1995 5 202.0
1995 6 207.0
1995 7 167.0
1995 8 203.0
1995 9 166.0
1995 10 187.0
1995 11 96.0
1995 12 61.0
1996 1 60.0
1996 2 72.0
1996 3 102.0
1996 4 194.0
1996 5 276.0
1996 6 188.0
1996 7 209.0
1996 8 243.0
1996 9 184.0
1996 10 133.0
1996 11 76.0
1996 12 63.0
1997 1 63.0
1997 2 100.0
1997 3 162.0
1997 4 225.0
1997 5 267.0
1997 6 190.0
1997 7 182.0
1997 8 170.0
1997 9 260.0
1997 10 132.0
1997 11 103.0
1997 12 49.0
1998 1 72.0
1998 2 106.0
1998 3 169.0
1998 4 282.0
1998 5 239.0
1998 6 195.0
1998 7 235.0
1998 8 213.0
1998 9 171.0
1998 10 157.0
1998 11 96.0
1998 12 81.0
1999 1 60.0
1999 2 55.0
1999 3 121.0
1999 4 154.0
1999 5 250.0
1999 6 189.0
1999 7 182.0
1999 8 158.0
1999 9 169.0
1999 10 104.0
1999 11 63.0
1999 12 42.0
2000 1 72.0
2000 2 69.0
2000 3 140.0
2000 4 139.0
2000 5 205.0
2000 6 163.0
2000 7 183.0
2000 8 177.0
2000 9 146.0
2000 10 135.0
2000 11 74.0
2000 12 66.0
2001 1 78.0
2001 2 100.0
2001 3 146.0
2001 4 191.0
2001 5 216.0
2001 6 221.0
2001 7 214.0
2001 8 166.0
2001 9 119.0
2001 10 168.0
2001 11 138.0
2001 12 89.0
2002 1 114.0
2002 2 94.0
2002 3 179.0
2002 4 135.0
2002 5 215.0
2002 6 181.0
2002 7 178.0
2002 8 148.0
2002 9 191.0
2002 10 155.0
2002 11 81.0
2002 12 74.0
2003 1 45.0
2003 2 101.0
2003 3 126.0
2003 4 191.0
2003 5 322.0
2003 6 146.0
2003 7 170.0
2003 8 165.0
2003 9 140.0
2003 10 165.0
2003 11 91.0
2003 12 93.0
2004 1 73.0
2004 2 87.0
2004 3 146.0
2004 4 250.0
2004 5 206.0
2004 6 220.0
2004 7 209.0
2004 8 198.0
2004 9 172.0
2004 10 98.0
2004 11 83.0
2004 12 79.0
2005 1 67.0
2005 2 64.0
2005 3 173.0
2005 4 189.0
2005 5 211.0
2005 6 203.0
2005 7 131.0
2005 8 180.0
2005 9 181.0
2005 10 111.0
2005 11 81.0
2005 12 135.0
2006 1 68.0
2006 2 74.0
2006 3 127.0
2006 4 185.0
2006 5 245.0
2006 6 262.0
2006 7 137.0
2006 8 172.0
2006 9 112.0
2006 10 91.0
2006 11 59.0
2006 12 42.0
2007 1 48.0
2007 2 62.0
2007 3 63.0
2007 4 150.0
2007 5 131.0
2007 6 114.0
2007 7 112.0
2007 8 107.0
2007 9 82.0
2007 10 98.0
2007 11 49.0
2007 12 33.0
2008 1 37.0
2008 2 37.0
2008 3 49.0
2008 4 73.0
2008 5 92.0
2008 6 89.0
2008 7 86.0
2008 8 54.0
2008 9 66.0
2008 10 37.0
2008 11 20.0
2008 12 15.0
2009 1 15.0
2009 2 20.0
2009 3 35.0
2009 4 51.0
2009 5 71.0
2009 6 84.0
2009 7 80.0
2009 8 58.0
2009 9 62.0
2009 10 38.0
2009 11 33.0
2009 12 28.0
2010 1 24.0
2010 2 45.0
2010 3 44.0
2010 4 88.0
2010 5 123.0
2010 6 71.0
2010 7 91.0
2010 8 87.0
2010 9 80.0
2010 10 49.0
2010 11 31.0
2010 12 22.0
2011 1 54.0
2011 2 29.0
2011 3 39.0
2011 4 100.0
2011 5 71.0
2011 6 81.0
2011 7 82.0
2011 8 83.0
2011 9 67.0
2011 10 42.0
2011 11 29.0
2011 12 27.0
2012 1 29.0
2012 2 35.0
2012 3 56.0
2012 4 94.0
2012 5 89.0
2012 6 161.0
2012 7 63.0
2012 8 69.0
2012 9 102.0
2012 10 61.0
2012 11 58.0
2012 12 22.0
2013 1 56.0
2013 2 54.0
2013 3 76.0
2013 4 107.0
2013 5 116.0
2013 6 112.0
2013 7 82.0
2013 8 66.0
2013 9 71.0
2013 10 85.0
2013 11 52.0
2013 12 31.0
2014 1 71.0
2014 2 53.0
2014 3 85.0
2014 4 84.0
2014 5 88.0
2014 6 92.0
2014 7 95.0
2014 8 89.0
2014 9 88.0
2014 10 67.0
2014 11 55.0
2014 12 62.0
2015 1 41.0
2015 2 54.0
2015 3 70.0
2015 4 106.0
2015 5 96.0
2015 6 127.0
2015 7 100.0
2015 8 95.0
2015 9 90.0
2015 10 106.0
2015 11 58.0
2015 12 73.0
2016 1 65.0
2016 2 78.0
2016 3 102.0
2016 4 98.0
2016 5 107.0
2016 6 106.0
2016 7 85.0
2016 8 92.0
2016 9 91.0
2016 10 94.0
2016 11 72.0
2016 12 71.0
2017 1 57.0
2017 2 71.0
2017 3 88.0
2017 4 110.0
2017 5 132.0
2017 6 138.0
2017 7 94.0
2017 8 108.0
2017 9 93.0
2017 10 109.0
2017 11 79.0
2017 12 78.0
2018 1 90.0
2018 2 84.0
2018 3 111.0
2018 4 106.0
2018 5 136.0
2018 6 140.0
2018 7 114.0
2018 8 116.0
2018 9 102.0
2018 10 95.0
2018 11 79.0
2018 12 72.0
2019 1 69.0
2019 2 68.0
2019 3 93.0
2019 4 120.0
2019 5 111.0
2019 6 106.0
2019 7 126.0
2019 8 116.0
2019 9 86.0
2019 10 105.0
2019 11 82.0
2019 12 80.0
2020 1 86.0
2020 2 92.0
2020 3 34.0
2020 4 73.0
2020 5 83.0
2020 6 114.0
2020 7 112.0
2020 8 125.0
2020 9 127.0
2020 10 124.0
2020 11 101.0
2020 12 102.0
2021 1 87.0
2021 2 95.0
2021 3 122.0
2021 4 128.0
2021 5 107.0
2021 6 116.0
2021 7 105.0
2021 8 103.0
2021 9 88.0
2021 10 79.0
2021 11 75.0
2021 12 70.0
2022 1 77.0
2022 2 90.0
2022 3 112.0
2022 4 106.0
2022 5 109.0
2022 6 94.0
2022 7 80.0
2022 8 104.0
2022 9 93.0
2022 10 63.0
2022 11 48.0
2022 12 44.0
2023 1 47.0
2023 2 52.0
2023 3 70.0
2023 4 41.0
2023 5 49.0
2023 6 48.0
2023 7 52.0
2023 8 40.0
2023 9 42.0
2023 10 44.0
2023 11 24.0
2023 12 22.0
2024 1 26.0
2024 2 30.0
2024 3 38.0
2024 4 52.0
2024 5 63.0
2024 6 66.0
2024 7 55.0
2024 8 55.0
