1960 5 430.0
1960 6 338.0
1960 7 155.0
1960 8 280.0
1960 9 369.0
1960 10 340.0
1960 11 211.0
1960 12 282.0
1961 1 416.0
1961 2 103.0
1961 3 274.0
1961 4 218.0
1961 5 338.0
1961 6 790.0
1961 7 229.0
1961 8 401.0
1961 9 411.0
1961 10 291.0
1961 11 548.0
1961 12 460.0
1962 1 545.0
1962 2 412.0
1962 3 885.0
1962 4 1263.0
1962 5 597.0
1962 6 811.0
1962 7 1522.0
1962 8 571.0
1962 9 620.0
1962 10 684.0
1962 11 457.0
1962 12 582.0
1963 1 833.0
1963 2 736.0
1963 3 2199.0
1963 4 823.0
1963 5 1187.0
1963 6 937.0
1963 7 1202.0
1963 8 1334.0
1963 9 665.0
1963 10 1481.0
1963 11 1056.0
1963 12 733.0
1964 1 898.0
1964 2 977.0
1964 3 438.0
1964 4 591.0
1964 5 1178.0
1964 6 1000.0
1964 7 530.0
1964 8 937.0
1964 9 161.0
1964 10 246.0
1964 11 445.0
1964 12 322.0
1965 1 307.0
1965 2 217.0
1965 3 706.0
1965 4 207.0
1965 5 157.0
1965 6 354.0
1965 7 163.0
1965 8 307.0
1965 9 298.0
1965 10 111.0
1965 11 59.0
1965 12 24.0
1966 1 126.0
1966 2 158.0
1966 3 418.0
1966 4 37.0
1966 5 182.0
1966 6 221.0
1966 7 305.0
1966 8 247.0
1966 9 218.0
1966 10 178.0
1966 11 225.0
1966 12 160.0
1967 1 135.0
1967 2 71.0
1967 3 186.0
1967 4 107.0
1967 5 229.0
1967 6 512.0
1967 7 389.0
1967 8 226.0
1967 9 426.0
1967 10 177.0
1967 11 321.0
1967 12 244.0
1968 1 280.0
1968 2 223.0
1968 3 484.0
1968 4 565.0
1968 5 347.0
1968 6 682.0
1968 7 296.0
1968 8 182.0
1968 9 302.0
1968 10 168.0
1968 11 607.0
1968 12 327.0
1969 1 232.0
1969 2 637.0
1969 3 914.0
1969 4 645.0
1969 5 668.0
1969 6 911.0
1969 7 861.0
1969 8 1115.0
1969 9 219.0
1969 10 670.0
1969 11 585.0
1969 12 467.0
1970 1 756.0
1970 2 692.0
1970 3 443.0
1970 4 682.0
1970 5 826.0
1970 6 344.0
1970 7 469.0
1970 8 901.0
1970 9 1056.0
1970 10 630.0
1970 11 526.0
1970 12 1875.0
1971 1 1029.0
1971 2 890.0
1971 3 2082.0
1971 4 2334.0
1971 5 1871.0
1971 6 2107.0
1971 7 627.0
1971 8 2006.0
1971 9 1506.0
1971 10 2207.0
1971 11 701.0
1971 12 1760.0
1972 1 1721.0
1972 2 1670.0
1972 3 2296.0
1972 4 1848.0
1972 5 2381.0
1972 6 1992.0
1972 7 2363.0
1972 8 698.0
1972 9 702.0
1972 10 764.0
1972 11 1653.0
1972 12 2640.0
1973 1 1947.0
1973 2 2099.0
1973 3 1838.0
1973 4 1081.0
1973 5 2059.0
1973 6 684.0
1973 7 1624.0
1973 8 1051.0
1973 9 1229.0
1973 10 864.0
1973 11 626.0
1973 12 815.0
1974 1 2299.0
1974 2 1397.0
1974 3 1157.0
1974 4 2129.0
1974 5 593.0
1974 6 522.0
1974 7 365.0
1974 8 1027.0
1974 9 283.0
1974 10 426.0
1974 11 279.0
1974 12 973.0
1975 1 32.0
1975 2 71.0
1975 3 219.0
1975 4 1047.0
1975 5 63.0
1975 6 218.0
1975 7 215.0
1975 8 89.0
1975 9 272.0
1975 10 78.0
1975 11 308.0
1975 12 162.0
1976 1 194.0
1976 2 264.0
1976 3 299.0
1976 4 286.0
1976 5 83.0
1976 6 380.0
1976 7 161.0
1976 8 1301.0
1976 9 719.0
1976 10 389.0
1976 11 119.0
1976 12 862.0
1977 1 173.0
1977 2 713.0
1977 3 500.0
1977 4 902.0
1977 5 704.0
1977 6 883.0
1977 7 438.0
1977 8 252.0
1977 9 857.0
1977 10 1288.0
1977 11 596.0
1977 12 1078.0
1978 1 675.0
1978 2 1426.0
1978 3 1347.0
1978 4 711.0
1978 5 1702.0
1978 6 1547.0
1978 7 1835.0
1978 8 1936.0
1978 9 1383.0
1978 10 1975.0
1978 11 1235.0
1978 12 1599.0
1979 1 1665.0
1979 2 1278.0
1979 3 993.0
1979 4 1297.0
1979 5 1796.0
1979 6 1531.0
1979 7 2451.0
1979 8 1660.0
1979 9 2211.0
1979 10 973.0
1979 11 1318.0
1979 12 1148.0
1980 1 2674.0
1980 2 605.0
1980 3 471.0
1980 4 1094.0
1980 5 633.0
1980 6 1507.0
1980 7 725.0
1980 8 804.0
1980 9 1446.0
1980 10 1204.0
1980 11 1943.0
1980 12 949.0
1981 1 1454.0
1981 2 933.0
1981 3 1533.0
1981 4 1198.0
1981 5 3692.0
1981 6 3042.0
1981 7 357.0
1981 8 541.0
1981 9 588.0
1981 10 455.0
1981 11 387.0
1981 12 322.0
1982 1 1056.0
1982 2 943.0
1982 3 990.0
1982 4 973.0
1982 5 691.0
1982 6 900.0
1982 7 2030.0
1982 8 1165.0
1982 9 1652.0
1982 10 1200.0
1982 11 2761.0
1982 12 2746.0
1983 1 2464.0
1983 2 2492.0
1983 3 2644.0
1983 4 3391.0
1983 5 2335.0
1983 6 3604.0
1983 7 3276.0
1983 8 2065.0
1983 9 3023.0
1983 10 2812.0
1983 11 2330.0
1983 12 3046.0
1984 1 5137.0
1984 2 3649.0
1984 3 4255.0
1984 4 4232.0
1984 5 3800.0
1984 6 6945.0
1984 7 3293.0
1984 8 4696.0
1984 9 2537.0
1984 10 4068.0
1984 11 1897.0
1984 12 2516.0
1985 1 4098.0
1985 2 4751.0
1985 3 3025.0
1985 4 3732.0
1985 5 3015.0
1985 6 4083.0
1985 7 2513.0
1985 8 3865.0
1985 9 2812.0
1985 10 4389.0
1985 11 1630.0
1985 12 1754.0
1986 1 1797.0
1986 2 2858.0
1986 3 2759.0
1986 4 3047.0
1986 5 3765.0
1986 6 2133.0
1986 7 2297.0
1986 8 1557.0
1986 9 2815.0
1986 10 1846.0
1986 11 949.0
1986 12 1625.0
1987 1 1426.0
1987 2 697.0
1987 3 1102.0
1987 4 595.0
1987 5 736.0
1987 6 629.0
1987 7 1314.0
1987 8 784.0
1987 9 2147.0
1987 10 1068.0
1987 11 561.0
1987 12 1087.0
1988 1 139.0
1988 2 326.0
1988 3 1262.0
1988 4 1444.0
1988 5 716.0
1988 6 1574.0
1988 7 309.0
1988 8 1152.0
1988 9 422.0
1988 10 784.0
1988 11 592.0
1988 12 432.0
1989 1 297.0
1989 2 364.0
1989 3 357.0
1989 4 114.0
1989 5 508.0
1989 6 229.0
1989 7 280.0
1989 8 323.0
1989 9 283.0
1989 10 278.0
1989 11 126.0
1989 12 109.0
1990 1 1142.0
1990 2 215.0
1990 3 166.0
1990 4 317.0
1990 5 93.0
1990 6 301.0
1990 7 518.0
1990 8 409.0
1990 9 115.0
1990 10 191.0
1990 11 612.0
1990 12 54.0
1991 1 92.0
1991 2 131.0
1991 3 105.0
1991 4 117.0
1991 5 79.0
1991 6 81.0
1991 7 60.0
1991 8 247.0
1991 9 458.0
1991 10 178.0
1991 11 350.0
1991 12 24.0
1992 1 120.0
1992 2 40.0
1992 3 142.0
1992 4 603.0
1992 5 56.0
1992 6 119.0
1992 7 415.0
1992 8 425.0
1992 9 181.0
1992 10 204.0
1992 11 161.0
1992 12 64.0
1993 1 417.0
1993 2 81.0
1993 3 135.0
1993 4 433.0
1993 5 79.0
1993 6 721.0
1993 7 87.0
1993 8 374.0
1993 9 192.0
1993 10 439.0
1993 11 427.0
1993 12 611.0
1994 1 950.0
1994 2 481.0
1994 3 458.0
1994 4 567.0
1994 5 797.0
1994 6 471.0
1994 7 1419.0
1994 8 1227.0
1994 9 1317.0
1994 10 1012.0
1994 11 381.0
1994 12 582.0
1995 1 606.0
1995 2 1469.0
1995 3 1443.0
1995 4 1306.0
1995 5 1239.0
1995 6 745.0
1995 7 638.0
1995 8 1088.0
1995 9 1424.0
1995 10 443.0
1995 11 833.0
1995 12 1426.0
1996 1 1405.0
1996 2 2180.0
1996 3 1097.0
1996 4 1112.0
1996 5 737.0
1996 6 765.0
1996 7 1006.0
1996 8 234.0
1996 9 1398.0
1996 10 1237.0
1996 11 238.0
1996 12 953.0
1997 1 1846.0
1997 2 937.0
1997 3 460.0
1997 4 760.0
1997 5 803.0
1997 6 355.0
1997 7 1016.0
1997 8 1307.0
1997 9 1415.0
1997 10 1649.0
1997 11 923.0
1997 12 2357.0
1998 1 886.0
1998 2 1368.0
1998 3 466.0
1998 4 966.0
1998 5 298.0
1998 6 1474.0
1998 7 1357.0
1998 8 1302.0
1998 9 1250.0
1998 10 201.0
1998 11 2191.0
1998 12 1181.0
1999 1 1492.0
1999 2 807.0
1999 3 539.0
1999 4 1206.0
1999 5 1340.0
1999 6 1550.0
1999 7 589.0
1999 8 635.0
1999 9 1010.0
1999 10 626.0
1999 11 1232.0
1999 12 1404.0
2000 1 715.0
2000 2 1518.0
2000 3 1842.0
2000 4 1100.0
2000 5 885.0
2000 6 756.0
2000 7 802.0
2000 8 1173.0
2000 9 1254.0
2000 10 895.0
2000 11 1001.0
2000 12 409.0
2001 1 254.0
2001 2 1572.0
2001 3 1367.0
2001 4 1119.0
2001 5 544.0
2001 6 1001.0
2001 7 1001.0
2001 8 591.0
2001 9 1291.0
2001 10 280.0
2001 11 105.0
2001 12 800.0
2002 1 251.0
2002 2 322.0
2002 3 593.0
2002 4 715.0
2002 5 191.0
2002 6 1432.0
2002 7 1124.0
2002 8 665.0
2002 9 971.0
2002 10 648.0
2002 11 727.0
2002 12 1364.0
2003 1 209.0
2003 2 643.0
2003 3 277.0
2003 4 360.0
2003 5 530.0
2003 6 1290.0
2003 7 493.0
2003 8 323.0
2003 9 864.0
2003 10 1318.0
2003 11 974.0
2003 12 964.0
2004 1 613.0
2004 2 591.0
2004 3 389.0
2004 4 1778.0
2004 5 275.0
2004 6 506.0
2004 7 1161.0
2004 8 464.0
2004 9 638.0
2004 10 882.0
2004 11 322.0
2004 12 1343.0
2005 1 629.0
2005 2 926.0
2005 3 1153.0
2005 4 1540.0
2005 5 413.0
2005 6 750.0
2005 7 962.0
2005 8 1248.0
2005 9 1138.0
2005 10 1654.0
2005 11 273.0
2005 12 885.0
2006 1 1425.0
2006 2 740.0
2006 3 1207.0
2006 4 1126.0
2006 5 1180.0
2006 6 861.0
2006 7 861.0
2006 8 268.0
2006 9 758.0
2006 10 567.0
2006 11 174.0
2006 12 697.0
2007 1 188.0
2007 2 2285.0
2007 3 1571.0
2007 4 499.0
2007 5 386.0
2007 6 1380.0
2007 7 447.0
2007 8 540.0
2007 9 1387.0
2007 10 440.0
2007 11 1742.0
2007 12 304.0
2008 1 1156.0
2008 2 365.0
2008 3 575.0
2008 4 911.0
2008 5 633.0
2008 6 948.0
2008 7 578.0
2008 8 380.0
2008 9 676.0
2008 10 414.0
2008 11 397.0
2008 12 70.0
2009 1 182.0
2009 2 322.0
2009 3 107.0
2009 4 11.0
2009 5 8.0
2009 6 14.0
2009 7 335.0
2009 8 10.0
2009 9 118.0
2009 10 10.0
2009 11 45.0
2009 12 274.0
2010 1 265.0
2010 2 44.0
2010 3 239.0
2010 4 47.0
2010 5 51.0
2010 6 108.0
2010 7 60.0
2010 8 79.0
2010 9 287.0
2010 10 125.0
2010 11 186.0
2010 12 178.0
2011 1 75.0
2011 2 320.0
2011 3 197.0
2011 4 42.0
2011 5 9.0
2011 6 91.0
2011 7 614.0
2011 8 399.0
2011 9 215.0
2011 10 154.0
2011 11 419.0
2011 12 214.0
2012 1 310.0
2012 2 978.0
2012 3 137.0
2012 4 130.0
2012 5 212.0
2012 6 136.0
2012 7 360.0
2012 8 739.0
2012 9 356.0
2012 10 432.0
2012 11 285.0
2012 12 1421.0
2013 1 462.0
2013 2 375.0
2013 3 187.0
2013 4 648.0
2013 5 935.0
2013 6 194.0
2013 7 611.0
2013 8 251.0
2013 9 88.0
2013 10 189.0
2013 11 117.0
2013 12 1435.0
2014 1 430.0
2014 2 1154.0
2014 3 1698.0
2014 4 1079.0
2014 5 839.0
2014 6 607.0
2014 7 755.0
2014 8 742.0
2014 9 285.0
2014 10 693.0
2014 11 512.0
2014 12 1514.0
2015 1 466.0
2015 2 706.0
2015 3 781.0
2015 4 926.0
2015 5 581.0
2015 6 870.0
2015 7 950.0
2015 8 1102.0
2015 9 558.0
2015 10 755.0
2015 11 585.0
2015 12 844.0
2016 1 1150.0
2016 2 530.0
2016 3 219.0
2016 4 347.0
2016 5 1348.0
2016 6 2141.0
2016 7 620.0
2016 8 497.0
2016 9 1597.0
2016 10 275.0
2016 11 1167.0
2016 12 1485.0
2017 1 739.0
2017 2 315.0
2017 3 968.0
2017 4 873.0
2017 5 1013.0
2017 6 867.0
2017 7 110.0
2017 8 1347.0
2017 9 944.0
2017 10 1427.0
2017 11 634.0
2017 12 779.0
2018 1 1331.0
2018 2 807.0
2018 3 465.0
2018 4 1348.0
2018 5 680.0
2018 6 483.0
2018 7 1686.0
2018 8 664.0
2018 9 1111.0
2018 10 609.0
2018 11 510.0
2018 12 311.0
2019 1 450.0
2019 2 523.0
2019 3 933.0
2019 4 1657.0
2019 5 1375.0
2019 6 1564.0
2019 7 857.0
2019 8 1039.0
2019 9 736.0
2019 10 894.0
2019 11 1607.0
2019 12 1197.0
2020 1 1969.0
2020 2 1761.0
2020 3 1187.0
2020 4 854.0
2020 5 649.0
2020 6 1909.0
2020 7 1756.0
2020 8 946.0
2020 9 270.0
2020 10 1251.0
2020 11 1143.0
2020 12 2121.0
2021 1 1509.0
2021 2 1385.0
2021 3 505.0
2021 4 1682.0
2021 5 1519.0
2021 6 1637.0
2021 7 2015.0
2021 8 1237.0
2021 9 1045.0
2021 10 1704.0
2021 11 2104.0
2021 12 2453.0
2022 1 1679.0
2022 2 1314.0
2022 3 2094.0
2022 4 1371.0
2022 5 1430.0
2022 6 2339.0
2022 7 2767.0
2022 8 1776.0
2022 9 1836.0
2022 10 2010.0
2022 11 928.0
2022 12 3777.0
2023 1 441.0
2023 2 2605.0
2023 3 3587.0
2023 4 1686.0
2023 5 1352.0
2023 6 805.0
2023 7 2259.0
2023 8 1352.0
2023 9 2658.0
2023 10 1835.0
2023 11 2542.0
2023 12 1896.0
2024 1 1974.0
2024 2 1251.0
2024 3 1499.0
2024 4 1618.0
2024 5 629.0
2024 6 1984.0
2024 7 1472.0
2024 8 1617.0
