1960 5 86.0
1960 6 105.0
1960 7 68.0
1960 8 58.0
1960 9 113.0
1960 10 231.0
1960 11 113.0
1960 12 73.0
1961 1 119.0
1961 2 79.0
1961 3 122.0
1961 4 142.0
1961 5 107.0
1961 6 180.0
1961 7 101.0
1961 8 125.0
1961 9 78.0
1961 10 91.0
1961 11 166.0
1961 12 110.0
1962 1 196.0
1962 2 143.0
1962 3 192.0
1962 4 251.0
1962 5 258.0
1962 6 111.0
1962 7 148.0
1962 8 158.0
1962 9 223.0
1962 10 309.0
1962 11 264.0
1962 12 147.0
1963 1 297.0
1963 2 352.0
1963 3 1771.0
1963 4 333.0
1963 5 521.0
1963 6 379.0
1963 7 430.0
1963 8 497.0
1963 9 415.0
1963 10 396.0
1963 11 482.0
1963 12 378.0
1964 1 603.0
1964 2 210.0
1964 3 252.0
1964 4 317.0
1964 5 327.0
1964 6 205.0
1964 7 216.0
1964 8 130.0
1964 9 68.0
1964 10 49.0
1964 11 157.0
1964 12 77.0
1965 1 51.0
1965 2 59.0
1965 3 75.0
1965 4 34.0
1965 5 46.0
1965 6 56.0
1965 7 39.0
1965 8 72.0
1965 9 72.0
1965 10 57.0
1965 11 38.0
1965 12 14.0
1966 1 68.0
1966 2 47.0
1966 3 32.0
1966 4 30.0
1966 5 86.0
1966 6 55.0
1966 7 55.0
1966 8 23.0
1966 9 27.0
1966 10 75.0
1966 11 44.0
1966 12 4.0
1967 1 50.0
1967 2 21.0
1967 3 74.0
1967 4 22.0
1967 5 142.0
1967 6 47.0
1967 7 49.0
1967 8 32.0
1967 9 107.0
1967 10 30.0
1967 11 28.0
1967 12 56.0
1968 1 128.0
1968 2 18.0
1968 3 196.0
1968 4 79.0
1968 5 129.0
1968 6 179.0
1968 7 86.0
1968 8 74.0
1968 9 80.0
1968 10 90.0
1968 11 251.0
1968 12 117.0
1969 1 135.0
1969 2 324.0
1969 3 124.0
1969 4 96.0
1969 5 146.0
1969 6 164.0
1969 7 179.0
1969 8 293.0
1969 9 176.0
1969 10 191.0
1969 11 201.0
1969 12 248.0
1970 1 387.0
1970 2 145.0
1970 3 154.0
1970 4 198.0
1970 5 132.0
1970 6 46.0
1970 7 84.0
1970 8 494.0
1970 9 195.0
1970 10 155.0
1970 11 444.0
1970 12 261.0
1971 1 439.0
1971 2 263.0
1971 3 326.0
1971 4 222.0
1971 5 434.0
1971 6 455.0
1971 7 255.0
1971 8 681.0
1971 9 314.0
1971 10 796.0
1971 11 368.0
1971 12 283.0
1972 1 330.0
1972 2 273.0
1972 3 230.0
1972 4 188.0
1972 5 365.0
1972 6 267.0
1972 7 510.0
1972 8 126.0
1972 9 158.0
1972 10 285.0
1972 11 379.0
1972 12 433.0
1973 1 360.0
1973 2 336.0
1973 3 328.0
1973 4 306.0
1973 5 372.0
1973 6 304.0
1973 7 521.0
1973 8 181.0
1973 9 118.0
1973 10 140.0
1973 11 174.0
1973 12 127.0
1974 1 205.0
1974 2 172.0
1974 3 185.0
1974 4 320.0
1974 5 141.0
1974 6 80.0
1974 7 40.0
1974 8 54.0
1974 9 62.0
1974 10 70.0
1974 11 135.0
1974 12 46.0
1975 1 26.0
1975 2 44.0
1975 3 46.0
1975 4 53.0
1975 5 42.0
1975 6 85.0
1975 7 103.0
1975 8 60.0
1975 9 56.0
1975 10 50.0
1975 11 22.0
1975 12 114.0
1976 1 45.0
1976 2 32.0
1976 3 46.0
1976 4 76.0
1976 5 33.0
1976 6 65.0
1976 7 44.0
1976 8 219.0
1976 9 63.0
1976 10 101.0
1976 11 58.0
1976 12 147.0
1977 1 73.0
1977 2 65.0
1977 3 38.0
1977 4 171.0
1977 5 189.0
1977 6 42.0
1977 7 55.0
1977 8 101.0
1977 9 96.0
1977 10 55.0
1977 11 80.0
1977 12 85.0
1978 1 102.0
1978 2 309.0
1978 3 137.0
1978 4 218.0
1978 5 182.0
1978 6 235.0
1978 7 189.0
1978 8 146.0
1978 9 106.0
1978 10 189.0
1978 11 197.0
1978 12 116.0
1979 1 118.0
1979 2 160.0
1979 3 197.0
1979 4 128.0
1979 5 177.0
1979 6 372.0
1979 7 343.0
1979 8 269.0
1979 9 188.0
1979 10 160.0
1979 11 100.0
1979 12 100.0
1980 1 179.0
1980 2 139.0
1980 3 177.0
1980 4 78.0
1980 5 275.0
1980 6 214.0
1980 7 186.0
1980 8 232.0
1980 9 133.0
1980 10 236.0
1980 11 238.0
1980 12 173.0
1981 1 218.0
1981 2 153.0
1981 3 182.0
1981 4 240.0
1981 5 322.0
1981 6 475.0
1981 7 110.0
1981 8 91.0
1981 9 105.0
1981 10 110.0
1981 11 121.0
1981 12 139.0
1982 1 154.0
1982 2 262.0
1982 3 211.0
1982 4 205.0
1982 5 88.0
1982 6 84.0
1982 7 128.0
1982 8 194.0
1982 9 299.0
1982 10 199.0
1982 11 320.0
1982 12 263.0
1983 1 478.0
1983 2 213.0
1983 3 275.0
1983 4 327.0
1983 5 306.0
1983 6 311.0
1983 7 386.0
1983 8 392.0
1983 9 352.0
1983 10 350.0
1983 11 285.0
1983 12 554.0
1984 1 436.0
1984 2 378.0
1984 3 435.0
1984 4 368.0
1984 5 414.0
1984 6 419.0
1984 7 331.0
1984 8 304.0
1984 9 290.0
1984 10 300.0
1984 11 330.0
1984 12 244.0
1985 1 352.0
1985 2 199.0
1985 3 393.0
1985 4 302.0
1985 5 315.0
1985 6 430.0
1985 7 216.0
1985 8 259.0
1985 9 165.0
1985 10 343.0
1985 11 149.0
1985 12 212.0
1986 1 299.0
1986 2 93.0
1986 3 209.0
1986 4 200.0
1986 5 101.0
1986 6 130.0
1986 7 113.0
1986 8 116.0
1986 9 205.0
1986 10 110.0
1986 11 66.0
1986 12 82.0
1987 1 112.0
1987 2 58.0
1987 3 123.0
1987 4 125.0
1987 5 82.0
1987 6 51.0
1987 7 42.0
1987 8 49.0
1987 9 80.0
1987 10 51.0
1987 11 17.0
1987 12 55.0
1988 1 33.0
1988 2 18.0
1988 3 71.0
1988 4 27.0
1988 5 149.0
1988 6 88.0
1988 7 13.0
1988 8 60.0
1988 9 19.0
1988 10 48.0
1988 11 28.0
1988 12 35.0
1989 1 74.0
1989 2 38.0
1989 3 68.0
1989 4 46.0
1989 5 36.0
1989 6 19.0
1989 7 48.0
1989 8 40.0
1989 9 16.0
1989 10 54.0
1989 11 35.0
1989 12 17.0
1990 1 37.0
1990 2 18.0
1990 3 32.0
1990 4 59.0
1990 5 22.0
1990 6 26.0
1990 7 35.0
1990 8 39.0
1990 9 23.0
1990 10 46.0
1990 11 28.0
1990 12 36.0
1991 1 56.0
1991 2 65.0
1991 3 49.0
1991 4 38.0
1991 5 44.0
1991 6 42.0
1991 7 26.0
1991 8 18.0
1991 9 39.0
1991 10 28.0
1991 11 12.0
1991 12 11.0
1992 1 58.0
1992 2 33.0
1992 3 34.0
1992 4 57.0
1992 5 29.0
1992 6 56.0
1992 7 106.0
1992 8 41.0
1992 9 69.0
1992 10 39.0
1992 11 53.0
1992 12 18.0
1993 1 44.0
1993 2 54.0
1993 3 75.0
1993 4 76.0
1993 5 44.0
1993 6 105.0
1993 7 37.0
1993 8 36.0
1993 9 94.0
1993 10 120.0
1993 11 79.0
1993 12 71.0
1994 1 164.0
1994 2 103.0
1994 3 160.0
1994 4 114.0
1994 5 151.0
1994 6 157.0
1994 7 110.0
1994 8 108.0
1994 9 142.0
1994 10 90.0
1994 11 73.0
1994 12 149.0
1995 1 68.0
1995 2 71.0
1995 3 119.0
1995 4 143.0
1995 5 134.0
1995 6 104.0
1995 7 104.0
1995 8 135.0
1995 9 106.0
1995 10 112.0
1995 11 90.0
1995 12 129.0
1996 1 105.0
1996 2 57.0
1996 3 50.0
1996 4 62.0
1996 5 70.0
1996 6 111.0
1996 7 81.0
1996 8 73.0
1996 9 69.0
1996 10 93.0
1996 11 101.0
1996 12 36.0
1997 1 158.0
1997 2 38.0
1997 3 152.0
1997 4 82.0
1997 5 84.0
1997 6 54.0
1997 7 54.0
1997 8 105.0
1997 9 54.0
1997 10 81.0
1997 11 34.0
1997 12 64.0
1998 1 83.0
1998 2 29.0
1998 3 83.0
1998 4 50.0
1998 5 94.0
1998 6 63.0
1998 7 128.0
1998 8 58.0
1998 9 97.0
1998 10 118.0
1998 11 71.0
1998 12 43.0
1999 1 88.0
1999 2 90.0
1999 3 89.0
1999 4 87.0
1999 5 127.0
1999 6 56.0
1999 7 83.0
1999 8 55.0
1999 9 122.0
1999 10 70.0
1999 11 65.0
1999 12 89.0
2000 1 60.0
2000 2 123.0
2000 3 159.0
2000 4 78.0
2000 5 128.0
2000 6 131.0
2000 7 62.0
2000 8 137.0
2000 9 75.0
2000 10 88.0
2000 11 77.0
2000 12 65.0
2001 1 75.0
2001 2 172.0
2001 3 489.0
2001 4 68.0
2001 5 121.0
2001 6 107.0
2001 7 101.0
2001 8 123.0
2001 9 102.0
2001 10 74.0
2001 11 56.0
2001 12 69.0
2002 1 98.0
2002 2 106.0
2002 3 88.0
2002 4 109.0
2002 5 85.0
2002 6 58.0
2002 7 100.0
2002 8 104.0
2002 9 123.0
2002 10 105.0
2002 11 77.0
2002 12 82.0
2003 1 100.0
2003 2 62.0
2003 3 67.0
2003 4 105.0
2003 5 80.0
2003 6 133.0
2003 7 114.0
2003 8 97.0
2003 9 96.0
2003 10 366.0
2003 11 84.0
2003 12 116.0
2004 1 152.0
2004 2 199.0
2004 3 202.0
2004 4 394.0
2004 5 109.0
2004 6 251.0
2004 7 180.0
2004 8 214.0
2004 9 153.0
2004 10 94.0
2004 11 131.0
2004 12 121.0
2005 1 115.0
2005 2 79.0
2005 3 200.0
2005 4 82.0
2005 5 88.0
2005 6 105.0
2005 7 198.0
2005 8 251.0
2005 9 83.0
2005 10 199.0
2005 11 86.0
2005 12 207.0
2006 1 312.0
2006 2 262.0
2006 3 321.0
2006 4 164.0
2006 5 224.0
2006 6 116.0
2006 7 134.0
2006 8 182.0
2006 9 124.0
2006 10 157.0
2006 11 84.0
2006 12 160.0
2007 1 69.0
2007 2 260.0
2007 3 98.0
2007 4 129.0
2007 5 183.0
2007 6 201.0
2007 7 172.0
2007 8 166.0
2007 9 74.0
2007 10 161.0
2007 11 104.0
2007 12 105.0
2008 1 53.0
2008 2 124.0
2008 3 40.0
2008 4 91.0
2008 5 75.0
2008 6 93.0
2008 7 35.0
2008 8 64.0
2008 9 25.0
2008 10 32.0
2008 11 119.0
2008 12 4.0
2009 1 14.0
2009 2 2.0
2009 3 10.0
2009 4 11.0
2009 5 8.0
2009 6 4.0
2009 7 2.0
2009 8 2.0
2009 9 23.0
2009 10 5.0
2009 11 23.0
2009 12 8.0
2010 1 9.0
2010 2 16.0
2010 3 6.0
2010 4 10.0
2010 5 20.0
2010 6 36.0
2010 7 26.0
2010 8 5.0
2010 9 18.0
2010 10 31.0
2010 11 26.833333333333332
2010 12 22.666666666666664
2011 1 18.5
2011 2 14.333333333333332
2011 3 10.166666666666664
2011 4 6.0
2011 5 4.0
2011 6 4.0
2011 7 4.0
2011 8 10.0
2011 9 18.0
2011 10 19.0
2011 11 14.0
2011 12 150.0
2012 1 5.0
2012 2 10.0
2012 3 23.0
2012 4 14.0
2012 5 58.0
2012 6 9.0
2012 7 29.0
2012 8 57.0
2012 9 24.0
2012 10 86.0
2012 11 53.0
2012 12 90.0
2013 1 22.0
2013 2 16.0
2013 3 43.0
2013 4 22.0
2013 5 86.0
2013 6 50.0
2013 7 36.0
2013 8 12.0
2013 9 17.0
2013 10 8.0
2013 11 11.0
2013 12 75.0
2014 1 38.0
2014 2 18.0
2014 3 101.0
2014 4 14.0
2014 5 8.0
2014 6 31.0
2014 7 2.0
2014 8 8.0
2014 9 22.0
2014 10 21.0
2014 11 16.0
2014 12 52.0
2015 1 52.0
2015 2 17.0
2015 3 56.0
2015 4 34.0
2015 5 18.0
2015 6 26.0
2015 7 34.0
2015 8 34.0
2015 9 24.0
2015 10 16.0
2015 11 15.0
2015 12 45.0
2016 1 42.0
2016 2 70.0
2016 3 52.0
2016 4 71.0
2016 5 46.0
2016 6 67.0
2016 7 37.0
2016 8 54.0
2016 9 58.0
2016 10 27.0
2016 11 16.0
2016 12 48.0
2017 1 34.0
2017 2 61.0
2017 3 40.0
2017 4 32.0
2017 5 49.0
2017 6 60.0
2017 7 33.0
2017 8 88.0
2017 9 57.0
2017 10 61.0
2017 11 45.0
2017 12 35.0
2018 1 75.0
2018 2 54.0
2018 3 79.0
2018 4 64.0
2018 5 34.0
2018 6 131.0
2018 7 60.0
2018 8 108.0
2018 9 70.0
2018 10 54.0
2018 11 45.0
2018 12 36.0
2019 1 90.0
2019 2 24.0
2019 3 61.0
2019 4 73.0
2019 5 68.0
2019 6 96.0
2019 7 75.0
2019 8 155.0
2019 9 69.0
2019 10 63.0
2019 11 97.0
2019 12 79.0
2020 1 61.0
2020 2 49.0
2020 3 44.0
2020 4 28.0
2020 5 48.0
2020 6 163.0
2020 7 182.0
2020 8 153.0
2020 9 54.0
2020 10 142.0
2020 11 123.0
2020 12 114.0
2021 1 95.0
2021 2 70.0
2021 3 136.0
2021 4 114.0
2021 5 107.0
2021 6 113.0
2021 7 136.0
2021 8 166.0
2021 9 83.0
2021 10 252.0
2021 11 215.0
2021 12 181.0
2022 1 183.0
2022 2 319.0
2022 3 253.0
2022 4 228.0
2022 5 180.0
2022 6 220.0
2022 7 54.0
2022 8 139.0
2022 9 153.0
2022 10 160.0
2022 11 136.0
2022 12 138.0
2023 1 118.0
2023 2 86.0
2023 3 158.0
2023 4 213.0
2023 5 214.0
2023 6 559.0
2023 7 184.0
2023 8 235.0
2023 9 152.0
2023 10 228.0
2023 11 149.0
2023 12 104.0
2024 1 176.0
2024 2 135.0
2024 3 134.0
2024 4 188.0
2024 5 267.0
2024 6 148.0
2024 7 213.0
2024 8 177.0
