1960 5 1345.0
1960 6 1778.0
1960 7 1175.0
1960 8 1482.0
1960 9 1407.0
1960 10 1095.0
1960 11 1191.0
1960 12 1052.0
1961 1 1170.0
1961 2 1173.0
1961 3 1655.0
1961 4 1176.0
1961 5 1625.0
1961 6 1116.0
1961 7 1067.0
1961 8 1459.0
1961 9 963.0
1961 10 1092.0
1961 11 1264.0
1961 12 798.0
1962 1 1045.0
1962 2 1095.0
1962 3 1259.0
1962 4 1082.0
1962 5 923.0
1962 6 752.0
1962 7 836.0
1962 8 666.0
1962 9 624.0
1962 10 838.0
1962 11 686.0
1962 12 702.0
1963 1 668.0
1963 2 786.0
1963 3 887.0
1963 4 779.0
1963 5 778.0
1963 6 661.0
1963 7 606.0
1963 8 693.0
1963 9 634.0
1963 10 625.0
1963 11 644.0
1963 12 680.0
1964 1 738.0
1964 2 602.0
1964 3 701.0
1964 4 633.0
1964 5 619.0
1964 6 725.0
1964 7 497.0
1964 8 407.0
1964 9 545.0
1964 10 600.0
1964 11 325.0
1964 12 624.0
1965 1 556.0
1965 2 321.0
1965 3 579.0
1965 4 419.0
1965 5 422.0
1965 6 337.0
1965 7 325.0
1965 8 549.0
1965 9 542.0
1965 10 522.0
1965 11 392.0
1965 12 456.0
1966 1 467.0
1966 2 376.0
1966 3 643.0
1966 4 449.0
1966 5 551.0
1966 6 388.0
1966 7 327.0
1966 8 415.0
1966 9 423.0
1966 10 368.0
1966 11 368.0
1966 12 354.0
1967 1 519.0
1967 2 449.0
1967 3 477.0
1967 4 492.0
1967 5 617.0
1967 6 614.0
1967 7 547.0
1967 8 671.0
1967 9 520.0
1967 10 628.0
1967 11 476.0
1967 12 416.0
1968 1 630.0
1968 2 695.0
1968 3 838.0
1968 4 647.0
1968 5 922.0
1968 6 1014.0
1968 7 968.0
1968 8 979.0
1968 9 985.0
1968 10 1027.0
1968 11 1118.0
1968 12 801.0
1969 1 1157.0
1969 2 1240.0
1969 3 1428.0
1969 4 1461.0
1969 5 1512.0
1969 6 1706.0
1969 7 1635.0
1969 8 1235.0
1969 9 1598.0
1969 10 1583.0
1969 11 1180.0
1969 12 2037.0
1970 1 1458.0
1970 2 1415.0
1970 3 1773.0
1970 4 1874.0
1970 5 1625.0
1970 6 1168.0
1970 7 1096.0
1970 8 1504.0
1970 9 1743.0
1970 10 2131.0
1970 11 1571.0
1970 12 2451.0
1971 1 1661.0
1971 2 2047.0
1971 3 2404.0
1971 4 2730.0
1971 5 3127.0
1971 6 3111.0
1971 7 2548.0
1971 8 2695.0
1971 9 2795.0
1971 10 3133.0
1971 11 2149.0
1971 12 2888.0
1972 1 2720.0
1972 2 2537.0
1972 3 4203.0
1972 4 2739.0
1972 5 3570.0
1972 6 3758.0
1972 7 2862.0
1972 8 2843.0
1972 9 2801.0
1972 10 2911.0
1972 11 2204.0
1972 12 2533.0
1973 1 2630.0
1973 2 3052.0
1973 3 3071.0
1973 4 3059.0
1973 5 3757.0
1973 6 3069.0
1973 7 2917.0
1973 8 2608.0
1973 9 1687.0
1973 10 1792.0
1973 11 1255.0
1973 12 1492.0
1974 1 1361.0
1974 2 1911.0
1974 3 2130.0
1974 4 2436.0
1974 5 2620.0
1974 6 1756.0
1974 7 1565.0
1974 8 1838.0
1974 9 1475.0
1974 10 1354.0
1974 11 788.0
1974 12 1359.0
1975 1 1077.0
1975 2 907.0
1975 3 1227.0
1975 4 1598.0
1975 5 1677.0
1975 6 1661.0
1975 7 1601.0
1975 8 1117.0
1975 9 1499.0
1975 10 1408.0
1975 11 1119.0
1975 12 1092.0
1976 1 1402.0
1976 2 1533.0
1976 3 1932.0
1976 4 1761.0
1976 5 1583.0
1976 6 1667.0
1976 7 1977.0
1976 8 1611.0
1976 9 1541.0
1976 10 1472.0
1976 11 1699.0
1976 12 1804.0
1977 1 1647.0
1977 2 2063.0
1977 3 3330.0
1977 4 3137.0
1977 5 2902.0
1977 6 3073.0
1977 7 3113.0
1977 8 3286.0
1977 9 3307.0
1977 10 3042.0
1977 11 2505.0
1977 12 2803.0
1978 1 2994.0
1978 2 3024.0
1978 3 3855.0
1978 4 4197.0
1978 5 3803.0
1978 6 3882.0
1978 7 3567.0
1978 8 3621.0
1978 9 3823.0
1978 10 3955.0
1978 11 3387.0
1978 12 2958.0
1979 1 2834.0
1979 2 2555.0
1979 3 3793.0
1979 4 4392.0
1979 5 4135.0
1979 6 3581.0
1979 7 3265.0
1979 8 2921.0
1979 9 2225.0
1979 10 2582.0
1979 11 1734.0
1979 12 1578.0
1980 1 1816.0
1980 2 1676.0
1980 3 1449.0
1980 4 1109.0
1980 5 1095.0
1980 6 1724.0
1980 7 2706.0
1980 8 2799.0
1980 9 2534.0
1980 10 2329.0
1980 11 1513.0
1980 12 1623.0
1981 1 1609.0
1981 2 1811.0
1981 3 1975.0
1981 4 2044.0
1981 5 2820.0
1981 6 1982.0
1981 7 1494.0
1981 8 1457.0
1981 9 1005.0
1981 10 1007.0
1981 11 913.0
1981 12 1210.0
1982 1 887.0
1982 2 1065.0
1982 3 1988.0
1982 4 1752.0
1982 5 1307.0
1982 6 1498.0
1982 7 1290.0
1982 8 1408.0
1982 9 1851.0
1982 10 2064.0
1982 11 2391.0
1982 12 1938.0
1983 1 1821.0
1983 2 1817.0
1983 3 2839.0
1983 4 2930.0
1983 5 3202.0
1983 6 3406.0
1983 7 2775.0
1983 8 2505.0
1983 9 2370.0
1983 10 2421.0
1983 11 2238.0
1983 12 2096.0
1984 1 2493.0
1984 2 2866.0
1984 3 3505.0
1984 4 2921.0
1984 5 2828.0
1984 6 2578.0
1984 7 2305.0
1984 8 2312.0
1984 9 2146.0
1984 10 2336.0
1984 11 1978.0
1984 12 1794.0
1985 1 2460.0
1985 2 2510.0
1985 3 2992.0
1985 4 3116.0
1985 5 3096.0
1985 6 2856.0
1985 7 2910.0
1985 8 3242.0
1985 9 2556.0
1985 10 2675.0
1985 11 1779.0
1985 12 1809.0
1986 1 2577.0
1986 2 2241.0
1986 3 2977.0
1986 4 3839.0
1986 5 3672.0
1986 6 3101.0
1986 7 2950.0
1986 8 2755.0
1986 9 2753.0
1986 10 2485.0
1986 11 1619.0
1986 12 2010.0
1987 1 2130.0
1987 2 2542.0
1987 3 2973.0
1987 4 2846.0
1987 5 2610.0
1987 6 2642.0
1987 7 2243.0
1987 8 2229.0
1987 9 2298.0
1987 10 2058.0
1987 11 1474.0
1987 12 1444.0
1988 1 1552.0
1988 2 1779.0
1988 3 2388.0
1988 4 2203.0
1988 5 2271.0
1988 6 2414.0
1988 7 2074.0
1988 8 2259.0
1988 9 1809.0
1988 10 1666.0
1988 11 1487.0
1988 12 1474.0
1989 1 1331.0
1989 2 1381.0
1989 3 1984.0
1989 4 1878.0
1989 5 1696.0
1989 6 1960.0
1989 7 1721.0
1989 8 2149.0
1989 9 1676.0
1989 10 1579.0
1989 11 1363.0
1989 12 1329.0
1990 1 1537.0
1990 2 1449.0
1990 3 1777.0
1990 4 1711.0
1990 5 2026.0
1990 6 1835.0
1990 7 1671.0
1990 8 1778.0
1990 9 1450.0
1990 10 1452.0
1990 11 1074.0
1990 12 990.0
1991 1 1258.0
1991 2 1323.0
1991 3 1739.0
1991 4 1904.0
1991 5 1938.0
1991 6 1992.0
1991 7 2147.0
1991 8 1999.0
1991 9 2082.0
1991 10 2072.0
1991 11 1548.0
1991 12 1497.0
1992 1 1954.0
1992 2 2033.0
1992 3 2591.0
1992 4 2364.0
1992 5 2227.0
1992 6 2542.0
1992 7 2682.0
1992 8 2541.0
1992 9 2758.0
1992 10 2620.0
1992 11 2261.0
1992 12 2262.0
1993 1 1694.0
1993 2 2281.0
1993 3 2991.0
1993 4 3100.0
1993 5 2591.0
1993 6 3128.0
1993 7 2998.0
1993 8 2993.0
1993 9 3412.0
1993 10 3238.0
1993 11 2724.0
1993 12 3233.0
1994 1 3014.0
1994 2 3228.0
1994 3 4235.0
1994 4 3783.0
1994 5 3961.0
1994 6 4111.0
1994 7 3344.0
1994 8 3597.0
1994 9 3252.0
1994 10 3631.0
1994 11 2662.0
1994 12 2818.0
1995 1 2507.0
1995 2 2402.0
1995 3 3394.0
1995 4 3146.0
1995 5 3827.0
1995 6 4087.0
1995 7 3652.0
1995 8 4014.0
1995 9 3414.0
1995 10 3477.0
1995 11 3171.0
1995 12 2897.0
1996 1 3080.0
1996 2 3230.0
1996 3 4155.0
1996 4 4239.0
1996 5 4011.0
1996 6 3763.0
1996 7 3800.0
1996 8 3419.0
1996 9 3410.0
1996 10 3202.0
1996 11 2536.0
1996 12 2928.0
1997 1 3255.0
1997 2 3097.0
1997 3 3552.0
1997 4 4036.0
1997 5 3841.0
1997 6 3714.0
1997 7 3900.0
1997 8 3838.0
1997 9 4276.0
1997 10 3674.0
1997 11 2937.0
1997 12 3222.0
1998 1 2889.0
1998 2 3446.0
1998 3 4694.0
1998 4 4953.0
1998 5 4152.0
1998 6 4746.0
1998 7 4663.0
1998 8 4174.0
1998 9 4050.0
1998 10 4155.0
1998 11 3616.0
1998 12 3745.0
1999 1 3804.0
1999 2 3984.0
1999 3 5643.0
1999 4 4930.0
1999 5 4896.0
1999 6 5431.0
1999 7 4540.0
1999 8 4295.0
1999 9 4291.0
1999 10 3488.0
1999 11 3150.0
1999 12 3463.0
2000 1 3378.0
2000 2 3792.0
2000 3 4735.0
2000 4 4395.0
2000 5 5103.0
2000 6 4411.0
2000 7 3520.0
2000 8 4187.0
2000 9 4120.0
2000 10 3697.0
2000 11 3011.0
2000 12 3066.0
2001 1 3591.0
2001 2 3848.0
2001 3 4417.0
2001 4 4279.0
2001 5 4689.0
2001 6 4351.0
2001 7 4156.0
2001 8 4565.0
2001 9 3973.0
2001 10 3717.0
2001 11 3155.0
2001 12 2978.0
2002 1 3667.0
2002 2 4120.0
2002 3 4315.0
2002 4 5137.0
2002 5 5624.0
2002 6 4923.0
2002 7 4867.0
2002 8 4966.0
2002 9 4354.0
2002 10 5326.0
2002 11 3842.0
2002 12 3753.0
2003 1 4097.0
2003 2 4354.0
2003 3 5049.0
2003 4 5360.0
2003 5 5305.0
2003 6 6077.0
2003 7 5848.0
2003 8 5796.0
2003 9 5738.0
2003 10 5594.0
2003 11 4343.0
2003 12 5827.0
2004 1 4448.0
2004 2 4876.0
2004 3 7407.0
2004 4 6602.0
2004 5 6849.0
2004 6 7532.0
2004 7 8374.0
2004 8 7037.0
2004 9 6469.0
2004 10 6123.0
2004 11 5399.0
2004 12 5535.0
2005 1 5475.0
2005 2 5831.0
2005 3 6853.0
2005 4 7037.0
2005 5 7163.0
2005 6 7987.0
2005 7 6428.0
2005 8 7196.0
2005 9 6782.0
2005 10 6037.0
2005 11 5344.0
2005 12 5873.0
2006 1 5502.0
2006 2 4987.0
2006 3 6132.0
2006 4 5397.0
2006 5 6574.0
2006 6 5672.0
2006 7 4035.0
2006 8 4355.0
2006 9 3321.0
2006 10 2924.0
2006 11 2846.0
2006 12 3137.0
2007 1 3431.0
2007 2 3873.0
2007 3 4583.0
2007 4 3752.0
2007 5 4116.0
2007 6 3991.0
2007 7 3279.0
2007 8 3051.0
2007 9 1962.0
2007 10 1846.0
2007 11 1488.0
2007 12 1424.0
2008 1 1514.0
2008 2 1786.0
2008 3 1842.0
2008 4 2002.0
2008 5 2050.0
2008 6 2021.0
2008 7 1772.0
2008 8 1426.0
2008 9 1108.0
2008 10 857.0
2008 11 602.0
2008 12 707.0
2009 1 561.0
2009 2 556.0
2009 3 757.0
2009 4 1051.0
2009 5 1170.0
2009 6 1592.0
2009 7 1694.0
2009 8 1196.0
2009 9 1062.0
2009 10 1101.0
2009 11 942.0
2009 12 1153.0
2010 1 993.0
2010 2 1077.0
2010 3 1439.0
2010 4 1095.0
2010 5 924.0
2010 6 987.0
2010 7 882.0
2010 8 877.0
2010 9 768.0
2010 10 730.0
2010 11 569.0
2010 12 631.0
2011 1 622.0
2011 2 736.0
2011 3 1044.0
2011 4 965.0
2011 5 934.0
2011 6 1096.0
2011 7 876.0
2011 8 1040.0
2011 9 984.0
2011 10 789.0
2011 11 740.0
2011 12 811.0
2012 1 894.0
2012 2 1206.0
2012 3 1237.0
2012 4 1575.0
2012 5 1733.0
2012 6 1548.0
2012 7 1636.0
2012 8 1460.0
2012 9 1270.0
2012 10 1326.0
2012 11 1194.0
2012 12 944.0
2013 1 1318.0
2013 2 1260.0
2013 3 1645.0
2013 4 1780.0
2013 5 1786.0
2013 6 1889.0
2013 7 1679.0
2013 8 1532.0
2013 9 1333.0
2013 10 1482.0
2013 11 1057.0
2013 12 1369.0
2014 1 1305.0
2014 2 1343.0
2014 3 1431.0
2014 4 1608.0
2014 5 1635.0
2014 6 1877.0
2014 7 1569.0
2014 8 1362.0
2014 9 1575.0
2014 10 1326.0
2014 11 1051.0
2014 12 1473.0
2015 1 1246.0
2015 2 1438.0
2015 3 1918.0
2015 4 2154.0
2015 5 2129.0
2015 6 2245.0
2015 7 2164.0
2015 8 2066.0
2015 9 1945.0
2015 10 1862.0
2015 11 1544.0
2015 12 1883.0
2016 1 1623.0
2016 2 1857.0
2016 3 2334.0
2016 4 2230.0
2016 5 2155.0
2016 6 2570.0
2016 7 1820.0
2016 8 2132.0
2016 9 1917.0
2016 10 1899.0
2016 11 1791.0
2016 12 1916.0
2017 1 1745.0
2017 2 1989.0
2017 3 2627.0
2017 4 2382.0
2017 5 2703.0
2017 6 2532.0
2017 7 2377.0
2017 8 2594.0
2017 9 2164.0
2017 10 2279.0
2017 11 2047.0
2017 12 2027.0
2018 1 2200.0
2018 2 2198.0
2018 3 2667.0
2018 4 2913.0
2018 5 2941.0
2018 6 3074.0
2018 7 2823.0
2018 8 3074.0
2018 9 2119.0
2018 10 2547.0
2018 11 2053.0
2018 12 2855.0
2019 1 2191.0
2019 2 2374.0
2019 3 2758.0
2019 4 2933.0
2019 5 2907.0
2019 6 2795.0
2019 7 3061.0
2019 8 2988.0
2019 9 2566.0
2019 10 3138.0
2019 11 2568.0
2019 12 2582.0
2020 1 3111.0
2020 2 3090.0
2020 3 3276.0
2020 4 2462.0
2020 5 2479.0
2020 6 3485.0
2020 7 4002.0
2020 8 3723.0
2020 9 4070.0
2020 10 4101.0
2020 11 3437.0
2020 12 4229.0
2021 1 3587.0
2021 2 4099.0
2021 3 4668.0
2021 4 4702.0
2021 5 3830.0
2021 6 4359.0
2021 7 3920.0
2021 8 3702.0
2021 9 3261.0
2021 10 3282.0
2021 11 3314.0
2021 12 3405.0
2022 1 4048.0
2022 2 4208.0
2022 3 5127.0
2022 4 3897.0
2022 5 3834.0
2022 6 3198.0
2022 7 2742.0
2022 8 2827.0
2022 9 2184.0
2022 10 1861.0
2022 11 2003.0
2022 12 1475.0
2023 1 1592.0
2023 2 1995.0
2023 3 2938.0
2023 4 2582.0
2023 5 3182.0
2023 6 3035.0
2023 7 3108.0
2023 8 3615.0
2023 9 3135.0
2023 10 3275.0
2023 11 3048.0
2023 12 2841.0
2024 1 3602.0
2024 2 3726.0
2024 3 3864.0
2024 4 3739.0
2024 5 3861.0
2024 6 3367.0
2024 7 3531.0
2024 8 3302.0
