1960 5 1775.0
1960 6 2116.0
1960 7 1330.0
1960 8 1762.0
1960 9 1776.0
1960 10 1435.0
1960 11 1402.0
1960 12 1334.0
1961 1 1586.0
1961 2 1276.0
1961 3 1929.0
1961 4 1394.0
1961 5 1963.0
1961 6 1906.0
1961 7 1296.0
1961 8 1860.0
1961 9 1374.0
1961 10 1383.0
1961 11 1812.0
1961 12 1258.0
1962 1 1590.0
1962 2 1507.0
1962 3 2144.0
1962 4 2345.0
1962 5 1520.0
1962 6 1563.0
1962 7 2358.0
1962 8 1237.0
1962 9 1244.0
1962 10 1522.0
1962 11 1143.0
1962 12 1284.0
1963 1 1501.0
1963 2 1522.0
1963 3 3086.0
1963 4 1602.0
1963 5 1965.0
1963 6 1598.0
1963 7 1808.0
1963 8 2027.0
1963 9 1299.0
1963 10 2106.0
1963 11 1700.0
1963 12 1413.0
1964 1 1636.0
1964 2 1579.0
1964 3 1139.0
1964 4 1224.0
1964 5 1797.0
1964 6 1725.0
1964 7 1027.0
1964 8 1344.0
1964 9 706.0
1964 10 846.0
1964 11 770.0
1964 12 946.0
1965 1 863.0
1965 2 538.0
1965 3 1285.0
1965 4 626.0
1965 5 579.0
1965 6 691.0
1965 7 488.0
1965 8 856.0
1965 9 840.0
1965 10 633.0
1965 11 451.0
1965 12 480.0
1966 1 593.0
1966 2 534.0
1966 3 1061.0
1966 4 486.0
1966 5 733.0
1966 6 609.0
1966 7 632.0
1966 8 662.0
1966 9 641.0
1966 10 546.0
1966 11 593.0
1966 12 514.0
1967 1 654.0
1967 2 520.0
1967 3 663.0
1967 4 599.0
1967 5 846.0
1967 6 1126.0
1967 7 936.0
1967 8 897.0
1967 9 946.0
1967 10 805.0
1967 11 797.0
1967 12 660.0
1968 1 910.0
1968 2 918.0
1968 3 1322.0
1968 4 1212.0
1968 5 1269.0
1968 6 1696.0
1968 7 1264.0
1968 8 1161.0
1968 9 1287.0
1968 10 1195.0
1968 11 1725.0
1968 12 1128.0
1969 1 1389.0
1969 2 1877.0
1969 3 2342.0
1969 4 2106.0
1969 5 2180.0
1969 6 2617.0
1969 7 2496.0
1969 8 2350.0
1969 9 1817.0
1969 10 2253.0
1969 11 1765.0
1969 12 2504.0
1970 1 2214.0
1970 2 2107.0
1970 3 2216.0
1970 4 2556.0
1970 5 2451.0
1970 6 1512.0
1970 7 1565.0
1970 8 2405.0
1970 9 2799.0
1970 10 2761.0
1970 11 2097.0
1970 12 4326.0
1971 1 2690.0
1971 2 2937.0
1971 3 4486.0
1971 4 5064.0
1971 5 4998.0
1971 6 5218.0
1971 7 3175.0
1971 8 4701.0
1971 9 4301.0
1971 10 5340.0
1971 11 2850.0
1971 12 4648.0
1972 1 4441.0
1972 2 4207.0
1972 3 6499.0
1972 4 4587.0
1972 5 5951.0
1972 6 5750.0
1972 7 5225.0
1972 8 3541.0
1972 9 3503.0
1972 10 3675.0
1972 11 3857.0
1972 12 5173.0
1973 1 4577.0
1973 2 5151.0
1973 3 4909.0
1973 4 4140.0
1973 5 5816.0
1973 6 3753.0
1973 7 4541.0
1973 8 3659.0
1973 9 2916.0
1973 10 2656.0
1973 11 1881.0
1973 12 2307.0
1974 1 3660.0
1974 2 3308.0
1974 3 3287.0
1974 4 4565.0
1974 5 3213.0
1974 6 2278.0
1974 7 1930.0
1974 8 2865.0
1974 9 1758.0
1974 10 1780.0
1974 11 1067.0
1974 12 2332.0
1975 1 1109.0
1975 2 978.0
1975 3 1446.0
1975 4 2645.0
1975 5 1740.0
1975 6 1879.0
1975 7 1816.0
1975 8 1206.0
1975 9 1771.0
1975 10 1486.0
1975 11 1427.0
1975 12 1254.0
1976 1 1596.0
1976 2 1797.0
1976 3 2231.0
1976 4 2047.0
1976 5 1666.0
1976 6 2047.0
1976 7 2138.0
1976 8 2912.0
1976 9 2260.0
1976 10 1861.0
1976 11 1818.0
1976 12 2666.0
1977 1 1820.0
1977 2 2776.0
1977 3 3830.0
1977 4 4039.0
1977 5 3606.0
1977 6 3956.0
1977 7 3551.0
1977 8 3538.0
1977 9 4164.0
1977 10 4330.0
1977 11 3101.0
1977 12 3881.0
1978 1 3669.0
1978 2 4450.0
1978 3 5202.0
1978 4 4908.0
1978 5 5505.0
1978 6 5429.0
1978 7 5402.0
1978 8 5557.0
1978 9 5206.0
1978 10 5930.0
1978 11 4622.0
1978 12 4557.0
1979 1 4499.0
1979 2 3833.0
1979 3 4786.0
1979 4 5689.0
1979 5 5931.0
1979 6 5112.0
1979 7 5716.0
1979 8 4581.0
1979 9 4436.0
1979 10 3555.0
1979 11 3052.0
1979 12 2726.0
1980 1 4490.0
1980 2 2281.0
1980 3 1920.0
1980 4 2203.0
1980 5 1728.0
1980 6 3231.0
1980 7 3431.0
1980 8 3603.0
1980 9 3980.0
1980 10 3533.0
1980 11 3456.0
1980 12 2572.0
1981 1 3063.0
1981 2 2744.0
1981 3 3508.0
1981 4 3242.0
1981 5 6512.0
1981 6 5024.0
1981 7 1851.0
1981 8 1998.0
1981 9 1593.0
1981 10 1462.0
1981 11 1300.0
1981 12 1532.0
1982 1 1943.0
1982 2 2008.0
1982 3 2978.0
1982 4 2725.0
1982 5 1998.0
1982 6 2398.0
1982 7 3320.0
1982 8 2573.0
1982 9 3503.0
1982 10 3264.0
1982 11 5152.0
1982 12 4684.0
1983 1 4285.0
1983 2 4309.0
1983 3 5483.0
1983 4 6321.0
1983 5 5537.0
1983 6 7010.0
1983 7 6051.0
1983 8 4570.0
1983 9 5393.0
1983 10 5233.0
1983 11 4568.0
1983 12 5142.0
1984 1 7630.0
1984 2 6515.0
1984 3 7760.0
1984 4 7153.0
1984 5 6628.0
1984 6 9523.0
1984 7 5598.0
1984 8 7008.0
1984 9 4683.0
1984 10 6404.0
1984 11 3875.0
1984 12 4310.0
1985 1 6558.0
1985 2 7261.0
1985 3 6017.0
1985 4 6848.0
1985 5 6111.0
1985 6 6939.0
1985 7 5423.0
1985 8 7107.0
1985 9 5368.0
1985 10 7064.0
1985 11 3409.0
1985 12 3563.0
1986 1 4374.0
1986 2 5099.0
1986 3 5736.0
1986 4 6886.0
1986 5 7437.0
1986 6 5234.0
1986 7 5247.0
1986 8 4312.0
1986 9 5568.0
1986 10 4331.0
1986 11 2568.0
1986 12 3635.0
1987 1 3556.0
1987 2 3239.0
1987 3 4075.0
1987 4 3441.0
1987 5 3346.0
1987 6 3271.0
1987 7 3557.0
1987 8 3013.0
1987 9 4445.0
1987 10 3126.0
1987 11 2035.0
1987 12 2531.0
1988 1 1691.0
1988 2 2105.0
1988 3 3650.0
1988 4 3647.0
1988 5 2987.0
1988 6 3988.0
1988 7 2383.0
1988 8 3411.0
1988 9 2231.0
1988 10 2450.0
1988 11 2079.0
1988 12 1906.0
1989 1 1628.0
1989 2 1745.0
1989 3 2341.0
1989 4 1992.0
1989 5 2204.0
1989 6 2189.0
1989 7 2001.0
1989 8 2472.0
1989 9 1959.0
1989 10 1857.0
1989 11 1489.0
1989 12 1438.0
1990 1 2679.0
1990 2 1664.0
1990 3 1943.0
1990 4 2028.0
1990 5 2119.0
1990 6 2136.0
1990 7 2189.0
1990 8 2187.0
1990 9 1565.0
1990 10 1643.0
1990 11 1686.0
1990 12 1044.0
1991 1 1350.0
1991 2 1454.0
1991 3 1844.0
1991 4 2021.0
1991 5 2017.0
1991 6 2073.0
1991 7 2207.0
1991 8 2246.0
1991 9 2540.0
1991 10 2250.0
1991 11 1898.0
1991 12 1521.0
1992 1 2074.0
1992 2 2073.0
1992 3 2733.0
1992 4 2967.0
1992 5 2283.0
1992 6 2661.0
1992 7 3097.0
1992 8 2966.0
1992 9 2939.0
1992 10 2824.0
1992 11 2422.0
1992 12 2326.0
1993 1 2111.0
1993 2 2362.0
1993 3 3126.0
1993 4 3533.0
1993 5 2670.0
1993 6 3849.0
1993 7 3085.0
1993 8 3367.0
1993 9 3604.0
1993 10 3677.0
1993 11 3151.0
1993 12 3844.0
1994 1 3964.0
1994 2 3709.0
1994 3 4693.0
1994 4 4350.0
1994 5 4758.0
1994 6 4582.0
1994 7 4763.0
1994 8 4824.0
1994 9 4569.0
1994 10 4643.0
1994 11 3043.0
1994 12 3400.0
1995 1 3113.0
1995 2 3871.0
1995 3 4837.0
1995 4 4452.0
1995 5 5066.0
1995 6 4832.0
1995 7 4290.0
1995 8 5102.0
1995 9 4838.0
1995 10 3920.0
1995 11 4004.0
1995 12 4323.0
1996 1 4485.0
1996 2 5410.0
1996 3 5252.0
1996 4 5351.0
1996 5 4748.0
1996 6 4528.0
1996 7 4806.0
1996 8 3653.0
1996 9 4808.0
1996 10 4439.0
1996 11 2774.0
1996 12 3881.0
1997 1 5101.0
1997 2 4034.0
1997 3 4012.0
1997 4 4796.0
1997 5 4644.0
1997 6 4069.0
1997 7 4916.0
1997 8 5145.0
1997 9 5691.0
1997 10 5323.0
1997 11 3860.0
1997 12 5579.0
1998 1 3775.0
1998 2 4814.0
1998 3 5160.0
1998 4 5919.0
1998 5 4450.0
1998 6 6220.0
1998 7 6020.0
1998 8 5476.0
1998 9 5300.0
1998 10 4356.0
1998 11 5807.0
1998 12 4926.0
1999 1 5296.0
1999 2 4791.0
1999 3 6182.0
1999 4 6136.0
1999 5 6236.0
1999 6 6981.0
1999 7 5129.0
1999 8 4930.0
1999 9 5301.0
1999 10 4114.0
1999 11 4382.0
1999 12 4867.0
2000 1 4093.0
2000 2 5310.0
2000 3 6577.0
2000 4 5495.0
2000 5 5988.0
2000 6 5167.0
2000 7 4322.0
2000 8 5360.0
2000 9 5374.0
2000 10 4592.0
2000 11 4012.0
2000 12 3475.0
2001 1 3845.0
2001 2 5420.0
2001 3 5784.0
2001 4 5398.0
2001 5 5233.0
2001 6 5352.0
2001 7 5157.0
2001 8 5156.0
2001 9 5264.0
2001 10 3997.0
2001 11 3260.0
2001 12 3778.0
2002 1 3918.0
2002 2 4442.0
2002 3 4908.0
2002 4 5852.0
2002 5 5815.0
2002 6 6355.0
2002 7 5991.0
2002 8 5631.0
2002 9 5325.0
2002 10 5974.0
2002 11 4569.0
2002 12 5117.0
2003 1 4306.0
2003 2 4997.0
2003 3 5326.0
2003 4 5720.0
2003 5 5835.0
2003 6 7367.0
2003 7 6341.0
2003 8 6119.0
2003 9 6602.0
2003 10 6912.0
2003 11 5317.0
2003 12 6791.0
2004 1 5061.0
2004 2 5467.0
2004 3 7796.0
2004 4 8380.0
2004 5 7124.0
2004 6 8038.0
2004 7 9535.0
2004 8 7501.0
2004 9 7107.0
2004 10 7005.0
2004 11 5721.0
2004 12 6878.0
2005 1 6104.0
2005 2 6757.0
2005 3 8006.0
2005 4 8577.0
2005 5 7576.0
2005 6 8737.0
2005 7 7390.0
2005 8 8444.0
2005 9 7920.0
2005 10 7691.0
2005 11 5617.0
2005 12 6758.0
2006 1 6927.0
2006 2 5727.0
2006 3 7339.0
2006 4 6523.0
2006 5 7754.0
2006 6 6533.0
2006 7 4896.0
2006 8 4623.0
2006 9 4079.0
2006 10 3491.0
2006 11 3020.0
2006 12 3834.0
2007 1 3619.0
2007 2 6158.0
2007 3 6154.0
2007 4 4251.0
2007 5 4502.0
2007 6 5371.0
2007 7 3726.0
2007 8 3591.0
2007 9 3349.0
2007 10 2286.0
2007 11 3230.0
2007 12 1728.0
2008 1 2670.0
2008 2 2151.0
2008 3 2417.0
2008 4 2913.0
2008 5 2683.0
2008 6 2969.0
2008 7 2350.0
2008 8 1806.0
2008 9 1784.0
2008 10 1271.0
2008 11 999.0
2008 12 777.0
2009 1 743.0
2009 2 878.0
2009 3 864.0
2009 4 1062.0
2009 5 1178.0
2009 6 1606.0
2009 7 2029.0
2009 8 1206.0
2009 9 1180.0
2009 10 1111.0
2009 11 987.0
2009 12 1427.0
2010 1 1258.0
2010 2 1121.0
2010 3 1678.0
2010 4 1142.0
2010 5 975.0
2010 6 1095.0
2010 7 942.0
2010 8 956.0
2010 9 1055.0
2010 10 855.0
2010 11 755.0
2010 12 809.0
2011 1 697.0
2011 2 1056.0
2011 3 1241.0
2011 4 1007.0
2011 5 943.0
2011 6 1187.0
2011 7 1490.0
2011 8 1439.0
2011 9 1199.0
2011 10 943.0
2011 11 1159.0
2011 12 1025.0
2012 1 1204.0
2012 2 2184.0
2012 3 1374.0
2012 4 1705.0
2012 5 1945.0
2012 6 1684.0
2012 7 1996.0
2012 8 2199.0
2012 9 1626.0
2012 10 1758.0
2012 11 1479.0
2012 12 2365.0
2013 1 1780.0
2013 2 1635.0
2013 3 1832.0
2013 4 2428.0
2013 5 2721.0
2013 6 2083.0
2013 7 2290.0
2013 8 1783.0
2013 9 1421.0
2013 10 1671.0
2013 11 1174.0
2013 12 2804.0
2014 1 1735.0
2014 2 2497.0
2014 3 3129.0
2014 4 2687.0
2014 5 2474.0
2014 6 2484.0
2014 7 2324.0
2014 8 2104.0
2014 9 1860.0
2014 10 2019.0
2014 11 1563.0
2014 12 2987.0
2015 1 1712.0
2015 2 2144.0
2015 3 2699.0
2015 4 3080.0
2015 5 2710.0
2015 6 3115.0
2015 7 3114.0
2015 8 3168.0
2015 9 2503.0
2015 10 2617.0
2015 11 2129.0
2015 12 2727.0
2016 1 2773.0
2016 2 2387.0
2016 3 2553.0
2016 4 2577.0
2016 5 3503.0
2016 6 4711.0
2016 7 2440.0
2016 8 2629.0
2016 9 3514.0
2016 10 2174.0
2016 11 2958.0
2016 12 3401.0
2017 1 2484.0
2017 2 2304.0
2017 3 3595.0
2017 4 3255.0
2017 5 3716.0
2017 6 3399.0
2017 7 2487.0
2017 8 3941.0
2017 9 3108.0
2017 10 3706.0
2017 11 2681.0
2017 12 2806.0
2018 1 3531.0
2018 2 3005.0
2018 3 3132.0
2018 4 4261.0
2018 5 3621.0
2018 6 3557.0
2018 7 4509.0
2018 8 3738.0
2018 9 3230.0
2018 10 3156.0
2018 11 2563.0
2018 12 3166.0
2019 1 2641.0
2019 2 2897.0
2019 3 3691.0
2019 4 4590.0
2019 5 4282.0
2019 6 4359.0
2019 7 3918.0
2019 8 4027.0
2019 9 3302.0
2019 10 4032.0
2019 11 4175.0
2019 12 3779.0
2020 1 5080.0
2020 2 4851.0
2020 3 4463.0
2020 4 3316.0
2020 5 3128.0
2020 6 5394.0
2020 7 5758.0
2020 8 4669.0
2020 9 4340.0
2020 10 5352.0
2020 11 4580.0
2020 12 6350.0
2021 1 5096.0
2021 2 5484.0
2021 3 5173.0
2021 4 6384.0
2021 5 5349.0
2021 6 5996.0
2021 7 5935.0
2021 8 4939.0
2021 9 4306.0
2021 10 4986.0
2021 11 5418.0
2021 12 5858.0
2022 1 5727.0
2022 2 5522.0
2022 3 7221.0
2022 4 5268.0
2022 5 5264.0
2022 6 5537.0
2022 7 5509.0
2022 8 4603.0
2022 9 4020.0
2022 10 3871.0
2022 11 2931.0
2022 12 5252.0
2023 1 2033.0
2023 2 4600.0
2023 3 6525.0
2023 4 4268.0
2023 5 4534.0
2023 6 3840.0
2023 7 5367.0
2023 8 4967.0
2023 9 5793.0
2023 10 5110.0
2023 11 5590.0
2023 12 4737.0
2024 1 5576.0
2024 2 4977.0
2024 3 5363.0
2024 4 5357.0
2024 5 4490.0
2024 6 5351.0
2024 7 5003.0
2024 8 4919.0
