1960 10 11.0
1960 11 18.4
1960 12 25.8
1961 1 33.2
1961 2 40.6
1961 3 48.0
1961 4 41.857142857142854
1961 5 35.714285714285715
1961 6 29.57142857142857
1961 7 23.428571428571427
1961 8 17.285714285714285
1961 9 11.142857142857139
1961 10 5.0
1961 11 18.75
1961 12 32.5
1962 1 46.25
1962 2 60.0
1962 3 129.66666666666669
1962 4 199.33333333333334
1962 5 269.0
1962 6 60.0
1962 7 64.0
1962 8 75.0
1962 9 12.0
1962 10 70.0
1962 11 177.0
1962 12 26.0
1963 1 32.0
1963 2 16.0
1963 3 26.0
1963 4 168.0
1963 5 68.0
1963 6 218.0
1963 7 62.0
1963 8 29.0
1963 9 134.0
1963 10 36.0
1963 11 26.0
1963 12 110.0
1964 1 22.0
1964 2 67.0
1964 3 48.0
1964 4 120.0
1964 5 134.0
1964 6 136.0
1964 7 78.0
1964 8 34.0
1964 9 18.0
1964 10 57.0
1964 11 56.0
1964 12 116.0
1965 1 137.0
1965 2 116.0
1965 3 271.0
1965 4 45.0
1965 5 175.0
1965 6 11.0
1965 7 211.0
1965 8 84.0
1965 9 60.0
1965 10 49.0
1965 11 77.0
1965 12 116.0
1966 1 10.0
1966 2 94.0
1966 3 82.0
1966 4 52.0
1966 5 263.0
1966 6 81.0
1966 7 40.0
1966 8 24.0
1966 9 182.0
1966 10 37.0
1966 11 38.0
1966 12 7.0
1967 1 38.0
1967 2 78.0
1967 3 125.0
1967 4 16.0
1967 5 106.0
1967 6 90.0
1967 7 162.0
1967 8 107.0
1967 9 36.0
1967 10 57.0
1967 11 268.0
1967 12 50.0
1968 1 48.0
1968 2 9.0
1968 3 144.0
1968 4 38.0
1968 5 206.0
1968 6 287.0
1968 7 167.0
1968 8 141.0
1968 9 53.0
1968 10 178.5
1968 11 304.0
1968 12 156.0
1969 1 35.0
1969 2 37.0
1969 3 194.0
1969 4 35.0
1969 5 69.0
1969 6 275.0
1969 7 20.0
1969 8 142.0
1969 9 87.0
1969 10 294.0
1969 11 276.0
1969 12 108.0
1970 1 229.0
1970 2 83.0
1970 3 293.0
1970 4 227.0
1970 5 255.0
1970 6 286.0
1970 7 284.0
1970 8 200.0
1970 9 420.0
1970 10 244.0
1970 11 416.0
1970 12 97.0
1971 1 41.0
1971 2 223.0
1971 3 735.0
1971 4 112.0
1971 5 272.0
1971 6 191.0
1971 7 395.0
1971 8 351.0
1971 9 185.0
1971 10 624.0
1971 11 352.0
1971 12 643.0
1972 1 194.0
1972 2 285.0
1972 3 175.0
1972 4 302.0
1972 5 357.0
1972 6 401.0
1972 7 588.0
1972 8 240.0
1972 9 420.0
1972 10 936.0
1972 11 115.0
1972 12 336.0
1973 1 811.0
1973 2 546.0
1973 3 242.0
1973 4 31.0
1973 5 258.0
1973 6 614.0
1973 7 396.0
1973 8 316.0
1973 9 372.0
1973 10 320.0
1973 11 190.0
1973 12 160.0
1974 1 7.0
1974 2 158.0
1974 3 54.0
1974 4 46.0
1974 5 305.0
1974 6 206.0
1974 7 116.0
1974 8 26.0
1974 9 15.0
1974 10 26.0
1974 11 19.0
1974 12 12.0
1975 1 5.0
1975 2 52.5
1975 3 100.0
1975 4 88.5
1975 5 77.0
1975 6 69.0
1975 7 83.0
1975 8 78.0
1975 9 31.0
1975 10 24.0
1975 11 73.0
1975 12 59.0
1976 1 39.0
1976 2 68.0
1976 3 73.0
1976 4 69.0
1976 5 156.0
1976 6 187.0
1976 7 29.0
1976 8 53.0
1976 9 166.0
1976 10 108.0
1976 11 365.0
1976 12 101.0
1977 1 75.0
1977 2 100.0
1977 3 76.0
1977 4 307.0
1977 5 206.0
1977 6 379.0
1977 7 113.0
1977 8 306.0
1977 9 249.0
1977 10 205.0
1977 11 343.0
1977 12 284.0
1978 1 172.0
1978 2 261.0
1978 3 143.0
1978 4 51.0
1978 5 74.0
1978 6 104.0
1978 7 60.0
1978 8 58.0
1978 9 326.0
1978 10 185.0
1978 11 60.0
1978 12 214.0
1979 1 29.0
1979 2 101.0
1979 3 204.0
1979 4 379.0
1979 5 67.0
1979 6 278.0
1979 7 248.0
1979 8 99.0
1979 9 19.0
1979 10 225.0
1979 11 43.0
1979 12 11.0
1980 1 40.0
1980 2 82.0
1980 3 25.0
1980 4 458.0
1980 5 235.5
1980 6 13.0
1980 7 107.0
1980 8 301.0
1980 9 508.0
1980 10 390.0
1980 11 135.0
1980 12 121.0
1981 1 14.0
1981 2 677.0
1981 3 37.0
1981 4 187.0
1981 5 221.0
1981 6 60.0
1981 7 43.0
1981 8 42.5
1981 9 42.0
1981 10 36.0
1981 11 44.0
1981 12 34.0
1982 1 36.0
1982 2 38.0
1982 3 280.0
1982 4 146.0
1982 5 72.0
1982 6 527.0
1982 7 459.0
1982 8 46.0
1982 9 330.0
1982 10 202.0
1982 11 339.0
1982 12 48.0
1983 1 135.0
1983 2 112.0
1983 3 373.0
1983 4 685.0
1983 5 649.0
1983 6 208.0
1983 7 280.0
1983 8 292.0
1983 9 487.0
1983 10 214.0
1983 11 632.0
1983 12 95.0
1984 1 157.0
1984 2 233.0
1984 3 207.0
1984 4 455.0
1984 5 517.0
1984 6 692.0
1984 7 120.0
1984 8 386.0
1984 9 244.0
1984 10 70.0
1984 11 124.0
1984 12 81.0
1985 1 442.0
1985 2 26.0
1985 3 542.0
1985 4 354.0
1985 5 205.0
1985 6 126.0
1985 7 127.0
1985 8 335.0
1985 9 238.0
1985 10 237.0
1985 11 293.0
1985 12 219.0
1986 1 194.0
1986 2 225.0
1986 3 713.0
1986 4 236.0
1986 5 305.0
1986 6 134.0
1986 7 102.0
1986 8 50.0
1986 9 69.0
1986 10 96.0
1986 11 104.0
1986 12 423.0
1987 1 280.0
1987 2 28.0
1987 3 157.0
1987 4 21.0
1987 5 70.0
1987 6 45.0
1987 7 5.0
1987 8 41.0
1987 9 54.0
1987 10 118.0
1987 11 5.0
1987 12 42.0
1988 1 5.0
1988 2 128.0
1988 3 155.0
1988 4 54.0
1988 5 107.0
1988 6 92.0
1988 7 46.0
1988 8 47.0
1988 9 222.0
1988 10 29.0
1988 11 40.0
1988 12 118.0
1989 1 55.0
1989 2 65.0
1989 3 275.0
1989 4 5.0
1989 5 74.0
1989 6 96.0
1989 7 72.0
1989 8 61.0
1989 9 118.0
1989 10 162.0
1989 11 10.0
1989 12 161.0
1990 1 66.0
1990 2 41.0
1990 3 107.0
1990 4 40.0
1990 5 116.0
1990 6 139.0
1990 7 35.0
1990 8 71.0
1990 9 13.0
1990 10 45.0
1990 11 16.0
1990 12 5.0
1991 1 111.0
1991 2 217.0
1991 3 176.0
1991 4 132.0
1991 5 5.0
1991 6 58.0
1991 7 32.0
1991 8 10.0
1991 9 50.0
1991 10 462.0
1991 11 163.0
1991 12 178.0
1992 1 12.0
1992 2 53.0
1992 3 23.0
1992 4 28.0
1992 5 36.0
1992 6 44.0
1992 7 10.0
1992 8 72.0
1992 9 18.0
1992 10 104.0
1992 11 202.0
1992 12 300.0
1993 1 67.0
1993 2 19.0
1993 3 43.0
1993 4 196.0
1993 5 35.0
1993 6 39.0
1993 7 276.0
1993 8 117.0
1993 9 29.0
1993 10 185.0
1993 11 194.0
1993 12 320.0
1994 1 610.0
1994 2 101.0
1994 3 178.0
1994 4 302.0
1994 5 426.0
1994 6 364.0
1994 7 72.0
1994 8 103.0
1994 9 306.0
1994 10 92.0
1994 11 69.0
1994 12 444.0
1995 1 111.0
1995 2 314.0
1995 3 283.0
1995 4 752.0
1995 5 49.0
1995 6 12.0
1995 7 48.0
1995 8 765.0
1995 9 233.0
1995 10 242.0
1995 11 110.0
1995 12 181.0
1996 1 26.0
1996 2 400.0
1996 3 217.0
1996 4 685.0
1996 5 233.0
1996 6 185.0
1996 7 110.0
1996 8 87.0
1996 9 61.0
1996 10 20.0
1996 11 66.0
1996 12 315.0
1997 1 250.0
1997 2 253.0
1997 3 137.0
1997 4 277.0
1997 5 877.0
1997 6 247.0
1997 7 264.0
1997 8 92.0
1997 9 473.0
1997 10 447.0
1997 11 69.0
1997 12 117.0
1998 1 513.0
1998 2 118.0
1998 3 147.0
1998 4 357.0
1998 5 308.0
1998 6 187.0
1998 7 86.0
1998 8 47.0
1998 9 10.0
1998 10 302.0
1998 11 171.0
1998 12 81.0
1999 1 209.0
1999 2 96.0
1999 3 333.0
1999 4 6.0
1999 5 247.0
1999 6 13.0
1999 7 418.0
1999 8 645.0
1999 9 281.0
1999 10 202.0
1999 11 219.0
1999 12 330.0
2000 1 16.0
2000 2 236.0
2000 3 28.0
2000 4 108.0
2000 5 53.0
2000 6 150.0
2000 7 73.0
2000 8 8.0
2000 9 113.0
2000 10 350.0
2000 11 366.0
2000 12 63.0
2001 1 6.0
2001 2 23.0
2001 3 443.0
2001 4 225.0
2001 5 31.0
2001 6 114.0
2001 7 219.5
2001 8 325.0
2001 9 426.0
2001 10 450.0
2001 11 224.0
2001 12 56.0
2002 1 848.0
2002 2 32.0
2002 3 145.0
2002 4 270.0
2002 5 106.0
2002 6 246.0
2002 7 73.0
2002 8 198.0
2002 9 937.0
2002 10 57.0
2002 11 80.0
2002 12 467.0
2003 1 119.0
2003 2 187.0
2003 3 618.0
2003 4 647.0
2003 5 776.0
2003 6 133.0
2003 7 442.0
2003 8 137.0
2003 9 454.0
2003 10 269.0
2003 11 40.0
2003 12 306.0
2004 1 331.0
2004 2 188.0
2004 3 273.0
2004 4 944.0
2004 5 853.0
2004 6 294.0
2004 7 298.0
2004 8 609.0
2004 9 346.0
2004 10 315.0
2004 11 132.0
2004 12 517.0
2005 1 518.0
2005 2 469.0
2005 3 314.0
2005 4 33.0
2005 5 294.0
2005 6 177.0
2005 7 377.0
2005 8 386.0
2005 9 122.0
2005 10 556.0
2005 11 119.0
2005 12 675.0
2006 1 305.0
2006 2 259.0
2006 3 378.0
2006 4 99.0
2006 5 58.0
2006 6 63.0
2006 7 78.0
2006 8 219.0
2006 9 425.0
2006 10 42.0
2006 11 101.0
2006 12 57.0
2007 1 95.0
2007 2 48.0
2007 3 377.0
2007 4 160.0
2007 5 63.0
2007 6 92.0
2007 7 33.0
2007 8 279.0
2007 9 458.0
2007 10 75.0
2007 11 268.0
2007 12 99.0
2008 1 162.0
2008 2 642.0
2008 3 58.0
2008 4 330.0
2008 5 186.0
2008 6 235.0
2008 7 275.0
2008 8 325.0
2008 9 78.0
2008 10 412.0
2008 11 33.0
2008 12 184.0
2009 1 338.0
2009 2 146.0
2009 3 197.0
2009 4 20.0
2009 5 479.0
2009 6 179.0
2009 7 56.0
2009 8 94.0
2009 9 28.0
2009 10 180.0
2009 11 44.0
2009 12 56.0
2010 1 64.0
2010 2 10.0
2010 3 11.0
2010 4 256.0
2010 5 168.0
2010 6 688.0
2010 7 144.0
2010 8 510.0
2010 9 33.0
2010 10 43.0
2010 11 37.0
2010 12 202.0
2011 1 214.0
2011 2 103.0
2011 3 428.0
2011 4 10.0
2011 5 595.0
2011 6 69.0
2011 7 346.0
2011 8 11.0
2011 9 16.0
2011 10 158.0
2011 11 274.0
2011 12 263.3333333333333
2012 1 252.66666666666666
2012 2 242.0
2012 3 152.0
2012 4 84.0
2012 5 16.0
2012 6 178.0
2012 7 69.0
2012 8 432.0
2012 9 576.0
2012 10 56.0
2012 11 8.0
2012 12 138.0
2013 1 121.33333333333333
2013 2 104.66666666666666
2013 3 88.0
2013 4 178.0
2013 5 111.0
2013 6 261.0
2013 7 75.0
2013 8 95.0
2013 9 115.0
2013 10 78.0
2013 11 206.0
2013 12 62.0
2014 1 24.0
2014 2 145.0
2014 3 266.0
2014 4 107.0
2014 5 550.0
2014 6 96.0
2014 7 5.0
2014 8 5.0
2014 9 138.0
2014 10 169.0
2014 11 313.0
2014 12 475.0
2015 1 289.0
2015 2 8.0
2015 3 13.0
2015 4 9.0
2015 5 25.0
2015 6 237.0
2015 7 244.0
2015 8 858.0
2015 9 61.0
2015 10 200.0
2015 11 31.0
2015 12 38.0
2016 1 121.0
2016 2 306.0
2016 3 24.0
2016 4 30.0
2016 5 374.0
2016 6 354.0
2016 7 34.0
2016 8 253.0
2016 9 28.0
2016 10 22.0
2016 11 15.0
2016 12 264.0
2017 1 144.0
2017 2 171.0
2017 3 29.0
2017 4 423.0
2017 5 34.0
2017 6 376.0
2017 7 21.0
2017 8 145.0
2017 9 180.0
2017 10 128.0
2017 11 226.0
2017 12 534.0
2018 1 645.0
2018 2 49.0
2018 3 329.0
2018 4 335.0
2018 5 105.0
2018 6 52.0
2018 7 41.0
2018 8 44.0
2018 9 80.0
2018 10 75.0
2018 11 72.0
2018 12 294.0
2019 1 42.0
2019 2 403.0
2019 3 33.0
2019 4 49.0
2019 5 155.0
2019 6 166.0
2019 7 273.0
2019 8 1378.0
2019 9 135.0
2019 10 119.0
2019 11 359.0
2019 12 607.0
2020 1 98.0
2020 2 57.0
2020 3 358.0
2020 4 341.0
2020 5 272.0
2020 6 98.0
2020 7 117.0
2020 8 148.0
2020 9 250.0
2020 10 242.0
2020 11 469.0
2020 12 24.0
2021 1 221.0
2021 2 81.0
2021 3 550.0
2021 4 160.0
2021 5 62.0
2021 6 94.0
2021 7 83.0
2021 8 121.0
2021 9 756.0
2021 10 89.0
2021 11 272.0
2021 12 116.0
2022 1 103.0
2022 2 521.0
2022 3 286.0
2022 4 273.0
2022 5 622.0
2022 6 346.0
2022 7 293.0
2022 8 460.0
2022 9 143.0
2022 10 178.0
2022 11 150.0
2022 12 90.0
2023 1 209.0
2023 2 251.0
2023 3 46.0
2023 4 88.0
2023 5 110.0
2023 6 196.0
2023 7 209.0
2023 8 81.0
2023 9 39.0
2023 10 232.0
2023 11 385.0
2023 12 38.0
2024 1 58.0
2024 2 110.0
2024 3 183.0
2024 4 194.0
2024 5 104.0
2024 6 238.0
2024 7 90.0
2024 8 227.0
