1960 5 264.0
1960 6 327.0
1960 7 193.0
1960 8 257.0
1960 9 221.0
1960 10 231.0
1960 11 165.0
1960 12 132.0
1961 1 189.0
1961 2 243.0
1961 3 258.0
1961 4 238.0
1961 5 252.0
1961 6 247.0
1961 7 295.0
1961 8 266.0
1961 9 315.0
1961 10 307.0
1961 11 222.0
1961 12 162.0
1962 1 218.0
1962 2 318.0
1962 3 464.0
1962 4 322.0
1962 5 392.0
1962 6 306.0
1962 7 291.0
1962 8 392.0
1962 9 305.0
1962 10 380.0
1962 11 277.0
1962 12 218.0
1963 1 266.0
1963 2 308.0
1963 3 352.0
1963 4 396.0
1963 5 353.0
1963 6 327.0
1963 7 344.0
1963 8 306.0
1963 9 338.0
1963 10 302.0
1963 11 207.0
1963 12 232.0
1964 1 261.0
1964 2 257.0
1964 3 341.0
1964 4 349.0
1964 5 311.0
1964 6 332.0
1964 7 277.0
1964 8 292.0
1964 9 321.0
1964 10 310.0
1964 11 247.0
1964 12 208.0
1965 1 288.0
1965 2 244.0
1965 3 313.0
1965 4 384.0
1965 5 287.0
1965 6 373.0
1965 7 363.0
1965 8 323.0
1965 9 259.0
1965 10 265.0
1965 11 325.0
1965 12 258.0
1966 1 229.0
1966 2 219.0
1966 3 359.0
1966 4 257.0
1966 5 212.0
1966 6 198.0
1966 7 165.0
1966 8 201.0
1966 9 164.0
1966 10 177.0
1966 11 136.0
1966 12 101.0
1967 1 181.0
1967 2 208.0
1967 3 250.0
1967 4 209.0
1967 5 198.0
1967 6 250.0
1967 7 216.0
1967 8 242.0
1967 9 234.0
1967 10 246.0
1967 11 176.0
1967 12 161.0
1968 1 170.0
1968 2 206.0
1968 3 222.0
1968 4 286.0
1968 5 381.0
1968 6 349.0
1968 7 359.0
1968 8 441.0
1968 9 385.0
1968 10 371.0
1968 11 248.0
1968 12 296.0
1969 1 266.0
1969 2 334.0
1969 3 359.0
1969 4 407.0
1969 5 368.0
1969 6 263.0
1969 7 272.0
1969 8 250.0
1969 9 346.0
1969 10 373.0
1969 11 285.0
1969 12 220.0
1970 1 186.0
1970 2 258.0
1970 3 323.0
1970 4 630.0
1970 5 330.0
1970 6 376.0
1970 7 334.0
1970 8 389.0
1970 9 412.0
1970 10 348.0
1970 11 305.0
1970 12 516.0
1971 1 397.0
1971 2 339.0
1971 3 523.0
1971 4 658.0
1971 5 569.0
1971 6 532.0
1971 7 606.0
1971 8 461.0
1971 9 605.0
1971 10 438.0
1971 11 486.0
1971 12 442.0
1972 1 470.0
1972 2 534.0
1972 3 671.0
1972 4 562.0
1972 5 746.0
1972 6 736.0
1972 7 586.0
1972 8 659.0
1972 9 561.0
1972 10 608.0
1972 11 448.0
1972 12 356.0
1973 1 482.0
1973 2 525.0
1973 3 605.0
1973 4 559.0
1973 5 639.0
1973 6 496.0
1973 7 502.0
1973 8 445.0
1973 9 248.0
1973 10 373.0
1973 11 352.0
1973 12 247.0
1974 1 269.0
1974 2 446.0
1974 3 547.0
1974 4 567.0
1974 5 408.0
1974 6 519.0
1974 7 421.0
1974 8 348.0
1974 9 291.0
1974 10 373.0
1974 11 254.0
1974 12 242.0
1975 1 299.0
1975 2 322.0
1975 3 367.0
1975 4 513.0
1975 5 450.0
1975 6 393.0
1975 7 463.0
1975 8 387.0
1975 9 480.0
1975 10 496.0
1975 11 353.0
1975 12 299.0
1976 1 499.0
1976 2 557.0
1976 3 604.0
1976 4 511.0
1976 5 441.0
1976 6 476.0
1976 7 585.0
1976 8 472.0
1976 9 429.0
1976 10 484.0
1976 11 403.0
1976 12 345.0
1977 1 343.0
1977 2 649.0
1977 3 631.0
1977 4 636.0
1977 5 681.0
1977 6 590.0
1977 7 576.0
1977 8 572.0
1977 9 620.0
1977 10 633.0
1977 11 544.0
1977 12 427.0
1978 1 272.0
1978 2 406.0
1978 3 580.0
1978 4 719.0
1978 5 744.0
1978 6 632.0
1978 7 574.0
1978 8 515.0
1978 9 603.0
1978 10 597.0
1978 11 452.0
1978 12 388.0
1979 1 172.0
1979 2 348.0
1979 3 711.0
1979 4 698.0
1979 5 638.0
1979 6 507.0
1979 7 695.0
1979 8 729.0
1979 9 562.0
1979 10 595.0
1979 11 415.0
1979 12 263.0
1980 1 400.0
1980 2 526.0
1980 3 354.0
1980 4 383.0
1980 5 309.0
1980 6 412.0
1980 7 419.0
1980 8 495.0
1980 9 444.0
1980 10 487.0
1980 11 287.0
1980 12 282.0
1981 1 262.0
1981 2 283.0
1981 3 311.0
1981 4 375.0
1981 5 240.0
1981 6 251.0
1981 7 232.0
1981 8 214.0
1981 9 223.0
1981 10 196.0
1981 11 135.0
1981 12 146.0
1982 1 105.0
1982 2 91.0
1982 3 192.0
1982 4 161.0
1982 5 145.0
1982 6 193.0
1982 7 186.0
1982 8 163.0
1982 9 267.0
1982 10 283.0
1982 11 182.0
1982 12 156.0
1983 1 235.0
1983 2 268.0
1983 3 353.0
1983 4 312.0
1983 5 392.0
1983 6 374.0
1983 7 333.0
1983 8 385.0
1983 9 515.0
1983 10 348.0
1983 11 302.0
1983 12 205.0
1984 1 277.0
1984 2 432.0
1984 3 432.0
1984 4 327.0
1984 5 405.0
1984 6 382.0
1984 7 327.0
1984 8 321.0
1984 9 262.0
1984 10 269.0
1984 11 283.0
1984 12 234.0
1985 1 358.0
1985 2 307.0
1985 3 462.0
1985 4 500.0
1985 5 436.0
1985 6 506.0
1985 7 488.0
1985 8 515.0
1985 9 587.0
1985 10 455.0
1985 11 326.0
1985 12 299.0
1986 1 469.0
1986 2 327.0
1986 3 463.0
1986 4 501.0
1986 5 471.0
1986 6 430.0
1986 7 494.0
1986 8 381.0
1986 9 469.0
1986 10 477.0
1986 11 341.0
1986 12 349.0
1987 1 323.0
1987 2 420.0
1987 3 531.0
1987 4 569.0
1987 5 456.0
1987 6 520.0
1987 7 447.0
1987 8 409.0
1987 9 394.0
1987 10 399.0
1987 11 329.0
1987 12 288.0
1988 1 202.0
1988 2 388.0
1988 3 471.0
1988 4 460.0
1988 5 480.0
1988 6 438.0
1988 7 401.0
1988 8 420.0
1988 9 414.0
1988 10 362.0
1988 11 331.0
1988 12 364.0
1989 1 322.0
1989 2 229.0
1989 3 403.0
1989 4 465.0
1989 5 405.0
1989 6 407.0
1989 7 366.0
1989 8 446.0
1989 9 419.0
1989 10 433.0
1989 11 337.0
1989 12 257.0
1990 1 396.0
1990 2 396.0
1990 3 568.0
1990 4 435.0
1990 5 430.0
1990 6 488.0
1990 7 435.0
1990 8 429.0
1990 9 373.0
1990 10 415.0
1990 11 315.0
1990 12 201.0
1991 1 240.0
1991 2 405.0
1991 3 353.0
1991 4 410.0
1991 5 461.0
1991 6 447.0
1991 7 506.0
1991 8 485.0
1991 9 507.0
1991 10 439.0
1991 11 326.0
1991 12 340.0
1992 1 384.0
1992 2 424.0
1992 3 562.0
1992 4 539.0
1992 5 520.0
1992 6 522.0
1992 7 545.0
1992 8 527.0
1992 9 570.0
1992 10 602.0
1992 11 454.0
1992 12 462.0
1993 1 452.0
1993 2 519.0
1993 3 597.0
1993 4 587.0
1993 5 572.0
1993 6 684.0
1993 7 585.0
1993 8 636.0
1993 9 590.0
1993 10 588.0
1993 11 502.0
1993 12 532.0
1994 1 559.0
1994 2 673.0
1994 3 879.0
1994 4 824.0
1994 5 928.0
1994 6 711.0
1994 7 643.0
1994 8 717.0
1994 9 559.0
1994 10 615.0
1994 11 564.0
1994 12 404.0
1995 1 423.0
1995 2 523.0
1995 3 645.0
1995 4 670.0
1995 5 697.0
1995 6 636.0
1995 7 575.0
1995 8 660.0
1995 9 609.0
1995 10 706.0
1995 11 611.0
1995 12 488.0
1996 1 531.0
1996 2 784.0
1996 3 690.0
1996 4 834.0
1996 5 762.0
1996 6 706.0
1996 7 720.0
1996 8 747.0
1996 9 634.0
1996 10 728.0
1996 11 426.0
1996 12 394.0
1997 1 508.0
1997 2 574.0
1997 3 571.0
1997 4 726.0
1997 5 615.0
1997 6 598.0
1997 7 600.0
1997 8 492.0
1997 9 682.0
1997 10 641.0
1997 11 468.0
1997 12 405.0
1998 1 416.0
1998 2 512.0
1998 3 807.0
1998 4 841.0
1998 5 772.0
1998 6 613.0
1998 7 612.0
1998 8 627.0
1998 9 664.0
1998 10 605.0
1998 11 503.0
1998 12 460.0
1999 1 521.0
1999 2 604.0
1999 3 724.0
1999 4 743.0
1999 5 653.0
1999 6 776.0
1999 7 772.0
1999 8 765.0
1999 9 744.0
1999 10 652.0
1999 11 542.0
1999 12 491.0
2000 1 535.0
2000 2 808.0
2000 3 739.0
2000 4 615.0
2000 5 593.0
2000 6 554.0
2000 7 548.0
2000 8 711.0
2000 9 495.0
2000 10 729.0
2000 11 496.0
2000 12 354.0
2001 1 493.0
2001 2 551.0
2001 3 774.0
2001 4 736.0
2001 5 786.0
2001 6 753.0
2001 7 651.0
2001 8 741.0
2001 9 521.0
2001 10 621.0
2001 11 526.0
2001 12 467.0
2002 1 605.0
2002 2 593.0
2002 3 596.0
2002 4 790.0
2002 5 772.0
2002 6 848.0
2002 7 723.0
2002 8 772.0
2002 9 632.0
2002 10 623.0
2002 11 626.0
2002 12 510.0
2003 1 638.0
2003 2 568.0
2003 3 862.0
2003 4 820.0
2003 5 836.0
2003 6 888.0
2003 7 793.0
2003 8 1096.0
2003 9 824.0
2003 10 824.0
2003 11 587.0
2003 12 644.0
2004 1 720.0
2004 2 678.0
2004 3 913.0
2004 4 828.0
2004 5 888.0
2004 6 879.0
2004 7 918.0
2004 8 875.0
2004 9 951.0
2004 10 780.0
2004 11 671.0
2004 12 728.0
2005 1 813.0
2005 2 788.0
2005 3 1091.0
2005 4 1022.0
2005 5 892.0
2005 6 998.0
2005 7 1018.0
2005 8 1023.0
2005 9 978.0
2005 10 795.0
2005 11 848.0
2005 12 1014.0
2006 1 936.0
2006 2 875.0
2006 3 955.0
2006 4 1030.0
2006 5 802.0
2006 6 1032.0
2006 7 852.0
2006 8 909.0
2006 9 629.0
2006 10 617.0
2006 11 686.0
2006 12 515.0
2007 1 580.0
2007 2 663.0
2007 3 829.0
2007 4 722.0
2007 5 756.0
2007 6 662.0
2007 7 616.0
2007 8 666.0
2007 9 442.0
2007 10 439.0
2007 11 415.0
2007 12 381.0
2008 1 439.0
2008 2 394.0
2008 3 436.0
2008 4 469.0
2008 5 629.0
2008 6 521.0
2008 7 447.0
2008 8 331.0
2008 9 414.0
2008 10 336.0
2008 11 212.0
2008 12 203.0
2009 1 231.0
2009 2 243.0
2009 3 328.0
2009 4 358.0
2009 5 328.0
2009 6 427.0
2009 7 386.0
2009 8 411.0
2009 9 412.0
2009 10 342.0
2009 11 356.0
2009 12 285.0
2010 1 329.0
2010 2 394.0
2010 3 488.0
2010 4 497.0
2010 5 399.0
2010 6 422.0
2010 7 320.0
2010 8 310.0
2010 9 335.0
2010 10 275.0
2010 11 224.0
2010 12 319.0
2011 1 244.0
2011 2 232.0
2011 3 416.0
2011 4 281.0
2011 5 385.0
2011 6 401.0
2011 7 270.0
2011 8 346.0
2011 9 316.0
2011 10 301.0
2011 11 257.0
2011 12 232.0
2012 1 324.0
2012 2 404.0
2012 3 443.0
2012 4 411.0
2012 5 533.0
2012 6 371.0
2012 7 494.0
2012 8 432.0
2012 9 339.0
2012 10 411.0
2012 11 388.0
2012 12 310.0
2013 1 341.0
2013 2 377.0
2013 3 433.0
2013 4 504.0
2013 5 515.0
2013 6 471.0
2013 7 466.0
2013 8 484.0
2013 9 389.0
2013 10 352.0
2013 11 334.0
2013 12 261.0
2014 1 305.0
2014 2 331.0
2014 3 412.0
2014 4 413.0
2014 5 395.0
2014 6 393.0
2014 7 395.0
2014 8 402.0
2014 9 521.0
2014 10 478.0
2014 11 262.0
2014 12 359.0
2015 1 375.0
2015 2 420.0
2015 3 492.0
2015 4 600.0
2015 5 516.0
2015 6 552.0
2015 7 564.0
2015 8 456.0
2015 9 451.0
2015 10 464.0
2015 11 375.0
2015 12 421.0
2016 1 452.0
2016 2 533.0
2016 3 571.0
2016 4 670.0
2016 5 547.0
2016 6 560.0
2016 7 578.0
2016 8 691.0
2016 9 519.0
2016 10 756.0
2016 11 466.0
2016 12 417.0
2017 1 551.0
2017 2 576.0
2017 3 660.0
2017 4 578.0
2017 5 625.0
2017 6 652.0
2017 7 594.0
2017 8 732.0
2017 9 740.0
2017 10 653.0
2017 11 504.0
2017 12 483.0
2018 1 552.0
2018 2 533.0
2018 3 839.0
2018 4 703.0
2018 5 679.0
2018 6 827.0
2018 7 632.0
2018 8 607.0
2018 9 459.0
2018 10 536.0
2018 11 542.0
2018 12 450.0
2019 1 563.0
2019 2 482.0
2019 3 654.0
2019 4 632.0
2019 5 690.0
2019 6 627.0
2019 7 691.0
2019 8 649.0
2019 9 719.0
2019 10 738.0
2019 11 599.0
2019 12 617.0
2020 1 663.0
2020 2 570.0
2020 3 690.0
2020 4 637.0
2020 5 601.0
2020 6 708.0
2020 7 799.0
2020 8 850.0
2020 9 872.0
2020 10 830.0
2020 11 698.0
2020 12 757.0
2021 1 959.0
2021 2 670.0
2021 3 1117.0
2021 4 1109.0
2021 5 776.0
2021 6 899.0
2021 7 1041.0
2021 8 938.0
2021 9 798.0
2021 10 1043.0
2021 11 758.0
2021 12 768.0
2022 1 874.0
2022 2 655.0
2022 3 1120.0
2022 4 892.0
2022 5 961.0
2022 6 939.0
2022 7 854.0
2022 8 829.0
2022 9 797.0
2022 10 737.0
2022 11 475.0
2022 12 517.0
2023 1 628.0
2023 2 593.0
2023 3 705.0
2023 4 613.0
2023 5 878.0
2023 6 1013.0
2023 7 1042.0
2023 8 808.0
2023 9 759.0
2023 10 772.0
2023 11 676.0
2023 12 918.0
2024 1 695.0
2024 2 873.0
2024 3 957.0
2024 4 826.0
2024 5 845.0
2024 6 853.0
2024 7 893.0
2024 8 797.0
