1960 5 277.0
1960 6 334.0
1960 7 211.0
1960 8 259.0
1960 9 228.0
1960 10 250.0
1960 11 167.0
1960 12 142.0
1961 1 193.0
1961 2 250.0
1961 3 310.0
1961 4 285.0
1961 5 252.0
1961 6 253.0
1961 7 301.0
1961 8 284.0
1961 9 331.0
1961 10 334.0
1961 11 234.0
1961 12 168.0
1962 1 228.0
1962 2 385.0
1962 3 478.0
1962 4 326.0
1962 5 676.0
1962 6 394.0
1962 7 371.0
1962 8 481.0
1962 9 343.0
1962 10 470.0
1962 11 458.0
1962 12 252.0
1963 1 324.0
1963 2 328.0
1963 3 392.0
1963 4 594.0
1963 5 429.0
1963 6 563.0
1963 7 419.0
1963 8 345.0
1963 9 480.0
1963 10 370.0
1963 11 239.0
1963 12 354.0
1964 1 289.0
1964 2 340.0
1964 3 401.0
1964 4 486.0
1964 5 455.0
1964 6 478.0
1964 7 359.0
1964 8 346.0
1964 9 360.0
1964 10 407.0
1964 11 325.0
1964 12 353.0
1965 1 449.0
1965 2 375.0
1965 3 638.0
1965 4 463.0
1965 5 480.0
1965 6 410.0
1965 7 601.0
1965 8 425.0
1965 9 355.0
1965 10 332.0
1965 11 418.0
1965 12 402.0
1966 1 257.0
1966 2 341.0
1966 3 459.0
1966 4 322.0
1966 5 489.0
1966 6 309.0
1966 7 217.0
1966 8 231.0
1966 9 366.0
1966 10 220.0
1966 11 180.0
1966 12 202.0
1967 1 241.0
1967 2 328.0
1967 3 411.0
1967 4 243.0
1967 5 317.0
1967 6 350.0
1967 7 386.0
1967 8 349.0
1967 9 289.0
1967 10 316.0
1967 11 474.0
1967 12 219.0
1968 1 236.0
1968 2 236.0
1968 3 384.0
1968 4 334.0
1968 5 613.0
1968 6 669.0
1968 7 569.0
1968 8 604.0
1968 9 519.0
1968 10 414.0
1968 11 617.0
1968 12 472.0
1969 1 315.0
1969 2 407.0
1969 3 585.0
1969 4 525.0
1969 5 500.0
1969 6 552.0
1969 7 365.0
1969 8 410.0
1969 9 474.0
1969 10 751.0
1969 11 585.0
1969 12 339.0
1970 1 481.0
1970 2 359.0
1970 3 640.0
1970 4 869.0
1970 5 604.0
1970 6 703.0
1970 7 658.0
1970 8 766.0
1970 9 872.0
1970 10 668.0
1970 11 751.0
1970 12 707.0
1971 1 481.0
1971 2 610.0
1971 3 1303.0
1971 4 824.0
1971 5 871.0
1971 6 753.0
1971 7 1051.0
1971 8 869.0
1971 9 816.0
1971 10 1113.0
1971 11 908.0
1971 12 1133.0
1972 1 741.0
1972 2 855.0
1972 3 937.0
1972 4 890.0
1972 5 1164.0
1972 6 1203.0
1972 7 1203.0
1972 8 1001.0
1972 9 1043.0
1972 10 1596.0
1972 11 869.0
1972 12 736.0
1973 1 1316.0
1973 2 1127.0
1973 3 906.0
1973 4 644.0
1973 5 945.0
1973 6 1142.0
1973 7 959.0
1973 8 794.0
1973 9 661.0
1973 10 744.0
1973 11 556.0
1973 12 470.0
1974 1 300.0
1974 2 656.0
1974 3 631.0
1974 4 663.0
1974 5 754.0
1974 6 788.0
1974 7 448.0
1974 8 495.0
1974 9 316.0
1974 10 430.0
1974 11 271.0
1974 12 278.0
1975 1 377.0
1975 2 451.0
1975 3 592.0
1975 4 546.0
1975 5 586.0
1975 6 480.0
1975 7 575.0
1975 8 511.0
1975 9 547.0
1975 10 543.0
1975 11 460.0
1975 12 448.0
1976 1 598.0
1976 2 681.0
1976 3 709.0
1976 4 652.0
1976 5 693.0
1976 6 716.0
1976 7 648.0
1976 8 606.0
1976 9 629.0
1976 10 743.0
1976 11 825.0
1976 12 503.0
1977 1 457.0
1977 2 852.0
1977 3 795.0
1977 4 1045.0
1977 5 980.0
1977 6 1108.0
1977 7 791.0
1977 8 982.0
1977 9 960.0
1977 10 959.0
1977 11 1040.0
1977 12 770.0
1978 1 479.0
1978 2 728.0
1978 3 821.0
1978 4 830.0
1978 5 883.0
1978 6 810.0
1978 7 675.0
1978 8 688.0
1978 9 1080.0
1978 10 849.0
1978 11 552.0
1978 12 734.0
1979 1 223.0
1979 2 496.0
1979 3 983.0
1979 4 1185.0
1979 5 797.0
1979 6 838.0
1979 7 1099.0
1979 8 862.0
1979 9 618.0
1979 10 881.0
1979 11 477.0
1979 12 340.0
1980 1 478.0
1980 2 653.0
1980 3 416.0
1980 4 875.0
1980 5 430.0
1980 6 487.0
1980 7 629.0
1980 8 1030.0
1980 9 1113.0
1980 10 1011.0
1980 11 455.0
1980 12 474.0
1981 1 311.0
1981 2 1045.0
1981 3 434.0
1981 4 648.0
1981 5 603.0
1981 6 354.0
1981 7 307.0
1981 8 238.0
1981 9 284.0
1981 10 367.0
1981 11 225.0
1981 12 223.0
1982 1 111.0
1982 2 153.0
1982 3 864.0
1982 4 366.0
1982 5 271.0
1982 6 741.0
1982 7 775.0
1982 8 342.0
1982 9 665.0
1982 10 528.0
1982 11 572.0
1982 12 219.0
1983 1 532.0
1983 2 467.0
1983 3 890.0
1983 4 1109.0
1983 5 1140.0
1983 6 750.0
1983 7 770.0
1983 8 864.0
1983 9 1223.0
1983 10 728.0
1983 11 1150.0
1983 12 404.0
1984 1 512.0
1984 2 838.0
1984 3 840.0
1984 4 965.0
1984 5 1157.0
1984 6 1236.0
1984 7 543.0
1984 8 987.0
1984 9 582.0
1984 10 438.0
1984 11 529.0
1984 12 405.0
1985 1 901.0
1985 2 392.0
1985 3 1087.0
1985 4 979.0
1985 5 743.0
1985 6 793.0
1985 7 733.0
1985 8 942.0
1985 9 916.0
1985 10 843.0
1985 11 810.0
1985 12 693.0
1986 1 816.0
1986 2 608.0
1986 3 1272.0
1986 4 788.0
1986 5 940.0
1986 6 609.0
1986 7 794.0
1986 8 493.0
1986 9 612.0
1986 10 724.0
1986 11 496.0
1986 12 845.0
1987 1 656.0
1987 2 478.0
1987 3 751.0
1987 4 633.0
1987 5 607.0
1987 6 634.0
1987 7 492.0
1987 8 562.0
1987 9 464.0
1987 10 550.0
1987 11 360.0
1987 12 353.0
1988 1 216.0
1988 2 560.0
1988 3 705.0
1988 4 560.0
1988 5 632.0
1988 6 554.0
1988 7 469.0
1988 8 520.0
1988 9 701.0
1988 10 443.0
1988 11 458.0
1988 12 497.0
1989 1 398.0
1989 2 332.0
1989 3 703.0
1989 4 497.0
1989 5 586.0
1989 6 544.0
1989 7 485.0
1989 8 591.0
1989 9 578.0
1989 10 676.0
1989 11 358.0
1989 12 458.0
1990 1 498.0
1990 2 460.0
1990 3 728.0
1990 4 496.0
1990 5 587.0
1990 6 813.0
1990 7 507.0
1990 8 530.0
1990 9 449.0
1990 10 485.0
1990 11 356.0
1990 12 224.0
1991 1 279.0
1991 2 665.0
1991 3 596.0
1991 4 567.0
1991 5 503.0
1991 6 608.0
1991 7 613.0
1991 8 531.0
1991 9 875.0
1991 10 941.0
1991 11 560.0
1991 12 552.0
1992 1 442.0
1992 2 519.0
1992 3 663.0
1992 4 654.0
1992 5 620.0
1992 6 635.0
1992 7 647.0
1992 8 723.0
1992 9 714.0
1992 10 803.0
1992 11 546.0
1992 12 802.0
1993 1 564.0
1993 2 634.0
1993 3 711.0
1993 4 892.0
1993 5 768.0
1993 6 842.0
1993 7 1029.0
1993 8 932.0
1993 9 806.0
1993 10 976.0
1993 11 831.0
1993 12 918.0
1994 1 1302.0
1994 2 820.0
1994 3 1254.0
1994 4 929.0
1994 5 1505.0
1994 6 1307.0
1994 7 859.0
1994 8 1005.0
1994 9 1283.0
1994 10 809.0
1994 11 748.0
1994 12 964.0
1995 1 611.0
1995 2 962.0
1995 3 1136.0
1995 4 1555.0
1995 5 901.0
1995 6 773.0
1995 7 782.0
1995 8 1517.0
1995 9 981.0
1995 10 1113.0
1995 11 786.0
1995 12 734.0
1996 1 601.0
1996 2 1258.0
1996 3 974.0
1996 4 1638.0
1996 5 1065.0
1996 6 948.0
1996 7 872.0
1996 8 949.0
1996 9 859.0
1996 10 827.0
1996 11 614.0
1996 12 767.0
1997 1 797.0
1997 2 918.0
1997 3 747.0
1997 4 1074.0
1997 5 1574.0
1997 6 902.0
1997 7 917.0
1997 8 640.0
1997 9 1246.0
1997 10 1220.0
1997 11 617.0
1997 12 583.0
1998 1 985.0
1998 2 674.0
1998 3 1093.0
1998 4 1264.0
1998 5 1184.0
1998 6 869.0
1998 7 813.0
1998 8 724.0
1998 9 738.0
1998 10 984.0
1998 11 710.0
1998 12 587.0
1999 1 768.0
1999 2 727.0
1999 3 1144.0
1999 4 843.0
1999 5 940.0
1999 6 830.0
1999 7 1238.0
1999 8 1575.0
1999 9 1118.0
1999 10 1002.0
1999 11 786.0
1999 12 838.0
2000 1 591.0
2000 2 1086.0
2000 3 821.0
2000 4 790.0
2000 5 813.0
2000 6 855.0
2000 7 641.0
2000 8 866.0
2000 9 717.0
2000 10 1111.0
2000 11 913.0
2000 12 431.0
2001 1 553.0
2001 2 596.0
2001 3 1298.0
2001 4 1026.0
2001 5 901.0
2001 6 1264.0
2001 7 694.0
2001 8 1098.0
2001 9 974.0
2001 10 1164.0
2001 11 805.0
2001 12 578.0
2002 1 1459.0
2002 2 692.0
2002 3 792.0
2002 4 1093.0
2002 5 933.0
2002 6 1322.0
2002 7 834.0
2002 8 1052.0
2002 9 1662.0
2002 10 752.0
2002 11 763.0
2002 12 1047.0
2003 1 788.0
2003 2 808.0
2003 3 1525.0
2003 4 1576.0
2003 5 1802.0
2003 6 1070.0
2003 7 1340.0
2003 8 1354.0
2003 9 1356.0
2003 10 1139.0
2003 11 652.0
2003 12 981.0
2004 1 1112.0
2004 2 894.0
2004 3 1263.0
2004 4 1836.0
2004 5 1777.0
2004 6 1239.0
2004 7 1257.0
2004 8 1555.0
2004 9 1354.0
2004 10 1256.0
2004 11 834.0
2004 12 1401.0
2005 1 1402.0
2005 2 1340.0
2005 3 1525.0
2005 4 1118.0
2005 5 1283.0
2005 6 1247.0
2005 7 1444.0
2005 8 1495.0
2005 9 1170.0
2005 10 1470.0
2005 11 1043.0
2005 12 1736.0
2006 1 1379.0
2006 2 1213.0
2006 3 1389.0
2006 4 1243.0
2006 5 937.0
2006 6 1138.0
2006 7 1017.0
2006 8 1194.0
2006 9 1151.0
2006 10 716.0
2006 11 870.0
2006 12 633.0
2007 1 750.0
2007 2 988.0
2007 3 1323.0
2007 4 920.0
2007 5 926.0
2007 6 813.0
2007 7 750.0
2007 8 1012.0
2007 9 946.0
2007 10 555.0
2007 11 726.0
2007 12 618.0
2008 1 655.0
2008 2 1085.0
2008 3 540.0
2008 4 853.0
2008 5 918.0
2008 6 862.0
2008 7 789.0
2008 8 682.0
2008 9 559.0
2008 10 765.0
2008 11 268.0
2008 12 412.0
2009 1 634.0
2009 2 418.0
2009 3 549.0
2009 4 396.0
2009 5 884.0
2009 6 628.0
2009 7 494.0
2009 8 533.0
2009 9 458.0
2009 10 588.0
2009 11 406.0
2009 12 345.0
2010 1 411.0
2010 2 414.0
2010 3 597.0
2010 4 771.0
2010 5 597.0
2010 6 1152.0
2010 7 508.0
2010 8 845.0
2010 9 522.0
2010 10 360.0
2010 11 300.0
2010 12 563.0
2011 1 470.0
2011 2 340.0
2011 3 889.0
2011 4 329.0
2011 5 1010.0
2011 6 531.0
2011 7 662.0
2011 8 406.0
2011 9 363.0
2011 10 511.0
2011 11 571.0
2011 12 243.0
2012 1 362.0
2012 2 678.0
2012 3 627.0
2012 4 438.0
2012 5 594.0
2012 6 575.0
2012 7 574.0
2012 8 912.0
2012 9 964.0
2012 10 532.0
2012 11 417.0
2012 12 474.0
2013 1 365.0
2013 2 419.0
2013 3 569.0
2013 4 722.0
2013 5 652.0
2013 6 749.0
2013 7 624.0
2013 8 499.0
2013 9 538.0
2013 10 498.0
2013 11 568.0
2013 12 367.0
2014 1 347.0
2014 2 366.0
2014 3 722.0
2014 4 567.0
2014 5 1003.0
2014 6 543.0
2014 7 408.0
2014 8 435.0
2014 9 688.0
2014 10 728.0
2014 11 583.0
2014 12 869.0
2015 1 694.0
2015 2 730.0
2015 3 527.0
2015 4 629.0
2015 5 570.0
2015 6 851.0
2015 7 850.0
2015 8 1327.0
2015 9 564.0
2015 10 700.0
2015 11 414.0
2015 12 493.0
2016 1 615.0
2016 2 935.0
2016 3 646.0
2016 4 801.0
2016 5 969.0
2016 6 951.0
2016 7 653.0
2016 8 1010.0
2016 9 598.0
2016 10 813.0
2016 11 513.0
2016 12 762.0
2017 1 754.0
2017 2 822.0
2017 3 785.0
2017 4 1065.0
2017 5 698.0
2017 6 1072.0
2017 7 1087.0
2017 8 917.0
2017 9 1035.0
2017 10 862.0
2017 11 771.0
2017 12 1074.0
2018 1 1278.0
2018 2 654.0
2018 3 1244.0
2018 4 1088.0
2018 5 792.0
2018 6 916.0
2018 7 774.0
2018 8 715.0
2018 9 720.0
2018 10 707.0
2018 11 759.0
2018 12 789.0
2019 1 643.0
2019 2 954.0
2019 3 746.0
2019 4 758.0
2019 5 945.0
2019 6 923.0
2019 7 996.0
2019 8 2195.0
2019 9 906.0
2019 10 951.0
2019 11 1006.0
2019 12 1322.0
2020 1 842.0
2020 2 688.0
2020 3 1143.0
2020 4 1099.0
2020 5 1069.0
2020 6 967.0
2020 7 1102.0
2020 8 1208.0
2020 9 1235.0
2020 10 1252.0
2020 11 1307.0
2020 12 873.0
2021 1 1230.0
2021 2 963.0
2021 3 1886.0
2021 4 1298.0
2021 5 907.0
2021 6 1060.0
2021 7 1242.0
2021 8 1092.0
2021 9 1590.0
2021 10 1247.0
2021 11 1092.0
2021 12 1307.0
2022 1 1044.0
2022 2 1250.0
2022 3 1491.0
2022 4 1319.0
2022 5 1745.0
2022 6 1503.0
2022 7 1238.0
2022 8 1412.0
2022 9 1001.0
2022 10 1007.0
2022 11 708.0
2022 12 635.0
2023 1 1034.0
2023 2 948.0
2023 3 812.0
2023 4 851.0
2023 5 1053.0
2023 6 1313.0
2023 7 1335.0
2023 8 1053.0
2023 9 889.0
2023 10 1123.0
2023 11 1172.0
2023 12 1110.0
2024 1 828.0
2024 2 1089.0
2024 3 1242.0
2024 4 1137.0
2024 5 1052.0
2024 6 1145.0
2024 7 1051.0
2024 8 1188.0
