1960 5 13.0
1960 6 7.0
1960 7 18.0
1960 8 2.0
1960 9 7.0
1960 10 19.0
1960 11 2.0
1960 12 10.0
1961 1 4.0
1961 2 7.0
1961 3 52.0
1961 4 47.0
1961 5 26.5
1961 6 6.0
1961 7 6.0
1961 8 18.0
1961 9 16.0
1961 10 27.0
1961 11 12.0
1961 12 6.0
1962 1 10.0
1962 2 67.0
1962 3 14.0
1962 4 4.0
1962 5 284.0
1962 6 88.0
1962 7 80.0
1962 8 89.0
1962 9 38.0
1962 10 90.0
1962 11 181.0
1962 12 34.0
1963 1 58.0
1963 2 20.0
1963 3 40.0
1963 4 198.0
1963 5 76.0
1963 6 236.0
1963 7 75.0
1963 8 39.0
1963 9 142.0
1963 10 68.0
1963 11 32.0
1963 12 122.0
1964 1 28.0
1964 2 83.0
1964 3 60.0
1964 4 137.0
1964 5 144.0
1964 6 146.0
1964 7 82.0
1964 8 54.0
1964 9 39.0
1964 10 97.0
1964 11 78.0
1964 12 145.0
1965 1 161.0
1965 2 131.0
1965 3 325.0
1965 4 79.0
1965 5 193.0
1965 6 37.0
1965 7 238.0
1965 8 102.0
1965 9 96.0
1965 10 67.0
1965 11 93.0
1965 12 144.0
1966 1 28.0
1966 2 122.0
1966 3 100.0
1966 4 65.0
1966 5 277.0
1966 6 111.0
1966 7 52.0
1966 8 30.0
1966 9 202.0
1966 10 43.0
1966 11 44.0
1966 12 101.0
1967 1 60.0
1967 2 120.0
1967 3 161.0
1967 4 34.0
1967 5 119.0
1967 6 100.0
1967 7 170.0
1967 8 107.0
1967 9 55.0
1967 10 70.0
1967 11 298.0
1967 12 58.0
1968 1 66.0
1968 2 30.0
1968 3 162.0
1968 4 48.0
1968 5 232.0
1968 6 320.0
1968 7 210.0
1968 8 163.0
1968 9 134.0
1968 10 43.0
1968 11 369.0
1968 12 176.0
1969 1 49.0
1969 2 73.0
1969 3 226.0
1969 4 118.0
1969 5 132.0
1969 6 289.0
1969 7 93.0
1969 8 160.0
1969 9 128.0
1969 10 378.0
1969 11 300.0
1969 12 119.0
1970 1 295.0
1970 2 101.0
1970 3 317.0
1970 4 239.0
1970 5 274.0
1970 6 327.0
1970 7 324.0
1970 8 377.0
1970 9 460.0
1970 10 320.0
1970 11 446.0
1970 12 191.0
1971 1 84.0
1971 2 271.0
1971 3 780.0
1971 4 166.0
1971 5 302.0
1971 6 221.0
1971 7 445.0
1971 8 408.0
1971 9 211.0
1971 10 675.0
1971 11 422.0
1971 12 691.0
1972 1 271.0
1972 2 321.0
1972 3 266.0
1972 4 328.0
1972 5 418.0
1972 6 467.0
1972 7 617.0
1972 8 342.0
1972 9 482.0
1972 10 988.0
1972 11 421.0
1972 12 380.0
1973 1 834.0
1973 2 602.0
1973 3 301.0
1973 4 85.0
1973 5 306.0
1973 6 646.0
1973 7 457.0
1973 8 349.0
1973 9 413.0
1973 10 371.0
1973 11 204.0
1973 12 223.0
1974 1 31.0
1974 2 210.0
1974 3 84.0
1974 4 96.0
1974 5 346.0
1974 6 269.0
1974 7 27.0
1974 8 147.0
1974 9 25.0
1974 10 57.0
1974 11 17.0
1974 12 36.0
1975 1 78.0
1975 2 129.0
1975 3 225.0
1975 4 33.0
1975 5 136.0
1975 6 87.0
1975 7 112.0
1975 8 124.0
1975 9 67.0
1975 10 47.0
1975 11 107.0
1975 12 149.0
1976 1 99.0
1976 2 124.0
1976 3 105.0
1976 4 141.0
1976 5 252.0
1976 6 240.0
1976 7 63.0
1976 8 134.0
1976 9 200.0
1976 10 259.0
1976 11 422.0
1976 12 158.0
1977 1 114.0
1977 2 203.0
1977 3 164.0
1977 4 409.0
1977 5 299.0
1977 6 518.0
1977 7 215.0
1977 8 410.0
1977 9 340.0
1977 10 326.0
1977 11 496.0
1977 12 343.0
1978 1 207.0
1978 2 322.0
1978 3 241.0
1978 4 111.0
1978 5 139.0
1978 6 178.0
1978 7 101.0
1978 8 173.0
1978 9 477.0
1978 10 252.0
1978 11 100.0
1978 12 346.0
1979 1 51.0
1979 2 148.0
1979 3 272.0
1979 4 487.0
1979 5 159.0
1979 6 331.0
1979 7 404.0
1979 8 133.0
1979 9 56.0
1979 10 286.0
1979 11 62.0
1979 12 77.0
1980 1 78.0
1980 2 127.0
1980 3 62.0
1980 4 492.0
1980 5 121.0
1980 6 75.0
1980 7 210.0
1980 8 535.0
1980 9 669.0
1980 10 524.0
1980 11 168.0
1980 12 192.0
1981 1 49.0
1981 2 762.0
1981 3 123.0
1981 4 273.0
1981 5 363.0
1981 6 103.0
1981 7 75.0
1981 8 24.0
1981 9 61.0
1981 10 171.0
1981 11 90.0
1981 12 77.0
1982 1 6.0
1982 2 62.0
1982 3 672.0
1982 4 205.0
1982 5 126.0
1982 6 548.0
1982 7 589.0
1982 8 179.0
1982 9 398.0
1982 10 245.0
1982 11 390.0
1982 12 63.0
1983 1 297.0
1983 2 199.0
1983 3 537.0
1983 4 797.0
1983 5 748.0
1983 6 376.0
1983 7 437.0
1983 8 479.0
1983 9 708.0
1983 10 380.0
1983 11 848.0
1983 12 199.0
1984 1 235.0
1984 2 406.0
1984 3 408.0
1984 4 638.0
1984 5 752.0
1984 6 854.0
1984 7 216.0
1984 8 666.0
1984 9 320.0
1984 10 169.0
1984 11 246.0
1984 12 171.0
1985 1 543.0
1985 2 85.0
1985 3 625.0
1985 4 479.0
1985 5 307.0
1985 6 287.0
1985 7 245.0
1985 8 427.0
1985 9 329.0
1985 10 388.0
1985 11 484.0
1985 12 394.0
1986 1 347.0
1986 2 281.0
1986 3 809.0
1986 4 287.0
1986 5 469.0
1986 6 179.0
1986 7 300.0
1986 8 112.0
1986 9 143.0
1986 10 247.0
1986 11 155.0
1986 12 496.0
1987 1 333.0
1987 2 58.0
1987 3 220.0
1987 4 64.0
1987 5 151.0
1987 6 114.0
1987 7 45.0
1987 8 153.0
1987 9 70.0
1987 10 151.0
1987 11 31.0
1987 12 65.0
1988 1 14.0
1988 2 172.0
1988 3 234.0
1988 4 100.0
1988 5 152.0
1988 6 116.0
1988 7 68.0
1988 8 100.0
1988 9 287.0
1988 10 81.0
1988 11 127.0
1988 12 133.0
1989 1 76.0
1989 2 103.0
1989 3 300.0
1989 4 32.0
1989 5 181.0
1989 6 137.0
1989 7 119.0
1989 8 145.0
1989 9 159.0
1989 10 243.0
1989 11 21.0
1989 12 201.0
1990 1 102.0
1990 2 64.0
1990 3 160.0
1990 4 61.0
1990 5 157.0
1990 6 325.0
1990 7 72.0
1990 8 101.0
1990 9 76.0
1990 10 70.0
1990 11 41.0
1990 12 23.0
1991 1 39.0
1991 2 260.0
1991 3 243.0
1991 4 157.0
1991 5 42.0
1991 6 161.0
1991 7 107.0
1991 8 46.0
1991 9 368.0
1991 10 502.0
1991 11 234.0
1991 12 212.0
1992 1 58.0
1992 2 95.0
1992 3 101.0
1992 4 115.0
1992 5 100.0
1992 6 113.0
1992 7 102.0
1992 8 196.0
1992 9 144.0
1992 10 201.0
1992 11 92.0
1992 12 340.0
1993 1 112.0
1993 2 115.0
1993 3 114.0
1993 4 305.0
1993 5 196.0
1993 6 158.0
1993 7 444.0
1993 8 296.0
1993 9 216.0
1993 10 388.0
1993 11 329.0
1993 12 386.0
1994 1 743.0
1994 2 147.0
1994 3 375.0
1994 4 105.0
1994 5 577.0
1994 6 596.0
1994 7 216.0
1994 8 288.0
1994 9 724.0
1994 10 194.0
1994 11 184.0
1994 12 560.0
1995 1 188.0
1995 2 439.0
1995 3 491.0
1995 4 885.0
1995 5 204.0
1995 6 137.0
1995 7 207.0
1995 8 857.0
1995 9 372.0
1995 10 407.0
1995 11 175.0
1995 12 246.0
1996 1 70.0
1996 2 474.0
1996 3 284.0
1996 4 804.0
1996 5 303.0
1996 6 242.0
1996 7 152.0
1996 8 202.0
1996 9 225.0
1996 10 99.0
1996 11 188.0
1996 12 373.0
1997 1 289.0
1997 2 344.0
1997 3 176.0
1997 4 348.0
1997 5 959.0
1997 6 304.0
1997 7 317.0
1997 8 148.0
1997 9 564.0
1997 10 579.0
1997 11 149.0
1997 12 178.0
1998 1 569.0
1998 2 162.0
1998 3 286.0
1998 4 423.0
1998 5 412.0
1998 6 256.0
1998 7 201.0
1998 8 97.0
1998 9 74.0
1998 10 379.0
1998 11 207.0
1998 12 127.0
1999 1 247.0
1999 2 123.0
1999 3 420.0
1999 4 100.0
1999 5 287.0
1999 6 54.0
1999 7 466.0
1999 8 810.0
1999 9 374.0
1999 10 350.0
1999 11 244.0
1999 12 347.0
2000 1 56.0
2000 2 278.0
2000 3 82.0
2000 4 175.0
2000 5 220.0
2000 6 301.0
2000 7 93.0
2000 8 155.0
2000 9 222.0
2000 10 382.0
2000 11 417.0
2000 12 77.0
2001 1 60.0
2001 2 45.0
2001 3 524.0
2001 4 290.0
2001 5 115.0
2001 6 511.0
2001 7 43.0
2001 8 357.0
2001 9 453.0
2001 10 543.0
2001 11 279.0
2001 12 111.0
2002 1 854.0
2002 2 99.0
2002 3 196.0
2002 4 303.0
2002 5 161.0
2002 6 474.0
2002 7 111.0
2002 8 280.0
2002 9 1030.0
2002 10 129.0
2002 11 137.0
2002 12 537.0
2003 1 150.0
2003 2 240.0
2003 3 663.0
2003 4 756.0
2003 5 966.0
2003 6 182.0
2003 7 547.0
2003 8 258.0
2003 9 532.0
2003 10 315.0
2003 11 65.0
2003 12 337.0
2004 1 392.0
2004 2 216.0
2004 3 350.0
2004 4 1008.0
2004 5 889.0
2004 6 360.0
2004 7 339.0
2004 8 680.0
2004 9 403.0
2004 10 476.0
2004 11 163.0
2004 12 673.0
2005 1 589.0
2005 2 552.0
2005 3 434.0
2005 4 96.0
2005 5 391.0
2005 6 249.0
2005 7 426.0
2005 8 472.0
2005 9 192.0
2005 10 675.0
2005 11 195.0
2005 12 722.0
2006 1 443.0
2006 2 338.0
2006 3 434.0
2006 4 213.0
2006 5 135.0
2006 6 106.0
2006 7 165.0
2006 8 285.0
2006 9 522.0
2006 10 99.0
2006 11 184.0
2006 12 118.0
2007 1 170.0
2007 2 325.0
2007 3 494.0
2007 4 198.0
2007 5 170.0
2007 6 151.0
2007 7 134.0
2007 8 346.0
2007 9 504.0
2007 10 116.0
2007 11 311.0
2007 12 237.0
2008 1 216.0
2008 2 691.0
2008 3 104.0
2008 4 384.0
2008 5 289.0
2008 6 341.0
2008 7 342.0
2008 8 351.0
2008 9 145.0
2008 10 429.0
2008 11 56.0
2008 12 209.0
2009 1 403.0
2009 2 175.0
2009 3 221.0
2009 4 38.0
2009 5 556.0
2009 6 201.0
2009 7 108.0
2009 8 122.0
2009 9 46.0
2009 10 246.0
2009 11 50.0
2009 12 60.0
2010 1 82.0
2010 2 20.0
2010 3 109.0
2010 4 274.0
2010 5 198.0
2010 6 730.0
2010 7 188.0
2010 8 535.0
2010 9 187.0
2010 10 85.0
2010 11 76.0
2010 12 244.0
2011 1 226.0
2011 2 108.0
2011 3 473.0
2011 4 48.0
2011 5 625.0
2011 6 130.0
2011 7 392.0
2011 8 60.0
2011 9 47.0
2011 10 210.0
2011 11 314.0
2011 12 11.0
2012 1 38.0
2012 2 274.0
2012 3 184.0
2012 4 27.0
2012 5 61.0
2012 6 204.0
2012 7 80.0
2012 8 480.0
2012 9 625.0
2012 10 121.0
2012 11 29.0
2012 12 164.0
2013 1 24.0
2013 2 42.0
2013 3 136.0
2013 4 218.0
2013 5 137.0
2013 6 278.0
2013 7 158.0
2013 8 15.0
2013 9 149.0
2013 10 146.0
2013 11 234.0
2013 12 106.0
2014 1 42.0
2014 2 35.0
2014 3 310.0
2014 4 154.0
2014 5 608.0
2014 6 150.0
2014 7 13.0
2014 8 33.0
2014 9 167.0
2014 10 250.0
2014 11 321.0
2014 12 510.0
2015 1 319.0
2015 2 310.0
2015 3 35.0
2015 4 29.0
2015 5 54.0
2015 6 299.0
2015 7 286.0
2015 8 871.0
2015 9 113.0
2015 10 236.0
2015 11 39.0
2015 12 72.0
2016 1 163.0
2016 2 402.0
2016 3 75.0
2016 4 131.0
2016 5 422.0
2016 6 391.0
2016 7 75.0
2016 8 319.0
2016 9 79.0
2016 10 57.0
2016 11 47.0
2016 12 345.0
2017 1 203.0
2017 2 246.0
2017 3 125.0
2017 4 487.0
2017 5 73.0
2017 6 420.0
2017 7 493.0
2017 8 185.0
2017 9 295.0
2017 10 209.0
2017 11 267.0
2017 12 591.0
2018 1 726.0
2018 2 121.0
2018 3 405.0
2018 4 385.0
2018 5 113.0
2018 6 89.0
2018 7 142.0
2018 8 108.0
2018 9 261.0
2018 10 171.0
2018 11 217.0
2018 12 339.0
2019 1 80.0
2019 2 472.0
2019 3 92.0
2019 4 126.0
2019 5 255.0
2019 6 296.0
2019 7 305.0
2019 8 1546.0
2019 9 187.0
2019 10 213.0
2019 11 407.0
2019 12 705.0
2020 1 179.0
2020 2 118.0
2020 3 453.0
2020 4 462.0
2020 5 468.0
2020 6 259.0
2020 7 303.0
2020 8 358.0
2020 9 363.0
2020 10 422.0
2020 11 609.0
2020 12 116.0
2021 1 271.0
2021 2 293.0
2021 3 769.0
2021 4 189.0
2021 5 131.0
2021 6 161.0
2021 7 201.0
2021 8 154.0
2021 9 792.0
2021 10 204.0
2021 11 334.0
2021 12 539.0
2022 1 170.0
2022 2 595.0
2022 3 371.0
2022 4 427.0
2022 5 784.0
2022 6 564.0
2022 7 384.0
2022 8 583.0
2022 9 204.0
2022 10 270.0
2022 11 233.0
2022 12 118.0
2023 1 406.0
2023 2 355.0
2023 3 107.0
2023 4 238.0
2023 5 175.0
2023 6 300.0
2023 7 293.0
2023 8 245.0
2023 9 130.0
2023 10 351.0
2023 11 496.0
2023 12 192.0
2024 1 133.0
2024 2 216.0
2024 3 285.0
2024 4 311.0
2024 5 207.0
2024 6 292.0
2024 7 158.0
2024 8 391.0
