1960 5 4271.0
1960 6 5694.0
1960 7 3880.0
1960 8 4913.0
1960 9 4743.0
1960 10 4919.0
1960 11 4564.0
1960 12 4025.0
1961 1 4951.0
1961 2 4253.0
1961 3 6273.0
1961 4 5398.0
1961 5 6476.0
1961 6 7984.0
1961 7 5980.0
1961 8 7151.0
1961 9 4810.0
1961 10 6461.0
1961 11 6607.0
1961 12 5891.0
1962 1 7437.0
1962 2 5850.0
1962 3 7679.0
1962 4 7697.0
1962 5 9358.0
1962 6 7748.0
1962 7 7413.0
1962 8 8989.0
1962 9 7663.0
1962 10 8555.0
1962 11 9007.0
1962 12 9147.0
1963 1 11714.0
1963 2 9491.0
1963 3 10605.0
1963 4 10363.0
1963 5 11702.0
1963 6 8932.0
1963 7 9530.0
1963 8 11104.0
1963 9 8669.0
1963 10 12359.0
1963 11 8175.0
1963 12 10466.0
1964 1 11186.0
1964 2 10333.0
1964 3 11070.0
1964 4 12053.0
1964 5 10818.0
1964 6 9291.0
1964 7 10405.0
1964 8 7565.0
1964 9 6724.0
1964 10 6152.0
1964 11 5748.0
1964 12 5827.0
1965 1 5577.0
1965 2 6590.0
1965 3 7953.0
1965 4 5649.0
1965 5 5480.0
1965 6 4639.0
1965 7 4833.0
1965 8 5339.0
1965 9 3072.0
1965 10 3479.0
1965 11 6502.0
1965 12 2667.0
1966 1 3467.0
1966 2 3511.0
1966 3 2697.0
1966 4 2478.0
1966 5 2716.0
1966 6 1142.0
1966 7 1562.0
1966 8 1427.0
1966 9 1012.0
1966 10 1255.0
1966 11 1250.0
1966 12 878.0
1967 1 1503.0
1967 2 1568.0
1967 3 2093.0
1967 4 2915.0
1967 5 2197.0
1967 6 2240.0
1967 7 2346.0
1967 8 2878.0
1967 9 3357.0
1967 10 3775.0
1967 11 2971.0
1967 12 4331.0
1968 1 3190.0
1968 2 3530.0
1968 3 4120.0
1968 4 5804.0
1968 5 5911.0
1968 6 3874.0
1968 7 4947.0
1968 8 5188.0
1968 9 5419.0
1968 10 6597.0
1968 11 5227.0
1968 12 5435.0
1969 1 6425.0
1969 2 4896.0
1969 3 5083.0
1969 4 11109.0
1969 5 7209.0
1969 6 8484.0
1969 7 7354.0
1969 8 7153.0
1969 9 7899.0
1969 10 8566.0
1969 11 5879.0
1969 12 7346.0
1970 1 6881.0
1970 2 5163.0
1970 3 6019.0
1970 4 10847.0
1970 5 10667.0
1970 6 6738.0
1970 7 7209.0
1970 8 7929.0
1970 9 10092.0
1970 10 13899.0
1970 11 6001.0
1970 12 12405.0
1971 1 5587.0
1971 2 8336.0
1971 3 8161.0
1971 4 12070.0
1971 5 8455.0
1971 6 10094.0
1971 7 10695.0
1971 8 11285.0
1971 9 8633.0
1971 10 8471.0
1971 11 10224.0
1971 12 12716.0
1972 1 10954.0
1972 2 13752.0
1972 3 9594.0
1972 4 10310.0
1972 5 11692.0
1972 6 9353.0
1972 7 7994.0
1972 8 8624.0
1972 9 8829.0
1972 10 9835.0
1972 11 9326.0
1972 12 11894.0
1973 1 10927.0
1973 2 9510.0
1973 3 10485.0
1973 4 9913.0
1973 5 7797.0
1973 6 7445.0
1973 7 5333.0
1973 8 6869.0
1973 9 7226.0
1973 10 5326.0
1973 11 3905.0
1973 12 6310.0
1974 1 4125.0
1974 2 3240.0
1974 3 4766.0
1974 4 6088.0
1974 5 4230.0
1974 6 4815.0
1974 7 2674.0
1974 8 1946.0
1974 9 2168.0
1974 10 1999.0
1974 11 1522.0
1974 12 2060.0
1975 1 1373.0
1975 2 1478.0
1975 3 2322.0
1975 4 2330.0
1975 5 2862.0
1975 6 2457.0
1975 7 3331.0
1975 8 2545.0
1975 9 2203.0
1975 10 3762.0
1975 11 1928.0
1975 12 3388.0
1976 1 4668.0
1976 2 3147.0
1976 3 3912.0
1976 4 3515.0
1976 5 3701.0
1976 6 4273.0
1976 7 4530.0
1976 8 5519.0
1976 9 4966.0
1976 10 4463.0
1976 11 6787.0
1976 12 6171.0
1977 1 4252.0
1977 2 5131.0
1977 3 5801.0
1977 4 5733.0
1977 5 5800.0
1977 6 6097.0
1977 7 5658.0
1977 8 5273.0
1977 9 5092.0
1977 10 4954.0
1977 11 6491.0
1977 12 6952.0
1978 1 4102.0
1978 2 5173.0
1978 3 6193.0
1978 4 5738.0
1978 5 6439.0
1978 6 18058.0
1978 7 5575.0
1978 8 3578.0
1978 9 5001.0
1978 10 3487.0
1978 11 4431.0
1978 12 5145.0
1979 1 3246.0
1979 2 4605.0
1979 3 4711.0
1979 4 5252.0
1979 5 5038.0
1979 6 5241.0
1979 7 5056.0
1979 8 6169.0
1979 9 5089.0
1979 10 5769.0
1979 11 4129.0
1979 12 4652.0
1980 1 3075.0
1980 2 3964.0
1980 3 3299.0
1980 4 2963.0
1980 5 2237.0
1980 6 3445.0
1980 7 3507.0
1980 8 3374.0
1980 9 4871.0
1980 10 4954.0
1980 11 2393.0
1980 12 3426.0
1981 1 2062.0
1981 2 3140.0
1981 3 2767.0
1981 4 3831.0
1981 5 3336.0
1981 6 3672.0
1981 7 2835.0
1981 8 3000.0
1981 9 2933.0
1981 10 2002.0
1981 11 1103.0
1981 12 1813.0
1982 1 1386.0
1982 2 1309.0
1982 3 1903.0
1982 4 1478.0
1982 5 2035.0
1982 6 2572.0
1982 7 3474.0
1982 8 1331.0
1982 9 2917.0
1982 10 2453.0
1982 11 1725.0
1982 12 2717.0
1983 1 2666.0
1983 2 2708.0
1983 3 2531.0
1983 4 3277.0
1983 5 4895.0
1983 6 4834.0
1983 7 5872.0
1983 8 5617.0
1983 9 6051.0
1983 10 4989.0
1983 11 4685.0
1983 12 6096.0
1984 1 5360.0
1984 2 7138.0
1984 3 7525.0
1984 4 7116.0
1984 5 9408.0
1984 6 9191.0
1984 7 8804.0
1984 8 7633.0
1984 9 8201.0
1984 10 7029.0
1984 11 7951.0
1984 12 6365.0
1985 1 6773.0
1985 2 7321.0
1985 3 9195.0
1985 4 10940.0
1985 5 11155.0
1985 6 11328.0
1985 7 12413.0
1985 8 11698.0
1985 9 23845.0
1985 10 9153.0
1985 11 10778.0
1985 12 8979.0
1986 1 9984.0
1986 2 8194.0
1986 3 15069.0
1986 4 12411.0
1986 5 11841.0
1986 6 13293.0
1986 7 11741.0
1986 8 11456.0
1986 9 11804.0
1986 10 11646.0
1986 11 9098.0
1986 12 17966.0
1987 1 6784.0
1987 2 5357.0
1987 3 9489.0
1987 4 11278.0
1987 5 6979.0
1987 6 11034.0
1987 7 10169.0
1987 8 7338.0
1987 9 6641.0
1987 10 6577.0
1987 11 6474.0
1987 12 6183.0
1988 1 3608.0
1988 2 5394.0
1988 3 6072.0
1988 4 8601.0
1988 5 5561.0
1988 6 7717.0
1988 7 5334.0
1988 8 7672.0
1988 9 4988.0
1988 10 8910.0
1988 11 7337.0
1988 12 5395.0
1989 1 4581.0
1989 2 4121.0
1989 3 5100.0
1989 4 5302.0
1989 5 5639.0
1989 6 5197.0
1989 7 5761.0
1989 8 3904.0
1989 9 4201.0
1989 10 5351.0
1989 11 4227.0
1989 12 6793.0
1990 1 5832.0
1990 2 4133.0
1990 3 4385.0
1990 4 4056.0
1990 5 4379.0
1990 6 5751.0
1990 7 3312.0
1990 8 3126.0
1990 9 3234.0
1990 10 2498.0
1990 11 2298.0
1990 12 2560.0
1991 1 2351.0
1991 2 920.0
1991 3 3191.0
1991 4 1581.0
1991 5 2860.0
1991 6 2960.0
1991 7 2076.0
1991 8 1841.0
1991 9 1586.0
1991 10 2661.0
1991 11 1224.0
1991 12 2233.0
1992 1 1273.0
1992 2 1585.0
1992 3 1505.0
1992 4 1106.0
1992 5 815.0
1992 6 1575.0
1992 7 1184.0
1992 8 1117.0
1992 9 982.0
1992 10 1339.0
1992 11 1083.0
1992 12 1521.0
1993 1 1446.0
1993 2 173.0
1993 3 1126.0
1993 4 736.0
1993 5 1001.0
1993 6 1278.0
1993 7 1000.0
1993 8 885.0
1993 9 654.0
1993 10 825.0
1993 11 386.0
1993 12 1145.0
1994 1 514.0
1994 2 242.0
1994 3 1340.0
1994 4 1161.0
1994 5 441.0
1994 6 4237.0
1994 7 661.0
1994 8 873.0
1994 9 1507.0
1994 10 971.0
1994 11 1571.0
1994 12 1161.0
1995 1 392.0
1995 2 781.0
1995 3 1214.0
1995 4 1264.0
1995 5 1190.0
1995 6 696.0
1995 7 1285.0
1995 8 873.0
1995 9 1025.0
1995 10 666.0
1995 11 1183.0
1995 12 1486.0
1996 1 1184.0
1996 2 491.0
1996 3 1454.0
1996 4 1304.0
1996 5 980.0
1996 6 1033.0
1996 7 1300.0
1996 8 817.0
1996 9 1111.0
1996 10 2378.0
1996 11 782.0
1996 12 1286.0
1997 1 1031.0
1997 2 1171.0
1997 3 1483.0
1997 4 1798.0
1997 5 1577.0
1997 6 1649.0
1997 7 2140.0
1997 8 2000.0
1997 9 2304.0
1997 10 2571.0
1997 11 1468.0
1997 12 2976.0
1998 1 1049.0
1998 2 1727.0
1998 3 1497.0
1998 4 2580.0
1998 5 1596.0
1998 6 3767.0
1998 7 1323.0
1998 8 3377.0
1998 9 2498.0
1998 10 2640.0
1998 11 2196.0
1998 12 2662.0
1999 1 2860.0
1999 2 1692.0
1999 3 2051.0
1999 4 1529.0
1999 5 2083.0
1999 6 2222.0
1999 7 2638.0
1999 8 3413.0
1999 9 2690.0
1999 10 3217.0
1999 11 2429.0
1999 12 2704.0
2000 1 3221.0
2000 2 3091.0
2000 3 3306.0
2000 4 2148.0
2000 5 1676.0
2000 6 6945.0
2000 7 2686.0
2000 8 3153.0
2000 9 2455.0
2000 10 1969.0
2000 11 2357.0
2000 12 3506.0
2001 1 4872.0
2001 2 1398.0
2001 3 2702.0
2001 4 2614.0
2001 5 2316.0
2001 6 3951.0
2001 7 1359.0
2001 8 3667.0
2001 9 1652.0
2001 10 3184.0
2001 11 2461.0
2001 12 3108.0
2002 1 2620.0
2002 2 2735.0
2002 3 1940.0
2002 4 2382.0
2002 5 1380.0
2002 6 2295.0
2002 7 2238.0
2002 8 2429.0
2002 9 3458.0
2002 10 4758.0
2002 11 3353.0
2002 12 2942.0
2003 1 1872.0
2003 2 5953.0
2003 3 3646.0
2003 4 3849.0
2003 5 4473.0
2003 6 2537.0
2003 7 3405.0
2003 8 3155.0
2003 9 2728.0
2003 10 5773.0
2003 11 3299.0
2003 12 3167.0
2004 1 2565.0
2004 2 3341.0
2004 3 3659.0
2004 4 3516.0
2004 5 3266.0
2004 6 5076.0
2004 7 3567.0
2004 8 4031.0
2004 9 4566.0
2004 10 4368.0
2004 11 5713.0
2004 12 6555.0
2005 1 4232.0
2005 2 4032.0
2005 3 3573.0
2005 4 2871.0
2005 5 2901.0
2005 6 4085.0
2005 7 2900.0
2005 8 4060.0
2005 9 4910.0
2005 10 2324.0
2005 11 3863.0
2005 12 2892.0
2006 1 2470.0
2006 2 6358.0
2006 3 5079.0
2006 4 3283.0
2006 5 3792.0
2006 6 4108.0
2006 7 1880.0
2006 8 3421.0
2006 9 4577.0
2006 10 3500.0
2006 11 2787.0
2006 12 4286.0
2007 1 2573.0
2007 2 2184.0
2007 3 4402.0
2007 4 2728.0
2007 5 3407.0
2007 6 2105.0
2007 7 2350.0
2007 8 5024.0
2007 9 2626.0
2007 10 3320.0
2007 11 1980.0
2007 12 2412.0
2008 1 2261.0
2008 2 3624.0
2008 3 1492.0
2008 4 2541.0
2008 5 3556.0
2008 6 2542.0
2008 7 1711.0
2008 8 1194.0
2008 9 1893.0
2008 10 1262.0
2008 11 2331.0
2008 12 1911.0
2009 1 749.0
2009 2 989.0
2009 3 1144.0
2009 4 386.0
2009 5 355.0
2009 6 471.0
2009 7 751.0
2009 8 502.0
2009 9 522.0
2009 10 618.0
2009 11 470.0
2009 12 601.0
2010 1 992.0
2010 2 1309.0
2010 3 1033.0
2010 4 644.0
2010 5 1008.0
2010 6 1517.0
2010 7 1492.0
2010 8 1660.0
2010 9 876.0
2010 10 1327.0
2010 11 1378.0
2010 12 3317.0
2011 1 745.0
2011 2 763.0
2011 3 2374.0
2011 4 1504.0
2011 5 2273.0
2011 6 2656.0
2011 7 857.0
2011 8 2116.0
2011 9 1756.0
2011 10 1138.0
2011 11 2571.0
2011 12 2902.0
2012 1 463.0
2012 2 1657.0
2012 3 3974.0
2012 4 1186.0
2012 5 2985.0
2012 6 3025.0
2012 7 2724.0
2012 8 2290.0
2012 9 2892.0
2012 10 2178.0
2012 11 1497.0
2012 12 3346.0
2013 1 2264.0
2013 2 3855.0
2013 3 1758.0
2013 4 4162.0
2013 5 3612.0
2013 6 2629.0
2013 7 4306.0
2013 8 2817.0
2013 9 1185.0
2013 10 3101.0
2013 11 3886.0
2013 12 5378.0
2014 1 1032.0
2014 2 3401.0
2014 3 3704.0
2014 4 5327.0
2014 5 2574.0
2014 6 2594.0
2014 7 3730.0
2014 8 2742.0
2014 9 3381.0
2014 10 5954.0
2014 11 4517.0
2014 12 3925.0
2015 1 4329.0
2015 2 4325.0
2015 3 5432.0
2015 4 3959.0
2015 5 3048.0
2015 6 5826.0
2015 7 4063.0
2015 8 3068.0
2015 9 4534.0
2015 10 2460.0
2015 11 5132.0
2015 12 4380.0
2016 1 4056.0
2016 2 4929.0
2016 3 3317.0
2016 4 3426.0
2016 5 5268.0
2016 6 3315.0
2016 7 2228.0
2016 8 4612.0
2016 9 4124.0
2016 10 4149.0
2016 11 3762.0
2016 12 5127.0
2017 1 2190.0
2017 2 2056.0
2017 3 4918.0
2017 4 4418.0
2017 5 3811.0
2017 6 6956.0
2017 7 3415.0
2017 8 4167.0
2017 9 3723.0
2017 10 5004.0
2017 11 3382.0
2017 12 5583.0
2018 1 3664.0
2018 2 2937.0
2018 3 4846.0
2018 4 4107.0
2018 5 5016.0
2018 6 6635.0
2018 7 3373.0
2018 8 3053.0
2018 9 2493.0
2018 10 3473.0
2018 11 3365.0
2018 12 6433.0
2019 1 4897.0
2019 2 2235.0
2019 3 3324.0
2019 4 3115.0
2019 5 4134.0
2019 6 3074.0
2019 7 4378.0
2019 8 3470.0
2019 9 5364.0
2019 10 4384.0
2019 11 2742.0
2019 12 5517.0
2020 1 3602.0
2020 2 2685.0
2020 3 3345.0
2020 4 2858.0
2020 5 3137.0
2020 6 2799.0
2020 7 4832.0
2020 8 2240.0
2020 9 3048.0
2020 10 2054.0
2020 11 3325.0
2020 12 6347.0
2021 1 4644.0
2021 2 2421.0
2021 3 4736.0
2021 4 3813.0
2021 5 3636.0
2021 6 4336.0
2021 7 3912.0
2021 8 3925.0
2021 9 3325.0
2021 10 5496.0
2021 11 3434.0
2021 12 5986.0
2022 1 2973.0
2022 2 3627.0
2022 3 3479.0
2022 4 4162.0
2022 5 3800.0
2022 6 6237.0
2022 7 2866.0
2022 8 5033.0
2022 9 5746.0
2022 10 3231.0
2022 11 3339.0
2022 12 4262.0
2023 1 3801.0
2023 2 4423.0
2023 3 2530.0
2023 4 4349.0
2023 5 3745.0
2023 6 6241.0
2023 7 3342.0
2023 8 6730.0
2023 9 3566.0
2023 10 3397.0
2023 11 4841.0
2023 12 2410.0
2024 1 2405.0
2024 2 2923.0
2024 3 2785.0
2024 4 1738.0
2024 5 3892.0
2024 6 3379.0
2024 7 3083.0
2024 8 3098.0
