1960 5 5967.0
1960 6 7080.0
1960 7 5057.0
1960 8 6238.0
1960 9 6001.0
1960 10 6314.0
1960 11 5695.0
1960 12 5355.0
1961 1 6245.0
1961 2 5442.0
1961 3 7695.0
1961 4 7050.0
1961 5 7997.0
1961 6 9677.0
1961 7 7057.0
1961 8 8469.0
1961 9 6359.0
1961 10 8121.0
1961 11 8142.0
1961 12 7618.0
1962 1 9689.0
1962 2 7027.0
1962 3 10508.0
1962 4 9958.0
1962 5 12134.0
1962 6 10181.0
1962 7 9617.0
1962 8 11556.0
1962 9 9444.0
1962 10 10848.0
1962 11 11402.0
1962 12 11688.0
1963 1 15308.0
1963 2 12516.0
1963 3 14776.0
1963 4 13896.0
1963 5 16660.0
1963 6 13326.0
1963 7 14538.0
1963 8 14045.0
1963 9 13442.0
1963 10 16936.0
1963 11 11326.0
1963 12 14753.0
1964 1 15350.0
1964 2 14465.0
1964 3 14446.0
1964 4 15765.0
1964 5 13882.0
1964 6 12602.0
1964 7 13350.0
1964 8 9801.0
1964 9 9122.0
1964 10 8448.0
1964 11 7751.0
1964 12 7763.0
1965 1 7511.0
1965 2 8354.0
1965 3 10733.0
1965 4 7840.0
1965 5 7105.0
1965 6 6223.0
1965 7 6142.0
1965 8 6828.0
1965 9 4292.0
1965 10 4524.0
1965 11 7896.0
1965 12 3788.0
1966 1 4698.0
1966 2 4898.0
1966 3 4043.0
1966 4 3478.0
1966 5 3659.0
1966 6 1727.0
1966 7 2064.0
1966 8 1863.0
1966 9 1303.0
1966 10 1718.0
1966 11 1623.0
1966 12 1280.0
1967 1 2015.0
1967 2 2012.0
1967 3 3040.0
1967 4 3511.0
1967 5 2903.0
1967 6 3191.0
1967 7 3312.0
1967 8 3793.0
1967 9 4103.0
1967 10 4562.0
1967 11 4036.0
1967 12 5091.0
1968 1 3949.0
1968 2 4437.0
1968 3 5095.0
1968 4 6843.0
1968 5 6956.0
1968 6 4725.0
1968 7 5917.0
1968 8 6376.0
1968 9 6604.0
1968 10 7682.0
1968 11 6515.0
1968 12 7426.0
1969 1 7557.0
1969 2 6243.0
1969 3 6680.0
1969 4 12576.0
1969 5 8521.0
1969 6 9957.0
1969 7 8957.0
1969 8 8568.0
1969 9 9288.0
1969 10 9907.0
1969 11 6930.0
1969 12 9171.0
1970 1 7937.0
1970 2 6208.0
1970 3 7181.0
1970 4 12315.0
1970 5 11972.0
1970 6 7959.0
1970 7 8830.0
1970 8 9955.0
1970 9 12311.0
1970 10 15488.0
1970 11 7811.0
1970 12 14156.0
1971 1 6991.0
1971 2 10104.0
1971 3 10474.0
1971 4 14101.0
1971 5 10884.0
1971 6 12218.0
1971 7 13495.0
1971 8 14735.0
1971 9 10629.0
1971 10 10187.0
1971 11 12106.0
1971 12 15040.0
1972 1 12830.0
1972 2 15935.0
1972 3 13299.0
1972 4 13417.0
1972 5 15358.0
1972 6 11516.0
1972 7 10830.0
1972 8 11571.0
1972 9 10837.0
1972 10 12181.0
1972 11 11468.0
1972 12 14010.0
1973 1 13736.0
1973 2 11332.0
1973 3 12832.0
1973 4 11577.0
1973 5 10049.0
1973 6 9585.0
1973 7 8008.0
1973 8 8606.0
1973 9 8996.0
1973 10 6873.0
1973 11 4960.0
1973 12 7522.0
1974 1 5287.0
1974 2 4422.0
1974 3 6309.0
1974 4 7452.0
1974 5 5464.0
1974 6 5750.0
1974 7 3822.0
1974 8 2788.0
1974 9 2557.0
1974 10 2734.0
1974 11 1909.0
1974 12 2532.0
1975 1 1799.0
1975 2 2322.0
1975 3 3098.0
1975 4 3429.0
1975 5 3882.0
1975 6 3584.0
1975 7 4468.0
1975 8 3371.0
1975 9 3218.0
1975 10 5159.0
1975 11 2804.0
1975 12 4633.0
1976 1 6106.0
1976 2 4375.0
1976 3 5436.0
1976 4 5119.0
1976 5 5399.0
1976 6 6364.0
1976 7 5997.0
1976 8 7403.0
1976 9 6689.0
1976 10 6834.0
1976 11 9093.0
1976 12 8462.0
1977 1 5658.0
1977 2 7279.0
1977 3 8587.0
1977 4 7409.0
1977 5 7714.0
1977 6 8557.0
1977 7 8175.0
1977 8 7158.0
1977 9 6688.0
1977 10 6851.0
1977 11 9489.0
1977 12 9316.0
1978 1 5464.0
1978 2 6861.0
1978 3 8982.0
1978 4 7969.0
1978 5 9266.0
1978 6 22233.0
1978 7 7240.0
1978 8 5523.0
1978 9 6897.0
1978 10 5791.0
1978 11 6265.0
1978 12 7359.0
1979 1 4580.0
1979 2 6225.0
1979 3 7224.0
1979 4 7524.0
1979 5 7318.0
1979 6 7343.0
1979 7 7484.0
1979 8 8561.0
1979 9 7243.0
1979 10 8535.0
1979 11 5805.0
1979 12 5853.0
1980 1 4111.0
1980 2 5315.0
1980 3 4759.0
1980 4 3844.0
1980 5 3053.0
1980 6 4737.0
1980 7 4558.0
1980 8 5019.0
1980 9 6568.0
1980 10 6371.0
1980 11 3596.0
1980 12 4696.0
1981 1 2961.0
1981 2 4126.0
1981 3 3765.0
1981 4 5324.0
1981 5 4488.0
1981 6 5058.0
1981 7 4017.0
1981 8 3883.0
1981 9 3946.0
1981 10 2737.0
1981 11 1899.0
1981 12 2806.0
1982 1 1850.0
1982 2 1759.0
1982 3 2594.0
1982 4 2220.0
1982 5 2992.0
1982 6 3607.0
1982 7 4407.0
1982 8 2019.0
1982 9 3655.0
1982 10 3389.0
1982 11 2342.0
1982 12 3595.0
1983 1 3252.0
1983 2 3373.0
1983 3 3365.0
1983 4 4437.0
1983 5 5983.0
1983 6 6896.0
1983 7 7594.0
1983 8 7160.0
1983 9 7447.0
1983 10 6396.0
1983 11 5829.0
1983 12 7578.0
1984 1 6746.0
1984 2 8602.0
1984 3 9661.0
1984 4 8985.0
1984 5 11374.0
1984 6 11726.0
1984 7 10824.0
1984 8 9536.0
1984 9 9468.0
1984 10 8849.0
1984 11 9208.0
1984 12 7499.0
1985 1 8510.0
1985 2 8474.0
1985 3 11418.0
1985 4 12387.0
1985 5 13048.0
1985 6 13537.0
1985 7 13783.0
1985 8 13507.0
1985 9 26119.0
1985 10 10990.0
1985 11 11799.0
1985 12 10524.0
1986 1 11291.0
1986 2 9312.0
1986 3 16494.0
1986 4 14568.0
1986 5 13914.0
1986 6 15181.0
1986 7 13525.0
1986 8 13312.0
1986 9 13465.0
1986 10 13424.0
1986 11 10566.0
1986 12 20384.0
1987 1 8244.0
1987 2 6782.0
1987 3 11117.0
1987 4 12864.0
1987 5 8345.0
1987 6 12575.0
1987 7 11560.0
1987 8 8605.0
1987 9 7600.0
1987 10 7658.0
1987 11 7446.0
1987 12 7563.0
1988 1 4272.0
1988 2 6603.0
1988 3 7620.0
1988 4 9665.0
1988 5 6803.0
1988 6 9014.0
1988 7 6375.0
1988 8 9234.0
1988 9 6192.0
1988 10 10150.0
1988 11 8278.0
1988 12 6436.0
1989 1 5471.0
1989 2 5020.0
1989 3 6241.0
1989 4 6548.0
1989 5 6973.0
1989 6 6337.0
1989 7 6824.0
1989 8 5106.0
1989 9 5110.0
1989 10 6251.0
1989 11 5209.0
1989 12 8130.0
1990 1 6808.0
1990 2 5111.0
1990 3 5390.0
1990 4 5022.0
1990 5 5218.0
1990 6 6520.0
1990 7 4047.0
1990 8 4118.0
1990 9 3879.0
1990 10 3072.0
1990 11 2856.0
1990 12 3346.0
1991 1 2913.0
1991 2 1415.0
1991 3 3864.0
1991 4 2072.0
1991 5 3527.0
1991 6 3615.0
1991 7 2918.0
1991 8 2589.0
1991 9 2176.0
1991 10 3502.0
1991 11 1559.0
1991 12 2679.0
1992 1 1639.0
1992 2 1920.0
1992 3 1881.0
1992 4 1487.0
1992 5 1333.0
1992 6 2472.0
1992 7 1628.0
1992 8 2162.0
1992 9 1370.0
1992 10 1848.0
1992 11 1540.0
1992 12 1833.0
1993 1 1757.0
1993 2 436.0
1993 3 1576.0
1993 4 1090.0
1993 5 1292.0
1993 6 1707.0
1993 7 1279.0
1993 8 1116.0
1993 9 863.0
1993 10 1040.0
1993 11 636.0
1993 12 1569.0
1994 1 801.0
1994 2 601.0
1994 3 1722.0
1994 4 1514.0
1994 5 853.0
1994 6 4535.0
1994 7 1080.0
1994 8 1281.0
1994 9 1878.0
1994 10 1337.0
1994 11 2070.0
1994 12 1493.0
1995 1 648.0
1995 2 981.0
1995 3 1446.0
1995 4 1612.0
1995 5 1454.0
1995 6 1164.0
1995 7 1640.0
1995 8 1325.0
1995 9 1256.0
1995 10 1091.0
1995 11 1657.0
1995 12 1715.0
1996 1 1395.0
1996 2 726.0
1996 3 1792.0
1996 4 1647.0
1996 5 1483.0
1996 6 1287.0
1996 7 1523.0
1996 8 1131.0
1996 9 1515.0
1996 10 2781.0
1996 11 1096.0
1996 12 1488.0
1997 1 1271.0
1997 2 1451.0
1997 3 1826.0
1997 4 2075.0
1997 5 1771.0
1997 6 2034.0
1997 7 2473.0
1997 8 2290.0
1997 9 2665.0
1997 10 2912.0
1997 11 1747.0
1997 12 3302.0
1998 1 1323.0
1998 2 1940.0
1998 3 1769.0
1998 4 2793.0
1998 5 2063.0
1998 6 4145.0
1998 7 1693.0
1998 8 3666.0
1998 9 3075.0
1998 10 2976.0
1998 11 2381.0
1998 12 3038.0
1999 1 3229.0
1999 2 1997.0
1999 3 2400.0
1999 4 1876.0
1999 5 2231.0
1999 6 2452.0
1999 7 2922.0
1999 8 3670.0
1999 9 3078.0
1999 10 3500.0
1999 11 2688.0
1999 12 3208.0
2000 1 3730.0
2000 2 3397.0
2000 3 3576.0
2000 4 2512.0
2000 5 1800.0
2000 6 7320.0
2000 7 2939.0
2000 8 3777.0
2000 9 2668.0
2000 10 2409.0
2000 11 2595.0
2000 12 4061.0
2001 1 5144.0
2001 2 1681.0
2001 3 3027.0
2001 4 2919.0
2001 5 2624.0
2001 6 4200.0
2001 7 1667.0
2001 8 4071.0
2001 9 1880.0
2001 10 3440.0
2001 11 2761.0
2001 12 3481.0
2002 1 2968.0
2002 2 3030.0
2002 3 2410.0
2002 4 2694.0
2002 5 1771.0
2002 6 2777.0
2002 7 2494.0
2002 8 2834.0
2002 9 3683.0
2002 10 5254.0
2002 11 3552.0
2002 12 3412.0
2003 1 2153.0
2003 2 6568.0
2003 3 4045.0
2003 4 4401.0
2003 5 4959.0
2003 6 3065.0
2003 7 3860.0
2003 8 3569.0
2003 9 3357.0
2003 10 6435.0
2003 11 3676.0
2003 12 3583.0
2004 1 3064.0
2004 2 3865.0
2004 3 4351.0
2004 4 4271.0
2004 5 3848.0
2004 6 5723.0
2004 7 4126.0
2004 8 4598.0
2004 9 4999.0
2004 10 4937.0
2004 11 6471.0
2004 12 7000.0
2005 1 4514.0
2005 2 4324.0
2005 3 4249.0
2005 4 3683.0
2005 5 3802.0
2005 6 5010.0
2005 7 3596.0
2005 8 4551.0
2005 9 5662.0
2005 10 2907.0
2005 11 4410.0
2005 12 3492.0
2006 1 2897.0
2006 2 7046.0
2006 3 5563.0
2006 4 3674.0
2006 5 4258.0
2006 6 4795.0
2006 7 2541.0
2006 8 3946.0
2006 9 5034.0
2006 10 3986.0
2006 11 3288.0
2006 12 4738.0
2007 1 3157.0
2007 2 2615.0
2007 3 5184.0
2007 4 3157.0
2007 5 3983.0
2007 6 2461.0
2007 7 2803.0
2007 8 5393.0
2007 9 2890.0
2007 10 3575.0
2007 11 2225.0
2007 12 2667.0
2008 1 2444.0
2008 2 3802.0
2008 3 1746.0
2008 4 2788.0
2008 5 3825.0
2008 6 2795.0
2008 7 1980.0
2008 8 1336.0
2008 9 2071.0
2008 10 1463.0
2008 11 2474.0
2008 12 2048.0
2009 1 862.0
2009 2 1101.0
2009 3 1335.0
2009 4 560.0
2009 5 489.0
2009 6 620.0
2009 7 857.0
2009 8 618.0
2009 9 625.0
2009 10 695.0
2009 11 638.0
2009 12 719.0
2010 1 1112.0
2010 2 1549.0
2010 3 1155.0
2010 4 757.0
2010 5 1127.0
2010 6 1726.0
2010 7 1605.0
2010 8 1798.0
2010 9 1041.0
2010 10 1488.0
2010 11 1480.0
2010 12 3476.0
2011 1 878.0
2011 2 855.0
2011 3 2463.0
2011 4 1563.0
2011 5 2467.0
2011 6 2809.0
2011 7 948.0
2011 8 2231.0
2011 9 1831.0
2011 10 1215.0
2011 11 2720.0
2011 12 3025.0
2012 1 591.0
2012 2 1751.0
2012 3 4131.0
2012 4 1333.0
2012 5 3140.0
2012 6 3240.0
2012 7 2876.0
2012 8 2484.0
2012 9 3101.0
2012 10 2357.0
2012 11 1773.0
2012 12 3497.0
2013 1 2443.0
2013 2 4003.0
2013 3 1945.0
2013 4 4420.0
2013 5 3884.0
2013 6 3008.0
2013 7 4497.0
2013 8 2979.0
2013 9 1352.0
2013 10 3310.0
2013 11 3998.0
2013 12 5526.0
2014 1 1213.0
2014 2 3592.0
2014 3 3968.0
2014 4 5469.0
2014 5 2780.0
2014 6 2847.0
2014 7 3950.0
2014 8 2911.0
2014 9 3520.0
2014 10 6073.0
2014 11 4789.0
2014 12 4132.0
2015 1 4504.0
2015 2 4454.0
2015 3 5620.0
2015 4 4270.0
2015 5 3455.0
2015 6 6362.0
2015 7 4297.0
2015 8 3263.0
2015 9 4661.0
2015 10 2712.0
2015 11 5339.0
2015 12 4542.0
2016 1 4236.0
2016 2 5161.0
2016 3 3573.0
2016 4 3555.0
2016 5 5472.0
2016 6 3521.0
2016 7 2493.0
2016 8 4872.0
2016 9 4383.0
2016 10 4412.0
2016 11 4027.0
2016 12 5482.0
2017 1 2373.0
2017 2 2402.0
2017 3 5156.0
2017 4 4756.0
2017 5 4129.0
2017 6 7460.0
2017 7 3746.0
2017 8 4494.0
2017 9 4209.0
2017 10 5266.0
2017 11 3744.0
2017 12 6021.0
2018 1 4015.0
2018 2 3506.0
2018 3 5244.0
2018 4 4539.0
2018 5 5399.0
2018 6 7002.0
2018 7 3603.0
2018 8 3377.0
2018 9 2801.0
2018 10 3849.0
2018 11 3663.0
2018 12 6829.0
2019 1 5304.0
2019 2 2539.0
2019 3 3721.0
2019 4 3537.0
2019 5 4372.0
2019 6 3356.0
2019 7 4727.0
2019 8 3866.0
2019 9 5638.0
2019 10 4848.0
2019 11 2994.0
2019 12 5800.0
2020 1 3831.0
2020 2 3124.0
2020 3 3676.0
2020 4 3142.0
2020 5 3266.0
2020 6 3103.0
2020 7 5107.0
2020 8 2591.0
2020 9 3276.0
2020 10 2440.0
2020 11 3713.0
2020 12 6725.0
2021 1 4969.0
2021 2 2682.0
2021 3 5070.0
2021 4 4147.0
2021 5 3947.0
2021 6 4605.0
2021 7 4227.0
2021 8 4241.0
2021 9 3664.0
2021 10 5901.0
2021 11 3831.0
2021 12 6304.0
2022 1 3299.0
2022 2 3917.0
2022 3 3865.0
2022 4 4574.0
2022 5 4241.0
2022 6 6668.0
2022 7 3141.0
2022 8 5408.0
2022 9 6063.0
2022 10 3521.0
2022 11 3597.0
2022 12 4542.0
2023 1 4070.0
2023 2 4663.0
2023 3 2802.0
2023 4 4716.0
2023 5 4063.0
2023 6 6550.0
2023 7 3645.0
2023 8 7166.0
2023 9 3853.0
2023 10 3665.0
2023 11 5214.0
2023 12 2645.0
2024 1 2701.0
2024 2 3158.0
2024 3 3113.0
2024 4 2058.0
2024 5 4293.0
2024 6 3712.0
2024 7 3353.0
2024 8 3453.0
