1960 5 1696.0
1960 6 1386.0
1960 7 1177.0
1960 8 1325.0
1960 9 1258.0
1960 10 1395.0
1960 11 1131.0
1960 12 1330.0
1961 1 1294.0
1961 2 1189.0
1961 3 1422.0
1961 4 1652.0
1961 5 1521.0
1961 6 1693.0
1961 7 1077.0
1961 8 1318.0
1961 9 1549.0
1961 10 1660.0
1961 11 1535.0
1961 12 1727.0
1962 1 2252.0
1962 2 1177.0
1962 3 2829.0
1962 4 2261.0
1962 5 2776.0
1962 6 2433.0
1962 7 2204.0
1962 8 2567.0
1962 9 1781.0
1962 10 2293.0
1962 11 2395.0
1962 12 2541.0
1963 1 3594.0
1963 2 3025.0
1963 3 4171.0
1963 4 3533.0
1963 5 4958.0
1963 6 4394.0
1963 7 5008.0
1963 8 2941.0
1963 9 4773.0
1963 10 4577.0
1963 11 3151.0
1963 12 4287.0
1964 1 4164.0
1964 2 4132.0
1964 3 3376.0
1964 4 3712.0
1964 5 3064.0
1964 6 3311.0
1964 7 2945.0
1964 8 2236.0
1964 9 2398.0
1964 10 2296.0
1964 11 2003.0
1964 12 1936.0
1965 1 1934.0
1965 2 1764.0
1965 3 2780.0
1965 4 2191.0
1965 5 1625.0
1965 6 1584.0
1965 7 1309.0
1965 8 1489.0
1965 9 1220.0
1965 10 1045.0
1965 11 1394.0
1965 12 1121.0
1966 1 1231.0
1966 2 1387.0
1966 3 1346.0
1966 4 1000.0
1966 5 943.0
1966 6 585.0
1966 7 502.0
1966 8 436.0
1966 9 291.0
1966 10 463.0
1966 11 373.0
1966 12 402.0
1967 1 512.0
1967 2 444.0
1967 3 947.0
1967 4 596.0
1967 5 706.0
1967 6 951.0
1967 7 966.0
1967 8 915.0
1967 9 746.0
1967 10 787.0
1967 11 1065.0
1967 12 760.0
1968 1 759.0
1968 2 907.0
1968 3 975.0
1968 4 1039.0
1968 5 1045.0
1968 6 851.0
1968 7 970.0
1968 8 1188.0
1968 9 1185.0
1968 10 1085.0
1968 11 1288.0
1968 12 1991.0
1969 1 1132.0
1969 2 1347.0
1969 3 1597.0
1969 4 1467.0
1969 5 1312.0
1969 6 1473.0
1969 7 1603.0
1969 8 1415.0
1969 9 1389.0
1969 10 1341.0
1969 11 1051.0
1969 12 1825.0
1970 1 1056.0
1970 2 1045.0
1970 3 1162.0
1970 4 1468.0
1970 5 1305.0
1970 6 1221.0
1970 7 1621.0
1970 8 2026.0
1970 9 2219.0
1970 10 1589.0
1970 11 1810.0
1970 12 1751.0
1971 1 1404.0
1971 2 1768.0
1971 3 2313.0
1971 4 2031.0
1971 5 2429.0
1971 6 2124.0
1971 7 2800.0
1971 8 3450.0
1971 9 1996.0
1971 10 1716.0
1971 11 1882.0
1971 12 2324.0
1972 1 1876.0
1972 2 2183.0
1972 3 3705.0
1972 4 3107.0
1972 5 3666.0
1972 6 2163.0
1972 7 2836.0
1972 8 2947.0
1972 9 2008.0
1972 10 2346.0
1972 11 2142.0
1972 12 2116.0
1973 1 2809.0
1973 2 1822.0
1973 3 2347.0
1973 4 1664.0
1973 5 2252.0
1973 6 2140.0
1973 7 2675.0
1973 8 1737.0
1973 9 1770.0
1973 10 1547.0
1973 11 1055.0
1973 12 1212.0
1974 1 1162.0
1974 2 1182.0
1974 3 1543.0
1974 4 1364.0
1974 5 1234.0
1974 6 935.0
1974 7 1148.0
1974 8 842.0
1974 9 389.0
1974 10 735.0
1974 11 387.0
1974 12 472.0
1975 1 426.0
1975 2 844.0
1975 3 776.0
1975 4 1099.0
1975 5 1020.0
1975 6 1127.0
1975 7 1137.0
1975 8 826.0
1975 9 1015.0
1975 10 1397.0
1975 11 876.0
1975 12 1245.0
1976 1 1438.0
1976 2 1228.0
1976 3 1524.0
1976 4 1604.0
1976 5 1698.0
1976 6 2091.0
1976 7 1467.0
1976 8 1884.0
1976 9 1723.0
1976 10 2371.0
1976 11 2306.0
1976 12 2291.0
1977 1 1406.0
1977 2 2148.0
1977 3 2786.0
1977 4 1676.0
1977 5 1914.0
1977 6 2460.0
1977 7 2517.0
1977 8 1885.0
1977 9 1596.0
1977 10 1897.0
1977 11 2998.0
1977 12 2364.0
1978 1 1362.0
1978 2 1688.0
1978 3 2789.0
1978 4 2231.0
1978 5 2827.0
1978 6 4175.0
1978 7 1665.0
1978 8 1945.0
1978 9 1896.0
1978 10 2304.0
1978 11 1834.0
1978 12 2214.0
1979 1 1334.0
1979 2 1620.0
1979 3 2513.0
1979 4 2272.0
1979 5 2280.0
1979 6 2102.0
1979 7 2428.0
1979 8 2392.0
1979 9 2154.0
1979 10 2766.0
1979 11 1676.0
1979 12 1201.0
1980 1 1036.0
1980 2 1351.0
1980 3 1460.0
1980 4 881.0
1980 5 816.0
1980 6 1292.0
1980 7 1051.0
1980 8 1645.0
1980 9 1697.0
1980 10 1417.0
1980 11 1203.0
1980 12 1270.0
1981 1 899.0
1981 2 986.0
1981 3 998.0
1981 4 1493.0
1981 5 1152.0
1981 6 1386.0
1981 7 1182.0
1981 8 883.0
1981 9 1013.0
1981 10 735.0
1981 11 796.0
1981 12 993.0
1982 1 464.0
1982 2 450.0
1982 3 691.0
1982 4 742.0
1982 5 957.0
1982 6 1035.0
1982 7 933.0
1982 8 688.0
1982 9 738.0
1982 10 936.0
1982 11 617.0
1982 12 878.0
1983 1 586.0
1983 2 665.0
1983 3 834.0
1983 4 1160.0
1983 5 1088.0
1983 6 2062.0
1983 7 1722.0
1983 8 1543.0
1983 9 1396.0
1983 10 1407.0
1983 11 1144.0
1983 12 1482.0
1984 1 1386.0
1984 2 1464.0
1984 3 2136.0
1984 4 1869.0
1984 5 1966.0
1984 6 2535.0
1984 7 2020.0
1984 8 1903.0
1984 9 1267.0
1984 10 1820.0
1984 11 1257.0
1984 12 1134.0
1985 1 1737.0
1985 2 1153.0
1985 3 2223.0
1985 4 1447.0
1985 5 1893.0
1985 6 2209.0
1985 7 1370.0
1985 8 1809.0
1985 9 2274.0
1985 10 1837.0
1985 11 1021.0
1985 12 1545.0
1986 1 1307.0
1986 2 1118.0
1986 3 1425.0
1986 4 2157.0
1986 5 2073.0
1986 6 1888.0
1986 7 1784.0
1986 8 1856.0
1986 9 1661.0
1986 10 1778.0
1986 11 1468.0
1986 12 2418.0
1987 1 1460.0
1987 2 1425.0
1987 3 1628.0
1987 4 1586.0
1987 5 1366.0
1987 6 1541.0
1987 7 1391.0
1987 8 1267.0
1987 9 959.0
1987 10 1081.0
1987 11 972.0
1987 12 1380.0
1988 1 664.0
1988 2 1209.0
1988 3 1548.0
1988 4 1064.0
1988 5 1242.0
1988 6 1297.0
1988 7 1041.0
1988 8 1562.0
1988 9 1204.0
1988 10 1240.0
1988 11 941.0
1988 12 1041.0
1989 1 890.0
1989 2 899.0
1989 3 1141.0
1989 4 1246.0
1989 5 1334.0
1989 6 1140.0
1989 7 1063.0
1989 8 1202.0
1989 9 909.0
1989 10 900.0
1989 11 982.0
1989 12 1337.0
1990 1 976.0
1990 2 978.0
1990 3 1005.0
1990 4 966.0
1990 5 839.0
1990 6 769.0
1990 7 735.0
1990 8 992.0
1990 9 645.0
1990 10 574.0
1990 11 558.0
1990 12 786.0
1991 1 562.0
1991 2 495.0
1991 3 673.0
1991 4 491.0
1991 5 667.0
1991 6 655.0
1991 7 842.0
1991 8 748.0
1991 9 590.0
1991 10 841.0
1991 11 335.0
1991 12 446.0
1992 1 366.0
1992 2 335.0
1992 3 376.0
1992 4 381.0
1992 5 518.0
1992 6 897.0
1992 7 444.0
1992 8 1045.0
1992 9 388.0
1992 10 509.0
1992 11 457.0
1992 12 312.0
1993 1 311.0
1993 2 263.0
1993 3 450.0
1993 4 354.0
1993 5 291.0
1993 6 429.0
1993 7 279.0
1993 8 231.0
1993 9 209.0
1993 10 215.0
1993 11 250.0
1993 12 424.0
1994 1 287.0
1994 2 359.0
1994 3 382.0
1994 4 353.0
1994 5 412.0
1994 6 298.0
1994 7 419.0
1994 8 408.0
1994 9 371.0
1994 10 366.0
1994 11 499.0
1994 12 332.0
1995 1 256.0
1995 2 200.0
1995 3 232.0
1995 4 348.0
1995 5 264.0
1995 6 468.0
1995 7 355.0
1995 8 452.0
1995 9 231.0
1995 10 425.0
1995 11 474.0
1995 12 229.0
1996 1 211.0
1996 2 235.0
1996 3 338.0
1996 4 343.0
1996 5 503.0
1996 6 254.0
1996 7 223.0
1996 8 314.0
1996 9 404.0
1996 10 403.0
1996 11 314.0
1996 12 202.0
1997 1 240.0
1997 2 280.0
1997 3 343.0
1997 4 277.0
1997 5 194.0
1997 6 385.0
1997 7 333.0
1997 8 290.0
1997 9 361.0
1997 10 341.0
1997 11 279.0
1997 12 326.0
1998 1 274.0
1998 2 213.0
1998 3 272.0
1998 4 213.0
1998 5 467.0
1998 6 378.0
1998 7 370.0
1998 8 289.0
1998 9 577.0
1998 10 336.0
1998 11 185.0
1998 12 376.0
1999 1 369.0
1999 2 305.0
1999 3 349.0
1999 4 347.0
1999 5 148.0
1999 6 230.0
1999 7 284.0
1999 8 257.0
1999 9 388.0
1999 10 283.0
1999 11 259.0
1999 12 504.0
2000 1 509.0
2000 2 306.0
2000 3 270.0
2000 4 364.0
2000 5 124.0
2000 6 375.0
2000 7 253.0
2000 8 624.0
2000 9 213.0
2000 10 440.0
2000 11 238.0
2000 12 555.0
2001 1 272.0
2001 2 283.0
2001 3 325.0
2001 4 305.0
2001 5 308.0
2001 6 249.0
2001 7 308.0
2001 8 404.0
2001 9 228.0
2001 10 256.0
2001 11 300.0
2001 12 373.0
2002 1 348.0
2002 2 295.0
2002 3 470.0
2002 4 312.0
2002 5 391.0
2002 6 482.0
2002 7 256.0
2002 8 405.0
2002 9 225.0
2002 10 496.0
2002 11 199.0
2002 12 470.0
2003 1 281.0
2003 2 615.0
2003 3 399.0
2003 4 552.0
2003 5 486.0
2003 6 528.0
2003 7 455.0
2003 8 414.0
2003 9 629.0
2003 10 662.0
2003 11 377.0
2003 12 416.0
2004 1 499.0
2004 2 524.0
2004 3 692.0
2004 4 755.0
2004 5 582.0
2004 6 647.0
2004 7 559.0
2004 8 567.0
2004 9 433.0
2004 10 569.0
2004 11 758.0
2004 12 445.0
2005 1 282.0
2005 2 292.0
2005 3 676.0
2005 4 812.0
2005 5 901.0
2005 6 925.0
2005 7 696.0
2005 8 491.0
2005 9 752.0
2005 10 583.0
2005 11 547.0
2005 12 600.0
2006 1 427.0
2006 2 688.0
2006 3 484.0
2006 4 391.0
2006 5 466.0
2006 6 687.0
2006 7 661.0
2006 8 525.0
2006 9 457.0
2006 10 486.0
2006 11 501.0
2006 12 452.0
2007 1 584.0
2007 2 431.0
2007 3 782.0
2007 4 429.0
2007 5 576.0
2007 6 356.0
2007 7 453.0
2007 8 369.0
2007 9 264.0
2007 10 255.0
2007 11 245.0
2007 12 255.0
2008 1 183.0
2008 2 178.0
2008 3 254.0
2008 4 247.0
2008 5 269.0
2008 6 253.0
2008 7 269.0
2008 8 142.0
2008 9 178.0
2008 10 201.0
2008 11 143.0
2008 12 137.0
2009 1 113.0
2009 2 112.0
2009 3 191.0
2009 4 174.0
2009 5 134.0
2009 6 149.0
2009 7 106.0
2009 8 116.0
2009 9 103.0
2009 10 77.0
2009 11 168.0
2009 12 118.0
2010 1 120.0
2010 2 240.0
2010 3 122.0
2010 4 113.0
2010 5 119.0
2010 6 209.0
2010 7 113.0
2010 8 138.0
2010 9 165.0
2010 10 161.0
2010 11 102.0
2010 12 159.0
2011 1 133.0
2011 2 92.0
2011 3 89.0
2011 4 59.0
2011 5 194.0
2011 6 153.0
2011 7 91.0
2011 8 115.0
2011 9 75.0
2011 10 77.0
2011 11 149.0
2011 12 123.0
2012 1 128.0
2012 2 94.0
2012 3 157.0
2012 4 147.0
2012 5 155.0
2012 6 215.0
2012 7 152.0
2012 8 194.0
2012 9 209.0
2012 10 179.0
2012 11 276.0
2012 12 151.0
2013 1 179.0
2013 2 148.0
2013 3 187.0
2013 4 258.0
2013 5 272.0
2013 6 379.0
2013 7 191.0
2013 8 162.0
2013 9 167.0
2013 10 209.0
2013 11 112.0
2013 12 148.0
2014 1 181.0
2014 2 191.0
2014 3 264.0
2014 4 142.0
2014 5 206.0
2014 6 253.0
2014 7 220.0
2014 8 169.0
2014 9 139.0
2014 10 119.0
2014 11 272.0
2014 12 207.0
2015 1 175.0
2015 2 129.0
2015 3 188.0
2015 4 311.0
2015 5 407.0
2015 6 536.0
2015 7 234.0
2015 8 195.0
2015 9 127.0
2015 10 252.0
2015 11 207.0
2015 12 162.0
2016 1 180.0
2016 2 232.0
2016 3 256.0
2016 4 129.0
2016 5 204.0
2016 6 206.0
2016 7 265.0
2016 8 260.0
2016 9 259.0
2016 10 263.0
2016 11 265.0
2016 12 355.0
2017 1 183.0
2017 2 346.0
2017 3 238.0
2017 4 338.0
2017 5 318.0
2017 6 504.0
2017 7 331.0
2017 8 327.0
2017 9 486.0
2017 10 262.0
2017 11 362.0
2017 12 438.0
2018 1 351.0
2018 2 569.0
2018 3 398.0
2018 4 432.0
2018 5 383.0
2018 6 367.0
2018 7 230.0
2018 8 324.0
2018 9 308.0
2018 10 376.0
2018 11 298.0
2018 12 396.0
2019 1 407.0
2019 2 304.0
2019 3 397.0
2019 4 422.0
2019 5 238.0
2019 6 282.0
2019 7 349.0
2019 8 396.0
2019 9 274.0
2019 10 464.0
2019 11 252.0
2019 12 283.0
2020 1 229.0
2020 2 439.0
2020 3 331.0
2020 4 284.0
2020 5 129.0
2020 6 304.0
2020 7 275.0
2020 8 351.0
2020 9 228.0
2020 10 386.0
2020 11 388.0
2020 12 378.0
2021 1 325.0
2021 2 261.0
2021 3 334.0
2021 4 334.0
2021 5 311.0
2021 6 269.0
2021 7 315.0
2021 8 316.0
2021 9 339.0
2021 10 405.0
2021 11 397.0
2021 12 318.0
2022 1 326.0
2022 2 290.0
2022 3 386.0
2022 4 412.0
2022 5 441.0
2022 6 431.0
2022 7 275.0
2022 8 375.0
2022 9 317.0
2022 10 290.0
2022 11 258.0
2022 12 280.0
2023 1 269.0
2023 2 240.0
2023 3 272.0
2023 4 367.0
2023 5 318.0
2023 6 309.0
2023 7 303.0
2023 8 436.0
2023 9 287.0
2023 10 268.0
2023 11 373.0
2023 12 235.0
2024 1 296.0
2024 2 235.0
2024 3 328.0
2024 4 320.0
2024 5 401.0
2024 6 333.0
2024 7 270.0
2024 8 355.0
