1960 5 11338.0
1960 6 10045.0
1960 7 9454.0
1960 8 11236.0
1960 9 9214.0
1960 10 8663.0
1960 11 7584.0
1960 12 6987.0
1961 1 8562.0
1961 2 7989.0
1961 3 10236.0
1961 4 9646.0
1961 5 11477.0
1961 6 10090.0
1961 7 9402.0
1961 8 9583.0
1961 9 9640.0
1961 10 10560.0
1961 11 8592.0
1961 12 7427.0
1962 1 9152.0
1962 2 7553.0
1962 3 9774.0
1962 4 10846.0
1962 5 10287.0
1962 6 9597.0
1962 7 10905.0
1962 8 11127.0
1962 9 8014.0
1962 10 9908.0
1962 11 8750.0
1962 12 7529.0
1963 1 10013.0
1963 2 8555.0
1963 3 9731.0
1963 4 11229.0
1963 5 11616.0
1963 6 11046.0
1963 7 10806.0
1963 8 10544.0
1963 9 10086.0
1963 10 10247.0
1963 11 7489.0
1963 12 7900.0
1964 1 8501.0
1964 2 8759.0
1964 3 9666.0
1964 4 9555.0
1964 5 9328.0
1964 6 9509.0
1964 7 9685.0
1964 8 8024.0
1964 9 7792.0
1964 10 7821.0
1964 11 6097.0
1964 12 7337.0
1965 1 5975.0
1965 2 7123.0
1965 3 9000.0
1965 4 8633.0
1965 5 8208.0
1965 6 7837.0
1965 7 6835.0
1965 8 7334.0
1965 9 7266.0
1965 10 6948.0
1965 11 5715.0
1965 12 5029.0
1966 1 6068.0
1966 2 5273.0
1966 3 8365.0
1966 4 7687.0
1966 5 5918.0
1966 6 5394.0
1966 7 4433.0
1966 8 4220.0
1966 9 3553.0
1966 10 2958.0
1966 11 2530.0
1966 12 2223.0
1967 1 2693.0
1967 2 3491.0
1967 3 4961.0
1967 4 4311.0
1967 5 6799.0
1967 6 6457.0
1967 7 5484.0
1967 8 6386.0
1967 9 5857.0
1967 10 5754.0
1967 11 5247.0
1967 12 4033.0
1968 1 5422.0
1968 2 5685.0
1968 3 7341.0
1968 4 7695.0
1968 5 8586.0
1968 6 7306.0
1968 7 7421.0
1968 8 7021.0
1968 9 7116.0
1968 10 7946.0
1968 11 6223.0
1968 12 6397.0
1969 1 6039.0
1969 2 4866.0
1969 3 6226.0
1969 4 9803.0
1969 5 8745.0
1969 6 8852.0
1969 7 6157.0
1969 8 5620.0
1969 9 6063.0
1969 10 7303.0
1969 11 5098.0
1969 12 4759.0
1970 1 3495.0
1970 2 4335.0
1970 3 5825.0
1970 4 9742.0
1970 5 5697.0
1970 6 6181.0
1970 7 5907.0
1970 8 5877.0
1970 9 6081.0
1970 10 6696.0
1970 11 5594.0
1970 12 6114.0
1971 1 5256.0
1971 2 7364.0
1971 3 11918.0
1971 4 11856.0
1971 5 11547.0
1971 6 10662.0
1971 7 10903.0
1971 8 9233.0
1971 9 8366.0
1971 10 9971.0
1971 11 8727.0
1971 12 7988.0
1972 1 7909.0
1972 2 9393.0
1972 3 11279.0
1972 4 10244.0
1972 5 11703.0
1972 6 12987.0
1972 7 9871.0
1972 8 13763.0
1972 9 9626.0
1972 10 13509.0
1972 11 8065.0
1972 12 6643.0
1973 1 7823.0
1973 2 5951.0
1973 3 9916.0
1973 4 12407.0
1973 5 11714.0
1973 6 11230.0
1973 7 10101.0
1973 8 10034.0
1973 9 8359.0
1973 10 6520.0
1973 11 4778.0
1973 12 5130.0
1974 1 4499.0
1974 2 5052.0
1974 3 7681.0
1974 4 8566.0
1974 5 8785.0
1974 6 7854.0
1974 7 7407.0
1974 8 6946.0
1974 9 5125.0
1974 10 5566.0
1974 11 4159.0
1974 12 3885.0
1975 1 4765.0
1975 2 4811.0
1975 3 5071.0
1975 4 7300.0
1975 5 7870.0
1975 6 8707.0
1975 7 9389.0
1975 8 8292.0
1975 9 8860.0
1975 10 8719.0
1975 11 7096.0
1975 12 8223.0
1976 1 8685.0
1976 2 7522.0
1976 3 11136.0
1976 4 12313.0
1976 5 11203.0
1976 6 13792.0
1976 7 13699.0
1976 8 12860.0
1976 9 10935.0
1976 10 12985.0
1976 11 13356.0
1976 12 13933.0
1977 1 11955.0
1977 2 13454.0
1977 3 18791.0
1977 4 14813.0
1977 5 16326.0
1977 6 17584.0
1977 7 13740.0
1977 8 16128.0
1977 9 13828.0
1977 10 12409.0
1977 11 14788.0
1977 12 10915.0
1978 1 8142.0
1978 2 8983.0
1978 3 12694.0
1978 4 12134.0
1978 5 14237.0
1978 6 22836.0
1978 7 11597.0
1978 8 9935.0
1978 9 9958.0
1978 10 11385.0
1978 11 10180.0
1978 12 9845.0
1979 1 8646.0
1979 2 7150.0
1979 3 11028.0
1979 4 12752.0
1979 5 13558.0
1979 6 12399.0
1979 7 12685.0
1979 8 13678.0
1979 9 9604.0
1979 10 11198.0
1979 11 8468.0
1979 12 7043.0
1980 1 6276.0
1980 2 7092.0
1980 3 6431.0
1980 4 5555.0
1980 5 5284.0
1980 6 6684.0
1980 7 9016.0
1980 8 9133.0
1980 9 9343.0
1980 10 8241.0
1980 11 7207.0
1980 12 6287.0
1981 1 4836.0
1981 2 4633.0
1981 3 6874.0
1981 4 7737.0
1981 5 7819.0
1981 6 6242.0
1981 7 5124.0
1981 8 4001.0
1981 9 3487.0
1981 10 3598.0
1981 11 2412.0
1981 12 3049.0
1982 1 2638.0
1982 2 2612.0
1982 3 3226.0
1982 4 3442.0
1982 5 4178.0
1982 6 5540.0
1982 7 5759.0
1982 8 3832.0
1982 9 3903.0
1982 10 4921.0
1982 11 4441.0
1982 12 5889.0
1983 1 4695.0
1983 2 5558.0
1983 3 6207.0
1983 4 9231.0
1983 5 9718.0
1983 6 13724.0
1983 7 9199.0
1983 8 8858.0
1983 9 7934.0
1983 10 8619.0
1983 11 8424.0
1983 12 9269.0
1984 1 8694.0
1984 2 9016.0
1984 3 10862.0
1984 4 11616.0
1984 5 11217.0
1984 6 10497.0
1984 7 8781.0
1984 8 9568.0
1984 9 7305.0
1984 10 8694.0
1984 11 7156.0
1984 12 5550.0
1985 1 7000.0
1985 2 8753.0
1985 3 10277.0
1985 4 10131.0
1985 5 10838.0
1985 6 10376.0
1985 7 9964.0
1985 8 10510.0
1985 9 8787.0
1985 10 10233.0
1985 11 7800.0
1985 12 7253.0
1986 1 8081.0
1986 2 8212.0
1986 3 10495.0
1986 4 13367.0
1986 5 13357.0
1986 6 15246.0
1986 7 12984.0
1986 8 10505.0
1986 9 11703.0
1986 10 12603.0
1986 11 8764.0
1986 12 16635.0
1987 1 10413.0
1987 2 9484.0
1987 3 14993.0
1987 4 14001.0
1987 5 10677.0
1987 6 13499.0
1987 7 11217.0
1987 8 11545.0
1987 9 10035.0
1987 10 9522.0
1987 11 8178.0
1987 12 9164.0
1988 1 9568.0
1988 2 9254.0
1988 3 14243.0
1988 4 13338.0
1988 5 14522.0
1988 6 16979.0
1988 7 13322.0
1988 8 14912.0
1988 9 12422.0
1988 10 14124.0
1988 11 13740.0
1988 12 11258.0
1989 1 11168.0
1989 2 10949.0
1989 3 14913.0
1989 4 14337.0
1989 5 16023.0
1989 6 16121.0
1989 7 14056.0
1989 8 14242.0
1989 9 12030.0
1989 10 14771.0
1989 11 11068.0
1989 12 12979.0
1990 1 10818.0
1990 2 9796.0
1990 3 13395.0
1990 4 10879.0
1990 5 10548.0
1990 6 11063.0
1990 7 9154.0
1990 8 8517.0
1990 9 6277.0
1990 10 6809.0
1990 11 4680.0
1990 12 4307.0
1991 1 4559.0
1991 2 4800.0
1991 3 7654.0
1991 4 8087.0
1991 5 7590.0
1991 6 7241.0
1991 7 7237.0
1991 8 6303.0
1991 9 5503.0
1991 10 6163.0
1991 11 4685.0
1991 12 5054.0
1992 1 5179.0
1992 2 5348.0
1992 3 6613.0
1992 4 8143.0
1992 5 6591.0
1992 6 8850.0
1992 7 6618.0
1992 8 5809.0
1992 9 5725.0
1992 10 5915.0
1992 11 4723.0
1992 12 7383.0
1993 1 4676.0
1993 2 4448.0
1993 3 7529.0
1993 4 6619.0
1993 5 5711.0
1993 6 8149.0
1993 7 5723.0
1993 8 5987.0
1993 9 5811.0
1993 10 5412.0
1993 11 5400.0
1993 12 5873.0
1994 1 4784.0
1994 2 5212.0
1994 3 7804.0
1994 4 6514.0
1994 5 7568.0
1994 6 8903.0
1994 7 5586.0
1994 8 7717.0
1994 9 6269.0
1994 10 6342.0
1994 11 5320.0
1994 12 5321.0
1995 1 3856.0
1995 2 4866.0
1995 3 4907.0
1995 4 5339.0
1995 5 6308.0
1995 6 7025.0
1995 7 5763.0
1995 8 8245.0
1995 9 5545.0
1995 10 5919.0
1995 11 5335.0
1995 12 5980.0
1996 1 4679.0
1996 2 4579.0
1996 3 6381.0
1996 4 7166.0
1996 5 6747.0
1996 6 7241.0
1996 7 7124.0
1996 8 7086.0
1996 9 6104.0
1996 10 6747.0
1996 11 5290.0
1996 12 4731.0
1997 1 4604.0
1997 2 5816.0
1997 3 6519.0
1997 4 7338.0
1997 5 7439.0
1997 6 7985.0
1997 7 7819.0
1997 8 7514.0
1997 9 7280.0
1997 10 8793.0
1997 11 5817.0
1997 12 5975.0
1998 1 5023.0
1998 2 5028.0
1998 3 8255.0
1998 4 8252.0
1998 5 7992.0
1998 6 9854.0
1998 7 9588.0
1998 8 8231.0
1998 9 7947.0
1998 10 8011.0
1998 11 6799.0
1998 12 7213.0
1999 1 6144.0
1999 2 6125.0
1999 3 9083.0
1999 4 8923.0
1999 5 9425.0
1999 6 12487.0
1999 7 10046.0
1999 8 8059.0
1999 9 7641.0
1999 10 7225.0
1999 11 6677.0
1999 12 8054.0
2000 1 6700.0
2000 2 6310.0
2000 3 9121.0
2000 4 8835.0
2000 5 10125.0
2000 6 10568.0
2000 7 8423.0
2000 8 9273.0
2000 9 8147.0
2000 10 8935.0
2000 11 8284.0
2000 12 8251.0
2001 1 9075.0
2001 2 7318.0
2001 3 9614.0
2001 4 9975.0
2001 5 10329.0
2001 6 10029.0
2001 7 8954.0
2001 8 9521.0
2001 9 6995.0
2001 10 8282.0
2001 11 7278.0
2001 12 7903.0
2002 1 7581.0
2002 2 8022.0
2002 3 9937.0
2002 4 10791.0
2002 5 11264.0
2002 6 10586.0
2002 7 11430.0
2002 8 10761.0
2002 9 9267.0
2002 10 12421.0
2002 11 8987.0
2002 12 8738.0
2003 1 11253.0
2003 2 9107.0
2003 3 11156.0
2003 4 11905.0
2003 5 12565.0
2003 6 13038.0
2003 7 12207.0
2003 8 11042.0
2003 9 11671.0
2003 10 13351.0
2003 11 9718.0
2003 12 11242.0
2004 1 10963.0
2004 2 10288.0
2004 3 14368.0
2004 4 14254.0
2004 5 14221.0
2004 6 14090.0
2004 7 12822.0
2004 8 13411.0
2004 9 12518.0
2004 10 11704.0
2004 11 10962.0
2004 12 10836.0
2005 1 9564.0
2005 2 9771.0
2005 3 13887.0
2005 4 14519.0
2005 5 14188.0
2005 6 14859.0
2005 7 13452.0
2005 8 12525.0
2005 9 14667.0
2005 10 11240.0
2005 11 9399.0
2005 12 9271.0
2006 1 8874.0
2006 2 9049.0
2006 3 10199.0
2006 4 10862.0
2006 5 11985.0
2006 6 11615.0
2006 7 8083.0
2006 8 7649.0
2006 9 6880.0
2006 10 5913.0
2006 11 5792.0
2006 12 5347.0
2007 1 6464.0
2007 2 6016.0
2007 3 8061.0
2007 4 6930.0
2007 5 7140.0
2007 6 6757.0
2007 7 5798.0
2007 8 5027.0
2007 9 3801.0
2007 10 3902.0
2007 11 3014.0
2007 12 3396.0
2008 1 2599.0
2008 2 2425.0
2008 3 2910.0
2008 4 3401.0
2008 5 3506.0
2008 6 3917.0
2008 7 2981.0
2008 8 2296.0
2008 9 2261.0
2008 10 2313.0
2008 11 1580.0
2008 12 1692.0
2009 1 1150.0
2009 2 1269.0
2009 3 1696.0
2009 4 2356.0
2009 5 2329.0
2009 6 2808.0
2009 7 2151.0
2009 8 2112.0
2009 9 2064.0
2009 10 2098.0
2009 11 1728.0
2009 12 2379.0
2010 1 1910.0
2010 2 1920.0
2010 3 2506.0
2010 4 2453.0
2010 5 2020.0
2010 6 2741.0
2010 7 2151.0
2010 8 1835.0
2010 9 1785.0
2010 10 1542.0
2010 11 1397.0
2010 12 2668.0
2011 1 1608.0
2011 2 1424.0
2011 3 1965.0
2011 4 2128.0
2011 5 2265.0
2011 6 2292.0
2011 7 1600.0
2011 8 1954.0
2011 9 1570.0
2011 10 1920.0
2011 11 1531.0
2011 12 1945.0
2012 1 1525.0
2012 2 1616.0
2012 3 2050.0
2012 4 1981.0
2012 5 2565.0
2012 6 2795.0
2012 7 2671.0
2012 8 2583.0
2012 9 2239.0
2012 10 2428.0
2012 11 2244.0
2012 12 2520.0
2013 1 2529.0
2013 2 2513.0
2013 3 2895.0
2013 4 3169.0
2013 5 3597.0
2013 6 3363.0
2013 7 3185.0
2013 8 3616.0
2013 9 2557.0
2013 10 3095.0
2013 11 2476.0
2013 12 3270.0
2014 1 3008.0
2014 2 2477.0
2014 3 2926.0
2014 4 3154.0
2014 5 3589.0
2014 6 4461.0
2014 7 3397.0
2014 8 2756.0
2014 9 2727.0
2014 10 2944.0
2014 11 2632.0
2014 12 3288.0
2015 1 2808.0
2015 2 2745.0
2015 3 3587.0
2015 4 4202.0
2015 5 4290.0
2015 6 5141.0
2015 7 4256.0
2015 8 3676.0
2015 9 3315.0
2015 10 3326.0
2015 11 3214.0
2015 12 3572.0
2016 1 2726.0
2016 2 3523.0
2016 3 4061.0
2016 4 4370.0
2016 5 4770.0
2016 6 5466.0
2016 7 3570.0
2016 8 4351.0
2016 9 3972.0
2016 10 3862.0
2016 11 3803.0
2016 12 4968.0
2017 1 3003.0
2017 2 3896.0
2017 3 5005.0
2017 4 4866.0
2017 5 5470.0
2017 6 6758.0
2017 7 4204.0
2017 8 5160.0
2017 9 4701.0
2017 10 5069.0
2017 11 4528.0
2017 12 5372.0
2018 1 4715.0
2018 2 4510.0
2018 3 6302.0
2018 4 5597.0
2018 5 6690.0
2018 6 5950.0
2018 7 5894.0
2018 8 5449.0
2018 9 4623.0
2018 10 4896.0
2018 11 4078.0
2018 12 3880.0
2019 1 4069.0
2019 2 3689.0
2019 3 4624.0
2019 4 5508.0
2019 5 5511.0
2019 6 5658.0
2019 7 5197.0
2019 8 4977.0
2019 9 4282.0
2019 10 5328.0
2019 11 4636.0
2019 12 5723.0
2020 1 4842.0
2020 2 5635.0
2020 3 4273.0
2020 4 2845.0
2020 5 3439.0
2020 6 5741.0
2020 7 5243.0
2020 8 5599.0
2020 9 6200.0
2020 10 6230.0
2020 11 4654.0
2020 12 5859.0
2021 1 4760.0
2021 2 5215.0
2021 3 6574.0
2021 4 6413.0
2021 5 5975.0
2021 6 6191.0
2021 7 5487.0
2021 8 5628.0
2021 9 5072.0
2021 10 5096.0
2021 11 4890.0
2021 12 4669.0
2022 1 4977.0
2022 2 5213.0
2022 3 7018.0
2022 4 6041.0
2022 5 6022.0
2022 6 6007.0
2022 7 4522.0
2022 8 5637.0
2022 9 4179.0
2022 10 3761.0
2022 11 3203.0
2022 12 3678.0
2023 1 3068.0
2023 2 3612.0
2023 3 4608.0
2023 4 4470.0
2023 5 6003.0
2023 6 6776.0
2023 7 4545.0
2023 8 5464.0
2023 9 4359.0
2023 10 4673.0
2023 11 4543.0
2023 12 4534.0
2024 1 4757.0
2024 2 4587.0
2024 3 4871.0
2024 4 5638.0
2024 5 6149.0
2024 6 5651.0
2024 7 5165.0
2024 8 5452.0
