1960 5 17305.0
1960 6 17125.0
1960 7 14511.0
1960 8 17474.0
1960 9 15215.0
1960 10 14977.0
1960 11 13279.0
1960 12 12342.0
1961 1 14807.0
1961 2 13431.0
1961 3 17931.0
1961 4 16696.0
1961 5 19474.0
1961 6 19767.0
1961 7 16459.0
1961 8 18052.0
1961 9 15999.0
1961 10 18681.0
1961 11 16734.0
1961 12 15045.0
1962 1 18841.0
1962 2 14580.0
1962 3 20282.0
1962 4 20804.0
1962 5 22421.0
1962 6 19778.0
1962 7 20522.0
1962 8 22683.0
1962 9 17458.0
1962 10 20756.0
1962 11 20152.0
1962 12 19217.0
1963 1 25321.0
1963 2 21071.0
1963 3 24507.0
1963 4 25125.0
1963 5 28276.0
1963 6 24372.0
1963 7 25344.0
1963 8 24589.0
1963 9 23528.0
1963 10 27183.0
1963 11 18815.0
1963 12 22653.0
1964 1 23851.0
1964 2 23224.0
1964 3 24112.0
1964 4 25320.0
1964 5 23210.0
1964 6 22111.0
1964 7 23035.0
1964 8 17825.0
1964 9 16914.0
1964 10 16269.0
1964 11 13848.0
1964 12 15100.0
1965 1 13486.0
1965 2 15477.0
1965 3 19733.0
1965 4 16473.0
1965 5 15313.0
1965 6 14060.0
1965 7 12977.0
1965 8 14162.0
1965 9 11558.0
1965 10 11472.0
1965 11 13611.0
1965 12 8817.0
1966 1 10766.0
1966 2 10171.0
1966 3 12408.0
1966 4 11165.0
1966 5 9577.0
1966 6 7121.0
1966 7 6497.0
1966 8 6083.0
1966 9 4856.0
1966 10 4676.0
1966 11 4153.0
1966 12 3503.0
1967 1 4708.0
1967 2 5503.0
1967 3 8001.0
1967 4 7822.0
1967 5 9702.0
1967 6 9648.0
1967 7 8796.0
1967 8 10179.0
1967 9 9960.0
1967 10 10316.0
1967 11 9283.0
1967 12 9124.0
1968 1 9371.0
1968 2 10122.0
1968 3 12436.0
1968 4 14538.0
1968 5 15542.0
1968 6 12031.0
1968 7 13338.0
1968 8 13397.0
1968 9 13720.0
1968 10 15628.0
1968 11 12738.0
1968 12 13823.0
1969 1 13596.0
1969 2 11109.0
1969 3 12906.0
1969 4 22379.0
1969 5 17266.0
1969 6 18809.0
1969 7 15114.0
1969 8 14188.0
1969 9 15351.0
1969 10 17210.0
1969 11 12028.0
1969 12 13930.0
1970 1 11432.0
1970 2 10543.0
1970 3 13006.0
1970 4 22057.0
1970 5 17669.0
1970 6 14140.0
1970 7 14737.0
1970 8 15832.0
1970 9 18392.0
1970 10 22184.0
1970 11 13405.0
1970 12 20270.0
1971 1 12247.0
1971 2 17468.0
1971 3 22392.0
1971 4 25957.0
1971 5 22431.0
1971 6 22880.0
1971 7 24398.0
1971 8 23968.0
1971 9 18995.0
1971 10 20158.0
1971 11 20833.0
1971 12 23028.0
1972 1 20739.0
1972 2 25328.0
1972 3 24578.0
1972 4 23661.0
1972 5 27061.0
1972 6 24503.0
1972 7 20701.0
1972 8 25334.0
1972 9 20463.0
1972 10 25690.0
1972 11 19533.0
1972 12 20653.0
1973 1 21559.0
1973 2 17283.0
1973 3 22748.0
1973 4 23984.0
1973 5 21763.0
1973 6 20815.0
1973 7 18109.0
1973 8 18640.0
1973 9 17355.0
1973 10 13393.0
1973 11 9738.0
1973 12 12652.0
1974 1 9786.0
1974 2 9474.0
1974 3 13990.0
1974 4 16018.0
1974 5 14249.0
1974 6 13604.0
1974 7 11229.0
1974 8 9734.0
1974 9 7682.0
1974 10 8300.0
1974 11 6068.0
1974 12 6417.0
1975 1 6564.0
1975 2 7133.0
1975 3 8169.0
1975 4 10729.0
1975 5 11752.0
1975 6 12291.0
1975 7 13857.0
1975 8 11663.0
1975 9 12078.0
1975 10 13878.0
1975 11 9900.0
1975 12 12856.0
1976 1 14791.0
1976 2 11897.0
1976 3 16572.0
1976 4 17432.0
1976 5 16602.0
1976 6 20156.0
1976 7 19696.0
1976 8 20263.0
1976 9 17624.0
1976 10 19819.0
1976 11 22449.0
1976 12 22395.0
1977 1 17613.0
1977 2 20733.0
1977 3 27378.0
1977 4 22222.0
1977 5 24040.0
1977 6 26141.0
1977 7 21915.0
1977 8 23286.0
1977 9 20516.0
1977 10 19260.0
1977 11 24277.0
1977 12 20231.0
1978 1 13606.0
1978 2 15844.0
1978 3 21676.0
1978 4 20103.0
1978 5 23503.0
1978 6 45069.0
1978 7 18837.0
1978 8 15458.0
1978 9 16855.0
1978 10 17176.0
1978 11 16445.0
1978 12 17204.0
1979 1 13226.0
1979 2 13375.0
1979 3 18252.0
1979 4 20276.0
1979 5 20876.0
1979 6 19742.0
1979 7 20169.0
1979 8 22239.0
1979 9 16847.0
1979 10 19733.0
1979 11 14273.0
1979 12 12896.0
1980 1 10387.0
1980 2 12407.0
1980 3 11190.0
1980 4 9399.0
1980 5 8337.0
1980 6 11421.0
1980 7 13574.0
1980 8 14152.0
1980 9 15911.0
1980 10 14612.0
1980 11 10803.0
1980 12 10983.0
1981 1 7797.0
1981 2 8759.0
1981 3 10639.0
1981 4 13061.0
1981 5 12307.0
1981 6 11300.0
1981 7 9141.0
1981 8 7884.0
1981 9 7433.0
1981 10 6335.0
1981 11 4311.0
1981 12 5855.0
1982 1 4488.0
1982 2 4371.0
1982 3 5820.0
1982 4 5662.0
1982 5 7170.0
1982 6 9147.0
1982 7 10166.0
1982 8 5851.0
1982 9 7558.0
1982 10 8310.0
1982 11 6783.0
1982 12 9484.0
1983 1 7947.0
1983 2 8931.0
1983 3 9572.0
1983 4 13668.0
1983 5 15701.0
1983 6 20620.0
1983 7 16793.0
1983 8 16018.0
1983 9 15381.0
1983 10 15036.0
1983 11 14253.0
1983 12 16847.0
1984 1 15440.0
1984 2 17618.0
1984 3 20523.0
1984 4 20601.0
1984 5 22591.0
1984 6 22223.0
1984 7 19605.0
1984 8 19104.0
1984 9 16773.0
1984 10 17543.0
1984 11 16364.0
1984 12 13049.0
1985 1 15510.0
1985 2 17227.0
1985 3 21695.0
1985 4 22518.0
1985 5 23886.0
1985 6 23913.0
1985 7 23747.0
1985 8 24017.0
1985 9 34906.0
1985 10 21223.0
1985 11 19599.0
1985 12 17777.0
1986 1 19372.0
1986 2 17524.0
1986 3 26989.0
1986 4 27935.0
1986 5 27271.0
1986 6 30427.0
1986 7 26509.0
1986 8 23817.0
1986 9 25168.0
1986 10 26027.0
1986 11 19330.0
1986 12 37019.0
1987 1 18657.0
1987 2 16266.0
1987 3 26110.0
1987 4 26865.0
1987 5 19022.0
1987 6 26074.0
1987 7 22777.0
1987 8 20150.0
1987 9 17635.0
1987 10 17180.0
1987 11 15624.0
1987 12 16727.0
1988 1 13840.0
1988 2 15857.0
1988 3 21863.0
1988 4 23003.0
1988 5 21325.0
1988 6 25993.0
1988 7 19697.0
1988 8 24146.0
1988 9 18614.0
1988 10 24274.0
1988 11 22018.0
1988 12 17694.0
1989 1 16639.0
1989 2 15969.0
1989 3 21154.0
1989 4 20885.0
1989 5 22996.0
1989 6 22458.0
1989 7 20880.0
1989 8 19348.0
1989 9 17140.0
1989 10 21022.0
1989 11 16277.0
1989 12 21109.0
1990 1 17626.0
1990 2 14907.0
1990 3 18785.0
1990 4 15901.0
1990 5 15766.0
1990 6 17583.0
1990 7 13201.0
1990 8 12635.0
1990 9 10156.0
1990 10 9881.0
1990 11 7536.0
1990 12 7653.0
1991 1 7472.0
1991 2 6215.0
1991 3 11518.0
1991 4 10159.0
1991 5 11117.0
1991 6 10856.0
1991 7 10155.0
1991 8 8892.0
1991 9 7679.0
1991 10 9665.0
1991 11 6244.0
1991 12 7733.0
1992 1 6818.0
1992 2 7268.0
1992 3 8494.0
1992 4 9630.0
1992 5 7924.0
1992 6 11322.0
1992 7 8246.0
1992 8 7971.0
1992 9 7095.0
1992 10 7763.0
1992 11 6263.0
1992 12 9216.0
1993 1 6433.0
1993 2 4884.0
1993 3 9105.0
1993 4 7709.0
1993 5 7003.0
1993 6 9856.0
1993 7 7002.0
1993 8 7103.0
1993 9 6674.0
1993 10 6452.0
1993 11 6036.0
1993 12 7442.0
1994 1 5585.0
1994 2 5813.0
1994 3 9526.0
1994 4 8028.0
1994 5 8421.0
1994 6 13438.0
1994 7 6666.0
1994 8 8998.0
1994 9 8147.0
1994 10 7679.0
1994 11 7390.0
1994 12 6814.0
1995 1 4504.0
1995 2 5847.0
1995 3 6353.0
1995 4 6951.0
1995 5 7762.0
1995 6 8189.0
1995 7 7403.0
1995 8 9570.0
1995 9 6801.0
1995 10 7010.0
1995 11 6992.0
1995 12 7695.0
1996 1 6074.0
1996 2 5305.0
1996 3 8173.0
1996 4 8813.0
1996 5 8230.0
1996 6 8528.0
1996 7 8647.0
1996 8 8217.0
1996 9 7619.0
1996 10 9528.0
1996 11 6386.0
1996 12 6219.0
1997 1 5875.0
1997 2 7267.0
1997 3 8345.0
1997 4 9413.0
1997 5 9210.0
1997 6 10019.0
1997 7 10292.0
1997 8 9804.0
1997 9 9945.0
1997 10 11705.0
1997 11 7564.0
1997 12 9277.0
1998 1 6346.0
1998 2 6968.0
1998 3 10024.0
1998 4 11045.0
1998 5 10055.0
1998 6 13999.0
1998 7 11281.0
1998 8 11897.0
1998 9 11022.0
1998 10 10987.0
1998 11 9180.0
1998 12 10251.0
1999 1 9373.0
1999 2 8122.0
1999 3 11483.0
1999 4 10799.0
1999 5 11656.0
1999 6 14939.0
1999 7 12968.0
1999 8 11729.0
1999 9 10719.0
1999 10 10725.0
1999 11 9365.0
1999 12 11262.0
2000 1 10430.0
2000 2 9707.0
2000 3 12697.0
2000 4 11347.0
2000 5 11925.0
2000 6 17888.0
2000 7 11362.0
2000 8 13050.0
2000 9 10815.0
2000 10 11344.0
2000 11 10879.0
2000 12 12312.0
2001 1 14219.0
2001 2 8999.0
2001 3 12641.0
2001 4 12894.0
2001 5 12953.0
2001 6 14229.0
2001 7 10621.0
2001 8 13592.0
2001 9 8875.0
2001 10 11722.0
2001 11 10039.0
2001 12 11384.0
2002 1 10549.0
2002 2 11052.0
2002 3 12347.0
2002 4 13485.0
2002 5 13035.0
2002 6 13363.0
2002 7 13924.0
2002 8 13595.0
2002 9 12950.0
2002 10 17675.0
2002 11 12539.0
2002 12 12150.0
2003 1 13406.0
2003 2 15675.0
2003 3 15201.0
2003 4 16306.0
2003 5 17524.0
2003 6 16103.0
2003 7 16067.0
2003 8 14611.0
2003 9 15028.0
2003 10 19786.0
2003 11 13394.0
2003 12 14825.0
2004 1 14027.0
2004 2 14153.0
2004 3 18719.0
2004 4 18525.0
2004 5 18069.0
2004 6 19813.0
2004 7 16948.0
2004 8 18009.0
2004 9 17517.0
2004 10 16641.0
2004 11 17433.0
2004 12 17836.0
2005 1 14078.0
2005 2 14095.0
2005 3 18136.0
2005 4 18202.0
2005 5 17990.0
2005 6 19869.0
2005 7 17048.0
2005 8 17076.0
2005 9 20329.0
2005 10 14147.0
2005 11 13809.0
2005 12 12763.0
2006 1 11771.0
2006 2 16095.0
2006 3 15762.0
2006 4 14536.0
2006 5 16243.0
2006 6 16410.0
2006 7 10624.0
2006 8 11595.0
2006 9 11914.0
2006 10 9899.0
2006 11 9080.0
2006 12 10085.0
2007 1 9621.0
2007 2 8631.0
2007 3 13245.0
2007 4 10087.0
2007 5 11123.0
2007 6 9218.0
2007 7 8601.0
2007 8 10420.0
2007 9 6691.0
2007 10 7477.0
2007 11 5239.0
2007 12 6063.0
2008 1 5043.0
2008 2 6227.0
2008 3 4656.0
2008 4 6189.0
2008 5 7331.0
2008 6 6712.0
2008 7 4961.0
2008 8 3632.0
2008 9 4332.0
2008 10 3776.0
2008 11 4054.0
2008 12 3740.0
2009 1 2012.0
2009 2 2370.0
2009 3 3031.0
2009 4 2916.0
2009 5 2818.0
2009 6 3428.0
2009 7 3008.0
2009 8 2730.0
2009 9 2689.0
2009 10 2793.0
2009 11 2366.0
2009 12 3098.0
2010 1 3022.0
2010 2 3469.0
2010 3 3661.0
2010 4 3210.0
2010 5 3147.0
2010 6 4467.0
2010 7 3756.0
2010 8 3633.0
2010 9 2826.0
2010 10 3030.0
2010 11 2877.0
2010 12 6144.0
2011 1 2486.0
2011 2 2279.0
2011 3 4428.0
2011 4 3691.0
2011 5 4732.0
2011 6 5101.0
2011 7 2548.0
2011 8 4185.0
2011 9 3401.0
2011 10 3135.0
2011 11 4251.0
2011 12 4970.0
2012 1 2116.0
2012 2 3367.0
2012 3 6181.0
2012 4 3314.0
2012 5 5705.0
2012 6 6035.0
2012 7 5547.0
2012 8 5067.0
2012 9 5340.0
2012 10 4785.0
2012 11 4017.0
2012 12 6017.0
2013 1 4972.0
2013 2 6516.0
2013 3 4840.0
2013 4 7589.0
2013 5 7481.0
2013 6 6371.0
2013 7 7682.0
2013 8 6595.0
2013 9 3909.0
2013 10 6405.0
2013 11 6474.0
2013 12 8796.0
2014 1 4221.0
2014 2 6069.0
2014 3 6894.0
2014 4 8623.0
2014 5 6369.0
2014 6 7308.0
2014 7 7347.0
2014 8 5667.0
2014 9 6247.0
2014 10 9017.0
2014 11 7421.0
2014 12 7420.0
2015 1 7312.0
2015 2 7199.0
2015 3 9207.0
2015 4 8472.0
2015 5 7745.0
2015 6 11503.0
2015 7 8553.0
2015 8 6939.0
2015 9 7976.0
2015 10 6038.0
2015 11 8553.0
2015 12 8114.0
2016 1 6962.0
2016 2 8684.0
2016 3 7634.0
2016 4 7925.0
2016 5 10242.0
2016 6 8987.0
2016 7 6063.0
2016 8 9223.0
2016 9 8355.0
2016 10 8274.0
2016 11 7830.0
2016 12 10450.0
2017 1 5376.0
2017 2 6298.0
2017 3 10161.0
2017 4 9622.0
2017 5 9599.0
2017 6 14218.0
2017 7 7950.0
2017 8 9654.0
2017 9 8910.0
2017 10 10335.0
2017 11 8272.0
2017 12 11393.0
2018 1 8730.0
2018 2 8016.0
2018 3 11546.0
2018 4 10136.0
2018 5 12089.0
2018 6 12952.0
2018 7 9497.0
2018 8 8826.0
2018 9 7424.0
2018 10 8745.0
2018 11 7741.0
2018 12 10709.0
2019 1 9373.0
2019 2 6228.0
2019 3 8345.0
2019 4 9045.0
2019 5 9883.0
2019 6 9014.0
2019 7 9924.0
2019 8 8843.0
2019 9 9920.0
2019 10 10176.0
2019 11 7630.0
2019 12 11523.0
2020 1 8673.0
2020 2 8759.0
2020 3 7949.0
2020 4 5987.0
2020 5 6705.0
2020 6 8844.0
2020 7 10350.0
2020 8 8190.0
2020 9 9476.0
2020 10 8670.0
2020 11 8367.0
2020 12 12584.0
2021 1 9729.0
2021 2 7897.0
2021 3 11644.0
2021 4 10560.0
2021 5 9922.0
2021 6 10796.0
2021 7 9714.0
2021 8 9869.0
2021 9 8736.0
2021 10 10997.0
2021 11 8721.0
2021 12 10973.0
2022 1 8276.0
2022 2 9130.0
2022 3 10883.0
2022 4 10615.0
2022 5 10263.0
2022 6 12675.0
2022 7 7663.0
2022 8 11045.0
2022 9 10242.0
2022 10 7282.0
2022 11 6800.0
2022 12 8220.0
2023 1 7138.0
2023 2 8275.0
2023 3 7410.0
2023 4 9186.0
2023 5 10066.0
2023 6 13326.0
2023 7 8190.0
2023 8 12630.0
2023 9 8212.0
2023 10 8338.0
2023 11 9757.0
2023 12 7179.0
2024 1 7458.0
2024 2 7745.0
2024 3 7984.0
2024 4 7696.0
2024 5 10442.0
2024 6 9363.0
2024 7 8518.0
2024 8 8905.0
