1960 5 67.0
1960 6 131.0
1960 7 91.0
1960 8 162.0
1960 9 82.0
1960 10 82.0
1960 11 127.0
1960 12 145.0
1961 1 98.0
1961 2 73.0
1961 3 185.0
1961 4 111.0
1961 5 157.0
1961 6 214.0
1961 7 102.0
1961 8 215.0
1961 9 102.0
1961 10 180.0
1961 11 157.0
1961 12 137.0
1962 1 79.0
1962 2 142.0
1962 3 151.0
1962 4 114.0
1962 5 103.0
1962 6 86.0
1962 7 98.0
1962 8 106.0
1962 9 90.0
1962 10 87.0
1962 11 64.0
1962 12 51.0
1963 1 77.0
1963 2 53.0
1963 3 92.0
1963 4 86.0
1963 5 153.0
1963 6 95.0
1963 7 105.0
1963 8 127.0
1963 9 75.0
1963 10 93.0
1963 11 77.0
1963 12 98.0
1964 1 59.0
1964 2 78.0
1964 3 72.0
1964 4 87.0
1964 5 37.0
1964 6 51.0
1964 7 88.0
1964 8 63.0
1964 9 63.0
1964 10 67.0
1964 11 79.0
1964 12 40.0
1965 1 47.0
1965 2 58.0
1965 3 69.0
1965 4 68.0
1965 5 42.0
1965 6 45.0
1965 7 45.0
1965 8 58.0
1965 9 50.0
1965 10 30.0
1965 11 50.0
1965 12 33.0
1966 1 33.0
1966 2 20.0
1966 3 62.0
1966 4 54.0
1966 5 38.0
1966 6 92.0
1966 7 14.0
1966 8 46.0
1966 9 37.0
1966 10 36.0
1966 11 28.0
1966 12 24.0
1967 1 28.0
1967 2 25.0
1967 3 36.0
1967 4 18.0
1967 5 54.0
1967 6 47.0
1967 7 36.0
1967 8 50.0
1967 9 45.0
1967 10 65.0
1967 11 24.0
1967 12 23.0
1968 1 42.0
1968 2 45.0
1968 3 58.0
1968 4 82.0
1968 5 82.0
1968 6 52.0
1968 7 44.0
1968 8 93.0
1968 9 68.0
1968 10 94.0
1968 11 125.0
1968 12 72.0
1969 1 123.0
1969 2 79.0
1969 3 88.0
1969 4 109.0
1969 5 80.0
1969 6 50.0
1969 7 89.0
1969 8 128.0
1969 9 129.0
1969 10 73.0
1969 11 73.0
1969 12 81.0
1970 1 102.0
1970 2 82.0
1970 3 90.0
1970 4 157.0
1970 5 149.0
1970 6 143.0
1970 7 122.0
1970 8 134.0
1970 9 118.0
1970 10 187.0
1970 11 171.0
1970 12 148.0
1971 1 210.0
1971 2 151.0
1971 3 158.0
1971 4 192.0
1971 5 268.0
1971 6 330.0
1971 7 260.0
1971 8 137.0
1971 9 206.0
1971 10 331.0
1971 11 560.0
1971 12 301.0
1972 1 211.0
1972 2 221.0
1972 3 258.0
1972 4 225.0
1972 5 284.0
1972 6 470.0
1972 7 316.0
1972 8 714.0
1972 9 313.0
1972 10 385.0
1972 11 353.0
1972 12 339.0
1973 1 147.0
1973 2 181.0
1973 3 413.0
1973 4 421.0
1973 5 457.0
1973 6 593.0
1973 7 406.0
1973 8 540.0
1973 9 177.0
1973 10 193.0
1973 11 83.0
1973 12 136.0
1974 1 233.0
1974 2 109.0
1974 3 222.0
1974 4 142.0
1974 5 226.0
1974 6 68.0
1974 7 124.0
1974 8 72.0
1974 9 55.0
1974 10 30.0
1974 11 26.0
1974 12 18.0
1975 1 24.0
1975 2 62.0
1975 3 60.0
1975 4 111.0
1975 5 92.0
1975 6 108.0
1975 7 76.0
1975 8 85.0
1975 9 94.0
1975 10 135.0
1975 11 72.0
1975 12 48.0
1976 1 46.0
1976 2 125.0
1976 3 85.0
1976 4 140.0
1976 5 67.0
1976 6 133.0
1976 7 112.0
1976 8 149.0
1976 9 145.0
1976 10 80.0
1976 11 46.0
1976 12 155.0
1977 1 157.0
1977 2 146.0
1977 3 116.0
1977 4 123.0
1977 5 297.0
1977 6 109.0
1977 7 85.0
1977 8 143.0
1977 9 101.0
1977 10 163.0
1977 11 64.0
1977 12 140.0
1978 1 119.0
1978 2 140.0
1978 3 155.0
1978 4 90.0
1978 5 96.0
1978 6 248.0
1978 7 122.0
1978 8 170.0
1978 9 171.0
1978 10 195.0
1978 11 171.0
1978 12 168.0
1979 1 87.0
1979 2 136.0
1979 3 241.0
1979 4 277.0
1979 5 220.0
1979 6 255.0
1979 7 241.0
1979 8 212.0
1979 9 219.0
1979 10 256.0
1979 11 130.0
1979 12 247.0
1980 1 144.0
1980 2 116.0
1980 3 132.0
1980 4 30.0
1980 5 102.0
1980 6 126.0
1980 7 152.0
1980 8 161.0
1980 9 276.0
1980 10 209.0
1980 11 207.0
1980 12 117.0
1981 1 101.0
1981 2 205.0
1981 3 271.0
1981 4 163.0
1981 5 244.0
1981 6 170.0
1981 7 137.0
1981 8 91.0
1981 9 126.0
1981 10 120.0
1981 11 56.0
1981 12 98.0
1982 1 45.0
1982 2 42.0
1982 3 102.0
1982 4 140.0
1982 5 120.0
1982 6 108.0
1982 7 229.0
1982 8 100.0
1982 9 91.0
1982 10 108.0
1982 11 223.0
1982 12 109.0
1983 1 109.0
1983 2 130.0
1983 3 189.0
1983 4 198.0
1983 5 155.0
1983 6 223.0
1983 7 162.0
1983 8 216.0
1983 9 116.0
1983 10 229.0
1983 11 251.0
1983 12 197.0
1984 1 153.0
1984 2 96.0
1984 3 290.0
1984 4 198.0
1984 5 319.0
1984 6 204.0
1984 7 219.0
1984 8 185.0
1984 9 145.0
1984 10 178.0
1984 11 214.0
1984 12 129.0
1985 1 124.0
1985 2 140.0
1985 3 113.0
1985 4 158.0
1985 5 119.0
1985 6 178.0
1985 7 164.0
1985 8 136.0
1985 9 89.0
1985 10 166.0
1985 11 43.0
1985 12 90.0
1986 1 62.0
1986 2 116.0
1986 3 106.0
1986 4 58.0
1986 5 100.0
1986 6 133.0
1986 7 45.0
1986 8 61.0
1986 9 74.0
1986 10 40.0
1986 11 30.0
1986 12 121.0
1987 1 23.0
1987 2 55.0
1987 3 56.0
1987 4 96.0
1987 5 25.0
1987 6 78.0
1987 7 115.0
1987 8 50.0
1987 9 33.0
1987 10 76.0
1987 11 32.0
1987 12 21.0
1988 1 24.0
1988 2 14.0
1988 3 56.0
1988 4 84.0
1988 5 83.0
1988 6 53.0
1988 7 27.0
1988 8 29.0
1988 9 28.0
1988 10 20.0
1988 11 36.0
1988 12 30.0
1989 1 24.0
1989 2 7.0
1989 3 35.0
1989 4 27.0
1989 5 76.0
1989 6 20.0
1989 7 31.0
1989 8 70.0
1989 9 57.0
1989 10 76.0
1989 11 28.0
1989 12 17.0
1990 1 24.0
1990 2 32.0
1990 3 33.0
1990 4 36.0
1990 5 39.0
1990 6 21.0
1990 7 52.0
1990 8 48.0
1990 9 20.0
1990 10 34.0
1990 11 12.0
1990 12 57.0
1991 1 11.0
1991 2 13.0
1991 3 42.0
1991 4 19.0
1991 5 14.0
1991 6 35.0
1991 7 32.0
1991 8 62.0
1991 9 22.0
1991 10 23.0
1991 11 18.0
1991 12 7.0
1992 1 14.0
1992 2 27.0
1992 3 27.0
1992 4 48.0
1992 5 40.0
1992 6 42.0
1992 7 34.0
1992 8 49.0
1992 9 41.0
1992 10 34.0
1992 11 13.0
1992 12 24.0
1993 1 10.0
1993 2 74.0
1993 3 57.0
1993 4 46.0
1993 5 41.0
1993 6 60.0
1993 7 54.0
1993 8 86.0
1993 9 69.0
1993 10 76.0
1993 11 47.0
1993 12 36.0
1994 1 53.0
1994 2 33.0
1994 3 76.0
1994 4 128.0
1994 5 105.0
1994 6 190.0
1994 7 117.0
1994 8 186.0
1994 9 126.0
1994 10 83.0
1994 11 37.0
1994 12 64.0
1995 1 77.0
1995 2 50.0
1995 3 106.0
1995 4 118.0
1995 5 119.0
1995 6 193.0
1995 7 74.0
1995 8 121.0
1995 9 84.0
1995 10 115.0
1995 11 135.0
1995 12 71.0
1996 1 56.0
1996 2 73.0
1996 3 73.0
1996 4 184.0
1996 5 177.0
1996 6 193.0
1996 7 177.0
1996 8 129.0
1996 9 170.0
1996 10 171.0
1996 11 98.0
1996 12 159.0
1997 1 99.0
1997 2 97.0
1997 3 101.0
1997 4 85.0
1997 5 148.0
1997 6 244.0
1997 7 193.0
1997 8 178.0
1997 9 142.0
1997 10 222.0
1997 11 78.0
1997 12 141.0
1998 1 82.0
1998 2 89.0
1998 3 239.0
1998 4 201.0
1998 5 219.0
1998 6 212.0
1998 7 160.0
1998 8 163.0
1998 9 237.0
1998 10 184.0
1998 11 58.0
1998 12 190.0
1999 1 113.0
1999 2 149.0
1999 3 218.0
1999 4 192.0
1999 5 170.0
1999 6 217.0
1999 7 133.0
1999 8 184.0
1999 9 183.0
1999 10 228.0
1999 11 209.0
1999 12 184.0
2000 1 65.0
2000 2 87.0
2000 3 121.0
2000 4 103.0
2000 5 85.0
2000 6 170.0
2000 7 240.0
2000 8 227.0
2000 9 236.0
2000 10 241.0
2000 11 119.0
2000 12 125.0
2001 1 128.0
2001 2 64.0
2001 3 89.0
2001 4 108.0
2001 5 138.0
2001 6 110.0
2001 7 88.0
2001 8 181.0
2001 9 85.0
2001 10 97.0
2001 11 56.0
2001 12 129.0
2002 1 112.0
2002 2 104.0
2002 3 130.0
2002 4 183.0
2002 5 120.0
2002 6 144.0
2002 7 85.0
2002 8 176.0
2002 9 113.0
2002 10 138.0
2002 11 122.0
2002 12 204.0
2003 1 67.0
2003 2 175.0
2003 3 184.0
2003 4 76.0
2003 5 116.0
2003 6 79.0
2003 7 119.0
2003 8 132.0
2003 9 125.0
2003 10 95.0
2003 11 46.0
2003 12 257.0
2004 1 97.0
2004 2 104.0
2004 3 238.0
2004 4 125.0
2004 5 131.0
2004 6 102.0
2004 7 280.0
2004 8 201.0
2004 9 150.0
2004 10 102.0
2004 11 75.0
2004 12 131.0
2005 1 146.0
2005 2 16.0
2005 3 71.0
2005 4 79.0
2005 5 79.0
2005 6 146.0
2005 7 68.0
2005 8 79.0
2005 9 205.0
2005 10 76.0
2005 11 96.0
2005 12 90.0
2006 1 149.0
2006 2 86.0
2006 3 154.0
2006 4 24.0
2006 5 79.0
2006 6 88.0
2006 7 74.0
2006 8 133.0
2006 9 109.0
2006 10 91.0
2006 11 45.0
2006 12 83.0
2007 1 75.0
2007 2 37.0
2007 3 77.0
2007 4 45.0
2007 5 50.0
2007 6 117.0
2007 7 27.0
2007 8 66.0
2007 9 52.0
2007 10 41.0
2007 11 57.0
2007 12 7.0
2008 1 14.0
2008 2 19.0
2008 3 22.0
2008 4 30.0
2008 5 17.0
2008 6 8.0
2008 7 60.0
2008 8 4.0
2008 9 37.0
2008 10 54.0
2008 11 5.0
2008 12 4.0
2009 1 5.0
2009 2 39.0
2009 3 14.0
2009 4 16.0
2009 5 9.0
2009 6 21.0
2009 7 45.0
2009 8 10.0
2009 9 11.0
2009 10 2.0
2009 11 17.0
2009 12 30.0
2010 1 15.0
2010 2 37.0
2010 3 41.0
2010 4 24.0
2010 5 40.0
2010 6 19.0
2010 7 17.0
2010 8 27.0
2010 9 13.0
2010 10 11.0
2010 11 14.0
2010 12 31.0
2011 1 14.0
2011 2 23.0
2011 3 36.0
2011 4 19.0
2011 5 30.0
2011 6 21.0
2011 7 25.0
2011 8 4.0
2011 9 22.0
2011 10 35.0
2011 11 23.0
2011 12 8.0
2012 1 6.0
2012 2 22.0
2012 3 72.0
2012 4 24.0
2012 5 15.0
2012 6 19.0
2012 7 38.0
2012 8 8.0
2012 9 32.0
2012 10 18.0
2012 11 50.0
2012 12 30.0
2013 1 29.0
2013 2 35.0
2013 3 30.0
2013 4 22.0
2013 5 38.0
2013 6 40.0
2013 7 67.0
2013 8 28.0
2013 9 29.0
2013 10 83.0
2013 11 33.0
2013 12 10.0
2014 1 30.0
2014 2 50.0
2014 3 57.0
2014 4 30.0
2014 5 32.0
2014 6 72.0
2014 7 54.0
2014 8 28.0
2014 9 45.0
2014 10 65.0
2014 11 6.0
2014 12 37.0
2015 1 68.0
2015 2 38.0
2015 3 45.0
2015 4 56.0
2015 5 59.0
2015 6 78.0
2015 7 23.0
2015 8 29.0
2015 9 114.0
2015 10 17.0
2015 11 21.0
2015 12 49.0
2016 1 23.0
2016 2 35.0
2016 3 48.0
2016 4 21.0
2016 5 54.0
2016 6 30.0
2016 7 40.0
2016 8 18.0
2016 9 50.0
2016 10 17.0
2016 11 12.0
2016 12 14.0
2017 1 48.0
2017 2 58.0
2017 3 29.0
2017 4 13.0
2017 5 30.0
2017 6 229.0
2017 7 7.0
2017 8 127.0
2017 9 54.0
2017 10 20.0
2017 11 24.0
2017 12 12.0
2018 1 32.0
2018 2 32.0
2018 3 113.0
2018 4 86.0
2018 5 85.0
2018 6 243.0
2018 7 85.0
2018 8 66.0
2018 9 37.0
2018 10 93.0
2018 11 98.0
2018 12 57.0
2019 1 53.0
2019 2 53.0
2019 3 49.0
2019 4 81.0
2019 5 18.0
2019 6 127.0
2019 7 96.0
2019 8 48.0
2019 9 51.0
2019 10 77.0
2019 11 46.0
2019 12 37.0
2020 1 23.0
2020 2 42.0
2020 3 129.0
2020 4 23.0
2020 5 26.0
2020 6 52.0
2020 7 68.0
2020 8 109.0
2020 9 163.0
2020 10 220.0
2020 11 148.0
2020 12 71.0
2021 1 64.0
2021 2 51.0
2021 3 187.0
2021 4 66.0
2021 5 170.0
2021 6 266.0
2021 7 132.0
2021 8 139.0
2021 9 153.0
2021 10 148.0
2021 11 120.0
2021 12 192.0
2022 1 136.0
2022 2 145.0
2022 3 48.0
2022 4 131.0
2022 5 182.0
2022 6 112.0
2022 7 92.0
2022 8 75.0
2022 9 78.0
2022 10 58.0
2022 11 67.0
2022 12 244.0
2023 1 71.0
2023 2 70.0
2023 3 74.0
2023 4 143.0
2023 5 94.0
2023 6 169.0
2023 7 64.0
2023 8 135.0
2023 9 57.0
2023 10 102.0
2023 11 62.0
2023 12 97.0
2024 1 77.0
2024 2 146.0
2024 3 82.0
2024 4 46.0
2024 5 83.0
2024 6 47.0
2024 7 95.0
2024 8 67.0
