1960 5 1643.0
1960 6 1318.0
1960 7 1504.0
1960 8 1666.0
1960 9 1637.0
1960 10 1349.0
1960 11 1310.0
1960 12 883.0
1961 1 1345.0
1961 2 1319.0
1961 3 2095.0
1961 4 1950.0
1961 5 1694.0
1961 6 2173.0
1961 7 1985.0
1961 8 2268.0
1961 9 1584.0
1961 10 1976.0
1961 11 1759.0
1961 12 1370.0
1962 1 1042.0
1962 2 1987.0
1962 3 1954.0
1962 4 1776.0
1962 5 1918.0
1962 6 1622.0
1962 7 1667.0
1962 8 1963.0
1962 9 1259.0
1962 10 1374.0
1962 11 1074.0
1962 12 959.0
1963 1 914.0
1963 2 1380.0
1963 3 1459.0
1963 4 1651.0
1963 5 2211.0
1963 6 1445.0
1963 7 1657.0
1963 8 1269.0
1963 9 1429.0
1963 10 1151.0
1963 11 859.0
1963 12 854.0
1964 1 971.0
1964 2 1055.0
1964 3 1222.0
1964 4 1733.0
1964 5 1622.0
1964 6 1209.0
1964 7 1152.0
1964 8 1023.0
1964 9 1502.0
1964 10 1125.0
1964 11 1204.0
1964 12 846.0
1965 1 936.0
1965 2 744.0
1965 3 1807.0
1965 4 1784.0
1965 5 1068.0
1965 6 1163.0
1965 7 918.0
1965 8 1235.0
1965 9 1019.0
1965 10 1683.0
1965 11 1152.0
1965 12 816.0
1966 1 869.0
1966 2 863.0
1966 3 1225.0
1966 4 1137.0
1966 5 1042.0
1966 6 1910.0
1966 7 887.0
1966 8 1302.0
1966 9 682.0
1966 10 723.0
1966 11 763.0
1966 12 611.0
1967 1 643.0
1967 2 886.0
1967 3 1317.0
1967 4 1298.0
1967 5 1136.0
1967 6 1553.0
1967 7 1597.0
1967 8 1532.0
1967 9 1173.0
1967 10 1955.0
1967 11 1535.0
1967 12 1164.0
1968 1 1306.0
1968 2 1449.0
1968 3 1532.0
1968 4 2077.0
1968 5 2132.0
1968 6 1689.0
1968 7 1717.0
1968 8 1711.0
1968 9 1713.0
1968 10 1853.0
1968 11 2669.0
1968 12 2257.0
1969 1 2208.0
1969 2 1641.0
1969 3 1876.0
1969 4 2485.0
1969 5 2853.0
1969 6 1944.0
1969 7 2268.0
1969 8 2276.0
1969 9 2125.0
1969 10 1383.0
1969 11 1173.0
1969 12 1401.0
1970 1 1859.0
1970 2 1330.0
1970 3 1856.0
1970 4 2562.0
1970 5 2459.0
1970 6 3051.0
1970 7 2952.0
1970 8 3017.0
1970 9 2394.0
1970 10 1939.0
1970 11 2469.0
1970 12 2882.0
1971 1 3479.0
1971 2 3094.0
1971 3 3621.0
1971 4 4719.0
1971 5 4603.0
1971 6 5076.0
1971 7 5043.0
1971 8 4797.0
1971 9 3797.0
1971 10 4775.0
1971 11 4341.0
1971 12 5707.0
1972 1 4650.0
1972 2 4431.0
1972 3 5318.0
1972 4 4768.0
1972 5 5150.0
1972 6 6610.0
1972 7 5349.0
1972 8 6208.0
1972 9 4697.0
1972 10 5166.0
1972 11 4900.0
1972 12 6030.0
1973 1 2716.0
1973 2 3698.0
1973 3 7336.0
1973 4 3775.0
1973 5 4634.0
1973 6 5843.0
1973 7 3284.0
1973 8 4485.0
1973 9 2707.0
1973 10 2490.0
1973 11 1872.0
1973 12 1831.0
1974 1 1790.0
1974 2 2072.0
1974 3 2651.0
1974 4 2972.0
1974 5 1840.0
1974 6 1368.0
1974 7 1351.0
1974 8 1512.0
1974 9 1146.0
1974 10 1082.0
1974 11 956.0
1974 12 936.0
1975 1 722.0
1975 2 899.0
1975 3 1629.0
1975 4 1731.0
1975 5 1550.0
1975 6 1710.0
1975 7 1873.0
1975 8 1585.0
1975 9 1849.0
1975 10 1698.0
1975 11 1112.0
1975 12 1067.0
1976 1 1054.0
1976 2 1675.0
1976 3 1984.0
1976 4 2187.0
1976 5 1953.0
1976 6 2350.0
1976 7 2109.0
1976 8 2088.0
1976 9 2351.0
1976 10 1976.0
1976 11 2043.0
1976 12 2032.0
1977 1 1970.0
1977 2 2658.0
1977 3 2952.0
1977 4 2907.0
1977 5 3425.0
1977 6 3399.0
1977 7 3583.0
1977 8 3153.0
1977 9 3222.0
1977 10 3457.0
1977 11 2587.0
1977 12 2834.0
1978 1 2529.0
1978 2 2966.0
1978 3 4377.0
1978 4 4485.0
1978 5 3422.0
1978 6 3673.0
1978 7 3480.0
1978 8 4402.0
1978 9 3564.0
1978 10 3414.0
1978 11 3413.0
1978 12 2873.0
1979 1 2007.0
1979 2 2805.0
1979 3 3596.0
1979 4 3856.0
1979 5 3860.0
1979 6 3625.0
1979 7 3485.0
1979 8 3794.0
1979 9 3074.0
1979 10 3461.0
1979 11 1936.0
1979 12 2122.0
1980 1 1327.0
1980 2 1900.0
1980 3 1562.0
1980 4 1367.0
1980 5 1089.0
1980 6 2785.0
1980 7 2116.0
1980 8 3221.0
1980 9 3833.0
1980 10 2972.0
1980 11 2046.0
1980 12 2127.0
1981 1 1606.0
1981 2 1658.0
1981 3 2448.0
1981 4 3134.0
1981 5 2984.0
1981 6 2389.0
1981 7 2604.0
1981 8 2154.0
1981 9 2289.0
1981 10 2103.0
1981 11 1812.0
1981 12 1556.0
1982 1 1073.0
1982 2 1134.0
1982 3 2147.0
1982 4 2928.0
1982 5 2071.0
1982 6 2575.0
1982 7 2851.0
1982 8 2775.0
1982 9 2594.0
1982 10 3792.0
1982 11 3800.0
1982 12 2879.0
1983 1 2690.0
1983 2 3059.0
1983 3 3472.0
1983 4 4039.0
1983 5 5384.0
1983 6 5258.0
1983 7 3893.0
1983 8 5803.0
1983 9 5747.0
1983 10 4133.0
1983 11 3316.0
1983 12 3051.0
1984 1 3066.0
1984 2 3611.0
1984 3 4595.0
1984 4 3982.0
1984 5 4933.0
1984 6 4339.0
1984 7 3858.0
1984 8 2373.0
1984 9 2953.0
1984 10 2681.0
1984 11 3254.0
1984 12 3439.0
1985 1 2321.0
1985 2 2987.0
1985 3 2385.0
1985 4 3080.0
1985 5 3647.0
1985 6 2119.0
1985 7 2632.0
1985 8 2930.0
1985 9 2998.0
1985 10 2761.0
1985 11 1923.0
1985 12 2583.0
1986 1 3105.0
1986 2 2072.0
1986 3 2786.0
1986 4 3024.0
1986 5 3839.0
1986 6 2887.0
1986 7 2500.0
1986 8 2797.0
1986 9 2143.0
1986 10 2297.0
1986 11 1505.0
1986 12 2311.0
1987 1 1144.0
1987 2 1427.0
1987 3 2094.0
1987 4 1971.0
1987 5 1523.0
1987 6 1809.0
1987 7 1692.0
1987 8 1109.0
1987 9 2181.0
1987 10 1213.0
1987 11 697.0
1987 12 650.0
1988 1 567.0
1988 2 1108.0
1988 3 1147.0
1988 4 1276.0
1988 5 1198.0
1988 6 1224.0
1988 7 1161.0
1988 8 1275.0
1988 9 945.0
1988 10 1112.0
1988 11 968.0
1988 12 574.0
1989 1 530.0
1989 2 666.0
1989 3 1115.0
1989 4 798.0
1989 5 1246.0
1989 6 1048.0
1989 7 1069.0
1989 8 1042.0
1989 9 971.0
1989 10 1233.0
1989 11 774.0
1989 12 665.0
1990 1 733.0
1990 2 680.0
1990 3 934.0
1990 4 951.0
1990 5 1273.0
1990 6 1093.0
1990 7 1466.0
1990 8 1160.0
1990 9 853.0
1990 10 964.0
1990 11 780.0
1990 12 681.0
1991 1 609.0
1991 2 718.0
1991 3 1022.0
1991 4 1436.0
1991 5 1432.0
1991 6 1197.0
1991 7 1403.0
1991 8 1243.0
1991 9 1118.0
1991 10 1155.0
1991 11 1026.0
1991 12 1059.0
1992 1 1192.0
1992 2 1472.0
1992 3 1702.0
1992 4 2076.0
1992 5 2068.0
1992 6 1999.0
1992 7 2471.0
1992 8 1776.0
1992 9 2560.0
1992 10 2202.0
1992 11 1395.0
1992 12 1731.0
1993 1 1600.0
1993 2 1966.0
1993 3 2395.0
1993 4 2428.0
1993 5 2120.0
1993 6 3464.0
1993 7 2663.0
1993 8 2949.0
1993 9 2502.0
1993 10 2343.0
1993 11 2302.0
1993 12 2054.0
1994 1 2099.0
1994 2 2327.0
1994 3 3317.0
1994 4 3934.0
1994 5 3312.0
1994 6 3608.0
1994 7 2691.0
1994 8 4044.0
1994 9 3835.0
1994 10 3284.0
1994 11 2227.0
1994 12 2213.0
1995 1 2564.0
1995 2 2216.0
1995 3 2855.0
1995 4 3107.0
1995 5 3373.0
1995 6 4042.0
1995 7 3969.0
1995 8 3622.0
1995 9 3074.0
1995 10 3331.0
1995 11 3749.0
1995 12 4105.0
1996 1 2651.0
1996 2 3706.0
1996 3 3950.0
1996 4 4279.0
1996 5 3581.0
1996 6 4538.0
1996 7 3499.0
1996 8 3373.0
1996 9 3053.0
1996 10 3642.0
1996 11 2624.0
1996 12 3151.0
1997 1 2876.0
1997 2 2696.0
1997 3 3810.0
1997 4 3603.0
1997 5 4492.0
1997 6 3896.0
1997 7 4117.0
1997 8 3896.0
1997 9 3706.0
1997 10 3892.0
1997 11 2317.0
1997 12 3261.0
1998 1 3230.0
1998 2 3030.0
1998 3 3940.0
1998 4 5010.0
1998 5 3871.0
1998 6 5190.0
1998 7 5321.0
1998 8 3896.0
1998 9 4167.0
1998 10 3928.0
1998 11 3151.0
1998 12 3902.0
1999 1 3254.0
1999 2 3242.0
1999 3 4779.0
1999 4 4203.0
1999 5 3875.0
1999 6 4701.0
1999 7 4402.0
1999 8 4219.0
1999 9 4307.0
1999 10 3925.0
1999 11 3759.0
1999 12 3811.0
2000 1 3911.0
2000 2 3658.0
2000 3 4581.0
2000 4 3909.0
2000 5 4149.0
2000 6 3877.0
2000 7 5243.0
2000 8 5768.0
2000 9 4293.0
2000 10 4730.0
2000 11 3884.0
2000 12 4294.0
2001 1 3781.0
2001 2 3817.0
2001 3 4545.0
2001 4 4010.0
2001 5 5829.0
2001 6 6229.0
2001 7 4937.0
2001 8 5203.0
2001 9 5559.0
2001 10 3904.0
2001 11 3129.0
2001 12 2971.0
2002 1 3319.0
2002 2 2658.0
2002 3 3861.0
2002 4 4839.0
2002 5 4764.0
2002 6 4777.0
2002 7 3548.0
2002 8 4048.0
2002 9 5003.0
2002 10 3583.0
2002 11 3654.0
2002 12 3731.0
2003 1 2831.0
2003 2 3120.0
2003 3 2813.0
2003 4 3467.0
2003 5 3608.0
2003 6 3731.0
2003 7 3799.0
2003 8 3433.0
2003 9 3484.0
2003 10 4395.0
2003 11 2775.0
2003 12 3044.0
2004 1 3039.0
2004 2 2753.0
2004 3 4300.0
2004 4 4261.0
2004 5 4345.0
2004 6 4507.0
2004 7 3938.0
2004 8 3865.0
2004 9 4419.0
2004 10 3286.0
2004 11 2639.0
2004 12 3622.0
2005 1 3281.0
2005 2 3105.0
2005 3 4102.0
2005 4 4091.0
2005 5 3789.0
2005 6 4359.0
2005 7 4233.0
2005 8 3956.0
2005 9 4367.0
2005 10 3401.0
2005 11 3251.0
2005 12 3273.0
2006 1 3150.0
2006 2 3518.0
2006 3 4166.0
2006 4 3641.0
2006 5 3983.0
2006 6 4517.0
2006 7 3038.0
2006 8 3315.0
2006 9 3121.0
2006 10 2311.0
2006 11 1989.0
2006 12 2548.0
2007 1 2114.0
2007 2 2357.0
2007 3 2544.0
2007 4 3057.0
2007 5 2863.0
2007 6 3928.0
2007 7 2573.0
2007 8 2575.0
2007 9 1983.0
2007 10 2610.0
2007 11 1571.0
2007 12 2171.0
2008 1 1650.0
2008 2 1996.0
2008 3 1537.0
2008 4 1958.0
2008 5 2425.0
2008 6 1916.0
2008 7 1630.0
2008 8 1739.0
2008 9 1452.0
2008 10 1900.0
2008 11 751.0
2008 12 563.0
2009 1 489.0
2009 2 743.0
2009 3 614.0
2009 4 1131.0
2009 5 786.0
2009 6 896.0
2009 7 1217.0
2009 8 762.0
2009 9 910.0
2009 10 617.0
2009 11 494.0
2009 12 824.0
2010 1 673.0
2010 2 1016.0
2010 3 1463.0
2010 4 895.0
2010 5 811.0
2010 6 944.0
2010 7 862.0
2010 8 889.0
2010 9 1331.0
2010 10 763.0
2010 11 759.0
2010 12 1043.0
2011 1 643.0
2011 2 569.0
2011 3 1264.0
2011 4 1078.0
2011 5 1070.0
2011 6 1171.0
2011 7 1532.0
2011 8 1676.0
2011 9 1180.0
2011 10 1344.0
2011 11 933.0
2011 12 1090.0
2012 1 989.0
2012 2 851.0
2012 3 1687.0
2012 4 1978.0
2012 5 1913.0
2012 6 2274.0
2012 7 2149.0
2012 8 2703.0
2012 9 1516.0
2012 10 1641.0
2012 11 2059.0
2012 12 1798.0
2013 1 1878.0
2013 2 1815.0
2013 3 2727.0
2013 4 1773.0
2013 5 2609.0
2013 6 2305.0
2013 7 2265.0
2013 8 2903.0
2013 9 2069.0
2013 10 2166.0
2013 11 2160.0
2013 12 2410.0
2014 1 1539.0
2014 2 2099.0
2014 3 3117.0
2014 4 2480.0
2014 5 2133.0
2014 6 2574.0
2014 7 2980.0
2014 8 2537.0
2014 9 2770.0
2014 10 3066.0
2014 11 1893.0
2014 12 2093.0
2015 1 1489.0
2015 2 1911.0
2015 3 2793.0
2015 4 2882.0
2015 5 2531.0
2015 6 3251.0
2015 7 2737.0
2015 8 2632.0
2015 9 2741.0
2015 10 2139.0
2015 11 2498.0
2015 12 2979.0
2016 1 2149.0
2016 2 2349.0
2016 3 2742.0
2016 4 3035.0
2016 5 3539.0
2016 6 3013.0
2016 7 2868.0
2016 8 2936.0
2016 9 3568.0
2016 10 4076.0
2016 11 3644.0
2016 12 2864.0
2017 1 3146.0
2017 2 2948.0
2017 3 3471.0
2017 4 3986.0
2017 5 2865.0
2017 6 4640.0
2017 7 3089.0
2017 8 4476.0
2017 9 3016.0
2017 10 3173.0
2017 11 3619.0
2017 12 2639.0
2018 1 3875.0
2018 2 4177.0
2018 3 5473.0
2018 4 3672.0
2018 5 3675.0
2018 6 3674.0
2018 7 3283.0
2018 8 3320.0
2018 9 4166.0
2018 10 3326.0
2018 11 3649.0
2018 12 4293.0
2019 1 3026.0
2019 2 2676.0
2019 3 3078.0
2019 4 3593.0
2019 5 3653.0
2019 6 3902.0
2019 7 3848.0
2019 8 3161.0
2019 9 3299.0
2019 10 4219.0
2019 11 3606.0
2019 12 4037.0
2020 1 3242.0
2020 2 3121.0
2020 3 3748.0
2020 4 3284.0
2020 5 2604.0
2020 6 3644.0
2020 7 4117.0
2020 8 4673.0
2020 9 4619.0
2020 10 4982.0
2020 11 3690.0
2020 12 5336.0
2021 1 4807.0
2021 2 3625.0
2021 3 4823.0
2021 4 5514.0
2021 5 4380.0
2021 6 4955.0
2021 7 4749.0
2021 8 5793.0
2021 9 5444.0
2021 10 4721.0
2021 11 4990.0
2021 12 5694.0
2022 1 4122.0
2022 2 4475.0
2022 3 5711.0
2022 4 4201.0
2022 5 4583.0
2022 6 4961.0
2022 7 3967.0
2022 8 3927.0
2022 9 3671.0
2022 10 2919.0
2022 11 2602.0
2022 12 2943.0
2023 1 3235.0
2023 2 3247.0
2023 3 3580.0
2023 4 3857.0
2023 5 4311.0
2023 6 3515.0
2023 7 2737.0
2023 8 3304.0
2023 9 2255.0
2023 10 2934.0
2023 11 3641.0
2023 12 4177.0
2024 1 2562.0
2024 2 3079.0
2024 3 2791.0
2024 4 2410.0
2024 5 2904.0
2024 6 2532.0
2024 7 2489.0
2024 8 2062.0
