1960 5 471.0
1960 6 274.0
1960 7 339.0
1960 8 361.0
1960 9 660.0
1960 10 442.0
1960 11 387.0
1960 12 220.0
1961 1 506.0
1961 2 320.0
1961 3 640.0
1961 4 863.0
1961 5 656.0
1961 6 800.0
1961 7 716.0
1961 8 771.0
1961 9 586.0
1961 10 722.0
1961 11 725.0
1961 12 487.0
1962 1 252.0
1962 2 841.0
1962 3 403.0
1962 4 306.0
1962 5 357.0
1962 6 258.0
1962 7 223.0
1962 8 383.0
1962 9 149.0
1962 10 164.0
1962 11 143.0
1962 12 279.0
1963 1 251.0
1963 2 409.0
1963 3 234.0
1963 4 385.0
1963 5 746.0
1963 6 291.0
1963 7 371.0
1963 8 204.0
1963 9 390.0
1963 10 156.0
1963 11 133.0
1963 12 164.0
1964 1 205.0
1964 2 285.0
1964 3 261.0
1964 4 529.0
1964 5 498.0
1964 6 143.0
1964 7 158.0
1964 8 115.0
1964 9 481.0
1964 10 258.0
1964 11 450.0
1964 12 221.0
1965 1 316.0
1965 2 167.0
1965 3 585.0
1965 4 725.0
1965 5 188.0
1965 6 342.0
1965 7 83.0
1965 8 444.0
1965 9 240.0
1965 10 916.0
1965 11 391.0
1965 12 208.0
1966 1 243.0
1966 2 300.0
1966 3 274.0
1966 4 197.0
1966 5 225.0
1966 6 1002.0
1966 7 300.0
1966 8 682.0
1966 9 159.0
1966 10 201.0
1966 11 283.0
1966 12 206.0
1967 1 116.0
1967 2 160.0
1967 3 429.0
1967 4 460.0
1967 5 293.0
1967 6 604.0
1967 7 747.0
1967 8 518.0
1967 9 367.0
1967 10 1063.0
1967 11 812.0
1967 12 634.0
1968 1 531.0
1968 2 659.0
1968 3 492.0
1968 4 1029.0
1968 5 979.0
1968 6 625.0
1968 7 655.0
1968 8 663.0
1968 9 596.0
1968 10 756.0
1968 11 1747.0
1968 12 1285.0
1969 1 1255.0
1969 2 561.0
1969 3 796.0
1969 4 1046.0
1969 5 1906.0
1969 6 846.0
1969 7 1036.0
1969 8 1008.0
1969 9 916.0
1969 10 503.0
1969 11 348.0
1969 12 490.0
1970 1 937.0
1970 2 336.0
1970 3 777.0
1970 4 1103.0
1970 5 982.0
1970 6 1412.0
1970 7 1275.0
1970 8 1418.0
1970 9 899.0
1970 10 602.0
1970 11 959.0
1970 12 1129.0
1971 1 2157.0
1971 2 1329.0
1971 3 1443.0
1971 4 2215.0
1971 5 2166.0
1971 6 2378.0
1971 7 2597.0
1971 8 2549.0
1971 9 1727.0
1971 10 2624.0
1971 11 1749.0
1971 12 3119.0
1972 1 2719.0
1972 2 2406.0
1972 3 2613.0
1972 4 2134.0
1972 5 2442.0
1972 6 2896.0
1972 7 2603.0
1972 8 2856.0
1972 9 2302.0
1972 10 1996.0
1972 11 2295.0
1972 12 3597.0
1973 1 1250.0
1973 2 1575.0
1973 3 4701.0
1973 4 1217.0
1973 5 1776.0
1973 6 2226.0
1973 7 726.0
1973 8 1953.0
1973 9 1129.0
1973 10 1352.0
1973 11 893.0
1973 12 860.0
1974 1 761.0
1974 2 1015.0
1974 3 735.0
1974 4 895.0
1974 5 328.0
1974 6 268.0
1974 7 188.0
1974 8 298.0
1974 9 95.0
1974 10 64.0
1974 11 146.0
1974 12 338.0
1975 1 90.0
1975 2 70.0
1975 3 272.0
1975 4 276.0
1975 5 38.0
1975 6 134.0
1975 7 297.0
1975 8 90.0
1975 9 207.0
1975 10 59.0
1975 11 105.0
1975 12 74.0
1976 1 32.0
1976 2 149.0
1976 3 232.0
1976 4 214.0
1976 5 324.0
1976 6 324.0
1976 7 305.0
1976 8 193.0
1976 9 414.0
1976 10 279.0
1976 11 319.0
1976 12 145.0
1977 1 223.0
1977 2 470.0
1977 3 154.0
1977 4 243.0
1977 5 472.0
1977 6 413.0
1977 7 753.0
1977 8 268.0
1977 9 535.0
1977 10 485.0
1977 11 261.0
1977 12 407.0
1978 1 185.0
1978 2 405.0
1978 3 1112.0
1978 4 1036.0
1978 5 239.0
1978 6 418.0
1978 7 609.0
1978 8 1313.0
1978 9 573.0
1978 10 553.0
1978 11 1103.0
1978 12 780.0
1979 1 426.0
1979 2 475.0
1979 3 293.0
1979 4 690.0
1979 5 689.0
1979 6 480.0
1979 7 699.0
1979 8 1152.0
1979 9 580.0
1979 10 791.0
1979 11 601.0
1979 12 380.0
1980 1 117.0
1980 2 455.0
1980 3 137.0
1980 4 404.0
1980 5 102.0
1980 6 1041.0
1980 7 131.0
1980 8 707.0
1980 9 1120.0
1980 10 884.0
1980 11 683.0
1980 12 783.0
1981 1 429.0
1981 2 77.0
1981 3 313.0
1981 4 736.0
1981 5 795.0
1981 6 640.0
1981 7 930.0
1981 8 612.0
1981 9 660.0
1981 10 640.0
1981 11 741.0
1981 12 414.0
1982 1 95.0
1982 2 149.0
1982 3 527.0
1982 4 1209.0
1982 5 544.0
1982 6 884.0
1982 7 912.0
1982 8 1150.0
1982 9 735.0
1982 10 1802.0
1982 11 1525.0
1982 12 865.0
1983 1 715.0
1983 2 668.0
1983 3 818.0
1983 4 1077.0
1983 5 2115.0
1983 6 1817.0
1983 7 982.0
1983 8 2553.0
1983 9 2847.0
1983 10 1662.0
1983 11 1291.0
1983 12 1162.0
1984 1 1177.0
1984 2 1046.0
1984 3 2187.0
1984 4 1690.0
1984 5 2087.0
1984 6 1856.0
1984 7 1936.0
1984 8 536.0
1984 9 1317.0
1984 10 837.0
1984 11 1357.0
1984 12 2002.0
1985 1 763.0
1985 2 1455.0
1985 3 593.0
1985 4 838.0
1985 5 1684.0
1985 6 358.0
1985 7 635.0
1985 8 1047.0
1985 9 1261.0
1985 10 941.0
1985 11 608.0
1985 12 1013.0
1986 1 1320.0
1986 2 598.0
1986 3 794.0
1986 4 505.0
1986 5 1278.0
1986 6 695.0
1986 7 502.0
1986 8 1312.0
1986 9 561.0
1986 10 782.0
1986 11 471.0
1986 12 1184.0
1987 1 408.0
1987 2 393.0
1987 3 654.0
1987 4 440.0
1987 5 214.0
1987 6 365.0
1987 7 406.0
1987 8 95.0
1987 9 1123.0
1987 10 131.0
1987 11 61.0
1987 12 48.0
1988 1 156.0
1988 2 521.0
1988 3 138.0
1988 4 253.0
1988 5 105.0
1988 6 124.0
1988 7 104.0
1988 8 288.0
1988 9 122.0
1988 10 336.0
1988 11 264.0
1988 12 62.0
1989 1 15.0
1989 2 131.0
1989 3 213.0
1989 4 27.0
1989 5 246.0
1989 6 68.0
1989 7 190.0
1989 8 53.0
1989 9 55.0
1989 10 350.0
1989 11 144.0
1989 12 89.0
1990 1 67.0
1990 2 122.0
1990 3 88.0
1990 4 36.0
1990 5 149.0
1990 6 15.0
1990 7 429.0
1990 8 11.0
1990 9 13.0
1990 10 31.0
1990 11 80.0
1990 12 32.0
1991 1 6.0
1991 2 10.0
1991 3 13.0
1991 4 142.0
1991 5 68.0
1991 6 42.0
1991 7 16.0
1991 8 105.0
1991 9 30.0
1991 10 36.0
1991 11 97.0
1991 12 52.0
1992 1 216.0
1992 2 82.0
1992 3 152.5
1992 4 223.0
1992 5 264.0
1992 6 50.0
1992 7 592.0
1992 8 194.0
1992 9 340.0
1992 10 14.0
1992 11 19.0
1992 12 87.0
1993 1 194.0
1993 2 519.0
1993 3 8.0
1993 4 211.0
1993 5 13.0
1993 6 862.0
1993 7 305.0
1993 8 406.0
1993 9 201.0
1993 10 21.0
1993 11 256.0
1993 12 87.0
1994 1 90.0
1994 2 176.0
1994 3 210.0
1994 4 893.0
1994 5 348.0
1994 6 528.0
1994 7 246.0
1994 8 1298.0
1994 9 1268.0
1994 10 1081.0
1994 11 374.0
1994 12 396.0
1995 1 723.0
1995 2 384.0
1995 3 540.0
1995 4 724.0
1995 5 676.0
1995 6 1061.0
1995 7 1175.0
1995 8 653.0
1995 9 467.0
1995 10 584.0
1995 11 1213.0
1995 12 1905.0
1996 1 577.0
1996 2 1457.0
1996 3 1203.0
1996 4 878.0
1996 5 209.0
1996 6 1187.0
1996 7 655.0
1996 8 521.0
1996 9 717.0
1996 10 785.0
1996 11 590.0
1996 12 1078.0
1997 1 772.0
1997 2 371.0
1997 3 785.0
1997 4 595.0
1997 5 1047.0
1997 6 751.0
1997 7 948.0
1997 8 1127.0
1997 9 731.0
1997 10 907.0
1997 11 309.0
1997 12 958.0
1998 1 1004.0
1998 2 552.0
1998 3 591.0
1998 4 1297.0
1998 5 451.0
1998 6 1607.0
1998 7 1767.0
1998 8 892.0
1998 9 1025.0
1998 10 689.0
1998 11 535.0
1998 12 834.0
1999 1 624.0
1999 2 472.0
1999 3 856.0
1999 4 518.0
1999 5 308.0
1999 6 363.0
1999 7 894.0
1999 8 822.0
1999 9 1111.0
1999 10 701.0
1999 11 1018.0
1999 12 840.0
2000 1 1376.0
2000 2 892.0
2000 3 993.0
2000 4 604.0
2000 5 688.0
2000 6 279.0
2000 7 1880.0
2000 8 1976.0
2000 9 896.0
2000 10 1090.0
2000 11 917.0
2000 12 1607.0
2001 1 908.0
2001 2 939.0
2001 3 555.0
2001 4 434.0
2001 5 1845.0
2001 6 2335.0
2001 7 1748.0
2001 8 1622.0
2001 9 2832.0
2001 10 1133.0
2001 11 986.0
2001 12 879.0
2002 1 1166.0
2002 2 172.0
2002 3 527.0
2002 4 1224.0
2002 5 1024.0
2002 6 1040.0
2002 7 227.0
2002 8 702.0
2002 9 2050.0
2002 10 460.0
2002 11 1214.0
2002 12 1002.0
2003 1 365.0
2003 2 532.0
2003 3 246.0
2003 4 378.0
2003 5 465.0
2003 6 517.0
2003 7 404.0
2003 8 410.0
2003 9 428.0
2003 10 752.0
2003 11 509.0
2003 12 231.0
2004 1 595.0
2004 2 284.0
2004 3 374.0
2004 4 465.0
2004 5 278.0
2004 6 800.0
2004 7 275.0
2004 8 421.0
2004 9 593.0
2004 10 351.0
2004 11 219.0
2004 12 765.0
2005 1 444.0
2005 2 266.0
2005 3 290.0
2005 4 298.0
2005 5 130.0
2005 6 282.0
2005 7 598.0
2005 8 215.0
2005 9 374.0
2005 10 195.0
2005 11 132.0
2005 12 403.0
2006 1 282.0
2006 2 730.0
2006 3 821.0
2006 4 725.0
2006 5 623.0
2006 6 1248.0
2006 7 502.0
2006 8 387.0
2006 9 528.0
2006 10 260.0
2006 11 112.0
2006 12 851.0
2007 1 547.0
2007 2 774.0
2007 3 426.0
2007 4 810.0
2007 5 346.0
2007 6 1499.0
2007 7 345.0
2007 8 430.0
2007 9 448.0
2007 10 1093.0
2007 11 358.0
2007 12 1302.0
2008 1 739.0
2008 2 1006.0
2008 3 456.0
2008 4 575.0
2008 5 1074.0
2008 6 618.0
2008 7 429.0
2008 8 430.0
2008 9 318.0
2008 10 1034.0
2008 11 278.0
2008 12 129.0
2009 1 92.0
2009 2 217.0
2009 3 142.0
2009 4 439.0
2009 5 91.0
2009 6 46.0
2009 7 377.0
2009 8 11.0
2009 9 137.0
2009 10 13.0
2009 11 5.0
2009 12 210.0
2010 1 90.0
2010 2 128.0
2010 3 446.0
2010 4 86.0
2010 5 13.0
2010 6 70.0
2010 7 25.0
2010 8 25.0
2010 9 561.0
2010 10 115.0
2010 11 112.0
2010 12 439.0
2011 1 137.0
2011 2 50.0
2011 3 493.0
2011 4 202.0
2011 5 131.0
2011 6 170.0
2011 7 546.0
2011 8 655.0
2011 9 337.0
2011 10 614.0
2011 11 186.0
2011 12 481.0
2012 1 287.0
2012 2 119.0
2012 3 702.0
2012 4 884.0
2012 5 636.0
2012 6 908.0
2012 7 866.0
2012 8 1259.0
2012 9 142.0
2012 10 371.0
2012 11 930.0
2012 12 866.0
2013 1 818.0
2013 2 589.0
2013 3 1334.0
2013 4 343.0
2013 5 983.0
2013 6 764.0
2013 7 462.0
2013 8 1394.0
2013 9 874.0
2013 10 777.0
2013 11 1160.0
2013 12 1248.0
2014 1 336.0
2014 2 886.0
2014 3 1551.0
2014 4 630.0
2014 5 421.0
2014 6 732.0
2014 7 1255.0
2014 8 932.0
2014 9 1362.0
2014 10 1363.0
2014 11 843.0
2014 12 829.0
2015 1 301.0
2015 2 633.0
2015 3 1151.0
2015 4 1047.0
2015 5 643.0
2015 6 1054.0
2015 7 752.0
2015 8 873.0
2015 9 1021.0
2015 10 419.0
2015 11 1009.0
2015 12 1531.0
2016 1 811.0
2016 2 732.0
2016 3 786.0
2016 4 998.0
2016 5 1468.0
2016 6 826.0
2016 7 879.0
2016 8 865.0
2016 9 1786.0
2016 10 2372.0
2016 11 1983.0
2016 12 1124.0
2017 1 1616.0
2017 2 1155.0
2017 3 1249.0
2017 4 1860.0
2017 5 550.0
2017 6 2140.0
2017 7 1057.0
2017 8 1725.0
2017 9 988.0
2017 10 1050.0
2017 11 1621.0
2017 12 508.0
2018 1 1551.0
2018 2 1780.0
2018 3 2666.0
2018 4 1072.0
2018 5 931.0
2018 6 659.0
2018 7 528.0
2018 8 743.0
2018 9 1776.0
2018 10 834.0
2018 11 1444.0
2018 12 2458.0
2019 1 1265.0
2019 2 803.0
2019 3 1163.0
2019 4 1129.0
2019 5 1041.0
2019 6 1115.0
2019 7 800.0
2019 8 355.0
2019 9 1013.0
2019 10 1711.0
2019 11 1298.0
2019 12 1869.0
2020 1 1293.0
2020 2 687.0
2020 3 885.0
2020 4 1348.0
2020 5 271.0
2020 6 770.0
2020 7 605.0
2020 8 1510.0
2020 9 1216.0
2020 10 1597.0
2020 11 811.0
2020 12 2050.0
2021 1 2086.0
2021 2 1036.0
2021 3 1069.0
2021 4 2291.0
2021 5 1415.0
2021 6 1356.0
2021 7 1655.0
2021 8 2555.0
2021 9 2481.0
2021 10 2088.0
2021 11 2461.0
2021 12 3074.0
2022 1 1783.0
2022 2 1988.0
2022 3 2656.0
2022 4 1549.0
2022 5 2017.0
2022 6 2441.0
2022 7 2122.0
2022 8 2017.0
2022 9 2014.0
2022 10 1415.0
2022 11 1361.0
2022 12 1619.0
2023 1 1983.0
2023 2 1936.0
2023 3 1657.0
2023 4 2134.0
2023 5 2227.0
2023 6 1275.0
2023 7 1015.0
2023 8 1322.0
2023 9 679.0
2023 10 1055.0
2023 11 2033.0
2023 12 2141.0
2024 1 922.0
2024 2 1132.0
2024 3 894.0
2024 4 420.0
2024 5 908.0
2024 6 722.0
2024 7 801.0
2024 8 456.0
