1960 5 1105.0
1960 6 913.0
1960 7 1074.0
1960 8 1143.0
1960 9 895.0
1960 10 825.0
1960 11 796.0
1960 12 518.0
1961 1 741.0
1961 2 926.0
1961 3 1270.0
1961 4 976.0
1961 5 881.0
1961 6 1159.0
1961 7 1167.0
1961 8 1282.0
1961 9 896.0
1961 10 1074.0
1961 11 877.0
1961 12 746.0
1962 1 711.0
1962 2 1004.0
1962 3 1400.0
1962 4 1356.0
1962 5 1458.0
1962 6 1278.0
1962 7 1346.0
1962 8 1474.0
1962 9 1020.0
1962 10 1123.0
1962 11 867.0
1962 12 629.0
1963 1 586.0
1963 2 918.0
1963 3 1133.0
1963 4 1180.0
1963 5 1312.0
1963 6 1059.0
1963 7 1181.0
1963 8 938.0
1963 9 964.0
1963 10 902.0
1963 11 649.0
1963 12 592.0
1964 1 707.0
1964 2 692.0
1964 3 889.0
1964 4 1117.0
1964 5 1087.0
1964 6 1015.0
1964 7 906.0
1964 8 845.0
1964 9 958.0
1964 10 800.0
1964 11 675.0
1964 12 585.0
1965 1 573.0
1965 2 519.0
1965 3 1153.0
1965 4 991.0
1965 5 838.0
1965 6 776.0
1965 7 790.0
1965 8 733.0
1965 9 729.0
1965 10 737.0
1965 11 711.0
1965 12 575.0
1966 1 593.0
1966 2 543.0
1966 3 889.0
1966 4 886.0
1966 5 779.0
1966 6 816.0
1966 7 573.0
1966 8 574.0
1966 9 486.0
1966 10 486.0
1966 11 452.0
1966 12 381.0
1967 1 499.0
1967 2 701.0
1967 3 852.0
1967 4 820.0
1967 5 789.0
1967 6 902.0
1967 7 814.0
1967 8 964.0
1967 9 761.0
1967 10 827.0
1967 11 699.0
1967 12 507.0
1968 1 733.0
1968 2 745.0
1968 3 982.0
1968 4 966.0
1968 5 1071.0
1968 6 1012.0
1968 7 1018.0
1968 8 955.0
1968 9 1049.0
1968 10 1003.0
1968 11 797.0
1968 12 900.0
1969 1 830.0
1969 2 1001.0
1969 3 992.0
1969 4 1330.0
1969 5 867.0
1969 6 1048.0
1969 7 1143.0
1969 8 1140.0
1969 9 1080.0
1969 10 807.0
1969 11 752.0
1969 12 830.0
1970 1 820.0
1970 2 912.0
1970 3 989.0
1970 4 1302.0
1970 5 1328.0
1970 6 1496.0
1970 7 1555.0
1970 8 1465.0
1970 9 1377.0
1970 10 1150.0
1970 11 1339.0
1970 12 1605.0
1971 1 1112.0
1971 2 1614.0
1971 3 2020.0
1971 4 2312.0
1971 5 2169.0
1971 6 2368.0
1971 7 2186.0
1971 8 2111.0
1971 9 1864.0
1971 10 1820.0
1971 11 2032.0
1971 12 2287.0
1972 1 1720.0
1972 2 1804.0
1972 3 2447.0
1972 4 2409.0
1972 5 2424.0
1972 6 3244.0
1972 7 2430.0
1972 8 2638.0
1972 9 2082.0
1972 10 2785.0
1972 11 2252.0
1972 12 2094.0
1973 1 1319.0
1973 2 1942.0
1973 3 2222.0
1973 4 2137.0
1973 5 2401.0
1973 6 3024.0
1973 7 2152.0
1973 8 1992.0
1973 9 1401.0
1973 10 945.0
1973 11 896.0
1973 12 835.0
1974 1 796.0
1974 2 948.0
1974 3 1694.0
1974 4 1935.0
1974 5 1286.0
1974 6 1032.0
1974 7 1039.0
1974 8 1142.0
1974 9 996.0
1974 10 988.0
1974 11 784.0
1974 12 580.0
1975 1 608.0
1975 2 767.0
1975 3 1297.0
1975 4 1344.0
1975 5 1420.0
1975 6 1468.0
1975 7 1500.0
1975 8 1410.0
1975 9 1548.0
1975 10 1504.0
1975 11 935.0
1975 12 945.0
1976 1 976.0
1976 2 1401.0
1976 3 1667.0
1976 4 1833.0
1976 5 1562.0
1976 6 1893.0
1976 7 1692.0
1976 8 1746.0
1976 9 1792.0
1976 10 1617.0
1976 11 1678.0
1976 12 1732.0
1977 1 1590.0
1977 2 2042.0
1977 3 2682.0
1977 4 2541.0
1977 5 2656.0
1977 6 2877.0
1977 7 2745.0
1977 8 2742.0
1977 9 2586.0
1977 10 2809.0
1977 11 2262.0
1977 12 2287.0
1978 1 2225.0
1978 2 2421.0
1978 3 3110.0
1978 4 3359.0
1978 5 3087.0
1978 6 3007.0
1978 7 2749.0
1978 8 2919.0
1978 9 2820.0
1978 10 2666.0
1978 11 2139.0
1978 12 1925.0
1979 1 1494.0
1979 2 2194.0
1979 3 3062.0
1979 4 2889.0
1979 5 2951.0
1979 6 2890.0
1979 7 2545.0
1979 8 2430.0
1979 9 2275.0
1979 10 2414.0
1979 11 1205.0
1979 12 1495.0
1980 1 1066.0
1980 2 1329.0
1980 3 1293.0
1980 4 933.0
1980 5 885.0
1980 6 1618.0
1980 7 1833.0
1980 8 2353.0
1980 9 2437.0
1980 10 1879.0
1980 11 1156.0
1980 12 1227.0
1981 1 1076.0
1981 2 1376.0
1981 3 1864.0
1981 4 2235.0
1981 5 1945.0
1981 6 1579.0
1981 7 1537.0
1981 8 1451.0
1981 9 1503.0
1981 10 1343.0
1981 11 1015.0
1981 12 1044.0
1982 1 933.0
1982 2 943.0
1982 3 1518.0
1982 4 1579.0
1982 5 1407.0
1982 6 1583.0
1982 7 1710.0
1982 8 1525.0
1982 9 1768.0
1982 10 1882.0
1982 11 2052.0
1982 12 1905.0
1983 1 1866.0
1983 2 2261.0
1983 3 2465.0
1983 4 2764.0
1983 5 3114.0
1983 6 3218.0
1983 7 2749.0
1983 8 3034.0
1983 9 2784.0
1983 10 2242.0
1983 11 1774.0
1983 12 1692.0
1984 1 1736.0
1984 2 2469.0
1984 3 2118.0
1984 4 2094.0
1984 5 2527.0
1984 6 2279.0
1984 7 1703.0
1984 8 1652.0
1984 9 1491.0
1984 10 1666.0
1984 11 1683.0
1984 12 1308.0
1985 1 1434.0
1985 2 1392.0
1985 3 1679.0
1985 4 2084.0
1985 5 1844.0
1985 6 1583.0
1985 7 1833.0
1985 8 1747.0
1985 9 1648.0
1985 10 1654.0
1985 11 1272.0
1985 12 1480.0
1986 1 1723.0
1986 2 1358.0
1986 3 1886.0
1986 4 2461.0
1986 5 2461.0
1986 6 2059.0
1986 7 1953.0
1986 8 1424.0
1986 9 1508.0
1986 10 1475.0
1986 11 1004.0
1986 12 1006.0
1987 1 713.0
1987 2 979.0
1987 3 1384.0
1987 4 1435.0
1987 5 1284.0
1987 6 1366.0
1987 7 1171.0
1987 8 964.0
1987 9 1025.0
1987 10 1006.0
1987 11 604.0
1987 12 581.0
1988 1 387.0
1988 2 573.0
1988 3 953.0
1988 4 939.0
1988 5 1010.0
1988 6 1047.0
1988 7 1030.0
1988 8 958.0
1988 9 795.0
1988 10 756.0
1988 11 668.0
1988 12 482.0
1989 1 491.0
1989 2 528.0
1989 3 867.0
1989 4 744.0
1989 5 924.0
1989 6 960.0
1989 7 848.0
1989 8 919.0
1989 9 859.0
1989 10 807.0
1989 11 602.0
1989 12 559.0
1990 1 642.0
1990 2 526.0
1990 3 813.0
1990 4 879.0
1990 5 1085.0
1990 6 1057.0
1990 7 985.0
1990 8 1101.0
1990 9 820.0
1990 10 899.0
1990 11 688.0
1990 12 592.0
1991 1 592.0
1991 2 695.0
1991 3 967.0
1991 4 1275.0
1991 5 1350.0
1991 6 1162.0
1991 7 1355.0
1991 8 1076.0
1991 9 1066.0
1991 10 1096.0
1991 11 911.0
1991 12 1000.0
1992 1 962.0
1992 2 1363.0
1992 3 1675.0
1992 4 1805.0
1992 5 1764.0
1992 6 1907.0
1992 7 1845.0
1992 8 1533.0
1992 9 2179.0
1992 10 2154.0
1992 11 1363.0
1992 12 1620.0
1993 1 1396.0
1993 2 1373.0
1993 3 2330.0
1993 4 2171.0
1993 5 2066.0
1993 6 2542.0
1993 7 2304.0
1993 8 2457.0
1993 9 2232.0
1993 10 2246.0
1993 11 1999.0
1993 12 1931.0
1994 1 1956.0
1994 2 2118.0
1994 3 3031.0
1994 4 2913.0
1994 5 2859.0
1994 6 2890.0
1994 7 2328.0
1994 8 2560.0
1994 9 2441.0
1994 10 2120.0
1994 11 1816.0
1994 12 1753.0
1995 1 1764.0
1995 2 1782.0
1995 3 2209.0
1995 4 2265.0
1995 5 2578.0
1995 6 2788.0
1995 7 2720.0
1995 8 2848.0
1995 9 2523.0
1995 10 2632.0
1995 11 2401.0
1995 12 2129.0
1996 1 2018.0
1996 2 2176.0
1996 3 2674.0
1996 4 3217.0
1996 5 3195.0
1996 6 3158.0
1996 7 2667.0
1996 8 2723.0
1996 9 2166.0
1996 10 2686.0
1996 11 1936.0
1996 12 1914.0
1997 1 2005.0
1997 2 2228.0
1997 3 2924.0
1997 4 2923.0
1997 5 3297.0
1997 6 2901.0
1997 7 2976.0
1997 8 2591.0
1997 9 2833.0
1997 10 2763.0
1997 11 1930.0
1997 12 2162.0
1998 1 2144.0
1998 2 2389.0
1998 3 3110.0
1998 4 3512.0
1998 5 3201.0
1998 6 3371.0
1998 7 3394.0
1998 8 2841.0
1998 9 2905.0
1998 10 3055.0
1998 11 2558.0
1998 12 2878.0
1999 1 2517.0
1999 2 2621.0
1999 3 3705.0
1999 4 3493.0
1999 5 3397.0
1999 6 4121.0
1999 7 3375.0
1999 8 3213.0
1999 9 3013.0
1999 10 2996.0
1999 11 2532.0
1999 12 2787.0
2000 1 2470.0
2000 2 2679.0
2000 3 3467.0
2000 4 3202.0
2000 5 3376.0
2000 6 3428.0
2000 7 3123.0
2000 8 3565.0
2000 9 3161.0
2000 10 3399.0
2000 11 2848.0
2000 12 2562.0
2001 1 2745.0
2001 2 2814.0
2001 3 3901.0
2001 4 3468.0
2001 5 3846.0
2001 6 3784.0
2001 7 3101.0
2001 8 3400.0
2001 9 2642.0
2001 10 2674.0
2001 11 2087.0
2001 12 1963.0
2002 1 2041.0
2002 2 2382.0
2002 3 3204.0
2002 4 3432.0
2002 5 3620.0
2002 6 3593.0
2002 7 3236.0
2002 8 3170.0
2002 9 2840.0
2002 10 2985.0
2002 11 2318.0
2002 12 2525.0
2003 1 2399.0
2003 2 2413.0
2003 3 2383.0
2003 4 3013.0
2003 5 3027.0
2003 6 3135.0
2003 7 3276.0
2003 8 2891.0
2003 9 2931.0
2003 10 3548.0
2003 11 2220.0
2003 12 2556.0
2004 1 2347.0
2004 2 2365.0
2004 3 3688.0
2004 4 3671.0
2004 5 3936.0
2004 6 3605.0
2004 7 3383.0
2004 8 3243.0
2004 9 3676.0
2004 10 2833.0
2004 11 2345.0
2004 12 2726.0
2005 1 2691.0
2005 2 2823.0
2005 3 3741.0
2005 4 3714.0
2005 5 3580.0
2005 6 3931.0
2005 7 3567.0
2005 8 3662.0
2005 9 3788.0
2005 10 3130.0
2005 11 3023.0
2005 12 2780.0
2006 1 2719.0
2006 2 2702.0
2006 3 3191.0
2006 4 2892.0
2006 5 3281.0
2006 6 3181.0
2006 7 2462.0
2006 8 2795.0
2006 9 2484.0
2006 10 1960.0
2006 11 1832.0
2006 12 1614.0
2007 1 1492.0
2007 2 1546.0
2007 3 2041.0
2007 4 2202.0
2007 5 2467.0
2007 6 2312.0
2007 7 2201.0
2007 8 2079.0
2007 9 1483.0
2007 10 1476.0
2007 11 1156.0
2007 12 862.0
2008 1 897.0
2008 2 971.0
2008 3 1059.0
2008 4 1353.0
2008 5 1334.0
2008 6 1290.0
2008 7 1141.0
2008 8 1305.0
2008 9 1097.0
2008 10 812.0
2008 11 468.0
2008 12 430.0
2009 1 392.0
2009 2 487.0
2009 3 458.0
2009 4 676.0
2009 5 686.0
2009 6 829.0
2009 7 795.0
2009 8 741.0
2009 9 762.0
2009 10 602.0
2009 11 472.0
2009 12 584.0
2010 1 568.0
2010 2 851.0
2010 3 976.0
2010 4 785.0
2010 5 758.0
2010 6 855.0
2010 7 820.0
2010 8 837.0
2010 9 757.0
2010 10 637.0
2010 11 633.0
2010 12 573.0
2011 1 492.0
2011 2 496.0
2011 3 735.0
2011 4 857.0
2011 5 909.0
2011 6 980.0
2011 7 961.0
2011 8 1017.0
2011 9 821.0
2011 10 695.0
2011 11 724.0
2011 12 601.0
2012 1 696.0
2012 2 710.0
2012 3 913.0
2012 4 1070.0
2012 5 1262.0
2012 6 1347.0
2012 7 1245.0
2012 8 1436.0
2012 9 1342.0
2012 10 1252.0
2012 11 1079.0
2012 12 902.0
2013 1 1031.0
2013 2 1191.0
2013 3 1363.0
2013 4 1408.0
2013 5 1588.0
2013 6 1501.0
2013 7 1736.0
2013 8 1481.0
2013 9 1166.0
2013 10 1306.0
2013 11 967.0
2013 12 1152.0
2014 1 1173.0
2014 2 1163.0
2014 3 1509.0
2014 4 1820.0
2014 5 1680.0
2014 6 1770.0
2014 7 1671.0
2014 8 1577.0
2014 9 1363.0
2014 10 1638.0
2014 11 1044.0
2014 12 1227.0
2015 1 1120.0
2015 2 1240.0
2015 3 1597.0
2015 4 1779.0
2015 5 1829.0
2015 6 2119.0
2015 7 1962.0
2015 8 1730.0
2015 9 1606.0
2015 10 1703.0
2015 11 1468.0
2015 12 1399.0
2016 1 1315.0
2016 2 1582.0
2016 3 1908.0
2016 4 2016.0
2016 5 2017.0
2016 6 2157.0
2016 7 1949.0
2016 8 2053.0
2016 9 1732.0
2016 10 1687.0
2016 11 1649.0
2016 12 1726.0
2017 1 1482.0
2017 2 1735.0
2017 3 2193.0
2017 4 2113.0
2017 5 2285.0
2017 6 2271.0
2017 7 2025.0
2017 8 2624.0
2017 9 1974.0
2017 10 2103.0
2017 11 1974.0
2017 12 2119.0
2018 1 2292.0
2018 2 2365.0
2018 3 2694.0
2018 4 2514.0
2018 5 2659.0
2018 6 2772.0
2018 7 2670.0
2018 8 2511.0
2018 9 2353.0
2018 10 2399.0
2018 11 2107.0
2018 12 1778.0
2019 1 1708.0
2019 2 1820.0
2019 3 1866.0
2019 4 2383.0
2019 5 2594.0
2019 6 2660.0
2019 7 2952.0
2019 8 2758.0
2019 9 2235.0
2019 10 2431.0
2019 11 2262.0
2019 12 2131.0
2020 1 1926.0
2020 2 2392.0
2020 3 2734.0
2020 4 1913.0
2020 5 2307.0
2020 6 2822.0
2020 7 3444.0
2020 8 3054.0
2020 9 3240.0
2020 10 3165.0
2020 11 2731.0
2020 12 3215.0
2021 1 2657.0
2021 2 2538.0
2021 3 3567.0
2021 4 3157.0
2021 5 2795.0
2021 6 3333.0
2021 7 2962.0
2021 8 3099.0
2021 9 2810.0
2021 10 2485.0
2021 11 2409.0
2021 12 2428.0
2022 1 2203.0
2022 2 2342.0
2022 3 3007.0
2022 4 2521.0
2022 5 2384.0
2022 6 2408.0
2022 7 1753.0
2022 8 1835.0
2022 9 1579.0
2022 10 1446.0
2022 11 1174.0
2022 12 1080.0
2023 1 1181.0
2023 2 1241.0
2023 3 1849.0
2023 4 1580.0
2023 5 1990.0
2023 6 2071.0
2023 7 1658.0
2023 8 1847.0
2023 9 1519.0
2023 10 1777.0
2023 11 1546.0
2023 12 1939.0
2024 1 1563.0
2024 2 1801.0
2024 3 1815.0
2024 4 1944.0
2024 5 1913.0
2024 6 1763.0
2024 7 1593.0
2024 8 1539.0
