1960 5 538.0
1960 6 405.0
1960 7 430.0
1960 8 523.0
1960 9 742.0
1960 10 524.0
1960 11 514.0
1960 12 365.0
1961 1 604.0
1961 2 393.0
1961 3 825.0
1961 4 974.0
1961 5 813.0
1961 6 1014.0
1961 7 818.0
1961 8 986.0
1961 9 688.0
1961 10 902.0
1961 11 882.0
1961 12 624.0
1962 1 331.0
1962 2 983.0
1962 3 554.0
1962 4 420.0
1962 5 460.0
1962 6 344.0
1962 7 321.0
1962 8 489.0
1962 9 239.0
1962 10 251.0
1962 11 207.0
1962 12 330.0
1963 1 328.0
1963 2 462.0
1963 3 326.0
1963 4 471.0
1963 5 899.0
1963 6 386.0
1963 7 476.0
1963 8 331.0
1963 9 465.0
1963 10 249.0
1963 11 210.0
1963 12 262.0
1964 1 264.0
1964 2 363.0
1964 3 333.0
1964 4 616.0
1964 5 535.0
1964 6 194.0
1964 7 246.0
1964 8 178.0
1964 9 544.0
1964 10 325.0
1964 11 529.0
1964 12 261.0
1965 1 363.0
1965 2 225.0
1965 3 654.0
1965 4 793.0
1965 5 230.0
1965 6 387.0
1965 7 128.0
1965 8 502.0
1965 9 290.0
1965 10 946.0
1965 11 441.0
1965 12 241.0
1966 1 276.0
1966 2 320.0
1966 3 336.0
1966 4 251.0
1966 5 263.0
1966 6 1094.0
1966 7 314.0
1966 8 728.0
1966 9 196.0
1966 10 237.0
1966 11 311.0
1966 12 230.0
1967 1 144.0
1967 2 185.0
1967 3 465.0
1967 4 478.0
1967 5 347.0
1967 6 651.0
1967 7 783.0
1967 8 568.0
1967 9 412.0
1967 10 1128.0
1967 11 836.0
1967 12 657.0
1968 1 573.0
1968 2 704.0
1968 3 550.0
1968 4 1111.0
1968 5 1061.0
1968 6 677.0
1968 7 699.0
1968 8 756.0
1968 9 664.0
1968 10 850.0
1968 11 1872.0
1968 12 1357.0
1969 1 1378.0
1969 2 640.0
1969 3 884.0
1969 4 1155.0
1969 5 1986.0
1969 6 896.0
1969 7 1125.0
1969 8 1136.0
1969 9 1045.0
1969 10 576.0
1969 11 421.0
1969 12 571.0
1970 1 1039.0
1970 2 418.0
1970 3 867.0
1970 4 1260.0
1970 5 1131.0
1970 6 1555.0
1970 7 1397.0
1970 8 1552.0
1970 9 1017.0
1970 10 789.0
1970 11 1130.0
1970 12 1277.0
1971 1 2367.0
1971 2 1480.0
1971 3 1601.0
1971 4 2407.0
1971 5 2434.0
1971 6 2708.0
1971 7 2857.0
1971 8 2686.0
1971 9 1933.0
1971 10 2955.0
1971 11 2309.0
1971 12 3420.0
1972 1 2930.0
1972 2 2627.0
1972 3 2871.0
1972 4 2359.0
1972 5 2726.0
1972 6 3366.0
1972 7 2919.0
1972 8 3570.0
1972 9 2615.0
1972 10 2381.0
1972 11 2648.0
1972 12 3936.0
1973 1 1397.0
1973 2 1756.0
1973 3 5114.0
1973 4 1638.0
1973 5 2233.0
1973 6 2819.0
1973 7 1132.0
1973 8 2493.0
1973 9 1306.0
1973 10 1545.0
1973 11 976.0
1973 12 996.0
1974 1 994.0
1974 2 1124.0
1974 3 957.0
1974 4 1037.0
1974 5 554.0
1974 6 336.0
1974 7 312.0
1974 8 370.0
1974 9 150.0
1974 10 94.0
1974 11 172.0
1974 12 356.0
1975 1 114.0
1975 2 132.0
1975 3 332.0
1975 4 387.0
1975 5 130.0
1975 6 242.0
1975 7 373.0
1975 8 175.0
1975 9 301.0
1975 10 194.0
1975 11 177.0
1975 12 122.0
1976 1 78.0
1976 2 274.0
1976 3 317.0
1976 4 354.0
1976 5 391.0
1976 6 457.0
1976 7 417.0
1976 8 342.0
1976 9 559.0
1976 10 359.0
1976 11 365.0
1976 12 300.0
1977 1 380.0
1977 2 616.0
1977 3 270.0
1977 4 366.0
1977 5 769.0
1977 6 522.0
1977 7 838.0
1977 8 411.0
1977 9 636.0
1977 10 648.0
1977 11 325.0
1977 12 547.0
1978 1 304.0
1978 2 545.0
1978 3 1267.0
1978 4 1126.0
1978 5 335.0
1978 6 666.0
1978 7 731.0
1978 8 1483.0
1978 9 744.0
1978 10 748.0
1978 11 1274.0
1978 12 948.0
1979 1 513.0
1979 2 611.0
1979 3 534.0
1979 4 967.0
1979 5 909.0
1979 6 735.0
1979 7 940.0
1979 8 1364.0
1979 9 799.0
1979 10 1047.0
1979 11 731.0
1979 12 627.0
1980 1 261.0
1980 2 571.0
1980 3 269.0
1980 4 434.0
1980 5 204.0
1980 6 1167.0
1980 7 283.0
1980 8 868.0
1980 9 1396.0
1980 10 1093.0
1980 11 890.0
1980 12 900.0
1981 1 530.0
1981 2 282.0
1981 3 584.0
1981 4 899.0
1981 5 1039.0
1981 6 810.0
1981 7 1067.0
1981 8 703.0
1981 9 786.0
1981 10 760.0
1981 11 797.0
1981 12 512.0
1982 1 140.0
1982 2 191.0
1982 3 629.0
1982 4 1349.0
1982 5 664.0
1982 6 992.0
1982 7 1141.0
1982 8 1250.0
1982 9 826.0
1982 10 1910.0
1982 11 1748.0
1982 12 974.0
1983 1 824.0
1983 2 798.0
1983 3 1007.0
1983 4 1275.0
1983 5 2270.0
1983 6 2040.0
1983 7 1144.0
1983 8 2769.0
1983 9 2963.0
1983 10 1891.0
1983 11 1542.0
1983 12 1359.0
1984 1 1330.0
1984 2 1142.0
1984 3 2477.0
1984 4 1888.0
1984 5 2406.0
1984 6 2060.0
1984 7 2155.0
1984 8 721.0
1984 9 1462.0
1984 10 1015.0
1984 11 1571.0
1984 12 2131.0
1985 1 887.0
1985 2 1595.0
1985 3 706.0
1985 4 996.0
1985 5 1803.0
1985 6 536.0
1985 7 799.0
1985 8 1183.0
1985 9 1350.0
1985 10 1107.0
1985 11 651.0
1985 12 1103.0
1986 1 1382.0
1986 2 714.0
1986 3 900.0
1986 4 563.0
1986 5 1378.0
1986 6 828.0
1986 7 547.0
1986 8 1373.0
1986 9 635.0
1986 10 822.0
1986 11 501.0
1986 12 1305.0
1987 1 431.0
1987 2 448.0
1987 3 710.0
1987 4 536.0
1987 5 239.0
1987 6 443.0
1987 7 521.0
1987 8 145.0
1987 9 1156.0
1987 10 207.0
1987 11 93.0
1987 12 69.0
1988 1 180.0
1988 2 535.0
1988 3 194.0
1988 4 337.0
1988 5 188.0
1988 6 177.0
1988 7 131.0
1988 8 317.0
1988 9 150.0
1988 10 356.0
1988 11 300.0
1988 12 92.0
1989 1 39.0
1989 2 138.0
1989 3 248.0
1989 4 54.0
1989 5 322.0
1989 6 88.0
1989 7 221.0
1989 8 123.0
1989 9 112.0
1989 10 426.0
1989 11 172.0
1989 12 106.0
1990 1 91.0
1990 2 154.0
1990 3 121.0
1990 4 72.0
1990 5 188.0
1990 6 36.0
1990 7 481.0
1990 8 59.0
1990 9 33.0
1990 10 65.0
1990 11 92.0
1990 12 89.0
1991 1 17.0
1991 2 23.0
1991 3 55.0
1991 4 161.0
1991 5 82.0
1991 6 35.0
1991 7 48.0
1991 8 167.0
1991 9 52.0
1991 10 59.0
1991 11 115.0
1991 12 59.0
1992 1 230.0
1992 2 109.0
1992 3 27.0
1992 4 271.0
1992 5 304.0
1992 6 92.0
1992 7 626.0
1992 8 243.0
1992 9 381.0
1992 10 48.0
1992 11 32.0
1992 12 111.0
1993 1 204.0
1993 2 593.0
1993 3 65.0
1993 4 257.0
1993 5 54.0
1993 6 922.0
1993 7 359.0
1993 8 492.0
1993 9 270.0
1993 10 97.0
1993 11 303.0
1993 12 123.0
1994 1 143.0
1994 2 209.0
1994 3 286.0
1994 4 1021.0
1994 5 453.0
1994 6 718.0
1994 7 363.0
1994 8 1484.0
1994 9 1394.0
1994 10 1164.0
1994 11 411.0
1994 12 460.0
1995 1 800.0
1995 2 434.0
1995 3 646.0
1995 4 842.0
1995 5 795.0
1995 6 1254.0
1995 7 1249.0
1995 8 774.0
1995 9 551.0
1995 10 699.0
1995 11 1348.0
1995 12 1976.0
1996 1 633.0
1996 2 1530.0
1996 3 1276.0
1996 4 1062.0
1996 5 386.0
1996 6 1380.0
1996 7 832.0
1996 8 650.0
1996 9 887.0
1996 10 956.0
1996 11 688.0
1996 12 1237.0
1997 1 871.0
1997 2 468.0
1997 3 886.0
1997 4 680.0
1997 5 1195.0
1997 6 995.0
1997 7 1141.0
1997 8 1305.0
1997 9 873.0
1997 10 1129.0
1997 11 387.0
1997 12 1099.0
1998 1 1086.0
1998 2 641.0
1998 3 830.0
1998 4 1498.0
1998 5 670.0
1998 6 1819.0
1998 7 1927.0
1998 8 1055.0
1998 9 1262.0
1998 10 873.0
1998 11 593.0
1998 12 1024.0
1999 1 737.0
1999 2 621.0
1999 3 1074.0
1999 4 710.0
1999 5 478.0
1999 6 580.0
1999 7 1027.0
1999 8 1006.0
1999 9 1294.0
1999 10 929.0
1999 11 1227.0
1999 12 1024.0
2000 1 1441.0
2000 2 979.0
2000 3 1114.0
2000 4 707.0
2000 5 773.0
2000 6 449.0
2000 7 2120.0
2000 8 2203.0
2000 9 1132.0
2000 10 1331.0
2000 11 1036.0
2000 12 1732.0
2001 1 1036.0
2001 2 1003.0
2001 3 644.0
2001 4 542.0
2001 5 1983.0
2001 6 2445.0
2001 7 1836.0
2001 8 1803.0
2001 9 2917.0
2001 10 1230.0
2001 11 1042.0
2001 12 1008.0
2002 1 1278.0
2002 2 276.0
2002 3 657.0
2002 4 1407.0
2002 5 1144.0
2002 6 1184.0
2002 7 312.0
2002 8 878.0
2002 9 2163.0
2002 10 598.0
2002 11 1336.0
2002 12 1206.0
2003 1 432.0
2003 2 707.0
2003 3 430.0
2003 4 454.0
2003 5 581.0
2003 6 596.0
2003 7 523.0
2003 8 542.0
2003 9 553.0
2003 10 847.0
2003 11 555.0
2003 12 488.0
2004 1 692.0
2004 2 388.0
2004 3 612.0
2004 4 590.0
2004 5 409.0
2004 6 902.0
2004 7 555.0
2004 8 622.0
2004 9 743.0
2004 10 453.0
2004 11 294.0
2004 12 896.0
2005 1 590.0
2005 2 282.0
2005 3 361.0
2005 4 377.0
2005 5 209.0
2005 6 428.0
2005 7 666.0
2005 8 294.0
2005 9 579.0
2005 10 271.0
2005 11 228.0
2005 12 493.0
2006 1 431.0
2006 2 816.0
2006 3 975.0
2006 4 749.0
2006 5 702.0
2006 6 1336.0
2006 7 576.0
2006 8 520.0
2006 9 637.0
2006 10 351.0
2006 11 157.0
2006 12 934.0
2007 1 622.0
2007 2 811.0
2007 3 503.0
2007 4 855.0
2007 5 396.0
2007 6 1616.0
2007 7 372.0
2007 8 496.0
2007 9 500.0
2007 10 1134.0
2007 11 415.0
2007 12 1309.0
2008 1 753.0
2008 2 1025.0
2008 3 478.0
2008 4 605.0
2008 5 1091.0
2008 6 626.0
2008 7 489.0
2008 8 434.0
2008 9 355.0
2008 10 1088.0
2008 11 283.0
2008 12 133.0
2009 1 97.0
2009 2 256.0
2009 3 156.0
2009 4 455.0
2009 5 100.0
2009 6 67.0
2009 7 422.0
2009 8 21.0
2009 9 148.0
2009 10 15.0
2009 11 22.0
2009 12 240.0
2010 1 105.0
2010 2 165.0
2010 3 487.0
2010 4 110.0
2010 5 53.0
2010 6 89.0
2010 7 42.0
2010 8 52.0
2010 9 574.0
2010 10 126.0
2010 11 126.0
2010 12 470.0
2011 1 151.0
2011 2 73.0
2011 3 529.0
2011 4 221.0
2011 5 161.0
2011 6 191.0
2011 7 571.0
2011 8 659.0
2011 9 359.0
2011 10 649.0
2011 11 209.0
2011 12 489.0
2012 1 293.0
2012 2 141.0
2012 3 774.0
2012 4 908.0
2012 5 651.0
2012 6 927.0
2012 7 904.0
2012 8 1267.0
2012 9 174.0
2012 10 389.0
2012 11 980.0
2012 12 896.0
2013 1 847.0
2013 2 624.0
2013 3 1364.0
2013 4 365.0
2013 5 1021.0
2013 6 804.0
2013 7 529.0
2013 8 1422.0
2013 9 903.0
2013 10 860.0
2013 11 1193.0
2013 12 1258.0
2014 1 366.0
2014 2 936.0
2014 3 1608.0
2014 4 660.0
2014 5 453.0
2014 6 804.0
2014 7 1309.0
2014 8 960.0
2014 9 1407.0
2014 10 1428.0
2014 11 849.0
2014 12 866.0
2015 1 369.0
2015 2 671.0
2015 3 1196.0
2015 4 1103.0
2015 5 702.0
2015 6 1132.0
2015 7 775.0
2015 8 902.0
2015 9 1135.0
2015 10 436.0
2015 11 1030.0
2015 12 1580.0
2016 1 834.0
2016 2 767.0
2016 3 834.0
2016 4 1019.0
2016 5 1522.0
2016 6 856.0
2016 7 919.0
2016 8 883.0
2016 9 1836.0
2016 10 2389.0
2016 11 1995.0
2016 12 1138.0
2017 1 1664.0
2017 2 1213.0
2017 3 1278.0
2017 4 1873.0
2017 5 580.0
2017 6 2369.0
2017 7 1064.0
2017 8 1852.0
2017 9 1042.0
2017 10 1070.0
2017 11 1645.0
2017 12 520.0
2018 1 1583.0
2018 2 1812.0
2018 3 2779.0
2018 4 1158.0
2018 5 1016.0
2018 6 902.0
2018 7 613.0
2018 8 809.0
2018 9 1813.0
2018 10 927.0
2018 11 1542.0
2018 12 2515.0
2019 1 1318.0
2019 2 856.0
2019 3 1212.0
2019 4 1210.0
2019 5 1059.0
2019 6 1242.0
2019 7 896.0
2019 8 403.0
2019 9 1064.0
2019 10 1788.0
2019 11 1344.0
2019 12 1906.0
2020 1 1316.0
2020 2 729.0
2020 3 1014.0
2020 4 1371.0
2020 5 297.0
2020 6 822.0
2020 7 673.0
2020 8 1619.0
2020 9 1379.0
2020 10 1817.0
2020 11 959.0
2020 12 2121.0
2021 1 2150.0
2021 2 1087.0
2021 3 1256.0
2021 4 2357.0
2021 5 1585.0
2021 6 1622.0
2021 7 1787.0
2021 8 2694.0
2021 9 2634.0
2021 10 2236.0
2021 11 2581.0
2021 12 3266.0
2022 1 1919.0
2022 2 2133.0
2022 3 2704.0
2022 4 1680.0
2022 5 2199.0
2022 6 2553.0
2022 7 2214.0
2022 8 2092.0
2022 9 2092.0
2022 10 1473.0
2022 11 1428.0
2022 12 1863.0
2023 1 2054.0
2023 2 2006.0
2023 3 1731.0
2023 4 2277.0
2023 5 2321.0
2023 6 1444.0
2023 7 1079.0
2023 8 1457.0
2023 9 736.0
2023 10 1157.0
2023 11 2095.0
2023 12 2238.0
2024 1 999.0
2024 2 1278.0
2024 3 976.0
2024 4 466.0
2024 5 991.0
2024 6 769.0
2024 7 896.0
2024 8 523.0
