1960 5 1321.0
1960 6 1309.0
1960 7 1144.0
1960 8 1048.0
1960 9 1045.0
1960 10 1058.0
1960 11 820.0
1960 12 598.0
1961 1 379.0
1961 2 326.0
1961 3 871.0
1961 4 1019.0
1961 5 1242.0
1961 6 1257.0
1961 7 1125.0
1961 8 1195.0
1961 9 972.0
1961 10 1005.0
1961 11 993.0
1961 12 651.0
1962 1 455.0
1962 2 317.0
1962 3 786.0
1962 4 1519.0
1962 5 1273.0
1962 6 1199.0
1962 7 1040.0
1962 8 1016.0
1962 9 959.0
1962 10 998.0
1962 11 813.0
1962 12 583.0
1963 1 412.0
1963 2 291.0
1963 3 727.0
1963 4 1403.0
1963 5 1247.0
1963 6 1180.0
1963 7 1164.0
1963 8 994.0
1963 9 1101.0
1963 10 1146.0
1963 11 871.0
1963 12 608.0
1964 1 361.0
1964 2 508.0
1964 3 962.0
1964 4 1301.0
1964 5 1314.0
1964 6 1388.0
1964 7 1189.0
1964 8 1128.0
1964 9 1089.0
1964 10 1178.0
1964 11 968.0
1964 12 899.0
1965 1 357.0
1965 2 359.0
1965 3 1126.0
1965 4 1291.0
1965 5 1171.0
1965 6 1254.0
1965 7 1092.0
1965 8 1101.0
1965 9 1072.0
1965 10 1090.0
1965 11 1005.0
1965 12 746.0
1966 1 485.0
1966 2 360.0
1966 3 1096.0
1966 4 1357.0
1966 5 1159.0
1966 6 1239.0
1966 7 785.0
1966 8 832.0
1966 9 672.0
1966 10 694.0
1966 11 661.0
1966 12 464.0
1967 1 374.0
1967 2 335.0
1967 3 588.0
1967 4 972.0
1967 5 1225.0
1967 6 969.0
1967 7 960.0
1967 8 970.0
1967 9 922.0
1967 10 1102.0
1967 11 946.0
1967 12 545.0
1968 1 305.0
1968 2 377.0
1968 3 860.0
1968 4 1106.0
1968 5 1322.0
1968 6 1148.0
1968 7 1152.0
1968 8 1132.0
1968 9 1100.0
1968 10 1302.0
1968 11 926.0
1968 12 679.0
1969 1 430.0
1969 2 401.0
1969 3 778.0
1969 4 1241.0
1969 5 1274.0
1969 6 1076.0
1969 7 973.0
1969 8 802.0
1969 9 835.0
1969 10 923.0
1969 11 633.0
1969 12 607.0
1970 1 203.0
1970 2 291.0
1970 3 584.0
1970 4 798.0
1970 5 797.0
1970 6 934.0
1970 7 753.0
1970 8 795.0
1970 9 785.0
1970 10 759.0
1970 11 607.0
1970 12 436.0
1971 1 179.0
1971 2 255.0
1971 3 963.0
1971 4 1357.0
1971 5 1150.0
1971 6 1132.0
1971 7 982.0
1971 8 1091.0
1971 9 760.0
1971 10 826.0
1971 11 852.0
1971 12 566.0
1972 1 399.0
1972 2 350.0
1972 3 725.0
1972 4 1403.0
1972 5 1310.0
1972 6 1206.0
1972 7 1073.0
1972 8 1029.0
1972 9 1295.0
1972 10 1335.0
1972 11 852.0
1972 12 603.0
1973 1 535.0
1973 2 441.0
1973 3 1154.0
1973 4 1261.0
1973 5 1353.0
1973 6 1171.0
1973 7 1062.0
1973 8 1121.0
1973 9 852.0
1973 10 813.0
1973 11 765.0
1973 12 437.0
1974 1 305.0
1974 2 374.0
1974 3 885.0
1974 4 982.0
1974 5 1098.0
1974 6 1041.0
1974 7 880.0
1974 8 546.0
1974 9 462.0
1974 10 556.0
1974 11 460.0
1974 12 344.0
1975 1 252.0
1975 2 245.0
1975 3 516.0
1975 4 889.0
1975 5 851.0
1975 6 921.0
1975 7 823.0
1975 8 677.0
1975 9 847.0
1975 10 767.0
1975 11 648.0
1975 12 599.0
1976 1 264.0
1976 2 290.0
1976 3 973.0
1976 4 1135.0
1976 5 915.0
1976 6 1024.0
1976 7 921.0
1976 8 777.0
1976 9 832.0
1976 10 958.0
1976 11 788.0
1976 12 513.0
1977 1 213.0
1977 2 318.0
1977 3 903.0
1977 4 1199.0
1977 5 1234.0
1977 6 1361.0
1977 7 1044.0
1977 8 1145.0
1977 9 990.0
1977 10 1025.0
1977 11 866.0
1977 12 564.0
1978 1 307.0
1978 2 222.0
1978 3 702.0
1978 4 1128.0
1978 5 1234.0
1978 6 1346.0
1978 7 1096.0
1978 8 1097.0
1978 9 1133.0
1978 10 1046.0
1978 11 802.0
1978 12 581.0
1979 1 288.0
1979 2 274.0
1979 3 838.0
1979 4 1049.0
1979 5 1085.0
1979 6 1019.0
1979 7 948.0
1979 8 950.0
1979 9 786.0
1979 10 817.0
1979 11 634.0
1979 12 505.0
1980 1 274.0
1980 2 228.0
1980 3 309.0
1980 4 427.0
1980 5 445.0
1980 6 599.0
1980 7 658.0
1980 8 723.0
1980 9 712.0
1980 10 793.0
1980 11 631.0
1980 12 413.0
1981 1 201.0
1981 2 167.0
1981 3 525.0
1981 4 694.0
1981 5 698.0
1981 6 635.0
1981 7 577.0
1981 8 453.0
1981 9 361.0
1981 10 390.0
1981 11 341.0
1981 12 291.0
1982 1 154.0
1982 2 208.0
1982 3 338.0
1982 4 543.0
1982 5 598.0
1982 6 701.0
1982 7 534.0
1982 8 586.0
1982 9 659.0
1982 10 671.0
1982 11 875.0
1982 12 556.0
1983 1 396.0
1983 2 392.0
1983 3 854.0
1983 4 903.0
1983 5 1150.0
1983 6 1173.0
1983 7 1200.0
1983 8 1253.0
1983 9 1172.0
1983 10 1066.0
1983 11 1213.0
1983 12 678.0
1984 1 479.0
1984 2 671.0
1984 3 1000.0
1984 4 1381.0
1984 5 1405.0
1984 6 1317.0
1984 7 1413.0
1984 8 1273.0
1984 9 1256.0
1984 10 1388.0
1984 11 1010.0
1984 12 866.0
1985 1 604.0
1985 2 576.0
1985 3 1206.0
1985 4 1769.0
1985 5 1782.0
1985 6 1639.0
1985 7 1509.0
1985 8 1424.0
1985 9 1675.0
1985 10 1604.0
1985 11 1704.0
1985 12 1025.0
1986 1 918.0
1986 2 635.0
1986 3 1339.0
1986 4 2150.0
1986 5 2081.0
1986 6 2168.0
1986 7 2527.0
1986 8 1918.0
1986 9 1752.0
1986 10 2279.0
1986 11 1212.0
1986 12 1000.0
1987 1 822.0
1987 2 1716.0
1987 3 1558.0
1987 4 2140.0
1987 5 1664.0
1987 6 2014.0
1987 7 1594.0
1987 8 1546.0
1987 9 1638.0
1987 10 1612.0
1987 11 1274.0
1987 12 1153.0
1988 1 665.0
1988 2 682.0
1988 3 1384.0
1988 4 1450.0
1988 5 1317.0
1988 6 1730.0
1988 7 1396.0
1988 8 1431.0
1988 9 881.0
1988 10 778.0
1988 11 918.0
1988 12 797.0
1989 1 573.0
1989 2 505.0
1989 3 638.0
1989 4 783.0
1989 5 921.0
1989 6 703.0
1989 7 662.0
1989 8 744.0
1989 9 622.0
1989 10 893.0
1989 11 669.0
1989 12 418.0
1990 1 308.0
1990 2 324.0
1990 3 466.0
1990 4 505.0
1990 5 589.0
1990 6 533.0
1990 7 531.0
1990 8 498.0
1990 9 450.0
1990 10 534.0
1990 11 443.0
1990 12 300.0
1991 1 224.0
1991 2 201.0
1991 3 323.0
1991 4 619.0
1991 5 628.0
1991 6 569.0
1991 7 625.0
1991 8 604.0
1991 9 570.0
1991 10 615.0
1991 11 456.0
1991 12 376.0
1992 1 342.0
1992 2 268.0
1992 3 562.0
1992 4 733.0
1992 5 727.0
1992 6 810.0
1992 7 766.0
1992 8 642.0
1992 9 647.0
1992 10 784.0
1992 11 715.0
1992 12 512.0
1993 1 361.0
1993 2 481.0
1993 3 508.0
1993 4 677.0
1993 5 782.0
1993 6 767.0
1993 7 777.0
1993 8 866.0
1993 9 735.0
1993 10 708.0
1993 11 736.0
1993 12 608.0
1994 1 347.0
1994 2 249.0
1994 3 552.0
1994 4 820.0
1994 5 876.0
1994 6 850.0
1994 7 812.0
1994 8 810.0
1994 9 767.0
1994 10 718.0
1994 11 695.0
1994 12 579.0
1995 1 412.0
1995 2 281.0
1995 3 585.0
1995 4 656.0
1995 5 697.0
1995 6 666.0
1995 7 662.0
1995 8 844.0
1995 9 648.0
1995 10 724.0
1995 11 654.0
1995 12 590.0
1996 1 283.0
1996 2 377.0
1996 3 591.0
1996 4 753.0
1996 5 973.0
1996 6 870.0
1996 7 742.0
1996 8 813.0
1996 9 725.0
1996 10 749.0
1996 11 586.0
1996 12 567.0
1997 1 433.0
1997 2 411.0
1997 3 687.0
1997 4 791.0
1997 5 756.0
1997 6 786.0
1997 7 951.0
1997 8 675.0
1997 9 727.0
1997 10 837.0
1997 11 568.0
1997 12 652.0
1998 1 491.0
1998 2 517.0
1998 3 804.0
1998 4 909.0
1998 5 883.0
1998 6 976.0
1998 7 885.0
1998 8 841.0
1998 9 858.0
1998 10 821.0
1998 11 768.0
1998 12 825.0
1999 1 586.0
1999 2 501.0
1999 3 811.0
1999 4 1074.0
1999 5 950.0
1999 6 1047.0
1999 7 789.0
1999 8 920.0
1999 9 820.0
1999 10 644.0
1999 11 737.0
1999 12 621.0
2000 1 399.0
2000 2 481.0
2000 3 845.0
2000 4 748.0
2000 5 766.0
2000 6 791.0
2000 7 675.0
2000 8 725.0
2000 9 667.0
2000 10 736.0
2000 11 751.0
2000 12 546.0
2001 1 483.0
2001 2 376.0
2001 3 506.0
2001 4 716.0
2001 5 729.0
2001 6 731.0
2001 7 793.0
2001 8 930.0
2001 9 604.0
2001 10 750.0
2001 11 638.0
2001 12 708.0
2002 1 508.0
2002 2 462.0
2002 3 746.0
2002 4 867.0
2002 5 787.0
2002 6 701.0
2002 7 1002.0
2002 8 685.0
2002 9 757.0
2002 10 826.0
2002 11 635.0
2002 12 640.0
2003 1 390.0
2003 2 363.0
2003 3 557.0
2003 4 759.0
2003 5 764.0
2003 6 823.0
2003 7 832.0
2003 8 747.0
2003 9 701.0
2003 10 887.0
2003 11 633.0
2003 12 594.0
2004 1 462.0
2004 2 418.0
2004 3 766.0
2004 4 802.0
2004 5 716.0
2004 6 906.0
2004 7 906.0
2004 8 903.0
2004 9 832.0
2004 10 764.0
2004 11 1029.0
2004 12 635.0
2005 1 443.0
2005 2 460.0
2005 3 645.0
2005 4 687.0
2005 5 972.0
2005 6 937.0
2005 7 812.0
2005 8 871.0
2005 9 837.0
2005 10 604.0
2005 11 637.0
2005 12 533.0
2006 1 447.0
2006 2 412.0
2006 3 662.0
2006 4 641.0
2006 5 718.0
2006 6 731.0
2006 7 677.0
2006 8 618.0
2006 9 560.0
2006 10 627.0
2006 11 516.0
2006 12 393.0
2007 1 370.0
2007 2 253.0
2007 3 387.0
2007 4 506.0
2007 5 531.0
2007 6 526.0
2007 7 616.0
2007 8 490.0
2007 9 453.0
2007 10 468.0
2007 11 468.0
2007 12 270.0
2008 1 287.0
2008 2 201.0
2008 3 349.0
2008 4 275.0
2008 5 287.0
2008 6 264.0
2008 7 321.0
2008 8 279.0
2008 9 296.0
2008 10 248.0
2008 11 162.0
2008 12 136.0
2009 1 90.0
2009 2 75.0
2009 3 102.0
2009 4 156.0
2009 5 209.0
2009 6 239.0
2009 7 217.0
2009 8 190.0
2009 9 188.0
2009 10 191.0
2009 11 228.0
2009 12 164.0
2010 1 150.0
2010 2 153.0
2010 3 233.0
2010 4 238.0
2010 5 222.0
2010 6 196.0
2010 7 200.0
2010 8 198.0
2010 9 221.0
2010 10 256.0
2010 11 240.0
2010 12 173.0
2011 1 111.0
2011 2 88.0
2011 3 225.0
2011 4 186.0
2011 5 185.0
2011 6 213.0
2011 7 159.0
2011 8 172.0
2011 9 146.0
2011 10 148.0
2011 11 203.0
2011 12 223.0
2012 1 112.0
2012 2 114.0
2012 3 192.0
2012 4 188.0
2012 5 206.0
2012 6 211.0
2012 7 220.0
2012 8 205.0
2012 9 178.0
2012 10 261.0
2012 11 190.0
2012 12 253.0
2013 1 156.0
2013 2 128.0
2013 3 210.0
2013 4 291.0
2013 5 395.0
2013 6 213.0
2013 7 245.0
2013 8 223.0
2013 9 217.0
2013 10 262.0
2013 11 216.0
2013 12 248.0
2014 1 194.0
2014 2 155.0
2014 3 162.0
2014 4 221.0
2014 5 212.0
2014 6 255.0
2014 7 227.0
2014 8 256.0
2014 9 206.0
2014 10 197.0
2014 11 172.0
2014 12 196.0
2015 1 116.0
2015 2 84.0
2015 3 196.0
2015 4 212.0
2015 5 239.0
2015 6 256.0
2015 7 259.0
2015 8 251.0
2015 9 225.0
2015 10 219.0
2015 11 191.0
2015 12 204.0
2016 1 109.0
2016 2 114.0
2016 3 264.0
2016 4 228.0
2016 5 171.0
2016 6 255.0
2016 7 232.0
2016 8 237.0
2016 9 201.0
2016 10 270.0
2016 11 183.0
2016 12 178.0
2017 1 188.0
2017 2 118.0
2017 3 218.0
2017 4 195.0
2017 5 257.0
2017 6 236.0
2017 7 272.0
2017 8 354.0
2017 9 212.0
2017 10 220.0
2017 11 211.0
2017 12 145.0
2018 1 154.0
2018 2 133.0
2018 3 183.0
2018 4 191.0
2018 5 232.0
2018 6 313.0
2018 7 300.0
2018 8 221.0
2018 9 198.0
2018 10 302.0
2018 11 266.0
2018 12 293.0
2019 1 202.0
2019 2 168.0
2019 3 242.0
2019 4 284.0
2019 5 264.0
2019 6 169.0
2019 7 236.0
2019 8 253.0
2019 9 189.0
2019 10 196.0
2019 11 253.0
2019 12 133.0
2020 1 178.0
2020 2 208.0
2020 3 223.0
2020 4 325.0
2020 5 206.0
2020 6 252.0
2020 7 250.0
2020 8 197.0
2020 9 428.0
2020 10 243.0
2020 11 279.0
2020 12 253.0
2021 1 195.0
2021 2 183.0
2021 3 335.0
2021 4 399.0
2021 5 275.0
2021 6 280.0
2021 7 214.0
2021 8 221.0
2021 9 202.0
2021 10 214.0
2021 11 311.0
2021 12 337.0
2022 1 223.0
2022 2 221.0
2022 3 244.0
2022 4 222.0
2022 5 223.0
2022 6 223.0
2022 7 193.0
2022 8 212.0
2022 9 257.0
2022 10 160.0
2022 11 167.0
2022 12 150.0
2023 1 150.0
2023 2 118.0
2023 3 176.0
2023 4 171.0
2023 5 192.0
2023 6 169.0
2023 7 153.0
2023 8 188.0
2023 9 167.0
2023 10 176.0
2023 11 161.0
2023 12 139.0
2024 1 150.0
2024 2 147.0
2024 3 157.0
2024 4 197.0
2024 5 200.0
2024 6 171.0
2024 7 187.0
2024 8 229.0
