1960 5 43.0
1960 6 46.0
1960 7 43.0
1960 8 64.0
1960 9 84.0
1960 10 39.0
1960 11 55.0
1960 12 41.0
1961 1 30.0
1961 2 24.0
1961 3 49.0
1961 4 74.0
1961 5 48.0
1961 6 56.0
1961 7 38.0
1961 8 73.0
1961 9 38.0
1961 10 65.0
1961 11 56.0
1961 12 30.0
1962 1 48.0
1962 2 74.0
1962 3 80.0
1962 4 125.0
1962 5 85.0
1962 6 155.0
1962 7 78.0
1962 8 66.0
1962 9 51.0
1962 10 201.0
1962 11 114.0
1962 12 49.0
1963 1 33.0
1963 2 23.0
1963 3 67.0
1963 4 84.0
1963 5 114.0
1963 6 84.0
1963 7 86.0
1963 8 154.0
1963 9 73.0
1963 10 74.0
1963 11 84.0
1963 12 41.0
1964 1 58.0
1964 2 18.0
1964 3 461.0
1964 4 170.0
1964 5 136.0
1964 6 112.0
1964 7 130.0
1964 8 90.0
1964 9 131.0
1964 10 174.0
1964 11 94.0
1964 12 65.0
1965 1 26.0
1965 2 67.0
1965 3 102.0
1965 4 135.0
1965 5 70.0
1965 6 134.0
1965 7 151.0
1965 8 85.0
1965 9 83.0
1965 10 96.0
1965 11 87.0
1965 12 118.0
1966 1 50.0
1966 2 46.0
1966 3 123.0
1966 4 79.0
1966 5 112.0
1966 6 138.0
1966 7 90.0
1966 8 113.0
1966 9 64.0
1966 10 43.0
1966 11 77.0
1966 12 43.0
1967 1 79.0
1967 2 38.0
1967 3 58.0
1967 4 104.0
1967 5 104.0
1967 6 57.0
1967 7 37.0
1967 8 128.0
1967 9 66.0
1967 10 175.0
1967 11 52.0
1967 12 70.0
1968 1 28.0
1968 2 22.0
1968 3 55.0
1968 4 78.0
1968 5 105.0
1968 6 191.0
1968 7 60.0
1968 8 118.0
1968 9 114.0
1968 10 305.0
1968 11 306.0
1968 12 241.0
1969 1 43.0
1969 2 28.0
1969 3 76.0
1969 4 69.0
1969 5 94.0
1969 6 194.0
1969 7 47.0
1969 8 50.0
1969 9 51.0
1969 10 386.0
1969 11 99.0
1969 12 129.0
1970 1 32.0
1970 2 171.0
1970 3 136.0
1970 4 66.0
1970 5 242.0
1970 6 250.0
1970 7 158.0
1970 8 94.0
1970 9 123.0
1970 10 219.0
1970 11 171.0
1970 12 90.0
1971 1 52.0
1971 2 43.0
1971 3 107.0
1971 4 137.0
1971 5 156.0
1971 6 213.0
1971 7 181.0
1971 8 173.0
1971 9 93.0
1971 10 309.0
1971 11 103.0
1971 12 81.0
1972 1 113.0
1972 2 63.0
1972 3 79.0
1972 4 153.0
1972 5 279.0
1972 6 111.0
1972 7 112.0
1972 8 132.0
1972 9 155.0
1972 10 286.0
1972 11 145.0
1972 12 79.0
1973 1 152.0
1973 2 113.0
1973 3 129.0
1973 4 117.0
1973 5 129.0
1973 6 110.0
1973 7 103.0
1973 8 206.0
1973 9 217.0
1973 10 141.0
1973 11 72.0
1973 12 99.0
1974 1 44.0
1974 2 90.0
1974 3 57.0
1974 4 160.0
1974 5 115.0
1974 6 70.0
1974 7 198.0
1974 8 110.0
1974 9 37.0
1974 10 51.0
1974 11 62.0
1974 12 24.0
1975 1 136.0
1975 2 16.0
1975 3 47.0
1975 4 73.0
1975 5 49.0
1975 6 61.0
1975 7 71.0
1975 8 39.0
1975 9 97.0
1975 10 101.0
1975 11 64.0
1975 12 54.0
1976 1 50.0
1976 2 48.0
1976 3 63.0
1976 4 80.0
1976 5 87.0
1976 6 125.0
1976 7 100.0
1976 8 115.0
1976 9 115.0
1976 10 61.0
1976 11 44.0
1976 12 36.0
1977 1 19.0
1977 2 158.0
1977 3 36.0
1977 4 77.0
1977 5 75.0
1977 6 110.0
1977 7 51.0
1977 8 75.0
1977 9 40.0
1977 10 44.0
1977 11 35.0
1977 12 47.0
1978 1 15.0
1978 2 6.0
1978 3 44.0
1978 4 125.0
1978 5 67.0
1978 6 65.0
1978 7 111.0
1978 8 54.0
1978 9 31.0
1978 10 32.0
1978 11 40.0
1978 12 50.0
1979 1 12.0
1979 2 11.0
1979 3 28.0
1979 4 55.0
1979 5 42.0
1979 6 73.0
1979 7 46.0
1979 8 86.0
1979 9 52.0
1979 10 56.0
1979 11 67.0
1979 12 202.0
1980 1 64.0
1980 2 66.0
1980 3 29.0
1980 4 33.0
1980 5 51.0
1980 6 44.0
1980 7 44.0
1980 8 59.0
1980 9 72.0
1980 10 77.0
1980 11 33.0
1980 12 58.0
1981 1 92.0
1981 2 31.0
1981 3 73.0
1981 4 56.0
1981 5 34.0
1981 6 53.0
1981 7 54.0
1981 8 67.0
1981 9 45.0
1981 10 79.0
1981 11 36.0
1981 12 89.0
1982 1 8.0
1982 2 34.0
1982 3 67.0
1982 4 48.0
1982 5 55.0
1982 6 19.0
1982 7 29.0
1982 8 66.0
1982 9 18.0
1982 10 51.0
1982 11 101.0
1982 12 32.0
1983 1 31.0
1983 2 27.0
1983 3 37.0
1983 4 49.0
1983 5 83.0
1983 6 68.0
1983 7 55.0
1983 8 72.0
1983 9 76.0
1983 10 62.0
1983 11 50.0
1983 12 29.0
1984 1 24.0
1984 2 60.0
1984 3 88.0
1984 4 89.0
1984 5 98.0
1984 6 54.0
1984 7 100.0
1984 8 87.0
1984 9 66.0
1984 10 144.0
1984 11 125.0
1984 12 46.0
1985 1 66.0
1985 2 41.0
1985 3 174.0
1985 4 70.0
1985 5 79.0
1985 6 175.0
1985 7 62.0
1985 8 139.0
1985 9 70.0
1985 10 122.0
1985 11 105.0
1985 12 64.0
1986 1 147.0
1986 2 53.0
1986 3 111.0
1986 4 113.0
1986 5 194.0
1986 6 221.0
1986 7 117.0
1986 8 62.0
1986 9 171.0
1986 10 168.0
1986 11 176.0
1986 12 135.0
1987 1 47.0
1987 2 49.0
1987 3 113.0
1987 4 161.0
1987 5 145.0
1987 6 147.0
1987 7 180.0
1987 8 103.0
1987 9 92.0
1987 10 136.0
1987 11 93.0
1987 12 52.0
1988 1 51.0
1988 2 83.0
1988 3 143.0
1988 4 100.0
1988 5 72.0
1988 6 93.0
1988 7 54.0
1988 8 117.0
1988 9 81.0
1988 10 48.0
1988 11 76.0
1988 12 44.0
1989 1 34.0
1989 2 54.0
1989 3 69.0
1989 4 43.0
1989 5 70.0
1989 6 64.0
1989 7 94.0
1989 8 114.0
1989 9 43.0
1989 10 33.0
1989 11 48.0
1989 12 61.0
1990 1 71.0
1990 2 18.0
1990 3 29.0
1990 4 19.0
1990 5 35.0
1990 6 37.0
1990 7 30.0
1990 8 63.0
1990 9 43.0
1990 10 37.0
1990 11 14.0
1990 12 30.0
1991 1 7.0
1991 2 11.0
1991 3 10.0
1991 4 30.0
1991 5 25.0
1991 6 63.0
1991 7 25.0
1991 8 23.0
1991 9 14.0
1991 10 12.0
1991 11 18.0
1991 12 17.0
1992 1 12.0
1992 2 16.0
1992 3 16.0
1992 4 25.0
1992 5 20.0
1992 6 20.0
1992 7 12.0
1992 8 8.0
1992 9 16.0
1992 10 6.0
1992 11 17.0
1992 12 100.0
1993 1 6.0
1993 2 14.0
1993 3 14.0
1993 4 4.0
1993 5 2.0
1993 6 14.0
1993 7 10.0
1993 8 33.0
1993 9 13.0
1993 10 8.0
1993 11 24.0
1993 12 4.0
1994 1 2.0
1994 2 25.0
1994 3 8.0
1994 4 17.0
1994 5 24.0
1994 6 16.0
1994 7 10.0
1994 8 15.0
1994 9 45.0
1994 10 40.0
1994 11 12.0
1994 12 12.0
1995 1 25.0
1995 2 10.0
1995 3 21.0
1995 4 17.0
1995 5 13.0
1995 6 8.0
1995 7 5.0
1995 8 19.0
1995 9 8.0
1995 10 10.0
1995 11 10.0
1995 12 15.0
1996 1 2.0
1996 2 6.0
1996 3 18.0
1996 4 22.0
1996 5 18.0
1996 6 26.0
1996 7 56.0
1996 8 23.0
1996 9 27.0
1996 10 9.0
1996 11 22.0
1996 12 10.0
1997 1 2.0
1997 2 8.0
1997 3 41.0
1997 4 32.0
1997 5 36.0
1997 6 11.0
1997 7 24.0
1997 8 32.0
1997 9 14.0
1997 10 41.0
1997 11 23.0
1997 12 7.0
1998 1 26.0
1998 2 20.0
1998 3 24.0
1998 4 15.0
1998 5 58.0
1998 6 48.0
1998 7 31.0
1998 8 30.0
1998 9 22.0
1998 10 14.0
1998 11 19.0
1998 12 16.0
1999 1 4.0
1999 2 10.0
1999 3 22.0
1999 4 13.0
1999 5 12.0
1999 6 4.0
1999 7 24.0
1999 8 6.0
1999 9 19.0
1999 10 19.0
1999 11 30.0
1999 12 2.0
2000 1 9.0
2000 2 6.0
2000 3 19.0
2000 4 17.0
2000 5 12.0
2000 6 23.0
2000 7 12.0
2000 8 20.0
2000 9 10.0
2000 10 11.0
2000 11 10.0
2000 12 5.0
2001 1 5.0
2001 2 9.0
2001 3 26.0
2001 4 18.0
2001 5 30.0
2001 6 34.0
2001 7 33.0
2001 8 52.0
2001 9 4.0
2001 10 38.0
2001 11 12.0
2001 12 2.0
2002 1 32.0
2002 2 12.0
2002 3 17.0
2002 4 36.0
2002 5 27.0
2002 6 15.0
2002 7 10.0
2002 8 27.0
2002 9 30.0
2002 10 32.0
2002 11 38.0
2002 12 21.0
2003 1 16.0
2003 2 39.0
2003 3 20.0
2003 4 22.0
2003 5 40.0
2003 6 18.0
2003 7 33.0
2003 8 40.0
2003 9 34.0
2003 10 36.0
2003 11 22.0
2003 12 28.0
2004 1 34.0
2004 2 24.0
2004 3 11.0
2004 4 35.0
2004 5 30.0
2004 6 19.0
2004 7 94.0
2004 8 63.0
2004 9 29.0
2004 10 19.0
2004 11 33.0
2004 12 16.0
2005 1 20.0
2005 2 10.0
2005 3 8.0
2005 4 25.0
2005 5 32.0
2005 6 25.0
2005 7 42.0
2005 8 42.0
2005 9 39.0
2005 10 34.0
2005 11 33.0
2005 12 24.0
2006 1 8.0
2006 2 18.0
2006 3 19.0
2006 4 27.0
2006 5 20.0
2006 6 39.0
2006 7 51.0
2006 8 34.0
2006 9 70.0
2006 10 32.0
2006 11 31.0
2006 12 34.0
2007 1 14.0
2007 2 19.0
2007 3 14.0
2007 4 33.0
2007 5 32.0
2007 6 14.0
2007 7 24.0
2007 8 42.0
2007 9 15.0
2007 10 8.0
2007 11 32.0
2007 12 20.0
2008 1 10.0
2008 2 20.0
2008 3 8.0
2008 4 25.0
2008 5 15.0
2008 6 14.0
2008 7 15.0
2008 8 11.0
2008 9 8.0
2008 10 36.0
2008 11 2.0
2008 12 13.0
2009 1 5.0
2009 2 11.0
2009 3 13.0
2009 4 4.0
2009 5 18.0
2009 6 7.0
2009 7 12.0
2009 8 12.0
2009 9 19.0
2009 10 16.0
2009 11 6.0
2009 12 5.0
2010 1 2.0
2010 2 10.0
2010 3 6.0
2010 4 18.0
2010 5 14.0
2010 6 9.0
2010 7 9.0
2010 8 8.0
2010 9 49.0
2010 10 14.0
2010 11 6.0
2010 12 14.0
2011 1 4.0
2011 2 6.0
2011 3 24.0
2011 4 6.0
2011 5 9.0
2011 6 12.0
2011 7 2.0
2011 8 16.0
2011 9 107.0
2011 10 4.0
2011 11 26.0
2011 12 4.0
2012 1 8.0
2012 2 4.0
2012 3 36.0
2012 4 6.0
2012 5 30.0
2012 6 18.0
2012 7 12.0
2012 8 11.0
2012 9 8.0
2012 10 6.0
2012 11 2.0
2012 12 5.0
2013 1 14.0
2013 2 6.0
2013 3 20.0
2013 4 8.0
2013 5 4.0
2013 6 2.0
2013 7 16.0
2013 8 40.0
2013 9 19.0
2013 10 35.0
2013 11 9.0
2013 12 12.0
2014 1 6.0
2014 2 2.0
2014 3 8.0
2014 4 10.0
2014 5 70.0
2014 6 26.0
2014 7 8.0
2014 8 4.0
2014 9 10.0
2014 10 36.0
2014 11 12.0
2014 12 32.0
2015 1 9.0
2015 2 11.0
2015 3 13.0
2015 4 16.0
2015 5 18.0
2015 6 17.0
2015 7 12.0
2015 8 9.0
2015 9 26.0
2015 10 21.0
2015 11 38.0
2015 12 24.0
2016 1 3.0
2016 2 7.0
2016 3 2.0
2016 4 6.0
2016 5 15.0
2016 6 39.0
2016 7 4.0
2016 8 35.0
2016 9 58.0
2016 10 67.0
2016 11 15.0
2016 12 16.0
2017 1 12.0
2017 2 8.0
2017 3 18.0
2017 4 16.0
2017 5 10.0
2017 6 8.0
2017 7 9.0
2017 8 10.0
2017 9 18.0
2017 10 17.0
2017 11 27.0
2017 12 11.0
2018 1 10.0
2018 2 21.0
2018 3 8.0
2018 4 9.0
2018 5 20.0
2018 6 10.0
2018 7 4.0
2018 8 14.0
2018 9 2.0
2018 10 18.0
2018 11 10.0
2018 12 4.0
2019 1 11.0
2019 2 17.0
2019 3 2.0
2019 4 4.0
2019 5 6.0
2019 6 82.0
2019 7 19.0
2019 8 15.0
2019 9 60.0
2019 10 10.0
2019 11 18.0
2019 12 20.0
2020 1 22.0
2020 2 15.0
2020 3 14.0
2020 4 6.0
2020 5 12.0
2020 6 28.0
2020 7 8.0
2020 8 10.0
2020 9 10.0
2020 10 31.0
2020 11 16.0
2020 12 6.0
2021 1 2.0
2021 2 2.0
2021 3 4.0
2021 4 18.0
2021 5 4.0
2021 6 20.0
2021 7 6.0
2021 8 4.0
2021 9 14.0
2021 10 28.0
2021 11 30.0
2021 12 14.0
2022 1 8.0
2022 2 15.0
2022 3 12.0
2022 4 19.0
2022 5 11.0
2022 6 9.0
2022 7 9.0
2022 8 17.0
2022 9 6.0
2022 10 14.0
2022 11 40.0
2022 12 10.0
2023 1 11.0
2023 2 17.0
2023 3 11.0
2023 4 16.0
2023 5 14.0
2023 6 18.0
2023 7 20.0
2023 8 22.0
2023 9 20.0
2023 10 4.0
2023 11 50.0
2023 12 10.0
2024 1 12.0
2024 2 26.0
2024 3 12.0
2024 4 22.0
2024 5 35.0
2024 6 27.0
2024 7 28.0
2024 8 20.0
