1960 5 186.0
1960 6 161.0
1960 7 170.0
1960 8 179.0
1960 9 121.0
1960 10 30.0
1960 11 76.0
1960 12 122.0
1961 1 144.5
1961 2 167.0
1961 3 306.0
1961 4 312.0
1961 5 87.0
1961 6 163.0
1961 7 108.0
1961 8 593.0
1961 9 393.0
1961 10 124.0
1961 11 138.0
1961 12 28.0
1962 1 159.0
1962 2 56.0
1962 3 237.0
1962 4 84.0
1962 5 592.0
1962 6 434.0
1962 7 228.0
1962 8 279.0
1962 9 336.0
1962 10 315.0
1962 11 309.0
1962 12 575.0
1963 1 90.0
1963 2 59.0
1963 3 151.0
1963 4 433.0
1963 5 215.0
1963 6 329.0
1963 7 727.0
1963 8 718.0
1963 9 383.0
1963 10 549.0
1963 11 322.0
1963 12 220.0
1964 1 539.0
1964 2 571.0
1964 3 268.0
1964 4 1207.0
1964 5 542.0
1964 6 871.0
1964 7 615.0
1964 8 487.0
1964 9 456.0
1964 10 741.0
1964 11 765.0
1964 12 556.0
1965 1 331.0
1965 2 459.0
1965 3 467.0
1965 4 658.0
1965 5 741.0
1965 6 1316.0
1965 7 307.0
1965 8 930.0
1965 9 747.0
1965 10 1001.0
1965 11 406.0
1965 12 539.0
1966 1 687.0
1966 2 426.0
1966 3 701.0
1966 4 824.0
1966 5 757.0
1966 6 524.0
1966 7 568.0
1966 8 86.0
1966 9 849.0
1966 10 656.0
1966 11 346.0
1966 12 424.0
1967 1 412.0
1967 2 422.0
1967 3 301.0
1967 4 496.0
1967 5 743.0
1967 6 601.0
1967 7 904.0
1967 8 508.0
1967 9 672.0
1967 10 618.0
1967 11 915.0
1967 12 464.0
1968 1 441.0
1968 2 949.0
1968 3 867.0
1968 4 619.0
1968 5 817.0
1968 6 1458.0
1968 7 1003.0
1968 8 701.0
1968 9 878.0
1968 10 1336.0
1968 11 596.0
1968 12 649.0
1969 1 646.0
1969 2 1428.0
1969 3 1202.0
1969 4 1746.0
1969 5 814.0
1969 6 1189.0
1969 7 968.0
1969 8 937.0
1969 9 735.0
1969 10 1162.0
1969 11 634.0
1969 12 1073.0
1970 1 90.0
1970 2 669.0
1970 3 366.0
1970 4 1706.0
1970 5 1515.0
1970 6 1734.0
1970 7 768.0
1970 8 556.0
1970 9 516.0
1970 10 2077.0
1970 11 819.0
1970 12 818.0
1971 1 433.0
1971 2 214.0
1971 3 743.0
1971 4 765.0
1971 5 1153.0
1971 6 738.0
1971 7 763.0
1971 8 2187.0
1971 9 1320.0
1971 10 907.0
1971 11 486.0
1971 12 2438.0
1972 1 661.0
1972 2 591.0
1972 3 551.0
1972 4 1404.0
1972 5 1004.0
1972 6 825.0
1972 7 400.0
1972 8 1414.0
1972 9 910.0
1972 10 919.0
1972 11 1068.0
1972 12 1021.0
1973 1 951.0
1973 2 434.0
1973 3 531.0
1973 4 410.0
1973 5 504.0
1973 6 701.0
1973 7 448.0
1973 8 765.0
1973 9 1668.0
1973 10 638.0
1973 11 759.0
1973 12 751.0
1974 1 244.0
1974 2 429.0
1974 3 281.0
1974 4 519.0
1974 5 340.0
1974 6 915.0
1974 7 415.0
1974 8 243.0
1974 9 124.0
1974 10 381.0
1974 11 93.0
1974 12 204.0
1975 1 61.0
1975 2 230.0
1975 3 166.0
1975 4 121.0
1975 5 265.0
1975 6 348.0
1975 7 568.0
1975 8 127.0
1975 9 313.0
1975 10 186.0
1975 11 158.0
1975 12 120.0
1976 1 131.0
1976 2 88.0
1976 3 125.0
1976 4 127.0
1976 5 373.0
1976 6 297.0
1976 7 154.0
1976 8 219.0
1976 9 124.0
1976 10 336.0
1976 11 444.0
1976 12 630.0
1977 1 359.0
1977 2 129.0
1977 3 104.0
1977 4 381.0
1977 5 264.0
1977 6 525.0
1977 7 181.0
1977 8 323.0
1977 9 348.0
1977 10 488.0
1977 11 52.0
1977 12 228.0
1978 1 146.0
1978 2 20.0
1978 3 402.0
1978 4 427.0
1978 5 133.0
1978 6 483.0
1978 7 139.0
1978 8 733.0
1978 9 169.0
1978 10 377.0
1978 11 371.0
1978 12 134.0
1979 1 502.0
1979 2 190.0
1979 3 332.0
1979 4 254.0
1979 5 185.0
1979 6 527.0
1979 7 464.0
1979 8 375.0
1979 9 237.0
1979 10 669.0
1979 11 256.0
1979 12 566.0
1980 1 114.0
1980 2 162.0
1980 3 51.0
1980 4 120.0
1980 5 306.0
1980 6 506.0
1980 7 332.0
1980 8 192.0
1980 9 419.0
1980 10 408.0
1980 11 177.0
1980 12 114.0
1981 1 96.0
1981 2 270.0
1981 3 107.0
1981 4 400.0
1981 5 138.0
1981 6 49.0
1981 7 458.0
1981 8 637.0
1981 9 305.0
1981 10 184.0
1981 11 311.0
1981 12 56.0
1982 1 48.0
1982 2 76.0
1982 3 398.0
1982 4 151.0
1982 5 573.0
1982 6 142.0
1982 7 63.0
1982 8 232.0
1982 9 645.0
1982 10 341.0
1982 11 279.0
1982 12 349.0
1983 1 274.0
1983 2 405.0
1983 3 362.0
1983 4 203.0
1983 5 281.0
1983 6 401.0
1983 7 329.0
1983 8 100.0
1983 9 396.0
1983 10 281.0
1983 11 241.0
1983 12 134.0
1984 1 219.0
1984 2 202.0
1984 3 453.0
1984 4 500.0
1984 5 221.0
1984 6 261.0
1984 7 240.0
1984 8 299.0
1984 9 99.0
1984 10 366.0
1984 11 312.0
1984 12 591.0
1985 1 373.0
1985 2 337.0
1985 3 316.0
1985 4 420.0
1985 5 928.0
1985 6 887.0
1985 7 632.0
1985 8 544.0
1985 9 691.0
1985 10 667.0
1985 11 451.0
1985 12 783.0
1986 1 162.0
1986 2 560.0
1986 3 527.0
1986 4 305.0
1986 5 372.0
1986 6 778.0
1986 7 403.0
1986 8 298.0
1986 9 602.0
1986 10 268.0
1986 11 223.0
1986 12 649.0
1987 1 363.0
1987 2 237.0
1987 3 576.0
1987 4 1097.0
1987 5 797.0
1987 6 366.0
1987 7 564.0
1987 8 418.0
1987 9 649.0
1987 10 280.0
1987 11 551.0
1987 12 528.0
1988 1 335.0
1988 2 316.0
1988 3 543.0
1988 4 506.0
1988 5 434.0
1988 6 406.0
1988 7 399.0
1988 8 144.0
1988 9 636.0
1988 10 686.0
1988 11 247.0
1988 12 294.0
1989 1 221.0
1989 2 25.0
1989 3 109.0
1989 4 114.0
1989 5 120.0
1989 6 220.0
1989 7 284.0
1989 8 386.0
1989 9 238.0
1989 10 344.0
1989 11 118.0
1989 12 258.0
1990 1 495.0
1990 2 21.0
1990 3 50.0
1990 4 108.0
1990 5 321.0
1990 6 70.0
1990 7 113.0
1990 8 86.0
1990 9 134.0
1990 10 211.0
1990 11 109.0
1990 12 85.0
1991 1 14.0
1991 2 49.0
1991 3 77.0
1991 4 53.0
1991 5 125.0
1991 6 122.0
1991 7 129.0
1991 8 5.0
1991 9 25.0
1991 10 493.0
1991 11 343.0
1991 12 98.0
1992 1 148.0
1992 2 16.0
1992 3 119.0
1992 4 41.0
1992 5 24.5
1992 6 8.0
1992 7 56.0
1992 8 40.0
1992 9 5.0
1992 10 55.0
1992 11 56.0
1992 12 27.0
1993 1 156.5
1993 2 286.0
1993 3 15.0
1993 4 5.0
1993 5 5.0
1993 6 353.0
1993 7 14.0
1993 8 5.0
1993 9 14.0
1993 10 367.0
1993 11 21.0
1993 12 134.0
1994 1 95.66666666666666
1994 2 57.33333333333333
1994 3 19.0
1994 4 28.0
1994 5 47.0
1994 6 242.0
1994 7 353.0
1994 8 93.0
1994 9 72.0
1994 10 29.0
1994 11 96.0
1994 12 107.0
1995 1 29.0
1995 2 5.0
1995 3 25.0
1995 4 418.0
1995 5 10.0
1995 6 10.0
1995 7 22.0
1995 8 123.0
1995 9 50.0
1995 10 38.0
1995 11 7.0
1995 12 5.0
1996 1 11.0
1996 2 17.0
1996 3 60.0
1996 4 63.0
1996 5 116.0
1996 6 38.0
1996 7 18.0
1996 8 19.0
1996 9 90.0
1996 10 53.0
1996 11 137.0
1996 12 199.0
1997 1 119.0
1997 2 39.0
1997 3 217.0
1997 4 246.0
1997 5 52.0
1997 6 135.0
1997 7 118.0
1997 8 625.0
1997 9 26.0
1997 10 56.0
1997 11 150.0
1997 12 43.0
1998 1 688.0
1998 2 116.0
1998 3 12.0
1998 4 74.0
1998 5 188.0
1998 6 235.0
1998 7 457.0
1998 8 98.0
1998 9 95.0
1998 10 201.0
1998 11 54.0
1998 12 225.0
1999 1 146.0
1999 2 5.0
1999 3 253.0
1999 4 79.0
1999 5 31.0
1999 6 227.0
1999 7 119.0
1999 8 133.0
1999 9 71.0
1999 10 50.0
1999 11 239.0
1999 12 50.0
2000 1 377.0
2000 2 23.0
2000 3 57.0
2000 4 35.0
2000 5 40.0
2000 6 54.0
2000 7 184.0
2000 8 32.0
2000 9 64.0
2000 10 23.0
2000 11 133.0
2000 12 19.0
2001 1 358.0
2001 2 297.0
2001 3 5.0
2001 4 45.0
2001 5 16.0
2001 6 34.0
2001 7 43.0
2001 8 121.0
2001 9 25.0
2001 10 36.0
2001 11 67.0
2001 12 15.0
2002 1 50.0
2002 2 89.0
2002 3 10.0
2002 4 208.0
2002 5 76.0
2002 6 37.0
2002 7 87.0
2002 8 62.0
2002 9 68.0
2002 10 63.0
2002 11 17.0
2002 12 28.0
2003 1 203.0
2003 2 21.0
2003 3 29.0
2003 4 49.0
2003 5 98.0
2003 6 296.0
2003 7 80.0
2003 8 94.0
2003 9 158.0
2003 10 550.0
2003 11 134.0
2003 12 122.0
2004 1 222.0
2004 2 90.0
2004 3 156.0
2004 4 163.0
2004 5 129.0
2004 6 328.0
2004 7 116.0
2004 8 112.0
2004 9 252.0
2004 10 124.0
2004 11 423.0
2004 12 248.0
2005 1 188.0
2005 2 77.0
2005 3 233.0
2005 4 195.0
2005 5 103.0
2005 6 230.0
2005 7 129.0
2005 8 142.0
2005 9 275.0
2005 10 203.0
2005 11 477.0
2005 12 453.0
2006 1 90.0
2006 2 244.0
2006 3 279.0
2006 4 113.0
2006 5 214.0
2006 6 173.0
2006 7 79.0
2006 8 66.0
2006 9 172.0
2006 10 153.0
2006 11 80.0
2006 12 213.0
2007 1 145.0
2007 2 100.0
2007 3 137.0
2007 4 240.0
2007 5 245.0
2007 6 202.0
2007 7 206.0
2007 8 150.0
2007 9 85.0
2007 10 106.0
2007 11 138.0
2007 12 106.0
2008 1 220.0
2008 2 39.0
2008 3 110.0
2008 4 81.0
2008 5 227.0
2008 6 489.0
2008 7 109.0
2008 8 43.0
2008 9 136.0
2008 10 197.0
2008 11 414.0
2008 12 22.0
2009 1 6.0
2009 2 123.0
2009 3 93.0
2009 4 179.0
2009 5 10.0
2009 6 175.0
2009 7 244.0
2009 8 33.0
2009 9 20.0
2009 10 156.0
2009 11 18.0
2009 12 100.0
2010 1 13.0
2010 2 25.0
2010 3 38.0
2010 4 90.0
2010 5 20.0
2010 6 42.0
2010 7 87.0
2010 8 33.0
2010 9 128.0
2010 10 23.0
2010 11 54.0
2010 12 28.0
2011 1 18.0
2011 2 20.0
2011 3 18.0
2011 4 42.0
2011 5 43.0
2011 6 193.0
2011 7 115.0
2011 8 62.0
2011 9 188.0
2011 10 35.0
2011 11 41.0
2011 12 26.0
2012 1 34.0
2012 2 292.0
2012 3 21.0
2012 4 55.0
2012 5 122.0
2012 6 563.0
2012 7 170.0
2012 8 395.0
2012 9 270.0
2012 10 325.0
2012 11 177.0
2012 12 311.0
2013 1 93.0
2013 2 119.0
2013 3 377.0
2013 4 65.0
2013 5 89.0
2013 6 183.0
2013 7 195.0
2013 8 639.0
2013 9 92.0
2013 10 247.0
2013 11 65.0
2013 12 71.0
2014 1 333.0
2014 2 23.0
2014 3 79.0
2014 4 105.0
2014 5 151.0
2014 6 1036.0
2014 7 92.0
2014 8 159.0
2014 9 247.0
2014 10 200.0
2014 11 66.0
2014 12 77.0
2015 1 139.0
2015 2 30.0
2015 3 283.0
2015 4 196.0
2015 5 519.0
2015 6 298.0
2015 7 425.0
2015 8 44.0
2015 9 261.0
2015 10 434.0
2015 11 304.0
2015 12 281.0
2016 1 42.0
2016 2 300.0
2016 3 310.0
2016 4 146.0
2016 5 182.0
2016 6 210.0
2016 7 49.0
2016 8 85.0
2016 9 372.0
2016 10 187.0
2016 11 47.0
2016 12 32.0
2017 1 129.0
2017 2 49.0
2017 3 162.0
2017 4 42.0
2017 5 135.0
2017 6 116.0
2017 7 149.0
2017 8 125.0
2017 9 204.0
2017 10 324.0
2017 11 131.0
2017 12 143.0
2018 1 178.0
2018 2 316.0
2018 3 130.0
2018 4 90.0
2018 5 131.0
2018 6 90.0
2018 7 190.0
2018 8 114.0
2018 9 69.0
2018 10 119.0
2018 11 78.0
2018 12 228.0
2019 1 65.0
2019 2 125.0
2019 3 247.0
2019 4 433.0
2019 5 71.0
2019 6 85.0
2019 7 180.0
2019 8 108.0
2019 9 229.0
2019 10 930.0
2019 11 290.0
2019 12 311.0
2020 1 78.0
2020 2 219.0
2020 3 406.0
2020 4 70.0
2020 5 443.0
2020 6 102.0
2020 7 243.0
2020 8 359.0
2020 9 382.0
2020 10 226.0
2020 11 151.0
2020 12 136.0
2021 1 44.0
2021 2 91.0
2021 3 225.0
2021 4 273.0
2021 5 50.0
2021 6 63.0
2021 7 74.0
2021 8 74.0
2021 9 164.0
2021 10 94.0
2021 11 104.0
2021 12 144.0
2022 1 223.0
2022 2 111.0
2022 3 95.0
2022 4 165.0
2022 5 108.0
2022 6 162.0
2022 7 541.0
2022 8 167.0
2022 9 121.0
2022 10 236.0
2022 11 285.0
2022 12 365.0
2023 1 521.0
2023 2 358.0
2023 3 355.0
2023 4 102.0
2023 5 342.0
2023 6 240.0
2023 7 129.0
2023 8 309.0
2023 9 136.0
2023 10 270.0
2023 11 57.0
2023 12 257.0
2024 1 91.0
2024 2 139.0
2024 3 128.0
2024 4 338.0
2024 5 171.0
2024 6 130.0
2024 7 252.0
2024 8 214.0
