1960 5 1550.0
1960 6 1516.0
1960 7 1187.0
1960 8 1291.0
1960 9 1250.0
1960 10 1127.0
1960 11 951.0
1960 12 761.0
1961 1 409.0
1961 2 517.0
1961 3 1226.0
1961 4 1405.0
1961 5 1377.0
1961 6 1476.0
1961 7 1271.0
1961 8 1861.0
1961 9 1403.0
1961 10 1194.0
1961 11 1187.0
1961 12 709.0
1962 1 662.0
1962 2 447.0
1962 3 1103.0
1962 4 1728.0
1962 5 1950.0
1962 6 1788.0
1962 7 1346.0
1962 8 1361.0
1962 9 1346.0
1962 10 1514.0
1962 11 1236.0
1962 12 1207.0
1963 1 535.0
1963 2 373.0
1963 3 945.0
1963 4 1920.0
1963 5 1576.0
1963 6 1593.0
1963 7 1977.0
1963 8 1866.0
1963 9 1557.0
1963 10 1769.0
1963 11 1277.0
1963 12 869.0
1964 1 958.0
1964 2 1097.0
1964 3 1691.0
1964 4 2678.0
1964 5 1992.0
1964 6 2371.0
1964 7 1934.0
1964 8 1705.0
1964 9 1676.0
1964 10 2093.0
1964 11 1827.0
1964 12 1520.0
1965 1 714.0
1965 2 885.0
1965 3 1695.0
1965 4 2084.0
1965 5 1982.0
1965 6 2704.0
1965 7 1550.0
1965 8 2116.0
1965 9 1902.0
1965 10 2187.0
1965 11 1498.0
1965 12 1403.0
1966 1 1222.0
1966 2 832.0
1966 3 1920.0
1966 4 2260.0
1966 5 2028.0
1966 6 1901.0
1966 7 1443.0
1966 8 1031.0
1966 9 1585.0
1966 10 1393.0
1966 11 1084.0
1966 12 931.0
1967 1 865.0
1967 2 795.0
1967 3 947.0
1967 4 1572.0
1967 5 2072.0
1967 6 1627.0
1967 7 1901.0
1967 8 1606.0
1967 9 1660.0
1967 10 1895.0
1967 11 1913.0
1967 12 1079.0
1968 1 774.0
1968 2 1348.0
1968 3 1782.0
1968 4 1803.0
1968 5 2244.0
1968 6 2797.0
1968 7 2215.0
1968 8 1951.0
1968 9 2092.0
1968 10 2943.0
1968 11 1828.0
1968 12 1569.0
1969 1 1119.0
1969 2 1857.0
1969 3 2056.0
1969 4 3056.0
1969 5 2182.0
1969 6 2459.0
1969 7 1988.0
1969 8 1789.0
1969 9 1621.0
1969 10 2471.0
1969 11 1366.0
1969 12 1809.0
1970 1 325.0
1970 2 1131.0
1970 3 1086.0
1970 4 2570.0
1970 5 2554.0
1970 6 2918.0
1970 7 1679.0
1970 8 1445.0
1970 9 1424.0
1970 10 3055.0
1970 11 1597.0
1970 12 1344.0
1971 1 664.0
1971 2 512.0
1971 3 1813.0
1971 4 2259.0
1971 5 2459.0
1971 6 2083.0
1971 7 1926.0
1971 8 3451.0
1971 9 2173.0
1971 10 2042.0
1971 11 1441.0
1971 12 3085.0
1972 1 1173.0
1972 2 1004.0
1972 3 1355.0
1972 4 2960.0
1972 5 2593.0
1972 6 2142.0
1972 7 1585.0
1972 8 2575.0
1972 9 2360.0
1972 10 2540.0
1972 11 2065.0
1972 12 1703.0
1973 1 1638.0
1973 2 988.0
1973 3 1814.0
1973 4 1788.0
1973 5 1986.0
1973 6 1982.0
1973 7 1613.0
1973 8 2092.0
1973 9 2737.0
1973 10 1592.0
1973 11 1596.0
1973 12 1287.0
1974 1 593.0
1974 2 893.0
1974 3 1223.0
1974 4 1661.0
1974 5 1553.0
1974 6 2026.0
1974 7 1493.0
1974 8 899.0
1974 9 623.0
1974 10 988.0
1974 11 615.0
1974 12 572.0
1975 1 449.0
1975 2 491.0
1975 3 729.0
1975 4 1083.0
1975 5 1165.0
1975 6 1330.0
1975 7 1462.0
1975 8 843.0
1975 9 1257.0
1975 10 1054.0
1975 11 870.0
1975 12 773.0
1976 1 445.0
1976 2 426.0
1976 3 1161.0
1976 4 1342.0
1976 5 1375.0
1976 6 1446.0
1976 7 1175.0
1976 8 1111.0
1976 9 1071.0
1976 10 1355.0
1976 11 1276.0
1976 12 1179.0
1977 1 591.0
1977 2 605.0
1977 3 1043.0
1977 4 1657.0
1977 5 1573.0
1977 6 1996.0
1977 7 1276.0
1977 8 1543.0
1977 9 1378.0
1977 10 1557.0
1977 11 953.0
1977 12 839.0
1978 1 468.0
1978 2 248.0
1978 3 1148.0
1978 4 1680.0
1978 5 1434.0
1978 6 1894.0
1978 7 1346.0
1978 8 1884.0
1978 9 1333.0
1978 10 1455.0
1978 11 1213.0
1978 12 765.0
1979 1 802.0
1979 2 475.0
1979 3 1198.0
1979 4 1358.0
1979 5 1312.0
1979 6 1619.0
1979 7 1458.0
1979 8 1411.0
1979 9 1075.0
1979 10 1542.0
1979 11 957.0
1979 12 1273.0
1980 1 452.0
1980 2 456.0
1980 3 389.0
1980 4 580.0
1980 5 802.0
1980 6 1149.0
1980 7 1034.0
1980 8 974.0
1980 9 1203.0
1980 10 1278.0
1980 11 841.0
1980 12 585.0
1981 1 389.0
1981 2 468.0
1981 3 705.0
1981 4 1150.0
1981 5 870.0
1981 6 737.0
1981 7 1089.0
1981 8 1157.0
1981 9 711.0
1981 10 653.0
1981 11 688.0
1981 12 436.0
1982 1 210.0
1982 2 318.0
1982 3 803.0
1982 4 742.0
1982 5 1226.0
1982 6 862.0
1982 7 626.0
1982 8 884.0
1982 9 1322.0
1982 10 1063.0
1982 11 1255.0
1982 12 937.0
1983 1 701.0
1983 2 824.0
1983 3 1253.0
1983 4 1155.0
1983 5 1514.0
1983 6 1642.0
1983 7 1584.0
1983 8 1425.0
1983 9 1644.0
1983 10 1409.0
1983 11 1504.0
1983 12 841.0
1984 1 722.0
1984 2 933.0
1984 3 1541.0
1984 4 1970.0
1984 5 1724.0
1984 6 1632.0
1984 7 1753.0
1984 8 1659.0
1984 9 1421.0
1984 10 1898.0
1984 11 1447.0
1984 12 1503.0
1985 1 1043.0
1985 2 954.0
1985 3 1696.0
1985 4 2259.0
1985 5 2789.0
1985 6 2701.0
1985 7 2203.0
1985 8 2107.0
1985 9 2436.0
1985 10 2393.0
1985 11 2260.0
1985 12 1872.0
1986 1 1227.0
1986 2 1248.0
1986 3 1977.0
1986 4 2568.0
1986 5 2647.0
1986 6 3167.0
1986 7 3047.0
1986 8 2278.0
1986 9 2525.0
1986 10 2715.0
1986 11 1611.0
1986 12 1784.0
1987 1 1232.0
1987 2 2002.0
1987 3 2247.0
1987 4 3398.0
1987 5 2606.0
1987 6 2527.0
1987 7 2338.0
1987 8 2067.0
1987 9 2379.0
1987 10 2028.0
1987 11 1918.0
1987 12 1733.0
1988 1 1051.0
1988 2 1081.0
1988 3 2070.0
1988 4 2056.0
1988 5 1823.0
1988 6 2229.0
1988 7 1849.0
1988 8 1692.0
1988 9 1598.0
1988 10 1512.0
1988 11 1241.0
1988 12 1135.0
1989 1 828.0
1989 2 584.0
1989 3 816.0
1989 4 940.0
1989 5 1111.0
1989 6 987.0
1989 7 1040.0
1989 8 1244.0
1989 9 903.0
1989 10 1270.0
1989 11 835.0
1989 12 737.0
1990 1 874.0
1990 2 363.0
1990 3 545.0
1990 4 632.0
1990 5 945.0
1990 6 640.0
1990 7 674.0
1990 8 647.0
1990 9 627.0
1990 10 782.0
1990 11 566.0
1990 12 415.0
1991 1 245.0
1991 2 261.0
1991 3 410.0
1991 4 702.0
1991 5 778.0
1991 6 754.0
1991 7 779.0
1991 8 632.0
1991 9 609.0
1991 10 1120.0
1991 11 817.0
1991 12 491.0
1992 1 502.0
1992 2 300.0
1992 3 697.0
1992 4 799.0
1992 5 747.0
1992 6 838.0
1992 7 834.0
1992 8 690.0
1992 9 668.0
1992 10 845.0
1992 11 788.0
1992 12 639.0
1993 1 367.0
1993 2 781.0
1993 3 537.0
1993 4 686.0
1993 5 789.0
1993 6 1134.0
1993 7 801.0
1993 8 904.0
1993 9 762.0
1993 10 1083.0
1993 11 781.0
1993 12 746.0
1994 1 349.0
1994 2 274.0
1994 3 579.0
1994 4 865.0
1994 5 947.0
1994 6 1108.0
1994 7 1175.0
1994 8 918.0
1994 9 884.0
1994 10 787.0
1994 11 803.0
1994 12 698.0
1995 1 466.0
1995 2 296.0
1995 3 631.0
1995 4 1091.0
1995 5 720.0
1995 6 684.0
1995 7 689.0
1995 8 986.0
1995 9 706.0
1995 10 772.0
1995 11 671.0
1995 12 610.0
1996 1 285.0
1996 2 400.0
1996 3 669.0
1996 4 838.0
1996 5 1107.0
1996 6 934.0
1996 7 816.0
1996 8 855.0
1996 9 842.0
1996 10 811.0
1996 11 745.0
1996 12 776.0
1997 1 435.0
1997 2 458.0
1997 3 945.0
1997 4 1069.0
1997 5 844.0
1997 6 932.0
1997 7 1093.0
1997 8 1332.0
1997 9 767.0
1997 10 934.0
1997 11 741.0
1997 12 702.0
1998 1 1205.0
1998 2 653.0
1998 3 840.0
1998 4 998.0
1998 5 1129.0
1998 6 1259.0
1998 7 1373.0
1998 8 969.0
1998 9 975.0
1998 10 1036.0
1998 11 841.0
1998 12 1066.0
1999 1 736.0
1999 2 516.0
1999 3 1086.0
1999 4 1166.0
1999 5 993.0
1999 6 1278.0
1999 7 932.0
1999 8 1059.0
1999 9 910.0
1999 10 713.0
1999 11 1006.0
1999 12 673.0
2000 1 785.0
2000 2 510.0
2000 3 921.0
2000 4 800.0
2000 5 818.0
2000 6 868.0
2000 7 871.0
2000 8 777.0
2000 9 741.0
2000 10 770.0
2000 11 894.0
2000 12 570.0
2001 1 846.0
2001 2 682.0
2001 3 537.0
2001 4 779.0
2001 5 775.0
2001 6 799.0
2001 7 869.0
2001 8 1103.0
2001 9 633.0
2001 10 824.0
2001 11 717.0
2001 12 725.0
2002 1 590.0
2002 2 563.0
2002 3 773.0
2002 4 1111.0
2002 5 890.0
2002 6 753.0
2002 7 1099.0
2002 8 774.0
2002 9 855.0
2002 10 921.0
2002 11 690.0
2002 12 689.0
2003 1 609.0
2003 2 423.0
2003 3 606.0
2003 4 830.0
2003 5 902.0
2003 6 1137.0
2003 7 945.0
2003 8 881.0
2003 9 893.0
2003 10 1473.0
2003 11 789.0
2003 12 744.0
2004 1 718.0
2004 2 532.0
2004 3 933.0
2004 4 1000.0
2004 5 875.0
2004 6 1253.0
2004 7 1116.0
2004 8 1078.0
2004 9 1113.0
2004 10 907.0
2004 11 1485.0
2004 12 899.0
2005 1 651.0
2005 2 547.0
2005 3 886.0
2005 4 907.0
2005 5 1107.0
2005 6 1192.0
2005 7 983.0
2005 8 1055.0
2005 9 1151.0
2005 10 841.0
2005 11 1147.0
2005 12 1010.0
2006 1 545.0
2006 2 674.0
2006 3 960.0
2006 4 781.0
2006 5 952.0
2006 6 943.0
2006 7 807.0
2006 8 718.0
2006 9 802.0
2006 10 812.0
2006 11 627.0
2006 12 640.0
2007 1 529.0
2007 2 372.0
2007 3 538.0
2007 4 779.0
2007 5 808.0
2007 6 742.0
2007 7 846.0
2007 8 682.0
2007 9 553.0
2007 10 582.0
2007 11 638.0
2007 12 396.0
2008 1 517.0
2008 2 260.0
2008 3 467.0
2008 4 381.0
2008 5 529.0
2008 6 767.0
2008 7 445.0
2008 8 333.0
2008 9 440.0
2008 10 481.0
2008 11 578.0
2008 12 171.0
2009 1 101.0
2009 2 209.0
2009 3 208.0
2009 4 339.0
2009 5 237.0
2009 6 421.0
2009 7 473.0
2009 8 235.0
2009 9 227.0
2009 10 363.0
2009 11 252.0
2009 12 269.0
2010 1 165.0
2010 2 188.0
2010 3 277.0
2010 4 346.0
2010 5 256.0
2010 6 247.0
2010 7 296.0
2010 8 239.0
2010 9 398.0
2010 10 293.0
2010 11 300.0
2010 12 215.0
2011 1 133.0
2011 2 114.0
2011 3 267.0
2011 4 234.0
2011 5 228.0
2011 6 418.0
2011 7 276.0
2011 8 250.0
2011 9 441.0
2011 10 187.0
2011 11 270.0
2011 12 253.0
2012 1 154.0
2012 2 410.0
2012 3 249.0
2012 4 249.0
2012 5 358.0
2012 6 792.0
2012 7 402.0
2012 8 611.0
2012 9 456.0
2012 10 592.0
2012 11 369.0
2012 12 569.0
2013 1 263.0
2013 2 253.0
2013 3 607.0
2013 4 364.0
2013 5 488.0
2013 6 398.0
2013 7 456.0
2013 8 902.0
2013 9 328.0
2013 10 544.0
2013 11 290.0
2013 12 331.0
2014 1 533.0
2014 2 180.0
2014 3 249.0
2014 4 336.0
2014 5 433.0
2014 6 1317.0
2014 7 327.0
2014 8 419.0
2014 9 463.0
2014 10 433.0
2014 11 250.0
2014 12 305.0
2015 1 264.0
2015 2 125.0
2015 3 492.0
2015 4 424.0
2015 5 776.0
2015 6 571.0
2015 7 696.0
2015 8 304.0
2015 9 512.0
2015 10 674.0
2015 11 533.0
2015 12 509.0
2016 1 154.0
2016 2 421.0
2016 3 576.0
2016 4 380.0
2016 5 368.0
2016 6 504.0
2016 7 285.0
2016 8 357.0
2016 9 631.0
2016 10 524.0
2016 11 245.0
2016 12 226.0
2017 1 317.0
2017 2 175.0
2017 3 398.0
2017 4 253.0
2017 5 402.0
2017 6 360.0
2017 7 430.0
2017 8 489.0
2017 9 434.0
2017 10 561.0
2017 11 369.0
2017 12 299.0
2018 1 342.0
2018 2 470.0
2018 3 321.0
2018 4 290.0
2018 5 383.0
2018 6 413.0
2018 7 494.0
2018 8 349.0
2018 9 269.0
2018 10 439.0
2018 11 354.0
2018 12 525.0
2019 1 278.0
2019 2 310.0
2019 3 491.0
2019 4 721.0
2019 5 341.0
2019 6 336.0
2019 7 435.0
2019 8 376.0
2019 9 478.0
2019 10 1136.0
2019 11 561.0
2019 12 444.0
2020 1 278.0
2020 2 442.0
2020 3 643.0
2020 4 401.0
2020 5 661.0
2020 6 382.0
2020 7 501.0
2020 8 566.0
2020 9 820.0
2020 10 500.0
2020 11 446.0
2020 12 395.0
2021 1 241.0
2021 2 276.0
2021 3 564.0
2021 4 690.0
2021 5 329.0
2021 6 363.0
2021 7 294.0
2021 8 299.0
2021 9 380.0
2021 10 336.0
2021 11 445.0
2021 12 495.0
2022 1 454.0
2022 2 347.0
2022 3 351.0
2022 4 406.0
2022 5 342.0
2022 6 394.0
2022 7 743.0
2022 8 396.0
2022 9 384.0
2022 10 410.0
2022 11 492.0
2022 12 525.0
2023 1 682.0
2023 2 493.0
2023 3 542.0
2023 4 289.0
2023 5 548.0
2023 6 427.0
2023 7 302.0
2023 8 519.0
2023 9 323.0
2023 10 450.0
2023 11 268.0
2023 12 406.0
2024 1 253.0
2024 2 312.0
2024 3 297.0
2024 4 557.0
2024 5 406.0
2024 6 328.0
2024 7 467.0
2024 8 463.0
