1960 5 204.0
1960 6 185.0
1960 7 149.0
1960 8 126.0
1960 9 254.0
1960 10 166.0
1960 11 145.0
1960 12 132.0
1961 1 75.0
1961 2 39.0
1961 3 115.0
1961 4 225.0
1961 5 156.0
1961 6 220.0
1961 7 250.0
1961 8 341.0
1961 9 187.0
1961 10 225.0
1961 11 187.0
1961 12 52.0
1962 1 84.0
1962 2 117.0
1962 3 210.0
1962 4 175.0
1962 5 197.0
1962 6 209.0
1962 7 176.0
1962 8 171.0
1962 9 147.0
1962 10 116.0
1962 11 76.0
1962 12 50.0
1963 1 54.0
1963 2 55.0
1963 3 93.0
1963 4 133.0
1963 5 137.0
1963 6 278.0
1963 7 309.0
1963 8 192.0
1963 9 229.0
1963 10 167.0
1963 11 123.0
1963 12 258.0
1964 1 56.0
1964 2 112.0
1964 3 173.0
1964 4 195.0
1964 5 192.0
1964 6 167.0
1964 7 267.0
1964 8 172.0
1964 9 240.0
1964 10 161.0
1964 11 117.0
1964 12 195.0
1965 1 161.0
1965 2 94.0
1965 3 196.0
1965 4 224.0
1965 5 308.0
1965 6 150.0
1965 7 234.0
1965 8 153.0
1965 9 221.0
1965 10 242.0
1965 11 154.0
1965 12 130.0
1966 1 147.0
1966 2 81.0
1966 3 242.0
1966 4 219.0
1966 5 178.0
1966 6 283.0
1966 7 155.0
1966 8 89.0
1966 9 115.0
1966 10 131.0
1966 11 83.0
1966 12 45.0
1967 1 26.0
1967 2 215.0
1967 3 150.0
1967 4 181.0
1967 5 195.0
1967 6 270.0
1967 7 133.0
1967 8 129.0
1967 9 234.0
1967 10 183.0
1967 11 146.0
1967 12 113.0
1968 1 64.0
1968 2 195.0
1968 3 191.0
1968 4 210.0
1968 5 274.0
1968 6 177.0
1968 7 364.0
1968 8 212.0
1968 9 193.0
1968 10 260.0
1968 11 208.0
1968 12 155.0
1969 1 166.0
1969 2 143.0
1969 3 218.0
1969 4 290.0
1969 5 205.0
1969 6 219.0
1969 7 231.0
1969 8 188.0
1969 9 270.0
1969 10 218.0
1969 11 141.0
1969 12 108.0
1970 1 65.0
1970 2 128.0
1970 3 205.0
1970 4 211.0
1970 5 177.0
1970 6 318.0
1970 7 225.0
1970 8 178.0
1970 9 201.0
1970 10 377.0
1970 11 162.0
1970 12 279.0
1971 1 430.0
1971 2 185.0
1971 3 300.0
1971 4 353.0
1971 5 366.0
1971 6 242.0
1971 7 294.0
1971 8 307.0
1971 9 196.0
1971 10 277.0
1971 11 348.0
1971 12 334.0
1972 1 199.0
1972 2 237.0
1972 3 395.0
1972 4 289.0
1972 5 257.0
1972 6 313.0
1972 7 315.0
1972 8 433.0
1972 9 354.0
1972 10 375.0
1972 11 261.0
1972 12 298.0
1973 1 235.0
1973 2 234.0
1973 3 482.0
1973 4 309.0
1973 5 400.0
1973 6 271.0
1973 7 260.0
1973 8 421.0
1973 9 437.0
1973 10 570.0
1973 11 181.0
1973 12 254.0
1974 1 135.0
1974 2 111.0
1974 3 149.0
1974 4 187.0
1974 5 218.0
1974 6 205.0
1974 7 246.0
1974 8 200.0
1974 9 179.0
1974 10 220.0
1974 11 105.0
1974 12 127.0
1975 1 128.0
1975 2 85.0
1975 3 126.0
1975 4 189.0
1975 5 144.0
1975 6 213.0
1975 7 164.0
1975 8 218.0
1975 9 221.0
1975 10 252.0
1975 11 217.0
1975 12 150.0
1976 1 94.0
1976 2 150.0
1976 3 248.0
1976 4 257.0
1976 5 270.0
1976 6 219.0
1976 7 196.0
1976 8 217.0
1976 9 204.0
1976 10 200.0
1976 11 172.0
1976 12 181.0
1977 1 153.0
1977 2 105.0
1977 3 289.0
1977 4 285.0
1977 5 280.0
1977 6 278.0
1977 7 236.0
1977 8 268.0
1977 9 197.0
1977 10 311.0
1977 11 214.0
1977 12 228.0
1978 1 203.0
1978 2 116.0
1978 3 171.0
1978 4 264.0
1978 5 352.0
1978 6 279.0
1978 7 272.0
1978 8 232.0
1978 9 220.0
1978 10 293.0
1978 11 279.0
1978 12 153.0
1979 1 123.0
1979 2 51.0
1979 3 167.0
1979 4 249.0
1979 5 287.0
1979 6 204.0
1979 7 240.0
1979 8 263.0
1979 9 181.0
1979 10 192.0
1979 11 205.0
1979 12 111.0
1980 1 119.0
1980 2 133.0
1980 3 167.0
1980 4 126.0
1980 5 186.0
1980 6 196.0
1980 7 365.0
1980 8 343.0
1980 9 184.0
1980 10 242.0
1980 11 143.0
1980 12 152.0
1981 1 109.0
1981 2 106.0
1981 3 177.0
1981 4 167.0
1981 5 184.0
1981 6 166.0
1981 7 259.0
1981 8 135.0
1981 9 96.0
1981 10 140.0
1981 11 151.0
1981 12 60.0
1982 1 60.0
1982 2 88.0
1982 3 190.0
1982 4 107.0
1982 5 131.0
1982 6 111.0
1982 7 107.0
1982 8 168.0
1982 9 172.0
1982 10 168.0
1982 11 130.0
1982 12 114.0
1983 1 137.0
1983 2 132.0
1983 3 164.0
1983 4 273.0
1983 5 183.0
1983 6 276.0
1983 7 263.0
1983 8 278.0
1983 9 141.0
1983 10 218.0
1983 11 203.0
1983 12 181.0
1984 1 129.0
1984 2 260.0
1984 3 260.0
1984 4 206.0
1984 5 359.0
1984 6 159.0
1984 7 218.0
1984 8 188.0
1984 9 271.0
1984 10 345.0
1984 11 256.0
1984 12 209.0
1985 1 218.0
1985 2 153.0
1985 3 247.0
1985 4 406.0
1985 5 387.0
1985 6 290.0
1985 7 300.0
1985 8 229.0
1985 9 324.0
1985 10 269.0
1985 11 335.0
1985 12 168.0
1986 1 232.0
1986 2 273.0
1986 3 294.0
1986 4 317.0
1986 5 395.0
1986 6 335.0
1986 7 370.0
1986 8 362.0
1986 9 372.0
1986 10 532.0
1986 11 255.0
1986 12 275.0
1987 1 214.0
1987 2 282.0
1987 3 389.0
1987 4 367.0
1987 5 335.0
1987 6 388.0
1987 7 478.0
1987 8 411.0
1987 9 368.0
1987 10 460.0
1987 11 571.0
1987 12 477.0
1988 1 372.0
1988 2 456.0
1988 3 446.0
1988 4 407.0
1988 5 593.0
1988 6 661.0
1988 7 415.0
1988 8 459.0
1988 9 461.0
1988 10 537.0
1988 11 487.0
1988 12 562.0
1989 1 378.0
1989 2 356.0
1989 3 456.0
1989 4 329.0
1989 5 377.0
1989 6 478.0
1989 7 341.0
1989 8 437.0
1989 9 496.0
1989 10 455.0
1989 11 377.0
1989 12 311.0
1990 1 358.0
1990 2 423.0
1990 3 411.0
1990 4 442.0
1990 5 461.0
1990 6 404.0
1990 7 306.0
1990 8 362.0
1990 9 285.0
1990 10 333.0
1990 11 261.0
1990 12 222.0
1991 1 250.0
1991 2 265.0
1991 3 315.0
1991 4 369.0
1991 5 397.0
1991 6 313.0
1991 7 356.0
1991 8 344.0
1991 9 287.0
1991 10 307.0
1991 11 285.0
1991 12 352.0
1992 1 257.0
1992 2 338.0
1992 3 402.0
1992 4 393.0
1992 5 360.0
1992 6 328.0
1992 7 471.0
1992 8 411.0
1992 9 386.0
1992 10 354.0
1992 11 271.0
1992 12 314.0
1993 1 275.0
1993 2 351.0
1993 3 384.0
1993 4 429.0
1993 5 405.0
1993 6 458.0
1993 7 390.0
1993 8 517.0
1993 9 373.0
1993 10 359.0
1993 11 306.0
1993 12 347.0
1994 1 310.0
1994 2 284.0
1994 3 478.0
1994 4 386.0
1994 5 488.0
1994 6 397.0
1994 7 425.0
1994 8 473.0
1994 9 418.0
1994 10 331.0
1994 11 320.0
1994 12 356.0
1995 1 327.0
1995 2 240.0
1995 3 366.0
1995 4 399.0
1995 5 403.0
1995 6 355.0
1995 7 366.0
1995 8 384.0
1995 9 392.0
1995 10 407.0
1995 11 346.0
1995 12 293.0
1996 1 269.0
1996 2 338.0
1996 3 419.0
1996 4 440.0
1996 5 382.0
1996 6 430.0
1996 7 389.0
1996 8 398.0
1996 9 310.0
1996 10 386.0
1996 11 278.0
1996 12 282.0
1997 1 312.0
1997 2 320.0
1997 3 389.0
1997 4 375.0
1997 5 399.0
1997 6 336.0
1997 7 364.0
1997 8 333.0
1997 9 334.0
1997 10 406.0
1997 11 287.0
1997 12 309.0
1998 1 320.0
1998 2 321.0
1998 3 391.0
1998 4 397.0
1998 5 395.0
1998 6 407.0
1998 7 478.0
1998 8 467.0
1998 9 369.0
1998 10 372.0
1998 11 350.0
1998 12 373.0
1999 1 398.0
1999 2 400.0
1999 3 523.0
1999 4 413.0
1999 5 442.0
1999 6 433.0
1999 7 415.0
1999 8 394.0
1999 9 395.0
1999 10 425.0
1999 11 337.0
1999 12 362.0
2000 1 328.0
2000 2 382.0
2000 3 452.0
2000 4 280.0
2000 5 415.0
2000 6 485.0
2000 7 289.0
2000 8 348.0
2000 9 329.0
2000 10 414.0
2000 11 361.0
2000 12 346.0
2001 1 361.0
2001 2 380.0
2001 3 479.0
2001 4 389.0
2001 5 437.0
2001 6 430.0
2001 7 376.0
2001 8 404.0
2001 9 330.0
2001 10 398.0
2001 11 357.0
2001 12 313.0
2002 1 416.0
2002 2 386.0
2002 3 477.0
2002 4 552.0
2002 5 525.0
2002 6 475.0
2002 7 469.0
2002 8 547.0
2002 9 381.0
2002 10 587.0
2002 11 486.0
2002 12 486.0
2003 1 367.0
2003 2 419.0
2003 3 459.0
2003 4 555.0
2003 5 719.0
2003 6 535.0
2003 7 621.0
2003 8 595.0
2003 9 575.0
2003 10 701.0
2003 11 613.0
2003 12 650.0
2004 1 455.0
2004 2 633.0
2004 3 758.0
2004 4 494.0
2004 5 679.0
2004 6 737.0
2004 7 680.0
2004 8 739.0
2004 9 577.0
2004 10 690.0
2004 11 606.0
2004 12 556.0
2005 1 562.0
2005 2 591.0
2005 3 605.0
2005 4 749.0
2005 5 597.0
2005 6 693.0
2005 7 634.0
2005 8 674.0
2005 9 605.0
2005 10 530.0
2005 11 494.0
2005 12 547.0
2006 1 560.0
2006 2 423.0
2006 3 474.0
2006 4 491.0
2006 5 580.0
2006 6 515.0
2006 7 382.0
2006 8 511.0
2006 9 418.0
2006 10 306.0
2006 11 310.0
2006 12 312.0
2007 1 397.0
2007 2 360.0
2007 3 438.0
2007 4 438.0
2007 5 450.0
2007 6 399.0
2007 7 361.0
2007 8 309.0
2007 9 310.0
2007 10 247.0
2007 11 260.0
2007 12 188.0
2008 1 260.0
2008 2 209.0
2008 3 236.0
2008 4 265.0
2008 5 239.0
2008 6 260.0
2008 7 288.0
2008 8 238.0
2008 9 239.0
2008 10 170.0
2008 11 122.0
2008 12 184.0
2009 1 126.0
2009 2 137.0
2009 3 200.0
2009 4 225.0
2009 5 254.0
2009 6 222.0
2009 7 284.0
2009 8 248.0
2009 9 298.0
2009 10 242.0
2009 11 204.0
2009 12 221.0
2010 1 193.0
2010 2 209.0
2010 3 326.0
2010 4 223.0
2010 5 211.0
2010 6 249.0
2010 7 211.0
2010 8 176.0
2010 9 225.0
2010 10 165.0
2010 11 181.0
2010 12 161.0
2011 1 162.0
2011 2 144.0
2011 3 240.0
2011 4 214.0
2011 5 235.0
2011 6 232.0
2011 7 196.0
2011 8 288.0
2011 9 229.0
2011 10 190.0
2011 11 209.0
2011 12 194.0
2012 1 197.0
2012 2 175.0
2012 3 231.0
2012 4 241.0
2012 5 269.0
2012 6 281.0
2012 7 231.0
2012 8 237.0
2012 9 242.0
2012 10 253.0
2012 11 242.0
2012 12 238.0
2013 1 248.0
2013 2 256.0
2013 3 317.0
2013 4 355.0
2013 5 338.0
2013 6 326.0
2013 7 363.0
2013 8 324.0
2013 9 345.0
2013 10 256.0
2013 11 278.0
2013 12 279.0
2014 1 296.0
2014 2 289.0
2014 3 312.0
2014 4 318.0
2014 5 359.0
2014 6 328.0
2014 7 346.0
2014 8 343.0
2014 9 410.0
2014 10 391.0
2014 11 250.0
2014 12 307.0
2015 1 313.0
2015 2 300.0
2015 3 345.0
2015 4 364.0
2015 5 372.0
2015 6 357.0
2015 7 406.0
2015 8 406.0
2015 9 333.0
2015 10 344.0
2015 11 315.0
2015 12 361.0
2016 1 339.0
2016 2 371.0
2016 3 425.0
2016 4 452.0
2016 5 465.0
2016 6 406.0
2016 7 367.0
2016 8 441.0
2016 9 413.0
2016 10 371.0
2016 11 401.0
2016 12 386.0
2017 1 348.0
2017 2 343.0
2017 3 497.0
2017 4 388.0
2017 5 463.0
2017 6 501.0
2017 7 481.0
2017 8 465.0
2017 9 419.0
2017 10 487.0
2017 11 419.0
2017 12 457.0
2018 1 434.0
2018 2 413.0
2018 3 445.0
2018 4 458.0
2018 5 567.0
2018 6 445.0
2018 7 446.0
2018 8 490.0
2018 9 393.0
2018 10 521.0
2018 11 485.0
2018 12 417.0
2019 1 512.0
2019 2 429.0
2019 3 473.0
2019 4 379.0
2019 5 531.0
2019 6 512.0
2019 7 571.0
2019 8 456.0
2019 9 447.0
2019 10 456.0
2019 11 405.0
2019 12 423.0
2020 1 487.0
2020 2 521.0
2020 3 556.0
2020 4 437.0
2020 5 406.0
2020 6 500.0
2020 7 612.0
2020 8 731.0
2020 9 748.0
2020 10 812.0
2020 11 525.0
2020 12 784.0
2021 1 610.0
2021 2 686.0
2021 3 784.0
2021 4 692.0
2021 5 632.0
2021 6 659.0
2021 7 661.0
2021 8 595.0
2021 9 567.0
2021 10 582.0
2021 11 517.0
2021 12 528.0
2022 1 548.0
2022 2 528.0
2022 3 601.0
2022 4 503.0
2022 5 582.0
2022 6 524.0
2022 7 402.0
2022 8 556.0
2022 9 385.0
2022 10 447.0
2022 11 346.0
2022 12 367.0
2023 1 339.0
2023 2 340.0
2023 3 480.0
2023 4 424.0
2023 5 550.0
2023 6 551.0
2023 7 428.0
2023 8 502.0
2023 9 429.0
2023 10 550.0
2023 11 454.0
2023 12 414.0
2024 1 445.0
2024 2 525.0
2024 3 556.0
2024 4 467.0
2024 5 518.0
2024 6 467.0
2024 7 453.0
2024 8 491.0
