1960 8 300.0
1960 9 261.8
1960 10 223.6
1960 11 185.39999999999998
1960 12 147.2
1961 1 109.0
1961 2 74.5
1961 3 40.0
1961 4 40.0
1961 5 64.125
1961 6 88.25
1961 7 112.375
1961 8 136.5
1961 9 160.625
1961 10 184.75
1961 11 208.875
1961 12 233.0
1962 1 63.0
1962 2 43.0
1962 3 36.8
1962 4 30.6
1962 5 24.4
1962 6 18.2
1962 7 12.0
1962 8 70.5
1962 9 129.0
1962 10 187.5
1962 11 246.0
1962 12 108.0
1963 1 101.0
1963 2 94.0
1963 3 87.0
1963 4 80.0
1963 5 73.0
1963 6 112.33333333333334
1963 7 151.66666666666669
1963 8 191.0
1963 9 150.5
1963 10 110.0
1963 11 75.66666666666666
1963 12 41.33333333333333
1964 1 7.0
1964 2 129.0
1964 3 66.0
1964 4 8.0
1964 5 40.0
1964 6 203.0
1964 7 82.0
1964 8 204.5
1964 9 327.0
1964 10 24.0
1964 11 286.0
1964 12 11.0
1965 1 81.0
1965 2 331.0
1965 3 139.0
1965 4 75.0
1965 5 369.0
1965 6 72.0
1965 7 317.0
1965 8 168.0
1965 9 234.0
1965 10 114.0
1965 11 336.0
1965 12 198.0
1966 1 60.0
1966 2 140.0
1966 3 66.0
1966 4 236.0
1966 5 143.0
1966 6 155.0
1966 7 70.0
1966 8 44.0
1966 9 66.0
1966 10 69.0
1966 11 72.0
1966 12 562.0
1967 1 336.0
1967 2 110.0
1967 3 96.0
1967 4 264.0
1967 5 143.0
1967 6 77.0
1967 7 205.0
1967 8 217.0
1967 9 660.0
1967 10 548.5
1967 11 437.0
1967 12 99.0
1968 1 117.5
1968 2 136.0
1968 3 98.0
1968 4 204.0
1968 5 395.0
1968 6 110.0
1968 7 387.0
1968 8 633.0
1968 9 61.0
1968 10 242.0
1968 11 276.0
1968 12 415.0
1969 1 316.0
1969 2 285.0
1969 3 335.0
1969 4 377.0
1969 5 39.0
1969 6 92.0
1969 7 638.0
1969 8 8.0
1969 9 388.0
1969 10 108.0
1969 11 319.0
1969 12 168.5
1970 1 18.0
1970 2 11.0
1970 3 26.5
1970 4 42.0
1970 5 154.0
1970 6 113.0
1970 7 72.0
1970 8 93.0
1970 9 519.0
1970 10 1290.0
1970 11 740.0
1970 12 144.0
1971 1 171.0
1971 2 198.0
1971 3 245.0
1971 4 290.0
1971 5 236.0
1971 6 372.0
1971 7 100.0
1971 8 253.0
1971 9 406.0
1971 10 240.0
1971 11 253.0
1971 12 296.0
1972 1 96.0
1972 2 706.0
1972 3 106.0
1972 4 171.0
1972 5 411.0
1972 6 215.0
1972 7 72.0
1972 8 704.0
1972 9 458.0
1972 10 718.0
1972 11 48.0
1972 12 471.0
1973 1 408.0
1973 2 304.0
1973 3 174.0
1973 4 424.0
1973 5 164.0
1973 6 134.0
1973 7 172.0
1973 8 324.0
1973 9 690.0
1973 10 190.0
1973 11 356.0
1973 12 228.0
1974 1 100.0
1974 2 101.0
1974 3 102.0
1974 4 70.0
1974 5 160.0
1974 6 5.0
1974 7 72.0
1974 8 52.0
1974 9 214.0
1974 10 12.0
1974 11 121.0
1974 12 34.0
1975 1 78.66666666666666
1975 2 123.33333333333333
1975 3 168.0
1975 4 12.0
1975 5 114.0
1975 6 216.0
1975 7 68.0
1975 8 90.66666666666667
1975 9 113.33333333333334
1975 10 136.0
1975 11 170.0
1975 12 204.0
1976 1 185.8
1976 2 167.6
1976 3 149.4
1976 4 131.2
1976 5 113.0
1976 6 94.80000000000001
1976 7 76.60000000000001
1976 8 58.400000000000006
1976 9 40.20000000000002
1976 10 22.0
1976 11 20.0
1976 12 18.0
1977 1 47.0
1977 2 76.0
1977 3 105.0
1977 4 18.0
1977 5 17.333333333333332
1977 6 16.666666666666668
1977 7 16.0
1977 8 221.0
1977 9 24.0
1977 10 70.0
1977 11 116.0
1977 12 153.0
1978 1 96.0
1978 2 112.33333333333333
1978 3 128.66666666666666
1978 4 145.0
1978 5 161.33333333333331
1978 6 177.66666666666666
1978 7 194.0
1978 8 210.33333333333331
1978 9 226.66666666666666
1978 10 243.0
1978 11 241.25
1978 12 239.5
1979 1 237.75
1979 2 236.0
1979 3 134.0
1979 4 32.0
1979 5 32.0
1979 6 32.0
1979 7 32.0
1979 8 55.6
1979 9 79.2
1979 10 102.80000000000001
1979 11 126.4
1979 12 150.0
1980 1 220.0
1980 2 290.0
1980 3 360.0
1980 4 52.0
1980 5 53.75
1980 6 55.5
1980 7 57.25
1980 8 59.0
1980 9 18.0
1980 10 151.0
1980 11 11.0
1980 12 15.0
1981 1 11.0
1981 2 48.0
1981 3 148.0
1981 4 11.0
1981 5 14.0
1981 6 17.0
1981 7 5.0
1981 8 17.5
1981 9 30.0
1981 10 46.0
1981 11 37.0
1981 12 59.0
1982 1 18.0
1982 2 80.0
1982 3 18.0
1982 4 6.0
1982 5 277.0
1982 6 38.0
1982 7 33.0
1982 8 202.0
1982 9 335.0
1982 10 182.0
1982 11 56.0
1982 12 10.0
1983 1 6.0
1983 2 87.0
1983 3 51.0
1983 4 184.0
1983 5 72.0
1983 6 16.0
1983 7 70.0
1983 8 13.0
1983 9 229.0
1983 10 102.0
1983 11 8.0
1983 12 19.0
1984 1 30.0
1984 2 139.0
1984 3 130.0
1984 4 93.0
1984 5 12.0
1984 6 55.0
1984 7 73.0
1984 8 58.0
1984 9 439.0
1984 10 35.0
1984 11 200.0
1984 12 82.0
1985 1 24.0
1985 2 97.0
1985 3 56.0
1985 4 55.0
1985 5 77.0
1985 6 33.0
1985 7 23.0
1985 8 35.0
1985 9 6.0
1985 10 476.0
1985 11 174.0
1985 12 105.0
1986 1 15.0
1986 2 42.0
1986 3 24.0
1986 4 88.0
1986 5 88.0
1986 6 77.0
1986 7 105.0
1986 8 204.0
1986 9 145.0
1986 10 353.0
1986 11 68.0
1986 12 19.0
1987 1 13.0
1987 2 44.0
1987 3 125.0
1987 4 52.0
1987 5 293.0
1987 6 406.0
1987 7 324.0
1987 8 249.0
1987 9 174.0
1987 10 458.0
1987 11 91.0
1987 12 41.0
1988 1 5.0
1988 2 106.0
1988 3 276.0
1988 4 73.0
1988 5 159.0
1988 6 195.0
1988 7 40.0
1988 8 238.0
1988 9 32.0
1988 10 21.0
1988 11 136.0
1988 12 71.5
1989 1 7.0
1989 2 20.0
1989 3 16.0
1989 4 173.0
1989 5 231.0
1989 6 296.0
1989 7 150.5
1989 8 5.0
1989 9 66.0
1989 10 155.0
1989 11 36.0
1989 12 10.0
1990 1 13.0
1990 2 82.0
1990 3 108.0
1990 4 45.0
1990 5 41.5
1990 6 38.0
1990 7 216.0
1990 8 128.0
1990 9 16.0
1990 10 60.0
1990 11 60.0
1990 12 146.0
1991 1 27.0
1991 2 23.0
1991 3 6.0
1991 4 17.0
1991 5 65.0
1991 6 79.0
1991 7 70.0
1991 8 94.0
1991 9 40.0
1991 10 10.0
1991 11 9.666666666666666
1991 12 9.333333333333334
1992 1 9.0
1992 2 5.0
1992 3 12.0
1992 4 36.5
1992 5 61.0
1992 6 84.66666666666667
1992 7 108.33333333333334
1992 8 132.0
1992 9 73.0
1992 10 56.0
1992 11 39.0
1992 12 22.0
1993 1 5.0
1993 2 8.0
1993 3 5.0
1993 4 11.0
1993 5 49.0
1993 6 16.0
1993 7 22.0
1993 8 34.0
1993 9 21.0
1993 10 21.0
1993 11 27.0
1993 12 33.0
1994 1 24.5
1994 2 16.0
1994 3 62.0
1994 4 108.0
1994 5 99.0
1994 6 90.0
1994 7 81.0
1994 8 72.0
1994 9 60.0
1994 10 48.0
1994 11 36.0
1994 12 18.0
1995 1 72.0
1995 2 24.0
1995 3 26.5
1995 4 29.0
1995 5 5.0
1995 6 6.0
1995 7 17.0
1995 8 5.0
1995 9 5.0
1995 10 32.0
1995 11 54.0
1995 12 5.0
1996 1 5.0
1996 2 5.0
1996 3 5.0
1996 4 5.0
1996 5 11.0
1996 6 5.0
1996 7 5.0
1996 8 30.0
1996 9 11.0
1996 10 5.0
1996 11 27.5
1996 12 50.0
1997 1 10.0
1997 2 8.0
1997 3 98.0
1997 4 5.0
1997 5 77.0
1997 6 5.0
1997 7 84.0
1997 8 5.0
1997 9 132.0
1997 10 72.0
1997 11 18.0
1997 12 41.0
1998 1 303.0
1998 2 11.0
1998 3 28.0
1998 4 93.0
1998 5 24.0
1998 6 37.0
1998 7 24.0
1998 8 26.0
1998 9 24.0
1998 10 28.0
1998 11 21.0
1998 12 22.0
1999 1 26.0
1999 2 22.0
1999 3 76.0
1999 4 5.0
1999 5 52.0
1999 6 58.0
1999 7 5.0
1999 8 5.0
1999 9 5.0
1999 10 14.0
1999 11 5.0
1999 12 6.0
2000 1 26.0
2000 2 25.0
2000 3 22.0
2000 4 5.0
2000 5 23.0
2000 6 60.0
2000 7 5.0
2000 8 17.0
2000 9 28.0
2000 10 125.0
2000 11 23.0
2000 12 20.0
2001 1 22.0
2001 2 18.0
2001 3 24.0
2001 4 107.0
2001 5 63.0
2001 6 46.0
2001 7 50.0
2001 8 55.0
2001 9 56.0
2001 10 117.0
2001 11 98.0
2001 12 59.0
2002 1 50.0
2002 2 51.0
2002 3 88.0
2002 4 16.0
2002 5 21.0
2002 6 20.0
2002 7 55.0
2002 8 19.0
2002 9 15.0
2002 10 67.0
2002 11 10.0
2002 12 9.0
2003 1 5.0
2003 2 17.0
2003 3 5.0
2003 4 5.0
2003 5 15.0
2003 6 5.0
2003 7 47.0
2003 8 95.0
2003 9 13.0
2003 10 10.0
2003 11 149.0
2003 12 374.0
2004 1 93.0
2004 2 12.0
2004 3 15.0
2004 4 81.0
2004 5 71.0
2004 6 98.0
2004 7 84.0
2004 8 65.0
2004 9 149.0
2004 10 99.0
2004 11 6.0
2004 12 61.0
2005 1 10.0
2005 2 52.0
2005 3 53.0
2005 4 97.0
2005 5 83.0
2005 6 71.0
2005 7 41.0
2005 8 35.0
2005 9 120.0
2005 10 113.0
2005 11 143.0
2005 12 31.0
2006 1 17.0
2006 2 77.0
2006 3 37.0
2006 4 90.0
2006 5 193.0
2006 6 30.0
2006 7 191.0
2006 8 101.0
2006 9 72.0
2006 10 19.0
2006 11 163.0
2006 12 70.0
2007 1 48.0
2007 2 44.0
2007 3 25.0
2007 4 94.0
2007 5 112.0
2007 6 54.0
2007 7 49.0
2007 8 26.0
2007 9 63.0
2007 10 19.0
2007 11 17.0
2007 12 133.0
2008 1 29.0
2008 2 27.0
2008 3 184.0
2008 4 36.0
2008 5 30.0
2008 6 33.0
2008 7 22.0
2008 8 16.0
2008 9 42.0
2008 10 51.0
2008 11 15.0
2008 12 69.0
2009 1 5.0
2009 2 5.0
2009 3 5.0
2009 4 29.0
2009 5 72.0
2009 6 5.0
2009 7 173.0
2009 8 44.0
2009 9 28.0
2009 10 5.0
2009 11 10.0
2009 12 38.0
2010 1 5.0
2010 2 10.0
2010 3 18.0
2010 4 86.0
2010 5 10.0
2010 6 33.0
2010 7 58.0
2010 8 23.0
2010 9 18.0
2010 10 29.0
2010 11 36.0
2010 12 11.0
2011 1 72.0
2011 2 5.0
2011 3 10.0
2011 4 13.0
2011 5 51.0
2011 6 31.0
2011 7 38.0
2011 8 10.0
2011 9 5.0
2011 10 23.0
2011 11 47.0
2011 12 36.0
2012 1 111.0
2012 2 44.0
2012 3 49.0
2012 4 89.0
2012 5 25.0
2012 6 119.0
2012 7 36.0
2012 8 69.0
2012 9 92.0
2012 10 35.0
2012 11 45.0
2012 12 63.0
2013 1 47.0
2013 2 80.0
2013 3 43.0
2013 4 80.0
2013 5 81.0
2013 6 55.0
2013 7 50.0
2013 8 49.0
2013 9 68.0
2013 10 97.0
2013 11 73.0
2013 12 73.0
2014 1 7.0
2014 2 62.0
2014 3 23.0
2014 4 38.0
2014 5 42.0
2014 6 43.0
2014 7 57.0
2014 8 40.0
2014 9 35.0
2014 10 124.0
2014 11 50.0
2014 12 153.0
2015 1 27.0
2015 2 53.0
2015 3 58.0
2015 4 113.0
2015 5 79.0
2015 6 70.0
2015 7 55.0
2015 8 325.0
2015 9 57.0
2015 10 93.0
2015 11 67.0
2015 12 89.0
2016 1 37.0
2016 2 106.0
2016 3 37.0
2016 4 108.0
2016 5 40.0
2016 6 20.0
2016 7 41.0
2016 8 89.0
2016 9 56.0
2016 10 92.0
2016 11 42.0
2016 12 28.0
2017 1 37.0
2017 2 73.0
2017 3 100.0
2017 4 154.0
2017 5 104.0
2017 6 155.0
2017 7 99.0
2017 8 169.0
2017 9 46.0
2017 10 27.0
2017 11 46.0
2017 12 121.0
2018 1 51.0
2018 2 12.0
2018 3 30.0
2018 4 62.0
2018 5 62.0
2018 6 13.0
2018 7 47.0
2018 8 45.0
2018 9 35.0
2018 10 30.0
2018 11 52.0
2018 12 66.0
2019 1 58.0
2019 2 78.0
2019 3 27.0
2019 4 30.0
2019 5 45.0
2019 6 101.0
2019 7 33.0
2019 8 21.0
2019 9 70.0
2019 10 36.0
2019 11 55.0
2019 12 11.0
2020 1 19.0
2020 2 23.0
2020 3 16.0
2020 4 91.0
2020 5 5.0
2020 6 94.0
2020 7 159.0
2020 8 353.0
2020 9 18.0
2020 10 107.0
2020 11 6.0
2020 12 5.0
2021 1 11.0
2021 2 54.0
2021 3 22.0
2021 4 150.0
2021 5 258.0
2021 6 5.0
2021 7 223.0
2021 8 12.0
2021 9 24.0
2021 10 5.0
2021 11 163.0
2021 12 32.0
2022 1 34.0
2022 2 26.333333333333332
2022 3 18.666666666666664
2022 4 11.0
2022 5 12.0
2022 6 13.0
2022 7 13.0
2022 8 13.0
2022 9 12.0
2022 10 127.0
2022 11 148.0
2022 12 35.0
2023 1 67.0
2023 2 12.0
2023 3 38.0
2023 4 39.0
2023 5 78.0
2023 6 77.0
2023 7 108.0
2023 8 138.0
2023 9 35.0
2023 10 36.0
2023 11 5.0
2023 12 455.0
2024 1 130.0
2024 2 5.0
2024 3 20.0
2024 4 34.0
2024 5 48.0
2024 6 108.0
