1960 5 204.0
1960 6 193.0
1960 7 149.0
1960 8 430.0
1960 9 254.0
1960 10 166.0
1960 11 145.0
1960 12 132.0
1961 1 186.0
1961 2 39.0
1961 3 163.0
1961 4 265.0
1961 5 156.0
1961 6 220.0
1961 7 250.0
1961 8 341.0
1961 9 187.0
1961 10 225.0
1961 11 195.0
1961 12 285.0
1962 1 155.0
1962 2 160.0
1962 3 220.0
1962 4 179.0
1962 5 197.0
1962 6 209.0
1962 7 188.0
1962 8 171.0
1962 9 147.0
1962 10 120.0
1962 11 322.0
1962 12 158.0
1963 1 54.0
1963 2 57.0
1963 3 93.0
1963 4 133.0
1963 5 210.0
1963 6 278.0
1963 7 309.0
1963 8 383.0
1963 9 229.0
1963 10 277.0
1963 11 143.0
1963 12 262.0
1964 1 63.0
1964 2 241.0
1964 3 245.0
1964 4 219.0
1964 5 232.0
1964 6 434.0
1964 7 353.0
1964 8 172.0
1964 9 569.0
1964 10 185.0
1964 11 411.0
1964 12 206.0
1965 1 242.0
1965 2 425.0
1965 3 335.0
1965 4 301.0
1965 5 681.0
1965 6 222.0
1965 7 551.0
1965 8 325.0
1965 9 455.0
1965 10 356.0
1965 11 490.0
1965 12 130.0
1966 1 207.0
1966 2 221.0
1966 3 308.0
1966 4 455.0
1966 5 329.0
1966 6 438.0
1966 7 225.0
1966 8 133.0
1966 9 181.0
1966 10 131.0
1966 11 155.0
1966 12 607.0
1967 1 26.0
1967 2 325.0
1967 3 246.0
1967 4 445.0
1967 5 338.0
1967 6 347.0
1967 7 338.0
1967 8 346.0
1967 9 894.0
1967 10 183.0
1967 11 583.0
1967 12 212.0
1968 1 64.0
1968 2 331.0
1968 3 289.0
1968 4 414.0
1968 5 669.0
1968 6 287.0
1968 7 751.0
1968 8 845.0
1968 9 254.0
1968 10 506.0
1968 11 504.0
1968 12 580.0
1969 1 486.0
1969 2 428.0
1969 3 553.0
1969 4 667.0
1969 5 248.0
1969 6 311.0
1969 7 871.0
1969 8 198.0
1969 9 658.0
1969 10 334.0
1969 11 460.0
1969 12 108.0
1970 1 93.0
1970 2 139.0
1970 3 205.0
1970 4 253.0
1970 5 331.0
1970 6 318.0
1970 7 297.0
1970 8 271.0
1970 9 720.0
1970 10 1669.0
1970 11 902.0
1970 12 427.0
1971 1 430.0
1971 2 383.0
1971 3 549.0
1971 4 643.0
1971 5 602.0
1971 6 636.0
1971 7 394.0
1971 8 307.0
1971 9 622.0
1971 10 517.0
1971 11 603.0
1971 12 632.0
1972 1 295.0
1972 2 945.0
1972 3 501.0
1972 4 460.0
1972 5 668.0
1972 6 528.0
1972 7 387.0
1972 8 1137.0
1972 9 816.0
1972 10 1097.0
1972 11 309.0
1972 12 769.0
1973 1 647.0
1973 2 538.0
1973 3 666.0
1973 4 761.0
1973 5 588.0
1973 6 421.0
1973 7 432.0
1973 8 749.0
1973 9 1253.0
1973 10 760.0
1973 11 557.0
1973 12 278.0
1974 1 235.0
1974 2 111.0
1974 3 251.0
1974 4 257.0
1974 5 378.0
1974 6 212.0
1974 7 318.0
1974 8 264.0
1974 9 393.0
1974 10 232.0
1974 11 226.0
1974 12 165.0
1975 1 128.0
1975 2 85.0
1975 3 294.0
1975 4 201.0
1975 5 144.0
1975 6 429.0
1975 7 255.0
1975 8 218.0
1975 9 221.0
1975 10 388.0
1975 11 217.0
1975 12 354.0
1976 1 94.0
1976 2 150.0
1976 3 248.0
1976 4 261.0
1976 5 270.0
1976 6 219.0
1976 7 196.0
1976 8 217.0
1976 9 204.0
1976 10 222.0
1976 11 172.0
1976 12 209.0
1977 1 157.0
1977 2 105.0
1977 3 402.0
1977 4 303.0
1977 5 280.0
1977 6 278.0
1977 7 252.0
1977 8 489.0
1977 9 221.0
1977 10 343.0
1977 11 330.0
1977 12 381.0
1978 1 299.0
1978 2 116.0
1978 3 171.0
1978 4 264.0
1978 5 352.0
1978 6 279.0
1978 7 272.0
1978 8 232.0
1978 9 226.0
1978 10 536.0
1978 11 279.0
1978 12 153.0
1979 1 123.0
1979 2 287.0
1979 3 173.0
1979 4 286.0
1979 5 301.0
1979 6 206.0
1979 7 272.0
1979 8 263.0
1979 9 295.0
1979 10 192.0
1979 11 205.0
1979 12 261.0
1980 1 119.0
1980 2 133.0
1980 3 535.0
1980 4 178.0
1980 5 186.0
1980 6 196.0
1980 7 365.0
1980 8 408.0
1980 9 206.0
1980 10 393.0
1980 11 154.0
1980 12 171.0
1981 1 120.0
1981 2 154.0
1981 3 339.0
1981 4 178.0
1981 5 218.0
1981 6 187.0
1981 7 273.0
1981 8 135.0
1981 9 134.0
1981 10 186.0
1981 11 228.0
1981 12 146.0
1982 1 78.0
1982 2 168.0
1982 3 179.0
1982 4 119.0
1982 5 408.0
1982 6 149.0
1982 7 142.0
1982 8 548.0
1982 9 514.0
1982 10 382.0
1982 11 192.0
1982 12 138.0
1983 1 150.0
1983 2 225.0
1983 3 225.0
1983 4 469.0
1983 5 287.0
1983 6 322.0
1983 7 369.0
1983 8 309.0
1983 9 422.0
1983 10 358.0
1983 11 223.0
1983 12 187.0
1984 1 161.0
1984 2 409.0
1984 3 438.0
1984 4 315.0
1984 5 382.0
1984 6 266.0
1984 7 295.0
1984 8 258.0
1984 9 752.0
1984 10 396.0
1984 11 479.0
1984 12 291.0
1985 1 252.0
1985 2 252.0
1985 3 312.0
1985 4 469.0
1985 5 464.0
1985 6 323.0
1985 7 323.0
1985 8 264.0
1985 9 350.0
1985 10 751.0
1985 11 518.0
1985 12 281.0
1986 1 252.0
1986 2 321.0
1986 3 326.0
1986 4 427.0
1986 5 520.0
1986 6 418.0
1986 7 479.0
1986 8 572.0
1986 9 517.0
1986 10 895.0
1986 11 323.0
1986 12 298.0
1987 1 231.0
1987 2 326.0
1987 3 532.0
1987 4 427.0
1987 5 640.0
1987 6 794.0
1987 7 808.0
1987 8 415.0
1987 9 546.0
1987 10 920.0
1987 11 676.0
1987 12 520.0
1988 1 389.0
1988 2 566.0
1988 3 724.0
1988 4 601.0
1988 5 776.0
1988 6 865.0
1988 7 461.0
1988 8 723.0
1988 9 501.0
1988 10 558.0
1988 11 627.0
1988 12 562.0
1989 1 387.0
1989 2 382.0
1989 3 472.0
1989 4 508.0
1989 5 610.0
1989 6 776.0
1989 7 353.0
1989 8 450.0
1989 9 564.0
1989 10 614.0
1989 11 419.0
1989 12 325.0
1990 1 387.0
1990 2 505.0
1990 3 529.0
1990 4 495.0
1990 5 465.0
1990 6 464.0
1990 7 528.0
1990 8 498.0
1990 9 311.0
1990 10 407.0
1990 11 390.0
1990 12 370.0
1991 1 279.0
1991 2 300.0
1991 3 327.0
1991 4 392.0
1991 5 472.0
1991 6 394.0
1991 7 428.0
1991 8 440.0
1991 9 331.0
1991 10 320.0
1991 11 289.0
1991 12 368.0
1992 1 274.0
1992 2 348.0
1992 3 418.0
1992 4 403.0
1992 5 421.0
1992 6 336.0
1992 7 473.0
1992 8 563.0
1992 9 463.0
1992 10 358.0
1992 11 309.0
1992 12 314.0
1993 1 298.0
1993 2 373.0
1993 3 404.0
1993 4 470.0
1993 5 464.0
1993 6 474.0
1993 7 434.0
1993 8 557.0
1993 9 394.0
1993 10 382.0
1993 11 328.0
1993 12 384.0
1994 1 312.0
1994 2 300.0
1994 3 478.0
1994 4 494.0
1994 5 508.0
1994 6 411.0
1994 7 425.0
1994 8 549.0
1994 9 420.0
1994 10 339.0
1994 11 356.0
1994 12 374.0
1995 1 403.0
1995 2 267.0
1995 3 366.0
1995 4 430.0
1995 5 412.0
1995 6 361.0
1995 7 383.0
1995 8 389.0
1995 9 399.0
1995 10 439.0
1995 11 432.0
1995 12 298.0
1996 1 274.0
1996 2 343.0
1996 3 419.0
1996 4 445.0
1996 5 405.0
1996 6 437.0
1996 7 398.0
1996 8 432.0
1996 9 325.0
1996 10 391.0
1996 11 278.0
1996 12 338.0
1997 1 326.0
1997 2 334.0
1997 3 495.0
1997 4 388.0
1997 5 476.0
1997 6 352.0
1997 7 456.0
1997 8 343.0
1997 9 482.0
1997 10 521.0
1997 11 313.0
1997 12 367.0
1998 1 631.0
1998 2 334.0
1998 3 425.0
1998 4 507.0
1998 5 425.0
1998 6 467.0
1998 7 502.0
1998 8 493.0
1998 9 393.0
1998 10 400.0
1998 11 371.0
1998 12 395.0
1999 1 424.0
1999 2 422.0
1999 3 599.0
1999 4 418.0
1999 5 494.0
1999 6 491.0
1999 7 420.0
1999 8 399.0
1999 9 400.0
1999 10 439.0
1999 11 370.0
1999 12 368.0
2000 1 354.0
2000 2 407.0
2000 3 474.0
2000 4 285.0
2000 5 438.0
2000 6 545.0
2000 7 294.0
2000 8 365.0
2000 9 357.0
2000 10 539.0
2000 11 384.0
2000 12 366.0
2001 1 383.0
2001 2 398.0
2001 3 503.0
2001 4 496.0
2001 5 500.0
2001 6 476.0
2001 7 426.0
2001 8 459.0
2001 9 386.0
2001 10 515.0
2001 11 459.0
2001 12 372.0
2002 1 466.0
2002 2 437.0
2002 3 567.0
2002 4 570.0
2002 5 550.0
2002 6 495.0
2002 7 528.0
2002 8 566.0
2002 9 396.0
2002 10 690.0
2002 11 496.0
2002 12 495.0
2003 1 380.0
2003 2 436.0
2003 3 464.0
2003 4 560.0
2003 5 738.0
2003 6 540.0
2003 7 668.0
2003 8 690.0
2003 9 592.0
2003 10 719.0
2003 11 762.0
2003 12 1024.0
2004 1 548.0
2004 2 645.0
2004 3 773.0
2004 4 591.0
2004 5 750.0
2004 6 837.0
2004 7 775.0
2004 8 804.0
2004 9 748.0
2004 10 789.0
2004 11 612.0
2004 12 617.0
2005 1 572.0
2005 2 647.0
2005 3 668.0
2005 4 846.0
2005 5 726.0
2005 6 911.0
2005 7 683.0
2005 8 765.0
2005 9 773.0
2005 10 708.0
2005 11 652.0
2005 12 578.0
2006 1 577.0
2006 2 514.0
2006 3 547.0
2006 4 623.0
2006 5 823.0
2006 6 561.0
2006 7 623.0
2006 8 646.0
2006 9 520.0
2006 10 337.0
2006 11 489.0
2006 12 418.0
2007 1 456.0
2007 2 418.0
2007 3 489.0
2007 4 572.0
2007 5 591.0
2007 6 486.0
2007 7 429.0
2007 8 346.0
2007 9 391.0
2007 10 268.0
2007 11 294.0
2007 12 330.0
2008 1 295.0
2008 2 250.0
2008 3 434.0
2008 4 313.0
2008 5 299.0
2008 6 307.0
2008 7 341.0
2008 8 256.0
2008 9 289.0
2008 10 223.0
2008 11 143.0
2008 12 259.0
2009 1 131.0
2009 2 145.0
2009 3 205.0
2009 4 258.0
2009 5 334.0
2009 6 237.0
2009 7 477.0
2009 8 294.0
2009 9 336.0
2009 10 249.0
2009 11 222.0
2009 12 263.0
2010 1 202.0
2010 2 221.0
2010 3 348.0
2010 4 315.0
2010 5 233.0
2010 6 294.0
2010 7 276.0
2010 8 205.0
2010 9 256.0
2010 10 208.0
2010 11 217.0
2010 12 180.0
2011 1 240.0
2011 2 169.0
2011 3 262.0
2011 4 244.0
2011 5 299.0
2011 6 277.0
2011 7 246.0
2011 8 306.0
2011 9 250.0
2011 10 223.0
2011 11 269.0
2011 12 242.0
2012 1 320.0
2012 2 255.0
2012 3 316.0
2012 4 352.0
2012 5 302.0
2012 6 424.0
2012 7 307.0
2012 8 329.0
2012 9 340.0
2012 10 324.0
2012 11 313.0
2012 12 319.0
2013 1 317.0
2013 2 342.0
2013 3 378.0
2013 4 445.0
2013 5 429.0
2013 6 403.0
2013 7 435.0
2013 8 397.0
2013 9 443.0
2013 10 365.0
2013 11 381.0
2013 12 358.0
2014 1 309.0
2014 2 361.0
2014 3 364.0
2014 4 382.0
2014 5 417.0
2014 6 389.0
2014 7 415.0
2014 8 387.0
2014 9 460.0
2014 10 539.0
2014 11 312.0
2014 12 479.0
2015 1 368.0
2015 2 369.0
2015 3 408.0
2015 4 489.0
2015 5 486.0
2015 6 440.0
2015 7 497.0
2015 8 749.0
2015 9 406.0
2015 10 459.0
2015 11 385.0
2015 12 475.0
2016 1 389.0
2016 2 502.0
2016 3 489.0
2016 4 573.0
2016 5 519.0
2016 6 440.0
2016 7 420.0
2016 8 560.0
2016 9 496.0
2016 10 500.0
2016 11 473.0
2016 12 450.0
2017 1 396.0
2017 2 443.0
2017 3 626.0
2017 4 565.0
2017 5 587.0
2017 6 726.0
2017 7 608.0
2017 8 651.0
2017 9 479.0
2017 10 542.0
2017 11 485.0
2017 12 604.0
2018 1 501.0
2018 2 445.0
2018 3 507.0
2018 4 532.0
2018 5 677.0
2018 6 489.0
2018 7 499.0
2018 8 535.0
2018 9 440.0
2018 10 569.0
2018 11 548.0
2018 12 500.0
2019 1 604.0
2019 2 534.0
2019 3 508.0
2019 4 413.0
2019 5 586.0
2019 6 636.0
2019 7 624.0
2019 8 512.0
2019 9 537.0
2019 10 519.0
2019 11 482.0
2019 12 453.0
2020 1 538.0
2020 2 578.0
2020 3 593.0
2020 4 536.0
2020 5 441.0
2020 6 624.0
2020 7 823.0
2020 8 1111.0
2020 9 792.0
2020 10 969.0
2020 11 561.0
2020 12 830.0
2021 1 677.0
2021 2 778.0
2021 3 838.0
2021 4 861.0
2021 5 944.0
2021 6 690.0
2021 7 890.0
2021 8 627.0
2021 9 601.0
2021 10 607.0
2021 11 702.0
2021 12 564.0
2022 1 586.0
2022 2 564.0
2022 3 623.0
2022 4 538.0
2022 5 606.0
2022 6 549.0
2022 7 435.0
2022 8 595.0
2022 9 405.0
2022 10 580.0
2022 11 498.0
2022 12 404.0
2023 1 412.0
2023 2 356.0
2023 3 536.0
2023 4 471.0
2023 5 642.0
2023 6 632.0
2023 7 536.0
2023 8 662.0
2023 9 468.0
2023 10 586.0
2023 11 475.0
2023 12 881.0
2024 1 621.0
2024 2 548.0
2024 3 596.0
2024 4 482.0
2024 5 568.0
2024 6 579.0
2024 7 465.0
2024 8 532.0
