1960 5 5511.0
1960 6 5885.0
1960 7 4824.0
1960 8 5373.0
1960 9 4689.0
1960 10 4850.0
1960 11 4378.0
1960 12 3927.0
1961 1 4946.0
1961 2 4521.0
1961 3 5638.0
1961 4 4708.0
1961 5 5867.0
1961 6 5603.0
1961 7 5203.0
1961 8 5399.0
1961 9 5275.0
1961 10 5245.0
1961 11 4305.0
1961 12 3951.0
1962 1 5428.0
1962 2 4237.0
1962 3 5132.0
1962 4 5267.0
1962 5 5633.0
1962 6 4682.0
1962 7 4579.0
1962 8 4709.0
1962 9 4069.0
1962 10 5640.0
1962 11 4419.0
1962 12 3600.0
1963 1 5043.0
1963 2 4117.0
1963 3 4732.0
1963 4 5287.0
1963 5 5429.0
1963 6 5190.0
1963 7 5744.0
1963 8 5158.0
1963 9 5230.0
1963 10 5668.0
1963 11 4454.0
1963 12 4146.0
1964 1 5435.0
1964 2 4621.0
1964 3 5671.0
1964 4 6153.0
1964 5 5339.0
1964 6 6358.0
1964 7 6133.0
1964 8 5102.0
1964 9 4792.0
1964 10 5454.0
1964 11 4378.0
1964 12 4780.0
1965 1 4969.0
1965 2 4511.0
1965 3 5945.0
1965 4 5370.0
1965 5 5453.0
1965 6 6193.0
1965 7 5396.0
1965 8 5090.0
1965 9 6217.0
1965 10 5931.0
1965 11 3778.0
1965 12 5827.0
1966 1 4763.0
1966 2 5405.0
1966 3 5874.0
1966 4 5155.0
1966 5 5979.0
1966 6 4522.0
1966 7 5294.0
1966 8 5388.0
1966 9 4014.0
1966 10 4176.0
1966 11 3830.0
1966 12 4068.0
1967 1 4725.0
1967 2 3976.0
1967 3 4983.0
1967 4 4055.0
1967 5 5353.0
1967 6 6576.0
1967 7 5190.0
1967 8 5378.0
1967 9 5528.0
1967 10 6627.0
1967 11 6522.0
1967 12 5776.0
1968 1 6952.0
1968 2 7001.0
1968 3 7920.0
1968 4 8134.0
1968 5 10697.0
1968 6 8326.0
1968 7 9621.0
1968 8 8694.0
1968 9 8836.0
1968 10 10248.0
1968 11 8326.0
1968 12 11034.0
1969 1 11144.0
1969 2 11755.0
1969 3 11559.0
1969 4 10829.0
1969 5 11674.0
1969 6 10814.0
1969 7 11183.0
1969 8 10732.0
1969 9 9258.0
1969 10 9502.0
1969 11 8236.0
1969 12 8826.0
1970 1 9740.0
1970 2 9053.0
1970 3 8390.0
1970 4 9003.0
1970 5 8939.0
1970 6 10283.0
1970 7 8382.0
1970 8 7701.0
1970 9 7653.0
1970 10 9212.0
1970 11 9001.0
1970 12 10281.0
1971 1 10269.0
1971 2 10634.0
1971 3 11299.0
1971 4 11378.0
1971 5 14245.0
1971 6 14947.0
1971 7 14994.0
1971 8 14913.0
1971 9 15114.0
1971 10 13618.0
1971 11 14570.0
1971 12 19527.0
1972 1 18772.0
1972 2 17454.0
1972 3 22586.0
1972 4 18425.0
1972 5 21237.0
1972 6 22275.0
1972 7 21050.0
1972 8 22356.0
1972 9 34602.0
1972 10 29442.0
1972 11 22073.0
1972 12 25068.0
1973 1 21782.0
1973 2 22404.0
1973 3 23284.0
1973 4 26230.0
1973 5 26672.0
1973 6 41409.0
1973 7 21435.0
1973 8 20950.0
1973 9 14376.0
1973 10 15572.0
1973 11 13069.0
1973 12 14694.0
1974 1 16572.0
1974 2 15171.0
1974 3 14872.0
1974 4 13778.0
1974 5 11180.0
1974 6 11556.0
1974 7 8279.0
1974 8 6820.0
1974 9 5474.0
1974 10 4588.0
1974 11 3704.0
1974 12 3738.0
1975 1 3517.0
1975 2 3695.0
1975 3 3604.0
1975 4 4759.0
1975 5 5087.0
1975 6 5613.0
1975 7 5217.0
1975 8 4594.0
1975 9 4888.0
1975 10 4796.0
1975 11 3817.0
1975 12 3787.0
1976 1 4193.0
1976 2 4674.0
1976 3 6774.0
1976 4 6150.0
1976 5 6372.0
1976 6 5869.0
1976 7 6257.0
1976 8 5840.0
1976 9 5863.0
1976 10 6379.0
1976 11 6444.0
1976 12 6049.0
1977 1 6578.0
1977 2 7855.0
1977 3 10128.0
1977 4 8679.0
1977 5 10340.0
1977 6 10250.0
1977 7 10982.0
1977 8 11028.0
1977 9 10082.0
1977 10 10843.0
1977 11 10269.0
1977 12 10092.0
1978 1 11538.0
1978 2 10793.0
1978 3 13079.0
1978 4 11563.0
1978 5 12292.0
1978 6 12431.0
1978 7 10993.0
1978 8 10993.0
1978 9 12827.0
1978 10 13133.0
1978 11 16728.0
1978 12 10946.0
1979 1 11482.0
1979 2 12216.0
1979 3 23854.0
1979 4 12755.0
1979 5 14582.0
1979 6 15112.0
1979 7 12660.0
1979 8 14834.0
1979 9 13692.0
1979 10 15015.0
1979 11 11997.0
1979 12 11488.0
1980 1 13374.0
1980 2 13198.0
1980 3 15154.0
1980 4 12102.0
1980 5 11400.0
1980 6 14096.0
1980 7 13833.0
1980 8 14522.0
1980 9 19155.0
1980 10 17829.0
1980 11 14123.0
1980 12 16472.0
1981 1 14625.0
1981 2 13961.0
1981 3 16321.0
1981 4 16450.0
1981 5 14499.0
1981 6 13265.0
1981 7 12611.0
1981 8 9823.0
1981 9 9280.0
1981 10 8115.0
1981 11 7067.0
1981 12 7327.0
1982 1 8756.0
1982 2 8112.0
1982 3 8558.0
1982 4 9073.0
1982 5 8945.0
1982 6 9324.0
1982 7 7928.0
1982 8 8005.0
1982 9 8772.0
1982 10 10442.0
1982 11 9476.0
1982 12 11022.0
1983 1 10947.0
1983 2 13027.0
1983 3 16684.0
1983 4 15166.0
1983 5 17024.0
1983 6 18301.0
1983 7 15924.0
1983 8 18460.0
1983 9 17000.0
1983 10 15137.0
1983 11 15049.0
1983 12 14464.0
1984 1 15622.0
1984 2 16967.0
1984 3 19806.0
1984 4 17198.0
1984 5 19643.0
1984 6 18187.0
1984 7 16650.0
1984 8 16483.0
1984 9 13882.0
1984 10 14508.0
1984 11 14019.0
1984 12 15703.0
1985 1 14750.0
1985 2 13311.0
1985 3 17981.0
1985 4 19752.0
1985 5 18892.0
1985 6 17388.0
1985 7 17196.0
1985 8 15538.0
1985 9 19278.0
1985 10 16660.0
1985 11 13563.0
1985 12 20150.0
1986 1 14708.0
1986 2 18168.0
1986 3 15592.0
1986 4 16562.0
1986 5 16043.0
1986 6 18817.0
1986 7 19131.0
1986 8 14278.0
1986 9 15678.0
1986 10 15809.0
1986 11 12282.0
1986 12 14060.0
1987 1 15005.0
1987 2 13279.0
1987 3 17625.0
1987 4 16006.0
1987 5 14580.0
1987 6 16843.0
1987 7 15522.0
1987 8 15895.0
1987 9 15541.0
1987 10 13779.0
1987 11 10794.0
1987 12 13077.0
1988 1 11786.0
1988 2 12243.0
1988 3 15721.0
1988 4 13935.0
1988 5 14918.0
1988 6 19255.0
1988 7 13523.0
1988 8 15656.0
1988 9 14614.0
1988 10 13578.0
1988 11 13239.0
1988 12 12911.0
1989 1 13582.0
1989 2 13404.0
1989 3 14163.0
1989 4 14593.0
1989 5 17165.0
1989 6 17454.0
1989 7 11756.0
1989 8 13657.0
1989 9 12393.0
1989 10 12754.0
1989 11 11483.0
1989 12 11279.0
1990 1 14982.0
1990 2 9318.0
1990 3 12228.0
1990 4 12314.0
1990 5 11836.0
1990 6 12078.0
1990 7 11113.0
1990 8 10667.0
1990 9 8700.0
1990 10 8622.0
1990 11 8592.0
1990 12 6933.0
1991 1 7141.0
1991 2 7025.0
1991 3 7485.0
1991 4 8697.0
1991 5 9986.0
1991 6 9773.0
1991 7 9372.0
1991 8 8063.0
1991 9 7246.0
1991 10 7440.0
1991 11 6378.0
1991 12 8458.0
1992 1 7555.0
1992 2 6974.0
1992 3 9707.0
1992 4 8870.0
1992 5 8093.0
1992 6 9776.0
1992 7 9853.0
1992 8 8009.0
1992 9 8689.0
1992 10 8972.0
1992 11 7337.0
1992 12 8887.0
1993 1 7438.0
1993 2 8604.0
1993 3 9810.0
1993 4 10226.0
1993 5 10893.0
1993 6 11052.0
1993 7 10118.0
1993 8 10119.0
1993 9 11517.0
1993 10 8940.0
1993 11 9333.0
1993 12 12875.0
1994 1 10758.0
1994 2 9225.0
1994 3 11376.0
1994 4 10105.0
1994 5 10795.0
1994 6 11368.0
1994 7 11632.0
1994 8 13023.0
1994 9 11132.0
1994 10 10059.0
1994 11 9404.0
1994 12 9600.0
1995 1 9940.0
1995 2 8166.0
1995 3 10677.0
1995 4 9686.0
1995 5 10038.0
1995 6 11208.0
1995 7 10101.0
1995 8 10577.0
1995 9 13539.0
1995 10 9266.0
1995 11 9891.0
1995 12 9668.0
1996 1 9743.0
1996 2 9376.0
1996 3 9856.0
1996 4 11069.0
1996 5 11174.0
1996 6 10603.0
1996 7 10904.0
1996 8 11889.0
1996 9 11280.0
1996 10 9895.0
1996 11 9088.0
1996 12 8798.0
1997 1 9863.0
1997 2 9209.0
1997 3 12207.0
1997 4 11212.0
1997 5 11185.0
1997 6 11798.0
1997 7 12561.0
1997 8 10272.0
1997 9 11785.0
1997 10 12103.0
1997 11 8517.0
1997 12 9662.0
1998 1 10712.0
1998 2 9713.0
1998 3 12284.0
1998 4 11447.0
1998 5 11512.0
1998 6 12980.0
1998 7 13653.0
1998 8 14307.0
1998 9 11272.0
1998 10 13640.0
1998 11 12027.0
1998 12 11306.0
1999 1 13679.0
1999 2 12537.0
1999 3 14188.0
1999 4 13367.0
1999 5 11654.0
1999 6 14802.0
1999 7 14136.0
1999 8 15342.0
1999 9 12113.0
1999 10 13700.0
1999 11 10697.0
1999 12 14214.0
2000 1 11268.0
2000 2 11147.0
2000 3 12627.0
2000 4 10750.0
2000 5 13635.0
2000 6 15448.0
2000 7 11506.0
2000 8 13266.0
2000 9 12421.0
2000 10 12429.0
2000 11 12346.0
2000 12 11556.0
2001 1 12487.0
2001 2 11151.0
2001 3 16146.0
2001 4 12406.0
2001 5 16902.0
2001 6 13561.0
2001 7 14643.0
2001 8 16116.0
2001 9 12385.0
2001 10 11898.0
2001 11 13383.0
2001 12 13202.0
2002 1 15347.0
2002 2 15555.0
2002 3 14756.0
2002 4 13951.0
2002 5 14407.0
2002 6 16181.0
2002 7 16840.0
2002 8 16602.0
2002 9 12896.0
2002 10 17068.0
2002 11 13028.0
2002 12 13952.0
2003 1 14836.0
2003 2 15080.0
2003 3 15644.0
2003 4 16885.0
2003 5 19376.0
2003 6 17865.0
2003 7 17206.0
2003 8 18739.0
2003 9 16349.0
2003 10 19682.0
2003 11 13293.0
2003 12 18626.0
2004 1 17131.0
2004 2 19452.0
2004 3 19876.0
2004 4 21360.0
2004 5 22240.0
2004 6 22621.0
2004 7 22554.0
2004 8 20028.0
2004 9 17595.0
2004 10 22739.0
2004 11 17477.0
2004 12 18974.0
2005 1 20519.0
2005 2 20176.0
2005 3 25177.0
2005 4 25394.0
2005 5 22529.0
2005 6 26561.0
2005 7 23529.0
2005 8 26831.0
2005 9 26167.0
2005 10 20480.0
2005 11 19308.0
2005 12 20176.0
2006 1 21067.0
2006 2 22281.0
2006 3 25024.0
2006 4 19498.0
2006 5 19734.0
2006 6 18305.0
2006 7 16206.0
2006 8 16485.0
2006 9 12359.0
2006 10 12902.0
2006 11 10776.0
2006 12 9982.0
2007 1 10064.0
2007 2 10271.0
2007 3 12202.0
2007 4 10469.0
2007 5 10857.0
2007 6 9910.0
2007 7 8591.0
2007 8 8832.0
2007 9 6358.0
2007 10 6594.0
2007 11 5753.0
2007 12 5825.0
2008 1 7314.0
2008 2 5870.0
2008 3 5328.0
2008 4 6294.0
2008 5 5454.0
2008 6 6562.0
2008 7 4887.0
2008 8 5825.0
2008 9 5245.0
2008 10 3634.0
2008 11 3052.0
2008 12 3178.0
2009 1 2849.0
2009 2 3478.0
2009 3 3260.0
2009 4 2281.0
2009 5 2405.0
2009 6 3597.0
2009 7 3026.0
2009 8 2802.0
2009 9 3040.0
2009 10 2881.0
2009 11 3002.0
2009 12 3495.0
2010 1 3818.0
2010 2 3324.0
2010 3 4358.0
2010 4 3743.0
2010 5 2964.0
2010 6 3289.0
2010 7 2894.0
2010 8 3196.0
2010 9 2772.0
2010 10 2630.0
2010 11 2710.0
2010 12 3038.0
2011 1 3039.0
2011 2 2903.0
2011 3 4229.0
2011 4 3214.0
2011 5 3334.0
2011 6 3872.0
2011 7 4149.0
2011 8 4173.0
2011 9 3541.0
2011 10 3418.0
2011 11 3844.0
2011 12 3961.0
2012 1 4676.0
2012 2 3625.0
2012 3 5424.0
2012 4 4544.0
2012 5 5276.0
2012 6 5267.0
2012 7 5154.0
2012 8 6135.0
2012 9 8063.0
2012 10 5327.0
2012 11 5499.0
2012 12 4854.0
2013 1 6357.0
2013 2 6887.0
2013 3 7789.0
2013 4 9457.0
2013 5 9533.0
2013 6 6403.0
2013 7 7248.0
2013 8 6645.0
2013 9 6369.0
2013 10 7668.0
2013 11 6879.0
2013 12 5660.0
2014 1 7585.0
2014 2 7796.0
2014 3 6019.0
2014 4 7217.0
2014 5 6807.0
2014 6 7673.0
2014 7 7801.0
2014 8 6793.0
2014 9 6110.0
2014 10 8259.0
2014 11 5348.0
2014 12 7543.0
2015 1 7781.0
2015 2 9072.0
2015 3 8441.0
2015 4 8214.0
2015 5 8738.0
2015 6 9992.0
2015 7 8339.0
2015 8 7320.0
2015 9 10390.0
2015 10 9062.0
2015 11 8127.0
2015 12 10545.0
2016 1 7938.0
2016 2 9453.0
2016 3 9292.0
2016 4 9428.0
2016 5 8600.0
2016 6 9728.0
2016 7 8950.0
2016 8 10623.0
2016 9 9987.0
2016 10 10156.0
2016 11 8240.0
2016 12 9858.0
2017 1 10023.0
2017 2 8368.0
2017 3 9590.0
2017 4 10962.0
2017 5 10608.0
2017 6 12365.0
2017 7 9896.0
2017 8 10803.0
2017 9 7966.0
2017 10 10721.0
2017 11 7665.0
2017 12 8748.0
2018 1 11346.0
2018 2 10235.0
2018 3 11321.0
2018 4 13793.0
2018 5 11192.0
2018 6 12957.0
2018 7 12952.0
2018 8 12439.0
2018 9 10481.0
2018 10 12123.0
2018 11 12159.0
2018 12 11548.0
2019 1 11190.0
2019 2 11099.0
2019 3 11661.0
2019 4 14518.0
2019 5 12393.0
2019 6 10983.0
2019 7 13109.0
2019 8 15187.0
2019 9 15067.0
2019 10 15381.0
2019 11 10374.0
2019 12 12079.0
2020 1 14395.0
2020 2 12111.0
2020 3 13674.0
2020 4 12223.0
2020 5 11776.0
2020 6 12709.0
2020 7 13053.0
2020 8 15378.0
2020 9 14408.0
2020 10 15768.0
2020 11 11634.0
2020 12 14402.0
2021 1 15788.0
2021 2 12866.0
2021 3 17512.0
2021 4 19625.0
2021 5 17754.0
2021 6 19447.0
2021 7 17750.0
2021 8 22629.0
2021 9 17123.0
2021 10 16212.0
2021 11 14873.0
2021 12 17640.0
2022 1 17533.0
2022 2 16284.0
2022 3 19387.0
2022 4 20051.0
2022 5 20152.0
2022 6 20160.0
2022 7 15502.0
2022 8 16834.0
2022 9 17199.0
2022 10 15337.0
2022 11 12504.0
2022 12 14958.0
2023 1 14964.0
2023 2 16279.0
2023 3 18743.0
2023 4 14957.0
2023 5 15062.0
2023 6 18825.0
2023 7 15574.0
2023 8 17996.0
2023 9 15871.0
2023 10 14930.0
2023 11 12776.0
2023 12 14796.0
2024 1 16132.0
2024 2 13285.0
2024 3 14849.0
2024 4 17901.0
2024 5 17110.0
2024 6 15739.0
2024 7 15414.0
2024 8 15666.0
