1960 5 486.0
1960 6 599.0
1960 7 552.0
1960 8 683.0
1960 9 431.0
1960 10 458.0
1960 11 443.0
1960 12 538.0
1961 1 944.0
1961 2 445.0
1961 3 1207.0
1961 4 474.0
1961 5 1054.0
1961 6 912.0
1961 7 808.0
1961 8 842.0
1961 9 921.0
1961 10 424.0
1961 11 321.0
1961 12 401.0
1962 1 835.0
1962 2 450.0
1962 3 667.0
1962 4 1106.0
1962 5 1354.0
1962 6 1061.0
1962 7 1175.0
1962 8 838.0
1962 9 920.0
1962 10 1800.0
1962 11 1425.0
1962 12 917.0
1963 1 1436.0
1963 2 876.0
1963 3 1103.0
1963 4 1310.0
1963 5 1517.0
1963 6 1463.0
1963 7 1752.0
1963 8 1331.0
1963 9 1570.0
1963 10 1592.0
1963 11 1398.0
1963 12 1035.0
1964 1 1771.0
1964 2 1154.0
1964 3 1848.0
1964 4 2297.0
1964 5 2101.0
1964 6 2641.0
1964 7 2614.0
1964 8 2015.0
1964 9 1736.0
1964 10 2484.0
1964 11 1535.0
1964 12 2183.0
1965 1 2049.0
1965 2 1628.0
1965 3 2427.0
1965 4 2086.0
1965 5 2439.0
1965 6 3039.0
1965 7 2281.0
1965 8 2079.0
1965 9 3174.0
1965 10 2638.0
1965 11 1119.0
1965 12 2987.0
1966 1 2021.0
1966 2 2770.0
1966 3 2470.0
1966 4 2246.0
1966 5 2957.0
1966 6 1840.0
1966 7 2847.0
1966 8 2819.0
1966 9 1744.0
1966 10 1874.0
1966 11 1908.0
1966 12 2208.0
1967 1 2224.0
1967 2 1486.0
1967 3 2172.0
1967 4 1357.0
1967 5 2047.0
1967 6 3300.0
1967 7 2311.0
1967 8 2018.0
1967 9 2331.0
1967 10 3421.0
1967 11 3531.0
1967 12 3135.0
1968 1 3623.0
1968 2 3576.0
1968 3 4420.0
1968 4 4451.0
1968 5 5739.0
1968 6 4512.0
1968 7 5335.0
1968 8 4121.0
1968 9 4475.0
1968 10 6034.0
1968 11 4637.0
1968 12 7241.0
1969 1 6778.0
1969 2 7402.0
1969 3 7322.0
1969 4 5816.0
1969 5 7254.0
1969 6 6388.0
1969 7 6707.0
1969 8 6503.0
1969 9 5330.0
1969 10 5198.0
1969 11 4499.0
1969 12 4695.0
1970 1 5989.0
1970 2 5522.0
1970 3 4194.0
1970 4 4526.0
1970 5 4530.0
1970 6 5450.0
1970 7 3912.0
1970 8 3415.0
1970 9 2403.0
1970 10 4156.0
1970 11 4141.0
1970 12 4695.0
1971 1 4901.0
1971 2 5633.0
1971 3 4759.0
1971 4 4822.0
1971 5 7609.0
1971 6 6575.0
1971 7 8562.0
1971 8 7870.0
1971 9 7934.0
1971 10 7189.0
1971 11 7668.0
1971 12 12493.0
1972 1 10725.0
1972 2 10213.0
1972 3 14622.0
1972 4 10333.0
1972 5 13287.0
1972 6 13941.0
1972 7 13478.0
1972 8 14340.0
1972 9 25789.0
1972 10 18073.0
1972 11 13472.0
1972 12 16908.0
1973 1 13555.0
1973 2 14772.0
1973 3 14268.0
1973 4 18400.0
1973 5 16258.0
1973 6 30547.0
1973 7 13058.0
1973 8 13787.0
1973 9 9088.0
1973 10 9181.0
1973 11 7952.0
1973 12 9546.0
1974 1 10702.0
1974 2 10022.0
1974 3 8961.0
1974 4 7947.0
1974 5 4973.0
1974 6 6609.0
1974 7 3645.0
1974 8 2055.0
1974 9 2348.0
1974 10 1108.0
1974 11 1128.0
1974 12 1341.0
1975 1 1068.0
1975 2 1142.0
1975 3 553.0
1975 4 916.0
1975 5 1061.0
1975 6 1178.0
1975 7 486.0
1975 8 350.0
1975 9 541.0
1975 10 254.0
1975 11 229.0
1975 12 609.0
1976 1 295.0
1976 2 670.0
1976 3 975.0
1976 4 640.0
1976 5 967.0
1976 6 640.0
1976 7 1122.0
1976 8 690.0
1976 9 861.0
1976 10 1585.0
1976 11 1464.0
1976 12 1384.0
1977 1 1333.0
1977 2 2297.0
1977 3 2275.0
1977 4 1704.0
1977 5 2117.0
1977 6 2016.0
1977 7 3484.0
1977 8 2485.0
1977 9 2730.0
1977 10 3036.0
1977 11 2366.0
1977 12 2707.0
1978 1 3168.0
1978 2 3134.0
1978 3 3878.0
1978 4 3063.0
1978 5 3071.0
1978 6 3798.0
1978 7 3854.0
1978 8 2414.0
1978 9 4938.0
1978 10 4911.0
1978 11 6880.0
1978 12 3017.0
1979 1 3173.0
1979 2 4152.0
1979 3 10186.0
1979 4 3757.0
1979 5 3837.0
1979 6 3982.0
1979 7 3070.0
1979 8 3840.0
1979 9 4851.0
1979 10 4048.0
1979 11 3642.0
1979 12 3850.0
1980 1 4703.0
1980 2 4102.0
1980 3 6445.0
1980 4 4591.0
1980 5 4456.0
1980 6 5975.0
1980 7 4300.0
1980 8 4415.0
1980 9 6528.0
1980 10 6006.0
1980 11 5228.0
1980 12 6982.0
1981 1 5548.0
1981 2 5699.0
1981 3 5795.0
1981 4 6027.0
1981 5 5003.0
1981 6 4077.0
1981 7 4736.0
1981 8 3974.0
1981 9 3657.0
1981 10 3304.0
1981 11 2987.0
1981 12 2478.0
1982 1 3875.0
1982 2 3201.0
1982 3 2588.0
1982 4 3705.0
1982 5 3367.0
1982 6 3302.0
1982 7 2719.0
1982 8 2198.0
1982 9 2701.0
1982 10 4099.0
1982 11 2423.0
1982 12 3431.0
1983 1 3159.0
1983 2 4646.0
1983 3 5625.0
1983 4 5033.0
1983 5 5468.0
1983 6 6273.0
1983 7 5363.0
1983 8 7118.0
1983 9 6662.0
1983 10 4699.0
1983 11 5588.0
1983 12 5360.0
1984 1 6162.0
1984 2 6477.0
1984 3 7562.0
1984 4 5713.0
1984 5 7003.0
1984 6 7090.0
1984 7 6307.0
1984 8 6673.0
1984 9 4222.0
1984 10 5286.0
1984 11 6014.0
1984 12 8393.0
1985 1 4836.0
1985 2 5340.0
1985 3 7317.0
1985 4 8702.0
1985 5 7513.0
1985 6 5999.0
1985 7 6018.0
1985 8 5322.0
1985 9 9464.0
1985 10 5729.0
1985 11 6287.0
1985 12 10000.0
1986 1 5807.0
1986 2 9658.0
1986 3 5551.0
1986 4 5472.0
1986 5 5189.0
1986 6 8011.0
1986 7 8346.0
1986 8 4570.0
1986 9 5263.0
1986 10 6008.0
1986 11 4603.0
1986 12 5691.0
1987 1 4943.0
1987 2 4085.0
1987 3 5739.0
1987 4 4945.0
1987 5 3639.0
1987 6 3299.0
1987 7 4902.0
1987 8 5680.0
1987 9 5437.0
1987 10 4458.0
1987 11 3258.0
1987 12 4253.0
1988 1 3397.0
1988 2 3524.0
1988 3 4952.0
1988 4 4259.0
1988 5 4316.0
1988 6 6974.0
1988 7 3534.0
1988 8 4084.0
1988 9 4154.0
1988 10 3778.0
1988 11 4682.0
1988 12 4039.0
1989 1 3816.0
1989 2 4279.0
1989 3 3656.0
1989 4 4995.0
1989 5 6140.0
1989 6 6496.0
1989 7 2756.0
1989 8 3090.0
1989 9 3015.0
1989 10 3895.0
1989 11 3260.0
1989 12 3711.0
1990 1 6722.0
1990 2 2023.0
1990 3 3847.0
1990 4 4639.0
1990 5 3339.0
1990 6 4498.0
1990 7 3246.0
1990 8 1921.0
1990 9 2560.0
1990 10 1607.0
1990 11 3253.0
1990 12 2213.0
1991 1 1955.0
1991 2 1825.0
1991 3 1329.0
1991 4 1408.0
1991 5 2646.0
1991 6 2782.0
1991 7 1931.0
1991 8 1123.0
1991 9 1311.0
1991 10 664.0
1991 11 1084.0
1991 12 2599.0
1992 1 1351.0
1992 2 874.0
1992 3 2278.0
1992 4 805.0
1992 5 636.0
1992 6 1398.0
1992 7 1498.0
1992 8 1194.0
1992 9 1256.0
1992 10 1686.0
1992 11 1090.0
1992 12 959.0
1993 1 1050.0
1993 2 1797.0
1993 3 886.0
1993 4 1542.0
1993 5 2266.0
1993 6 1753.0
1993 7 868.0
1993 8 1111.0
1993 9 2661.0
1993 10 719.0
1993 11 1664.0
1993 12 3765.0
1994 1 2759.0
1994 2 1341.0
1994 3 1705.0
1994 4 1409.0
1994 5 1915.0
1994 6 2009.0
1994 7 3184.0
1994 8 3192.0
1994 9 2243.0
1994 10 2825.0
1994 11 3002.0
1994 12 2491.0
1995 1 3156.0
1995 2 1892.0
1995 3 2668.0
1995 4 2867.0
1995 5 2046.0
1995 6 3103.0
1995 7 2975.0
1995 8 2536.0
1995 9 3128.0
1995 10 2405.0
1995 11 3731.0
1995 12 3423.0
1996 1 2825.0
1996 2 2107.0
1996 3 2092.0
1996 4 2794.0
1996 5 2268.0
1996 6 2015.0
1996 7 2458.0
1996 8 3072.0
1996 9 3746.0
1996 10 1975.0
1996 11 2319.0
1996 12 2029.0
1997 1 2333.0
1997 2 2064.0
1997 3 4486.0
1997 4 2850.0
1997 5 2895.0
1997 6 3074.0
1997 7 4280.0
1997 8 2390.0
1997 9 3999.0
1997 10 3754.0
1997 11 1937.0
1997 12 2525.0
1998 1 3488.0
1998 2 2195.0
1998 3 3824.0
1998 4 2580.0
1998 5 3363.0
1998 6 2755.0
1998 7 3818.0
1998 8 4897.0
1998 9 2932.0
1998 10 4941.0
1998 11 4929.0
1998 12 3471.0
1999 1 5535.0
1999 2 4349.0
1999 3 4030.0
1999 4 3927.0
1999 5 2413.0
1999 6 4527.0
1999 7 4210.0
1999 8 5231.0
1999 9 3669.0
1999 10 5283.0
1999 11 2441.0
1999 12 6024.0
2000 1 3135.0
2000 2 2578.0
2000 3 2488.0
2000 4 2057.0
2000 5 3747.0
2000 6 4603.0
2000 7 2969.0
2000 8 3016.0
2000 9 3848.0
2000 10 3573.0
2000 11 4557.0
2000 12 3912.0
2001 1 3309.0
2001 2 2319.0
2001 3 5887.0
2001 4 1815.0
2001 5 5220.0
2001 6 2506.0
2001 7 3468.0
2001 8 4762.0
2001 9 3610.0
2001 10 1762.0
2001 11 3464.0
2001 12 4211.0
2002 1 4051.0
2002 2 4316.0
2002 3 3188.0
2002 4 3470.0
2002 5 3390.0
2002 6 5153.0
2002 7 5249.0
2002 8 4694.0
2002 9 2800.0
2002 10 5136.0
2002 11 2555.0
2002 12 3697.0
2003 1 3288.0
2003 2 3437.0
2003 3 3572.0
2003 4 3411.0
2003 5 5898.0
2003 6 3581.0
2003 7 2826.0
2003 8 4354.0
2003 9 3206.0
2003 10 4919.0
2003 11 2106.0
2003 12 4993.0
2004 1 4086.0
2004 2 5801.0
2004 3 3809.0
2004 4 4493.0
2004 5 5274.0
2004 6 3971.0
2004 7 4924.0
2004 8 4670.0
2004 9 4079.0
2004 10 7574.0
2004 11 3875.0
2004 12 4761.0
2005 1 5049.0
2005 2 4220.0
2005 3 6236.0
2005 4 6985.0
2005 5 4719.0
2005 6 6104.0
2005 7 6400.0
2005 8 6083.0
2005 9 6303.0
2005 10 4882.0
2005 11 3824.0
2005 12 5369.0
2006 1 4640.0
2006 2 5478.0
2006 3 5734.0
2006 4 4632.0
2006 5 4180.0
2006 6 4019.0
2006 7 4481.0
2006 8 4564.0
2006 9 3173.0
2006 10 3916.0
2006 11 2720.0
2006 12 2736.0
2007 1 2807.0
2007 2 2860.0
2007 3 3551.0
2007 4 2922.0
2007 5 3019.0
2007 6 2253.0
2007 7 1974.0
2007 8 2738.0
2007 9 1563.0
2007 10 1996.0
2007 11 1937.0
2007 12 2075.0
2008 1 2940.0
2008 2 1969.0
2008 3 1317.0
2008 4 2257.0
2008 5 1496.0
2008 6 2520.0
2008 7 841.0
2008 8 2405.0
2008 9 2188.0
2008 10 813.0
2008 11 1185.0
2008 12 1383.0
2009 1 1059.0
2009 2 1368.0
2009 3 1218.0
2009 4 265.0
2009 5 147.0
2009 6 689.0
2009 7 156.0
2009 8 259.0
2009 9 464.0
2009 10 295.0
2009 11 928.0
2009 12 1010.0
2010 1 1040.0
2010 2 398.0
2010 3 809.0
2010 4 519.0
2010 5 260.0
2010 6 578.0
2010 7 362.0
2010 8 515.0
2010 9 462.0
2010 10 532.0
2010 11 798.0
2010 12 930.0
2011 1 925.0
2011 2 764.0
2011 3 1413.0
2011 4 515.0
2011 5 258.0
2011 6 721.0
2011 7 1102.0
2011 8 595.0
2011 9 682.0
2011 10 601.0
2011 11 1406.0
2011 12 1233.0
2012 1 1853.0
2012 2 465.0
2012 3 1783.0
2012 4 1347.0
2012 5 1421.0
2012 6 1435.0
2012 7 1195.0
2012 8 2080.0
2012 9 4445.0
2012 10 984.0
2012 11 1917.0
2012 12 1250.0
2013 1 2222.0
2013 2 2619.0
2013 3 2848.0
2013 4 4298.0
2013 5 3922.0
2013 6 1333.0
2013 7 1911.0
2013 8 1278.0
2013 9 1860.0
2013 10 2707.0
2013 11 2657.0
2013 12 1858.0
2014 1 3160.0
2014 2 3614.0
2014 3 1253.0
2014 4 2094.0
2014 5 1660.0
2014 6 2515.0
2014 7 2126.0
2014 8 1448.0
2014 9 1173.0
2014 10 3095.0
2014 11 1474.0
2014 12 3116.0
2015 1 3250.0
2015 2 4266.0
2015 3 3043.0
2015 4 2281.0
2015 5 3071.0
2015 6 3176.0
2015 7 2299.0
2015 8 1614.0
2015 9 4359.0
2015 10 3243.0
2015 11 3059.0
2015 12 4978.0
2016 1 2511.0
2016 2 3782.0
2016 3 2664.0
2016 4 3114.0
2016 5 1552.0
2016 6 2496.0
2016 7 2586.0
2016 8 3023.0
2016 9 3401.0
2016 10 4417.0
2016 11 2863.0
2016 12 3636.0
2017 1 3825.0
2017 2 2066.0
2017 3 1577.0
2017 4 3794.0
2017 5 2526.0
2017 6 3906.0
2017 7 2492.0
2017 8 2519.0
2017 9 2266.0
2017 10 3602.0
2017 11 1342.0
2017 12 2495.0
2018 1 3792.0
2018 2 3376.0
2018 3 3149.0
2018 4 4645.0
2018 5 2334.0
2018 6 3599.0
2018 7 3981.0
2018 8 3681.0
2018 9 3078.0
2018 10 3485.0
2018 11 4743.0
2018 12 4834.0
2019 1 3111.0
2019 2 3436.0
2019 3 3481.0
2019 4 6423.0
2019 5 3271.0
2019 6 2555.0
2019 7 3763.0
2019 8 5715.0
2019 9 6613.0
2019 10 5327.0
2019 11 2920.0
2019 12 4150.0
2020 1 4875.0
2020 2 3177.0
2020 3 3734.0
2020 4 3782.0
2020 5 3446.0
2020 6 3648.0
2020 7 2790.0
2020 8 5035.0
2020 9 3349.0
2020 10 3969.0
2020 11 1966.0
2020 12 3163.0
2021 1 4440.0
2021 2 2719.0
2021 3 4215.0
2021 4 6528.0
2021 5 4562.0
2021 6 4536.0
2021 7 4258.0
2021 8 9388.0
2021 9 4736.0
2021 10 4659.0
2021 11 3955.0
2021 12 6025.0
2022 1 5412.0
2022 2 4181.0
2022 3 5673.0
2022 4 6123.0
2022 5 7210.0
2022 6 7881.0
2022 7 5127.0
2022 8 5568.0
2022 9 7780.0
2022 10 5827.0
2022 11 4398.0
2022 12 6983.0
2023 1 6545.0
2023 2 7477.0
2023 3 7450.0
2023 4 5094.0
2023 5 3420.0
2023 6 5936.0
2023 7 4793.0
2023 8 5309.0
2023 9 4026.0
2023 10 3333.0
2023 11 3177.0
2023 12 4868.0
2024 1 4601.0
2024 2 3006.0
2024 3 3973.0
2024 4 5421.0
2024 5 4140.0
2024 6 4668.0
2024 7 4150.0
2024 8 4548.0
