1960 5 359.0
1960 6 542.0
1960 7 218.0
1960 8 354.0
1960 9 284.0
1960 10 292.0
1960 11 194.0
1960 12 222.0
1961 1 208.0
1961 2 235.0
1961 3 308.0
1961 4 258.0
1961 5 390.0
1961 6 208.0
1961 7 224.0
1961 8 216.0
1961 9 216.0
1961 10 265.0
1961 11 242.0
1961 12 225.0
1962 1 257.0
1962 2 248.0
1962 3 332.0
1962 4 221.0
1962 5 791.0
1962 6 185.0
1962 7 250.0
1962 8 269.0
1962 9 238.0
1962 10 313.0
1962 11 328.0
1962 12 272.0
1963 1 344.0
1963 2 303.0
1963 3 413.0
1963 4 429.0
1963 5 434.0
1963 6 365.0
1963 7 319.0
1963 8 457.0
1963 9 396.0
1963 10 367.0
1963 11 389.0
1963 12 371.0
1964 1 431.0
1964 2 469.0
1964 3 425.0
1964 4 500.0
1964 5 405.0
1964 6 493.0
1964 7 332.0
1964 8 418.0
1964 9 400.0
1964 10 385.0
1964 11 293.0
1964 12 274.0
1965 1 377.0
1965 2 400.0
1965 3 326.0
1965 4 407.0
1965 5 379.0
1965 6 303.0
1965 7 382.0
1965 8 322.0
1965 9 396.0
1965 10 516.0
1965 11 387.0
1965 12 431.0
1966 1 397.0
1966 2 318.0
1966 3 422.0
1966 4 381.0
1966 5 349.0
1966 6 332.0
1966 7 244.0
1966 8 308.0
1966 9 227.0
1966 10 191.0
1966 11 278.0
1966 12 259.0
1967 1 462.0
1967 2 321.0
1967 3 316.0
1967 4 397.0
1967 5 377.0
1967 6 589.0
1967 7 342.0
1967 8 480.0
1967 9 442.0
1967 10 358.0
1967 11 455.0
1967 12 461.0
1968 1 426.0
1968 2 613.0
1968 3 446.0
1968 4 454.0
1968 5 702.0
1968 6 435.0
1968 7 562.0
1968 8 790.0
1968 9 472.0
1968 10 733.0
1968 11 529.0
1968 12 572.0
1969 1 547.0
1969 2 912.0
1969 3 739.0
1969 4 729.0
1969 5 659.0
1969 6 608.0
1969 7 525.0
1969 8 598.0
1969 9 650.0
1969 10 744.0
1969 11 1009.0
1969 12 587.0
1970 1 786.0
1970 2 537.0
1970 3 797.0
1970 4 591.0
1970 5 542.0
1970 6 664.0
1970 7 621.0
1970 8 474.0
1970 9 771.0
1970 10 733.0
1970 11 859.0
1970 12 1068.0
1971 1 921.0
1971 2 861.0
1971 3 1399.0
1971 4 1436.0
1971 5 1319.0
1971 6 1664.0
1971 7 1038.0
1971 8 1133.0
1971 9 1075.0
1971 10 1127.0
1971 11 1106.0
1971 12 1180.0
1972 1 1613.0
1972 2 1420.0
1972 3 1540.0
1972 4 1726.0
1972 5 1615.0
1972 6 1403.0
1972 7 1517.0
1972 8 1237.0
1972 9 1667.0
1972 10 2265.0
1972 11 1497.0
1972 12 1871.0
1973 1 1743.0
1973 2 1260.0
1973 3 1633.0
1973 4 1273.0
1973 5 2041.0
1973 6 1988.0
1973 7 1729.0
1973 8 1211.0
1973 9 699.0
1973 10 1288.0
1973 11 1052.0
1973 12 543.0
1974 1 937.0
1974 2 758.0
1974 3 1304.0
1974 4 699.0
1974 5 749.0
1974 6 669.0
1974 7 464.0
1974 8 491.0
1974 9 265.0
1974 10 453.0
1974 11 130.0
1974 12 274.0
1975 1 158.0
1975 2 352.0
1975 3 299.0
1975 4 263.0
1975 5 401.0
1975 6 483.0
1975 7 546.0
1975 8 201.0
1975 9 451.0
1975 10 386.0
1975 11 426.0
1975 12 272.0
1976 1 272.0
1976 2 402.0
1976 3 552.0
1976 4 465.0
1976 5 557.0
1976 6 548.0
1976 7 345.0
1976 8 430.0
1976 9 582.0
1976 10 425.0
1976 11 369.0
1976 12 391.0
1977 1 460.0
1977 2 607.0
1977 3 823.0
1977 4 666.0
1977 5 736.0
1977 6 831.0
1977 7 812.0
1977 8 835.0
1977 9 806.0
1977 10 1058.0
1977 11 1198.0
1977 12 760.0
1978 1 1092.0
1978 2 824.0
1978 3 1184.0
1978 4 1104.0
1978 5 1034.0
1978 6 1271.0
1978 7 701.0
1978 8 1386.0
1978 9 1172.0
1978 10 1102.0
1978 11 1632.0
1978 12 1157.0
1979 1 1608.0
1979 2 1339.0
1979 3 2319.0
1979 4 1138.0
1979 5 1270.0
1979 6 1533.0
1979 7 1200.0
1979 8 1909.0
1979 9 1785.0
1979 10 2106.0
1979 11 1532.0
1979 12 1351.0
1980 1 1746.0
1980 2 1892.0
1980 3 1688.0
1980 4 1429.0
1980 5 1313.0
1980 6 1549.0
1980 7 2303.0
1980 8 1825.0
1980 9 2635.0
1980 10 2471.0
1980 11 1834.0
1980 12 1740.0
1981 1 2408.0
1981 2 1574.0
1981 3 2244.0
1981 4 2215.0
1981 5 1781.0
1981 6 1726.0
1981 7 1582.0
1981 8 1542.0
1981 9 1170.0
1981 10 1196.0
1981 11 915.0
1981 12 1286.0
1982 1 1161.0
1982 2 970.0
1982 3 1082.0
1982 4 921.0
1982 5 1001.0
1982 6 1260.0
1982 7 1000.0
1982 8 1145.0
1982 9 1120.0
1982 10 1266.0
1982 11 1449.0
1982 12 1463.0
1983 1 1221.0
1983 2 1696.0
1983 3 2104.0
1983 4 2005.0
1983 5 1998.0
1983 6 2247.0
1983 7 1876.0
1983 8 2444.0
1983 9 2109.0
1983 10 2049.0
1983 11 2277.0
1983 12 1785.0
1984 1 1498.0
1984 2 1888.0
1984 3 2179.0
1984 4 1818.0
1984 5 2304.0
1984 6 1910.0
1984 7 1722.0
1984 8 1660.0
1984 9 1571.0
1984 10 1822.0
1984 11 1406.0
1984 12 1227.0
1985 1 1654.0
1985 2 1186.0
1985 3 1578.0
1985 4 1570.0
1985 5 1325.0
1985 6 1067.0
1985 7 1370.0
1985 8 1357.0
1985 9 1340.0
1985 10 1260.0
1985 11 1040.0
1985 12 1257.0
1986 1 1242.0
1986 2 1085.0
1986 3 995.0
1986 4 954.0
1986 5 1228.0
1986 6 1287.0
1986 7 1139.0
1986 8 888.0
1986 9 1116.0
1986 10 1031.0
1986 11 622.0
1986 12 884.0
1987 1 1193.0
1987 2 1312.0
1987 3 1290.0
1987 4 645.0
1987 5 1047.0
1987 6 1131.0
1987 7 944.0
1987 8 942.0
1987 9 791.0
1987 10 778.0
1987 11 549.0
1987 12 1083.0
1988 1 857.0
1988 2 815.0
1988 3 911.0
1988 4 739.0
1988 5 854.0
1988 6 946.0
1988 7 583.0
1988 8 812.0
1988 9 679.0
1988 10 758.0
1988 11 481.0
1988 12 713.0
1989 1 504.0
1989 2 955.0
1989 3 723.0
1989 4 798.0
1989 5 761.0
1989 6 960.0
1989 7 871.0
1989 8 626.0
1989 9 441.0
1989 10 725.0
1989 11 541.0
1989 12 503.0
1990 1 502.0
1990 2 451.0
1990 3 387.0
1990 4 355.0
1990 5 428.0
1990 6 293.0
1990 7 375.0
1990 8 636.0
1990 9 346.0
1990 10 363.0
1990 11 202.0
1990 12 229.0
1991 1 208.0
1991 2 235.0
1991 3 458.0
1991 4 344.0
1991 5 324.0
1991 6 389.0
1991 7 227.0
1991 8 337.0
1991 9 252.0
1991 10 199.0
1991 11 375.0
1991 12 130.0
1992 1 238.0
1992 2 205.0
1992 3 304.0
1992 4 326.0
1992 5 265.0
1992 6 332.0
1992 7 281.0
1992 8 317.0
1992 9 321.0
1992 10 239.0
1992 11 87.0
1992 12 308.0
1993 1 137.0
1993 2 196.0
1993 3 376.0
1993 4 437.0
1993 5 307.0
1993 6 427.0
1993 7 398.0
1993 8 241.0
1993 9 393.0
1993 10 217.0
1993 11 331.0
1993 12 345.0
1994 1 300.0
1994 2 375.0
1994 3 301.0
1994 4 562.0
1994 5 379.0
1994 6 412.0
1994 7 240.0
1994 8 405.0
1994 9 246.0
1994 10 295.0
1994 11 326.0
1994 12 361.0
1995 1 283.0
1995 2 253.0
1995 3 437.0
1995 4 306.0
1995 5 496.0
1995 6 308.0
1995 7 257.0
1995 8 363.0
1995 9 285.0
1995 10 258.0
1995 11 270.0
1995 12 225.0
1996 1 178.0
1996 2 346.0
1996 3 373.0
1996 4 257.0
1996 5 387.0
1996 6 382.0
1996 7 245.0
1996 8 378.0
1996 9 309.0
1996 10 291.0
1996 11 364.0
1996 12 308.0
1997 1 307.0
1997 2 367.0
1997 3 273.0
1997 4 360.0
1997 5 344.0
1997 6 388.0
1997 7 477.0
1997 8 510.0
1997 9 298.0
1997 10 287.0
1997 11 256.0
1997 12 284.0
1998 1 320.0
1998 2 384.0
1998 3 418.0
1998 4 259.0
1998 5 306.0
1998 6 640.0
1998 7 423.0
1998 8 426.0
1998 9 486.0
1998 10 553.0
1998 11 365.0
1998 12 262.0
1999 1 459.0
1999 2 378.0
1999 3 446.0
1999 4 404.0
1999 5 293.0
1999 6 490.0
1999 7 265.0
1999 8 661.0
1999 9 313.0
1999 10 412.0
1999 11 361.0
1999 12 529.0
2000 1 300.0
2000 2 403.0
2000 3 635.0
2000 4 470.0
2000 5 379.0
2000 6 443.0
2000 7 326.0
2000 8 453.0
2000 9 401.0
2000 10 598.0
2000 11 247.0
2000 12 338.0
2001 1 287.0
2001 2 513.0
2001 3 547.0
2001 4 497.0
2001 5 657.0
2001 6 591.0
2001 7 508.0
2001 8 460.0
2001 9 384.0
2001 10 445.0
2001 11 514.0
2001 12 408.0
2002 1 477.0
2002 2 558.0
2002 3 726.0
2002 4 481.0
2002 5 542.0
2002 6 487.0
2002 7 532.0
2002 8 407.0
2002 9 386.0
2002 10 458.0
2002 11 469.0
2002 12 288.0
2003 1 686.0
2003 2 462.0
2003 3 464.0
2003 4 594.0
2003 5 513.0
2003 6 758.0
2003 7 592.0
2003 8 684.0
2003 9 596.0
2003 10 691.0
2003 11 635.0
2003 12 565.0
2004 1 718.0
2004 2 687.0
2004 3 649.0
2004 4 944.0
2004 5 770.0
2004 6 648.0
2004 7 444.0
2004 8 329.0
2004 9 437.0
2004 10 439.0
2004 11 554.0
2004 12 463.0
2005 1 557.0
2005 2 715.0
2005 3 550.0
2005 4 336.0
2005 5 499.0
2005 6 621.0
2005 7 454.0
2005 8 704.0
2005 9 489.0
2005 10 397.0
2005 11 462.0
2005 12 403.0
2006 1 348.0
2006 2 394.0
2006 3 580.0
2006 4 452.0
2006 5 640.0
2006 6 481.0
2006 7 464.0
2006 8 440.0
2006 9 384.0
2006 10 423.0
2006 11 244.0
2006 12 388.0
2007 1 328.0
2007 2 338.0
2007 3 371.0
2007 4 272.0
2007 5 237.0
2007 6 250.0
2007 7 213.0
2007 8 125.0
2007 9 162.0
2007 10 91.0
2007 11 204.0
2007 12 240.0
2008 1 176.0
2008 2 182.0
2008 3 118.0
2008 4 127.0
2008 5 127.0
2008 6 138.0
2008 7 136.0
2008 8 188.0
2008 9 127.0
2008 10 94.0
2008 11 58.0
2008 12 70.0
2009 1 96.0
2009 2 162.0
2009 3 40.0
2009 4 76.0
2009 5 56.0
2009 6 48.0
2009 7 53.0
2009 8 59.0
2009 9 51.0
2009 10 18.0
2009 11 45.0
2009 12 39.0
2010 1 46.0
2010 2 52.0
2010 3 81.0
2010 4 98.0
2010 5 33.0
2010 6 65.0
2010 7 45.0
2010 8 53.0
2010 9 39.0
2010 10 51.0
2010 11 58.0
2010 12 39.0
2011 1 47.0
2011 2 29.0
2011 3 84.0
2011 4 169.0
2011 5 133.0
2011 6 197.0
2011 7 143.0
2011 8 227.0
2011 9 129.0
2011 10 152.0
2011 11 100.0
2011 12 211.0
2012 1 199.0
2012 2 187.0
2012 3 203.0
2012 4 77.0
2012 5 110.0
2012 6 105.0
2012 7 77.0
2012 8 83.0
2012 9 89.0
2012 10 73.0
2012 11 104.0
2012 12 68.0
2013 1 117.0
2013 2 163.0
2013 3 100.0
2013 4 148.0
2013 5 153.0
2013 6 61.0
2013 7 167.0
2013 8 152.0
2013 9 138.0
2013 10 149.0
2013 11 151.0
2013 12 152.0
2014 1 172.0
2014 2 116.0
2014 3 129.0
2014 4 171.0
2014 5 114.0
2014 6 112.0
2014 7 253.0
2014 8 145.0
2014 9 76.0
2014 10 230.0
2014 11 94.0
2014 12 237.0
2015 1 197.0
2015 2 145.0
2015 3 113.0
2015 4 108.0
2015 5 116.0
2015 6 199.0
2015 7 150.0
2015 8 134.0
2015 9 235.0
2015 10 172.0
2015 11 103.0
2015 12 111.0
2016 1 159.0
2016 2 111.0
2016 3 225.0
2016 4 170.0
2016 5 185.0
2016 6 224.0
2016 7 109.0
2016 8 197.0
2016 9 281.0
2016 10 150.0
2016 11 132.0
2016 12 338.0
2017 1 157.0
2017 2 197.0
2017 3 173.0
2017 4 188.0
2017 5 193.0
2017 6 211.0
2017 7 192.0
2017 8 146.0
2017 9 134.0
2017 10 138.0
2017 11 91.0
2017 12 163.0
2018 1 254.0
2018 2 209.0
2018 3 329.0
2018 4 228.0
2018 5 239.0
2018 6 290.0
2018 7 180.0
2018 8 477.0
2018 9 200.0
2018 10 225.0
2018 11 177.0
2018 12 141.0
2019 1 284.0
2019 2 231.0
2019 3 203.0
2019 4 234.0
2019 5 281.0
2019 6 275.0
2019 7 272.0
2019 8 250.0
2019 9 261.0
2019 10 387.0
2019 11 198.0
2019 12 255.0
2020 1 255.0
2020 2 285.0
2020 3 299.0
2020 4 306.0
2020 5 288.0
2020 6 297.0
2020 7 399.0
2020 8 243.0
2020 9 426.0
2020 10 203.0
2020 11 229.0
2020 12 220.0
2021 1 274.0
2021 2 478.0
2021 3 535.0
2021 4 348.0
2021 5 490.0
2021 6 539.0
2021 7 450.0
2021 8 365.0
2021 9 225.0
2021 10 243.0
2021 11 292.0
2021 12 359.0
2022 1 243.0
2022 2 219.0
2022 3 447.0
2022 4 417.0
2022 5 307.0
2022 6 277.0
2022 7 390.0
2022 8 361.0
2022 9 338.0
2022 10 453.0
2022 11 544.0
2022 12 217.0
2023 1 359.0
2023 2 400.0
2023 3 402.0
2023 4 475.0
2023 5 231.0
2023 6 320.0
2023 7 268.0
2023 8 473.0
2023 9 255.0
2023 10 328.0
2023 11 220.0
2023 12 344.0
2024 1 213.0
2024 2 299.0
2024 3 228.0
2024 4 384.0
2024 5 288.0
2024 6 273.0
2024 7 231.0
2024 8 363.0
