1960 5 2721.0
1960 6 1705.0
1960 7 1401.0
1960 8 1460.0
1960 9 1656.0
1960 10 1648.0
1960 11 1203.0
1960 12 1420.0
1961 1 1499.0
1961 2 1241.0
1961 3 2134.0
1961 4 1637.0
1961 5 2048.0
1961 6 1586.0
1961 7 1497.0
1961 8 1790.0
1961 9 1656.0
1961 10 1939.0
1961 11 1505.0
1961 12 1450.0
1962 1 1461.0
1962 2 1816.0
1962 3 2023.0
1962 4 2464.0
1962 5 2708.0
1962 6 1916.0
1962 7 1613.0
1962 8 2078.0
1962 9 2010.0
1962 10 2219.0
1962 11 2464.0
1962 12 1316.0
1963 1 1841.0
1963 2 2398.0
1963 3 2122.0
1963 4 2848.0
1963 5 5324.0
1963 6 3065.0
1963 7 2719.0
1963 8 2224.0
1963 9 2664.0
1963 10 2621.0
1963 11 2453.0
1963 12 4059.0
1964 1 1985.0
1964 2 2922.0
1964 3 2586.0
1964 4 2445.0
1964 5 2390.0
1964 6 3044.0
1964 7 2016.0
1964 8 2398.0
1964 9 2128.0
1964 10 2076.0
1964 11 1959.0
1964 12 1697.0
1965 1 1876.0
1965 2 1741.0
1965 3 2273.0
1965 4 3346.0
1965 5 3380.0
1965 6 2570.0
1965 7 2361.0
1965 8 2496.0
1965 9 2311.0
1965 10 1782.0
1965 11 1992.0
1965 12 2103.0
1966 1 2087.0
1966 2 2551.0
1966 3 3039.0
1966 4 2768.0
1966 5 2130.0
1966 6 1700.0
1966 7 1500.0
1966 8 1475.0
1966 9 1514.0
1966 10 1333.0
1966 11 809.0
1966 12 720.0
1967 1 1771.0
1967 2 1833.0
1967 3 2527.0
1967 4 2905.0
1967 5 3600.0
1967 6 3139.0
1967 7 3273.0
1967 8 2551.0
1967 9 2922.0
1967 10 2508.0
1967 11 1950.0
1967 12 1402.0
1968 1 2563.0
1968 2 2324.0
1968 3 2589.0
1968 4 3336.0
1968 5 3220.0
1968 6 3389.0
1968 7 2387.0
1968 8 3251.0
1968 9 3096.0
1968 10 4091.0
1968 11 3288.0
1968 12 3334.0
1969 1 3241.0
1969 2 2969.0
1969 3 3039.0
1969 4 3779.0
1969 5 2764.0
1969 6 3919.0
1969 7 3703.0
1969 8 3282.0
1969 9 3836.0
1969 10 2631.0
1969 11 2197.0
1969 12 2168.0
1970 1 2320.0
1970 2 2619.0
1970 3 3787.0
1970 4 6033.0
1970 5 6130.0
1970 6 3344.0
1970 7 6009.0
1970 8 4064.0
1970 9 4083.0
1970 10 5459.0
1970 11 3479.0
1970 12 4598.0
1971 1 5699.0
1971 2 5853.0
1971 3 5770.0
1971 4 7990.0
1971 5 7244.0
1971 6 6849.0
1971 7 6572.0
1971 8 5499.0
1971 9 5260.0
1971 10 7553.0
1971 11 5675.0
1971 12 3108.0
1972 1 4406.0
1972 2 4287.0
1972 3 5504.0
1972 4 6899.0
1972 5 5496.0
1972 6 6858.0
1972 7 5688.0
1972 8 4973.0
1972 9 4932.0
1972 10 5287.0
1972 11 4051.0
1972 12 5734.0
1973 1 4651.0
1973 2 5475.0
1973 3 4441.0
1973 4 4151.0
1973 5 5975.0
1973 6 4724.0
1973 7 4195.0
1973 8 3444.0
1973 9 2299.0
1973 10 2618.0
1973 11 2646.0
1973 12 2057.0
1974 1 2089.0
1974 2 3134.0
1974 3 3447.0
1974 4 4181.0
1974 5 2589.0
1974 6 2048.0
1974 7 1806.0
1974 8 1335.0
1974 9 1040.0
1974 10 1272.0
1974 11 931.0
1974 12 1057.0
1975 1 1201.0
1975 2 1102.0
1975 3 1597.0
1975 4 1945.0
1975 5 1825.0
1975 6 1825.0
1975 7 1923.0
1975 8 1924.0
1975 9 1546.0
1975 10 1546.0
1975 11 1213.0
1975 12 1118.0
1976 1 1579.0
1976 2 1843.0
1976 3 2490.0
1976 4 2370.0
1976 5 2020.0
1976 6 1939.0
1976 7 1804.0
1976 8 2026.0
1976 9 1738.0
1976 10 1735.0
1976 11 1631.0
1976 12 1430.0
1977 1 1405.0
1977 2 2056.0
1977 3 2902.0
1977 4 3084.0
1977 5 3352.0
1977 6 3162.0
1977 7 3081.0
1977 8 2416.0
1977 9 2389.0
1977 10 2729.0
1977 11 1873.0
1977 12 2250.0
1978 1 1657.0
1978 2 2538.0
1978 3 3015.0
1978 4 4024.0
1978 5 3318.0
1978 6 3132.0
1978 7 3099.0
1978 8 3053.0
1978 9 2952.0
1978 10 3045.0
1978 11 2878.0
1978 12 1845.0
1979 1 3166.0
1979 2 2458.0
1979 3 3891.0
1979 4 4942.0
1979 5 4697.0
1979 6 3339.0
1979 7 3157.0
1979 8 4093.0
1979 9 3341.0
1979 10 3819.0
1979 11 2019.0
1979 12 2322.0
1980 1 2512.0
1980 2 2279.0
1980 3 1857.0
1980 4 2110.0
1980 5 2467.0
1980 6 3212.0
1980 7 3898.0
1980 8 4122.0
1980 9 4070.0
1980 10 4201.0
1980 11 2321.0
1980 12 2234.0
1981 1 2303.0
1981 2 2733.0
1981 3 3128.0
1981 4 3570.0
1981 5 3535.0
1981 6 2247.0
1981 7 2480.0
1981 8 2141.0
1981 9 2255.0
1981 10 1463.0
1981 11 1626.0
1981 12 2334.0
1982 1 1767.0
1982 2 2181.0
1982 3 4720.0
1982 4 2813.0
1982 5 3183.0
1982 6 3636.0
1982 7 2782.0
1982 8 3314.0
1982 9 3567.0
1982 10 3824.0
1982 11 3000.0
1982 12 4473.0
1983 1 4735.0
1983 2 3915.0
1983 3 5702.0
1983 4 7000.0
1983 5 6854.0
1983 6 6436.0
1983 7 5695.0
1983 8 6083.0
1983 9 5408.0
1983 10 5268.0
1983 11 5345.0
1983 12 4518.0
1984 1 4661.0
1984 2 6164.0
1984 3 6593.0
1984 4 7266.0
1984 5 7024.0
1984 6 7106.0
1984 7 5615.0
1984 8 6618.0
1984 9 5594.0
1984 10 5015.0
1984 11 4757.0
1984 12 3952.0
1985 1 4772.0
1985 2 4828.0
1985 3 6679.0
1985 4 7041.0
1985 5 6401.0
1985 6 6232.0
1985 7 6393.0
1985 8 6845.0
1985 9 7743.0
1985 10 6030.0
1985 11 5398.0
1985 12 5959.0
1986 1 5640.0
1986 2 5900.0
1986 3 7589.0
1986 4 7803.0
1986 5 7218.0
1986 6 7580.0
1986 7 5936.0
1986 8 6599.0
1986 9 6465.0
1986 10 6215.0
1986 11 4618.0
1986 12 4779.0
1987 1 3696.0
1987 2 5985.0
1987 3 6032.0
1987 4 6135.0
1987 5 5329.0
1987 6 6977.0
1987 7 5811.0
1987 8 5227.0
1987 9 6594.0
1987 10 4739.0
1987 11 4065.0
1987 12 3622.0
1988 1 3196.0
1988 2 5451.0
1988 3 7187.0
1988 4 5801.0
1988 5 5664.0
1988 6 6524.0
1988 7 4811.0
1988 8 5738.0
1988 9 4586.0
1988 10 5530.0
1988 11 5077.0
1988 12 4691.0
1989 1 4420.0
1989 2 4328.0
1989 3 4978.0
1989 4 3975.0
1989 5 4946.0
1989 6 4351.0
1989 7 3705.0
1989 8 5248.0
1989 9 4608.0
1989 10 4297.0
1989 11 3697.0
1989 12 3607.0
1990 1 5600.0
1990 2 3120.0
1990 3 4464.0
1990 4 3330.0
1990 5 3452.0
1990 6 3269.0
1990 7 3237.0
1990 8 4412.0
1990 9 2958.0
1990 10 2823.0
1990 11 2326.0
1990 12 2179.0
1991 1 2478.0
1991 2 3302.0
1991 3 3354.0
1991 4 3598.0
1991 5 3402.0
1991 6 2817.0
1991 7 3638.0
1991 8 3090.0
1991 9 3709.0
1991 10 3397.0
1991 11 2901.0
1991 12 2735.0
1992 1 3429.0
1992 2 3655.0
1992 3 4452.0
1992 4 4108.0
1992 5 3697.0
1992 6 4139.0
1992 7 4037.0
1992 8 3697.0
1992 9 3881.0
1992 10 3933.0
1992 11 2939.0
1992 12 3227.0
1993 1 3961.0
1993 2 4042.0
1993 3 4868.0
1993 4 4379.0
1993 5 4168.0
1993 6 4736.0
1993 7 4678.0
1993 8 5489.0
1993 9 5224.0
1993 10 5128.0
1993 11 4420.0
1993 12 4695.0
1994 1 4331.0
1994 2 4757.0
1994 3 6474.0
1994 4 6008.0
1994 5 6500.0
1994 6 6351.0
1994 7 4477.0
1994 8 6619.0
1994 9 6017.0
1994 10 5452.0
1994 11 5797.0
1994 12 5486.0
1995 1 5567.0
1995 2 4724.0
1995 3 6721.0
1995 4 5976.0
1995 5 6587.0
1995 6 8097.0
1995 7 6937.0
1995 8 7984.0
1995 9 6791.0
1995 10 5946.0
1995 11 5429.0
1995 12 6324.0
1996 1 6047.0
1996 2 6550.0
1996 3 6536.0
1996 4 8327.0
1996 5 7949.0
1996 6 6273.0
1996 7 6512.0
1996 8 8135.0
1996 9 6784.0
1996 10 5605.0
1996 11 4736.0
1996 12 6011.0
1997 1 5517.0
1997 2 4792.0
1997 3 6919.0
1997 4 8008.0
1997 5 6961.0
1997 6 6641.0
1997 7 7446.0
1997 8 6919.0
1997 9 5830.0
1997 10 7141.0
1997 11 4883.0
1997 12 5387.0
1998 1 5602.0
1998 2 6706.0
1998 3 8308.0
1998 4 7752.0
1998 5 7790.0
1998 6 6944.0
1998 7 7429.0
1998 8 8440.0
1998 9 7412.0
1998 10 7603.0
1998 11 6678.0
1998 12 7448.0
1999 1 6147.0
1999 2 7244.0
1999 3 8203.0
1999 4 8684.0
1999 5 6466.0
1999 6 9154.0
1999 7 7124.0
1999 8 8053.0
1999 9 7156.0
1999 10 7030.0
1999 11 7857.0
1999 12 6951.0
2000 1 7163.0
2000 2 7818.0
2000 3 8784.0
2000 4 8672.0
2000 5 8608.0
2000 6 8032.0
2000 7 7929.0
2000 8 7708.0
2000 9 7261.0
2000 10 6897.0
2000 11 6578.0
2000 12 6685.0
2001 1 7672.0
2001 2 7741.0
2001 3 7748.0
2001 4 8510.0
2001 5 8860.0
2001 6 9345.0
2001 7 8711.0
2001 8 8033.0
2001 9 6632.0
2001 10 7141.0
2001 11 6242.0
2001 12 6393.0
2002 1 7001.0
2002 2 7550.0
2002 3 8764.0
2002 4 9170.0
2002 5 9906.0
2002 6 8668.0
2002 7 9776.0
2002 8 7021.0
2002 9 7189.0
2002 10 8174.0
2002 11 6276.0
2002 12 6785.0
2003 1 7426.0
2003 2 6481.0
2003 3 7996.0
2003 4 8306.0
2003 5 7061.0
2003 6 7509.0
2003 7 8689.0
2003 8 8643.0
2003 9 9200.0
2003 10 8582.0
2003 11 6203.0
2003 12 8065.0
2004 1 8424.0
2004 2 7029.0
2004 3 10084.0
2004 4 8763.0
2004 5 9824.0
2004 6 8110.0
2004 7 10003.0
2004 8 9198.0
2004 9 8515.0
2004 10 8367.0
2004 11 9324.0
2004 12 8259.0
2005 1 7434.0
2005 2 7654.0
2005 3 9066.0
2005 4 8507.0
2005 5 10537.0
2005 6 8777.0
2005 7 7878.0
2005 8 10724.0
2005 9 9355.0
2005 10 8636.0
2005 11 7341.0
2005 12 7344.0
2006 1 8603.0
2006 2 7888.0
2006 3 10245.0
2006 4 8598.0
2006 5 11002.0
2006 6 8963.0
2006 7 7485.0
2006 8 9681.0
2006 9 6217.0
2006 10 7878.0
2006 11 6457.0
2006 12 5838.0
2007 1 6997.0
2007 2 6468.0
2007 3 7370.0
2007 4 8121.0
2007 5 7932.0
2007 6 6005.0
2007 7 5090.0
2007 8 5747.0
2007 9 4646.0
2007 10 4006.0
2007 11 3479.0
2007 12 2815.0
2008 1 3465.0
2008 2 3245.0
2008 3 3018.0
2008 4 3197.0
2008 5 3647.0
2008 6 3369.0
2008 7 2676.0
2008 8 2654.0
2008 9 2749.0
2008 10 2158.0
2008 11 864.0
2008 12 1048.0
2009 1 1107.0
2009 2 1179.0
2009 3 1320.0
2009 4 1370.0
2009 5 1562.0
2009 6 1824.0
2009 7 1414.0
2009 8 1809.0
2009 9 1607.0
2009 10 1328.0
2009 11 1095.0
2009 12 1744.0
2010 1 1207.0
2010 2 1338.0
2010 3 1790.0
2010 4 1778.0
2010 5 1202.0
2010 6 1554.0
2010 7 1690.0
2010 8 1382.0
2010 9 1156.0
2010 10 928.0
2010 11 1029.0
2010 12 1240.0
2011 1 1161.0
2011 2 1367.0
2011 3 1654.0
2011 4 1361.0
2011 5 1791.0
2011 6 1866.0
2011 7 1228.0
2011 8 2153.0
2011 9 1471.0
2011 10 1660.0
2011 11 1499.0
2011 12 1142.0
2012 1 1676.0
2012 2 2349.0
2012 3 1788.0
2012 4 2218.0
2012 5 1720.0
2012 6 2287.0
2012 7 2006.0
2012 8 1946.0
2012 9 2089.0
2012 10 2419.0
2012 11 1400.0
2012 12 2143.0
2013 1 1780.0
2013 2 3456.0
2013 3 2949.0
2013 4 2881.0
2013 5 3739.0
2013 6 3588.0
2013 7 2808.0
2013 8 2563.0
2013 9 2909.0
2013 10 3193.0
2013 11 2667.0
2013 12 2208.0
2014 1 1723.0
2014 2 2910.0
2014 3 3885.0
2014 4 2751.0
2014 5 3600.0
2014 6 3145.0
2014 7 3472.0
2014 8 3392.0
2014 9 2455.0
2014 10 3468.0
2014 11 2267.0
2014 12 3391.0
2015 1 2445.0
2015 2 3132.0
2015 3 3677.0
2015 4 3738.0
2015 5 4094.0
2015 6 4868.0
2015 7 4295.0
2015 8 3201.0
2015 9 2830.0
2015 10 4118.0
2015 11 3499.0
2015 12 3247.0
2016 1 3509.0
2016 2 4828.0
2016 3 4439.0
2016 4 4382.0
2016 5 4081.0
2016 6 5473.0
2016 7 3690.0
2016 8 3846.0
2016 9 3699.0
2016 10 4730.0
2016 11 3540.0
2016 12 4269.0
2017 1 4423.0
2017 2 3968.0
2017 3 5152.0
2017 4 3524.0
2017 5 4158.0
2017 6 4704.0
2017 7 4311.0
2017 8 4901.0
2017 9 3826.0
2017 10 4285.0
2017 11 3130.0
2017 12 2895.0
2018 1 5010.0
2018 2 3956.0
2018 3 5989.0
2018 4 4471.0
2018 5 5600.0
2018 6 4016.0
2018 7 4666.0
2018 8 4476.0
2018 9 4264.0
2018 10 5778.0
2018 11 4924.0
2018 12 3316.0
2019 1 4045.0
2019 2 4422.0
2019 3 4690.0
2019 4 4440.0
2019 5 4346.0
2019 6 4056.0
2019 7 4151.0
2019 8 4342.0
2019 9 4420.0
2019 10 5876.0
2019 11 3409.0
2019 12 3727.0
2020 1 4431.0
2020 2 4183.0
2020 3 3814.0
2020 4 3117.0
2020 5 3898.0
2020 6 4278.0
2020 7 4552.0
2020 8 4962.0
2020 9 5459.0
2020 10 5132.0
2020 11 4499.0
2020 12 4564.0
2021 1 5331.0
2021 2 4683.0
2021 3 6099.0
2021 4 5912.0
2021 5 5334.0
2021 6 5956.0
2021 7 4709.0
2021 8 5569.0
2021 9 5813.0
2021 10 4865.0
2021 11 5164.0
2021 12 5456.0
2022 1 5267.0
2022 2 6377.0
2022 3 7692.0
2022 4 6745.0
2022 5 5973.0
2022 6 5645.0
2022 7 6229.0
2022 8 7694.0
2022 9 5908.0
2022 10 6111.0
2022 11 5516.0
2022 12 4592.0
2023 1 5940.0
2023 2 5136.0
2023 3 5357.0
2023 4 5256.0
2023 5 7066.0
2023 6 5758.0
2023 7 5423.0
2023 8 5917.0
2023 9 4651.0
2023 10 5487.0
2023 11 4470.0
2023 12 4159.0
2024 1 5116.0
2024 2 5397.0
2024 3 6443.0
2024 4 6935.0
2024 5 5976.0
2024 6 5755.0
2024 7 5054.0
2024 8 5750.0
