1960 5 1638.0
1960 6 1269.0
1960 7 1181.0
1960 8 1277.0
1960 9 1182.0
1960 10 1041.0
1960 11 1041.0
1960 12 732.0
1961 1 1095.0
1961 2 958.0
1961 3 1440.0
1961 4 1272.0
1961 5 1548.0
1961 6 1349.0
1961 7 1178.0
1961 8 1417.0
1961 9 1315.0
1961 10 1504.0
1961 11 1280.0
1961 12 919.0
1962 1 1133.0
1962 2 1327.0
1962 3 1613.0
1962 4 1512.0
1962 5 1612.0
1962 6 1268.0
1962 7 1306.0
1962 8 1401.0
1962 9 1125.0
1962 10 1391.0
1962 11 1220.0
1962 12 857.0
1963 1 1137.0
1963 2 1437.0
1963 3 1527.0
1963 4 1652.0
1963 5 1728.0
1963 6 1457.0
1963 7 1579.0
1963 8 1580.0
1963 9 1481.0
1963 10 1679.0
1963 11 1235.0
1963 12 849.0
1964 1 1304.0
1964 2 1464.0
1964 3 1732.0
1964 4 1659.0
1964 5 1644.0
1964 6 1647.0
1964 7 1543.0
1964 8 1504.0
1964 9 1362.0
1964 10 1192.0
1964 11 1078.0
1964 12 961.0
1965 1 1245.0
1965 2 1234.0
1965 3 1472.0
1965 4 1456.0
1965 5 1563.0
1965 6 1450.0
1965 7 1421.0
1965 8 1319.0
1965 9 1384.0
1965 10 1274.0
1965 11 1269.0
1965 12 1148.0
1966 1 1316.0
1966 2 1158.0
1966 3 1509.0
1966 4 1198.0
1966 5 1215.0
1966 6 1041.0
1966 7 885.0
1966 8 924.0
1966 9 791.0
1966 10 746.0
1966 11 591.0
1966 12 599.0
1967 1 999.0
1967 2 991.0
1967 3 1411.0
1967 4 1344.0
1967 5 1415.0
1967 6 1413.0
1967 7 1113.0
1967 8 1358.0
1967 9 1376.0
1967 10 1373.0
1967 11 1283.0
1967 12 831.0
1968 1 1203.0
1968 2 1329.0
1968 3 1429.0
1968 4 1453.0
1968 5 1758.0
1968 6 1596.0
1968 7 1621.0
1968 8 1687.0
1968 9 1798.0
1968 10 1891.0
1968 11 1577.0
1968 12 1188.0
1969 1 1512.0
1969 2 1429.0
1969 3 1784.0
1969 4 1798.0
1969 5 1605.0
1969 6 1482.0
1969 7 1403.0
1969 8 1396.0
1969 9 1532.0
1969 10 1588.0
1969 11 1209.0
1969 12 1134.0
1970 1 1201.0
1970 2 1609.0
1970 3 1892.0
1970 4 2267.0
1970 5 2359.0
1970 6 2154.0
1970 7 2348.0
1970 8 2363.0
1970 9 2580.0
1970 10 2405.0
1970 11 1873.0
1970 12 2076.0
1971 1 1997.0
1971 2 2077.0
1971 3 2978.0
1971 4 3014.0
1971 5 3113.0
1971 6 3102.0
1971 7 3300.0
1971 8 3326.0
1971 9 2819.0
1971 10 2377.0
1971 11 2703.0
1971 12 2038.0
1972 1 2482.0
1972 2 2651.0
1972 3 2898.0
1972 4 3062.0
1972 5 3212.0
1972 6 2705.0
1972 7 2797.0
1972 8 2720.0
1972 9 2774.0
1972 10 2775.0
1972 11 2487.0
1972 12 2220.0
1973 1 2287.0
1973 2 2778.0
1973 3 3123.0
1973 4 2965.0
1973 5 3829.0
1973 6 2609.0
1973 7 2312.0
1973 8 1833.0
1973 9 1467.0
1973 10 1283.0
1973 11 1592.0
1973 12 1139.0
1974 1 1464.0
1974 2 1765.0
1974 3 2365.0
1974 4 2851.0
1974 5 1872.0
1974 6 1575.0
1974 7 1195.0
1974 8 1106.0
1974 9 881.0
1974 10 972.0
1974 11 821.0
1974 12 646.0
1975 1 945.0
1975 2 1092.0
1975 3 1412.0
1975 4 1826.0
1975 5 1704.0
1975 6 1641.0
1975 7 1682.0
1975 8 1621.0
1975 9 1434.0
1975 10 1450.0
1975 11 1180.0
1975 12 1062.0
1976 1 1354.0
1976 2 1769.0
1976 3 1915.0
1976 4 2223.0
1976 5 1671.0
1976 6 1900.0
1976 7 1755.0
1976 8 1698.0
1976 9 1596.0
1976 10 1589.0
1976 11 1453.0
1976 12 1146.0
1977 1 1290.0
1977 2 1956.0
1977 3 2345.0
1977 4 2237.0
1977 5 2353.0
1977 6 2421.0
1977 7 2143.0
1977 8 2075.0
1977 9 1862.0
1977 10 1980.0
1977 11 1704.0
1977 12 1519.0
1978 1 1355.0
1978 2 2294.0
1978 3 2594.0
1978 4 2695.0
1978 5 2815.0
1978 6 2323.0
1978 7 2302.0
1978 8 2707.0
1978 9 2388.0
1978 10 2703.0
1978 11 2128.0
1978 12 1711.0
1979 1 1856.0
1979 2 1877.0
1979 3 3000.0
1979 4 2836.0
1979 5 3544.0
1979 6 2998.0
1979 7 2791.0
1979 8 3306.0
1979 9 2471.0
1979 10 2765.0
1979 11 1745.0
1979 12 1551.0
1980 1 2122.0
1980 2 2050.0
1980 3 1618.0
1980 4 1604.0
1980 5 1731.0
1980 6 2654.0
1980 7 2899.0
1980 8 2847.0
1980 9 2956.0
1980 10 2876.0
1980 11 1728.0
1980 12 1585.0
1981 1 1719.0
1981 2 1884.0
1981 3 2576.0
1981 4 2916.0
1981 5 1710.0
1981 6 1823.0
1981 7 1739.0
1981 8 1692.0
1981 9 1574.0
1981 10 1155.0
1981 11 1038.0
1981 12 1237.0
1982 1 1176.0
1982 2 1598.0
1982 3 2953.0
1982 4 1951.0
1982 5 2087.0
1982 6 2547.0
1982 7 1867.0
1982 8 2241.0
1982 9 2532.0
1982 10 2543.0
1982 11 2424.0
1982 12 2385.0
1983 1 2706.0
1983 2 2804.0
1983 3 3891.0
1983 4 3630.0
1983 5 4639.0
1983 6 3932.0
1983 7 3631.0
1983 8 3860.0
1983 9 3331.0
1983 10 3235.0
1983 11 3461.0
1983 12 2404.0
1984 1 3086.0
1984 2 3950.0
1984 3 4473.0
1984 4 4319.0
1984 5 4032.0
1984 6 3869.0
1984 7 3331.0
1984 8 3436.0
1984 9 3390.0
1984 10 3990.0
1984 11 3399.0
1984 12 2639.0
1985 1 3189.0
1985 2 2928.0
1985 3 4771.0
1985 4 4711.0
1985 5 4681.0
1985 6 4006.0
1985 7 4082.0
1985 8 4321.0
1985 9 3862.0
1985 10 3987.0
1985 11 3270.0
1985 12 2764.0
1986 1 4032.0
1986 2 4028.0
1986 3 5049.0
1986 4 5516.0
1986 5 5417.0
1986 6 5196.0
1986 7 4605.0
1986 8 3947.0
1986 9 3885.0
1986 10 4233.0
1986 11 2792.0
1986 12 3143.0
1987 1 3116.0
1987 2 4155.0
1987 3 5213.0
1987 4 4993.0
1987 5 4253.0
1987 6 4597.0
1987 7 4008.0
1987 8 3925.0
1987 9 4049.0
1987 10 3790.0
1987 11 2837.0
1987 12 2830.0
1988 1 2438.0
1988 2 4022.0
1988 3 5029.0
1988 4 3936.0
1988 5 4084.0
1988 6 4381.0
1988 7 3599.0
1988 8 4072.0
1988 9 3336.0
1988 10 3186.0
1988 11 2959.0
1988 12 2769.0
1989 1 3013.0
1989 2 3101.0
1989 3 3880.0
1989 4 3126.0
1989 5 3293.0
1989 6 2821.0
1989 7 2729.0
1989 8 3697.0
1989 9 2838.0
1989 10 3005.0
1989 11 2615.0
1989 12 1930.0
1990 1 2934.0
1990 2 2704.0
1990 3 3918.0
1990 4 3178.0
1990 5 3086.0
1990 6 2944.0
1990 7 2661.0
1990 8 2966.0
1990 9 2577.0
1990 10 2470.0
1990 11 2088.0
1990 12 1840.0
1991 1 2316.0
1991 2 2994.0
1991 3 3086.0
1991 4 3254.0
1991 5 3282.0
1991 6 2686.0
1991 7 3095.0
1991 8 2967.0
1991 9 3158.0
1991 10 3027.0
1991 11 2267.0
1991 12 2541.0
1992 1 3327.0
1992 2 3534.0
1992 3 4267.0
1992 4 3996.0
1992 5 3496.0
1992 6 3755.0
1992 7 3773.0
1992 8 3560.0
1992 9 3611.0
1992 10 3872.0
1992 11 2890.0
1992 12 3069.0
1993 1 3328.0
1993 2 3961.0
1993 3 4152.0
1993 4 4233.0
1993 5 4068.0
1993 6 4362.0
1993 7 4259.0
1993 8 4874.0
1993 9 4231.0
1993 10 4267.0
1993 11 3986.0
1993 12 4263.0
1994 1 3905.0
1994 2 4414.0
1994 3 6036.0
1994 4 5300.0
1994 5 5165.0
1994 6 5012.0
1994 7 3695.0
1994 8 5020.0
1994 9 4686.0
1994 10 4485.0
1994 11 4010.0
1994 12 3898.0
1995 1 4264.0
1995 2 3962.0
1995 3 5200.0
1995 4 4800.0
1995 5 5201.0
1995 6 5495.0
1995 7 5075.0
1995 8 5859.0
1995 9 5083.0
1995 10 5111.0
1995 11 4641.0
1995 12 4312.0
1996 1 5096.0
1996 2 5316.0
1996 3 5902.0
1996 4 7131.0
1996 5 6188.0
1996 6 5127.0
1996 7 5489.0
1996 8 5244.0
1996 9 4939.0
1996 10 5127.0
1996 11 4526.0
1996 12 4008.0
1997 1 4732.0
1997 2 4532.0
1997 3 5269.0
1997 4 5729.0
1997 5 5083.0
1997 6 5323.0
1997 7 5202.0
1997 8 5141.0
1997 9 5113.0
1997 10 5767.0
1997 11 3771.0
1997 12 4198.0
1998 1 4624.0
1998 2 5178.0
1998 3 6488.0
1998 4 6217.0
1998 5 5711.0
1998 6 5958.0
1998 7 5800.0
1998 8 6299.0
1998 9 6161.0
1998 10 5872.0
1998 11 5153.0
1998 12 6034.0
1999 1 5195.0
1999 2 6055.0
1999 3 7124.0
1999 4 6584.0
1999 5 5914.0
1999 6 6502.0
1999 7 5822.0
1999 8 6594.0
1999 9 5681.0
1999 10 5397.0
1999 11 5338.0
1999 12 5445.0
2000 1 5117.0
2000 2 5757.0
2000 3 7198.0
2000 4 5814.0
2000 5 6794.0
2000 6 5816.0
2000 7 5391.0
2000 8 6164.0
2000 9 5162.0
2000 10 5931.0
2000 11 5092.0
2000 12 4198.0
2001 1 5724.0
2001 2 5777.0
2001 3 6636.0
2001 4 6621.0
2001 5 6852.0
2001 6 6785.0
2001 7 5782.0
2001 8 6275.0
2001 9 5008.0
2001 10 5248.0
2001 11 4891.0
2001 12 4660.0
2002 1 5464.0
2002 2 6048.0
2002 3 6593.0
2002 4 7041.0
2002 5 7365.0
2002 6 6070.0
2002 7 6835.0
2002 8 6565.0
2002 9 5790.0
2002 10 5930.0
2002 11 4873.0
2002 12 5041.0
2003 1 5822.0
2003 2 6044.0
2003 3 6056.0
2003 4 6926.0
2003 5 6623.0
2003 6 6529.0
2003 7 6975.0
2003 8 6874.0
2003 9 7050.0
2003 10 7021.0
2003 11 5142.0
2003 12 6784.0
2004 1 6389.0
2004 2 6247.0
2004 3 8791.0
2004 4 7656.0
2004 5 7346.0
2004 6 7844.0
2004 7 6844.0
2004 8 7712.0
2004 9 7679.0
2004 10 6331.0
2004 11 5555.0
2004 12 6197.0
2005 1 6782.0
2005 2 6277.0
2005 3 8496.0
2005 4 7297.0
2005 5 8147.0
2005 6 8070.0
2005 7 7082.0
2005 8 9053.0
2005 9 7441.0
2005 10 7409.0
2005 11 6610.0
2005 12 6644.0
2006 1 6586.0
2006 2 6875.0
2006 3 8379.0
2006 4 7205.0
2006 5 8361.0
2006 6 8264.0
2006 7 6680.0
2006 8 7556.0
2006 9 5589.0
2006 10 6231.0
2006 11 5269.0
2006 12 4700.0
2007 1 5360.0
2007 2 5013.0
2007 3 6064.0
2007 4 5377.0
2007 5 5259.0
2007 6 4944.0
2007 7 4236.0
2007 8 4543.0
2007 9 3281.0
2007 10 3182.0
2007 11 2613.0
2007 12 2075.0
2008 1 2551.0
2008 2 2762.0
2008 3 2658.0
2008 4 2916.0
2008 5 2786.0
2008 6 2445.0
2008 7 1871.0
2008 8 1733.0
2008 9 1922.0
2008 10 1371.0
2008 11 811.0
2008 12 828.0
2009 1 937.0
2009 2 1072.0
2009 3 1082.0
2009 4 1255.0
2009 5 1129.0
2009 6 1481.0
2009 7 1371.0
2009 8 1302.0
2009 9 1266.0
2009 10 1139.0
2009 11 995.0
2009 12 1082.0
2010 1 1095.0
2010 2 1150.0
2010 3 1693.0
2010 4 1479.0
2010 5 1127.0
2010 6 1293.0
2010 7 1131.0
2010 8 1151.0
2010 9 1015.0
2010 10 892.0
2010 11 941.0
2010 12 950.0
2011 1 993.0
2011 2 1092.0
2011 3 1253.0
2011 4 1164.0
2011 5 1364.0
2011 6 1513.0
2011 7 1036.0
2011 8 1324.0
2011 9 1089.0
2011 10 1118.0
2011 11 1111.0
2011 12 998.0
2012 1 1112.0
2012 2 1437.0
2012 3 1498.0
2012 4 1493.0
2012 5 1518.0
2012 6 1559.0
2012 7 1352.0
2012 8 1688.0
2012 9 1334.0
2012 10 1704.0
2012 11 1246.0
2012 12 1271.0
2013 1 1603.0
2013 2 1817.0
2013 3 1964.0
2013 4 2169.0
2013 5 2443.0
2013 6 2091.0
2013 7 2171.0
2013 8 2081.0
2013 9 2017.0
2013 10 2042.0
2013 11 1810.0
2013 12 1701.0
2014 1 1657.0
2014 2 1850.0
2014 3 2371.0
2014 4 2204.0
2014 5 2338.0
2014 6 2415.0
2014 7 2438.0
2014 8 2407.0
2014 9 2078.0
2014 10 2261.0
2014 11 1826.0
2014 12 2099.0
2015 1 2109.0
2015 2 2340.0
2015 3 2696.0
2015 4 2909.0
2015 5 2715.0
2015 6 3148.0
2015 7 3017.0
2015 8 2725.0
2015 9 2622.0
2015 10 2714.0
2015 11 2207.0
2015 12 2258.0
2016 1 2380.0
2016 2 2843.0
2016 3 3407.0
2016 4 3441.0
2016 5 3264.0
2016 6 3306.0
2016 7 2869.0
2016 8 3300.0
2016 9 2912.0
2016 10 2881.0
2016 11 2587.0
2016 12 3033.0
2017 1 2924.0
2017 2 3080.0
2017 3 4008.0
2017 4 3275.0
2017 5 3920.0
2017 6 3845.0
2017 7 3138.0
2017 8 3664.0
2017 9 3066.0
2017 10 3311.0
2017 11 2802.0
2017 12 2572.0
2018 1 3368.0
2018 2 3379.0
2018 3 4019.0
2018 4 3834.0
2018 5 3869.0
2018 6 3890.0
2018 7 3424.0
2018 8 3561.0
2018 9 3133.0
2018 10 3399.0
2018 11 2832.0
2018 12 2400.0
2019 1 3283.0
2019 2 3248.0
2019 3 3743.0
2019 4 3438.0
2019 5 3897.0
2019 6 3612.0
2019 7 3522.0
2019 8 3650.0
2019 9 3289.0
2019 10 3878.0
2019 11 2930.0
2019 12 3364.0
2020 1 3380.0
2020 2 3381.0
2020 3 3520.0
2020 4 2891.0
2020 5 2862.0
2020 6 3616.0
2020 7 4200.0
2020 8 4256.0
2020 9 4521.0
2020 10 4642.0
2020 11 3885.0
2020 12 4024.0
2021 1 4205.0
2021 2 4408.0
2021 3 5522.0
2021 4 4934.0
2021 5 4614.0
2021 6 5037.0
2021 7 3954.0
2021 8 4043.0
2021 9 3922.0
2021 10 3879.0
2021 11 3610.0
2021 12 3821.0
2022 1 4023.0
2022 2 4399.0
2022 3 5511.0
2022 4 4434.0
2022 5 4419.0
2022 6 4381.0
2022 7 3482.0
2022 8 3792.0
2022 9 3407.0
2022 10 3371.0
2022 11 2715.0
2022 12 2299.0
2023 1 2809.0
2023 2 3086.0
2023 3 4167.0
2023 4 3772.0
2023 5 4357.0
2023 6 4379.0
2023 7 4013.0
2023 8 4350.0
2023 9 3769.0
2023 10 3803.0
2023 11 3222.0
2023 12 3147.0
2024 1 3961.0
2024 2 4030.0
2024 3 4568.0
2024 4 4773.0
2024 5 4445.0
2024 6 3789.0
2024 7 4142.0
2024 8 4183.0
