1960 5 1083.0
1960 6 436.0
1960 7 220.0
1960 8 183.0
1960 9 474.0
1960 10 607.0
1960 11 162.0
1960 12 688.0
1961 1 404.0
1961 2 283.0
1961 3 694.0
1961 4 365.0
1961 5 500.0
1961 6 237.0
1961 7 319.0
1961 8 373.0
1961 9 341.0
1961 10 435.0
1961 11 225.0
1961 12 531.0
1962 1 328.0
1962 2 489.0
1962 3 410.0
1962 4 952.0
1962 5 1096.0
1962 6 648.0
1962 7 307.0
1962 8 677.0
1962 9 885.0
1962 10 828.0
1962 11 1244.0
1962 12 459.0
1963 1 704.0
1963 2 961.0
1963 3 595.0
1963 4 1196.0
1963 5 3596.0
1963 6 1608.0
1963 7 1140.0
1963 8 644.0
1963 9 1183.0
1963 10 942.0
1963 11 1218.0
1963 12 3210.0
1964 1 681.0
1964 2 1458.0
1964 3 854.0
1964 4 786.0
1964 5 746.0
1964 6 1397.0
1964 7 473.0
1964 8 894.0
1964 9 766.0
1964 10 884.0
1964 11 881.0
1964 12 736.0
1965 1 631.0
1965 2 507.0
1965 3 801.0
1965 4 1890.0
1965 5 1817.0
1965 6 1120.0
1965 7 940.0
1965 8 1177.0
1965 9 927.0
1965 10 508.0
1965 11 723.0
1965 12 955.0
1966 1 771.0
1966 2 1393.0
1966 3 1530.0
1966 4 1570.0
1966 5 915.0
1966 6 659.0
1966 7 615.0
1966 8 551.0
1966 9 723.0
1966 10 587.0
1966 11 218.0
1966 12 121.0
1967 1 772.0
1967 2 842.0
1967 3 1116.0
1967 4 1561.0
1967 5 2185.0
1967 6 1726.0
1967 7 2160.0
1967 8 1193.0
1967 9 1546.0
1967 10 1135.0
1967 11 667.0
1967 12 571.0
1968 1 1360.0
1968 2 995.0
1968 3 1160.0
1968 4 1883.0
1968 5 1462.0
1968 6 1793.0
1968 7 766.0
1968 8 1564.0
1968 9 1298.0
1968 10 2200.0
1968 11 1711.0
1968 12 2146.0
1969 1 1729.0
1969 2 1540.0
1969 3 1255.0
1969 4 1981.0
1969 5 1159.0
1969 6 2437.0
1969 7 2300.0
1969 8 1886.0
1969 9 2304.0
1969 10 1043.0
1969 11 988.0
1969 12 1034.0
1970 1 1119.0
1970 2 1010.0
1970 3 1895.0
1970 4 3766.0
1970 5 3771.0
1970 6 1190.0
1970 7 3661.0
1970 8 1701.0
1970 9 1503.0
1970 10 3054.0
1970 11 1606.0
1970 12 2522.0
1971 1 3702.0
1971 2 3776.0
1971 3 2792.0
1971 4 4976.0
1971 5 4131.0
1971 6 3747.0
1971 7 3272.0
1971 8 2173.0
1971 9 2441.0
1971 10 5176.0
1971 11 2972.0
1971 12 1070.0
1972 1 1924.0
1972 2 1636.0
1972 3 2606.0
1972 4 3837.0
1972 5 2284.0
1972 6 4153.0
1972 7 2891.0
1972 8 2253.0
1972 9 2158.0
1972 10 2512.0
1972 11 1564.0
1972 12 3514.0
1973 1 2364.0
1973 2 2697.0
1973 3 1318.0
1973 4 1186.0
1973 5 2146.0
1973 6 2115.0
1973 7 1883.0
1973 8 1611.0
1973 9 832.0
1973 10 1335.0
1973 11 1054.0
1973 12 918.0
1974 1 625.0
1974 2 1369.0
1974 3 1082.0
1974 4 1330.0
1974 5 717.0
1974 6 473.0
1974 7 611.0
1974 8 229.0
1974 9 159.0
1974 10 300.0
1974 11 110.0
1974 12 411.0
1975 1 256.0
1975 2 10.0
1975 3 185.0
1975 4 119.0
1975 5 121.0
1975 6 184.0
1975 7 241.0
1975 8 303.0
1975 9 112.0
1975 10 96.0
1975 11 33.0
1975 12 56.0
1976 1 225.0
1976 2 74.0
1976 3 575.0
1976 4 147.0
1976 5 349.0
1976 6 39.0
1976 7 49.0
1976 8 328.0
1976 9 142.0
1976 10 146.0
1976 11 178.0
1976 12 284.0
1977 1 115.0
1977 2 100.0
1977 3 557.0
1977 4 847.0
1977 5 999.0
1977 6 741.0
1977 7 938.0
1977 8 341.0
1977 9 527.0
1977 10 749.0
1977 11 169.0
1977 12 731.0
1978 1 302.0
1978 2 244.0
1978 3 421.0
1978 4 1329.0
1978 5 503.0
1978 6 809.0
1978 7 797.0
1978 8 346.0
1978 9 564.0
1978 10 342.0
1978 11 750.0
1978 12 134.0
1979 1 1310.0
1979 2 581.0
1979 3 891.0
1979 4 2106.0
1979 5 1153.0
1979 6 341.0
1979 7 366.0
1979 8 787.0
1979 9 870.0
1979 10 1054.0
1979 11 274.0
1979 12 771.0
1980 1 390.0
1980 2 229.0
1980 3 239.0
1980 4 506.0
1980 5 736.0
1980 6 558.0
1980 7 999.0
1980 8 1275.0
1980 9 1114.0
1980 10 1325.0
1980 11 593.0
1980 12 649.0
1981 1 584.0
1981 2 849.0
1981 3 552.0
1981 4 654.0
1981 5 1825.0
1981 6 424.0
1981 7 741.0
1981 8 449.0
1981 9 681.0
1981 10 308.0
1981 11 588.0
1981 12 1097.0
1982 1 591.0
1982 2 583.0
1982 3 1767.0
1982 4 862.0
1982 5 1096.0
1982 6 1089.0
1982 7 915.0
1982 8 1073.0
1982 9 1035.0
1982 10 1281.0
1982 11 576.0
1982 12 2088.0
1983 1 2029.0
1983 2 1111.0
1983 3 1811.0
1983 4 3370.0
1983 5 2215.0
1983 6 2504.0
1983 7 2064.0
1983 8 2223.0
1983 9 2077.0
1983 10 2033.0
1983 11 1884.0
1983 12 2114.0
1984 1 1575.0
1984 2 2214.0
1984 3 2120.0
1984 4 2947.0
1984 5 2992.0
1984 6 3237.0
1984 7 2284.0
1984 8 3182.0
1984 9 2204.0
1984 10 1025.0
1984 11 1358.0
1984 12 1313.0
1985 1 1583.0
1985 2 1900.0
1985 3 1908.0
1985 4 2330.0
1985 5 1720.0
1985 6 2226.0
1985 7 2311.0
1985 8 2524.0
1985 9 3881.0
1985 10 2043.0
1985 11 2128.0
1985 12 3195.0
1986 1 1608.0
1986 2 1872.0
1986 3 2540.0
1986 4 2287.0
1986 5 1801.0
1986 6 2384.0
1986 7 1331.0
1986 8 2652.0
1986 9 2580.0
1986 10 1982.0
1986 11 1826.0
1986 12 1636.0
1987 1 580.0
1987 2 1830.0
1987 3 819.0
1987 4 1142.0
1987 5 1076.0
1987 6 2380.0
1987 7 1803.0
1987 8 1302.0
1987 9 2545.0
1987 10 949.0
1987 11 1228.0
1987 12 792.0
1988 1 758.0
1988 2 1429.0
1988 3 2158.0
1988 4 1865.0
1988 5 1580.0
1988 6 2143.0
1988 7 1212.0
1988 8 1666.0
1988 9 1250.0
1988 10 2344.0
1988 11 2118.0
1988 12 1922.0
1989 1 1407.0
1989 2 1227.0
1989 3 1098.0
1989 4 849.0
1989 5 1653.0
1989 6 1530.0
1989 7 976.0
1989 8 1551.0
1989 9 1770.0
1989 10 1292.0
1989 11 1082.0
1989 12 1677.0
1990 1 2666.0
1990 2 416.0
1990 3 546.0
1990 4 152.0
1990 5 366.0
1990 6 325.0
1990 7 576.0
1990 8 1446.0
1990 9 381.0
1990 10 353.0
1990 11 238.0
1990 12 339.0
1991 1 162.0
1991 2 308.0
1991 3 268.0
1991 4 344.0
1991 5 120.0
1991 6 131.0
1991 7 543.0
1991 8 123.0
1991 9 551.0
1991 10 370.0
1991 11 634.0
1991 12 194.0
1992 1 102.0
1992 2 121.0
1992 3 185.0
1992 4 112.0
1992 5 201.0
1992 6 384.0
1992 7 264.0
1992 8 137.0
1992 9 270.0
1992 10 61.0
1992 11 49.0
1992 12 158.0
1993 1 633.0
1993 2 81.0
1993 3 716.0
1993 4 146.0
1993 5 100.0
1993 6 374.0
1993 7 419.0
1993 8 615.0
1993 9 993.0
1993 10 861.0
1993 11 434.0
1993 12 432.0
1994 1 426.0
1994 2 343.0
1994 3 438.0
1994 4 708.0
1994 5 1335.0
1994 6 1339.0
1994 7 782.0
1994 8 1599.0
1994 9 1331.0
1994 10 967.0
1994 11 1787.0
1994 12 1588.0
1995 1 1303.0
1995 2 762.0
1995 3 1521.0
1995 4 1176.0
1995 5 1386.0
1995 6 2602.0
1995 7 1862.0
1995 8 2125.0
1995 9 1708.0
1995 10 835.0
1995 11 788.0
1995 12 2012.0
1996 1 951.0
1996 2 1234.0
1996 3 634.0
1996 4 1196.0
1996 5 1761.0
1996 6 1146.0
1996 7 1023.0
1996 8 2891.0
1996 9 1845.0
1996 10 478.0
1996 11 210.0
1996 12 2003.0
1997 1 785.0
1997 2 260.0
1997 3 1650.0
1997 4 2279.0
1997 5 1878.0
1997 6 1318.0
1997 7 2244.0
1997 8 1778.0
1997 9 717.0
1997 10 1374.0
1997 11 1112.0
1997 12 1189.0
1998 1 978.0
1998 2 1528.0
1998 3 1820.0
1998 4 1535.0
1998 5 2079.0
1998 6 986.0
1998 7 1629.0
1998 8 2141.0
1998 9 1251.0
1998 10 1731.0
1998 11 1525.0
1998 12 1414.0
1999 1 952.0
1999 2 1189.0
1999 3 1079.0
1999 4 2100.0
1999 5 552.0
1999 6 2652.0
1999 7 1302.0
1999 8 1459.0
1999 9 1475.0
1999 10 1633.0
1999 11 2519.0
1999 12 1506.0
2000 1 2046.0
2000 2 2061.0
2000 3 1586.0
2000 4 2858.0
2000 5 1814.0
2000 6 2216.0
2000 7 2538.0
2000 8 1544.0
2000 9 2099.0
2000 10 966.0
2000 11 1486.0
2000 12 2487.0
2001 1 1948.0
2001 2 1964.0
2001 3 1112.0
2001 4 1889.0
2001 5 2008.0
2001 6 2560.0
2001 7 2929.0
2001 8 1758.0
2001 9 1624.0
2001 10 1893.0
2001 11 1351.0
2001 12 1733.0
2002 1 1537.0
2002 2 1502.0
2002 3 2171.0
2002 4 2129.0
2002 5 2541.0
2002 6 2598.0
2002 7 2941.0
2002 8 456.0
2002 9 1399.0
2002 10 2244.0
2002 11 1403.0
2002 12 1744.0
2003 1 1604.0
2003 2 437.0
2003 3 1940.0
2003 4 1380.0
2003 5 438.0
2003 6 980.0
2003 7 1714.0
2003 8 1769.0
2003 9 2150.0
2003 10 1561.0
2003 11 1061.0
2003 12 1281.0
2004 1 2035.0
2004 2 782.0
2004 3 1293.0
2004 4 1107.0
2004 5 2478.0
2004 6 266.0
2004 7 3159.0
2004 8 1486.0
2004 9 836.0
2004 10 2036.0
2004 11 3769.0
2004 12 2062.0
2005 1 652.0
2005 2 1377.0
2005 3 570.0
2005 4 1210.0
2005 5 2390.0
2005 6 707.0
2005 7 796.0
2005 8 1671.0
2005 9 1914.0
2005 10 1227.0
2005 11 731.0
2005 12 700.0
2006 1 2017.0
2006 2 1013.0
2006 3 1866.0
2006 4 1393.0
2006 5 2641.0
2006 6 699.0
2006 7 805.0
2006 8 2125.0
2006 9 628.0
2006 10 1647.0
2006 11 1188.0
2006 12 1138.0
2007 1 1637.0
2007 2 1455.0
2007 3 1306.0
2007 4 2744.0
2007 5 2673.0
2007 6 1061.0
2007 7 854.0
2007 8 1204.0
2007 9 1365.0
2007 10 824.0
2007 11 866.0
2007 12 740.0
2008 1 914.0
2008 2 483.0
2008 3 360.0
2008 4 281.0
2008 5 861.0
2008 6 924.0
2008 7 805.0
2008 8 921.0
2008 9 827.0
2008 10 787.0
2008 11 53.0
2008 12 220.0
2009 1 170.0
2009 2 107.0
2009 3 238.0
2009 4 115.0
2009 5 433.0
2009 6 343.0
2009 7 43.0
2009 8 507.0
2009 9 341.0
2009 10 189.0
2009 11 100.0
2009 12 662.0
2010 1 112.0
2010 2 188.0
2010 3 97.0
2010 4 299.0
2010 5 75.0
2010 6 261.0
2010 7 559.0
2010 8 231.0
2010 9 141.0
2010 10 36.0
2010 11 88.0
2010 12 290.0
2011 1 168.0
2011 2 275.0
2011 3 401.0
2011 4 197.0
2011 5 427.0
2011 6 353.0
2011 7 192.0
2011 8 829.0
2011 9 382.0
2011 10 542.0
2011 11 388.0
2011 12 144.0
2012 1 564.0
2012 2 912.0
2012 3 290.0
2012 4 725.0
2012 5 202.0
2012 6 728.0
2012 7 654.0
2012 8 258.0
2012 9 755.0
2012 10 715.0
2012 11 154.0
2012 12 872.0
2013 1 177.0
2013 2 1639.0
2013 3 985.0
2013 4 712.0
2013 5 1296.0
2013 6 1497.0
2013 7 637.0
2013 8 482.0
2013 9 892.0
2013 10 1151.0
2013 11 857.0
2013 12 507.0
2014 1 66.0
2014 2 1060.0
2014 3 1514.0
2014 4 547.0
2014 5 1262.0
2014 6 730.0
2014 7 1034.0
2014 8 985.0
2014 9 377.0
2014 10 1207.0
2014 11 441.0
2014 12 1292.0
2015 1 336.0
2015 2 792.0
2015 3 981.0
2015 4 829.0
2015 5 1379.0
2015 6 1720.0
2015 7 1278.0
2015 8 476.0
2015 9 208.0
2015 10 1404.0
2015 11 1292.0
2015 12 989.0
2016 1 1129.0
2016 2 1985.0
2016 3 1032.0
2016 4 941.0
2016 5 817.0
2016 6 2167.0
2016 7 821.0
2016 8 546.0
2016 9 787.0
2016 10 1849.0
2016 11 953.0
2016 12 1236.0
2017 1 1499.0
2017 2 888.0
2017 3 1144.0
2017 4 249.0
2017 5 238.0
2017 6 859.0
2017 7 1173.0
2017 8 1237.0
2017 9 760.0
2017 10 974.0
2017 11 328.0
2017 12 323.0
2018 1 1642.0
2018 2 577.0
2018 3 1970.0
2018 4 637.0
2018 5 1731.0
2018 6 126.0
2018 7 1242.0
2018 8 915.0
2018 9 1131.0
2018 10 2379.0
2018 11 2092.0
2018 12 916.0
2019 1 762.0
2019 2 1174.0
2019 3 947.0
2019 4 1002.0
2019 5 449.0
2019 6 444.0
2019 7 629.0
2019 8 692.0
2019 9 1131.0
2019 10 1998.0
2019 11 479.0
2019 12 363.0
2020 1 1051.0
2020 2 802.0
2020 3 294.0
2020 4 226.0
2020 5 1036.0
2020 6 662.0
2020 7 352.0
2020 8 706.0
2020 9 938.0
2020 10 490.0
2020 11 614.0
2020 12 540.0
2021 1 1126.0
2021 2 275.0
2021 3 577.0
2021 4 978.0
2021 5 720.0
2021 6 919.0
2021 7 755.0
2021 8 1526.0
2021 9 1891.0
2021 10 986.0
2021 11 1554.0
2021 12 1635.0
2022 1 1244.0
2022 2 1978.0
2022 3 2181.0
2022 4 2311.0
2022 5 1554.0
2022 6 1264.0
2022 7 2747.0
2022 8 3902.0
2022 9 2501.0
2022 10 2740.0
2022 11 2801.0
2022 12 2293.0
2023 1 3131.0
2023 2 2050.0
2023 3 1190.0
2023 4 1484.0
2023 5 2709.0
2023 6 1379.0
2023 7 1410.0
2023 8 1567.0
2023 9 882.0
2023 10 1684.0
2023 11 1248.0
2023 12 1012.0
2024 1 1155.0
2024 2 1367.0
2024 3 1875.0
2024 4 2162.0
2024 5 1531.0
2024 6 1966.0
2024 7 912.0
2024 8 1567.0
