1960 7 35.0
1960 8 25.0
1960 9 15.0
1960 10 5.0
1960 11 5.166666666666667
1960 12 5.333333333333333
1961 1 5.5
1961 2 5.666666666666667
1961 3 5.833333333333333
1961 4 6.0
1961 5 6.5
1961 6 7.0
1961 7 8.0
1961 8 7.0
1961 9 6.0
1961 10 6.833333333333333
1961 11 7.666666666666667
1961 12 8.5
1962 1 9.333333333333334
1962 2 10.166666666666668
1962 3 11.0
1962 4 20.0
1962 5 14.0
1962 6 13.0
1962 7 11.4
1962 8 9.8
1962 9 8.2
1962 10 6.6
1962 11 5.0
1962 12 20.0
1963 1 34.0
1963 2 10.0
1963 3 15.5
1963 4 21.0
1963 5 50.5
1963 6 80.0
1963 7 12.0
1963 8 101.0
1963 9 64.0
1963 10 32.0
1963 11 27.2
1963 12 22.4
1964 1 17.6
1964 2 12.8
1964 3 8.0
1964 4 27.5
1964 5 47.0
1964 6 38.0
1964 7 9.0
1964 8 16.0
1964 9 19.5
1964 10 23.0
1964 11 31.0
1964 12 40.0
1965 1 28.5
1965 2 17.0
1965 3 11.0
1965 4 14.0
1965 5 20.0
1965 6 12.0
1965 7 21.0
1965 8 30.0
1965 9 17.0
1965 10 42.0
1965 11 28.0
1965 12 22.5
1966 1 17.0
1966 2 11.5
1966 3 6.0
1966 4 75.0
1966 5 18.0
1966 6 26.25
1966 7 34.5
1966 8 42.75
1966 9 51.0
1966 10 31.5
1966 11 12.0
1966 12 10.666666666666666
1967 1 9.333333333333334
1967 2 8.0
1967 3 24.0
1967 4 40.0
1967 5 51.0
1967 6 18.0
1967 7 12.0
1967 8 22.0
1967 9 21.0
1967 10 20.0
1967 11 12.0
1967 12 15.0
1968 1 18.0
1968 2 77.0
1968 3 70.0
1968 4 28.0
1968 5 29.333333333333332
1968 6 30.666666666666668
1968 7 32.0
1968 8 33.0
1968 9 34.0
1968 10 92.0
1968 11 41.0
1968 12 30.5
1969 1 20.0
1969 2 13.0
1969 3 6.0
1969 4 10.0
1969 5 14.0
1969 6 18.0
1969 7 16.0
1969 8 24.0
1969 9 96.0
1969 10 124.0
1969 11 12.0
1969 12 48.0
1970 1 85.33333333333334
1970 2 122.66666666666667
1970 3 160.0
1970 4 6.0
1970 5 32.0
1970 6 45.5
1970 7 59.0
1970 8 17.0
1970 9 207.0
1970 10 410.0
1970 11 33.0
1970 12 7.0
1971 1 224.0
1971 2 32.0
1971 3 39.0
1971 4 416.0
1971 5 130.0
1971 6 93.0
1971 7 91.0
1971 8 26.0
1971 9 108.0
1971 10 36.0
1971 11 32.0
1971 12 48.0
1972 1 68.0
1972 2 216.0
1972 3 45.0
1972 4 202.0
1972 5 100.0
1972 6 121.0
1972 7 142.0
1972 8 67.0
1972 9 46.0
1972 10 172.0
1972 11 32.0
1972 12 20.0
1973 1 8.0
1973 2 74.0
1973 3 32.0
1973 4 24.0
1973 5 118.0
1973 6 132.0
1973 7 133.0
1973 8 80.0
1973 9 12.0
1973 10 10.0
1973 11 8.0
1973 12 157.0
1974 1 88.5
1974 2 20.0
1974 3 24.0
1974 4 12.0
1974 5 97.0
1974 6 44.0
1974 7 48.0
1974 8 8.0
1974 9 96.0
1974 10 24.0
1974 11 41.0
1974 12 5.0
1975 1 13.0
1975 2 21.0
1975 3 29.0
1975 4 116.0
1975 5 371.0
1975 6 8.0
1975 7 28.0
1975 8 8.0
1975 9 98.0
1975 10 38.0
1975 11 120.0
1975 12 94.0
1976 1 62.0
1976 2 8.0
1976 3 51.0
1976 4 32.0
1976 5 58.0
1976 6 92.0
1976 7 34.0
1976 8 122.0
1976 9 160.0
1976 10 140.0
1976 11 72.0
1976 12 139.0
1977 1 42.0
1977 2 177.0
1977 3 156.0
1977 4 92.0
1977 5 222.0
1977 6 146.0
1977 7 325.0
1977 8 282.0
1977 9 59.0
1977 10 120.0
1977 11 275.0
1977 12 128.0
1978 1 30.0
1978 2 102.0
1978 3 91.0
1978 4 207.0
1978 5 39.0
1978 6 76.0
1978 7 56.0
1978 8 97.0
1978 9 142.0
1978 10 187.0
1978 11 49.0
1978 12 21.0
1979 1 120.0
1979 2 210.0
1979 3 39.0
1979 4 78.0
1979 5 281.0
1979 6 56.0
1979 7 55.0
1979 8 43.0
1979 9 180.0
1979 10 91.0
1979 11 7.0
1979 12 88.0
1980 1 40.0
1980 2 36.0
1980 3 50.0
1980 4 37.0
1980 5 24.0
1980 6 58.0
1980 7 92.0
1980 8 47.0
1980 9 66.0
1980 10 33.0
1980 11 105.0
1980 12 92.0
1981 1 66.0
1981 2 56.0
1981 3 46.0
1981 4 36.0
1981 5 24.0
1981 6 41.0
1981 7 38.0
1981 8 12.0
1981 9 157.0
1981 10 8.0
1981 11 18.0
1981 12 26.666666666666664
1982 1 35.33333333333333
1982 2 44.0
1982 3 89.0
1982 4 53.5
1982 5 18.0
1982 6 5.0
1982 7 35.0
1982 8 30.5
1982 9 26.0
1982 10 19.5
1982 11 13.0
1982 12 9.5
1983 1 6.0
1983 2 10.0
1983 3 9.0
1983 4 8.0
1983 5 53.0
1983 6 24.0
1983 7 30.0
1983 8 36.0
1983 9 81.0
1983 10 24.0
1983 11 153.0
1983 12 115.0
1984 1 66.5
1984 2 18.0
1984 3 14.0
1984 4 32.0
1984 5 50.0
1984 6 184.0
1984 7 6.0
1984 8 21.0
1984 9 25.0
1984 10 56.0
1984 11 32.0
1984 12 43.0
1985 1 24.0
1985 2 5.0
1985 3 5.0
1985 4 5.0
1985 5 12.0
1985 6 258.0
1985 7 216.0
1985 8 36.0
1985 9 56.0
1985 10 148.0
1985 11 93.0
1985 12 5.0
1986 1 29.5
1986 2 54.0
1986 3 114.0
1986 4 44.0
1986 5 36.0
1986 6 55.0
1986 7 171.0
1986 8 62.0
1986 9 5.0
1986 10 96.0
1986 11 15.0
1986 12 5.0
1987 1 46.0
1987 2 43.0
1987 3 40.0
1987 4 14.0
1987 5 48.0
1987 6 14.0
1987 7 24.0
1987 8 24.0
1987 9 91.5
1987 10 159.0
1987 11 11.0
1987 12 8.0
1988 1 5.0
1988 2 5.333333333333333
1988 3 5.666666666666667
1988 4 6.0
1988 5 5.5
1988 6 5.0
1988 7 36.0
1988 8 83.0
1988 9 48.0
1988 10 43.2
1988 11 38.4
1988 12 33.6
1989 1 28.8
1989 2 24.0
1989 3 64.0
1989 4 61.0
1989 5 36.0
1989 6 177.0
1989 7 315.0
1989 8 11.0
1989 9 72.0
1989 10 13.0
1989 11 53.0
1989 12 60.0
1990 1 42.0
1990 2 24.0
1990 3 54.0
1990 4 47.0
1990 5 41.0
1990 6 92.5
1990 7 144.0
1990 8 24.0
1990 9 262.0
1990 10 133.5
1990 11 5.0
1990 12 16.0
1991 1 10.5
1991 2 5.0
1991 3 59.0
1991 4 29.0
1991 5 80.0
1991 6 14.0
1991 7 6.0
1991 8 98.0
1991 9 31.0
1991 10 247.0
1991 11 20.0
1991 12 47.0
1992 1 65.5
1992 2 84.0
1992 3 51.0
1992 4 84.0
1992 5 99.0
1992 6 24.0
1992 7 65.0
1992 8 30.0
1992 9 117.0
1992 10 194.0
1992 11 111.0
1992 12 41.0
1993 1 6.0
1993 2 171.0
1993 3 56.0
1993 4 18.0
1993 5 108.0
1993 6 39.0
1993 7 186.0
1993 8 213.0
1993 9 102.0
1993 10 260.0
1993 11 151.0
1993 12 171.0
1994 1 15.0
1994 2 125.5
1994 3 236.0
1994 4 50.0
1994 5 24.0
1994 6 132.0
1994 7 96.0
1994 8 131.0
1994 9 664.0
1994 10 221.0
1994 11 41.0
1994 12 69.0
1995 1 5.0
1995 2 204.0
1995 3 17.0
1995 4 66.0
1995 5 104.0
1995 6 251.0
1995 7 96.0
1995 8 52.0
1995 9 214.0
1995 10 37.0
1995 11 125.0
1995 12 145.0
1996 1 10.0
1996 2 91.0
1996 3 33.0
1996 4 107.0
1996 5 63.0
1996 6 146.0
1996 7 73.0
1996 8 37.0
1996 9 60.0
1996 10 59.0
1996 11 12.0
1996 12 40.0
1997 1 30.0
1997 2 15.0
1997 3 36.0
1997 4 39.0
1997 5 30.0
1997 6 68.0
1997 7 293.0
1997 8 88.0
1997 9 53.0
1997 10 94.0
1997 11 37.0
1997 12 48.0
1998 1 24.0
1998 2 130.0
1998 3 236.0
1998 4 16.0
1998 5 41.0
1998 6 15.0
1998 7 70.0
1998 8 36.0
1998 9 8.0
1998 10 47.0
1998 11 70.0
1998 12 136.0
1999 1 71.5
1999 2 7.0
1999 3 5.0
1999 4 202.0
1999 5 11.0
1999 6 116.0
1999 7 230.0
1999 8 41.0
1999 9 195.0
1999 10 76.0
1999 11 20.0
1999 12 148.0
2000 1 11.0
2000 2 16.0
2000 3 21.0
2000 4 33.0
2000 5 13.0
2000 6 212.0
2000 7 99.0
2000 8 13.0
2000 9 54.0
2000 10 24.0
2000 11 63.0
2000 12 36.0
2001 1 88.0
2001 2 120.0
2001 3 285.0
2001 4 73.0
2001 5 66.0
2001 6 323.0
2001 7 32.0
2001 8 106.0
2001 9 52.0
2001 10 163.0
2001 11 133.0
2001 12 103.0
2002 1 55.0
2002 2 71.0
2002 3 70.0
2002 4 161.0
2002 5 70.0
2002 6 58.0
2002 7 64.0
2002 8 114.0
2002 9 222.0
2002 10 210.0
2002 11 149.0
2002 12 518.0
2003 1 42.0
2003 2 305.0
2003 3 8.0
2003 4 34.0
2003 5 100.0
2003 6 199.0
2003 7 22.0
2003 8 141.0
2003 9 54.0
2003 10 144.0
2003 11 42.0
2003 12 211.0
2004 1 12.0
2004 2 27.0
2004 3 78.0
2004 4 38.0
2004 5 37.0
2004 6 60.0
2004 7 97.0
2004 8 45.0
2004 9 84.0
2004 10 46.0
2004 11 58.0
2004 12 90.0
2005 1 65.0
2005 2 101.0
2005 3 66.0
2005 4 85.0
2005 5 14.0
2005 6 43.0
2005 7 166.0
2005 8 56.0
2005 9 144.0
2005 10 45.0
2005 11 34.0
2005 12 72.0
2006 1 12.0
2006 2 43.0
2006 3 47.0
2006 4 107.0
2006 5 27.0
2006 6 45.0
2006 7 119.0
2006 8 70.0
2006 9 164.0
2006 10 56.0
2006 11 115.0
2006 12 42.0
2007 1 29.0
2007 2 19.0
2007 3 228.0
2007 4 12.0
2007 5 21.0
2007 6 25.0
2007 7 228.0
2007 8 25.0
2007 9 72.0
2007 10 37.0
2007 11 20.0
2007 12 190.0
2008 1 12.0
2008 2 24.0
2008 3 5.0
2008 4 20.0
2008 5 24.0
2008 6 28.0
2008 7 16.5
2008 8 5.0
2008 9 88.0
2008 10 19.0
2008 11 15.0
2008 12 11.0
2009 1 216.0
2009 2 158.66666666666666
2009 3 101.33333333333333
2009 4 44.0
2009 5 28.5
2009 6 13.0
2009 7 24.0
2009 8 65.0
2009 9 70.4
2009 10 75.8
2009 11 81.2
2009 12 86.6
2010 1 92.0
2010 2 24.0
2010 3 5.0
2010 4 5.0
2010 5 43.0
2010 6 109.0
2010 7 57.0
2010 8 5.0
2010 9 69.66666666666667
2010 10 134.33333333333334
2010 11 199.0
2010 12 7.0
2011 1 22.0
2011 2 43.0
2011 3 21.0
2011 4 11.0
2011 5 17.0
2011 6 51.0
2011 7 83.0
2011 8 70.0
2011 9 82.0
2011 10 14.0
2011 11 13.0
2011 12 8.0
2012 1 15.0
2012 2 22.0
2012 3 72.0
2012 4 66.0
2012 5 52.0
2012 6 23.0
2012 7 111.0
2012 8 108.0
2012 9 74.0
2012 10 19.0
2012 11 135.0
2012 12 33.0
2013 1 26.0
2013 2 97.0
2013 3 34.0
2013 4 44.0
2013 5 126.0
2013 6 77.0
2013 7 82.0
2013 8 84.0
2013 9 187.0
2013 10 247.0
2013 11 86.0
2013 12 176.0
2014 1 40.0
2014 2 190.0
2014 3 268.0
2014 4 193.0
2014 5 245.0
2014 6 117.0
2014 7 106.0
2014 8 162.0
2014 9 169.0
2014 10 364.0
2014 11 45.0
2014 12 130.0
2015 1 73.0
2015 2 16.0
2015 3 64.0
2015 4 307.0
2015 5 228.0
2015 6 102.0
2015 7 246.0
2015 8 69.0
2015 9 173.0
2015 10 93.0
2015 11 148.0
2015 12 42.0
2016 1 130.0
2016 2 234.0
2016 3 99.0
2016 4 229.0
2016 5 268.0
2016 6 97.0
2016 7 278.0
2016 8 205.0
2016 9 56.0
2016 10 115.0
2016 11 131.0
2016 12 102.0
2017 1 17.0
2017 2 35.0
2017 3 118.0
2017 4 231.0
2017 5 309.0
2017 6 280.0
2017 7 72.0
2017 8 556.0
2017 9 304.0
2017 10 255.0
2017 11 154.0
2017 12 141.0
2018 1 109.0
2018 2 287.0
2018 3 381.0
2018 4 79.0
2018 5 218.0
2018 6 161.0
2018 7 142.0
2018 8 248.0
2018 9 414.0
2018 10 139.0
2018 11 147.0
2018 12 203.0
2019 1 122.0
2019 2 81.0
2019 3 47.0
2019 4 169.0
2019 5 336.0
2019 6 127.0
2019 7 499.0
2019 8 607.0
2019 9 190.0
2019 10 466.0
2019 11 441.0
2019 12 295.0
2020 1 597.0
2020 2 178.0
2020 3 331.0
2020 4 91.0
2020 5 114.0
2020 6 244.0
2020 7 174.0
2020 8 152.0
2020 9 134.0
2020 10 272.0
2020 11 304.0
2020 12 380.0
2021 1 137.0
2021 2 249.0
2021 3 354.0
2021 4 130.0
2021 5 74.0
2021 6 397.0
2021 7 171.0
2021 8 340.0
2021 9 445.0
2021 10 472.0
2021 11 301.0
2021 12 381.0
2022 1 170.0
2022 2 620.0
2022 3 837.0
2022 4 524.0
2022 5 652.0
2022 6 891.0
2022 7 362.0
2022 8 347.0
2022 9 140.0
2022 10 320.0
2022 11 669.0
2022 12 198.0
2023 1 347.0
2023 2 307.0
2023 3 230.0
2023 4 371.0
2023 5 503.0
2023 6 289.0
2023 7 469.0
2023 8 501.0
2023 9 1067.0
2023 10 414.0
2023 11 587.0
2023 12 597.0
2024 1 68.0
2024 2 134.0
2024 3 294.0
2024 4 130.0
2024 5 181.0
2024 6 92.0
2024 7 32.0
2024 8 182.0
