1960 5 117.0
1960 6 112.0
1960 7 90.0
1960 8 99.0
1960 9 116.0
1960 10 100.0
1960 11 120.0
1960 12 100.0
1961 1 72.0
1961 2 63.0
1961 3 83.0
1961 4 110.0
1961 5 125.0
1961 6 111.0
1961 7 89.0
1961 8 117.0
1961 9 103.0
1961 10 143.0
1961 11 76.0
1961 12 92.0
1962 1 51.0
1962 2 55.0
1962 3 149.0
1962 4 128.0
1962 5 156.0
1962 6 85.0
1962 7 81.0
1962 8 95.0
1962 9 76.0
1962 10 85.0
1962 11 79.0
1962 12 72.0
1963 1 45.0
1963 2 63.0
1963 3 90.0
1963 4 120.0
1963 5 76.0
1963 6 90.0
1963 7 84.0
1963 8 91.0
1963 9 71.0
1963 10 113.0
1963 11 76.0
1963 12 57.0
1964 1 36.0
1964 2 40.0
1964 3 82.0
1964 4 97.0
1964 5 100.0
1964 6 107.0
1964 7 85.0
1964 8 68.0
1964 9 83.0
1964 10 102.0
1964 11 63.0
1964 12 34.0
1965 1 43.0
1965 2 58.0
1965 3 89.0
1965 4 119.0
1965 5 83.0
1965 6 109.0
1965 7 59.0
1965 8 76.0
1965 9 55.0
1965 10 79.0
1965 11 73.0
1965 12 56.0
1966 1 48.0
1966 2 60.0
1966 3 94.0
1966 4 93.0
1966 5 84.0
1966 6 52.0
1966 7 44.0
1966 8 45.0
1966 9 43.0
1966 10 34.0
1966 11 29.0
1966 12 14.0
1967 1 36.0
1967 2 44.0
1967 3 63.0
1967 4 57.0
1967 5 62.0
1967 6 74.0
1967 7 67.0
1967 8 53.0
1967 9 45.0
1967 10 64.0
1967 11 64.0
1967 12 41.0
1968 1 35.0
1968 2 47.0
1968 3 77.0
1968 4 76.0
1968 5 104.0
1968 6 88.0
1968 7 83.0
1968 8 74.0
1968 9 89.0
1968 10 137.0
1968 11 63.0
1968 12 40.0
1969 1 32.0
1969 2 38.0
1969 3 92.0
1969 4 113.0
1969 5 85.0
1969 6 69.0
1969 7 91.0
1969 8 50.0
1969 9 73.0
1969 10 95.0
1969 11 84.0
1969 12 85.0
1970 1 37.0
1970 2 117.0
1970 3 107.0
1970 4 118.0
1970 5 174.0
1970 6 248.0
1970 7 142.0
1970 8 116.0
1970 9 172.0
1970 10 121.0
1970 11 113.0
1970 12 97.0
1971 1 84.0
1971 2 81.0
1971 3 131.0
1971 4 175.0
1971 5 206.0
1971 6 323.0
1971 7 212.0
1971 8 168.0
1971 9 199.0
1971 10 143.0
1971 11 168.0
1971 12 97.0
1972 1 124.0
1972 2 133.0
1972 3 238.0
1972 4 221.0
1972 5 265.0
1972 6 274.0
1972 7 178.0
1972 8 250.0
1972 9 227.0
1972 10 251.0
1972 11 251.0
1972 12 103.0
1973 1 219.0
1973 2 253.0
1973 3 415.0
1973 4 384.0
1973 5 409.0
1973 6 417.0
1973 7 259.0
1973 8 267.0
1973 9 193.0
1973 10 352.0
1973 11 308.0
1973 12 327.0
1974 1 179.0
1974 2 426.0
1974 3 569.0
1974 4 485.0
1974 5 384.0
1974 6 441.0
1974 7 436.0
1974 8 379.0
1974 9 490.0
1974 10 460.0
1974 11 328.0
1974 12 301.0
1975 1 459.0
1975 2 409.0
1975 3 523.0
1975 4 604.0
1975 5 596.0
1975 6 634.0
1975 7 450.0
1975 8 468.0
1975 9 507.0
1975 10 537.0
1975 11 526.0
1975 12 347.0
1976 1 395.0
1976 2 387.0
1976 3 611.0
1976 4 628.0
1976 5 494.0
1976 6 707.0
1976 7 580.0
1976 8 553.0
1976 9 507.0
1976 10 471.0
1976 11 640.0
1976 12 454.0
1977 1 368.0
1977 2 558.0
1977 3 800.0
1977 4 799.0
1977 5 895.0
1977 6 783.0
1977 7 625.0
1977 8 639.0
1977 9 612.0
1977 10 837.0
1977 11 482.0
1977 12 464.0
1978 1 349.0
1978 2 456.0
1978 3 734.0
1978 4 811.0
1978 5 775.0
1978 6 673.0
1978 7 499.0
1978 8 547.0
1978 9 510.0
1978 10 610.0
1978 11 404.0
1978 12 252.0
1979 1 123.0
1979 2 270.0
1979 3 562.0
1979 4 671.0
1979 5 852.0
1979 6 675.0
1979 7 669.0
1979 8 629.0
1979 9 542.0
1979 10 558.0
1979 11 304.0
1979 12 241.0
1980 1 235.0
1980 2 234.0
1980 3 257.0
1980 4 274.0
1980 5 359.0
1980 6 425.0
1980 7 556.0
1980 8 466.0
1980 9 509.0
1980 10 395.0
1980 11 276.0
1980 12 163.0
1981 1 240.0
1981 2 173.0
1981 3 268.0
1981 4 238.0
1981 5 238.0
1981 6 304.0
1981 7 302.0
1981 8 202.0
1981 9 163.0
1981 10 112.0
1981 11 87.0
1981 12 66.0
1982 1 43.0
1982 2 53.0
1982 3 156.0
1982 4 180.0
1982 5 145.0
1982 6 154.0
1982 7 185.0
1982 8 157.0
1982 9 303.0
1982 10 259.0
1982 11 192.0
1982 12 139.0
1983 1 120.0
1983 2 147.0
1983 3 300.0
1983 4 335.0
1983 5 610.0
1983 6 379.0
1983 7 325.0
1983 8 304.0
1983 9 279.0
1983 10 292.0
1983 11 229.0
1983 12 97.0
1984 1 173.0
1984 2 222.0
1984 3 318.0
1984 4 334.0
1984 5 347.0
1984 6 323.0
1984 7 274.0
1984 8 301.0
1984 9 261.0
1984 10 296.0
1984 11 187.0
1984 12 102.0
1985 1 82.0
1985 2 136.0
1985 3 300.0
1985 4 322.0
1985 5 383.0
1985 6 338.0
1985 7 308.0
1985 8 286.0
1985 9 273.0
1985 10 265.0
1985 11 131.0
1985 12 90.0
1986 1 115.0
1986 2 124.0
1986 3 290.0
1986 4 339.0
1986 5 324.0
1986 6 336.0
1986 7 354.0
1986 8 302.0
1986 9 241.0
1986 10 252.0
1986 11 174.0
1986 12 133.0
1987 1 94.0
1987 2 157.0
1987 3 326.0
1987 4 331.0
1987 5 246.0
1987 6 235.0
1987 7 282.0
1987 8 218.0
1987 9 216.0
1987 10 211.0
1987 11 153.0
1987 12 83.0
1988 1 78.0
1988 2 150.0
1988 3 318.0
1988 4 302.0
1988 5 301.0
1988 6 300.0
1988 7 222.0
1988 8 262.0
1988 9 250.0
1988 10 274.0
1988 11 202.0
1988 12 157.0
1989 1 88.0
1989 2 125.0
1989 3 280.0
1989 4 309.0
1989 5 449.0
1989 6 374.0
1989 7 343.0
1989 8 385.0
1989 9 374.0
1989 10 367.0
1989 11 271.0
1989 12 221.0
1990 1 187.0
1990 2 217.0
1990 3 455.0
1990 4 455.0
1990 5 495.0
1990 6 452.0
1990 7 447.0
1990 8 433.0
1990 9 331.0
1990 10 391.0
1990 11 313.0
1990 12 271.0
1991 1 169.0
1991 2 295.0
1991 3 433.0
1991 4 538.0
1991 5 691.0
1991 6 516.0
1991 7 544.0
1991 8 538.0
1991 9 525.0
1991 10 555.0
1991 11 360.0
1991 12 329.0
1992 1 355.0
1992 2 439.0
1992 3 678.0
1992 4 863.0
1992 5 661.0
1992 6 752.0
1992 7 688.0
1992 8 666.0
1992 9 655.0
1992 10 852.0
1992 11 516.0
1992 12 389.0
1993 1 289.0
1993 2 421.0
1993 3 711.0
1993 4 850.0
1993 5 770.0
1993 6 867.0
1993 7 794.0
1993 8 819.0
1993 9 809.0
1993 10 743.0
1993 11 753.0
1993 12 541.0
1994 1 497.0
1994 2 508.0
1994 3 927.0
1994 4 991.0
1994 5 904.0
1994 6 886.0
1994 7 738.0
1994 8 738.0
1994 9 719.0
1994 10 616.0
1994 11 489.0
1994 12 317.0
1995 1 329.0
1995 2 390.0
1995 3 650.0
1995 4 619.0
1995 5 791.0
1995 6 845.0
1995 7 742.0
1995 8 900.0
1995 9 776.0
1995 10 663.0
1995 11 618.0
1995 12 421.0
1996 1 349.0
1996 2 509.0
1996 3 772.0
1996 4 892.0
1996 5 980.0
1996 6 824.0
1996 7 952.0
1996 8 762.0
1996 9 722.0
1996 10 622.0
1996 11 530.0
1996 12 349.0
1997 1 384.0
1997 2 515.0
1997 3 710.0
1997 4 855.0
1997 5 842.0
1997 6 817.0
1997 7 839.0
1997 8 825.0
1997 9 783.0
1997 10 782.0
1997 11 557.0
1997 12 519.0
1998 1 458.0
1998 2 577.0
1998 3 895.0
1998 4 968.0
1998 5 918.0
1998 6 975.0
1998 7 976.0
1998 8 834.0
1998 9 885.0
1998 10 852.0
1998 11 685.0
1998 12 556.0
1999 1 535.0
1999 2 502.0
1999 3 936.0
1999 4 1024.0
1999 5 966.0
1999 6 1125.0
1999 7 880.0
1999 8 898.0
1999 9 847.0
1999 10 830.0
1999 11 673.0
1999 12 494.0
2000 1 510.0
2000 2 618.0
2000 3 862.0
2000 4 854.0
2000 5 964.0
2000 6 927.0
2000 7 799.0
2000 8 1004.0
2000 9 845.0
2000 10 791.0
2000 11 721.0
2000 12 410.0
2001 1 572.0
2001 2 582.0
2001 3 926.0
2001 4 931.0
2001 5 1144.0
2001 6 931.0
2001 7 842.0
2001 8 894.0
2001 9 706.0
2001 10 827.0
2001 11 605.0
2001 12 427.0
2002 1 589.0
2002 2 541.0
2002 3 736.0
2002 4 970.0
2002 5 1087.0
2002 6 911.0
2002 7 948.0
2002 8 953.0
2002 9 932.0
2002 10 1040.0
2002 11 746.0
2002 12 697.0
2003 1 651.0
2003 2 696.0
2003 3 1006.0
2003 4 1192.0
2003 5 1208.0
2003 6 1050.0
2003 7 1286.0
2003 8 1077.0
2003 9 1233.0
2003 10 1312.0
2003 11 983.0
2003 12 817.0
2004 1 629.0
2004 2 803.0
2004 3 1223.0
2004 4 1227.0
2004 5 1372.0
2004 6 1563.0
2004 7 1388.0
2004 8 1293.0
2004 9 1357.0
2004 10 1275.0
2004 11 1143.0
2004 12 1171.0
2005 1 977.0
2005 2 1253.0
2005 3 1688.0
2005 4 1628.0
2005 5 1785.0
2005 6 1888.0
2005 7 1656.0
2005 8 2025.0
2005 9 1758.0
2005 10 1528.0
2005 11 1421.0
2005 12 1080.0
2006 1 1194.0
2006 2 1231.0
2006 3 1489.0
2006 4 1580.0
2006 5 1921.0
2006 6 1502.0
2006 7 1434.0
2006 8 1452.0
2006 9 1132.0
2006 10 913.0
2006 11 842.0
2006 12 680.0
2007 1 800.0
2007 2 687.0
2007 3 1263.0
2007 4 1030.0
2007 5 1191.0
2007 6 1205.0
2007 7 1171.0
2007 8 851.0
2007 9 743.0
2007 10 687.0
2007 11 559.0
2007 12 435.0
2008 1 428.0
2008 2 432.0
2008 3 643.0
2008 4 712.0
2008 5 763.0
2008 6 893.0
2008 7 567.0
2008 8 584.0
2008 9 537.0
2008 10 351.0
2008 11 226.0
2008 12 206.0
2009 1 134.0
2009 2 186.0
2009 3 306.0
2009 4 395.0
2009 5 397.0
2009 6 524.0
2009 7 602.0
2009 8 551.0
2009 9 482.0
2009 10 351.0
2009 11 350.0
2009 12 290.0
2010 1 257.0
2010 2 327.0
2010 3 581.0
2010 4 524.0
2010 5 371.0
2010 6 436.0
2010 7 317.0
2010 8 258.0
2010 9 295.0
2010 10 280.0
2010 11 231.0
2010 12 161.0
2011 1 151.0
2011 2 214.0
2011 3 268.0
2011 4 300.0
2011 5 351.0
2011 6 389.0
2011 7 340.0
2011 8 370.0
2011 9 357.0
2011 10 328.0
2011 11 294.0
2011 12 213.0
2012 1 300.0
2012 2 291.0
2012 3 375.0
2012 4 529.0
2012 5 595.0
2012 6 530.0
2012 7 586.0
2012 8 615.0
2012 9 454.0
2012 10 455.0
2012 11 409.0
2012 12 359.0
2013 1 324.0
2013 2 443.0
2013 3 525.0
2013 4 682.0
2013 5 824.0
2013 6 729.0
2013 7 749.0
2013 8 646.0
2013 9 590.0
2013 10 613.0
2013 11 501.0
2013 12 388.0
2014 1 402.0
2014 2 450.0
2014 3 539.0
2014 4 603.0
2014 5 779.0
2014 6 626.0
2014 7 598.0
2014 8 581.0
2014 9 547.0
2014 10 554.0
2014 11 400.0
2014 12 507.0
2015 1 414.0
2015 2 506.0
2015 3 614.0
2015 4 730.0
2015 5 671.0
2015 6 717.0
2015 7 640.0
2015 8 773.0
2015 9 636.0
2015 10 657.0
2015 11 558.0
2015 12 455.0
2016 1 575.0
2016 2 538.0
2016 3 772.0
2016 4 804.0
2016 5 938.0
2016 6 894.0
2016 7 784.0
2016 8 989.0
2016 9 771.0
2016 10 781.0
2016 11 700.0
2016 12 505.0
2017 1 384.0
2017 2 668.0
2017 3 860.0
2017 4 917.0
2017 5 949.0
2017 6 1077.0
2017 7 845.0
2017 8 1114.0
2017 9 840.0
2017 10 1083.0
2017 11 875.0
2017 12 674.0
2018 1 774.0
2018 2 863.0
2018 3 1053.0
2018 4 1001.0
2018 5 1078.0
2018 6 1159.0
2018 7 1020.0
2018 8 1076.0
2018 9 919.0
2018 10 1103.0
2018 11 936.0
2018 12 717.0
2019 1 719.0
2019 2 689.0
2019 3 1044.0
2019 4 1112.0
2019 5 1309.0
2019 6 1025.0
2019 7 1046.0
2019 8 1072.0
2019 9 908.0
2019 10 1081.0
2019 11 888.0
2019 12 881.0
2020 1 811.0
2020 2 1006.0
2020 3 992.0
2020 4 920.0
2020 5 1037.0
2020 6 1143.0
2020 7 1200.0
2020 8 1211.0
2020 9 1321.0
2020 10 1177.0
2020 11 1130.0
2020 12 1195.0
2021 1 1132.0
2021 2 1068.0
2021 3 1540.0
2021 4 1529.0
2021 5 1236.0
2021 6 1425.0
2021 7 1216.0
2021 8 1206.0
2021 9 1144.0
2021 10 1051.0
2021 11 1063.0
2021 12 1038.0
2022 1 1044.0
2022 2 1115.0
2022 3 1487.0
2022 4 1399.0
2022 5 1388.0
2022 6 1175.0
2022 7 1048.0
2022 8 1101.0
2022 9 893.0
2022 10 653.0
2022 11 522.0
2022 12 412.0
2023 1 528.0
2023 2 692.0
2023 3 957.0
2023 4 972.0
2023 5 1223.0
2023 6 1274.0
2023 7 1086.0
2023 8 1313.0
2023 9 887.0
2023 10 1141.0
2023 11 924.0
2023 12 758.0
2024 1 891.0
2024 2 1059.0
2024 3 1083.0
2024 4 1323.0
2024 5 1509.0
2024 6 1254.0
2024 7 1357.0
2024 8 1359.0
