1960 5 126.0
1960 6 126.0
1960 7 133.0
1960 8 105.0
1960 9 135.0
1960 10 118.0
1960 11 130.0
1960 12 112.0
1961 1 87.0
1961 2 73.0
1961 3 87.0
1961 4 122.0
1961 5 152.0
1961 6 132.0
1961 7 111.0
1961 8 127.0
1961 9 139.0
1961 10 147.0
1961 11 107.0
1961 12 102.0
1962 1 53.0
1962 2 66.0
1962 3 193.0
1962 4 179.0
1962 5 191.0
1962 6 132.0
1962 7 105.0
1962 8 115.0
1962 9 111.0
1962 10 93.0
1962 11 101.0
1962 12 114.0
1963 1 97.0
1963 2 83.0
1963 3 96.0
1963 4 161.0
1963 5 94.0
1963 6 180.0
1963 7 111.0
1963 8 206.0
1963 9 137.0
1963 10 159.0
1963 11 82.0
1963 12 67.0
1964 1 44.0
1964 2 44.0
1964 3 100.0
1964 4 114.0
1964 5 169.0
1964 6 181.0
1964 7 104.0
1964 8 98.0
1964 9 117.0
1964 10 139.0
1964 11 124.0
1964 12 90.0
1965 1 45.0
1965 2 85.0
1965 3 129.0
1965 4 191.0
1965 5 116.0
1965 6 125.0
1965 7 73.0
1965 8 121.0
1965 9 96.0
1965 10 127.0
1965 11 115.0
1965 12 77.0
1966 1 50.0
1966 2 66.0
1966 3 120.0
1966 4 183.0
1966 5 136.0
1966 6 67.0
1966 7 46.0
1966 8 57.0
1966 9 120.0
1966 10 37.0
1966 11 45.0
1966 12 20.0
1967 1 40.0
1967 2 63.0
1967 3 73.0
1967 4 109.0
1967 5 119.0
1967 6 110.0
1967 7 91.0
1967 8 91.0
1967 9 53.0
1967 10 90.0
1967 11 97.0
1967 12 41.0
1968 1 76.0
1968 2 172.0
1968 3 203.0
1968 4 118.0
1968 5 112.0
1968 6 104.0
1968 7 141.0
1968 8 88.0
1968 9 153.0
1968 10 251.0
1968 11 127.0
1968 12 47.0
1969 1 58.0
1969 2 40.0
1969 3 111.0
1969 4 131.0
1969 5 100.0
1969 6 101.0
1969 7 162.0
1969 8 90.0
1969 9 179.0
1969 10 257.0
1969 11 124.0
1969 12 137.0
1970 1 53.0
1970 2 124.0
1970 3 282.0
1970 4 171.0
1970 5 224.0
1970 6 358.0
1970 7 211.0
1970 8 229.0
1970 9 420.0
1970 10 567.0
1970 11 184.0
1970 12 139.0
1971 1 363.0
1971 2 132.0
1971 3 180.0
1971 4 636.0
1971 5 348.0
1971 6 575.0
1971 7 352.0
1971 8 232.0
1971 9 353.0
1971 10 232.0
1971 11 241.0
1971 12 193.0
1972 1 204.0
1972 2 402.0
1972 3 355.0
1972 4 478.0
1972 5 419.0
1972 6 336.0
1972 7 364.0
1972 8 346.0
1972 9 370.0
1972 10 494.0
1972 11 371.0
1972 12 113.0
1973 1 243.0
1973 2 367.0
1973 3 540.0
1973 4 446.0
1973 5 619.0
1973 6 668.0
1973 7 484.0
1973 8 407.0
1973 9 233.0
1973 10 376.0
1973 11 389.0
1973 12 694.0
1974 1 191.0
1974 2 472.0
1974 3 662.0
1974 4 561.0
1974 5 551.0
1974 6 513.0
1974 7 514.0
1974 8 432.0
1974 9 627.0
1974 10 514.0
1974 11 401.0
1974 12 336.0
1975 1 473.0
1975 2 444.0
1975 3 593.0
1975 4 784.0
1975 5 1087.0
1975 6 710.0
1975 7 520.0
1975 8 522.0
1975 9 673.0
1975 10 634.0
1975 11 689.0
1975 12 465.0
1976 1 477.0
1976 2 444.0
1976 3 750.0
1976 4 803.0
1976 5 640.0
1976 6 872.0
1976 7 694.0
1976 8 776.0
1976 9 793.0
1976 10 833.0
1976 11 867.0
1976 12 716.0
1977 1 480.0
1977 2 844.0
1977 3 1173.0
1977 4 1077.0
1977 5 1233.0
1977 6 1078.0
1977 7 1159.0
1977 8 1163.0
1977 9 801.0
1977 10 1140.0
1977 11 942.0
1977 12 731.0
1978 1 441.0
1978 2 679.0
1978 3 937.0
1978 4 1149.0
1978 5 959.0
1978 6 858.0
1978 7 634.0
1978 8 706.0
1978 9 571.0
1978 10 906.0
1978 11 511.0
1978 12 331.0
1979 1 277.0
1979 2 512.0
1979 3 661.0
1979 4 809.0
1979 5 1290.0
1979 6 833.0
1979 7 798.0
1979 8 771.0
1979 9 876.0
1979 10 765.0
1979 11 378.0
1979 12 382.0
1980 1 298.0
1980 2 308.0
1980 3 337.0
1980 4 329.0
1980 5 403.0
1980 6 496.0
1980 7 698.0
1980 8 543.0
1980 9 687.0
1980 10 479.0
1980 11 503.0
1980 12 297.0
1981 1 314.0
1981 2 185.0
1981 3 333.0
1981 4 318.0
1981 5 312.0
1981 6 359.0
1981 7 360.0
1981 8 226.0
1981 9 336.0
1981 10 127.0
1981 11 111.0
1981 12 70.0
1982 1 43.0
1982 2 99.0
1982 3 249.0
1982 4 184.0
1982 5 228.0
1982 6 181.0
1982 7 230.0
1982 8 167.0
1982 9 333.0
1982 10 263.0
1982 11 229.0
1982 12 143.0
1983 1 158.0
1983 2 166.0
1983 3 323.0
1983 4 363.0
1983 5 711.0
1983 6 468.0
1983 7 349.0
1983 8 363.0
1983 9 377.0
1983 10 361.0
1983 11 388.0
1983 12 220.0
1984 1 187.0
1984 2 270.0
1984 3 369.0
1984 4 419.0
1984 5 453.0
1984 6 545.0
1984 7 329.0
1984 8 374.0
1984 9 318.0
1984 10 396.0
1984 11 240.0
1984 12 157.0
1985 1 100.0
1985 2 149.0
1985 3 310.0
1985 4 398.0
1985 5 431.0
1985 6 640.0
1985 7 579.0
1985 8 380.0
1985 9 362.0
1985 10 500.0
1985 11 234.0
1985 12 107.0
1986 1 123.0
1986 2 204.0
1986 3 442.0
1986 4 399.0
1986 5 402.0
1986 6 418.0
1986 7 594.0
1986 8 374.0
1986 9 266.0
1986 10 360.0
1986 11 245.0
1986 12 150.0
1987 1 150.0
1987 2 168.0
1987 3 382.0
1987 4 356.0
1987 5 326.0
1987 6 273.0
1987 7 322.0
1987 8 272.0
1987 9 309.0
1987 10 394.0
1987 11 194.0
1987 12 89.0
1988 1 83.0
1988 2 162.0
1988 3 324.0
1988 4 322.0
1988 5 315.0
1988 6 315.0
1988 7 327.0
1988 8 378.0
1988 9 323.0
1988 10 280.0
1988 11 210.0
1988 12 159.0
1989 1 94.0
1989 2 160.0
1989 3 356.0
1989 4 378.0
1989 5 499.0
1989 6 559.0
1989 7 714.0
1989 8 400.0
1989 9 472.0
1989 10 388.0
1989 11 412.0
1989 12 331.0
1990 1 219.0
1990 2 269.0
1990 3 517.0
1990 4 557.0
1990 5 592.0
1990 6 475.0
1990 7 621.0
1990 8 525.0
1990 9 619.0
1990 10 405.0
1990 11 359.0
1990 12 299.0
1991 1 169.0
1991 2 302.0
1991 3 500.0
1991 4 609.0
1991 5 795.0
1991 6 574.0
1991 7 623.0
1991 8 658.0
1991 9 579.0
1991 10 835.0
1991 11 402.0
1991 12 492.0
1992 1 377.0
1992 2 537.0
1992 3 785.0
1992 4 1013.0
1992 5 879.0
1992 6 819.0
1992 7 807.0
1992 8 837.0
1992 9 896.0
1992 10 1218.0
1992 11 787.0
1992 12 474.0
1993 1 317.0
1993 2 767.0
1993 3 881.0
1993 4 996.0
1993 5 952.0
1993 6 986.0
1993 7 1094.0
1993 8 1117.0
1993 9 1055.0
1993 10 1056.0
1993 11 1002.0
1993 12 762.0
1994 1 710.0
1994 2 555.0
1994 3 1287.0
1994 4 1291.0
1994 5 1074.0
1994 6 1186.0
1994 7 957.0
1994 8 943.0
1994 9 1581.0
1994 10 940.0
1994 11 587.0
1994 12 419.0
1995 1 354.0
1995 2 624.0
1995 3 736.0
1995 4 717.0
1995 5 962.0
1995 6 1181.0
1995 7 884.0
1995 8 1065.0
1995 9 1133.0
1995 10 824.0
1995 11 775.0
1995 12 596.0
1996 1 406.0
1996 2 622.0
1996 3 842.0
1996 4 1058.0
1996 5 1085.0
1996 6 1090.0
1996 7 1079.0
1996 8 836.0
1996 9 841.0
1996 10 719.0
1996 11 567.0
1996 12 400.0
1997 1 424.0
1997 2 552.0
1997 3 823.0
1997 4 949.0
1997 5 891.0
1997 6 944.0
1997 7 1171.0
1997 8 1048.0
1997 9 876.0
1997 10 908.0
1997 11 672.0
1997 12 587.0
1998 1 498.0
1998 2 587.0
1998 3 1162.0
1998 4 1008.0
1998 5 1001.0
1998 6 1020.0
1998 7 1078.0
1998 8 901.0
1998 9 935.0
1998 10 951.0
1998 11 769.0
1998 12 722.0
1999 1 553.0
1999 2 525.0
1999 3 973.0
1999 4 1254.0
1999 5 1010.0
1999 6 1263.0
1999 7 1146.0
1999 8 956.0
1999 9 1101.0
1999 10 932.0
1999 11 713.0
1999 12 664.0
2000 1 542.0
2000 2 638.0
2000 3 952.0
2000 4 942.0
2000 5 1044.0
2000 6 1231.0
2000 7 916.0
2000 8 1051.0
2000 9 961.0
2000 10 836.0
2000 11 806.0
2000 12 497.0
2001 1 690.0
2001 2 708.0
2001 3 1343.0
2001 4 1025.0
2001 5 1235.0
2001 6 1298.0
2001 7 898.0
2001 8 1042.0
2001 9 779.0
2001 10 1050.0
2001 11 637.0
2001 12 552.0
2002 1 666.0
2002 2 648.0
2002 3 862.0
2002 4 1181.0
2002 5 1183.0
2002 6 1006.0
2002 7 1027.0
2002 8 1130.0
2002 9 1252.0
2002 10 1385.0
2002 11 928.0
2002 12 1284.0
2003 1 763.0
2003 2 1013.0
2003 3 1039.0
2003 4 1277.0
2003 5 1443.0
2003 6 1350.0
2003 7 1397.0
2003 8 1383.0
2003 9 1420.0
2003 10 1564.0
2003 11 1060.0
2003 12 1106.0
2004 1 706.0
2004 2 923.0
2004 3 1479.0
2004 4 1411.0
2004 5 1548.0
2004 6 1804.0
2004 7 1710.0
2004 8 1516.0
2004 9 1565.0
2004 10 1420.0
2004 11 1351.0
2004 12 1324.0
2005 1 1092.0
2005 2 1453.0
2005 3 1815.0
2005 4 1832.0
2005 5 2036.0
2005 6 2048.0
2005 7 1934.0
2005 8 2337.0
2005 9 2088.0
2005 10 1639.0
2005 11 1510.0
2005 12 1255.0
2006 1 1275.0
2006 2 1412.0
2006 3 1602.0
2006 4 1761.0
2006 5 2061.0
2006 6 1706.0
2006 7 1642.0
2006 8 1589.0
2006 9 1356.0
2006 10 1055.0
2006 11 1025.0
2006 12 793.0
2007 1 971.0
2007 2 855.0
2007 3 1613.0
2007 4 1111.0
2007 5 1448.0
2007 6 1341.0
2007 7 1453.0
2007 8 1062.0
2007 9 883.0
2007 10 767.0
2007 11 690.0
2007 12 655.0
2008 1 456.0
2008 2 484.0
2008 3 708.0
2008 4 798.0
2008 5 797.0
2008 6 1002.0
2008 7 610.0
2008 8 605.0
2008 9 647.0
2008 10 384.0
2008 11 257.0
2008 12 267.0
2009 1 503.0
2009 2 206.0
2009 3 320.0
2009 4 450.0
2009 5 402.0
2009 6 590.0
2009 7 677.0
2009 8 623.0
2009 9 489.0
2009 10 364.0
2009 11 363.0
2009 12 294.0
2010 1 354.0
2010 2 357.0
2010 3 590.0
2010 4 542.0
2010 5 418.0
2010 6 553.0
2010 7 317.0
2010 8 265.0
2010 9 297.0
2010 10 292.0
2010 11 446.0
2010 12 168.0
2011 1 173.0
2011 2 259.0
2011 3 292.0
2011 4 323.0
2011 5 400.0
2011 6 469.0
2011 7 434.0
2011 8 452.0
2011 9 487.0
2011 10 342.0
2011 11 335.0
2011 12 235.0
2012 1 322.0
2012 2 357.0
2012 3 488.0
2012 4 654.0
2012 5 741.0
2012 6 619.0
2012 7 721.0
2012 8 765.0
2012 9 542.0
2012 10 505.0
2012 11 548.0
2012 12 394.0
2013 1 350.0
2013 2 558.0
2013 3 596.0
2013 4 739.0
2013 5 968.0
2013 6 831.0
2013 7 836.0
2013 8 734.0
2013 9 801.0
2013 10 867.0
2013 11 600.0
2013 12 642.0
2014 1 446.0
2014 2 651.0
2014 3 860.0
2014 4 806.0
2014 5 1048.0
2014 6 830.0
2014 7 714.0
2014 8 817.0
2014 9 758.0
2014 10 950.0
2014 11 553.0
2014 12 673.0
2015 1 442.0
2015 2 620.0
2015 3 735.0
2015 4 1130.0
2015 5 933.0
2015 6 848.0
2015 7 921.0
2015 8 854.0
2015 9 859.0
2015 10 770.0
2015 11 742.0
2015 12 508.0
2016 1 709.0
2016 2 809.0
2016 3 917.0
2016 4 1049.0
2016 5 1374.0
2016 6 1031.0
2016 7 1105.0
2016 8 1244.0
2016 9 837.0
2016 10 918.0
2016 11 897.0
2016 12 650.0
2017 1 413.0
2017 2 837.0
2017 3 1027.0
2017 4 1178.0
2017 5 1301.0
2017 6 1387.0
2017 7 928.0
2017 8 1688.0
2017 9 1196.0
2017 10 1434.0
2017 11 1059.0
2017 12 817.0
2018 1 911.0
2018 2 1226.0
2018 3 1480.0
2018 4 1117.0
2018 5 1311.0
2018 6 1400.0
2018 7 1205.0
2018 8 1379.0
2018 9 1407.0
2018 10 1329.0
2018 11 1138.0
2018 12 938.0
2019 1 880.0
2019 2 789.0
2019 3 1125.0
2019 4 1365.0
2019 5 1751.0
2019 6 1222.0
2019 7 1671.0
2019 8 1747.0
2019 9 1194.0
2019 10 1610.0
2019 11 1383.0
2019 12 1248.0
2020 1 1424.0
2020 2 1244.0
2020 3 1373.0
2020 4 1055.0
2020 5 1268.0
2020 6 1441.0
2020 7 1399.0
2020 8 1424.0
2020 9 1585.0
2020 10 1502.0
2020 11 1490.0
2020 12 1637.0
2021 1 1369.0
2021 2 1438.0
2021 3 2052.0
2021 4 1704.0
2021 5 1489.0
2021 6 1916.0
2021 7 1522.0
2021 8 1614.0
2021 9 1683.0
2021 10 1656.0
2021 11 1400.0
2021 12 1467.0
2022 1 1264.0
2022 2 1802.0
2022 3 2509.0
2022 4 1994.0
2022 5 2160.0
2022 6 2145.0
2022 7 1499.0
2022 8 1589.0
2022 9 1128.0
2022 10 1057.0
2022 11 1229.0
2022 12 644.0
2023 1 922.0
2023 2 1060.0
2023 3 1297.0
2023 4 1450.0
2023 5 1765.0
2023 6 1687.0
2023 7 1599.0
2023 8 1880.0
2023 9 2013.0
2023 10 1624.0
2023 11 1551.0
2023 12 1416.0
2024 1 1094.0
2024 2 1239.0
2024 3 1433.0
2024 4 1543.0
2024 5 1772.0
2024 6 1414.0
2024 7 1450.0
2024 8 1602.0
