1960 5 9.0
1960 6 14.0
1960 7 43.0
1960 8 6.0
1960 9 19.0
1960 10 18.0
1960 11 10.0
1960 12 12.0
1961 1 15.0
1961 2 10.0
1961 3 4.0
1961 4 12.0
1961 5 27.0
1961 6 21.0
1961 7 22.0
1961 8 10.0
1961 9 36.0
1961 10 4.0
1961 11 31.0
1961 12 10.0
1962 1 2.0
1962 2 11.0
1962 3 44.0
1962 4 51.0
1962 5 35.0
1962 6 47.0
1962 7 24.0
1962 8 20.0
1962 9 35.0
1962 10 8.0
1962 11 22.0
1962 12 42.0
1963 1 52.0
1963 2 20.0
1963 3 6.0
1963 4 41.0
1963 5 18.0
1963 6 90.0
1963 7 27.0
1963 8 115.0
1963 9 66.0
1963 10 46.0
1963 11 6.0
1963 12 10.0
1964 1 8.0
1964 2 4.0
1964 3 18.0
1964 4 17.0
1964 5 69.0
1964 6 74.0
1964 7 19.0
1964 8 30.0
1964 9 34.0
1964 10 37.0
1964 11 61.0
1964 12 56.0
1965 1 2.0
1965 2 27.0
1965 3 40.0
1965 4 72.0
1965 5 33.0
1965 6 16.0
1965 7 14.0
1965 8 45.0
1965 9 41.0
1965 10 48.0
1965 11 42.0
1965 12 21.0
1966 1 2.0
1966 2 6.0
1966 3 26.0
1966 4 90.0
1966 5 52.0
1966 6 15.0
1966 7 2.0
1966 8 12.0
1966 9 77.0
1966 10 3.0
1966 11 16.0
1966 12 6.0
1967 1 4.0
1967 2 19.0
1967 3 10.0
1967 4 52.0
1967 5 57.0
1967 6 36.0
1967 7 24.0
1967 8 38.0
1967 9 8.0
1967 10 26.0
1967 11 33.0
1967 12 37.0
1968 1 41.0
1968 2 125.0
1968 3 126.0
1968 4 42.0
1968 5 8.0
1968 6 16.0
1968 7 58.0
1968 8 14.0
1968 9 64.0
1968 10 114.0
1968 11 64.0
1968 12 7.0
1969 1 26.0
1969 2 2.0
1969 3 19.0
1969 4 18.0
1969 5 15.0
1969 6 32.0
1969 7 71.0
1969 8 40.0
1969 9 106.0
1969 10 162.0
1969 11 40.0
1969 12 52.0
1970 1 16.0
1970 2 7.0
1970 3 175.0
1970 4 53.0
1970 5 50.0
1970 6 110.0
1970 7 69.0
1970 8 113.0
1970 9 248.0
1970 10 446.0
1970 11 71.0
1970 12 42.0
1971 1 279.0
1971 2 51.0
1971 3 49.0
1971 4 461.0
1971 5 142.0
1971 6 252.0
1971 7 140.0
1971 8 64.0
1971 9 154.0
1971 10 89.0
1971 11 73.0
1971 12 96.0
1972 1 80.0
1972 2 269.0
1972 3 117.0
1972 4 257.0
1972 5 154.0
1972 6 62.0
1972 7 186.0
1972 8 96.0
1972 9 143.0
1972 10 243.0
1972 11 120.0
1972 12 10.0
1973 1 24.0
1973 2 114.0
1973 3 125.0
1973 4 62.0
1973 5 210.0
1973 6 251.0
1973 7 225.0
1973 8 140.0
1973 9 40.0
1973 10 24.0
1973 11 81.0
1973 12 367.0
1974 1 12.0
1974 2 46.0
1974 3 93.0
1974 4 76.0
1974 5 167.0
1974 6 72.0
1974 7 78.0
1974 8 53.0
1974 9 137.0
1974 10 54.0
1974 11 73.0
1974 12 35.0
1975 1 14.0
1975 2 35.0
1975 3 70.0
1975 4 180.0
1975 5 491.0
1975 6 76.0
1975 7 70.0
1975 8 54.0
1975 9 166.0
1975 10 97.0
1975 11 163.0
1975 12 118.0
1976 1 82.0
1976 2 57.0
1976 3 139.0
1976 4 175.0
1976 5 146.0
1976 6 165.0
1976 7 114.0
1976 8 223.0
1976 9 286.0
1976 10 362.0
1976 11 227.0
1976 12 262.0
1977 1 112.0
1977 2 286.0
1977 3 373.0
1977 4 278.0
1977 5 338.0
1977 6 295.0
1977 7 534.0
1977 8 524.0
1977 9 189.0
1977 10 303.0
1977 11 460.0
1977 12 267.0
1978 1 92.0
1978 2 223.0
1978 3 203.0
1978 4 338.0
1978 5 184.0
1978 6 185.0
1978 7 135.0
1978 8 159.0
1978 9 61.0
1978 10 296.0
1978 11 107.0
1978 12 79.0
1979 1 154.0
1979 2 242.0
1979 3 99.0
1979 4 138.0
1979 5 438.0
1979 6 158.0
1979 7 129.0
1979 8 142.0
1979 9 334.0
1979 10 207.0
1979 11 74.0
1979 12 141.0
1980 1 63.0
1980 2 74.0
1980 3 80.0
1980 4 55.0
1980 5 44.0
1980 6 71.0
1980 7 142.0
1980 8 77.0
1980 9 178.0
1980 10 84.0
1980 11 227.0
1980 12 134.0
1981 1 74.0
1981 2 12.0
1981 3 65.0
1981 4 80.0
1981 5 74.0
1981 6 55.0
1981 7 58.0
1981 8 24.0
1981 9 173.0
1981 10 15.0
1981 11 24.0
1981 12 4.0
1982 1 25.0
1982 2 46.0
1982 3 93.0
1982 4 4.0
1982 5 83.0
1982 6 27.0
1982 7 45.0
1982 8 10.0
1982 9 30.0
1982 10 4.0
1982 11 37.0
1982 12 4.0
1983 1 38.0
1983 2 19.0
1983 3 23.0
1983 4 28.0
1983 5 101.0
1983 6 89.0
1983 7 24.0
1983 8 59.0
1983 9 98.0
1983 10 69.0
1983 11 159.0
1983 12 123.0
1984 1 14.0
1984 2 48.0
1984 3 51.0
1984 4 85.0
1984 5 106.0
1984 6 222.0
1984 7 55.0
1984 8 73.0
1984 9 57.0
1984 10 100.0
1984 11 53.0
1984 12 55.0
1985 1 18.0
1985 2 13.0
1985 3 10.0
1985 4 76.0
1985 5 48.0
1985 6 302.0
1985 7 271.0
1985 8 94.0
1985 9 89.0
1985 10 235.0
1985 11 103.0
1985 12 17.0
1986 1 8.0
1986 2 80.0
1986 3 152.0
1986 4 60.0
1986 5 78.0
1986 6 82.0
1986 7 240.0
1986 8 72.0
1986 9 25.0
1986 10 108.0
1986 11 71.0
1986 12 17.0
1987 1 56.0
1987 2 11.0
1987 3 56.0
1987 4 25.0
1987 5 80.0
1987 6 38.0
1987 7 40.0
1987 8 54.0
1987 9 93.0
1987 10 183.0
1987 11 41.0
1987 12 6.0
1988 1 5.0
1988 2 12.0
1988 3 6.0
1988 4 20.0
1988 5 14.0
1988 6 15.0
1988 7 105.0
1988 8 116.0
1988 9 73.0
1988 10 6.0
1988 11 8.0
1988 12 2.0
1989 1 6.0
1989 2 35.0
1989 3 76.0
1989 4 69.0
1989 5 50.0
1989 6 185.0
1989 7 371.0
1989 8 15.0
1989 9 98.0
1989 10 21.0
1989 11 141.0
1989 12 110.0
1990 1 32.0
1990 2 52.0
1990 3 62.0
1990 4 102.0
1990 5 97.0
1990 6 23.0
1990 7 174.0
1990 8 92.0
1990 9 288.0
1990 10 14.0
1990 11 46.0
1990 12 28.0
1991 1 17.5
1991 2 7.0
1991 3 67.0
1991 4 71.0
1991 5 104.0
1991 6 58.0
1991 7 79.0
1991 8 120.0
1991 9 54.0
1991 10 280.0
1991 11 42.0
1991 12 163.0
1992 1 22.0
1992 2 98.0
1992 3 107.0
1992 4 150.0
1992 5 218.0
1992 6 67.0
1992 7 119.0
1992 8 171.0
1992 9 241.0
1992 10 366.0
1992 11 271.0
1992 12 85.0
1993 1 28.0
1993 2 346.0
1993 3 170.0
1993 4 146.0
1993 5 182.0
1993 6 119.0
1993 7 300.0
1993 8 298.0
1993 9 246.0
1993 10 313.0
1993 11 249.0
1993 12 221.0
1994 1 213.0
1994 2 47.0
1994 3 360.0
1994 4 300.0
1994 5 170.0
1994 6 300.0
1994 7 219.0
1994 8 205.0
1994 9 862.0
1994 10 324.0
1994 11 98.0
1994 12 102.0
1995 1 25.0
1995 2 234.0
1995 3 86.0
1995 4 98.0
1995 5 171.0
1995 6 336.0
1995 7 142.0
1995 8 165.0
1995 9 357.0
1995 10 161.0
1995 11 157.0
1995 12 175.0
1996 1 57.0
1996 2 113.0
1996 3 70.0
1996 4 166.0
1996 5 105.0
1996 6 266.0
1996 7 127.0
1996 8 74.0
1996 9 119.0
1996 10 97.0
1996 11 37.0
1996 12 51.0
1997 1 40.0
1997 2 37.0
1997 3 113.0
1997 4 94.0
1997 5 49.0
1997 6 127.0
1997 7 332.0
1997 8 223.0
1997 9 93.0
1997 10 126.0
1997 11 115.0
1997 12 68.0
1998 1 40.0
1998 2 10.0
1998 3 267.0
1998 4 40.0
1998 5 83.0
1998 6 45.0
1998 7 102.0
1998 8 67.0
1998 9 50.0
1998 10 99.0
1998 11 84.0
1998 12 166.0
1999 1 18.0
1999 2 23.0
1999 3 37.0
1999 4 230.0
1999 5 44.0
1999 6 138.0
1999 7 266.0
1999 8 58.0
1999 9 254.0
1999 10 102.0
1999 11 40.0
1999 12 170.0
2000 1 32.0
2000 2 20.0
2000 3 90.0
2000 4 88.0
2000 5 80.0
2000 6 304.0
2000 7 117.0
2000 8 47.0
2000 9 116.0
2000 10 45.0
2000 11 85.0
2000 12 87.0
2001 1 118.0
2001 2 126.0
2001 3 417.0
2001 4 94.0
2001 5 91.0
2001 6 367.0
2001 7 56.0
2001 8 148.0
2001 9 73.0
2001 10 223.0
2001 11 32.0
2001 12 125.0
2002 1 77.0
2002 2 107.0
2002 3 126.0
2002 4 211.0
2002 5 96.0
2002 6 95.0
2002 7 79.0
2002 8 177.0
2002 9 320.0
2002 10 345.0
2002 11 182.0
2002 12 587.0
2003 1 112.0
2003 2 317.0
2003 3 33.0
2003 4 85.0
2003 5 235.0
2003 6 300.0
2003 7 111.0
2003 8 306.0
2003 9 187.0
2003 10 252.0
2003 11 77.0
2003 12 289.0
2004 1 77.0
2004 2 120.0
2004 3 256.0
2004 4 184.0
2004 5 176.0
2004 6 241.0
2004 7 322.0
2004 8 223.0
2004 9 208.0
2004 10 145.0
2004 11 208.0
2004 12 153.0
2005 1 115.0
2005 2 200.0
2005 3 127.0
2005 4 204.0
2005 5 251.0
2005 6 160.0
2005 7 278.0
2005 8 312.0
2005 9 330.0
2005 10 111.0
2005 11 89.0
2005 12 175.0
2006 1 81.0
2006 2 181.0
2006 3 113.0
2006 4 181.0
2006 5 140.0
2006 6 204.0
2006 7 208.0
2006 8 137.0
2006 9 224.0
2006 10 142.0
2006 11 183.0
2006 12 113.0
2007 1 171.0
2007 2 168.0
2007 3 350.0
2007 4 81.0
2007 5 257.0
2007 6 136.0
2007 7 282.0
2007 8 211.0
2007 9 140.0
2007 10 80.0
2007 11 131.0
2007 12 220.0
2008 1 28.0
2008 2 52.0
2008 3 65.0
2008 4 86.0
2008 5 34.0
2008 6 109.0
2008 7 43.0
2008 8 21.0
2008 9 110.0
2008 10 33.0
2008 11 31.0
2008 12 61.0
2009 1 369.0
2009 2 20.0
2009 3 14.0
2009 4 55.0
2009 5 5.0
2009 6 66.0
2009 7 75.0
2009 8 72.0
2009 9 7.0
2009 10 13.0
2009 11 13.0
2009 12 4.0
2010 1 97.0
2010 2 30.0
2010 3 9.0
2010 4 18.0
2010 5 47.0
2010 6 117.0
2010 7 62.0
2010 8 7.0
2010 9 2.0
2010 10 12.0
2010 11 215.0
2010 12 7.0
2011 1 22.0
2011 2 45.0
2011 3 24.0
2011 4 23.0
2011 5 49.0
2011 6 80.0
2011 7 94.0
2011 8 82.0
2011 9 130.0
2011 10 14.0
2011 11 41.0
2011 12 22.0
2012 1 22.0
2012 2 66.0
2012 3 113.0
2012 4 125.0
2012 5 146.0
2012 6 89.0
2012 7 135.0
2012 8 150.0
2012 9 88.0
2012 10 50.0
2012 11 139.0
2012 12 35.0
2013 1 26.0
2013 2 115.0
2013 3 71.0
2013 4 57.0
2013 5 144.0
2013 6 102.0
2013 7 87.0
2013 8 88.0
2013 9 211.0
2013 10 254.0
2013 11 99.0
2013 12 254.0
2014 1 44.0
2014 2 201.0
2014 3 321.0
2014 4 203.0
2014 5 269.0
2014 6 204.0
2014 7 116.0
2014 8 236.0
2014 9 211.0
2014 10 396.0
2014 11 153.0
2014 12 166.0
2015 1 28.0
2015 2 114.0
2015 3 121.0
2015 4 400.0
2015 5 262.0
2015 6 131.0
2015 7 281.0
2015 8 81.0
2015 9 223.0
2015 10 113.0
2015 11 184.0
2015 12 53.0
2016 1 134.0
2016 2 271.0
2016 3 145.0
2016 4 245.0
2016 5 436.0
2016 6 137.0
2016 7 321.0
2016 8 255.0
2016 9 66.0
2016 10 137.0
2016 11 197.0
2016 12 145.0
2017 1 29.0
2017 2 169.0
2017 3 167.0
2017 4 261.0
2017 5 352.0
2017 6 310.0
2017 7 83.0
2017 8 574.0
2017 9 356.0
2017 10 351.0
2017 11 184.0
2017 12 143.0
2018 1 137.0
2018 2 363.0
2018 3 427.0
2018 4 116.0
2018 5 233.0
2018 6 241.0
2018 7 185.0
2018 8 303.0
2018 9 488.0
2018 10 226.0
2018 11 202.0
2018 12 221.0
2019 1 161.0
2019 2 100.0
2019 3 81.0
2019 4 253.0
2019 5 442.0
2019 6 197.0
2019 7 625.0
2019 8 675.0
2019 9 286.0
2019 10 529.0
2019 11 495.0
2019 12 367.0
2020 1 613.0
2020 2 238.0
2020 3 381.0
2020 4 135.0
2020 5 231.0
2020 6 298.0
2020 7 199.0
2020 8 213.0
2020 9 264.0
2020 10 325.0
2020 11 360.0
2020 12 442.0
2021 1 237.0
2021 2 370.0
2021 3 512.0
2021 4 175.0
2021 5 253.0
2021 6 491.0
2021 7 306.0
2021 8 408.0
2021 9 539.0
2021 10 605.0
2021 11 337.0
2021 12 429.0
2022 1 220.0
2022 2 687.0
2022 3 1022.0
2022 4 595.0
2022 5 772.0
2022 6 970.0
2022 7 451.0
2022 8 488.0
2022 9 235.0
2022 10 404.0
2022 11 707.0
2022 12 232.0
2023 1 394.0
2023 2 368.0
2023 3 340.0
2023 4 478.0
2023 5 542.0
2023 6 413.0
2023 7 513.0
2023 8 567.0
2023 9 1126.0
2023 10 483.0
2023 11 627.0
2023 12 658.0
2024 1 203.0
2024 2 180.0
2024 3 350.0
2024 4 220.0
2024 5 263.0
2024 6 160.0
2024 7 93.0
2024 8 243.0
