1960 5 1495.0
1960 6 863.0
1960 7 1069.0
1960 8 1015.0
1960 9 991.0
1960 10 1481.0
1960 11 1197.0
1960 12 1545.0
1961 1 890.0
1961 2 1705.0
1961 3 1848.0
1961 4 1622.0
1961 5 2045.0
1961 6 1104.0
1961 7 1567.0
1961 8 1738.0
1961 9 2362.0
1961 10 1099.0
1961 11 1399.0
1961 12 977.0
1962 1 950.0
1962 2 1815.0
1962 3 1431.0
1962 4 1514.0
1962 5 1520.0
1962 6 3234.0
1962 7 1956.0
1962 8 1441.0
1962 9 1570.0
1962 10 1482.0
1962 11 1182.0
1962 12 1680.0
1963 1 830.0
1963 2 950.0
1963 3 1590.0
1963 4 1611.0
1963 5 1638.0
1963 6 1972.0
1963 7 2108.0
1963 8 1623.0
1963 9 1200.0
1963 10 2089.0
1963 11 1974.0
1963 12 1254.0
1964 1 1714.0
1964 2 1110.0
1964 3 1670.0
1964 4 1629.0
1964 5 1517.0
1964 6 2121.0
1964 7 1627.0
1964 8 1450.0
1964 9 1844.0
1964 10 1731.0
1964 11 1667.0
1964 12 1481.0
1965 1 854.0
1965 2 672.0
1965 3 1810.0
1965 4 2352.0
1965 5 997.0
1965 6 2156.0
1965 7 2042.0
1965 8 2263.0
1965 9 2451.0
1965 10 1608.0
1965 11 1883.0
1965 12 1790.0
1966 1 1757.0
1966 2 1991.0
1966 3 3065.0
1966 4 2304.0
1966 5 1530.0
1966 6 1133.0
1966 7 1538.0
1966 8 1996.0
1966 9 1216.0
1966 10 1952.0
1966 11 1966.0
1966 12 1476.0
1967 1 878.0
1967 2 915.0
1967 3 1923.0
1967 4 2514.0
1967 5 2455.0
1967 6 2350.0
1967 7 2046.0
1967 8 3493.0
1967 9 2956.0
1967 10 3115.0
1967 11 3240.0
1967 12 2221.0
1968 1 1693.0
1968 2 1902.0
1968 3 2681.0
1968 4 2613.0
1968 5 4746.0
1968 6 4031.0
1968 7 2910.0
1968 8 3709.0
1968 9 3597.0
1968 10 4139.0
1968 11 5290.0
1968 12 2205.0
1969 1 3198.0
1969 2 3479.0
1969 3 2764.0
1969 4 6469.0
1969 5 2373.0
1969 6 3387.0
1969 7 2931.0
1969 8 2780.0
1969 9 3112.0
1969 10 1781.0
1969 11 2036.0
1969 12 2610.0
1970 1 528.0
1970 2 1213.0
1970 3 3283.0
1970 4 1595.0
1970 5 2227.0
1970 6 3406.0
1970 7 3145.0
1970 8 1634.0
1970 9 2042.0
1970 10 2815.0
1970 11 2249.0
1970 12 3048.0
1971 1 1805.0
1971 2 976.0
1971 3 5069.0
1971 4 4325.0
1971 5 4170.0
1971 6 5172.0
1971 7 4043.0
1971 8 4292.0
1971 9 4612.0
1971 10 2537.0
1971 11 3912.0
1971 12 4088.0
1972 1 1230.0
1972 2 1346.0
1972 3 2093.0
1972 4 2937.0
1972 5 3670.0
1972 6 3102.0
1972 7 3369.0
1972 8 4811.0
1972 9 3823.0
1972 10 4441.0
1972 11 3840.0
1972 12 3285.0
1973 1 2826.0
1973 2 2293.0
1973 3 2266.0
1973 4 3162.0
1973 5 2637.0
1973 6 2746.0
1973 7 4503.0
1973 8 3275.0
1973 9 1912.0
1973 10 2108.0
1973 11 1653.0
1973 12 2041.0
1974 1 1248.0
1974 2 765.0
1974 3 2114.0
1974 4 1155.0
1974 5 1439.0
1974 6 1261.0
1974 7 666.0
1974 8 1518.0
1974 9 825.0
1974 10 729.0
1974 11 951.0
1974 12 1020.0
1975 1 1129.0
1975 2 392.0
1975 3 713.0
1975 4 1078.0
1975 5 640.0
1975 6 1340.0
1975 7 1483.0
1975 8 417.0
1975 9 786.0
1975 10 2020.0
1975 11 1254.0
1975 12 1126.0
1976 1 813.0
1976 2 701.0
1976 3 1387.0
1976 4 1472.0
1976 5 1859.0
1976 6 1622.0
1976 7 1750.0
1976 8 1758.0
1976 9 2658.0
1976 10 2665.0
1976 11 2357.0
1976 12 1298.0
1977 1 205.0
1977 2 902.0
1977 3 2591.0
1977 4 3540.0
1977 5 2640.0
1977 6 2493.0
1977 7 1996.0
1977 8 3051.0
1977 9 2575.0
1977 10 2266.0
1977 11 2294.0
1977 12 1524.0
1978 1 867.0
1978 2 1198.0
1978 3 1814.0
1978 4 2057.0
1978 5 2442.0
1978 6 2870.0
1978 7 2612.0
1978 8 2440.0
1978 9 2470.0
1978 10 2911.0
1978 11 2795.0
1978 12 1516.0
1979 1 672.0
1979 2 1087.0
1979 3 1367.0
1979 4 1714.0
1979 5 2943.0
1979 6 2682.0
1979 7 1439.0
1979 8 2229.0
1979 9 2217.0
1979 10 1822.0
1979 11 1411.0
1979 12 1535.0
1980 1 473.0
1980 2 834.0
1980 3 688.0
1980 4 567.0
1980 5 412.0
1980 6 901.0
1980 7 1760.0
1980 8 1707.0
1980 9 2036.0
1980 10 2009.0
1980 11 1977.0
1980 12 829.0
1981 1 482.0
1981 2 655.0
1981 3 999.0
1981 4 946.0
1981 5 569.0
1981 6 499.0
1981 7 675.0
1981 8 661.0
1981 9 417.0
1981 10 574.0
1981 11 379.0
1981 12 343.0
1982 1 211.0
1982 2 361.0
1982 3 230.0
1982 4 333.0
1982 5 1265.0
1982 6 525.0
1982 7 1111.0
1982 8 752.0
1982 9 2485.0
1982 10 1246.0
1982 11 767.0
1982 12 1108.0
1983 1 296.0
1983 2 198.0
1983 3 630.0
1983 4 994.0
1983 5 924.0
1983 6 792.0
1983 7 2112.0
1983 8 1244.0
1983 9 1555.0
1983 10 1710.0
1983 11 729.0
1983 12 1129.0
1984 1 509.0
1984 2 549.0
1984 3 631.0
1984 4 910.0
1984 5 1146.0
1984 6 1379.0
1984 7 1590.0
1984 8 873.0
1984 9 606.0
1984 10 1159.0
1984 11 788.0
1984 12 321.0
1985 1 383.0
1985 2 724.0
1985 3 836.0
1985 4 1642.0
1985 5 2356.0
1985 6 1876.0
1985 7 2123.0
1985 8 2171.0
1985 9 1702.0
1985 10 1095.0
1985 11 1400.0
1985 12 2255.0
1986 1 1114.0
1986 2 650.0
1986 3 973.0
1986 4 3034.0
1986 5 2809.0
1986 6 2108.0
1986 7 1940.0
1986 8 1520.0
1986 9 3040.0
1986 10 1068.0
1986 11 2078.0
1986 12 1142.0
1987 1 1069.0
1987 2 687.0
1987 3 998.0
1987 4 1110.0
1987 5 2083.0
1987 6 1777.0
1987 7 1357.0
1987 8 1807.0
1987 9 1716.0
1987 10 1813.0
1987 11 1397.0
1987 12 1041.0
1988 1 411.0
1988 2 452.0
1988 3 905.0
1988 4 854.0
1988 5 1157.0
1988 6 1599.0
1988 7 1122.0
1988 8 1040.0
1988 9 1520.0
1988 10 1082.0
1988 11 1006.0
1988 12 3469.0
1989 1 281.0
1989 2 1468.0
1989 3 616.0
1989 4 1904.0
1989 5 1289.0
1989 6 781.0
1989 7 884.0
1989 8 1274.0
1989 9 965.0
1989 10 1382.0
1989 11 721.0
1989 12 428.0
1990 1 1303.0
1990 2 851.0
1990 3 666.0
1990 4 934.0
1990 5 752.0
1990 6 903.0
1990 7 829.0
1990 8 827.0
1990 9 1295.0
1990 10 696.0
1990 11 857.0
1990 12 412.0
1991 1 75.0
1991 2 89.0
1991 3 399.0
1991 4 831.0
1991 5 669.0
1991 6 839.0
1991 7 752.0
1991 8 741.0
1991 9 972.0
1991 10 1309.0
1991 11 641.0
1991 12 388.0
1992 1 378.0
1992 2 632.0
1992 3 687.0
1992 4 568.0
1992 5 1146.0
1992 6 644.0
1992 7 1029.0
1992 8 764.0
1992 9 826.0
1992 10 876.0
1992 11 480.0
1992 12 415.0
1993 1 364.0
1993 2 365.0
1993 3 616.0
1993 4 560.0
1993 5 907.0
1993 6 846.0
1993 7 713.0
1993 8 582.0
1993 9 669.0
1993 10 934.0
1993 11 914.0
1993 12 703.0
1994 1 421.0
1994 2 397.0
1994 3 952.0
1994 4 772.0
1994 5 1308.0
1994 6 744.0
1994 7 992.0
1994 8 1071.0
1994 9 1137.0
1994 10 1267.0
1994 11 809.0
1994 12 1213.0
1995 1 549.0
1995 2 756.0
1995 3 782.0
1995 4 798.0
1995 5 900.0
1995 6 1073.0
1995 7 972.0
1995 8 1714.0
1995 9 1550.0
1995 10 1205.0
1995 11 1156.0
1995 12 646.0
1996 1 553.0
1996 2 477.0
1996 3 863.0
1996 4 1217.0
1996 5 1319.0
1996 6 1066.0
1996 7 1099.0
1996 8 1164.0
1996 9 1362.0
1996 10 1777.0
1996 11 1449.0
1996 12 812.0
1997 1 886.0
1997 2 810.0
1997 3 1619.0
1997 4 1338.0
1997 5 1236.0
1997 6 1015.0
1997 7 1121.0
1997 8 852.0
1997 9 1135.0
1997 10 2036.0
1997 11 1292.0
1997 12 852.0
1998 1 568.0
1998 2 712.0
1998 3 784.0
1998 4 925.0
1998 5 846.0
1998 6 934.0
1998 7 922.0
1998 8 734.0
1998 9 1097.0
1998 10 2090.0
1998 11 833.0
1998 12 1317.0
1999 1 416.0
1999 2 990.0
1999 3 1350.0
1999 4 943.0
1999 5 1337.0
1999 6 1143.0
1999 7 1011.0
1999 8 1513.0
1999 9 1305.0
1999 10 1334.0
1999 11 1109.0
1999 12 732.0
2000 1 652.0
2000 2 1001.0
2000 3 814.0
2000 4 1471.0
2000 5 1779.0
2000 6 1121.0
2000 7 1283.0
2000 8 1070.0
2000 9 1046.0
2000 10 1250.0
2000 11 1159.0
2000 12 886.0
2001 1 1161.0
2001 2 734.0
2001 3 923.0
2001 4 1101.0
2001 5 1133.0
2001 6 1171.0
2001 7 1080.0
2001 8 1496.0
2001 9 1147.0
2001 10 1378.0
2001 11 1574.0
2001 12 1522.0
2002 1 977.0
2002 2 760.0
2002 3 1368.0
2002 4 1261.0
2002 5 1327.0
2002 6 1460.0
2002 7 1989.0
2002 8 856.0
2002 9 1654.0
2002 10 1890.0
2002 11 1017.0
2002 12 1234.0
2003 1 843.0
2003 2 959.0
2003 3 962.0
2003 4 1363.0
2003 5 1069.0
2003 6 2033.0
2003 7 1346.0
2003 8 1725.0
2003 9 1668.0
2003 10 2181.0
2003 11 2017.0
2003 12 1264.0
2004 1 644.0
2004 2 492.0
2004 3 1419.0
2004 4 594.0
2004 5 1333.0
2004 6 1129.0
2004 7 1402.0
2004 8 1245.0
2004 9 1897.0
2004 10 1690.0
2004 11 1154.0
2004 12 1441.0
2005 1 844.0
2005 2 1090.0
2005 3 1820.0
2005 4 1505.0
2005 5 1618.0
2005 6 1115.0
2005 7 1345.0
2005 8 2060.0
2005 9 1850.0
2005 10 1620.0
2005 11 1914.0
2005 12 2128.0
2006 1 2240.0
2006 2 2355.0
2006 3 1538.0
2006 4 1391.0
2006 5 1833.0
2006 6 1586.0
2006 7 2076.0
2006 8 1814.0
2006 9 1370.0
2006 10 1528.0
2006 11 1141.0
2006 12 1352.0
2007 1 2748.0
2007 2 1878.0
2007 3 1662.0
2007 4 1070.0
2007 5 1386.0
2007 6 1570.0
2007 7 1097.0
2007 8 1342.0
2007 9 1607.0
2007 10 1067.0
2007 11 1137.0
2007 12 1534.0
2008 1 1530.0
2008 2 624.0
2008 3 555.0
2008 4 1579.0
2008 5 763.0
2008 6 658.0
2008 7 865.0
2008 8 1102.0
2008 9 461.0
2008 10 618.0
2008 11 244.0
2008 12 660.0
2009 1 427.0
2009 2 75.0
2009 3 177.0
2009 4 70.0
2009 5 94.0
2009 6 184.0
2009 7 347.0
2009 8 239.0
2009 9 470.0
2009 10 132.0
2009 11 423.0
2009 12 225.0
2010 1 48.0
2010 2 199.0
2010 3 174.0
2010 4 175.0
2010 5 564.0
2010 6 332.0
2010 7 97.0
2010 8 339.0
2010 9 348.0
2010 10 626.0
2010 11 120.0
2010 12 591.0
2011 1 542.0
2011 2 70.0
2011 3 174.0
2011 4 184.0
2011 5 507.0
2011 6 448.0
2011 7 199.0
2011 8 686.0
2011 9 349.0
2011 10 780.0
2011 11 738.0
2011 12 593.0
2012 1 59.0
2012 2 155.0
2012 3 664.0
2012 4 226.0
2012 5 206.0
2012 6 294.0
2012 7 279.0
2012 8 469.0
2012 9 669.0
2012 10 508.0
2012 11 834.0
2012 12 198.0
2013 1 159.0
2013 2 236.0
2013 3 530.0
2013 4 511.0
2013 5 608.0
2013 6 384.0
2013 7 329.0
2013 8 237.0
2013 9 1566.0
2013 10 792.0
2013 11 882.0
2013 12 294.0
2014 1 321.0
2014 2 355.0
2014 3 881.0
2014 4 1281.0
2014 5 886.0
2014 6 1214.0
2014 7 1333.0
2014 8 497.0
2014 9 423.0
2014 10 849.0
2014 11 442.0
2014 12 984.0
2015 1 123.0
2015 2 1206.0
2015 3 662.0
2015 4 1021.0
2015 5 563.0
2015 6 1209.0
2015 7 542.0
2015 8 945.0
2015 9 465.0
2015 10 534.0
2015 11 1632.0
2015 12 689.0
2016 1 1292.0
2016 2 578.0
2016 3 1308.0
2016 4 317.0
2016 5 876.0
2016 6 432.0
2016 7 1290.0
2016 8 788.0
2016 9 1210.0
2016 10 2189.0
2016 11 539.0
2016 12 663.0
2017 1 254.0
2017 2 1203.0
2017 3 709.0
2017 4 1948.0
2017 5 435.0
2017 6 2364.0
2017 7 375.0
2017 8 1035.0
2017 9 1022.0
2017 10 1166.0
2017 11 1006.0
2017 12 1301.0
2018 1 276.0
2018 2 425.0
2018 3 1182.0
2018 4 1011.0
2018 5 1871.0
2018 6 877.0
2018 7 711.0
2018 8 770.0
2018 9 1633.0
2018 10 1030.0
2018 11 1738.0
2018 12 709.0
2019 1 748.0
2019 2 717.0
2019 3 413.0
2019 4 2403.0
2019 5 1100.0
2019 6 487.0
2019 7 1200.0
2019 8 788.0
2019 9 588.0
2019 10 847.0
2019 11 1158.0
2019 12 1474.0
2020 1 588.0
2020 2 672.0
2020 3 1155.0
2020 4 663.0
2020 5 508.0
2020 6 513.0
2020 7 941.0
2020 8 264.0
2020 9 664.0
2020 10 665.0
2020 11 560.0
2020 12 531.0
2021 1 368.0
2021 2 336.0
2021 3 593.0
2021 4 749.0
2021 5 516.0
2021 6 944.0
2021 7 1311.0
2021 8 596.0
2021 9 646.0
2021 10 1828.0
2021 11 608.0
2021 12 341.0
2022 1 782.0
2022 2 296.0
2022 3 1053.0
2022 4 1249.0
2022 5 805.0
2022 6 423.0
2022 7 658.0
2022 8 888.0
2022 9 1500.0
2022 10 1025.0
2022 11 959.0
2022 12 1253.0
2023 1 608.0
2023 2 288.0
2023 3 1063.0
2023 4 820.0
2023 5 519.0
2023 6 640.0
2023 7 362.0
2023 8 605.0
2023 9 689.0
2023 10 629.0
2023 11 294.0
2023 12 264.0
2024 1 343.0
2024 2 325.0
2024 3 1302.0
2024 4 216.0
2024 5 709.0
2024 6 752.0
2024 7 557.0
2024 8 1253.0
