1960 5 4671.0
1960 6 4203.0
1960 7 3988.0
1960 8 3849.0
1960 9 3456.0
1960 10 4106.0
1960 11 2978.0
1960 12 2894.0
1961 1 2119.0
1961 2 3011.0
1961 3 4465.0
1961 4 4813.0
1961 5 4929.0
1961 6 3913.0
1961 7 4007.0
1961 8 4360.0
1961 9 4535.0
1961 10 3715.0
1961 11 3319.0
1961 12 2177.0
1962 1 1837.0
1962 2 2835.0
1962 3 3570.0
1962 4 4355.0
1962 5 4192.0
1962 6 5920.0
1962 7 4365.0
1962 8 3799.0
1962 9 3801.0
1962 10 3650.0
1962 11 2959.0
1962 12 2843.0
1963 1 1592.0
1963 2 1665.0
1963 3 3575.0
1963 4 4411.0
1963 5 4515.0
1963 6 4213.0
1963 7 4285.0
1963 8 3644.0
1963 9 3388.0
1963 10 4468.0
1963 11 3593.0
1963 12 2249.0
1964 1 2635.0
1964 2 2380.0
1964 3 3938.0
1964 4 3904.0
1964 5 3870.0
1964 6 4489.0
1964 7 3784.0
1964 8 3320.0
1964 9 3697.0
1964 10 3731.0
1964 11 3401.0
1964 12 2325.0
1965 1 1708.0
1965 2 1545.0
1965 3 3909.0
1965 4 4706.0
1965 5 3478.0
1965 6 4768.0
1965 7 4446.0
1965 8 4311.0
1965 9 4771.0
1965 10 3727.0
1965 11 3834.0
1965 12 3288.0
1966 1 2536.0
1966 2 3210.0
1966 3 5491.0
1966 4 4458.0
1966 5 3619.0
1966 6 3422.0
1966 7 3376.0
1966 8 3992.0
1966 9 3044.0
1966 10 3437.0
1966 11 3281.0
1966 12 2300.0
1967 1 1595.0
1967 2 1554.0
1967 3 3647.0
1967 4 4736.0
1967 5 4912.0
1967 6 4766.0
1967 7 4273.0
1967 8 5832.0
1967 9 4959.0
1967 10 5444.0
1967 11 5149.0
1967 12 3565.0
1968 1 2598.0
1968 2 3168.0
1968 3 4978.0
1968 4 5255.0
1968 5 8757.0
1968 6 7329.0
1968 7 6357.0
1968 8 7078.0
1968 9 6650.0
1968 10 7701.0
1968 11 7727.0
1968 12 4146.0
1969 1 4367.0
1969 2 5324.0
1969 3 5933.0
1969 4 9758.0
1969 5 5522.0
1969 6 6449.0
1969 7 5693.0
1969 8 4982.0
1969 9 5272.0
1969 10 4205.0
1969 11 3583.0
1969 12 4049.0
1970 1 1120.0
1970 2 2192.0
1970 3 5327.0
1970 4 4031.0
1970 5 4410.0
1970 6 5638.0
1970 7 5718.0
1970 8 3967.0
1970 9 4558.0
1970 10 5745.0
1970 11 4721.0
1970 12 4973.0
1971 1 2802.0
1971 2 2289.0
1971 3 8262.0
1971 4 8845.0
1971 5 8080.0
1971 6 8836.0
1971 7 7171.0
1971 8 7740.0
1971 9 8215.0
1971 10 5933.0
1971 11 7708.0
1971 12 6231.0
1972 1 2722.0
1972 2 2838.0
1972 3 5833.0
1972 4 6853.0
1972 5 8186.0
1972 6 6883.0
1972 7 6819.0
1972 8 8426.0
1972 9 6660.0
1972 10 7998.0
1972 11 6841.0
1972 12 4876.0
1973 1 4523.0
1973 2 4953.0
1973 3 5747.0
1973 4 6464.0
1973 5 6954.0
1973 6 6215.0
1973 7 7971.0
1973 8 6302.0
1973 9 4372.0
1973 10 4609.0
1973 11 3515.0
1973 12 3050.0
1974 1 2211.0
1974 2 2089.0
1974 3 4567.0
1974 4 4305.0
1974 5 3918.0
1974 6 2861.0
1974 7 3207.0
1974 8 4068.0
1974 9 3138.0
1974 10 2724.0
1974 11 2447.0
1974 12 1995.0
1975 1 1912.0
1975 2 1248.0
1975 3 2342.0
1975 4 3507.0
1975 5 3218.0
1975 6 4069.0
1975 7 4167.0
1975 8 2983.0
1975 9 3607.0
1975 10 5470.0
1975 11 3494.0
1975 12 2921.0
1976 1 1889.0
1976 2 2415.0
1976 3 5085.0
1976 4 5802.0
1976 5 5839.0
1976 6 5659.0
1976 7 5582.0
1976 8 5359.0
1976 9 6500.0
1976 10 6752.0
1976 11 5964.0
1976 12 3252.0
1977 1 1046.0
1977 2 2541.0
1977 3 7092.0
1977 4 8969.0
1977 5 8492.0
1977 6 8240.0
1977 7 7081.0
1977 8 8181.0
1977 9 7310.0
1977 10 6591.0
1977 11 6558.0
1977 12 3684.0
1978 1 2038.0
1978 2 2643.0
1978 3 5641.0
1978 4 6574.0
1978 5 7788.0
1978 6 7983.0
1978 7 6553.0
1978 8 6872.0
1978 9 6332.0
1978 10 7063.0
1978 11 5720.0
1978 12 2902.0
1979 1 1076.0
1979 2 1721.0
1979 3 3318.0
1979 4 4590.0
1979 5 6412.0
1979 6 5751.0
1979 7 3970.0
1979 8 4884.0
1979 9 4193.0
1979 10 3799.0
1979 11 2503.0
1979 12 2230.0
1980 1 970.0
1980 2 1155.0
1980 3 1302.0
1980 4 1284.0
1980 5 1178.0
1980 6 1793.0
1980 7 2862.0
1980 8 2770.0
1980 9 3376.0
1980 10 3548.0
1980 11 3044.0
1980 12 1396.0
1981 1 748.0
1981 2 964.0
1981 3 1957.0
1981 4 2095.0
1981 5 1389.0
1981 6 1386.0
1981 7 1351.0
1981 8 1354.0
1981 9 973.0
1981 10 1265.0
1981 11 978.0
1981 12 733.0
1982 1 328.0
1982 2 511.0
1982 3 677.0
1982 4 1136.0
1982 5 1965.0
1982 6 1250.0
1982 7 1742.0
1982 8 1465.0
1982 9 3264.0
1982 10 2142.0
1982 11 1618.0
1982 12 1722.0
1983 1 708.0
1983 2 851.0
1983 3 2126.0
1983 4 2521.0
1983 5 2885.0
1983 6 2969.0
1983 7 3853.0
1983 8 3031.0
1983 9 3136.0
1983 10 3345.0
1983 11 2055.0
1983 12 1988.0
1984 1 990.0
1984 2 1577.0
1984 3 2138.0
1984 4 2916.0
1984 5 3776.0
1984 6 3560.0
1984 7 3514.0
1984 8 2732.0
1984 9 2328.0
1984 10 2867.0
1984 11 2329.0
1984 12 1083.0
1985 1 942.0
1985 2 1287.0
1985 3 2460.0
1985 4 3791.0
1985 5 4716.0
1985 6 4081.0
1985 7 4492.0
1985 8 4211.0
1985 9 3610.0
1985 10 3385.0
1985 11 2751.0
1985 12 3117.0
1986 1 2017.0
1986 2 1600.0
1986 3 3108.0
1986 4 6407.0
1986 5 6183.0
1986 6 5240.0
1986 7 5154.0
1986 8 4416.0
1986 9 5871.0
1986 10 4213.0
1986 11 4241.0
1986 12 2980.0
1987 1 2412.0
1987 2 2557.0
1987 3 4251.0
1987 4 4687.0
1987 5 5275.0
1987 6 5227.0
1987 7 4555.0
1987 8 4724.0
1987 9 4662.0
1987 10 4624.0
1987 11 3622.0
1987 12 2567.0
1988 1 1443.0
1988 2 1796.0
1988 3 4096.0
1988 4 4256.0
1988 5 4758.0
1988 6 5081.0
1988 7 4211.0
1988 8 4417.0
1988 9 4454.0
1988 10 4325.0
1988 11 3417.0
1988 12 5666.0
1989 1 1640.0
1989 2 2907.0
1989 3 3376.0
1989 4 4962.0
1989 5 4503.0
1989 6 3562.0
1989 7 3481.0
1989 8 4099.0
1989 9 3763.0
1989 10 4387.0
1989 11 3069.0
1989 12 1801.0
1990 1 2877.0
1990 2 2593.0
1990 3 3632.0
1990 4 3864.0
1990 5 3820.0
1990 6 3684.0
1990 7 3284.0
1990 8 3571.0
1990 9 3394.0
1990 10 2902.0
1990 11 2431.0
1990 12 1569.0
1991 1 786.0
1991 2 1239.0
1991 3 2493.0
1991 4 3618.0
1991 5 3608.0
1991 6 3472.0
1991 7 3509.0
1991 8 3298.0
1991 9 3158.0
1991 10 3708.0
1991 11 2445.0
1991 12 1744.0
1992 1 1877.0
1992 2 2417.0
1992 3 3561.0
1992 4 3718.0
1992 5 4135.0
1992 6 3788.0
1992 7 3974.0
1992 8 3637.0
1992 9 3883.0
1992 10 3916.0
1992 11 2637.0
1992 12 2351.0
1993 1 1880.0
1993 2 2208.0
1993 3 3540.0
1993 4 3823.0
1993 5 4297.0
1993 6 4235.0
1993 7 3771.0
1993 8 4051.0
1993 9 3800.0
1993 10 4498.0
1993 11 4043.0
1993 12 3170.0
1994 1 2091.0
1994 2 2181.0
1994 3 4776.0
1994 4 4670.0
1994 5 5635.0
1994 6 4509.0
1994 7 4413.0
1994 8 4871.0
1994 9 4553.0
1994 10 4652.0
1994 11 3671.0
1994 12 3334.0
1995 1 1938.0
1995 2 2589.0
1995 3 4166.0
1995 4 3860.0
1995 5 4446.0
1995 6 4626.0
1995 7 4158.0
1995 8 5191.0
1995 9 4920.0
1995 10 4677.0
1995 11 4144.0
1995 12 2621.0
1996 1 2227.0
1996 2 2677.0
1996 3 3937.0
1996 4 5418.0
1996 5 5073.0
1996 6 4418.0
1996 7 4613.0
1996 8 4679.0
1996 9 4614.0
1996 10 5137.0
1996 11 4188.0
1996 12 2692.0
1997 1 2249.0
1997 2 2589.0
1997 3 4451.0
1997 4 4772.0
1997 5 4594.0
1997 6 4266.0
1997 7 4386.0
1997 8 3746.0
1997 9 4247.0
1997 10 4907.0
1997 11 3558.0
1997 12 2845.0
1998 1 2053.0
1998 2 2902.0
1998 3 3885.0
1998 4 4753.0
1998 5 4288.0
1998 6 4655.0
1998 7 4228.0
1998 8 3856.0
1998 9 4225.0
1998 10 5291.0
1998 11 3604.0
1998 12 3843.0
1999 1 2082.0
1999 2 3305.0
1999 3 4884.0
1999 4 4842.0
1999 5 4883.0
1999 6 5016.0
1999 7 4574.0
1999 8 5250.0
1999 9 5099.0
1999 10 4978.0
1999 11 4556.0
1999 12 3151.0
2000 1 2699.0
2000 2 3472.0
2000 3 4680.0
2000 4 5295.0
2000 5 5467.0
2000 6 4588.0
2000 7 4733.0
2000 8 4730.0
2000 9 4274.0
2000 10 4608.0
2000 11 4186.0
2000 12 2463.0
2001 1 3254.0
2001 2 2997.0
2001 3 4427.0
2001 4 4983.0
2001 5 5255.0
2001 6 5137.0
2001 7 4743.0
2001 8 5350.0
2001 9 4251.0
2001 10 5008.0
2001 11 4471.0
2001 12 3667.0
2002 1 3282.0
2002 2 3317.0
2002 3 4716.0
2002 4 5813.0
2002 5 5402.0
2002 6 5351.0
2002 7 5663.0
2002 8 4548.0
2002 9 5446.0
2002 10 6407.0
2002 11 4101.0
2002 12 3982.0
2003 1 3020.0
2003 2 3289.0
2003 3 4524.0
2003 4 5615.0
2003 5 4974.0
2003 6 6576.0
2003 7 5718.0
2003 8 5936.0
2003 9 5878.0
2003 10 7024.0
2003 11 4895.0
2003 12 3844.0
2004 1 3134.0
2004 2 3083.0
2004 3 5708.0
2004 4 4914.0
2004 5 5391.0
2004 6 5620.0
2004 7 5815.0
2004 8 6134.0
2004 9 6139.0
2004 10 5529.0
2004 11 4485.0
2004 12 4158.0
2005 1 3020.0
2005 2 3795.0
2005 3 5979.0
2005 4 5976.0
2005 5 6286.0
2005 6 6021.0
2005 7 6134.0
2005 8 6891.0
2005 9 6439.0
2005 10 6065.0
2005 11 5961.0
2005 12 5041.0
2006 1 4861.0
2006 2 5174.0
2006 3 5687.0
2006 4 5307.0
2006 5 6238.0
2006 6 5364.0
2006 7 5562.0
2006 8 5438.0
2006 9 4336.0
2006 10 4638.0
2006 11 3408.0
2006 12 2853.0
2007 1 4371.0
2007 2 3332.0
2007 3 4310.0
2007 4 3506.0
2007 5 4416.0
2007 6 4264.0
2007 7 3511.0
2007 8 3620.0
2007 9 3427.0
2007 10 3217.0
2007 11 2518.0
2007 12 2449.0
2008 1 2336.0
2008 2 1443.0
2008 3 1662.0
2008 4 3111.0
2008 5 2230.0
2008 6 1960.0
2008 7 2142.0
2008 8 2127.0
2008 9 1623.0
2008 10 1635.0
2008 11 906.0
2008 12 1049.0
2009 1 716.0
2009 2 663.0
2009 3 747.0
2009 4 824.0
2009 5 873.0
2009 6 1040.0
2009 7 1342.0
2009 8 1006.0
2009 9 1311.0
2009 10 1011.0
2009 11 1081.0
2009 12 707.0
2010 1 381.0
2010 2 727.0
2010 3 1027.0
2010 4 1097.0
2010 5 1388.0
2010 6 1131.0
2010 7 772.0
2010 8 1008.0
2010 9 1024.0
2010 10 1256.0
2010 11 781.0
2010 12 946.0
2011 1 833.0
2011 2 439.0
2011 3 904.0
2011 4 836.0
2011 5 1233.0
2011 6 1128.0
2011 7 825.0
2011 8 1440.0
2011 9 993.0
2011 10 1514.0
2011 11 1294.0
2011 12 1056.0
2012 1 411.0
2012 2 564.0
2012 3 1501.0
2012 4 955.0
2012 5 1166.0
2012 6 1089.0
2012 7 1113.0
2012 8 1481.0
2012 9 1478.0
2012 10 1503.0
2012 11 1511.0
2012 12 738.0
2013 1 568.0
2013 2 705.0
2013 3 1343.0
2013 4 1440.0
2013 5 1618.0
2013 6 1306.0
2013 7 1336.0
2013 8 1276.0
2013 9 2446.0
2013 10 1892.0
2013 11 1730.0
2013 12 900.0
2014 1 660.0
2014 2 843.0
2014 3 1772.0
2014 4 2417.0
2014 5 1913.0
2014 6 2177.0
2014 7 2327.0
2014 8 1467.0
2014 9 1380.0
2014 10 2007.0
2014 11 1129.0
2014 12 1688.0
2015 1 530.0
2015 2 1589.0
2015 3 1479.0
2015 4 2016.0
2015 5 1668.0
2015 6 2344.0
2015 7 1651.0
2015 8 1993.0
2015 9 1528.0
2015 10 1553.0
2015 11 2457.0
2015 12 1287.0
2016 1 1824.0
2016 2 1136.0
2016 3 2386.0
2016 4 1311.0
2016 5 1964.0
2016 6 1516.0
2016 7 2188.0
2016 8 1824.0
2016 9 2223.0
2016 10 3302.0
2016 11 1327.0
2016 12 1222.0
2017 1 751.0
2017 2 1830.0
2017 3 1667.0
2017 4 2859.0
2017 5 1493.0
2017 6 3489.0
2017 7 1419.0
2017 8 2175.0
2017 9 2015.0
2017 10 2085.0
2017 11 1839.0
2017 12 1880.0
2018 1 733.0
2018 2 946.0
2018 3 2224.0
2018 4 1985.0
2018 5 2998.0
2018 6 1896.0
2018 7 1621.0
2018 8 1853.0
2018 9 2482.0
2018 10 2117.0
2018 11 2494.0
2018 12 1204.0
2019 1 1296.0
2019 2 1229.0
2019 3 1192.0
2019 4 3378.0
2019 5 2094.0
2019 6 1284.0
2019 7 2095.0
2019 8 1529.0
2019 9 1419.0
2019 10 1746.0
2019 11 1817.0
2019 12 2025.0
2020 1 1142.0
2020 2 1247.0
2020 3 1850.0
2020 4 1382.0
2020 5 1234.0
2020 6 1480.0
2020 7 1973.0
2020 8 1212.0
2020 9 1729.0
2020 10 1660.0
2020 11 1336.0
2020 12 1284.0
2021 1 983.0
2021 2 1011.0
2021 3 1625.0
2021 4 1967.0
2021 5 1460.0
2021 6 1981.0
2021 7 2224.0
2021 8 1793.0
2021 9 1642.0
2021 10 2655.0
2021 11 1460.0
2021 12 1080.0
2022 1 1314.0
2022 2 917.0
2022 3 2090.0
2022 4 2270.0
2022 5 1702.0
2022 6 1437.0
2022 7 1418.0
2022 8 1720.0
2022 9 2255.0
2022 10 1814.0
2022 11 1534.0
2022 12 1673.0
2023 1 978.0
2023 2 784.0
2023 3 1850.0
2023 4 1576.0
2023 5 1418.0
2023 6 1481.0
2023 7 1165.0
2023 8 1435.0
2023 9 1470.0
2023 10 1473.0
2023 11 1139.0
2023 12 911.0
2024 1 821.0
2024 2 982.0
2024 3 2175.0
2024 4 1196.0
2024 5 1770.0
2024 6 1690.0
2024 7 1497.0
2024 8 2217.0
