1960 5 226.0
1960 6 252.0
1960 7 184.0
1960 8 386.0
1960 9 277.0
1960 10 192.0
1960 11 323.0
1960 12 193.0
1961 1 260.0
1961 2 211.0
1961 3 410.0
1961 4 540.0
1961 5 345.0
1961 6 316.0
1961 7 309.0
1961 8 285.0
1961 9 223.0
1961 10 237.0
1961 11 173.0
1961 12 216.0
1962 1 176.0
1962 2 158.0
1962 3 248.0
1962 4 333.0
1962 5 407.0
1962 6 260.0
1962 7 352.0
1962 8 165.0
1962 9 298.0
1962 10 370.0
1962 11 250.0
1962 12 218.0
1963 1 167.0
1963 2 251.0
1963 3 382.0
1963 4 455.0
1963 5 377.0
1963 6 446.0
1963 7 387.0
1963 8 377.0
1963 9 348.0
1963 10 363.0
1963 11 329.0
1963 12 207.0
1964 1 148.0
1964 2 274.0
1964 3 315.0
1964 4 342.0
1964 5 347.0
1964 6 486.0
1964 7 242.0
1964 8 250.0
1964 9 298.0
1964 10 314.0
1964 11 339.0
1964 12 148.0
1965 1 188.0
1965 2 216.0
1965 3 366.0
1965 4 308.0
1965 5 277.0
1965 6 244.0
1965 7 294.0
1965 8 265.0
1965 9 374.0
1965 10 183.0
1965 11 248.0
1965 12 204.0
1966 1 138.0
1966 2 241.0
1966 3 318.0
1966 4 290.0
1966 5 321.0
1966 6 213.0
1966 7 260.0
1966 8 207.0
1966 9 175.0
1966 10 145.0
1966 11 161.0
1966 12 127.0
1967 1 57.0
1967 2 74.0
1967 3 266.0
1967 4 210.0
1967 5 217.0
1967 6 237.0
1967 7 178.0
1967 8 247.0
1967 9 211.0
1967 10 232.0
1967 11 304.0
1967 12 182.0
1968 1 207.0
1968 2 213.0
1968 3 269.0
1968 4 306.0
1968 5 381.0
1968 6 364.0
1968 7 249.0
1968 8 271.0
1968 9 317.0
1968 10 402.0
1968 11 390.0
1968 12 250.0
1969 1 164.0
1969 2 147.0
1969 3 325.0
1969 4 672.0
1969 5 347.0
1969 6 322.0
1969 7 184.0
1969 8 188.0
1969 9 345.0
1969 10 305.0
1969 11 212.0
1969 12 212.0
1970 1 116.0
1970 2 131.0
1970 3 210.0
1970 4 172.0
1970 5 428.0
1970 6 325.0
1970 7 382.0
1970 8 214.0
1970 9 278.0
1970 10 343.0
1970 11 317.0
1970 12 497.0
1971 1 162.0
1971 2 128.0
1971 3 428.0
1971 4 338.0
1971 5 347.0
1971 6 430.0
1971 7 840.0
1971 8 312.0
1971 9 621.0
1971 10 546.0
1971 11 472.0
1971 12 218.0
1972 1 137.0
1972 2 110.0
1972 3 251.0
1972 4 327.0
1972 5 585.0
1972 6 576.0
1972 7 297.0
1972 8 544.0
1972 9 517.0
1972 10 427.0
1972 11 481.0
1972 12 272.0
1973 1 311.0
1973 2 159.0
1973 3 516.0
1973 4 389.0
1973 5 491.0
1973 6 407.0
1973 7 328.0
1973 8 308.0
1973 9 315.0
1973 10 174.0
1973 11 216.0
1973 12 158.0
1974 1 213.0
1974 2 110.0
1974 3 210.0
1974 4 226.0
1974 5 190.0
1974 6 509.0
1974 7 188.0
1974 8 252.0
1974 9 221.0
1974 10 142.0
1974 11 203.0
1974 12 144.0
1975 1 100.0
1975 2 135.0
1975 3 174.0
1975 4 125.0
1975 5 160.0
1975 6 181.0
1975 7 545.0
1975 8 170.0
1975 9 121.0
1975 10 255.0
1975 11 197.0
1975 12 122.0
1976 1 57.0
1976 2 132.0
1976 3 268.0
1976 4 268.0
1976 5 226.0
1976 6 230.0
1976 7 401.0
1976 8 310.0
1976 9 550.0
1976 10 362.0
1976 11 384.0
1976 12 148.0
1977 1 52.0
1977 2 277.0
1977 3 373.0
1977 4 561.0
1977 5 358.0
1977 6 267.0
1977 7 361.0
1977 8 545.0
1977 9 386.0
1977 10 414.0
1977 11 524.0
1977 12 148.0
1978 1 158.0
1978 2 306.0
1978 3 346.0
1978 4 362.0
1978 5 289.0
1978 6 390.0
1978 7 536.0
1978 8 316.0
1978 9 451.0
1978 10 592.0
1978 11 333.0
1978 12 110.0
1979 1 32.0
1979 2 56.0
1979 3 197.0
1979 4 360.0
1979 5 309.0
1979 6 425.0
1979 7 262.0
1979 8 382.0
1979 9 286.0
1979 10 225.0
1979 11 151.0
1979 12 179.0
1980 1 59.0
1980 2 65.0
1980 3 81.0
1980 4 109.0
1980 5 125.0
1980 6 194.0
1980 7 151.0
1980 8 361.0
1980 9 502.0
1980 10 372.0
1980 11 377.0
1980 12 155.0
1981 1 56.0
1981 2 89.0
1981 3 189.0
1981 4 316.0
1981 5 93.0
1981 6 93.0
1981 7 103.0
1981 8 73.0
1981 9 79.0
1981 10 154.0
1981 11 133.0
1981 12 82.0
1982 1 35.0
1982 2 61.0
1982 3 95.0
1982 4 68.0
1982 5 65.0
1982 6 107.0
1982 7 121.0
1982 8 113.0
1982 9 177.0
1982 10 200.0
1982 11 171.0
1982 12 59.0
1983 1 137.0
1983 2 48.0
1983 3 149.0
1983 4 256.0
1983 5 267.0
1983 6 255.0
1983 7 100.0
1983 8 186.0
1983 9 293.0
1983 10 236.0
1983 11 222.0
1983 12 84.0
1984 1 97.0
1984 2 134.0
1984 3 137.0
1984 4 266.0
1984 5 291.0
1984 6 201.0
1984 7 213.0
1984 8 184.0
1984 9 207.0
1984 10 461.0
1984 11 304.0
1984 12 55.0
1985 1 64.0
1985 2 92.0
1985 3 241.0
1985 4 295.0
1985 5 302.0
1985 6 368.0
1985 7 354.0
1985 8 336.0
1985 9 323.0
1985 10 300.0
1985 11 194.0
1985 12 163.0
1986 1 169.0
1986 2 118.0
1986 3 250.0
1986 4 300.0
1986 5 399.0
1986 6 202.0
1986 7 312.0
1986 8 455.0
1986 9 493.0
1986 10 385.0
1986 11 204.0
1986 12 156.0
1987 1 130.0
1987 2 181.0
1987 3 232.0
1987 4 297.0
1987 5 380.0
1987 6 269.0
1987 7 173.0
1987 8 357.0
1987 9 396.0
1987 10 369.0
1987 11 216.0
1987 12 147.0
1988 1 91.0
1988 2 112.0
1988 3 156.0
1988 4 221.0
1988 5 273.0
1988 6 367.0
1988 7 260.0
1988 8 283.0
1988 9 298.0
1988 10 303.0
1988 11 253.0
1988 12 299.0
1989 1 145.0
1989 2 247.0
1989 3 144.0
1989 4 231.0
1989 5 124.0
1989 6 313.0
1989 7 275.0
1989 8 364.0
1989 9 168.0
1989 10 194.0
1989 11 268.0
1989 12 161.0
1990 1 177.0
1990 2 93.0
1990 3 222.0
1990 4 241.0
1990 5 244.0
1990 6 235.0
1990 7 285.0
1990 8 181.0
1990 9 173.0
1990 10 218.0
1990 11 148.0
1990 12 155.0
1991 1 41.0
1991 2 54.0
1991 3 198.0
1991 4 264.0
1991 5 239.0
1991 6 191.0
1991 7 212.0
1991 8 296.0
1991 9 259.0
1991 10 626.0
1991 11 198.0
1991 12 156.0
1992 1 87.0
1992 2 209.0
1992 3 276.0
1992 4 304.0
1992 5 227.0
1992 6 245.0
1992 7 251.0
1992 8 222.0
1992 9 236.0
1992 10 255.0
1992 11 201.0
1992 12 236.0
1993 1 118.0
1993 2 150.0
1993 3 266.0
1993 4 259.0
1993 5 331.0
1993 6 352.0
1993 7 328.0
1993 8 227.0
1993 9 265.0
1993 10 394.0
1993 11 191.0
1993 12 226.0
1994 1 149.0
1994 2 165.0
1994 3 334.0
1994 4 352.0
1994 5 377.0
1994 6 292.0
1994 7 341.0
1994 8 456.0
1994 9 376.0
1994 10 482.0
1994 11 394.0
1994 12 201.0
1995 1 146.0
1995 2 175.0
1995 3 332.0
1995 4 286.0
1995 5 435.0
1995 6 506.0
1995 7 391.0
1995 8 483.0
1995 9 365.0
1995 10 385.0
1995 11 341.0
1995 12 188.0
1996 1 281.0
1996 2 148.0
1996 3 300.0
1996 4 521.0
1996 5 396.0
1996 6 393.0
1996 7 409.0
1996 8 312.0
1996 9 485.0
1996 10 485.0
1996 11 525.0
1996 12 345.0
1997 1 108.0
1997 2 183.0
1997 3 418.0
1997 4 459.0
1997 5 345.0
1997 6 298.0
1997 7 352.0
1997 8 283.0
1997 9 314.0
1997 10 1055.0
1997 11 314.0
1997 12 280.0
1998 1 149.0
1998 2 241.0
1998 3 184.0
1998 4 353.0
1998 5 209.0
1998 6 503.0
1998 7 339.0
1998 8 325.0
1998 9 398.0
1998 10 245.0
1998 11 230.0
1998 12 343.0
1999 1 159.0
1999 2 281.0
1999 3 317.0
1999 4 263.0
1999 5 284.0
1999 6 417.0
1999 7 234.0
1999 8 304.0
1999 9 315.0
1999 10 254.0
1999 11 329.0
1999 12 263.0
2000 1 118.0
2000 2 269.0
2000 3 257.0
2000 4 377.0
2000 5 332.0
2000 6 364.0
2000 7 215.0
2000 8 300.0
2000 9 217.0
2000 10 281.0
2000 11 233.0
2000 12 131.0
2001 1 158.0
2001 2 156.0
2001 3 253.0
2001 4 241.0
2001 5 291.0
2001 6 332.0
2001 7 316.0
2001 8 223.0
2001 9 274.0
2001 10 337.0
2001 11 432.0
2001 12 288.0
2002 1 137.0
2002 2 133.0
2002 3 208.0
2002 4 415.0
2002 5 286.0
2002 6 342.0
2002 7 338.0
2002 8 391.0
2002 9 649.0
2002 10 386.0
2002 11 181.0
2002 12 190.0
2003 1 202.0
2003 2 165.0
2003 3 151.0
2003 4 380.0
2003 5 279.0
2003 6 360.0
2003 7 341.0
2003 8 499.0
2003 9 464.0
2003 10 386.0
2003 11 316.0
2003 12 273.0
2004 1 270.0
2004 2 136.0
2004 3 296.0
2004 4 172.0
2004 5 400.0
2004 6 423.0
2004 7 532.0
2004 8 318.0
2004 9 282.0
2004 10 475.0
2004 11 346.0
2004 12 487.0
2005 1 222.0
2005 2 224.0
2005 3 691.0
2005 4 400.0
2005 5 433.0
2005 6 424.0
2005 7 444.0
2005 8 488.0
2005 9 460.0
2005 10 446.0
2005 11 437.0
2005 12 419.0
2006 1 456.0
2006 2 333.0
2006 3 352.0
2006 4 273.0
2006 5 366.0
2006 6 301.0
2006 7 363.0
2006 8 360.0
2006 9 228.0
2006 10 210.0
2006 11 201.0
2006 12 206.0
2007 1 204.0
2007 2 111.0
2007 3 253.0
2007 4 223.0
2007 5 219.0
2007 6 278.0
2007 7 166.0
2007 8 246.0
2007 9 187.0
2007 10 257.0
2007 11 205.0
2007 12 103.0
2008 1 111.0
2008 2 160.0
2008 3 73.0
2008 4 119.0
2008 5 80.0
2008 6 60.0
2008 7 118.0
2008 8 151.0
2008 9 107.0
2008 10 138.0
2008 11 32.0
2008 12 20.0
2009 1 33.0
2009 2 22.0
2009 3 66.0
2009 4 36.0
2009 5 47.0
2009 6 46.0
2009 7 59.0
2009 8 59.0
2009 9 14.0
2009 10 35.0
2009 11 56.0
2009 12 10.0
2010 1 20.0
2010 2 13.0
2010 3 28.0
2010 4 34.0
2010 5 94.0
2010 6 45.0
2010 7 32.0
2010 8 47.0
2010 9 32.0
2010 10 67.0
2010 11 52.0
2010 12 34.0
2011 1 12.0
2011 2 33.0
2011 3 48.0
2011 4 24.0
2011 5 39.0
2011 6 47.0
2011 7 61.0
2011 8 105.0
2011 9 58.0
2011 10 40.0
2011 11 35.0
2011 12 31.0
2012 1 12.0
2012 2 11.0
2012 3 67.0
2012 4 71.0
2012 5 81.0
2012 6 99.0
2012 7 55.0
2012 8 47.0
2012 9 50.0
2012 10 35.0
2012 11 34.0
2012 12 112.0
2013 1 74.0
2013 2 81.0
2013 3 64.0
2013 4 106.0
2013 5 46.0
2013 6 45.0
2013 7 35.0
2013 8 60.0
2013 9 85.0
2013 10 36.0
2013 11 49.0
2013 12 35.0
2014 1 41.0
2014 2 86.0
2014 3 46.0
2014 4 94.0
2014 5 60.0
2014 6 62.0
2014 7 134.0
2014 8 84.0
2014 9 51.0
2014 10 62.0
2014 11 42.0
2014 12 41.0
2015 1 12.0
2015 2 15.0
2015 3 64.0
2015 4 60.0
2015 5 49.0
2015 6 57.0
2015 7 68.0
2015 8 86.0
2015 9 101.0
2015 10 108.0
2015 11 69.0
2015 12 102.0
2016 1 34.0
2016 2 39.0
2016 3 102.0
2016 4 70.0
2016 5 42.0
2016 6 71.0
2016 7 97.0
2016 8 68.0
2016 9 117.0
2016 10 71.0
2016 11 122.0
2016 12 54.0
2017 1 53.0
2017 2 58.0
2017 3 116.0
2017 4 93.0
2017 5 54.0
2017 6 80.0
2017 7 81.0
2017 8 131.0
2017 9 97.0
2017 10 171.0
2017 11 115.0
2017 12 59.0
2018 1 34.0
2018 2 53.0
2018 3 99.0
2018 4 78.0
2018 5 89.0
2018 6 80.0
2018 7 157.0
2018 8 108.0
2018 9 103.0
2018 10 124.0
2018 11 96.0
2018 12 43.0
2019 1 55.0
2019 2 56.0
2019 3 97.0
2019 4 86.0
2019 5 108.0
2019 6 104.0
2019 7 135.0
2019 8 96.0
2019 9 148.0
2019 10 156.0
2019 11 114.0
2019 12 63.0
2020 1 56.0
2020 2 47.0
2020 3 54.0
2020 4 86.0
2020 5 80.0
2020 6 98.0
2020 7 118.0
2020 8 108.0
2020 9 77.0
2020 10 49.0
2020 11 51.0
2020 12 59.0
2021 1 84.0
2021 2 40.0
2021 3 71.0
2021 4 122.0
2021 5 75.0
2021 6 138.0
2021 7 103.0
2021 8 92.0
2021 9 139.0
2021 10 202.0
2021 11 98.0
2021 12 100.0
2022 1 124.0
2022 2 68.0
2022 3 102.0
2022 4 126.0
2022 5 135.0
2022 6 123.0
2022 7 57.0
2022 8 109.0
2022 9 134.0
2022 10 154.0
2022 11 64.0
2022 12 50.0
2023 1 47.0
2023 2 59.0
2023 3 81.0
2023 4 79.0
2023 5 86.0
2023 6 124.0
2023 7 99.0
2023 8 124.0
2023 9 132.0
2023 10 85.0
2023 11 73.0
2023 12 80.0
2024 1 81.0
2024 2 50.0
2024 3 63.0
2024 4 103.0
2024 5 72.0
2024 6 80.0
2024 7 106.0
2024 8 96.0
