1960 5 3176.0
1960 6 3340.0
1960 7 2919.0
1960 8 2834.0
1960 9 2465.0
1960 10 2625.0
1960 11 1781.0
1960 12 1349.0
1961 1 1229.0
1961 2 1306.0
1961 3 2617.0
1961 4 3191.0
1961 5 2884.0
1961 6 2809.0
1961 7 2440.0
1961 8 2622.0
1961 9 2173.0
1961 10 2616.0
1961 11 1920.0
1961 12 1200.0
1962 1 887.0
1962 2 1020.0
1962 3 2139.0
1962 4 2841.0
1962 5 2672.0
1962 6 2686.0
1962 7 2409.0
1962 8 2358.0
1962 9 2231.0
1962 10 2168.0
1962 11 1777.0
1962 12 1163.0
1963 1 762.0
1963 2 715.0
1963 3 1985.0
1963 4 2800.0
1963 5 2877.0
1963 6 2241.0
1963 7 2177.0
1963 8 2021.0
1963 9 2188.0
1963 10 2379.0
1963 11 1619.0
1963 12 995.0
1964 1 921.0
1964 2 1270.0
1964 3 2268.0
1964 4 2275.0
1964 5 2353.0
1964 6 2368.0
1964 7 2157.0
1964 8 1870.0
1964 9 1853.0
1964 10 2000.0
1964 11 1734.0
1964 12 844.0
1965 1 854.0
1965 2 873.0
1965 3 2099.0
1965 4 2354.0
1965 5 2481.0
1965 6 2612.0
1965 7 2404.0
1965 8 2048.0
1965 9 2320.0
1965 10 2119.0
1965 11 1951.0
1965 12 1498.0
1966 1 779.0
1966 2 1219.0
1966 3 2426.0
1966 4 2154.0
1966 5 2089.0
1966 6 2289.0
1966 7 1838.0
1966 8 1996.0
1966 9 1828.0
1966 10 1485.0
1966 11 1315.0
1966 12 824.0
1967 1 717.0
1967 2 639.0
1967 3 1724.0
1967 4 2222.0
1967 5 2457.0
1967 6 2416.0
1967 7 2227.0
1967 8 2339.0
1967 9 2003.0
1967 10 2329.0
1967 11 1909.0
1967 12 1344.0
1968 1 905.0
1968 2 1266.0
1968 3 2297.0
1968 4 2642.0
1968 5 4011.0
1968 6 3298.0
1968 7 3447.0
1968 8 3369.0
1968 9 3053.0
1968 10 3562.0
1968 11 2437.0
1968 12 1941.0
1969 1 1169.0
1969 2 1845.0
1969 3 3169.0
1969 4 3289.0
1969 5 3149.0
1969 6 3062.0
1969 7 2762.0
1969 8 2202.0
1969 9 2160.0
1969 10 2424.0
1969 11 1547.0
1969 12 1439.0
1970 1 592.0
1970 2 979.0
1970 3 2044.0
1970 4 2436.0
1970 5 2183.0
1970 6 2232.0
1970 7 2573.0
1970 8 2333.0
1970 9 2516.0
1970 10 2930.0
1970 11 2472.0
1970 12 1925.0
1971 1 997.0
1971 2 1313.0
1971 3 3193.0
1971 4 4520.0
1971 5 3910.0
1971 6 3664.0
1971 7 3128.0
1971 8 3448.0
1971 9 3603.0
1971 10 3396.0
1971 11 3796.0
1971 12 2143.0
1972 1 1492.0
1972 2 1492.0
1972 3 3740.0
1972 4 3916.0
1972 5 4516.0
1972 6 3781.0
1972 7 3450.0
1972 8 3615.0
1972 9 2837.0
1972 10 3557.0
1972 11 3001.0
1972 12 1591.0
1973 1 1697.0
1973 2 2660.0
1973 3 3481.0
1973 4 3302.0
1973 5 4317.0
1973 6 3469.0
1973 7 3468.0
1973 8 3027.0
1973 9 2460.0
1973 10 2501.0
1973 11 1862.0
1973 12 1009.0
1974 1 963.0
1974 2 1324.0
1974 3 2453.0
1974 4 3150.0
1974 5 2479.0
1974 6 1600.0
1974 7 2541.0
1974 8 2550.0
1974 9 2313.0
1974 10 1995.0
1974 11 1496.0
1974 12 975.0
1975 1 783.0
1975 2 856.0
1975 3 1629.0
1975 4 2429.0
1975 5 2578.0
1975 6 2729.0
1975 7 2684.0
1975 8 2566.0
1975 9 2821.0
1975 10 3450.0
1975 11 2240.0
1975 12 1795.0
1976 1 1076.0
1976 2 1714.0
1976 3 3698.0
1976 4 4330.0
1976 5 3980.0
1976 6 4037.0
1976 7 3832.0
1976 8 3601.0
1976 9 3842.0
1976 10 4087.0
1976 11 3607.0
1976 12 1954.0
1977 1 841.0
1977 2 1639.0
1977 3 4501.0
1977 4 5429.0
1977 5 5852.0
1977 6 5747.0
1977 7 5085.0
1977 8 5130.0
1977 9 4735.0
1977 10 4325.0
1977 11 4264.0
1977 12 2160.0
1978 1 1171.0
1978 2 1445.0
1978 3 3827.0
1978 4 4517.0
1978 5 5346.0
1978 6 5113.0
1978 7 3941.0
1978 8 4432.0
1978 9 3862.0
1978 10 4152.0
1978 11 2925.0
1978 12 1386.0
1979 1 404.0
1979 2 634.0
1979 3 1951.0
1979 4 2876.0
1979 5 3469.0
1979 6 3069.0
1979 7 2531.0
1979 8 2655.0
1979 9 1976.0
1979 10 1977.0
1979 11 1092.0
1979 12 695.0
1980 1 497.0
1980 2 321.0
1980 3 614.0
1980 4 717.0
1980 5 766.0
1980 6 892.0
1980 7 1102.0
1980 8 1063.0
1980 9 1340.0
1980 10 1539.0
1980 11 1067.0
1980 12 567.0
1981 1 266.0
1981 2 309.0
1981 3 958.0
1981 4 1149.0
1981 5 820.0
1981 6 887.0
1981 7 676.0
1981 8 693.0
1981 9 556.0
1981 10 691.0
1981 11 599.0
1981 12 390.0
1982 1 117.0
1982 2 150.0
1982 3 447.0
1982 4 803.0
1982 5 700.0
1982 6 725.0
1982 7 631.0
1982 8 713.0
1982 9 779.0
1982 10 896.0
1982 11 851.0
1982 12 614.0
1983 1 412.0
1983 2 653.0
1983 3 1496.0
1983 4 1527.0
1983 5 1961.0
1983 6 2177.0
1983 7 1741.0
1983 8 1787.0
1983 9 1581.0
1983 10 1635.0
1983 11 1326.0
1983 12 859.0
1984 1 481.0
1984 2 1028.0
1984 3 1507.0
1984 4 2006.0
1984 5 2630.0
1984 6 2181.0
1984 7 1924.0
1984 8 1859.0
1984 9 1722.0
1984 10 1708.0
1984 11 1541.0
1984 12 762.0
1985 1 559.0
1985 2 563.0
1985 3 1624.0
1985 4 2149.0
1985 5 2360.0
1985 6 2205.0
1985 7 2369.0
1985 8 2040.0
1985 9 1908.0
1985 10 2290.0
1985 11 1351.0
1985 12 862.0
1986 1 903.0
1986 2 950.0
1986 3 2135.0
1986 4 3373.0
1986 5 3374.0
1986 6 3132.0
1986 7 3214.0
1986 8 2896.0
1986 9 2831.0
1986 10 3145.0
1986 11 2163.0
1986 12 1838.0
1987 1 1343.0
1987 2 1870.0
1987 3 3253.0
1987 4 3577.0
1987 5 3192.0
1987 6 3450.0
1987 7 3198.0
1987 8 2917.0
1987 9 2946.0
1987 10 2811.0
1987 11 2225.0
1987 12 1526.0
1988 1 1032.0
1988 2 1344.0
1988 3 3191.0
1988 4 3402.0
1988 5 3601.0
1988 6 3482.0
1988 7 3089.0
1988 8 3377.0
1988 9 2934.0
1988 10 3243.0
1988 11 2411.0
1988 12 2197.0
1989 1 1359.0
1989 2 1439.0
1989 3 2760.0
1989 4 3058.0
1989 5 3214.0
1989 6 2781.0
1989 7 2597.0
1989 8 2825.0
1989 9 2798.0
1989 10 3005.0
1989 11 2348.0
1989 12 1373.0
1990 1 1574.0
1990 2 1742.0
1990 3 2966.0
1990 4 2930.0
1990 5 3068.0
1990 6 2781.0
1990 7 2455.0
1990 8 2744.0
1990 9 2099.0
1990 10 2206.0
1990 11 1574.0
1990 12 1157.0
1991 1 711.0
1991 2 1150.0
1991 3 2094.0
1991 4 2787.0
1991 5 2939.0
1991 6 2633.0
1991 7 2757.0
1991 8 2557.0
1991 9 2186.0
1991 10 2399.0
1991 11 1804.0
1991 12 1356.0
1992 1 1499.0
1992 2 1785.0
1992 3 2874.0
1992 4 3150.0
1992 5 2989.0
1992 6 3144.0
1992 7 2945.0
1992 8 2873.0
1992 9 3057.0
1992 10 3040.0
1992 11 2157.0
1992 12 1936.0
1993 1 1516.0
1993 2 1843.0
1993 3 2924.0
1993 4 3263.0
1993 5 3390.0
1993 6 3389.0
1993 7 3058.0
1993 8 3469.0
1993 9 3131.0
1993 10 3564.0
1993 11 3129.0
1993 12 2467.0
1994 1 1670.0
1994 2 1784.0
1994 3 3824.0
1994 4 3898.0
1994 5 4327.0
1994 6 3765.0
1994 7 3421.0
1994 8 3800.0
1994 9 3416.0
1994 10 3385.0
1994 11 2862.0
1994 12 2121.0
1995 1 1389.0
1995 2 1833.0
1995 3 3384.0
1995 4 3062.0
1995 5 3546.0
1995 6 3553.0
1995 7 3186.0
1995 8 3477.0
1995 9 3370.0
1995 10 3472.0
1995 11 2988.0
1995 12 1975.0
1996 1 1674.0
1996 2 2200.0
1996 3 3074.0
1996 4 4201.0
1996 5 3754.0
1996 6 3352.0
1996 7 3514.0
1996 8 3515.0
1996 9 3252.0
1996 10 3360.0
1996 11 2739.0
1996 12 1880.0
1997 1 1363.0
1997 2 1779.0
1997 3 2832.0
1997 4 3434.0
1997 5 3358.0
1997 6 3251.0
1997 7 3265.0
1997 8 2894.0
1997 9 3112.0
1997 10 2871.0
1997 11 2266.0
1997 12 1993.0
1998 1 1485.0
1998 2 2190.0
1998 3 3101.0
1998 4 3828.0
1998 5 3442.0
1998 6 3721.0
1998 7 3306.0
1998 8 3122.0
1998 9 3128.0
1998 10 3201.0
1998 11 2771.0
1998 12 2526.0
1999 1 1666.0
1999 2 2315.0
1999 3 3534.0
1999 4 3899.0
1999 5 3546.0
1999 6 3873.0
1999 7 3563.0
1999 8 3737.0
1999 9 3794.0
1999 10 3644.0
1999 11 3447.0
1999 12 2419.0
2000 1 2047.0
2000 2 2471.0
2000 3 3866.0
2000 4 3824.0
2000 5 3688.0
2000 6 3467.0
2000 7 3450.0
2000 8 3660.0
2000 9 3228.0
2000 10 3358.0
2000 11 3027.0
2000 12 1577.0
2001 1 2093.0
2001 2 2263.0
2001 3 3504.0
2001 4 3882.0
2001 5 4122.0
2001 6 3966.0
2001 7 3663.0
2001 8 3854.0
2001 9 3104.0
2001 10 3630.0
2001 11 2897.0
2001 12 2145.0
2002 1 2305.0
2002 2 2557.0
2002 3 3348.0
2002 4 4552.0
2002 5 4075.0
2002 6 3891.0
2002 7 3674.0
2002 8 3692.0
2002 9 3792.0
2002 10 4517.0
2002 11 3084.0
2002 12 2748.0
2003 1 2177.0
2003 2 2330.0
2003 3 3562.0
2003 4 4252.0
2003 5 3905.0
2003 6 4543.0
2003 7 4372.0
2003 8 4211.0
2003 9 4210.0
2003 10 4843.0
2003 11 2878.0
2003 12 2580.0
2004 1 2490.0
2004 2 2591.0
2004 3 4289.0
2004 4 4320.0
2004 5 4058.0
2004 6 4491.0
2004 7 4413.0
2004 8 4889.0
2004 9 4242.0
2004 10 3839.0
2004 11 3331.0
2004 12 2717.0
2005 1 2176.0
2005 2 2705.0
2005 3 4159.0
2005 4 4471.0
2005 5 4668.0
2005 6 4906.0
2005 7 4789.0
2005 8 4831.0
2005 9 4589.0
2005 10 4445.0
2005 11 4047.0
2005 12 2913.0
2006 1 2621.0
2006 2 2819.0
2006 3 4149.0
2006 4 3916.0
2006 5 4405.0
2006 6 3778.0
2006 7 3486.0
2006 8 3624.0
2006 9 2966.0
2006 10 3110.0
2006 11 2267.0
2006 12 1501.0
2007 1 1623.0
2007 2 1454.0
2007 3 2648.0
2007 4 2436.0
2007 5 3030.0
2007 6 2694.0
2007 7 2414.0
2007 8 2278.0
2007 9 1820.0
2007 10 2150.0
2007 11 1381.0
2007 12 915.0
2008 1 806.0
2008 2 819.0
2008 3 1107.0
2008 4 1532.0
2008 5 1467.0
2008 6 1302.0
2008 7 1277.0
2008 8 1025.0
2008 9 1162.0
2008 10 1017.0
2008 11 662.0
2008 12 389.0
2009 1 289.0
2009 2 588.0
2009 3 570.0
2009 4 754.0
2009 5 779.0
2009 6 856.0
2009 7 995.0
2009 8 767.0
2009 9 841.0
2009 10 879.0
2009 11 658.0
2009 12 482.0
2010 1 333.0
2010 2 528.0
2010 3 853.0
2010 4 922.0
2010 5 824.0
2010 6 799.0
2010 7 675.0
2010 8 669.0
2010 9 676.0
2010 10 630.0
2010 11 661.0
2010 12 355.0
2011 1 291.0
2011 2 369.0
2011 3 730.0
2011 4 652.0
2011 5 726.0
2011 6 680.0
2011 7 626.0
2011 8 754.0
2011 9 644.0
2011 10 734.0
2011 11 556.0
2011 12 463.0
2012 1 352.0
2012 2 409.0
2012 3 837.0
2012 4 729.0
2012 5 960.0
2012 6 795.0
2012 7 834.0
2012 8 1012.0
2012 9 809.0
2012 10 995.0
2012 11 677.0
2012 12 540.0
2013 1 409.0
2013 2 469.0
2013 3 813.0
2013 4 929.0
2013 5 1010.0
2013 6 922.0
2013 7 1007.0
2013 8 1039.0
2013 9 880.0
2013 10 1100.0
2013 11 848.0
2013 12 606.0
2014 1 339.0
2014 2 488.0
2014 3 891.0
2014 4 1136.0
2014 5 1027.0
2014 6 963.0
2014 7 994.0
2014 8 970.0
2014 9 957.0
2014 10 1158.0
2014 11 687.0
2014 12 704.0
2015 1 407.0
2015 2 383.0
2015 3 817.0
2015 4 995.0
2015 5 1105.0
2015 6 1135.0
2015 7 1109.0
2015 8 1048.0
2015 9 1063.0
2015 10 1019.0
2015 11 825.0
2015 12 598.0
2016 1 532.0
2016 2 558.0
2016 3 1078.0
2016 4 994.0
2016 5 1088.0
2016 6 1084.0
2016 7 898.0
2016 8 1036.0
2016 9 1013.0
2016 10 1113.0
2016 11 788.0
2016 12 559.0
2017 1 497.0
2017 2 627.0
2017 3 958.0
2017 4 911.0
2017 5 1058.0
2017 6 1125.0
2017 7 1044.0
2017 8 1140.0
2017 9 993.0
2017 10 919.0
2017 11 833.0
2017 12 579.0
2018 1 457.0
2018 2 521.0
2018 3 1042.0
2018 4 974.0
2018 5 1127.0
2018 6 1019.0
2018 7 910.0
2018 8 1083.0
2018 9 849.0
2018 10 1087.0
2018 11 756.0
2018 12 495.0
2019 1 548.0
2019 2 512.0
2019 3 779.0
2019 4 975.0
2019 5 994.0
2019 6 797.0
2019 7 895.0
2019 8 741.0
2019 9 831.0
2019 10 899.0
2019 11 659.0
2019 12 551.0
2020 1 554.0
2020 2 575.0
2020 3 695.0
2020 4 719.0
2020 5 726.0
2020 6 967.0
2020 7 1032.0
2020 8 948.0
2020 9 1065.0
2020 10 995.0
2020 11 776.0
2020 12 753.0
2021 1 615.0
2021 2 675.0
2021 3 1032.0
2021 4 1218.0
2021 5 944.0
2021 6 1037.0
2021 7 913.0
2021 8 1197.0
2021 9 996.0
2021 10 827.0
2021 11 852.0
2021 12 739.0
2022 1 532.0
2022 2 621.0
2022 3 1037.0
2022 4 1021.0
2022 5 897.0
2022 6 1014.0
2022 7 760.0
2022 8 832.0
2022 9 755.0
2022 10 789.0
2022 11 575.0
2022 12 420.0
2023 1 370.0
2023 2 496.0
2023 3 787.0
2023 4 756.0
2023 5 899.0
2023 6 841.0
2023 7 803.0
2023 8 830.0
2023 9 781.0
2023 10 844.0
2023 11 845.0
2023 12 647.0
2024 1 478.0
2024 2 657.0
2024 3 873.0
2024 4 980.0
2024 5 1061.0
2024 6 938.0
2024 7 940.0
2024 8 964.0
