1960 5 14.0
1960 6 29.0
1960 7 25.0
1960 8 40.0
1960 9 24.0
1960 10 26.0
1960 11 24.0
1960 12 107.0
1961 1 14.0
1961 2 13.0
1961 3 46.0
1961 4 12.0
1961 5 18.0
1961 6 38.0
1961 7 60.0
1961 8 27.0
1961 9 48.0
1961 10 22.0
1961 11 12.0
1961 12 23.0
1962 1 14.0
1962 2 6.0
1962 3 18.0
1962 4 30.0
1962 5 59.0
1962 6 10.0
1962 7 45.0
1962 8 34.0
1962 9 30.0
1962 10 28.0
1962 11 35.0
1962 12 16.0
1963 1 30.0
1963 2 12.0
1963 3 34.0
1963 4 58.0
1963 5 33.0
1963 6 34.0
1963 7 40.0
1963 8 68.0
1963 9 29.0
1963 10 31.0
1963 11 36.0
1963 12 44.0
1964 1 54.0
1964 2 50.0
1964 3 133.0
1964 4 42.0
1964 5 75.0
1964 6 56.0
1964 7 62.0
1964 8 31.0
1964 9 38.0
1964 10 42.0
1964 11 22.0
1964 12 34.0
1965 1 73.0
1965 2 26.0
1965 3 27.0
1965 4 61.0
1965 5 50.0
1965 6 42.0
1965 7 43.0
1965 8 60.0
1965 9 44.0
1965 10 46.0
1965 11 50.0
1965 12 32.0
1966 1 32.0
1966 2 59.0
1966 3 82.0
1966 4 120.0
1966 5 47.0
1966 6 32.0
1966 7 47.0
1966 8 50.0
1966 9 14.0
1966 10 57.0
1966 11 38.0
1966 12 28.0
1967 1 82.0
1967 2 110.0
1967 3 116.0
1967 4 63.0
1967 5 80.0
1967 6 100.0
1967 7 35.0
1967 8 47.0
1967 9 49.0
1967 10 107.0
1967 11 129.0
1967 12 40.0
1968 1 22.0
1968 2 30.0
1968 3 54.0
1968 4 58.0
1968 5 136.0
1968 6 368.0
1968 7 57.0
1968 8 72.0
1968 9 57.0
1968 10 87.0
1968 11 115.0
1968 12 102.0
1969 1 28.0
1969 2 116.0
1969 3 254.0
1969 4 87.0
1969 5 80.0
1969 6 240.0
1969 7 105.0
1969 8 80.0
1969 9 60.0
1969 10 107.0
1969 11 80.0
1969 12 159.0
1970 1 64.0
1970 2 74.0
1970 3 66.0
1970 4 112.0
1970 5 81.0
1970 6 62.0
1970 7 87.0
1970 8 147.0
1970 9 124.0
1970 10 96.0
1970 11 93.0
1970 12 66.0
1971 1 83.0
1971 2 50.0
1971 3 114.0
1971 4 144.0
1971 5 123.0
1971 6 211.0
1971 7 141.0
1971 8 128.0
1971 9 191.0
1971 10 118.0
1971 11 138.0
1971 12 70.0
1972 1 42.0
1972 2 24.0
1972 3 124.0
1972 4 168.0
1972 5 142.0
1972 6 125.0
1972 7 93.0
1972 8 208.0
1972 9 439.0
1972 10 124.0
1972 11 130.0
1972 12 204.0
1973 1 105.0
1973 2 61.0
1973 3 113.0
1973 4 125.0
1973 5 82.0
1973 6 174.0
1973 7 211.0
1973 8 189.0
1973 9 127.0
1973 10 110.0
1973 11 46.0
1973 12 41.0
1974 1 41.0
1974 2 131.0
1974 3 86.0
1974 4 80.0
1974 5 100.0
1974 6 86.0
1974 7 78.0
1974 8 52.0
1974 9 48.0
1974 10 100.0
1974 11 71.0
1974 12 44.0
1975 1 32.0
1975 2 56.0
1975 3 79.0
1975 4 86.0
1975 5 157.0
1975 6 57.0
1975 7 68.0
1975 8 90.0
1975 9 42.0
1975 10 125.0
1975 11 80.0
1975 12 52.0
1976 1 30.0
1976 2 42.0
1976 3 94.0
1976 4 66.0
1976 5 144.0
1976 6 110.0
1976 7 62.0
1976 8 72.0
1976 9 130.0
1976 10 104.0
1976 11 102.0
1976 12 54.0
1977 1 36.0
1977 2 24.0
1977 3 82.0
1977 4 157.0
1977 5 282.0
1977 6 157.0
1977 7 151.0
1977 8 224.0
1977 9 206.0
1977 10 146.0
1977 11 139.0
1977 12 103.0
1978 1 66.0
1978 2 25.0
1978 3 117.0
1978 4 171.0
1978 5 242.0
1978 6 184.0
1978 7 274.0
1978 8 155.0
1978 9 124.0
1978 10 208.0
1978 11 153.0
1978 12 78.0
1979 1 34.0
1979 2 36.0
1979 3 115.0
1979 4 145.0
1979 5 114.0
1979 6 296.0
1979 7 161.0
1979 8 171.0
1979 9 183.0
1979 10 174.0
1979 11 85.0
1979 12 109.0
1980 1 88.0
1980 2 46.0
1980 3 98.0
1980 4 62.0
1980 5 149.0
1980 6 78.0
1980 7 103.0
1980 8 68.0
1980 9 188.0
1980 10 130.0
1980 11 128.0
1980 12 129.0
1981 1 124.0
1981 2 54.0
1981 3 105.0
1981 4 51.0
1981 5 270.0
1981 6 155.0
1981 7 218.0
1981 8 152.0
1981 9 34.0
1981 10 72.0
1981 11 102.0
1981 12 88.0
1982 1 16.0
1982 2 16.0
1982 3 32.0
1982 4 232.0
1982 5 87.0
1982 6 187.0
1982 7 42.0
1982 8 70.0
1982 9 247.0
1982 10 97.0
1982 11 72.0
1982 12 65.0
1983 1 65.0
1983 2 52.0
1983 3 122.0
1983 4 86.0
1983 5 80.0
1983 6 110.0
1983 7 62.0
1983 8 129.0
1983 9 228.0
1983 10 119.0
1983 11 241.0
1983 12 165.0
1984 1 96.0
1984 2 50.0
1984 3 146.0
1984 4 136.0
1984 5 169.0
1984 6 193.0
1984 7 354.0
1984 8 216.0
1984 9 84.0
1984 10 124.0
1984 11 88.0
1984 12 81.0
1985 1 62.0
1985 2 26.0
1985 3 135.0
1985 4 135.0
1985 5 191.0
1985 6 149.0
1985 7 161.0
1985 8 86.0
1985 9 211.0
1985 10 225.0
1985 11 54.0
1985 12 78.0
1986 1 34.0
1986 2 42.0
1986 3 144.0
1986 4 198.0
1986 5 206.0
1986 6 244.0
1986 7 252.0
1986 8 320.0
1986 9 254.0
1986 10 245.0
1986 11 100.0
1986 12 167.0
1987 1 77.0
1987 2 143.0
1987 3 166.0
1987 4 199.0
1987 5 240.0
1987 6 224.0
1987 7 98.0
1987 8 155.0
1987 9 209.0
1987 10 210.0
1987 11 139.0
1987 12 102.0
1988 1 27.0
1988 2 87.0
1988 3 151.0
1988 4 148.0
1988 5 89.0
1988 6 102.0
1988 7 119.0
1988 8 146.0
1988 9 168.0
1988 10 605.0
1988 11 125.0
1988 12 79.0
1989 1 89.0
1989 2 127.0
1989 3 526.0
1989 4 91.0
1989 5 103.0
1989 6 131.0
1989 7 332.0
1989 8 175.0
1989 9 127.0
1989 10 148.0
1989 11 77.0
1989 12 92.0
1990 1 151.0
1990 2 63.0
1990 3 121.0
1990 4 144.0
1990 5 181.0
1990 6 90.0
1990 7 146.0
1990 8 448.0
1990 9 98.0
1990 10 155.0
1990 11 113.0
1990 12 89.0
1991 1 58.0
1991 2 37.0
1991 3 124.0
1991 4 95.0
1991 5 89.0
1991 6 113.0
1991 7 139.0
1991 8 133.0
1991 9 106.0
1991 10 100.0
1991 11 78.0
1991 12 57.0
1992 1 137.0
1992 2 123.0
1992 3 76.0
1992 4 106.0
1992 5 80.0
1992 6 104.0
1992 7 89.0
1992 8 121.0
1992 9 138.0
1992 10 98.0
1992 11 42.0
1992 12 65.0
1993 1 38.0
1993 2 71.0
1993 3 67.0
1993 4 93.0
1993 5 128.0
1993 6 117.0
1993 7 185.0
1993 8 121.0
1993 9 105.0
1993 10 119.0
1993 11 91.0
1993 12 68.0
1994 1 90.0
1994 2 104.0
1994 3 155.0
1994 4 115.0
1994 5 186.0
1994 6 138.0
1994 7 72.0
1994 8 111.0
1994 9 89.0
1994 10 204.0
1994 11 94.0
1994 12 181.0
1995 1 88.0
1995 2 67.0
1995 3 315.0
1995 4 191.0
1995 5 273.0
1995 6 199.0
1995 7 152.0
1995 8 158.0
1995 9 155.0
1995 10 240.0
1995 11 195.0
1995 12 82.0
1996 1 197.0
1996 2 94.0
1996 3 126.0
1996 4 122.0
1996 5 120.0
1996 6 123.0
1996 7 213.0
1996 8 160.0
1996 9 202.0
1996 10 205.0
1996 11 128.0
1996 12 91.0
1997 1 56.0
1997 2 121.0
1997 3 126.0
1997 4 123.0
1997 5 130.0
1997 6 216.0
1997 7 145.0
1997 8 149.0
1997 9 193.0
1997 10 248.0
1997 11 100.0
1997 12 110.0
1998 1 66.0
1998 2 113.0
1998 3 117.0
1998 4 113.0
1998 5 78.0
1998 6 94.0
1998 7 199.0
1998 8 145.0
1998 9 189.0
1998 10 179.0
1998 11 202.0
1998 12 438.0
1999 1 96.0
1999 2 105.0
1999 3 144.0
1999 4 160.0
1999 5 148.0
1999 6 267.0
1999 7 148.0
1999 8 150.0
1999 9 137.0
1999 10 180.0
1999 11 182.0
1999 12 152.0
2000 1 103.0
2000 2 67.0
2000 3 115.0
2000 4 142.0
2000 5 316.0
2000 6 155.0
2000 7 108.0
2000 8 204.0
2000 9 141.0
2000 10 188.0
2000 11 217.0
2000 12 41.0
2001 1 76.0
2001 2 111.0
2001 3 148.0
2001 4 141.0
2001 5 202.0
2001 6 176.0
2001 7 154.0
2001 8 153.0
2001 9 158.0
2001 10 174.0
2001 11 182.0
2001 12 161.0
2002 1 101.0
2002 2 102.0
2002 3 93.0
2002 4 153.0
2002 5 180.0
2002 6 245.0
2002 7 128.0
2002 8 176.0
2002 9 167.0
2002 10 273.0
2002 11 186.0
2002 12 137.0
2003 1 89.0
2003 2 65.0
2003 3 152.0
2003 4 191.0
2003 5 187.0
2003 6 206.0
2003 7 217.0
2003 8 284.0
2003 9 390.0
2003 10 191.0
2003 11 171.0
2003 12 182.0
2004 1 68.0
2004 2 71.0
2004 3 161.0
2004 4 295.0
2004 5 179.0
2004 6 146.0
2004 7 168.0
2004 8 164.0
2004 9 200.0
2004 10 297.0
2004 11 190.0
2004 12 203.0
2005 1 110.0
2005 2 107.0
2005 3 170.0
2005 4 197.0
2005 5 167.0
2005 6 150.0
2005 7 196.0
2005 8 161.0
2005 9 197.0
2005 10 153.0
2005 11 129.0
2005 12 87.0
2006 1 147.0
2006 2 119.0
2006 3 86.0
2006 4 154.0
2006 5 167.0
2006 6 91.0
2006 7 113.0
2006 8 184.0
2006 9 115.0
2006 10 121.0
2006 11 81.0
2006 12 55.0
2007 1 63.0
2007 2 48.0
2007 3 109.0
2007 4 83.0
2007 5 99.0
2007 6 117.0
2007 7 81.0
2007 8 84.0
2007 9 57.0
2007 10 102.0
2007 11 130.0
2007 12 36.0
2008 1 54.0
2008 2 25.0
2008 3 48.0
2008 4 28.0
2008 5 56.0
2008 6 43.0
2008 7 46.0
2008 8 48.0
2008 9 23.0
2008 10 34.0
2008 11 40.0
2008 12 19.0
2009 1 8.0
2009 2 9.0
2009 3 20.0
2009 4 52.0
2009 5 13.0
2009 6 23.0
2009 7 13.0
2009 8 46.0
2009 9 19.0
2009 10 20.0
2009 11 27.0
2009 12 14.0
2010 1 68.0
2010 2 16.0
2010 3 68.0
2010 4 8.0
2010 5 25.0
2010 6 100.0
2010 7 40.0
2010 8 31.0
2010 9 92.0
2010 10 110.0
2010 11 23.0
2010 12 81.0
2011 1 6.0
2011 2 23.0
2011 3 12.0
2011 4 31.0
2011 5 31.0
2011 6 37.0
2011 7 53.0
2011 8 25.0
2011 9 48.0
2011 10 35.0
2011 11 159.0
2011 12 21.0
2012 1 83.0
2012 2 11.0
2012 3 47.0
2012 4 50.0
2012 5 32.0
2012 6 31.0
2012 7 13.0
2012 8 91.0
2012 9 56.0
2012 10 40.0
2012 11 39.0
2012 12 13.0
2013 1 14.0
2013 2 23.0
2013 3 31.0
2013 4 34.0
2013 5 28.0
2013 6 57.0
2013 7 100.0
2013 8 38.0
2013 9 28.0
2013 10 39.0
2013 11 19.0
2013 12 30.0
2014 1 25.0
2014 2 5.0
2014 3 26.0
2014 4 52.0
2014 5 29.0
2014 6 40.0
2014 7 56.0
2014 8 31.0
2014 9 103.0
2014 10 79.0
2014 11 69.0
2014 12 38.0
2015 1 37.0
2015 2 8.0
2015 3 19.0
2015 4 47.0
2015 5 49.0
2015 6 116.0
2015 7 56.0
2015 8 41.0
2015 9 48.0
2015 10 143.0
2015 11 47.0
2015 12 33.0
2016 1 34.0
2016 2 18.0
2016 3 52.0
2016 4 34.0
2016 5 51.0
2016 6 98.0
2016 7 89.0
2016 8 107.0
2016 9 44.0
2016 10 42.0
2016 11 72.0
2016 12 72.0
2017 1 9.0
2017 2 49.0
2017 3 29.0
2017 4 38.0
2017 5 103.0
2017 6 53.0
2017 7 65.0
2017 8 32.0
2017 9 53.0
2017 10 55.0
2017 11 18.0
2017 12 16.0
2018 1 70.0
2018 2 12.0
2018 3 89.0
2018 4 31.0
2018 5 80.0
2018 6 52.0
2018 7 36.0
2018 8 44.0
2018 9 14.0
2018 10 31.0
2018 11 33.0
2018 12 17.0
2019 1 48.0
2019 2 32.0
2019 3 19.0
2019 4 79.0
2019 5 37.0
2019 6 68.0
2019 7 52.0
2019 8 127.0
2019 9 24.0
2019 10 38.0
2019 11 33.0
2019 12 24.0
2020 1 21.0
2020 2 22.0
2020 3 44.0
2020 4 32.0
2020 5 134.0
2020 6 96.0
2020 7 73.0
2020 8 43.0
2020 9 57.0
2020 10 186.0
2020 11 48.0
2020 12 32.0
2021 1 45.0
2021 2 36.0
2021 3 74.0
2021 4 44.0
2021 5 46.0
2021 6 106.0
2021 7 103.0
2021 8 101.0
2021 9 155.0
2021 10 86.0
2021 11 12.0
2021 12 26.0
2022 1 51.0
2022 2 38.0
2022 3 114.0
2022 4 78.0
2022 5 34.0
2022 6 80.0
2022 7 22.0
2022 8 53.0
2022 9 96.0
2022 10 96.0
2022 11 28.0
2022 12 11.0
2023 1 37.0
2023 2 33.0
2023 3 20.0
2023 4 64.0
2023 5 36.0
2023 6 58.0
2023 7 45.0
2023 8 62.0
2023 9 57.0
2023 10 106.0
2023 11 93.0
2023 12 86.0
2024 1 72.0
2024 2 86.0
2024 3 64.0
2024 4 51.0
2024 5 90.0
2024 6 33.0
2024 7 85.0
2024 8 50.0
