1960 5 40.0
1960 6 37.0
1960 7 62.0
1960 8 98.0
1960 9 80.0
1960 10 105.0
1960 11 40.0
1960 12 137.0
1961 1 22.0
1961 2 34.0
1961 3 121.0
1961 4 57.0
1961 5 109.0
1961 6 54.0
1961 7 322.0
1961 8 182.0
1961 9 239.0
1961 10 96.0
1961 11 301.0
1961 12 23.0
1962 1 32.0
1962 2 62.0
1962 3 328.0
1962 4 137.0
1962 5 361.0
1962 6 163.0
1962 7 753.0
1962 8 169.0
1962 9 174.0
1962 10 528.0
1962 11 285.0
1962 12 71.0
1963 1 116.0
1963 2 117.0
1963 3 438.0
1963 4 879.0
1963 5 189.0
1963 6 644.0
1963 7 586.0
1963 8 668.0
1963 9 712.0
1963 10 942.0
1963 11 484.0
1963 12 521.0
1964 1 245.0
1964 2 184.0
1964 3 858.0
1964 4 740.0
1964 5 289.0
1964 6 842.0
1964 7 636.0
1964 8 527.0
1964 9 637.0
1964 10 1221.0
1964 11 1005.0
1964 12 338.0
1965 1 296.0
1965 2 487.0
1965 3 209.0
1965 4 940.0
1965 5 623.0
1965 6 782.0
1965 7 603.0
1965 8 764.0
1965 9 877.0
1965 10 607.0
1965 11 1056.0
1965 12 816.0
1966 1 476.0
1966 2 1004.0
1966 3 1080.0
1966 4 925.0
1966 5 1130.0
1966 6 565.0
1966 7 748.0
1966 8 899.0
1966 9 646.0
1966 10 473.0
1966 11 587.0
1966 12 176.0
1967 1 235.0
1967 2 418.0
1967 3 350.0
1967 4 483.0
1967 5 913.0
1967 6 543.0
1967 7 575.0
1967 8 932.0
1967 9 844.0
1967 10 1683.0
1967 11 820.0
1967 12 1591.0
1968 1 498.0
1968 2 712.0
1968 3 534.0
1968 4 1160.0
1968 5 1291.0
1968 6 1215.0
1968 7 1242.0
1968 8 449.0
1968 9 944.0
1968 10 1685.0
1968 11 2479.0
1968 12 412.0
1969 1 600.0
1969 2 640.0
1969 3 2091.0
1969 4 1253.0
1969 5 1484.0
1969 6 1805.0
1969 7 942.0
1969 8 1170.0
1969 9 806.0
1969 10 1913.0
1969 11 589.0
1969 12 1618.0
1970 1 344.0
1970 2 249.0
1970 3 453.0
1970 4 324.0
1970 5 1259.0
1970 6 1291.0
1970 7 1594.0
1970 8 1722.0
1970 9 981.0
1970 10 1028.0
1970 11 1000.0
1970 12 713.0
1971 1 405.0
1971 2 722.0
1971 3 711.0
1971 4 1260.0
1971 5 1918.0
1971 6 1892.0
1971 7 1806.0
1971 8 806.0
1971 9 1424.0
1971 10 1257.0
1971 11 2291.0
1971 12 1524.0
1972 1 570.0
1972 2 1193.0
1972 3 1336.0
1972 4 931.0
1972 5 621.0
1972 6 1024.0
1972 7 1957.0
1972 8 959.0
1972 9 1323.0
1972 10 2009.0
1972 11 2835.0
1972 12 1074.0
1973 1 1652.0
1973 2 1944.0
1973 3 1157.0
1973 4 2109.0
1973 5 3953.0
1973 6 1475.0
1973 7 1678.0
1973 8 1018.0
1973 9 1659.0
1973 10 2106.0
1973 11 998.0
1973 12 384.0
1974 1 434.0
1974 2 935.0
1974 3 568.0
1974 4 239.0
1974 5 1501.0
1974 6 1395.0
1974 7 573.0
1974 8 423.0
1974 9 468.0
1974 10 311.0
1974 11 393.0
1974 12 100.0
1975 1 204.0
1975 2 158.0
1975 3 208.0
1975 4 434.0
1975 5 1388.0
1975 6 619.0
1975 7 224.0
1975 8 328.0
1975 9 439.0
1975 10 463.0
1975 11 229.0
1975 12 315.0
1976 1 75.0
1976 2 69.0
1976 3 890.0
1976 4 435.0
1976 5 388.0
1976 6 972.0
1976 7 631.0
1976 8 903.0
1976 9 2093.0
1976 10 898.0
1976 11 670.0
1976 12 487.0
1977 1 223.0
1977 2 273.0
1977 3 832.0
1977 4 928.0
1977 5 998.0
1977 6 1508.0
1977 7 1256.0
1977 8 1150.0
1977 9 1306.0
1977 10 1598.0
1977 11 647.0
1977 12 1167.0
1978 1 188.0
1978 2 408.0
1978 3 820.0
1978 4 670.0
1978 5 1189.0
1978 6 617.0
1978 7 538.0
1978 8 1453.0
1978 9 1310.0
1978 10 1655.0
1978 11 981.0
1978 12 410.0
1979 1 45.0
1979 2 117.0
1979 3 2115.0
1979 4 494.0
1979 5 337.0
1979 6 612.0
1979 7 1379.0
1979 8 1221.0
1979 9 2344.0
1979 10 1165.0
1979 11 434.0
1979 12 540.0
1980 1 723.0
1980 2 486.0
1980 3 292.0
1980 4 346.0
1980 5 678.0
1980 6 656.0
1980 7 960.0
1980 8 1007.0
1980 9 2069.0
1980 10 1277.0
1980 11 432.0
1980 12 1361.0
1981 1 438.0
1981 2 336.0
1981 3 1493.0
1981 4 655.0
1981 5 907.0
1981 6 301.0
1981 7 300.0
1981 8 501.0
1981 9 982.0
1981 10 337.0
1981 11 358.0
1981 12 168.0
1982 1 148.0
1982 2 79.0
1982 3 523.0
1982 4 536.0
1982 5 1304.0
1982 6 758.0
1982 7 443.0
1982 8 338.0
1982 9 695.0
1982 10 225.0
1982 11 442.0
1982 12 261.0
1983 1 115.0
1983 2 122.0
1983 3 353.0
1983 4 582.0
1983 5 424.0
1983 6 619.0
1983 7 388.0
1983 8 942.0
1983 9 995.0
1983 10 660.0
1983 11 933.0
1983 12 401.0
1984 1 323.0
1984 2 264.0
1984 3 800.0
1984 4 737.0
1984 5 944.0
1984 6 936.0
1984 7 849.0
1984 8 967.0
1984 9 777.0
1984 10 875.0
1984 11 847.0
1984 12 309.0
1985 1 354.0
1985 2 131.0
1985 3 684.0
1985 4 774.0
1985 5 557.0
1985 6 1371.0
1985 7 859.0
1985 8 995.0
1985 9 701.0
1985 10 1488.0
1985 11 736.0
1985 12 1230.0
1986 1 670.0
1986 2 330.0
1986 3 783.0
1986 4 2028.0
1986 5 673.0
1986 6 824.0
1986 7 826.0
1986 8 891.0
1986 9 1352.0
1986 10 1878.0
1986 11 1081.0
1986 12 1191.0
1987 1 317.0
1987 2 279.0
1987 3 1004.0
1987 4 1187.0
1987 5 1001.0
1987 6 463.0
1987 7 531.0
1987 8 312.0
1987 9 1422.0
1987 10 701.0
1987 11 694.0
1987 12 336.0
1988 1 275.0
1988 2 130.0
1988 3 672.0
1988 4 518.0
1988 5 222.0
1988 6 421.0
1988 7 404.0
1988 8 406.0
1988 9 616.0
1988 10 727.0
1988 11 265.0
1988 12 907.0
1989 1 536.0
1989 2 599.0
1989 3 863.0
1989 4 296.0
1989 5 333.0
1989 6 284.0
1989 7 566.0
1989 8 728.0
1989 9 1006.0
1989 10 1077.0
1989 11 369.0
1989 12 661.0
1990 1 1175.0
1990 2 194.0
1990 3 273.0
1990 4 614.0
1990 5 532.0
1990 6 409.0
1990 7 664.0
1990 8 814.0
1990 9 305.0
1990 10 400.0
1990 11 286.0
1990 12 382.0
1991 1 141.0
1991 2 216.0
1991 3 223.0
1991 4 281.0
1991 5 471.0
1991 6 268.0
1991 7 1459.0
1991 8 383.0
1991 9 435.0
1991 10 304.0
1991 11 259.0
1991 12 414.0
1992 1 205.0
1992 2 238.0
1992 3 460.0
1992 4 283.0
1992 5 200.0
1992 6 257.0
1992 7 260.0
1992 8 678.0
1992 9 1252.0
1992 10 556.0
1992 11 429.0
1992 12 135.0
1993 1 177.0
1993 2 230.0
1993 3 362.0
1993 4 249.0
1993 5 442.0
1993 6 531.0
1993 7 465.0
1993 8 674.0
1993 9 214.0
1993 10 389.0
1993 11 313.0
1993 12 338.0
1994 1 525.0
1994 2 272.0
1994 3 491.0
1994 4 438.0
1994 5 576.0
1994 6 605.0
1994 7 439.0
1994 8 658.0
1994 9 590.0
1994 10 775.0
1994 11 446.0
1994 12 329.0
1995 1 198.0
1995 2 283.0
1995 3 652.0
1995 4 486.0
1995 5 934.0
1995 6 629.0
1995 7 1068.0
1995 8 958.0
1995 9 725.0
1995 10 627.0
1995 11 583.0
1995 12 469.0
1996 1 346.0
1996 2 363.0
1996 3 408.0
1996 4 560.0
1996 5 705.0
1996 6 603.0
1996 7 966.0
1996 8 611.0
1996 9 799.0
1996 10 1012.0
1996 11 1060.0
1996 12 1066.0
1997 1 404.0
1997 2 821.0
1997 3 500.0
1997 4 733.0
1997 5 536.0
1997 6 581.0
1997 7 539.0
1997 8 978.0
1997 9 795.0
1997 10 832.0
1997 11 653.0
1997 12 891.0
1998 1 235.0
1998 2 322.0
1998 3 854.0
1998 4 654.0
1998 5 920.0
1998 6 748.0
1998 7 372.0
1998 8 803.0
1998 9 586.0
1998 10 1000.0
1998 11 725.0
1998 12 1724.0
1999 1 101.0
1999 2 251.0
1999 3 439.0
1999 4 396.0
1999 5 893.0
1999 6 727.0
1999 7 947.0
1999 8 419.0
1999 9 709.0
1999 10 860.0
1999 11 932.0
1999 12 528.0
2000 1 329.0
2000 2 282.0
2000 3 828.0
2000 4 621.0
2000 5 986.0
2000 6 427.0
2000 7 385.0
2000 8 1188.0
2000 9 1083.0
2000 10 621.0
2000 11 553.0
2000 12 193.0
2001 1 320.0
2001 2 417.0
2001 3 493.0
2001 4 538.0
2001 5 445.0
2001 6 702.0
2001 7 269.0
2001 8 341.0
2001 9 619.0
2001 10 1016.0
2001 11 420.0
2001 12 605.0
2002 1 472.0
2002 2 300.0
2002 3 705.0
2002 4 904.0
2002 5 573.0
2002 6 583.0
2002 7 1088.0
2002 8 817.0
2002 9 409.0
2002 10 723.0
2002 11 671.0
2002 12 1265.0
2003 1 147.0
2003 2 280.0
2003 3 611.0
2003 4 507.0
2003 5 621.0
2003 6 1354.0
2003 7 481.0
2003 8 1001.0
2003 9 908.0
2003 10 516.0
2003 11 687.0
2003 12 688.0
2004 1 286.0
2004 2 545.0
2004 3 597.0
2004 4 983.0
2004 5 561.0
2004 6 403.0
2004 7 385.0
2004 8 430.0
2004 9 633.0
2004 10 724.0
2004 11 375.0
2004 12 954.0
2005 1 482.0
2005 2 221.0
2005 3 440.0
2005 4 716.0
2005 5 491.0
2005 6 558.0
2005 7 545.0
2005 8 742.0
2005 9 328.0
2005 10 1002.0
2005 11 418.0
2005 12 458.0
2006 1 510.0
2006 2 338.0
2006 3 579.0
2006 4 391.0
2006 5 401.0
2006 6 262.0
2006 7 250.0
2006 8 269.0
2006 9 308.0
2006 10 220.0
2006 11 486.0
2006 12 410.0
2007 1 234.0
2007 2 173.0
2007 3 550.0
2007 4 427.0
2007 5 529.0
2007 6 429.0
2007 7 404.0
2007 8 220.0
2007 9 333.0
2007 10 358.0
2007 11 465.0
2007 12 121.0
2008 1 156.0
2008 2 345.0
2008 3 240.0
2008 4 269.0
2008 5 344.0
2008 6 886.0
2008 7 258.0
2008 8 573.0
2008 9 226.0
2008 10 315.0
2008 11 272.0
2008 12 274.0
2009 1 93.0
2009 2 112.0
2009 3 358.0
2009 4 138.0
2009 5 31.0
2009 6 326.0
2009 7 475.0
2009 8 131.0
2009 9 269.0
2009 10 167.0
2009 11 160.0
2009 12 172.0
2010 1 261.0
2010 2 31.0
2010 3 261.0
2010 4 296.0
2010 5 149.0
2010 6 117.0
2010 7 446.0
2010 8 93.0
2010 9 314.0
2010 10 250.0
2010 11 128.0
2010 12 166.0
2011 1 276.0
2011 2 35.0
2011 3 274.0
2011 4 60.0
2011 5 107.0
2011 6 170.0
2011 7 333.0
2011 8 388.0
2011 9 358.0
2011 10 106.0
2011 11 347.0
2011 12 318.0
2012 1 93.0
2012 2 310.0
2012 3 195.0
2012 4 365.0
2012 5 241.0
2012 6 446.0
2012 7 99.0
2012 8 289.0
2012 9 208.0
2012 10 339.0
2012 11 612.0
2012 12 109.0
2013 1 115.0
2013 2 491.0
2013 3 251.0
2013 4 274.0
2013 5 330.0
2013 6 491.0
2013 7 378.0
2013 8 452.0
2013 9 534.0
2013 10 693.0
2013 11 765.0
2013 12 693.0
2014 1 407.0
2014 2 68.0
2014 3 257.0
2014 4 330.0
2014 5 411.0
2014 6 813.0
2014 7 855.0
2014 8 228.0
2014 9 973.0
2014 10 446.0
2014 11 303.0
2014 12 403.0
2015 1 138.0
2015 2 100.0
2015 3 173.0
2015 4 405.0
2015 5 702.0
2015 6 434.0
2015 7 251.0
2015 8 739.0
2015 9 826.0
2015 10 718.0
2015 11 891.0
2015 12 518.0
2016 1 341.0
2016 2 262.0
2016 3 344.0
2016 4 276.0
2016 5 302.0
2016 6 150.0
2016 7 475.0
2016 8 519.0
2016 9 440.0
2016 10 551.0
2016 11 287.0
2016 12 304.0
2017 1 256.0
2017 2 528.0
2017 3 52.0
2017 4 484.0
2017 5 412.0
2017 6 728.0
2017 7 241.0
2017 8 183.0
2017 9 211.0
2017 10 219.0
2017 11 267.0
2017 12 314.0
2018 1 150.0
2018 2 257.0
2018 3 823.0
2018 4 705.0
2018 5 874.0
2018 6 217.0
2018 7 461.0
2018 8 474.0
2018 9 84.0
2018 10 613.0
2018 11 190.0
2018 12 103.0
2019 1 674.0
2019 2 359.0
2019 3 427.0
2019 4 528.0
2019 5 189.0
2019 6 651.0
2019 7 340.0
2019 8 641.0
2019 9 343.0
2019 10 442.0
2019 11 763.0
2019 12 209.0
2020 1 188.0
2020 2 59.0
2020 3 236.0
2020 4 746.0
2020 5 899.0
2020 6 460.0
2020 7 709.0
2020 8 174.0
2020 9 549.0
2020 10 766.0
2020 11 279.0
2020 12 259.0
2021 1 186.0
2021 2 130.0
2021 3 205.0
2021 4 330.0
2021 5 255.0
2021 6 806.0
2021 7 789.0
2021 8 675.0
2021 9 823.0
2021 10 443.0
2021 11 622.0
2021 12 1522.0
2022 1 762.0
2022 2 482.0
2022 3 898.0
2022 4 1726.0
2022 5 731.0
2022 6 230.0
2022 7 457.0
2022 8 760.0
2022 9 1322.0
2022 10 1005.0
2022 11 841.0
2022 12 747.0
2023 1 746.0
2023 2 488.0
2023 3 633.0
2023 4 834.0
2023 5 845.0
2023 6 1052.0
2023 7 596.0
2023 8 427.0
2023 9 957.0
2023 10 1685.0
2023 11 955.0
2023 12 674.0
2024 1 242.0
2024 2 542.0
2024 3 558.0
2024 4 341.0
2024 5 408.0
2024 6 491.0
2024 7 492.0
2024 8 634.0
