1960 5 1696.0
1960 6 1819.0
1960 7 1523.0
1960 8 1275.0
1960 9 1357.0
1960 10 1217.0
1960 11 980.0
1960 12 887.0
1961 1 761.0
1961 2 682.0
1961 3 1196.0
1961 4 1425.0
1961 5 1594.0
1961 6 1672.0
1961 7 1727.0
1961 8 1588.0
1961 9 1538.0
1961 10 1598.0
1961 11 1466.0
1961 12 828.0
1962 1 513.0
1962 2 685.0
1962 3 1420.0
1962 4 1623.0
1962 5 1910.0
1962 6 1607.0
1962 7 2326.0
1962 8 1642.0
1962 9 1273.0
1962 10 1743.0
1962 11 1299.0
1962 12 615.0
1963 1 580.0
1963 2 461.0
1963 3 1327.0
1963 4 2378.0
1963 5 1567.0
1963 6 2030.0
1963 7 1940.0
1963 8 1837.0
1963 9 1827.0
1963 10 2088.0
1963 11 1245.0
1963 12 1180.0
1964 1 744.0
1964 2 856.0
1964 3 1968.0
1964 4 1982.0
1964 5 1444.0
1964 6 2074.0
1964 7 1674.0
1964 8 1526.0
1964 9 1597.0
1964 10 2284.0
1964 11 1922.0
1964 12 884.0
1965 1 804.0
1965 2 908.0
1965 3 1082.0
1965 4 2202.0
1965 5 2022.0
1965 6 2146.0
1965 7 1840.0
1965 8 2033.0
1965 9 1896.0
1965 10 1521.0
1965 11 1961.0
1965 12 1494.0
1966 1 975.0
1966 2 1479.0
1966 3 2275.0
1966 4 2130.0
1966 5 2062.0
1966 6 1574.0
1966 7 1486.0
1966 8 1760.0
1966 9 1295.0
1966 10 1086.0
1966 11 1082.0
1966 12 542.0
1967 1 614.0
1967 2 834.0
1967 3 1175.0
1967 4 1465.0
1967 5 1912.0
1967 6 1686.0
1967 7 1483.0
1967 8 2042.0
1967 9 1827.0
1967 10 2516.0
1967 11 1464.0
1967 12 2128.0
1968 1 875.0
1968 2 1243.0
1968 3 1473.0
1968 4 2304.0
1968 5 2991.0
1968 6 2517.0
1968 7 2679.0
1968 8 1665.0
1968 9 2197.0
1968 10 3025.0
1968 11 3506.0
1968 12 1124.0
1969 1 1136.0
1969 2 1531.0
1969 3 3439.0
1969 4 2788.0
1969 5 2917.0
1969 6 3138.0
1969 7 2132.0
1969 8 2199.0
1969 9 1814.0
1969 10 3058.0
1969 11 1300.0
1969 12 2151.0
1970 1 733.0
1970 2 615.0
1970 3 1302.0
1970 4 1617.0
1970 5 2448.0
1970 6 2719.0
1970 7 2797.0
1970 8 2800.0
1970 9 2219.0
1970 10 2210.0
1970 11 2042.0
1970 12 1800.0
1971 1 1025.0
1971 2 1191.0
1971 3 2202.0
1971 4 3131.0
1971 5 3654.0
1971 6 3778.0
1971 7 3308.0
1971 8 2497.0
1971 9 3284.0
1971 10 2773.0
1971 11 3749.0
1971 12 2629.0
1972 1 1409.0
1972 2 2197.0
1972 3 3027.0
1972 4 2774.0
1972 5 3004.0
1972 6 3052.0
1972 7 3691.0
1972 8 2785.0
1972 9 2859.0
1972 10 3558.0
1972 11 4138.0
1972 12 1943.0
1973 1 2544.0
1973 2 3106.0
1973 3 3128.0
1973 4 3924.0
1973 5 6189.0
1973 6 3534.0
1973 7 3335.0
1973 8 2573.0
1973 9 2892.0
1973 10 3367.0
1973 11 2090.0
1973 12 1128.0
1974 1 902.0
1974 2 1737.0
1974 3 1898.0
1974 4 1968.0
1974 5 3149.0
1974 6 2986.0
1974 7 2092.0
1974 8 1700.0
1974 9 1390.0
1974 10 1582.0
1974 11 1106.0
1974 12 587.0
1975 1 652.0
1975 2 753.0
1975 3 1389.0
1975 4 2009.0
1975 5 3208.0
1975 6 2241.0
1975 7 1721.0
1975 8 1854.0
1975 9 1923.0
1975 10 1931.0
1975 11 1441.0
1975 12 1237.0
1976 1 743.0
1976 2 1081.0
1976 3 2942.0
1976 4 2618.0
1976 5 2363.0
1976 6 2892.0
1976 7 2390.0
1976 8 2719.0
1976 9 3890.0
1976 10 2665.0
1976 11 2108.0
1976 12 1432.0
1977 1 587.0
1977 2 1163.0
1977 3 3277.0
1977 4 3370.0
1977 5 3692.0
1977 6 4397.0
1977 7 3569.0
1977 8 3642.0
1977 9 3328.0
1977 10 3748.0
1977 11 2463.0
1977 12 2009.0
1978 1 855.0
1978 2 1018.0
1978 3 2910.0
1978 4 3487.0
1978 5 4175.0
1978 6 3445.0
1978 7 3024.0
1978 8 3745.0
1978 9 3379.0
1978 10 3911.0
1978 11 2477.0
1978 12 1300.0
1979 1 462.0
1979 2 604.0
1979 3 3971.0
1979 4 2776.0
1979 5 2810.0
1979 6 2776.0
1979 7 3207.0
1979 8 3186.0
1979 9 3970.0
1979 10 2996.0
1979 11 1458.0
1979 12 1194.0
1980 1 1132.0
1980 2 938.0
1980 3 987.0
1980 4 1134.0
1980 5 1450.0
1980 6 1667.0
1980 7 2152.0
1980 8 2260.0
1980 9 3419.0
1980 10 2643.0
1980 11 1414.0
1980 12 2007.0
1981 1 717.0
1981 2 717.0
1981 3 2456.0
1981 4 1657.0
1981 5 1857.0
1981 6 1130.0
1981 7 1057.0
1981 8 1232.0
1981 9 1634.0
1981 10 782.0
1981 11 737.0
1981 12 476.0
1982 1 303.0
1982 2 228.0
1982 3 985.0
1982 4 1253.0
1982 5 1856.0
1982 6 1368.0
1982 7 1022.0
1982 8 1020.0
1982 9 1315.0
1982 10 884.0
1982 11 1043.0
1982 12 691.0
1983 1 462.0
1983 2 535.0
1983 3 1296.0
1983 4 1595.0
1983 5 1543.0
1983 6 1830.0
1983 7 1459.0
1983 8 2153.0
1983 9 1994.0
1983 10 1552.0
1983 11 1857.0
1983 12 884.0
1984 1 819.0
1984 2 848.0
1984 3 1725.0
1984 4 1923.0
1984 5 2389.0
1984 6 2471.0
1984 7 1852.0
1984 8 2125.0
1984 9 1816.0
1984 10 1925.0
1984 11 1569.0
1984 12 809.0
1985 1 723.0
1985 2 513.0
1985 3 2013.0
1985 4 2249.0
1985 5 2220.0
1985 6 2799.0
1985 7 2389.0
1985 8 2447.0
1985 9 2028.0
1985 10 2687.0
1985 11 1478.0
1985 12 1765.0
1986 1 1287.0
1986 2 1001.0
1986 3 2233.0
1986 4 4081.0
1986 5 2664.0
1986 6 2728.0
1986 7 2734.0
1986 8 2660.0
1986 9 3326.0
1986 10 3494.0
1986 11 2343.0
1986 12 2099.0
1987 1 1131.0
1987 2 1403.0
1987 3 3025.0
1987 4 3296.0
1987 5 2751.0
1987 6 2598.0
1987 7 2526.0
1987 8 1962.0
1987 9 3215.0
1987 10 2388.0
1987 11 1986.0
1987 12 1285.0
1988 1 814.0
1988 2 1084.0
1988 3 2707.0
1988 4 2644.0
1988 5 2239.0
1988 6 2581.0
1988 7 2181.0
1988 8 2293.0
1988 9 2413.0
1988 10 2381.0
1988 11 1530.0
1988 12 2050.0
1989 1 1293.0
1989 2 1538.0
1989 3 2653.0
1989 4 2170.0
1989 5 2389.0
1989 6 2399.0
1989 7 2392.0
1989 8 2807.0
1989 9 2734.0
1989 10 2965.0
1989 11 1816.0
1989 12 1519.0
1990 1 2223.0
1990 2 1369.0
1990 3 2078.0
1990 4 2729.0
1990 5 2518.0
1990 6 2558.0
1990 7 2621.0
1990 8 2823.0
1990 9 1839.0
1990 10 2067.0
1990 11 1601.0
1990 12 1200.0
1991 1 804.0
1991 2 1230.0
1991 3 1909.0
1991 4 2510.0
1991 5 2633.0
1991 6 2380.0
1991 7 3757.0
1991 8 2393.0
1991 9 2133.0
1991 10 2360.0
1991 11 1589.0
1991 12 1596.0
1992 1 1362.0
1992 2 1942.0
1992 3 2828.0
1992 4 2913.0
1992 5 2701.0
1992 6 2904.0
1992 7 2664.0
1992 8 2815.0
1992 9 3672.0
1992 10 3035.0
1992 11 2108.0
1992 12 1777.0
1993 1 1425.0
1993 2 1653.0
1993 3 2617.0
1993 4 2865.0
1993 5 2991.0
1993 6 3455.0
1993 7 2820.0
1993 8 3240.0
1993 9 2723.0
1993 10 3005.0
1993 11 2666.0
1993 12 2082.0
1994 1 1685.0
1994 2 1813.0
1994 3 3412.0
1994 4 3274.0
1994 5 3368.0
1994 6 3677.0
1994 7 2832.0
1994 8 3405.0
1994 9 3081.0
1994 10 3088.0
1994 11 2511.0
1994 12 1988.0
1995 1 1318.0
1995 2 1654.0
1995 3 3127.0
1995 4 2842.0
1995 5 3602.0
1995 6 3409.0
1995 7 3639.0
1995 8 3903.0
1995 9 3257.0
1995 10 3294.0
1995 11 3078.0
1995 12 2237.0
1996 1 1935.0
1996 2 2113.0
1996 3 3188.0
1996 4 3932.0
1996 5 3933.0
1996 6 3331.0
1996 7 4165.0
1996 8 3516.0
1996 9 3347.0
1996 10 3980.0
1996 11 3106.0
1996 12 2681.0
1997 1 1750.0
1997 2 2438.0
1997 3 2959.0
1997 4 3942.0
1997 5 3387.0
1997 6 3139.0
1997 7 3215.0
1997 8 3575.0
1997 9 3334.0
1997 10 3377.0
1997 11 2644.0
1997 12 2695.0
1998 1 1779.0
1998 2 2313.0
1998 3 3640.0
1998 4 3733.0
1998 5 3977.0
1998 6 3920.0
1998 7 3241.0
1998 8 3603.0
1998 9 3428.0
1998 10 3913.0
1998 11 3082.0
1998 12 4005.0
1999 1 1457.0
1999 2 2379.0
1999 3 3697.0
1999 4 3911.0
1999 5 4103.0
1999 6 4282.0
1999 7 3988.0
1999 8 3629.0
1999 9 3505.0
1999 10 3853.0
1999 11 3369.0
1999 12 2535.0
2000 1 1915.0
2000 2 2127.0
2000 3 3964.0
2000 4 3554.0
2000 5 4104.0
2000 6 3511.0
2000 7 2955.0
2000 8 4284.0
2000 9 3569.0
2000 10 3335.0
2000 11 2683.0
2000 12 1684.0
2001 1 2017.0
2001 2 2445.0
2001 3 3625.0
2001 4 3705.0
2001 5 4077.0
2001 6 4091.0
2001 7 3219.0
2001 8 3361.0
2001 9 2888.0
2001 10 3668.0
2001 11 2730.0
2001 12 2341.0
2002 1 2401.0
2002 2 2191.0
2002 3 3251.0
2002 4 4024.0
2002 5 3876.0
2002 6 3476.0
2002 7 3909.0
2002 8 3720.0
2002 9 3071.0
2002 10 3813.0
2002 11 3191.0
2002 12 3113.0
2003 1 1797.0
2003 2 1947.0
2003 3 3193.0
2003 4 3708.0
2003 5 3870.0
2003 6 4492.0
2003 7 3711.0
2003 8 4099.0
2003 9 4015.0
2003 10 3718.0
2003 11 2860.0
2003 12 2676.0
2004 1 2004.0
2004 2 2463.0
2004 3 3597.0
2004 4 4118.0
2004 5 3523.0
2004 6 3739.0
2004 7 3355.0
2004 8 3342.0
2004 9 3390.0
2004 10 3466.0
2004 11 3079.0
2004 12 3010.0
2005 1 1993.0
2005 2 1986.0
2005 3 3343.0
2005 4 3834.0
2005 5 3652.0
2005 6 3640.0
2005 7 3207.0
2005 8 3942.0
2005 9 3167.0
2005 10 3989.0
2005 11 2917.0
2005 12 2173.0
2006 1 2168.0
2006 2 2213.0
2006 3 3198.0
2006 4 2706.0
2006 5 2806.0
2006 6 2774.0
2006 7 2233.0
2006 8 2480.0
2006 9 2047.0
2006 10 2077.0
2006 11 1886.0
2006 12 1679.0
2007 1 1522.0
2007 2 1233.0
2007 3 2474.0
2007 4 2443.0
2007 5 2651.0
2007 6 2543.0
2007 7 2264.0
2007 8 2143.0
2007 9 1677.0
2007 10 1924.0
2007 11 1759.0
2007 12 875.0
2008 1 892.0
2008 2 1127.0
2008 3 1229.0
2008 4 1705.0
2008 5 1638.0
2008 6 2142.0
2008 7 1547.0
2008 8 1681.0
2008 9 1201.0
2008 10 1244.0
2008 11 907.0
2008 12 733.0
2009 1 399.0
2009 2 590.0
2009 3 1121.0
2009 4 1090.0
2009 5 941.0
2009 6 1360.0
2009 7 1510.0
2009 8 1168.0
2009 9 1154.0
2009 10 1194.0
2009 11 935.0
2009 12 823.0
2010 1 808.0
2010 2 698.0
2010 3 1386.0
2010 4 1359.0
2010 5 1115.0
2010 6 1133.0
2010 7 1339.0
2010 8 949.0
2010 9 1161.0
2010 10 1044.0
2010 11 827.0
2010 12 640.0
2011 1 626.0
2011 2 518.0
2011 3 1123.0
2011 4 971.0
2011 5 1033.0
2011 6 1133.0
2011 7 1162.0
2011 8 1526.0
2011 9 1372.0
2011 10 856.0
2011 11 1038.0
2011 12 946.0
2012 1 551.0
2012 2 1070.0
2012 3 1187.0
2012 4 1339.0
2012 5 1370.0
2012 6 1464.0
2012 7 1045.0
2012 8 1320.0
2012 9 1175.0
2012 10 1408.0
2012 11 1440.0
2012 12 718.0
2013 1 732.0
2013 2 1271.0
2013 3 1288.0
2013 4 1578.0
2013 5 1806.0
2013 6 1710.0
2013 7 1688.0
2013 8 1671.0
2013 9 1637.0
2013 10 1752.0
2013 11 1701.0
2013 12 1310.0
2014 1 960.0
2014 2 762.0
2014 3 1225.0
2014 4 1547.0
2014 5 1723.0
2014 6 2089.0
2014 7 2073.0
2014 8 1429.0
2014 9 2173.0
2014 10 1696.0
2014 11 1141.0
2014 12 1129.0
2015 1 681.0
2015 2 736.0
2015 3 1242.0
2015 4 1611.0
2015 5 1886.0
2015 6 1743.0
2015 7 1375.0
2015 8 1889.0
2015 9 1872.0
2015 10 1892.0
2015 11 1849.0
2015 12 1353.0
2016 1 999.0
2016 2 1136.0
2016 3 1569.0
2016 4 1635.0
2016 5 1728.0
2016 6 1544.0
2016 7 1664.0
2016 8 1917.0
2016 9 1705.0
2016 10 1815.0
2016 11 1442.0
2016 12 1082.0
2017 1 1124.0
2017 2 1463.0
2017 3 1478.0
2017 4 1792.0
2017 5 2016.0
2017 6 2355.0
2017 7 1551.0
2017 8 1685.0
2017 9 1486.0
2017 10 1635.0
2017 11 1483.0
2017 12 1262.0
2018 1 1008.0
2018 2 1269.0
2018 3 2360.0
2018 4 2345.0
2018 5 2537.0
2018 6 1710.0
2018 7 1958.0
2018 8 2098.0
2018 9 1361.0
2018 10 2083.0
2018 11 1552.0
2018 12 1091.0
2019 1 1528.0
2019 2 1279.0
2019 3 1642.0
2019 4 2130.0
2019 5 1838.0
2019 6 2141.0
2019 7 1861.0
2019 8 2172.0
2019 9 1790.0
2019 10 1960.0
2019 11 1890.0
2019 12 1475.0
2020 1 1304.0
2020 2 1187.0
2020 3 1664.0
2020 4 2064.0
2020 5 2183.0
2020 6 2286.0
2020 7 2518.0
2020 8 1861.0
2020 9 2475.0
2020 10 2719.0
2020 11 1834.0
2020 12 1843.0
2021 1 1584.0
2021 2 1579.0
2021 3 2421.0
2021 4 2640.0
2021 5 2357.0
2021 6 2957.0
2021 7 2544.0
2021 8 2317.0
2021 9 2578.0
2021 10 2207.0
2021 11 2232.0
2021 12 3200.0
2022 1 2301.0
2022 2 1965.0
2022 3 2806.0
2022 4 3592.0
2022 5 2848.0
2022 6 1950.0
2022 7 2108.0
2022 8 2207.0
2022 9 3006.0
2022 10 2355.0
2022 11 1857.0
2022 12 1552.0
2023 1 1529.0
2023 2 1466.0
2023 3 2087.0
2023 4 2401.0
2023 5 2522.0
2023 6 2772.0
2023 7 2049.0
2023 8 2165.0
2023 9 2527.0
2023 10 3197.0
2023 11 2187.0
2023 12 1779.0
2024 1 1511.0
2024 2 2000.0
2024 3 2214.0
2024 4 2414.0
2024 5 2069.0
2024 6 2412.0
2024 7 2179.0
2024 8 2647.0
