1960 5 1656.0
1960 6 1782.0
1960 7 1461.0
1960 8 1177.0
1960 9 1277.0
1960 10 1112.0
1960 11 940.0
1960 12 750.0
1961 1 739.0
1961 2 648.0
1961 3 1075.0
1961 4 1368.0
1961 5 1485.0
1961 6 1618.0
1961 7 1405.0
1961 8 1406.0
1961 9 1299.0
1961 10 1502.0
1961 11 1165.0
1961 12 805.0
1962 1 481.0
1962 2 623.0
1962 3 1092.0
1962 4 1486.0
1962 5 1549.0
1962 6 1444.0
1962 7 1573.0
1962 8 1473.0
1962 9 1099.0
1962 10 1215.0
1962 11 1014.0
1962 12 544.0
1963 1 464.0
1963 2 344.0
1963 3 889.0
1963 4 1499.0
1963 5 1378.0
1963 6 1386.0
1963 7 1354.0
1963 8 1169.0
1963 9 1115.0
1963 10 1146.0
1963 11 761.0
1963 12 659.0
1964 1 499.0
1964 2 672.0
1964 3 1110.0
1964 4 1242.0
1964 5 1155.0
1964 6 1232.0
1964 7 1038.0
1964 8 999.0
1964 9 960.0
1964 10 1063.0
1964 11 917.0
1964 12 546.0
1965 1 508.0
1965 2 421.0
1965 3 873.0
1965 4 1262.0
1965 5 1399.0
1965 6 1364.0
1965 7 1237.0
1965 8 1269.0
1965 9 1019.0
1965 10 914.0
1965 11 905.0
1965 12 678.0
1966 1 499.0
1966 2 475.0
1966 3 1195.0
1966 4 1205.0
1966 5 932.0
1966 6 1009.0
1966 7 738.0
1966 8 861.0
1966 9 649.0
1966 10 613.0
1966 11 495.0
1966 12 366.0
1967 1 379.0
1967 2 416.0
1967 3 825.0
1967 4 982.0
1967 5 999.0
1967 6 1143.0
1967 7 908.0
1967 8 1110.0
1967 9 983.0
1967 10 833.0
1967 11 644.0
1967 12 537.0
1968 1 377.0
1968 2 531.0
1968 3 939.0
1968 4 1144.0
1968 5 1700.0
1968 6 1302.0
1968 7 1437.0
1968 8 1216.0
1968 9 1253.0
1968 10 1340.0
1968 11 1027.0
1968 12 712.0
1969 1 536.0
1969 2 891.0
1969 3 1348.0
1969 4 1535.0
1969 5 1433.0
1969 6 1333.0
1969 7 1190.0
1969 8 1029.0
1969 9 1008.0
1969 10 1145.0
1969 11 711.0
1969 12 533.0
1970 1 389.0
1970 2 366.0
1970 3 849.0
1970 4 1293.0
1970 5 1189.0
1970 6 1428.0
1970 7 1203.0
1970 8 1078.0
1970 9 1238.0
1970 10 1182.0
1970 11 1042.0
1970 12 1087.0
1971 1 620.0
1971 2 469.0
1971 3 1491.0
1971 4 1871.0
1971 5 1736.0
1971 6 1886.0
1971 7 1502.0
1971 8 1691.0
1971 9 1860.0
1971 10 1516.0
1971 11 1458.0
1971 12 1105.0
1972 1 839.0
1972 2 1004.0
1972 3 1691.0
1972 4 1843.0
1972 5 2383.0
1972 6 2028.0
1972 7 1734.0
1972 8 1826.0
1972 9 1536.0
1972 10 1549.0
1972 11 1303.0
1972 12 869.0
1973 1 892.0
1973 2 1162.0
1973 3 1971.0
1973 4 1815.0
1973 5 2236.0
1973 6 2059.0
1973 7 1657.0
1973 8 1555.0
1973 9 1233.0
1973 10 1261.0
1973 11 1092.0
1973 12 744.0
1974 1 468.0
1974 2 802.0
1974 3 1330.0
1974 4 1729.0
1974 5 1648.0
1974 6 1591.0
1974 7 1519.0
1974 8 1277.0
1974 9 922.0
1974 10 1271.0
1974 11 713.0
1974 12 487.0
1975 1 448.0
1975 2 595.0
1975 3 1181.0
1975 4 1575.0
1975 5 1820.0
1975 6 1622.0
1975 7 1497.0
1975 8 1526.0
1975 9 1484.0
1975 10 1468.0
1975 11 1212.0
1975 12 922.0
1976 1 668.0
1976 2 1012.0
1976 3 2052.0
1976 4 2183.0
1976 5 1975.0
1976 6 1920.0
1976 7 1759.0
1976 8 1816.0
1976 9 1797.0
1976 10 1767.0
1976 11 1438.0
1976 12 945.0
1977 1 364.0
1977 2 890.0
1977 3 2445.0
1977 4 2442.0
1977 5 2694.0
1977 6 2889.0
1977 7 2313.0
1977 8 2492.0
1977 9 2022.0
1977 10 2150.0
1977 11 1816.0
1977 12 842.0
1978 1 667.0
1978 2 610.0
1978 3 2090.0
1978 4 2817.0
1978 5 2986.0
1978 6 2828.0
1978 7 2486.0
1978 8 2292.0
1978 9 2069.0
1978 10 2256.0
1978 11 1496.0
1978 12 890.0
1979 1 417.0
1979 2 487.0
1979 3 1856.0
1979 4 2282.0
1979 5 2473.0
1979 6 2164.0
1979 7 1828.0
1979 8 1965.0
1979 9 1626.0
1979 10 1831.0
1979 11 1024.0
1979 12 654.0
1980 1 409.0
1980 2 452.0
1980 3 695.0
1980 4 788.0
1980 5 772.0
1980 6 1011.0
1980 7 1192.0
1980 8 1253.0
1980 9 1350.0
1980 10 1366.0
1980 11 982.0
1980 12 646.0
1981 1 279.0
1981 2 381.0
1981 3 963.0
1981 4 1002.0
1981 5 950.0
1981 6 829.0
1981 7 757.0
1981 8 731.0
1981 9 652.0
1981 10 445.0
1981 11 379.0
1981 12 308.0
1982 1 155.0
1982 2 149.0
1982 3 462.0
1982 4 717.0
1982 5 552.0
1982 6 610.0
1982 7 579.0
1982 8 682.0
1982 9 620.0
1982 10 659.0
1982 11 601.0
1982 12 430.0
1983 1 347.0
1983 2 413.0
1983 3 943.0
1983 4 1013.0
1983 5 1119.0
1983 6 1211.0
1983 7 1071.0
1983 8 1211.0
1983 9 999.0
1983 10 892.0
1983 11 924.0
1983 12 483.0
1984 1 496.0
1984 2 584.0
1984 3 925.0
1984 4 1186.0
1984 5 1445.0
1984 6 1535.0
1984 7 1003.0
1984 8 1158.0
1984 9 1039.0
1984 10 1050.0
1984 11 722.0
1984 12 500.0
1985 1 369.0
1985 2 382.0
1985 3 1329.0
1985 4 1475.0
1985 5 1663.0
1985 6 1428.0
1985 7 1530.0
1985 8 1452.0
1985 9 1327.0
1985 10 1199.0
1985 11 742.0
1985 12 535.0
1986 1 617.0
1986 2 671.0
1986 3 1450.0
1986 4 2053.0
1986 5 1991.0
1986 6 1904.0
1986 7 1908.0
1986 8 1769.0
1986 9 1974.0
1986 10 1616.0
1986 11 1262.0
1986 12 908.0
1987 1 814.0
1987 2 1124.0
1987 3 2021.0
1987 4 2109.0
1987 5 1750.0
1987 6 2135.0
1987 7 1995.0
1987 8 1650.0
1987 9 1793.0
1987 10 1687.0
1987 11 1292.0
1987 12 949.0
1988 1 539.0
1988 2 954.0
1988 3 2035.0
1988 4 2126.0
1988 5 2017.0
1988 6 2160.0
1988 7 1777.0
1988 8 1887.0
1988 9 1797.0
1988 10 1654.0
1988 11 1265.0
1988 12 1143.0
1989 1 757.0
1989 2 939.0
1989 3 1790.0
1989 4 1874.0
1989 5 2056.0
1989 6 2115.0
1989 7 1826.0
1989 8 2079.0
1989 9 1728.0
1989 10 1888.0
1989 11 1447.0
1989 12 858.0
1990 1 1048.0
1990 2 1175.0
1990 3 1805.0
1990 4 2115.0
1990 5 1986.0
1990 6 2149.0
1990 7 1957.0
1990 8 2009.0
1990 9 1534.0
1990 10 1667.0
1990 11 1315.0
1990 12 818.0
1991 1 663.0
1991 2 1014.0
1991 3 1686.0
1991 4 2229.0
1991 5 2162.0
1991 6 2112.0
1991 7 2298.0
1991 8 2010.0
1991 9 1698.0
1991 10 2056.0
1991 11 1330.0
1991 12 1182.0
1992 1 1157.0
1992 2 1704.0
1992 3 2368.0
1992 4 2630.0
1992 5 2501.0
1992 6 2647.0
1992 7 2404.0
1992 8 2137.0
1992 9 2420.0
1992 10 2479.0
1992 11 1679.0
1992 12 1642.0
1993 1 1248.0
1993 2 1423.0
1993 3 2255.0
1993 4 2616.0
1993 5 2549.0
1993 6 2924.0
1993 7 2355.0
1993 8 2566.0
1993 9 2509.0
1993 10 2616.0
1993 11 2353.0
1993 12 1744.0
1994 1 1160.0
1994 2 1541.0
1994 3 2921.0
1994 4 2836.0
1994 5 2792.0
1994 6 3072.0
1994 7 2393.0
1994 8 2747.0
1994 9 2491.0
1994 10 2313.0
1994 11 2065.0
1994 12 1659.0
1995 1 1120.0
1995 2 1371.0
1995 3 2475.0
1995 4 2356.0
1995 5 2668.0
1995 6 2780.0
1995 7 2571.0
1995 8 2945.0
1995 9 2532.0
1995 10 2667.0
1995 11 2495.0
1995 12 1768.0
1996 1 1589.0
1996 2 1750.0
1996 3 2780.0
1996 4 3372.0
1996 5 3228.0
1996 6 2728.0
1996 7 3199.0
1996 8 2905.0
1996 9 2548.0
1996 10 2968.0
1996 11 2046.0
1996 12 1615.0
1997 1 1346.0
1997 2 1617.0
1997 3 2459.0
1997 4 3209.0
1997 5 2851.0
1997 6 2558.0
1997 7 2676.0
1997 8 2597.0
1997 9 2539.0
1997 10 2545.0
1997 11 1991.0
1997 12 1804.0
1998 1 1544.0
1998 2 1991.0
1998 3 2786.0
1998 4 3079.0
1998 5 3057.0
1998 6 3172.0
1998 7 2869.0
1998 8 2800.0
1998 9 2842.0
1998 10 2913.0
1998 11 2357.0
1998 12 2281.0
1999 1 1356.0
1999 2 2128.0
1999 3 3258.0
1999 4 3515.0
1999 5 3210.0
1999 6 3555.0
1999 7 3041.0
1999 8 3210.0
1999 9 2796.0
1999 10 2993.0
1999 11 2437.0
1999 12 2007.0
2000 1 1586.0
2000 2 1845.0
2000 3 3136.0
2000 4 2933.0
2000 5 3118.0
2000 6 3084.0
2000 7 2570.0
2000 8 3096.0
2000 9 2486.0
2000 10 2714.0
2000 11 2130.0
2000 12 1491.0
2001 1 1697.0
2001 2 2028.0
2001 3 3132.0
2001 4 3167.0
2001 5 3632.0
2001 6 3389.0
2001 7 2950.0
2001 8 3020.0
2001 9 2269.0
2001 10 2652.0
2001 11 2310.0
2001 12 1736.0
2002 1 1929.0
2002 2 1891.0
2002 3 2546.0
2002 4 3120.0
2002 5 3303.0
2002 6 2893.0
2002 7 2821.0
2002 8 2903.0
2002 9 2662.0
2002 10 3090.0
2002 11 2520.0
2002 12 1848.0
2003 1 1650.0
2003 2 1667.0
2003 3 2582.0
2003 4 3201.0
2003 5 3249.0
2003 6 3138.0
2003 7 3230.0
2003 8 3098.0
2003 9 3107.0
2003 10 3202.0
2003 11 2173.0
2003 12 1988.0
2004 1 1718.0
2004 2 1918.0
2004 3 3000.0
2004 4 3135.0
2004 5 2962.0
2004 6 3336.0
2004 7 2970.0
2004 8 2912.0
2004 9 2757.0
2004 10 2742.0
2004 11 2704.0
2004 12 2056.0
2005 1 1511.0
2005 2 1765.0
2005 3 2903.0
2005 4 3118.0
2005 5 3161.0
2005 6 3082.0
2005 7 2662.0
2005 8 3200.0
2005 9 2839.0
2005 10 2987.0
2005 11 2499.0
2005 12 1715.0
2006 1 1658.0
2006 2 1875.0
2006 3 2619.0
2006 4 2315.0
2006 5 2405.0
2006 6 2512.0
2006 7 1983.0
2006 8 2211.0
2006 9 1739.0
2006 10 1857.0
2006 11 1400.0
2006 12 1269.0
2007 1 1288.0
2007 2 1060.0
2007 3 1924.0
2007 4 2016.0
2007 5 2122.0
2007 6 2114.0
2007 7 1860.0
2007 8 1923.0
2007 9 1344.0
2007 10 1566.0
2007 11 1294.0
2007 12 754.0
2008 1 736.0
2008 2 782.0
2008 3 989.0
2008 4 1436.0
2008 5 1294.0
2008 6 1256.0
2008 7 1289.0
2008 8 1108.0
2008 9 975.0
2008 10 929.0
2008 11 635.0
2008 12 459.0
2009 1 306.0
2009 2 478.0
2009 3 763.0
2009 4 952.0
2009 5 910.0
2009 6 1034.0
2009 7 1035.0
2009 8 1037.0
2009 9 885.0
2009 10 1027.0
2009 11 775.0
2009 12 651.0
2010 1 547.0
2010 2 667.0
2010 3 1125.0
2010 4 1063.0
2010 5 966.0
2010 6 1016.0
2010 7 893.0
2010 8 856.0
2010 9 847.0
2010 10 794.0
2010 11 699.0
2010 12 474.0
2011 1 350.0
2011 2 483.0
2011 3 849.0
2011 4 911.0
2011 5 926.0
2011 6 963.0
2011 7 829.0
2011 8 1138.0
2011 9 1014.0
2011 10 750.0
2011 11 691.0
2011 12 628.0
2012 1 458.0
2012 2 760.0
2012 3 992.0
2012 4 974.0
2012 5 1129.0
2012 6 1018.0
2012 7 946.0
2012 8 1031.0
2012 9 967.0
2012 10 1069.0
2012 11 828.0
2012 12 609.0
2013 1 617.0
2013 2 780.0
2013 3 1037.0
2013 4 1304.0
2013 5 1476.0
2013 6 1219.0
2013 7 1310.0
2013 8 1219.0
2013 9 1103.0
2013 10 1059.0
2013 11 936.0
2013 12 617.0
2014 1 553.0
2014 2 694.0
2014 3 968.0
2014 4 1217.0
2014 5 1312.0
2014 6 1276.0
2014 7 1218.0
2014 8 1201.0
2014 9 1200.0
2014 10 1250.0
2014 11 838.0
2014 12 726.0
2015 1 543.0
2015 2 636.0
2015 3 1069.0
2015 4 1206.0
2015 5 1184.0
2015 6 1309.0
2015 7 1124.0
2015 8 1150.0
2015 9 1046.0
2015 10 1174.0
2015 11 958.0
2015 12 835.0
2016 1 658.0
2016 2 874.0
2016 3 1225.0
2016 4 1359.0
2016 5 1426.0
2016 6 1394.0
2016 7 1189.0
2016 8 1398.0
2016 9 1265.0
2016 10 1264.0
2016 11 1155.0
2016 12 778.0
2017 1 868.0
2017 2 935.0
2017 3 1426.0
2017 4 1308.0
2017 5 1604.0
2017 6 1627.0
2017 7 1310.0
2017 8 1502.0
2017 9 1275.0
2017 10 1416.0
2017 11 1216.0
2017 12 948.0
2018 1 858.0
2018 2 1012.0
2018 3 1537.0
2018 4 1640.0
2018 5 1663.0
2018 6 1493.0
2018 7 1497.0
2018 8 1624.0
2018 9 1277.0
2018 10 1470.0
2018 11 1362.0
2018 12 988.0
2019 1 854.0
2019 2 920.0
2019 3 1215.0
2019 4 1602.0
2019 5 1649.0
2019 6 1490.0
2019 7 1521.0
2019 8 1531.0
2019 9 1447.0
2019 10 1518.0
2019 11 1127.0
2019 12 1266.0
2020 1 1116.0
2020 2 1128.0
2020 3 1428.0
2020 4 1318.0
2020 5 1284.0
2020 6 1826.0
2020 7 1809.0
2020 8 1687.0
2020 9 1926.0
2020 10 1953.0
2020 11 1555.0
2020 12 1584.0
2021 1 1398.0
2021 2 1449.0
2021 3 2216.0
2021 4 2310.0
2021 5 2102.0
2021 6 2151.0
2021 7 1755.0
2021 8 1642.0
2021 9 1755.0
2021 10 1764.0
2021 11 1610.0
2021 12 1678.0
2022 1 1539.0
2022 2 1483.0
2022 3 1908.0
2022 4 1866.0
2022 5 2117.0
2022 6 1720.0
2022 7 1651.0
2022 8 1447.0
2022 9 1684.0
2022 10 1350.0
2022 11 1016.0
2022 12 805.0
2023 1 783.0
2023 2 978.0
2023 3 1454.0
2023 4 1567.0
2023 5 1677.0
2023 6 1720.0
2023 7 1453.0
2023 8 1738.0
2023 9 1570.0
2023 10 1512.0
2023 11 1232.0
2023 12 1105.0
2024 1 1269.0
2024 2 1458.0
2024 3 1656.0
2024 4 2073.0
2024 5 1661.0
2024 6 1921.0
2024 7 1687.0
2024 8 2013.0
