1960 5 26.0
1960 6 8.0
1960 7 37.0
1960 8 58.0
1960 9 56.0
1960 10 79.0
1960 11 16.0
1960 12 30.0
1961 1 8.0
1961 2 21.0
1961 3 75.0
1961 4 45.0
1961 5 91.0
1961 6 16.0
1961 7 262.0
1961 8 155.0
1961 9 191.0
1961 10 74.0
1961 11 289.0
1961 12 153.5
1962 1 18.0
1962 2 56.0
1962 3 310.0
1962 4 107.0
1962 5 302.0
1962 6 153.0
1962 7 708.0
1962 8 135.0
1962 9 144.0
1962 10 500.0
1962 11 250.0
1962 12 55.0
1963 1 86.0
1963 2 105.0
1963 3 404.0
1963 4 821.0
1963 5 156.0
1963 6 610.0
1963 7 546.0
1963 8 600.0
1963 9 683.0
1963 10 911.0
1963 11 448.0
1963 12 477.0
1964 1 191.0
1964 2 134.0
1964 3 725.0
1964 4 698.0
1964 5 214.0
1964 6 786.0
1964 7 574.0
1964 8 496.0
1964 9 599.0
1964 10 1179.0
1964 11 983.0
1964 12 304.0
1965 1 223.0
1965 2 461.0
1965 3 182.0
1965 4 879.0
1965 5 573.0
1965 6 740.0
1965 7 560.0
1965 8 704.0
1965 9 833.0
1965 10 561.0
1965 11 1006.0
1965 12 784.0
1966 1 444.0
1966 2 945.0
1966 3 998.0
1966 4 805.0
1966 5 1083.0
1966 6 533.0
1966 7 701.0
1966 8 849.0
1966 9 632.0
1966 10 416.0
1966 11 549.0
1966 12 148.0
1967 1 153.0
1967 2 308.0
1967 3 234.0
1967 4 420.0
1967 5 833.0
1967 6 443.0
1967 7 540.0
1967 8 885.0
1967 9 795.0
1967 10 1576.0
1967 11 691.0
1967 12 1551.0
1968 1 476.0
1968 2 682.0
1968 3 480.0
1968 4 1102.0
1968 5 1155.0
1968 6 847.0
1968 7 1185.0
1968 8 377.0
1968 9 887.0
1968 10 1598.0
1968 11 2364.0
1968 12 310.0
1969 1 572.0
1969 2 524.0
1969 3 1837.0
1969 4 1166.0
1969 5 1404.0
1969 6 1565.0
1969 7 837.0
1969 8 1090.0
1969 9 746.0
1969 10 1806.0
1969 11 509.0
1969 12 1459.0
1970 1 280.0
1970 2 175.0
1970 3 387.0
1970 4 212.0
1970 5 1178.0
1970 6 1229.0
1970 7 1507.0
1970 8 1575.0
1970 9 857.0
1970 10 932.0
1970 11 907.0
1970 12 647.0
1971 1 322.0
1971 2 672.0
1971 3 597.0
1971 4 1116.0
1971 5 1795.0
1971 6 1681.0
1971 7 1665.0
1971 8 678.0
1971 9 1233.0
1971 10 1139.0
1971 11 2153.0
1971 12 1454.0
1972 1 528.0
1972 2 1169.0
1972 3 1212.0
1972 4 763.0
1972 5 479.0
1972 6 899.0
1972 7 1864.0
1972 8 751.0
1972 9 884.0
1972 10 1885.0
1972 11 2705.0
1972 12 870.0
1973 1 1547.0
1973 2 1883.0
1973 3 1044.0
1973 4 1984.0
1973 5 3871.0
1973 6 1301.0
1973 7 1467.0
1973 8 829.0
1973 9 1532.0
1973 10 1996.0
1973 11 952.0
1973 12 343.0
1974 1 393.0
1974 2 804.0
1974 3 482.0
1974 4 159.0
1974 5 1401.0
1974 6 1309.0
1974 7 495.0
1974 8 371.0
1974 9 420.0
1974 10 211.0
1974 11 322.0
1974 12 56.0
1975 1 172.0
1975 2 102.0
1975 3 129.0
1975 4 348.0
1975 5 1231.0
1975 6 562.0
1975 7 156.0
1975 8 238.0
1975 9 397.0
1975 10 338.0
1975 11 149.0
1975 12 263.0
1976 1 45.0
1976 2 27.0
1976 3 796.0
1976 4 369.0
1976 5 244.0
1976 6 862.0
1976 7 569.0
1976 8 831.0
1976 9 1963.0
1976 10 794.0
1976 11 568.0
1976 12 433.0
1977 1 187.0
1977 2 249.0
1977 3 750.0
1977 4 771.0
1977 5 716.0
1977 6 1351.0
1977 7 1105.0
1977 8 926.0
1977 9 1100.0
1977 10 1452.0
1977 11 508.0
1977 12 1064.0
1978 1 122.0
1978 2 383.0
1978 3 703.0
1978 4 499.0
1978 5 947.0
1978 6 433.0
1978 7 264.0
1978 8 1298.0
1978 9 1186.0
1978 10 1447.0
1978 11 828.0
1978 12 332.0
1979 1 11.0
1979 2 81.0
1979 3 2000.0
1979 4 349.0
1979 5 223.0
1979 6 316.0
1979 7 1218.0
1979 8 1050.0
1979 9 2161.0
1979 10 991.0
1979 11 349.0
1979 12 431.0
1980 1 635.0
1980 2 440.0
1980 3 194.0
1980 4 284.0
1980 5 529.0
1980 6 578.0
1980 7 857.0
1980 8 939.0
1980 9 1881.0
1980 10 1147.0
1980 11 304.0
1980 12 1232.0
1981 1 314.0
1981 2 282.0
1981 3 1388.0
1981 4 604.0
1981 5 637.0
1981 6 146.0
1981 7 82.0
1981 8 349.0
1981 9 948.0
1981 10 265.0
1981 11 256.0
1981 12 80.0
1982 1 132.0
1982 2 63.0
1982 3 491.0
1982 4 304.0
1982 5 1217.0
1982 6 571.0
1982 7 401.0
1982 8 268.0
1982 9 448.0
1982 10 128.0
1982 11 370.0
1982 12 196.0
1983 1 50.0
1983 2 70.0
1983 3 231.0
1983 4 496.0
1983 5 344.0
1983 6 509.0
1983 7 326.0
1983 8 813.0
1983 9 767.0
1983 10 541.0
1983 11 692.0
1983 12 236.0
1984 1 227.0
1984 2 214.0
1984 3 654.0
1984 4 601.0
1984 5 775.0
1984 6 743.0
1984 7 495.0
1984 8 751.0
1984 9 693.0
1984 10 751.0
1984 11 759.0
1984 12 228.0
1985 1 292.0
1985 2 105.0
1985 3 549.0
1985 4 639.0
1985 5 366.0
1985 6 1222.0
1985 7 698.0
1985 8 909.0
1985 9 490.0
1985 10 1263.0
1985 11 682.0
1985 12 1152.0
1986 1 636.0
1986 2 288.0
1986 3 639.0
1986 4 1830.0
1986 5 467.0
1986 6 580.0
1986 7 574.0
1986 8 571.0
1986 9 1098.0
1986 10 1633.0
1986 11 981.0
1986 12 1024.0
1987 1 240.0
1987 2 136.0
1987 3 838.0
1987 4 988.0
1987 5 761.0
1987 6 239.0
1987 7 433.0
1987 8 157.0
1987 9 1213.0
1987 10 491.0
1987 11 555.0
1987 12 234.0
1988 1 248.0
1988 2 43.0
1988 3 521.0
1988 4 370.0
1988 5 133.0
1988 6 319.0
1988 7 285.0
1988 8 260.0
1988 9 448.0
1988 10 122.0
1988 11 140.0
1988 12 828.0
1989 1 447.0
1989 2 472.0
1989 3 337.0
1989 4 205.0
1989 5 230.0
1989 6 153.0
1989 7 234.0
1989 8 553.0
1989 9 879.0
1989 10 929.0
1989 11 292.0
1989 12 569.0
1990 1 1024.0
1990 2 131.0
1990 3 152.0
1990 4 470.0
1990 5 351.0
1990 6 319.0
1990 7 518.0
1990 8 366.0
1990 9 207.0
1990 10 245.0
1990 11 173.0
1990 12 293.0
1991 1 83.0
1991 2 179.0
1991 3 99.0
1991 4 186.0
1991 5 382.0
1991 6 155.0
1991 7 1320.0
1991 8 250.0
1991 9 329.0
1991 10 204.0
1991 11 181.0
1991 12 357.0
1992 1 68.0
1992 2 115.0
1992 3 384.0
1992 4 177.0
1992 5 120.0
1992 6 153.0
1992 7 171.0
1992 8 557.0
1992 9 1114.0
1992 10 458.0
1992 11 387.0
1992 12 70.0
1993 1 139.0
1993 2 159.0
1993 3 295.0
1993 4 156.0
1993 5 314.0
1993 6 414.0
1993 7 280.0
1993 8 553.0
1993 9 109.0
1993 10 270.0
1993 11 222.0
1993 12 270.0
1994 1 435.0
1994 2 168.0
1994 3 336.0
1994 4 323.0
1994 5 390.0
1994 6 467.0
1994 7 367.0
1994 8 547.0
1994 9 501.0
1994 10 571.0
1994 11 352.0
1994 12 148.0
1995 1 110.0
1995 2 216.0
1995 3 337.0
1995 4 295.0
1995 5 661.0
1995 6 430.0
1995 7 916.0
1995 8 800.0
1995 9 570.0
1995 10 387.0
1995 11 388.0
1995 12 387.0
1996 1 149.0
1996 2 269.0
1996 3 282.0
1996 4 438.0
1996 5 585.0
1996 6 480.0
1996 7 753.0
1996 8 451.0
1996 9 597.0
1996 10 807.0
1996 11 932.0
1996 12 975.0
1997 1 348.0
1997 2 700.0
1997 3 374.0
1997 4 610.0
1997 5 406.0
1997 6 365.0
1997 7 394.0
1997 8 829.0
1997 9 602.0
1997 10 584.0
1997 11 553.0
1997 12 781.0
1998 1 169.0
1998 2 209.0
1998 3 737.0
1998 4 541.0
1998 5 842.0
1998 6 654.0
1998 7 173.0
1998 8 658.0
1998 9 397.0
1998 10 821.0
1998 11 523.0
1998 12 1286.0
1999 1 5.0
1999 2 146.0
1999 3 295.0
1999 4 236.0
1999 5 745.0
1999 6 460.0
1999 7 799.0
1999 8 269.0
1999 9 572.0
1999 10 680.0
1999 11 750.0
1999 12 376.0
2000 1 226.0
2000 2 215.0
2000 3 713.0
2000 4 479.0
2000 5 670.0
2000 6 272.0
2000 7 277.0
2000 8 984.0
2000 9 942.0
2000 10 433.0
2000 11 336.0
2000 12 152.0
2001 1 244.0
2001 2 306.0
2001 3 345.0
2001 4 397.0
2001 5 243.0
2001 6 526.0
2001 7 115.0
2001 8 188.0
2001 9 461.0
2001 10 842.0
2001 11 238.0
2001 12 444.0
2002 1 371.0
2002 2 198.0
2002 3 612.0
2002 4 751.0
2002 5 393.0
2002 6 338.0
2002 7 960.0
2002 8 641.0
2002 9 242.0
2002 10 450.0
2002 11 485.0
2002 12 1128.0
2003 1 58.0
2003 2 215.0
2003 3 459.0
2003 4 316.0
2003 5 434.0
2003 6 1148.0
2003 7 264.0
2003 8 717.0
2003 9 518.0
2003 10 325.0
2003 11 516.0
2003 12 506.0
2004 1 218.0
2004 2 474.0
2004 3 436.0
2004 4 688.0
2004 5 382.0
2004 6 257.0
2004 7 217.0
2004 8 266.0
2004 9 433.0
2004 10 427.0
2004 11 185.0
2004 12 751.0
2005 1 372.0
2005 2 114.0
2005 3 270.0
2005 4 519.0
2005 5 324.0
2005 6 408.0
2005 7 349.0
2005 8 581.0
2005 9 131.0
2005 10 849.0
2005 11 289.0
2005 12 371.0
2006 1 363.0
2006 2 219.0
2006 3 493.0
2006 4 237.0
2006 5 234.0
2006 6 171.0
2006 7 137.0
2006 8 85.0
2006 9 193.0
2006 10 99.0
2006 11 405.0
2006 12 355.0
2007 1 171.0
2007 2 125.0
2007 3 441.0
2007 4 344.0
2007 5 430.0
2007 6 312.0
2007 7 323.0
2007 8 136.0
2007 9 276.0
2007 10 256.0
2007 11 335.0
2007 12 85.0
2008 1 102.0
2008 2 320.0
2008 3 192.0
2008 4 241.0
2008 5 288.0
2008 6 843.0
2008 7 212.0
2008 8 525.0
2008 9 203.0
2008 10 281.0
2008 11 232.0
2008 12 255.0
2009 1 85.0
2009 2 103.0
2009 3 338.0
2009 4 86.0
2009 5 18.0
2009 6 303.0
2009 7 462.0
2009 8 85.0
2009 9 250.0
2009 10 147.0
2009 11 133.0
2009 12 158.0
2010 1 193.0
2010 2 15.0
2010 3 193.0
2010 4 288.0
2010 5 124.0
2010 6 17.0
2010 7 406.0
2010 8 62.0
2010 9 222.0
2010 10 140.0
2010 11 105.0
2010 12 85.0
2011 1 270.0
2011 2 12.0
2011 3 262.0
2011 4 29.0
2011 5 76.0
2011 6 133.0
2011 7 280.0
2011 8 363.0
2011 9 310.0
2011 10 71.0
2011 11 188.0
2011 12 297.0
2012 1 10.0
2012 2 299.0
2012 3 148.0
2012 4 315.0
2012 5 209.0
2012 6 415.0
2012 7 86.0
2012 8 198.0
2012 9 152.0
2012 10 299.0
2012 11 573.0
2012 12 96.0
2013 1 101.0
2013 2 468.0
2013 3 220.0
2013 4 240.0
2013 5 302.0
2013 6 434.0
2013 7 278.0
2013 8 414.0
2013 9 506.0
2013 10 654.0
2013 11 746.0
2013 12 663.0
2014 1 382.0
2014 2 63.0
2014 3 231.0
2014 4 278.0
2014 5 382.0
2014 6 773.0
2014 7 799.0
2014 8 197.0
2014 9 870.0
2014 10 367.0
2014 11 234.0
2014 12 365.0
2015 1 101.0
2015 2 92.0
2015 3 154.0
2015 4 358.0
2015 5 653.0
2015 6 318.0
2015 7 195.0
2015 8 698.0
2015 9 778.0
2015 10 575.0
2015 11 844.0
2015 12 485.0
2016 1 307.0
2016 2 244.0
2016 3 292.0
2016 4 242.0
2016 5 251.0
2016 6 52.0
2016 7 386.0
2016 8 412.0
2016 9 396.0
2016 10 509.0
2016 11 215.0
2016 12 232.0
2017 1 247.0
2017 2 479.0
2017 3 23.0
2017 4 446.0
2017 5 309.0
2017 6 675.0
2017 7 176.0
2017 8 151.0
2017 9 158.0
2017 10 164.0
2017 11 249.0
2017 12 298.0
2018 1 80.0
2018 2 245.0
2018 3 734.0
2018 4 674.0
2018 5 794.0
2018 6 165.0
2018 7 425.0
2018 8 430.0
2018 9 70.0
2018 10 582.0
2018 11 157.0
2018 12 86.0
2019 1 626.0
2019 2 327.0
2019 3 408.0
2019 4 449.0
2019 5 152.0
2019 6 583.0
2019 7 288.0
2019 8 514.0
2019 9 319.0
2019 10 404.0
2019 11 730.0
2019 12 185.0
2020 1 167.0
2020 2 37.0
2020 3 192.0
2020 4 714.0
2020 5 765.0
2020 6 364.0
2020 7 636.0
2020 8 131.0
2020 9 492.0
2020 10 580.0
2020 11 231.0
2020 12 227.0
2021 1 141.0
2021 2 94.0
2021 3 131.0
2021 4 286.0
2021 5 209.0
2021 6 700.0
2021 7 686.0
2021 8 574.0
2021 9 668.0
2021 10 357.0
2021 11 610.0
2021 12 1496.0
2022 1 711.0
2022 2 444.0
2022 3 784.0
2022 4 1648.0
2022 5 697.0
2022 6 150.0
2022 7 435.0
2022 8 707.0
2022 9 1226.0
2022 10 909.0
2022 11 813.0
2022 12 736.0
2023 1 709.0
2023 2 455.0
2023 3 613.0
2023 4 770.0
2023 5 809.0
2023 6 994.0
2023 7 551.0
2023 8 365.0
2023 9 900.0
2023 10 1579.0
2023 11 862.0
2023 12 588.0
2024 1 170.0
2024 2 456.0
2024 3 494.0
2024 4 290.0
2024 5 318.0
2024 6 458.0
2024 7 407.0
2024 8 584.0
