1960 5 62.0
1960 6 28.0
1960 7 34.0
1960 8 22.0
1960 9 14.0
1960 10 34.0
1960 11 34.0
1960 12 30.0
1961 1 6.0
1961 2 6.0
1961 3 68.0
1961 4 39.0
1961 5 32.0
1961 6 36.0
1961 7 18.0
1961 8 25.0
1961 9 15.0
1961 10 41.0
1961 11 38.0
1961 12 32.0
1962 1 15.0
1962 2 66.0
1962 3 28.0
1962 4 28.0
1962 5 30.0
1962 6 19.0
1962 7 35.0
1962 8 36.0
1962 9 20.0
1962 10 35.0
1962 11 42.0
1962 12 80.0
1963 1 6.0
1963 2 8.0
1963 3 35.0
1963 4 26.0
1963 5 40.0
1963 6 31.0
1963 7 10.0
1963 8 58.0
1963 9 40.0
1963 10 22.0
1963 11 53.0
1963 12 12.0
1964 1 8.0
1964 2 10.0
1964 3 66.0
1964 4 24.0
1964 5 12.0
1964 6 30.0
1964 7 38.0
1964 8 24.0
1964 9 26.0
1964 10 69.0
1964 11 58.0
1964 12 24.0
1965 1 52.0
1965 2 16.0
1965 3 44.0
1965 4 55.0
1965 5 46.0
1965 6 64.0
1965 7 58.0
1965 8 38.0
1965 9 35.0
1965 10 26.0
1965 11 44.0
1965 12 64.0
1966 1 2.0
1966 2 10.0
1966 3 38.0
1966 4 40.0
1966 5 23.0
1966 6 163.0
1966 7 26.0
1966 8 40.0
1966 9 28.0
1966 10 10.0
1966 11 30.0
1966 12 12.0
1967 1 6.0
1967 2 17.0
1967 3 52.0
1967 4 34.0
1967 5 56.0
1967 6 23.0
1967 7 30.0
1967 8 40.0
1967 9 55.0
1967 10 82.0
1967 11 92.0
1967 12 54.0
1968 1 16.0
1968 2 28.0
1968 3 50.0
1968 4 79.0
1968 5 46.0
1968 6 36.0
1968 7 90.0
1968 8 48.0
1968 9 69.0
1968 10 90.0
1968 11 67.0
1968 12 44.0
1969 1 42.0
1969 2 58.0
1969 3 41.0
1969 4 58.0
1969 5 70.0
1969 6 66.0
1969 7 14.0
1969 8 30.0
1969 9 120.0
1969 10 68.0
1969 11 118.0
1969 12 22.0
1970 1 18.0
1970 2 24.0
1970 3 31.0
1970 4 36.0
1970 5 36.0
1970 6 74.0
1970 7 30.0
1970 8 14.0
1970 9 26.0
1970 10 34.0
1970 11 170.0
1970 12 38.0
1971 1 8.0
1971 2 8.0
1971 3 36.0
1971 4 126.0
1971 5 93.0
1971 6 101.0
1971 7 147.0
1971 8 76.0
1971 9 104.0
1971 10 100.0
1971 11 44.0
1971 12 12.0
1972 1 61.0
1972 2 22.0
1972 3 30.0
1972 4 66.0
1972 5 43.0
1972 6 56.0
1972 7 74.0
1972 8 166.0
1972 9 66.0
1972 10 108.0
1972 11 22.0
1972 12 22.0
1973 1 32.0
1973 2 6.0
1973 3 100.0
1973 4 44.0
1973 5 58.0
1973 6 71.0
1973 7 30.0
1973 8 36.0
1973 9 34.0
1973 10 120.0
1973 11 85.0
1973 12 4.0
1974 1 8.0
1974 2 24.0
1974 3 38.0
1974 4 124.0
1974 5 34.0
1974 6 45.0
1974 7 103.0
1974 8 102.0
1974 9 65.0
1974 10 84.0
1974 11 60.0
1974 12 12.0
1975 1 12.0
1975 2 20.0
1975 3 24.0
1975 4 181.0
1975 5 103.0
1975 6 50.0
1975 7 154.0
1975 8 41.0
1975 9 96.0
1975 10 359.0
1975 11 71.0
1975 12 36.0
1976 1 32.0
1976 2 46.0
1976 3 161.0
1976 4 176.0
1976 5 109.0
1976 6 199.0
1976 7 76.0
1976 8 170.0
1976 9 166.0
1976 10 310.0
1976 11 208.0
1976 12 85.0
1977 1 90.0
1977 2 134.0
1977 3 340.0
1977 4 220.0
1977 5 152.0
1977 6 102.0
1977 7 267.0
1977 8 480.0
1977 9 161.0
1977 10 221.0
1977 11 222.0
1977 12 122.0
1978 1 34.0
1978 2 57.0
1978 3 152.0
1978 4 116.0
1978 5 224.0
1978 6 221.0
1978 7 76.0
1978 8 230.0
1978 9 140.0
1978 10 293.0
1978 11 177.0
1978 12 70.0
1979 1 42.0
1979 2 8.0
1979 3 205.0
1979 4 478.0
1979 5 192.0
1979 6 173.0
1979 7 126.0
1979 8 106.0
1979 9 128.0
1979 10 173.0
1979 11 83.0
1979 12 50.0
1980 1 16.0
1980 2 276.0
1980 3 164.0
1980 4 44.0
1980 5 102.0
1980 6 46.0
1980 7 74.0
1980 8 124.0
1980 9 122.0
1980 10 233.0
1980 11 177.0
1980 12 126.0
1981 1 48.0
1981 2 24.0
1981 3 61.0
1981 4 370.0
1981 5 118.0
1981 6 50.0
1981 7 36.0
1981 8 10.0
1981 9 46.0
1981 10 132.0
1981 11 188.0
1981 12 16.0
1982 1 2.0
1982 2 10.0
1982 3 16.0
1982 4 52.0
1982 5 42.0
1982 6 58.0
1982 7 34.0
1982 8 274.0
1982 9 84.0
1982 10 184.0
1982 11 76.0
1982 12 35.0
1983 1 34.0
1983 2 6.0
1983 3 80.0
1983 4 85.0
1983 5 42.0
1983 6 78.0
1983 7 112.0
1983 8 37.0
1983 9 103.0
1983 10 80.0
1983 11 26.0
1983 12 16.0
1984 1 7.0
1984 2 33.0
1984 3 25.0
1984 4 34.0
1984 5 129.0
1984 6 33.0
1984 7 22.0
1984 8 24.0
1984 9 32.0
1984 10 28.0
1984 11 26.0
1984 12 4.0
1985 1 6.0
1985 2 2.0
1985 3 16.0
1985 4 48.0
1985 5 36.0
1985 6 17.0
1985 7 37.0
1985 8 32.0
1985 9 96.0
1985 10 61.0
1985 11 21.0
1985 12 5.0
1986 1 10.0
1986 2 6.0
1986 3 59.0
1986 4 23.0
1986 5 78.0
1986 6 38.0
1986 7 39.0
1986 8 23.0
1986 9 87.0
1986 10 57.0
1986 11 8.0
1986 12 60.0
1987 1 4.0
1987 2 4.0
1987 3 4.0
1987 4 26.0
1987 5 32.0
1987 6 30.0
1987 7 68.0
1987 8 26.0
1987 9 44.0
1987 10 38.0
1987 11 24.0
1987 12 9.0
1988 1 16.0
1988 2 2.0
1988 3 34.0
1988 4 29.0
1988 5 32.0
1988 6 58.0
1988 7 43.0
1988 8 52.0
1988 9 16.0
1988 10 136.0
1988 11 259.0
1988 12 38.0
1989 1 47.0
1989 2 20.0
1989 3 45.0
1989 4 48.0
1989 5 74.0
1989 6 84.0
1989 7 80.0
1989 8 76.0
1989 9 113.0
1989 10 68.0
1989 11 14.0
1989 12 30.0
1990 1 8.0
1990 2 253.0
1990 3 45.0
1990 4 68.0
1990 5 36.0
1990 6 58.0
1990 7 53.0
1990 8 53.0
1990 9 71.0
1990 10 42.0
1990 11 37.0
1990 12 22.0
1991 1 7.0
1991 2 4.0
1991 3 9.0
1991 4 59.0
1991 5 146.0
1991 6 37.0
1991 7 27.0
1991 8 42.0
1991 9 60.0
1991 10 65.0
1991 11 17.0
1991 12 26.0
1992 1 14.0
1992 2 16.0
1992 3 45.0
1992 4 28.0
1992 5 100.0
1992 6 137.0
1992 7 39.0
1992 8 70.0
1992 9 41.0
1992 10 193.0
1992 11 86.0
1992 12 20.0
1993 1 8.0
1993 2 10.0
1993 3 32.0
1993 4 30.0
1993 5 57.0
1993 6 44.0
1993 7 69.0
1993 8 57.0
1993 9 79.0
1993 10 70.0
1993 11 45.0
1993 12 72.0
1994 1 8.0
1994 2 9.0
1994 3 65.0
1994 4 57.0
1994 5 153.0
1994 6 81.0
1994 7 48.0
1994 8 41.0
1994 9 55.0
1994 10 50.0
1994 11 174.0
1994 12 62.0
1995 1 8.0
1995 2 104.0
1995 3 68.0
1995 4 48.0
1995 5 89.0
1995 6 90.0
1995 7 34.0
1995 8 62.0
1995 9 111.0
1995 10 111.0
1995 11 56.0
1995 12 29.0
1996 1 12.0
1996 2 52.0
1996 3 18.0
1996 4 122.0
1996 5 43.0
1996 6 80.0
1996 7 109.0
1996 8 82.0
1996 9 51.0
1996 10 38.0
1996 11 4.0
1996 12 24.0
1997 1 9.0
1997 2 20.0
1997 3 42.0
1997 4 119.0
1997 5 51.0
1997 6 108.0
1997 7 36.0
1997 8 97.0
1997 9 31.0
1997 10 70.0
1997 11 92.0
1997 12 100.0
1998 1 23.0
1998 2 206.0
1998 3 33.0
1998 4 65.0
1998 5 83.0
1998 6 45.0
1998 7 71.0
1998 8 58.0
1998 9 39.0
1998 10 82.0
1998 11 73.0
1998 12 99.0
1999 1 4.0
1999 2 36.0
1999 3 62.0
1999 4 35.0
1999 5 45.0
1999 6 67.0
1999 7 46.0
1999 8 78.0
1999 9 50.0
1999 10 105.0
1999 11 86.0
1999 12 112.0
2000 1 44.0
2000 2 72.0
2000 3 65.0
2000 4 51.0
2000 5 49.0
2000 6 62.0
2000 7 54.0
2000 8 71.0
2000 9 49.0
2000 10 54.0
2000 11 109.0
2000 12 16.0
2001 1 27.0
2001 2 32.0
2001 3 50.0
2001 4 111.0
2001 5 54.0
2001 6 142.0
2001 7 34.0
2001 8 111.0
2001 9 61.0
2001 10 124.0
2001 11 43.0
2001 12 22.0
2002 1 36.0
2002 2 20.0
2002 3 35.0
2002 4 82.0
2002 5 143.0
2002 6 52.0
2002 7 84.0
2002 8 39.0
2002 9 156.0
2002 10 129.0
2002 11 44.0
2002 12 35.0
2003 1 26.0
2003 2 92.0
2003 3 30.0
2003 4 74.0
2003 5 133.0
2003 6 65.0
2003 7 43.0
2003 8 85.0
2003 9 117.0
2003 10 70.0
2003 11 42.0
2003 12 49.0
2004 1 24.0
2004 2 49.0
2004 3 32.0
2004 4 138.0
2004 5 23.0
2004 6 151.0
2004 7 46.0
2004 8 44.0
2004 9 107.0
2004 10 99.0
2004 11 60.0
2004 12 31.0
2005 1 11.0
2005 2 56.0
2005 3 91.0
2005 4 68.0
2005 5 89.0
2005 6 60.0
2005 7 131.0
2005 8 69.0
2005 9 50.0
2005 10 94.0
2005 11 69.0
2005 12 37.0
2006 1 23.0
2006 2 27.0
2006 3 38.0
2006 4 71.0
2006 5 80.0
2006 6 34.0
2006 7 42.0
2006 8 86.0
2006 9 59.0
2006 10 109.0
2006 11 37.0
2006 12 35.0
2007 1 28.0
2007 2 16.0
2007 3 35.0
2007 4 115.0
2007 5 63.0
2007 6 61.0
2007 7 27.0
2007 8 45.0
2007 9 50.0
2007 10 135.0
2007 11 46.0
2007 12 8.0
2008 1 9.0
2008 2 23.0
2008 3 54.0
2008 4 23.0
2008 5 46.0
2008 6 25.0
2008 7 64.0
2008 8 58.0
2008 9 24.0
2008 10 32.0
2008 11 6.0
2008 12 11.0
2009 1 6.0
2009 2 10.0
2009 3 21.0
2009 4 30.0
2009 5 33.0
2009 6 58.0
2009 7 33.0
2009 8 22.0
2009 9 78.0
2009 10 14.0
2009 11 15.0
2009 12 51.0
2010 1 14.0
2010 2 62.0
2010 3 42.0
2010 4 38.0
2010 5 74.0
2010 6 46.0
2010 7 16.0
2010 8 21.0
2010 9 15.0
2010 10 20.0
2010 11 42.0
2010 12 12.0
2011 1 12.0
2011 2 12.0
2011 3 31.0
2011 4 35.0
2011 5 53.0
2011 6 24.0
2011 7 31.0
2011 8 53.0
2011 9 31.0
2011 10 17.0
2011 11 31.0
2011 12 26.0
2012 1 10.0
2012 2 7.0
2012 3 15.0
2012 4 40.0
2012 5 44.0
2012 6 54.0
2012 7 34.0
2012 8 20.0
2012 9 31.0
2012 10 50.0
2012 11 43.0
2012 12 14.0
2013 1 14.0
2013 2 11.0
2013 3 30.0
2013 4 52.0
2013 5 21.0
2013 6 31.0
2013 7 34.0
2013 8 35.0
2013 9 22.0
2013 10 110.0
2013 11 25.0
2013 12 15.0
2014 1 4.0
2014 2 15.0
2014 3 51.0
2014 4 34.0
2014 5 26.0
2014 6 21.0
2014 7 150.0
2014 8 164.0
2014 9 47.0
2014 10 32.0
2014 11 19.0
2014 12 17.0
2015 1 5.0
2015 2 9.0
2015 3 40.0
2015 4 20.0
2015 5 18.0
2015 6 12.0
2015 7 40.0
2015 8 9.0
2015 9 47.0
2015 10 102.0
2015 11 26.0
2015 12 6.0
2016 1 16.0
2016 2 8.0
2016 3 40.0
2016 4 47.0
2016 5 33.0
2016 6 21.0
2016 7 30.0
2016 8 36.0
2016 9 20.0
2016 10 44.0
2016 11 67.0
2016 12 5.0
2017 1 8.0
2017 2 11.0
2017 3 17.0
2017 4 24.0
2017 5 20.0
2017 6 18.0
2017 7 23.0
2017 8 41.0
2017 9 30.0
2017 10 16.0
2017 11 30.0
2017 12 26.0
2018 1 4.0
2018 2 23.0
2018 3 13.0
2018 4 69.0
2018 5 26.0
2018 6 24.0
2018 7 6.0
2018 8 32.0
2018 9 4.0
2018 10 52.0
2018 11 6.0
2018 12 52.0
2019 1 2.0
2019 2 5.0
2019 3 8.0
2019 4 27.0
2019 5 14.0
2019 6 28.0
2019 7 82.0
2019 8 8.0
2019 9 4.0
2019 10 24.0
2019 11 9.0
2019 12 14.0
2020 1 8.0
2020 2 4.0
2020 3 27.0
2020 4 12.0
2020 5 52.0
2020 6 21.0
2020 7 22.0
2020 8 30.0
2020 9 20.0
2020 10 18.0
2020 11 50.0
2020 12 35.0
2021 1 13.0
2021 2 17.0
2021 3 58.0
2021 4 50.0
2021 5 20.0
2021 6 28.0
2021 7 52.0
2021 8 44.0
2021 9 164.0
2021 10 65.0
2021 11 60.0
2021 12 40.0
2022 1 44.0
2022 2 35.0
2022 3 92.0
2022 4 79.0
2022 5 35.0
2022 6 74.0
2022 7 75.0
2022 8 66.0
2022 9 34.0
2022 10 75.0
2022 11 58.0
2022 12 18.0
2023 1 14.0
2023 2 24.0
2023 3 62.0
2023 4 92.0
2023 5 73.0
2023 6 68.0
2023 7 95.0
2023 8 112.0
2023 9 120.0
2023 10 63.0
2023 11 44.0
2023 12 36.0
2024 1 18.0
2024 2 44.0
2024 3 67.0
2024 4 40.0
2024 5 72.0
2024 6 42.0
2024 7 53.0
2024 8 51.0
