1960 5 539.0
1960 6 572.0
1960 7 566.0
1960 8 653.0
1960 9 534.0
1960 10 479.0
1960 11 448.0
1960 12 299.0
1961 1 232.0
1961 2 245.0
1961 3 436.0
1961 4 567.0
1961 5 588.0
1961 6 565.0
1961 7 429.0
1961 8 567.0
1961 9 457.0
1961 10 562.0
1961 11 414.0
1961 12 246.0
1962 1 144.0
1962 2 213.0
1962 3 321.0
1962 4 536.0
1962 5 482.0
1962 6 501.0
1962 7 424.0
1962 8 452.0
1962 9 428.0
1962 10 537.0
1962 11 413.0
1962 12 199.0
1963 1 123.0
1963 2 145.0
1963 3 375.0
1963 4 552.0
1963 5 532.0
1963 6 525.0
1963 7 508.0
1963 8 448.0
1963 9 424.0
1963 10 521.0
1963 11 432.0
1963 12 192.0
1964 1 181.0
1964 2 320.0
1964 3 483.0
1964 4 561.0
1964 5 474.0
1964 6 534.0
1964 7 478.0
1964 8 458.0
1964 9 477.0
1964 10 530.0
1964 11 477.0
1964 12 232.0
1965 1 184.0
1965 2 212.0
1965 3 379.0
1965 4 600.0
1965 5 619.0
1965 6 658.0
1965 7 552.0
1965 8 526.0
1965 9 496.0
1965 10 535.0
1965 11 573.0
1965 12 351.0
1966 1 167.0
1966 2 213.0
1966 3 575.0
1966 4 593.0
1966 5 558.0
1966 6 475.0
1966 7 392.0
1966 8 424.0
1966 9 295.0
1966 10 310.0
1966 11 341.0
1966 12 202.0
1967 1 135.0
1967 2 202.0
1967 3 506.0
1967 4 460.0
1967 5 527.0
1967 6 517.0
1967 7 483.0
1967 8 499.0
1967 9 443.0
1967 10 599.0
1967 11 424.0
1967 12 334.0
1968 1 157.0
1968 2 249.0
1968 3 485.0
1968 4 563.0
1968 5 804.0
1968 6 661.0
1968 7 728.0
1968 8 678.0
1968 9 697.0
1968 10 938.0
1968 11 677.0
1968 12 408.0
1969 1 193.0
1969 2 203.0
1969 3 550.0
1969 4 897.0
1969 5 818.0
1969 6 858.0
1969 7 857.0
1969 8 564.0
1969 9 554.0
1969 10 690.0
1969 11 525.0
1969 12 367.0
1970 1 154.0
1970 2 374.0
1970 3 496.0
1970 4 604.0
1970 5 653.0
1970 6 810.0
1970 7 591.0
1970 8 518.0
1970 9 686.0
1970 10 614.0
1970 11 602.0
1970 12 334.0
1971 1 123.0
1971 2 177.0
1971 3 592.0
1971 4 857.0
1971 5 913.0
1971 6 841.0
1971 7 757.0
1971 8 745.0
1971 9 745.0
1971 10 627.0
1971 11 595.0
1971 12 353.0
1972 1 208.0
1972 2 178.0
1972 3 623.0
1972 4 915.0
1972 5 862.0
1972 6 986.0
1972 7 714.0
1972 8 784.0
1972 9 705.0
1972 10 744.0
1972 11 547.0
1972 12 693.0
1973 1 230.0
1973 2 313.0
1973 3 641.0
1973 4 987.0
1973 5 831.0
1973 6 698.0
1973 7 609.0
1973 8 730.0
1973 9 562.0
1973 10 667.0
1973 11 509.0
1973 12 166.0
1974 1 157.0
1974 2 193.0
1974 3 638.0
1974 4 886.0
1974 5 766.0
1974 6 778.0
1974 7 732.0
1974 8 736.0
1974 9 732.0
1974 10 792.0
1974 11 506.0
1974 12 253.0
1975 1 162.0
1975 2 177.0
1975 3 498.0
1975 4 1107.0
1975 5 858.0
1975 6 978.0
1975 7 748.0
1975 8 953.0
1975 9 1015.0
1975 10 1227.0
1975 11 667.0
1975 12 586.0
1976 1 258.0
1976 2 454.0
1976 3 1183.0
1976 4 1174.0
1976 5 1023.0
1976 6 1444.0
1976 7 1050.0
1976 8 1051.0
1976 9 1144.0
1976 10 1182.0
1976 11 1116.0
1976 12 439.0
1977 1 173.0
1977 2 502.0
1977 3 1357.0
1977 4 1710.0
1977 5 1534.0
1977 6 1349.0
1977 7 1207.0
1977 8 1373.0
1977 9 1187.0
1977 10 1358.0
1977 11 1024.0
1977 12 523.0
1978 1 314.0
1978 2 277.0
1978 3 1117.0
1978 4 1149.0
1978 5 1263.0
1978 6 1226.0
1978 7 908.0
1978 8 999.0
1978 9 1025.0
1978 10 918.0
1978 11 651.0
1978 12 481.0
1979 1 106.0
1979 2 156.0
1979 3 541.0
1979 4 1045.0
1979 5 1088.0
1979 6 1029.0
1979 7 726.0
1979 8 819.0
1979 9 634.0
1979 10 807.0
1979 11 384.0
1979 12 288.0
1980 1 117.0
1980 2 149.0
1980 3 223.0
1980 4 330.0
1980 5 385.0
1980 6 391.0
1980 7 563.0
1980 8 579.0
1980 9 537.0
1980 10 644.0
1980 11 423.0
1980 12 278.0
1981 1 111.0
1981 2 95.0
1981 3 263.0
1981 4 385.0
1981 5 490.0
1981 6 350.0
1981 7 312.0
1981 8 265.0
1981 9 280.0
1981 10 281.0
1981 11 241.0
1981 12 144.0
1982 1 25.0
1982 2 51.0
1982 3 157.0
1982 4 363.0
1982 5 193.0
1982 6 348.0
1982 7 257.0
1982 8 351.0
1982 9 306.0
1982 10 385.0
1982 11 206.0
1982 12 120.0
1983 1 41.0
1983 2 69.0
1983 3 241.0
1983 4 402.0
1983 5 507.0
1983 6 522.0
1983 7 385.0
1983 8 494.0
1983 9 491.0
1983 10 437.0
1983 11 281.0
1983 12 114.0
1984 1 106.0
1984 2 173.0
1984 3 314.0
1984 4 403.0
1984 5 478.0
1984 6 463.0
1984 7 389.0
1984 8 294.0
1984 9 341.0
1984 10 408.0
1984 11 292.0
1984 12 122.0
1985 1 82.0
1985 2 46.0
1985 3 328.0
1985 4 369.0
1985 5 399.0
1985 6 377.0
1985 7 331.0
1985 8 323.0
1985 9 244.0
1985 10 321.0
1985 11 163.0
1985 12 72.0
1986 1 69.0
1986 2 62.0
1986 3 251.0
1986 4 409.0
1986 5 381.0
1986 6 376.0
1986 7 337.0
1986 8 379.0
1986 9 398.0
1986 10 354.0
1986 11 212.0
1986 12 129.0
1987 1 113.0
1987 2 231.0
1987 3 388.0
1987 4 439.0
1987 5 420.0
1987 6 405.0
1987 7 408.0
1987 8 344.0
1987 9 367.0
1987 10 415.0
1987 11 281.0
1987 12 177.0
1988 1 71.0
1988 2 110.0
1988 3 436.0
1988 4 592.0
1988 5 504.0
1988 6 486.0
1988 7 386.0
1988 8 482.0
1988 9 492.0
1988 10 402.0
1988 11 368.0
1988 12 220.0
1989 1 156.0
1989 2 169.0
1989 3 406.0
1989 4 561.0
1989 5 519.0
1989 6 569.0
1989 7 434.0
1989 8 522.0
1989 9 505.0
1989 10 539.0
1989 11 412.0
1989 12 179.0
1990 1 213.0
1990 2 223.0
1990 3 577.0
1990 4 608.0
1990 5 625.0
1990 6 535.0
1990 7 483.0
1990 8 585.0
1990 9 432.0
1990 10 526.0
1990 11 389.0
1990 12 179.0
1991 1 85.0
1991 2 250.0
1991 3 511.0
1991 4 684.0
1991 5 637.0
1991 6 596.0
1991 7 712.0
1991 8 640.0
1991 9 607.0
1991 10 688.0
1991 11 675.0
1991 12 274.0
1992 1 287.0
1992 2 419.0
1992 3 792.0
1992 4 719.0
1992 5 693.0
1992 6 764.0
1992 7 697.0
1992 8 663.0
1992 9 707.0
1992 10 781.0
1992 11 531.0
1992 12 329.0
1993 1 242.0
1993 2 233.0
1993 3 664.0
1993 4 824.0
1993 5 814.0
1993 6 831.0
1993 7 678.0
1993 8 822.0
1993 9 778.0
1993 10 815.0
1993 11 663.0
1993 12 474.0
1994 1 188.0
1994 2 254.0
1994 3 916.0
1994 4 1090.0
1994 5 919.0
1994 6 790.0
1994 7 722.0
1994 8 730.0
1994 9 657.0
1994 10 659.0
1994 11 524.0
1994 12 374.0
1995 1 158.0
1995 2 335.0
1995 3 584.0
1995 4 774.0
1995 5 743.0
1995 6 703.0
1995 7 818.0
1995 8 692.0
1995 9 665.0
1995 10 724.0
1995 11 547.0
1995 12 356.0
1996 1 218.0
1996 2 423.0
1996 3 774.0
1996 4 1119.0
1996 5 899.0
1996 6 732.0
1996 7 795.0
1996 8 793.0
1996 9 752.0
1996 10 751.0
1996 11 492.0
1996 12 352.0
1997 1 194.0
1997 2 208.0
1997 3 611.0
1997 4 1183.0
1997 5 829.0
1997 6 902.0
1997 7 765.0
1997 8 759.0
1997 9 684.0
1997 10 812.0
1997 11 554.0
1997 12 320.0
1998 1 248.0
1998 2 389.0
1998 3 763.0
1998 4 929.0
1998 5 929.0
1998 6 871.0
1998 7 971.0
1998 8 759.0
1998 9 846.0
1998 10 909.0
1998 11 704.0
1998 12 645.0
1999 1 341.0
1999 2 557.0
1999 3 1001.0
1999 4 1039.0
1999 5 898.0
1999 6 958.0
1999 7 1051.0
1999 8 1141.0
1999 9 842.0
1999 10 757.0
1999 11 849.0
1999 12 479.0
2000 1 347.0
2000 2 474.0
2000 3 1066.0
2000 4 878.0
2000 5 1105.0
2000 6 783.0
2000 7 643.0
2000 8 886.0
2000 9 793.0
2000 10 730.0
2000 11 617.0
2000 12 262.0
2001 1 396.0
2001 2 300.0
2001 3 818.0
2001 4 997.0
2001 5 1066.0
2001 6 865.0
2001 7 818.0
2001 8 766.0
2001 9 737.0
2001 10 924.0
2001 11 777.0
2001 12 490.0
2002 1 417.0
2002 2 538.0
2002 3 866.0
2002 4 1035.0
2002 5 1083.0
2002 6 897.0
2002 7 846.0
2002 8 819.0
2002 9 860.0
2002 10 922.0
2002 11 894.0
2002 12 750.0
2003 1 446.0
2003 2 403.0
2003 3 1129.0
2003 4 1426.0
2003 5 1297.0
2003 6 1368.0
2003 7 1399.0
2003 8 1095.0
2003 9 1078.0
2003 10 1199.0
2003 11 1019.0
2003 12 644.0
2004 1 466.0
2004 2 428.0
2004 3 1211.0
2004 4 1368.0
2004 5 1391.0
2004 6 1303.0
2004 7 1109.0
2004 8 1074.0
2004 9 1047.0
2004 10 1084.0
2004 11 1015.0
2004 12 708.0
2005 1 433.0
2005 2 644.0
2005 3 1262.0
2005 4 1331.0
2005 5 1194.0
2005 6 1339.0
2005 7 1168.0
2005 8 1264.0
2005 9 1263.0
2005 10 1339.0
2005 11 1072.0
2005 12 505.0
2006 1 581.0
2006 2 597.0
2006 3 1046.0
2006 4 1024.0
2006 5 1116.0
2006 6 1011.0
2006 7 915.0
2006 8 843.0
2006 9 827.0
2006 10 945.0
2006 11 620.0
2006 12 504.0
2007 1 410.0
2007 2 319.0
2007 3 785.0
2007 4 933.0
2007 5 950.0
2007 6 970.0
2007 7 853.0
2007 8 804.0
2007 9 726.0
2007 10 728.0
2007 11 602.0
2007 12 302.0
2008 1 263.0
2008 2 254.0
2008 3 542.0
2008 4 712.0
2008 5 738.0
2008 6 474.0
2008 7 499.0
2008 8 509.0
2008 9 573.0
2008 10 542.0
2008 11 304.0
2008 12 155.0
2009 1 117.0
2009 2 173.0
2009 3 382.0
2009 4 525.0
2009 5 560.0
2009 6 636.0
2009 7 608.0
2009 8 566.0
2009 9 559.0
2009 10 500.0
2009 11 455.0
2009 12 288.0
2010 1 181.0
2010 2 270.0
2010 3 626.0
2010 4 680.0
2010 5 546.0
2010 6 700.0
2010 7 496.0
2010 8 463.0
2010 9 514.0
2010 10 578.0
2010 11 600.0
2010 12 320.0
2011 1 116.0
2011 2 192.0
2011 3 595.0
2011 4 548.0
2011 5 613.0
2011 6 637.0
2011 7 466.0
2011 8 711.0
2011 9 431.0
2011 10 536.0
2011 11 400.0
2011 12 377.0
2012 1 180.0
2012 2 293.0
2012 3 628.0
2012 4 693.0
2012 5 745.0
2012 6 692.0
2012 7 744.0
2012 8 787.0
2012 9 598.0
2012 10 907.0
2012 11 602.0
2012 12 303.0
2013 1 307.0
2013 2 320.0
2013 3 609.0
2013 4 802.0
2013 5 796.0
2013 6 645.0
2013 7 855.0
2013 8 915.0
2013 9 677.0
2013 10 890.0
2013 11 728.0
2013 12 258.0
2014 1 239.0
2014 2 147.0
2014 3 595.0
2014 4 903.0
2014 5 718.0
2014 6 827.0
2014 7 705.0
2014 8 631.0
2014 9 685.0
2014 10 784.0
2014 11 539.0
2014 12 381.0
2015 1 236.0
2015 2 258.0
2015 3 677.0
2015 4 645.0
2015 5 774.0
2015 6 774.0
2015 7 714.0
2015 8 637.0
2015 9 600.0
2015 10 653.0
2015 11 424.0
2015 12 370.0
2016 1 154.0
2016 2 350.0
2016 3 899.0
2016 4 748.0
2016 5 724.0
2016 6 857.0
2016 7 469.0
2016 8 1267.0
2016 9 848.0
2016 10 844.0
2016 11 671.0
2016 12 472.0
2017 1 249.0
2017 2 551.0
2017 3 890.0
2017 4 716.0
2017 5 673.0
2017 6 750.0
2017 7 602.0
2017 8 769.0
2017 9 916.0
2017 10 1154.0
2017 11 973.0
2017 12 379.0
2018 1 232.0
2018 2 332.0
2018 3 790.0
2018 4 782.0
2018 5 873.0
2018 6 769.0
2018 7 826.0
2018 8 844.0
2018 9 626.0
2018 10 826.0
2018 11 565.0
2018 12 354.0
2019 1 287.0
2019 2 243.0
2019 3 532.0
2019 4 949.0
2019 5 937.0
2019 6 828.0
2019 7 731.0
2019 8 973.0
2019 9 979.0
2019 10 1014.0
2019 11 595.0
2019 12 408.0
2020 1 384.0
2020 2 425.0
2020 3 678.0
2020 4 682.0
2020 5 794.0
2020 6 1070.0
2020 7 1236.0
2020 8 905.0
2020 9 1077.0
2020 10 927.0
2020 11 803.0
2020 12 733.0
2021 1 471.0
2021 2 592.0
2021 3 1252.0
2021 4 1137.0
2021 5 868.0
2021 6 946.0
2021 7 745.0
2021 8 884.0
2021 9 899.0
2021 10 969.0
2021 11 803.0
2021 12 632.0
2022 1 401.0
2022 2 533.0
2022 3 855.0
2022 4 904.0
2022 5 857.0
2022 6 732.0
2022 7 676.0
2022 8 665.0
2022 9 711.0
2022 10 601.0
2022 11 368.0
2022 12 325.0
2023 1 207.0
2023 2 363.0
2023 3 615.0
2023 4 766.0
2023 5 782.0
2023 6 720.0
2023 7 616.0
2023 8 788.0
2023 9 559.0
2023 10 685.0
2023 11 744.0
2023 12 448.0
2024 1 360.0
2024 2 562.0
2024 3 753.0
2024 4 769.0
2024 5 712.0
2024 6 656.0
2024 7 572.0
2024 8 640.0
