1960 5 89.0
1960 6 220.0
1960 7 34.0
1960 8 37.0
1960 9 22.0
1960 10 34.0
1960 11 69.0
1960 12 35.0
1961 1 27.0
1961 2 14.0
1961 3 68.0
1961 4 87.0
1961 5 32.0
1961 6 74.0
1961 7 54.0
1961 8 38.0
1961 9 31.0
1961 10 64.0
1961 11 129.0
1961 12 58.0
1962 1 20.0
1962 2 93.0
1962 3 130.0
1962 4 58.0
1962 5 120.0
1962 6 32.0
1962 7 35.0
1962 8 36.0
1962 9 208.0
1962 10 59.0
1962 11 77.0
1962 12 289.0
1963 1 6.0
1963 2 8.0
1963 3 105.0
1963 4 100.0
1963 5 85.0
1963 6 66.0
1963 7 24.0
1963 8 66.0
1963 9 94.0
1963 10 87.0
1963 11 181.0
1963 12 32.0
1964 1 153.0
1964 2 10.0
1964 3 125.0
1964 4 214.0
1964 5 53.0
1964 6 290.0
1964 7 140.0
1964 8 287.0
1964 9 296.0
1964 10 314.0
1964 11 390.0
1964 12 87.0
1965 1 189.0
1965 2 40.0
1965 3 306.0
1965 4 564.0
1965 5 288.0
1965 6 132.0
1965 7 342.0
1965 8 653.0
1965 9 567.0
1965 10 330.0
1965 11 508.0
1965 12 582.0
1966 1 133.0
1966 2 87.0
1966 3 158.0
1966 4 353.0
1966 5 254.0
1966 6 263.0
1966 7 151.0
1966 8 158.0
1966 9 136.0
1966 10 97.0
1966 11 280.0
1966 12 162.0
1967 1 70.0
1967 2 129.0
1967 3 137.0
1967 4 198.0
1967 5 586.0
1967 6 213.0
1967 7 234.0
1967 8 282.0
1967 9 402.0
1967 10 405.0
1967 11 708.0
1967 12 519.0
1968 1 38.0
1968 2 230.0
1968 3 267.0
1968 4 637.0
1968 5 512.0
1968 6 292.0
1968 7 327.0
1968 8 71.0
1968 9 389.0
1968 10 428.0
1968 11 425.0
1968 12 262.0
1969 1 170.0
1969 2 120.0
1969 3 244.0
1969 4 503.0
1969 5 292.0
1969 6 352.0
1969 7 617.0
1969 8 185.0
1969 9 408.0
1969 10 478.0
1969 11 375.0
1969 12 308.0
1970 1 42.0
1970 2 149.0
1970 3 237.0
1970 4 510.0
1970 5 434.0
1970 6 933.0
1970 7 417.0
1970 8 170.0
1970 9 170.0
1970 10 404.0
1970 11 644.0
1970 12 342.0
1971 1 176.0
1971 2 82.0
1971 3 207.0
1971 4 496.0
1971 5 293.0
1971 6 351.0
1971 7 498.0
1971 8 401.0
1971 9 608.0
1971 10 1291.0
1971 11 610.0
1971 12 591.0
1972 1 202.0
1972 2 40.0
1972 3 495.0
1972 4 430.0
1972 5 717.0
1972 6 993.0
1972 7 377.0
1972 8 415.0
1972 9 748.0
1972 10 443.0
1972 11 193.0
1972 12 131.0
1973 1 187.0
1973 2 240.0
1973 3 609.0
1973 4 453.0
1973 5 547.0
1973 6 939.0
1973 7 236.0
1973 8 136.0
1973 9 374.0
1973 10 485.0
1973 11 551.0
1973 12 359.0
1974 1 266.0
1974 2 296.0
1974 3 454.0
1974 4 358.0
1974 5 391.0
1974 6 173.0
1974 7 484.0
1974 8 445.0
1974 9 237.0
1974 10 173.0
1974 11 388.0
1974 12 674.0
1975 1 12.0
1975 2 36.0
1975 3 516.0
1975 4 607.0
1975 5 365.0
1975 6 274.0
1975 7 858.0
1975 8 361.0
1975 9 801.0
1975 10 773.0
1975 11 297.0
1975 12 399.0
1976 1 112.0
1976 2 157.0
1976 3 1153.0
1976 4 660.0
1976 5 196.0
1976 6 696.0
1976 7 481.0
1976 8 669.0
1976 9 1086.0
1976 10 1405.0
1976 11 798.0
1976 12 661.0
1977 1 229.0
1977 2 219.0
1977 3 643.0
1977 4 570.0
1977 5 808.0
1977 6 733.0
1977 7 495.0
1977 8 1072.0
1977 9 946.0
1977 10 729.0
1977 11 318.0
1977 12 504.0
1978 1 85.0
1978 2 223.0
1978 3 571.0
1978 4 470.0
1978 5 548.0
1978 6 600.0
1978 7 485.0
1978 8 519.0
1978 9 565.0
1978 10 865.0
1978 11 345.0
1978 12 397.0
1979 1 259.0
1979 2 34.0
1979 3 578.0
1979 4 891.0
1979 5 754.0
1979 6 538.0
1979 7 298.0
1979 8 298.0
1979 9 444.0
1979 10 466.0
1979 11 374.0
1979 12 149.0
1980 1 92.0
1980 2 407.0
1980 3 238.0
1980 4 50.0
1980 5 204.0
1980 6 239.0
1980 7 192.0
1980 8 299.0
1980 9 655.0
1980 10 672.0
1980 11 323.0
1980 12 247.0
1981 1 156.0
1981 2 40.0
1981 3 138.0
1981 4 494.0
1981 5 226.0
1981 6 74.0
1981 7 58.0
1981 8 30.0
1981 9 138.0
1981 10 321.0
1981 11 220.0
1981 12 107.0
1982 1 102.0
1982 2 74.0
1982 3 56.0
1982 4 149.0
1982 5 126.0
1982 6 180.0
1982 7 398.0
1982 8 386.0
1982 9 385.0
1982 10 242.0
1982 11 178.0
1982 12 104.0
1983 1 127.0
1983 2 29.0
1983 3 298.0
1983 4 370.0
1983 5 208.0
1983 6 287.0
1983 7 256.0
1983 8 344.0
1983 9 294.0
1983 10 227.0
1983 11 139.0
1983 12 191.0
1984 1 324.0
1984 2 216.0
1984 3 139.0
1984 4 216.0
1984 5 207.0
1984 6 186.0
1984 7 119.0
1984 8 363.0
1984 9 194.0
1984 10 366.0
1984 11 290.0
1984 12 174.0
1985 1 272.0
1985 2 2.0
1985 3 94.0
1985 4 230.0
1985 5 316.0
1985 6 219.0
1985 7 116.0
1985 8 302.0
1985 9 281.0
1985 10 275.0
1985 11 298.0
1985 12 93.0
1986 1 20.0
1986 2 103.0
1986 3 496.0
1986 4 239.0
1986 5 350.0
1986 6 217.0
1986 7 187.0
1986 8 144.0
1986 9 229.0
1986 10 305.0
1986 11 253.0
1986 12 89.0
1987 1 85.0
1987 2 35.0
1987 3 285.0
1987 4 128.0
1987 5 235.0
1987 6 297.0
1987 7 335.0
1987 8 49.0
1987 9 202.0
1987 10 515.0
1987 11 139.0
1987 12 169.0
1988 1 50.0
1988 2 7.0
1988 3 241.0
1988 4 37.0
1988 5 112.0
1988 6 419.0
1988 7 143.0
1988 8 60.0
1988 9 158.0
1988 10 373.0
1988 11 377.0
1988 12 194.0
1989 1 176.0
1989 2 20.0
1989 3 350.0
1989 4 169.0
1989 5 172.0
1989 6 339.0
1989 7 185.0
1989 8 329.0
1989 9 240.0
1989 10 299.0
1989 11 208.0
1989 12 120.0
1990 1 224.0
1990 2 387.0
1990 3 173.0
1990 4 253.0
1990 5 166.0
1990 6 171.0
1990 7 139.0
1990 8 267.0
1990 9 235.0
1990 10 94.0
1990 11 234.0
1990 12 79.0
1991 1 43.0
1991 2 4.0
1991 3 339.0
1991 4 163.0
1991 5 402.0
1991 6 203.0
1991 7 360.0
1991 8 115.0
1991 9 323.0
1991 10 164.0
1991 11 78.0
1991 12 224.0
1992 1 200.0
1992 2 50.0
1992 3 392.0
1992 4 167.0
1992 5 302.0
1992 6 393.0
1992 7 677.0
1992 8 363.0
1992 9 280.0
1992 10 359.0
1992 11 145.0
1992 12 197.0
1993 1 133.0
1993 2 67.0
1993 3 266.0
1993 4 188.0
1993 5 241.0
1993 6 83.0
1993 7 129.0
1993 8 217.0
1993 9 468.0
1993 10 521.0
1993 11 669.0
1993 12 227.0
1994 1 201.0
1994 2 139.0
1994 3 206.0
1994 4 686.0
1994 5 333.0
1994 6 298.0
1994 7 461.0
1994 8 273.0
1994 9 284.0
1994 10 601.0
1994 11 283.0
1994 12 897.0
1995 1 56.0
1995 2 212.0
1995 3 176.0
1995 4 378.0
1995 5 432.0
1995 6 326.0
1995 7 275.0
1995 8 195.0
1995 9 221.0
1995 10 765.0
1995 11 367.0
1995 12 139.0
1996 1 17.0
1996 2 171.0
1996 3 417.0
1996 4 383.0
1996 5 154.0
1996 6 241.0
1996 7 201.0
1996 8 418.0
1996 9 213.0
1996 10 173.0
1996 11 221.0
1996 12 1044.0
1997 1 105.0
1997 2 66.0
1997 3 574.0
1997 4 646.0
1997 5 356.0
1997 6 342.0
1997 7 308.0
1997 8 557.0
1997 9 276.0
1997 10 386.0
1997 11 211.0
1997 12 312.0
1998 1 417.0
1998 2 393.0
1998 3 181.0
1998 4 175.0
1998 5 552.0
1998 6 245.0
1998 7 247.0
1998 8 596.0
1998 9 580.0
1998 10 671.0
1998 11 173.0
1998 12 619.0
1999 1 140.0
1999 2 70.0
1999 3 220.0
1999 4 216.0
1999 5 251.0
1999 6 368.0
1999 7 178.0
1999 8 210.0
1999 9 282.0
1999 10 272.0
1999 11 568.0
1999 12 421.0
2000 1 170.0
2000 2 245.0
2000 3 358.0
2000 4 413.0
2000 5 96.0
2000 6 794.0
2000 7 611.0
2000 8 319.0
2000 9 91.0
2000 10 219.0
2000 11 242.0
2000 12 184.0
2001 1 108.0
2001 2 336.0
2001 3 213.0
2001 4 258.0
2001 5 370.0
2001 6 273.0
2001 7 34.0
2001 8 215.0
2001 9 265.0
2001 10 705.0
2001 11 276.0
2001 12 503.0
2002 1 365.0
2002 2 728.0
2002 3 229.0
2002 4 443.0
2002 5 291.0
2002 6 260.0
2002 7 265.0
2002 8 315.0
2002 9 536.0
2002 10 471.0
2002 11 142.0
2002 12 299.0
2003 1 60.0
2003 2 414.0
2003 3 231.0
2003 4 432.0
2003 5 391.0
2003 6 218.0
2003 7 360.0
2003 8 298.0
2003 9 325.0
2003 10 190.0
2003 11 318.0
2003 12 500.0
2004 1 334.0
2004 2 111.0
2004 3 296.0
2004 4 488.0
2004 5 78.0
2004 6 271.0
2004 7 199.0
2004 8 254.0
2004 9 359.0
2004 10 427.0
2004 11 326.0
2004 12 91.0
2005 1 106.0
2005 2 252.0
2005 3 482.0
2005 4 558.0
2005 5 327.0
2005 6 241.0
2005 7 441.0
2005 8 238.0
2005 9 479.0
2005 10 275.0
2005 11 410.0
2005 12 103.0
2006 1 205.0
2006 2 180.0
2006 3 133.0
2006 4 125.0
2006 5 199.0
2006 6 509.0
2006 7 247.0
2006 8 170.0
2006 9 116.0
2006 10 349.0
2006 11 346.0
2006 12 229.0
2007 1 72.0
2007 2 29.0
2007 3 401.0
2007 4 290.0
2007 5 220.0
2007 6 220.0
2007 7 311.0
2007 8 51.0
2007 9 334.0
2007 10 198.0
2007 11 151.0
2007 12 74.0
2008 1 241.0
2008 2 23.0
2008 3 88.0
2008 4 136.0
2008 5 101.0
2008 6 255.0
2008 7 130.0
2008 8 154.0
2008 9 156.0
2008 10 514.0
2008 11 234.0
2008 12 99.0
2009 1 21.0
2009 2 10.0
2009 3 33.0
2009 4 30.0
2009 5 57.0
2009 6 165.0
2009 7 156.0
2009 8 27.0
2009 9 335.0
2009 10 547.0
2009 11 136.0
2009 12 179.0
2010 1 14.0
2010 2 80.0
2010 3 194.0
2010 4 192.0
2010 5 135.0
2010 6 95.0
2010 7 171.0
2010 8 62.0
2010 9 178.0
2010 10 90.0
2010 11 134.0
2010 12 188.0
2011 1 57.0
2011 2 24.0
2011 3 128.0
2011 4 553.0
2011 5 78.0
2011 6 131.0
2011 7 93.0
2011 8 214.0
2011 9 221.0
2011 10 121.0
2011 11 179.0
2011 12 127.0
2012 1 92.0
2012 2 72.0
2012 3 177.0
2012 4 122.0
2012 5 408.0
2012 6 165.0
2012 7 92.0
2012 8 369.0
2012 9 439.0
2012 10 256.0
2012 11 343.0
2012 12 169.0
2013 1 24.0
2013 2 117.0
2013 3 103.0
2013 4 203.0
2013 5 315.0
2013 6 134.0
2013 7 281.0
2013 8 320.0
2013 9 221.0
2013 10 857.0
2013 11 308.0
2013 12 112.0
2014 1 70.0
2014 2 149.0
2014 3 197.0
2014 4 593.0
2014 5 155.0
2014 6 257.0
2014 7 249.0
2014 8 331.0
2014 9 824.0
2014 10 349.0
2014 11 244.0
2014 12 156.0
2015 1 13.0
2015 2 197.0
2015 3 157.0
2015 4 167.0
2015 5 431.0
2015 6 360.0
2015 7 87.0
2015 8 257.0
2015 9 661.0
2015 10 368.0
2015 11 370.0
2015 12 260.0
2016 1 536.0
2016 2 110.0
2016 3 256.0
2016 4 601.0
2016 5 236.0
2016 6 344.0
2016 7 233.0
2016 8 850.0
2016 9 480.0
2016 10 338.0
2016 11 777.0
2016 12 376.0
2017 1 167.0
2017 2 227.0
2017 3 488.0
2017 4 349.0
2017 5 476.0
2017 6 463.0
2017 7 313.0
2017 8 805.0
2017 9 142.0
2017 10 274.0
2017 11 272.0
2017 12 621.0
2018 1 227.0
2018 2 74.0
2018 3 235.0
2018 4 512.0
2018 5 406.0
2018 6 440.0
2018 7 539.0
2018 8 172.0
2018 9 110.0
2018 10 626.0
2018 11 194.0
2018 12 63.0
2019 1 138.0
2019 2 5.0
2019 3 85.0
2019 4 51.0
2019 5 176.0
2019 6 599.0
2019 7 311.0
2019 8 436.0
2019 9 58.0
2019 10 685.0
2019 11 79.0
2019 12 98.0
2020 1 127.0
2020 2 13.0
2020 3 301.0
2020 4 176.0
2020 5 157.0
2020 6 347.0
2020 7 248.0
2020 8 312.0
2020 9 267.0
2020 10 254.0
2020 11 262.0
2020 12 382.0
2021 1 23.0
2021 2 181.0
2021 3 578.0
2021 4 766.0
2021 5 76.0
2021 6 413.0
2021 7 371.0
2021 8 139.0
2021 9 420.0
2021 10 588.0
2021 11 441.0
2021 12 84.0
2022 1 162.0
2022 2 68.0
2022 3 228.0
2022 4 676.0
2022 5 400.0
2022 6 749.0
2022 7 166.0
2022 8 598.0
2022 9 463.0
2022 10 608.0
2022 11 586.0
2022 12 386.0
2023 1 148.0
2023 2 275.0
2023 3 433.0
2023 4 158.0
2023 5 545.0
2023 6 395.0
2023 7 201.0
2023 8 188.0
2023 9 372.0
2023 10 227.0
2023 11 126.0
2023 12 412.0
2024 1 212.0
2024 2 146.0
2024 3 164.0
2024 4 125.0
2024 5 137.0
2024 6 405.0
2024 7 712.0
2024 8 502.0
