1960 5 27.0
1960 6 192.0
1960 7 103.5
1960 8 15.0
1960 9 8.0
1960 10 21.5
1960 11 35.0
1960 12 5.0
1961 1 21.0
1961 2 8.0
1961 3 28.0
1961 4 48.0
1961 5 43.0
1961 6 38.0
1961 7 36.0
1961 8 13.0
1961 9 16.0
1961 10 23.0
1961 11 91.0
1961 12 26.0
1962 1 5.0
1962 2 27.0
1962 3 102.0
1962 4 30.0
1962 5 90.0
1962 6 13.0
1962 7 71.33333333333334
1962 8 129.66666666666669
1962 9 188.0
1962 10 24.0
1962 11 35.0
1962 12 209.0
1963 1 162.66666666666666
1963 2 116.33333333333333
1963 3 70.0
1963 4 74.0
1963 5 45.0
1963 6 35.0
1963 7 14.0
1963 8 8.0
1963 9 54.0
1963 10 65.0
1963 11 128.0
1963 12 20.0
1964 1 145.0
1964 2 102.0
1964 3 59.0
1964 4 190.0
1964 5 41.0
1964 6 260.0
1964 7 102.0
1964 8 263.0
1964 9 270.0
1964 10 245.0
1964 11 332.0
1964 12 63.0
1965 1 137.0
1965 2 24.0
1965 3 262.0
1965 4 509.0
1965 5 242.0
1965 6 68.0
1965 7 284.0
1965 8 615.0
1965 9 532.0
1965 10 304.0
1965 11 464.0
1965 12 518.0
1966 1 131.0
1966 2 77.0
1966 3 120.0
1966 4 313.0
1966 5 231.0
1966 6 100.0
1966 7 125.0
1966 8 118.0
1966 9 108.0
1966 10 87.0
1966 11 250.0
1966 12 150.0
1967 1 64.0
1967 2 112.0
1967 3 85.0
1967 4 164.0
1967 5 530.0
1967 6 190.0
1967 7 204.0
1967 8 242.0
1967 9 347.0
1967 10 323.0
1967 11 616.0
1967 12 465.0
1968 1 22.0
1968 2 202.0
1968 3 217.0
1968 4 558.0
1968 5 466.0
1968 6 256.0
1968 7 237.0
1968 8 23.0
1968 9 320.0
1968 10 338.0
1968 11 358.0
1968 12 218.0
1969 1 128.0
1969 2 62.0
1969 3 203.0
1969 4 445.0
1969 5 222.0
1969 6 286.0
1969 7 603.0
1969 8 155.0
1969 9 288.0
1969 10 410.0
1969 11 257.0
1969 12 286.0
1970 1 24.0
1970 2 125.0
1970 3 206.0
1970 4 474.0
1970 5 398.0
1970 6 859.0
1970 7 387.0
1970 8 156.0
1970 9 144.0
1970 10 370.0
1970 11 474.0
1970 12 304.0
1971 1 168.0
1971 2 74.0
1971 3 171.0
1971 4 370.0
1971 5 200.0
1971 6 250.0
1971 7 351.0
1971 8 325.0
1971 9 504.0
1971 10 1191.0
1971 11 566.0
1971 12 579.0
1972 1 141.0
1972 2 18.0
1972 3 465.0
1972 4 364.0
1972 5 674.0
1972 6 937.0
1972 7 303.0
1972 8 249.0
1972 9 682.0
1972 10 335.0
1972 11 171.0
1972 12 109.0
1973 1 155.0
1973 2 234.0
1973 3 509.0
1973 4 409.0
1973 5 489.0
1973 6 868.0
1973 7 206.0
1973 8 100.0
1973 9 340.0
1973 10 365.0
1973 11 466.0
1973 12 355.0
1974 1 258.0
1974 2 272.0
1974 3 416.0
1974 4 234.0
1974 5 357.0
1974 6 128.0
1974 7 381.0
1974 8 343.0
1974 9 172.0
1974 10 89.0
1974 11 328.0
1974 12 662.0
1975 1 339.0
1975 2 16.0
1975 3 492.0
1975 4 426.0
1975 5 262.0
1975 6 224.0
1975 7 704.0
1975 8 320.0
1975 9 705.0
1975 10 414.0
1975 11 226.0
1975 12 363.0
1976 1 80.0
1976 2 111.0
1976 3 992.0
1976 4 484.0
1976 5 87.0
1976 6 497.0
1976 7 405.0
1976 8 499.0
1976 9 920.0
1976 10 1095.0
1976 11 590.0
1976 12 576.0
1977 1 139.0
1977 2 85.0
1977 3 303.0
1977 4 350.0
1977 5 656.0
1977 6 631.0
1977 7 228.0
1977 8 592.0
1977 9 785.0
1977 10 508.0
1977 11 96.0
1977 12 382.0
1978 1 51.0
1978 2 166.0
1978 3 419.0
1978 4 354.0
1978 5 324.0
1978 6 379.0
1978 7 409.0
1978 8 289.0
1978 9 425.0
1978 10 572.0
1978 11 168.0
1978 12 327.0
1979 1 217.0
1979 2 26.0
1979 3 373.0
1979 4 413.0
1979 5 562.0
1979 6 365.0
1979 7 172.0
1979 8 192.0
1979 9 316.0
1979 10 293.0
1979 11 291.0
1979 12 99.0
1980 1 76.0
1980 2 131.0
1980 3 74.0
1980 4 6.0
1980 5 102.0
1980 6 193.0
1980 7 118.0
1980 8 175.0
1980 9 533.0
1980 10 439.0
1980 11 146.0
1980 12 121.0
1981 1 108.0
1981 2 16.0
1981 3 77.0
1981 4 124.0
1981 5 108.0
1981 6 24.0
1981 7 22.0
1981 8 20.0
1981 9 92.0
1981 10 189.0
1981 11 32.0
1981 12 91.0
1982 1 100.0
1982 2 64.0
1982 3 40.0
1982 4 97.0
1982 5 84.0
1982 6 122.0
1982 7 364.0
1982 8 112.0
1982 9 301.0
1982 10 58.0
1982 11 102.0
1982 12 69.0
1983 1 93.0
1983 2 23.0
1983 3 218.0
1983 4 285.0
1983 5 166.0
1983 6 209.0
1983 7 144.0
1983 8 307.0
1983 9 191.0
1983 10 147.0
1983 11 113.0
1983 12 175.0
1984 1 317.0
1984 2 183.0
1984 3 114.0
1984 4 182.0
1984 5 78.0
1984 6 153.0
1984 7 97.0
1984 8 339.0
1984 9 162.0
1984 10 338.0
1984 11 264.0
1984 12 170.0
1985 1 266.0
1985 2 172.0
1985 3 78.0
1985 4 182.0
1985 5 280.0
1985 6 202.0
1985 7 79.0
1985 8 270.0
1985 9 185.0
1985 10 214.0
1985 11 277.0
1985 12 88.0
1986 1 10.0
1986 2 97.0
1986 3 437.0
1986 4 216.0
1986 5 272.0
1986 6 179.0
1986 7 148.0
1986 8 121.0
1986 9 142.0
1986 10 248.0
1986 11 245.0
1986 12 29.0
1987 1 81.0
1987 2 35.0
1987 3 281.0
1987 4 102.0
1987 5 203.0
1987 6 267.0
1987 7 267.0
1987 8 23.0
1987 9 158.0
1987 10 477.0
1987 11 115.0
1987 12 160.0
1988 1 34.0
1988 2 5.0
1988 3 207.0
1988 4 8.0
1988 5 80.0
1988 6 361.0
1988 7 100.0
1988 8 8.0
1988 9 142.0
1988 10 237.0
1988 11 118.0
1988 12 156.0
1989 1 129.0
1989 2 217.0
1989 3 305.0
1989 4 121.0
1989 5 98.0
1989 6 255.0
1989 7 105.0
1989 8 253.0
1989 9 127.0
1989 10 231.0
1989 11 194.0
1989 12 90.0
1990 1 216.0
1990 2 134.0
1990 3 128.0
1990 4 185.0
1990 5 130.0
1990 6 113.0
1990 7 86.0
1990 8 214.0
1990 9 164.0
1990 10 52.0
1990 11 197.0
1990 12 57.0
1991 1 36.0
1991 2 183.0
1991 3 330.0
1991 4 104.0
1991 5 256.0
1991 6 166.0
1991 7 333.0
1991 8 73.0
1991 9 263.0
1991 10 99.0
1991 11 61.0
1991 12 198.0
1992 1 186.0
1992 2 34.0
1992 3 347.0
1992 4 139.0
1992 5 202.0
1992 6 256.0
1992 7 638.0
1992 8 293.0
1992 9 239.0
1992 10 166.0
1992 11 59.0
1992 12 177.0
1993 1 125.0
1993 2 57.0
1993 3 234.0
1993 4 158.0
1993 5 184.0
1993 6 39.0
1993 7 60.0
1993 8 160.0
1993 9 389.0
1993 10 451.0
1993 11 624.0
1993 12 155.0
1994 1 193.0
1994 2 130.0
1994 3 141.0
1994 4 629.0
1994 5 180.0
1994 6 217.0
1994 7 413.0
1994 8 232.0
1994 9 229.0
1994 10 551.0
1994 11 109.0
1994 12 835.0
1995 1 48.0
1995 2 108.0
1995 3 108.0
1995 4 330.0
1995 5 343.0
1995 6 236.0
1995 7 241.0
1995 8 133.0
1995 9 110.0
1995 10 654.0
1995 11 311.0
1995 12 110.0
1996 1 5.0
1996 2 119.0
1996 3 399.0
1996 4 261.0
1996 5 111.0
1996 6 161.0
1996 7 92.0
1996 8 336.0
1996 9 162.0
1996 10 135.0
1996 11 217.0
1996 12 1020.0
1997 1 96.0
1997 2 46.0
1997 3 532.0
1997 4 527.0
1997 5 305.0
1997 6 234.0
1997 7 272.0
1997 8 460.0
1997 9 245.0
1997 10 316.0
1997 11 119.0
1997 12 212.0
1998 1 394.0
1998 2 187.0
1998 3 148.0
1998 4 110.0
1998 5 469.0
1998 6 200.0
1998 7 176.0
1998 8 538.0
1998 9 541.0
1998 10 589.0
1998 11 100.0
1998 12 520.0
1999 1 136.0
1999 2 34.0
1999 3 158.0
1999 4 181.0
1999 5 206.0
1999 6 301.0
1999 7 132.0
1999 8 132.0
1999 9 232.0
1999 10 167.0
1999 11 482.0
1999 12 309.0
2000 1 126.0
2000 2 173.0
2000 3 293.0
2000 4 362.0
2000 5 47.0
2000 6 732.0
2000 7 557.0
2000 8 248.0
2000 9 42.0
2000 10 165.0
2000 11 133.0
2000 12 168.0
2001 1 81.0
2001 2 304.0
2001 3 163.0
2001 4 147.0
2001 5 316.0
2001 6 131.0
2001 7 117.5
2001 8 104.0
2001 9 204.0
2001 10 581.0
2001 11 233.0
2001 12 481.0
2002 1 329.0
2002 2 708.0
2002 3 194.0
2002 4 361.0
2002 5 148.0
2002 6 208.0
2002 7 181.0
2002 8 276.0
2002 9 380.0
2002 10 342.0
2002 11 98.0
2002 12 264.0
2003 1 34.0
2003 2 322.0
2003 3 201.0
2003 4 358.0
2003 5 258.0
2003 6 153.0
2003 7 317.0
2003 8 213.0
2003 9 208.0
2003 10 120.0
2003 11 276.0
2003 12 451.0
2004 1 310.0
2004 2 62.0
2004 3 264.0
2004 4 350.0
2004 5 55.0
2004 6 120.0
2004 7 153.0
2004 8 210.0
2004 9 252.0
2004 10 328.0
2004 11 266.0
2004 12 60.0
2005 1 95.0
2005 2 196.0
2005 3 391.0
2005 4 490.0
2005 5 238.0
2005 6 181.0
2005 7 310.0
2005 8 169.0
2005 9 429.0
2005 10 181.0
2005 11 341.0
2005 12 66.0
2006 1 182.0
2006 2 153.0
2006 3 95.0
2006 4 54.0
2006 5 119.0
2006 6 475.0
2006 7 205.0
2006 8 84.0
2006 9 57.0
2006 10 240.0
2006 11 309.0
2006 12 194.0
2007 1 44.0
2007 2 13.0
2007 3 366.0
2007 4 175.0
2007 5 157.0
2007 6 159.0
2007 7 284.0
2007 8 6.0
2007 9 284.0
2007 10 63.0
2007 11 105.0
2007 12 66.0
2008 1 232.0
2008 2 133.0
2008 3 34.0
2008 4 113.0
2008 5 55.0
2008 6 230.0
2008 7 66.0
2008 8 96.0
2008 9 132.0
2008 10 482.0
2008 11 228.0
2008 12 88.0
2009 1 15.0
2009 2 13.5
2009 3 12.0
2009 4 18.0
2009 5 24.0
2009 6 107.0
2009 7 123.0
2009 8 5.0
2009 9 257.0
2009 10 533.0
2009 11 121.0
2009 12 128.0
2010 1 73.0
2010 2 18.0
2010 3 152.0
2010 4 154.0
2010 5 61.0
2010 6 49.0
2010 7 155.0
2010 8 41.0
2010 9 163.0
2010 10 70.0
2010 11 92.0
2010 12 176.0
2011 1 57.0
2011 2 12.0
2011 3 97.0
2011 4 518.0
2011 5 25.0
2011 6 107.0
2011 7 62.0
2011 8 161.0
2011 9 190.0
2011 10 104.0
2011 11 148.0
2011 12 101.0
2012 1 82.0
2012 2 65.0
2012 3 162.0
2012 4 82.0
2012 5 364.0
2012 6 111.0
2012 7 58.0
2012 8 349.0
2012 9 408.0
2012 10 206.0
2012 11 300.0
2012 12 155.0
2013 1 10.0
2013 2 106.0
2013 3 73.0
2013 4 151.0
2013 5 294.0
2013 6 103.0
2013 7 247.0
2013 8 285.0
2013 9 199.0
2013 10 747.0
2013 11 283.0
2013 12 97.0
2014 1 66.0
2014 2 134.0
2014 3 146.0
2014 4 559.0
2014 5 129.0
2014 6 236.0
2014 7 99.0
2014 8 167.0
2014 9 777.0
2014 10 317.0
2014 11 225.0
2014 12 139.0
2015 1 8.0
2015 2 188.0
2015 3 117.0
2015 4 147.0
2015 5 413.0
2015 6 348.0
2015 7 47.0
2015 8 248.0
2015 9 614.0
2015 10 266.0
2015 11 344.0
2015 12 254.0
2016 1 520.0
2016 2 102.0
2016 3 216.0
2016 4 554.0
2016 5 203.0
2016 6 323.0
2016 7 203.0
2016 8 814.0
2016 9 460.0
2016 10 294.0
2016 11 710.0
2016 12 371.0
2017 1 159.0
2017 2 216.0
2017 3 471.0
2017 4 325.0
2017 5 456.0
2017 6 445.0
2017 7 290.0
2017 8 764.0
2017 9 112.0
2017 10 258.0
2017 11 242.0
2017 12 595.0
2018 1 223.0
2018 2 51.0
2018 3 222.0
2018 4 443.0
2018 5 380.0
2018 6 416.0
2018 7 533.0
2018 8 140.0
2018 9 106.0
2018 10 574.0
2018 11 188.0
2018 12 11.0
2019 1 136.0
2019 2 5.0
2019 3 77.0
2019 4 24.0
2019 5 162.0
2019 6 571.0
2019 7 229.0
2019 8 428.0
2019 9 54.0
2019 10 661.0
2019 11 70.0
2019 12 84.0
2020 1 119.0
2020 2 9.0
2020 3 274.0
2020 4 164.0
2020 5 105.0
2020 6 326.0
2020 7 226.0
2020 8 282.0
2020 9 247.0
2020 10 236.0
2020 11 212.0
2020 12 347.0
2021 1 10.0
2021 2 164.0
2021 3 520.0
2021 4 716.0
2021 5 56.0
2021 6 385.0
2021 7 319.0
2021 8 95.0
2021 9 256.0
2021 10 523.0
2021 11 381.0
2021 12 44.0
2022 1 118.0
2022 2 33.0
2022 3 136.0
2022 4 597.0
2022 5 365.0
2022 6 675.0
2022 7 91.0
2022 8 532.0
2022 9 429.0
2022 10 533.0
2022 11 528.0
2022 12 368.0
2023 1 134.0
2023 2 251.0
2023 3 371.0
2023 4 66.0
2023 5 472.0
2023 6 327.0
2023 7 106.0
2023 8 76.0
2023 9 252.0
2023 10 164.0
2023 11 82.0
2023 12 376.0
2024 1 194.0
2024 2 102.0
2024 3 97.0
2024 4 85.0
2024 5 65.0
2024 6 363.0
2024 7 659.0
2024 8 451.0
