1960 6 38.0
1960 7 18.0
1960 8 14.0
1960 9 10.0
1960 10 7.5
1960 11 5.0
1960 12 48.0
1961 1 24.0
1961 2 8.0
1961 3 128.0
1961 4 41.0
1961 5 199.0
1961 6 74.0
1961 7 44.0
1961 8 43.0
1961 9 120.0
1961 10 111.0
1961 11 80.0
1961 12 8.0
1962 1 63.0
1962 2 78.0
1962 3 93.0
1962 4 97.0
1962 5 165.0
1962 6 50.0
1962 7 176.0
1962 8 16.0
1962 9 85.0
1962 10 128.0
1962 11 135.0
1962 12 87.5
1963 1 40.0
1963 2 57.5
1963 3 75.0
1963 4 239.0
1963 5 85.0
1963 6 142.0
1963 7 20.0
1963 8 137.0
1963 9 254.0
1963 10 24.0
1963 11 155.0
1963 12 111.0
1964 1 223.0
1964 2 113.0
1964 3 69.0
1964 4 237.0
1964 5 168.0
1964 6 330.0
1964 7 133.0
1964 8 205.0
1964 9 138.0
1964 10 410.0
1964 11 118.0
1964 12 241.0
1965 1 225.0
1965 2 30.0
1965 3 313.0
1965 4 341.0
1965 5 644.0
1965 6 266.0
1965 7 364.0
1965 8 234.0
1965 9 114.0
1965 10 360.0
1965 11 412.0
1965 12 282.0
1966 1 140.0
1966 2 95.0
1966 3 249.0
1966 4 198.0
1966 5 163.0
1966 6 523.0
1966 7 73.0
1966 8 388.0
1966 9 212.0
1966 10 88.0
1966 11 123.0
1966 12 381.0
1967 1 117.0
1967 2 24.0
1967 3 170.0
1967 4 286.0
1967 5 426.0
1967 6 292.0
1967 7 268.0
1967 8 136.0
1967 9 145.0
1967 10 308.0
1967 11 189.0
1967 12 297.0
1968 1 133.0
1968 2 245.0
1968 3 425.0
1968 4 113.0
1968 5 1331.0
1968 6 409.0
1968 7 858.0
1968 8 458.0
1968 9 528.0
1968 10 250.0
1968 11 193.0
1968 12 330.0
1969 1 319.0
1969 2 666.0
1969 3 64.0
1969 4 219.0
1969 5 414.0
1969 6 661.0
1969 7 761.0
1969 8 680.0
1969 9 465.0
1969 10 170.0
1969 11 38.0
1969 12 146.0
1970 1 1814.0
1970 2 137.0
1970 3 593.0
1970 4 437.0
1970 5 138.0
1970 6 211.0
1970 7 210.0
1970 8 63.0
1970 9 24.0
1970 10 138.0
1970 11 312.0
1970 12 292.0
1971 1 325.0
1971 2 189.0
1971 3 945.0
1971 4 625.0
1971 5 903.0
1971 6 265.0
1971 7 504.0
1971 8 502.0
1971 9 304.0
1971 10 281.0
1971 11 774.0
1971 12 257.0
1972 1 456.0
1972 2 492.0
1972 3 1559.0
1972 4 627.0
1972 5 851.0
1972 6 169.0
1972 7 312.0
1972 8 641.0
1972 9 677.0
1972 10 330.0
1972 11 646.0
1972 12 371.0
1973 1 56.0
1973 2 446.0
1973 3 305.0
1973 4 348.0
1973 5 753.0
1973 6 716.0
1973 7 26.0
1973 8 312.0
1973 9 542.0
1973 10 764.0
1973 11 799.0
1973 12 366.0
1974 1 282.0
1974 2 32.0
1974 3 81.0
1974 4 35.0
1974 5 44.0
1974 6 14.0
1974 7 154.0
1974 8 6.0
1974 9 20.0
1974 10 296.0
1974 11 28.0
1974 12 108.0
1975 1 30.0
1975 2 111.0
1975 3 171.0
1975 4 140.0
1975 5 46.0
1975 6 349.0
1975 7 138.0
1975 8 120.0
1975 9 170.0
1975 10 72.0
1975 11 128.0
1975 12 645.0
1976 1 142.0
1976 2 30.0
1976 3 435.0
1976 4 29.0
1976 5 452.0
1976 6 150.0
1976 7 431.0
1976 8 339.0
1976 9 337.0
1976 10 461.0
1976 11 362.0
1976 12 944.0
1977 1 161.0
1977 2 176.0
1977 3 745.0
1977 4 318.0
1977 5 157.0
1977 6 98.0
1977 7 246.0
1977 8 82.0
1977 9 72.0
1977 10 186.0
1977 11 132.0
1977 12 387.0
1978 1 66.0
1978 2 336.0
1978 3 193.0
1978 4 191.0
1978 5 465.0
1978 6 172.0
1978 7 393.0
1978 8 125.0
1978 9 702.0
1978 10 569.5
1978 11 437.0
1978 12 318.0
1979 1 84.0
1979 2 340.0
1979 3 238.0
1979 4 267.0
1979 5 625.0
1979 6 241.0
1979 7 76.0
1979 8 120.0
1979 9 387.0
1979 10 227.0
1979 11 239.0
1979 12 5.0
1980 1 105.0
1980 2 21.0
1980 3 46.0
1980 4 63.0
1980 5 129.0
1980 6 195.0
1980 7 159.0
1980 8 44.0
1980 9 991.0
1980 10 143.0
1980 11 69.0
1980 12 12.0
1981 1 90.0
1981 2 107.0
1981 3 1030.0
1981 4 88.0
1981 5 96.0
1981 6 43.0
1981 7 79.0
1981 8 13.0
1981 9 24.0
1981 10 36.0
1981 11 9.0
1981 12 41.0
1982 1 56.0
1982 2 59.0
1982 3 509.0
1982 4 180.0
1982 5 398.0
1982 6 173.0
1982 7 604.0
1982 8 54.0
1982 9 302.0
1982 10 348.0
1982 11 390.0
1982 12 36.0
1983 1 28.0
1983 2 6.0
1983 3 204.0
1983 4 515.0
1983 5 331.0
1983 6 190.0
1983 7 122.0
1983 8 177.0
1983 9 731.0
1983 10 215.0
1983 11 420.0
1983 12 559.0
1984 1 103.0
1984 2 211.0
1984 3 674.0
1984 4 428.0
1984 5 332.0
1984 6 640.0
1984 7 1189.0
1984 8 249.0
1984 9 769.0
1984 10 206.0
1984 11 1058.0
1984 12 952.0
1985 1 55.0
1985 2 51.0
1985 3 381.0
1985 4 345.0
1985 5 538.0
1985 6 534.0
1985 7 499.0
1985 8 113.0
1985 9 457.0
1985 10 1496.0
1985 11 299.0
1985 12 440.0
1986 1 170.0
1986 2 109.0
1986 3 467.0
1986 4 467.0
1986 5 865.0
1986 6 168.0
1986 7 805.0
1986 8 485.0
1986 9 218.0
1986 10 84.0
1986 11 65.0
1986 12 59.0
1987 1 704.0
1987 2 85.0
1987 3 67.0
1987 4 437.0
1987 5 44.0
1987 6 128.0
1987 7 67.0
1987 8 89.0
1987 9 408.0
1987 10 167.0
1987 11 228.0
1987 12 77.0
1988 1 74.0
1988 2 70.0
1988 3 69.0
1988 4 112.0
1988 5 191.0
1988 6 28.0
1988 7 214.0
1988 8 65.0
1988 9 105.0
1988 10 353.0
1988 11 66.0
1988 12 391.0
1989 1 15.0
1989 2 106.0
1989 3 118.0
1989 4 41.0
1989 5 37.0
1989 6 33.0
1989 7 80.0
1989 8 49.0
1989 9 253.0
1989 10 132.0
1989 11 368.0
1989 12 464.0
1990 1 389.0
1990 2 13.0
1990 3 13.0
1990 4 82.0
1990 5 13.0
1990 6 39.0
1990 7 17.0
1990 8 105.0
1990 9 81.0
1990 10 76.0
1990 11 240.0
1990 12 48.0
1991 1 62.0
1991 2 40.0
1991 3 114.0
1991 4 24.0
1991 5 55.0
1991 6 27.0
1991 7 14.0
1991 8 16.0
1991 9 48.0
1991 10 6.0
1991 11 49.0
1991 12 92.0
1992 1 36.0
1992 2 95.0
1992 3 63.0
1992 4 55.0
1992 5 130.0
1992 6 29.0
1992 7 8.0
1992 8 7.0
1992 9 19.0
1992 10 69.0
1992 11 209.0
1992 12 119.0
1993 1 29.0
1993 2 120.0
1993 3 154.0
1993 4 138.0
1993 5 443.0
1993 6 108.0
1993 7 101.0
1993 8 80.0
1993 9 10.0
1993 10 62.0
1993 11 171.0
1993 12 36.0
1994 1 101.5
1994 2 167.0
1994 3 152.0
1994 4 236.0
1994 5 16.0
1994 6 76.5
1994 7 137.0
1994 8 624.0
1994 9 70.0
1994 10 670.0
1994 11 80.0
1994 12 88.0
1995 1 152.0
1995 2 36.0
1995 3 88.0
1995 4 18.0
1995 5 15.0
1995 6 53.0
1995 7 48.0
1995 8 205.0
1995 9 489.0
1995 10 645.0
1995 11 176.0
1995 12 316.0
1996 1 308.0
1996 2 300.0
1996 3 1180.0
1996 4 335.0
1996 5 570.0
1996 6 415.0
1996 7 186.0
1996 8 117.0
1996 9 378.0
1996 10 134.0
1996 11 257.0
1996 12 114.0
1997 1 81.0
1997 2 131.0
1997 3 19.0
1997 4 217.0
1997 5 275.0
1997 6 339.0
1997 7 24.0
1997 8 338.0
1997 9 887.0
1997 10 254.0
1997 11 173.0
1997 12 510.0
1998 1 587.5
1998 2 665.0
1998 3 20.0
1998 4 10.0
1998 5 10.0
1998 6 77.0
1998 7 433.0
1998 8 89.0
1998 9 215.0
1998 10 184.0
1998 11 576.0
1998 12 519.0
1999 1 64.0
1999 2 128.0
1999 3 488.0
1999 4 458.0
1999 5 236.0
1999 6 514.0
1999 7 44.0
1999 8 268.0
1999 9 106.0
1999 10 368.0
1999 11 348.0
1999 12 168.0
2000 1 238.0
2000 2 737.0
2000 3 74.0
2000 4 458.0
2000 5 125.0
2000 6 53.0
2000 7 10.0
2000 8 63.0
2000 9 98.0
2000 10 681.0
2000 11 93.0
2000 12 22.0
2001 1 493.0
2001 2 782.0
2001 3 392.0
2001 4 85.0
2001 5 480.0
2001 6 126.0
2001 7 40.0
2001 8 158.0
2001 9 44.0
2001 10 46.0
2001 11 80.0
2001 12 279.0
2002 1 188.5
2002 2 98.0
2002 3 32.0
2002 4 20.0
2002 5 58.0
2002 6 480.0
2002 7 226.0
2002 8 64.0
2002 9 21.0
2002 10 125.0
2002 11 144.0
2002 12 5.0
2003 1 267.0
2003 2 152.0
2003 3 45.0
2003 4 7.0
2003 5 56.0
2003 6 30.5
2003 7 5.0
2003 8 204.0
2003 9 375.0
2003 10 825.0
2003 11 174.0
2003 12 45.0
2004 1 28.0
2004 2 11.0
2004 3 161.0
2004 4 5.0
2004 5 101.0
2004 6 43.0
2004 7 120.0
2004 8 33.0
2004 9 184.0
2004 10 16.0
2004 11 72.0
2004 12 64.0
2005 1 58.0
2005 2 120.0
2005 3 189.0
2005 4 187.0
2005 5 55.0
2005 6 49.0
2005 7 197.0
2005 8 61.0
2005 9 148.0
2005 10 32.0
2005 11 372.0
2005 12 221.0
2006 1 53.0
2006 2 234.0
2006 3 228.0
2006 4 8.0
2006 5 100.0
2006 6 651.0
2006 7 140.0
2006 8 5.0
2006 9 298.0
2006 10 249.0
2006 11 326.0
2006 12 166.0
2007 1 288.0
2007 2 18.0
2007 3 145.0
2007 4 190.0
2007 5 159.0
2007 6 240.0
2007 7 63.0
2007 8 48.0
2007 9 120.0
2007 10 132.0
2007 11 214.0
2007 12 344.0
2008 1 578.0
2008 2 367.0
2008 3 135.0
2008 4 41.0
2008 5 46.0
2008 6 89.0
2008 7 447.0
2008 8 124.0
2008 9 206.0
2008 10 231.0
2008 11 189.0
2008 12 12.0
2009 1 5.0
2009 2 60.0
2009 3 841.0
2009 4 144.0
2009 5 21.0
2009 6 15.0
2009 7 5.0
2009 8 278.0
2009 9 125.0
2009 10 412.0
2009 11 116.0
2009 12 397.0
2010 1 35.0
2010 2 40.0
2010 3 45.0
2010 4 31.0
2010 5 37.0
2010 6 33.0
2010 7 141.0
2010 8 97.0
2010 9 78.0
2010 10 51.0
2010 11 24.0
2010 12 27.0
2011 1 184.0
2011 2 13.0
2011 3 122.0
2011 4 21.0
2011 5 44.0
2011 6 24.0
2011 7 360.0
2011 8 172.0
2011 9 408.0
2011 10 56.0
2011 11 32.0
2011 12 33.0
2012 1 18.0
2012 2 44.0
2012 3 81.0
2012 4 309.0
2012 5 102.0
2012 6 389.0
2012 7 169.0
2012 8 176.0
2012 9 220.0
2012 10 296.0
2012 11 192.0
2012 12 74.0
2013 1 286.0
2013 2 121.0
2013 3 68.0
2013 4 1233.0
2013 5 647.5
2013 6 62.0
2013 7 20.0
2013 8 177.0
2013 9 115.0
2013 10 191.0
2013 11 224.0
2013 12 195.0
2014 1 422.0
2014 2 9.0
2014 3 288.0
2014 4 20.0
2014 5 76.0
2014 6 169.0
2014 7 32.0
2014 8 96.0
2014 9 859.0
2014 10 545.0
2014 11 625.0
2014 12 67.0
2015 1 113.0
2015 2 303.0
2015 3 206.0
2015 4 349.0
2015 5 163.0
2015 6 48.0
2015 7 184.0
2015 8 37.0
2015 9 437.0
2015 10 43.0
2015 11 236.0
2015 12 6.0
2016 1 9.0
2016 2 170.0
2016 3 258.0
2016 4 745.0
2016 5 66.0
2016 6 158.0
2016 7 478.0
2016 8 459.0
2016 9 285.0
2016 10 96.0
2016 11 48.0
2016 12 46.0
2017 1 69.0
2017 2 286.0
2017 3 69.0
2017 4 110.0
2017 5 204.0
2017 6 131.0
2017 7 124.0
2017 8 523.0
2017 9 515.0
2017 10 93.0
2017 11 212.0
2017 12 345.0
2018 1 35.0
2018 2 35.0
2018 3 227.0
2018 4 103.0
2018 5 301.0
2018 6 60.0
2018 7 121.0
2018 8 727.0
2018 9 241.0
2018 10 766.0
2018 11 123.0
2018 12 87.0
2019 1 139.0
2019 2 58.0
2019 3 180.0
2019 4 191.0
2019 5 295.0
2019 6 99.0
2019 7 52.0
2019 8 426.0
2019 9 228.0
2019 10 365.0
2019 11 60.0
2019 12 56.0
2020 1 122.0
2020 2 88.0
2020 3 15.0
2020 4 134.0
2020 5 158.0
2020 6 21.0
2020 7 443.0
2020 8 21.0
2020 9 256.0
2020 10 21.0
2020 11 18.0
2020 12 312.0
2021 1 44.0
2021 2 416.0
2021 3 90.0
2021 4 100.0
2021 5 84.0
2021 6 40.0
2021 7 113.0
2021 8 290.0
2021 9 185.0
2021 10 8.0
2021 11 253.0
2021 12 279.0
2022 1 580.0
2022 2 10.0
2022 3 60.0
2022 4 271.0
2022 5 74.0
2022 6 207.0
2022 7 192.0
2022 8 86.0
2022 9 303.0
2022 10 291.0
2022 11 74.0
2022 12 40.0
2023 1 44.0
2023 2 27.0
2023 3 87.0
2023 4 97.0
2023 5 463.0
2023 6 218.0
2023 7 146.0
2023 8 744.0
2023 9 92.0
2023 10 17.0
2023 11 364.0
2023 12 331.0
2024 1 173.0
2024 2 290.0
2024 3 328.0
2024 4 293.0
2024 5 284.0
2024 6 76.0
2024 7 31.0
2024 8 335.0
