1960 5 18.0
1960 6 84.0
1960 7 26.0
1960 8 35.0
1960 9 34.0
1960 10 28.0
1960 11 53.0
1960 12 67.0
1961 1 66.0
1961 2 28.0
1961 3 184.0
1961 4 77.0
1961 5 260.0
1961 6 141.0
1961 7 118.0
1961 8 121.0
1961 9 166.0
1961 10 167.0
1961 11 111.0
1961 12 60.0
1962 1 87.0
1962 2 36.0
1962 3 182.0
1962 4 138.0
1962 5 207.0
1962 6 120.0
1962 7 284.0
1962 8 116.0
1962 9 160.0
1962 10 241.0
1962 11 173.0
1962 12 77.0
1963 1 101.0
1963 2 37.0
1963 3 144.0
1963 4 325.0
1963 5 115.0
1963 6 190.0
1963 7 51.0
1963 8 220.0
1963 9 304.0
1963 10 105.0
1963 11 181.0
1963 12 149.0
1964 1 237.0
1964 2 152.0
1964 3 123.0
1964 4 311.0
1964 5 200.0
1964 6 374.0
1964 7 192.0
1964 8 233.0
1964 9 157.0
1964 10 448.0
1964 11 142.0
1964 12 266.0
1965 1 289.0
1965 2 80.0
1965 3 373.0
1965 4 433.0
1965 5 700.0
1965 6 362.0
1965 7 384.0
1965 8 266.0
1965 9 186.0
1965 10 445.0
1965 11 446.0
1965 12 305.0
1966 1 175.0
1966 2 121.0
1966 3 335.0
1966 4 258.0
1966 5 212.0
1966 6 597.0
1966 7 116.0
1966 8 404.0
1966 9 232.0
1966 10 178.0
1966 11 165.0
1966 12 434.0
1967 1 151.0
1967 2 42.0
1967 3 277.0
1967 4 334.0
1967 5 480.0
1967 6 312.0
1967 7 310.0
1967 8 182.0
1967 9 208.0
1967 10 361.0
1967 11 233.0
1967 12 321.0
1968 1 145.0
1968 2 397.0
1968 3 523.0
1968 4 219.0
1968 5 1457.0
1968 6 433.0
1968 7 905.0
1968 8 490.0
1968 9 554.0
1968 10 392.0
1968 11 241.0
1968 12 501.0
1969 1 351.0
1969 2 710.0
1969 3 272.0
1969 4 576.0
1969 5 428.0
1969 6 709.0
1969 7 842.0
1969 8 706.0
1969 9 513.0
1969 10 214.0
1969 11 77.0
1969 12 311.0
1970 1 2036.0
1970 2 185.0
1970 3 715.0
1970 4 500.0
1970 5 283.0
1970 6 351.0
1970 7 280.0
1970 8 117.0
1970 9 130.0
1970 10 194.0
1970 11 394.0
1970 12 395.0
1971 1 369.0
1971 2 295.0
1971 3 1075.0
1971 4 734.0
1971 5 1053.0
1971 6 377.0
1971 7 695.0
1971 8 560.0
1971 9 424.0
1971 10 369.0
1971 11 896.0
1971 12 413.0
1972 1 579.0
1972 2 596.0
1972 3 1683.0
1972 4 769.0
1972 5 956.0
1972 6 311.0
1972 7 454.0
1972 8 743.0
1972 9 774.0
1972 10 485.0
1972 11 705.0
1972 12 456.0
1973 1 102.0
1973 2 570.0
1973 3 458.0
1973 4 546.0
1973 5 904.0
1973 6 835.0
1973 7 117.0
1973 8 358.0
1973 9 572.0
1973 10 933.0
1973 11 899.0
1973 12 401.0
1974 1 299.0
1974 2 101.0
1974 3 115.0
1974 4 143.0
1974 5 122.0
1974 6 83.0
1974 7 219.0
1974 8 25.0
1974 9 66.0
1974 10 360.0
1974 11 93.0
1974 12 152.0
1975 1 47.0
1975 2 136.0
1975 3 220.0
1975 4 393.0
1975 5 125.0
1975 6 434.0
1975 7 296.0
1975 8 185.0
1975 9 288.0
1975 10 229.0
1975 11 175.0
1975 12 703.0
1976 1 209.0
1976 2 223.0
1976 3 632.0
1976 4 200.0
1976 5 552.0
1976 6 268.0
1976 7 537.0
1976 8 476.0
1976 9 469.0
1976 10 614.0
1976 11 454.0
1976 12 1045.0
1977 1 197.0
1977 2 297.0
1977 3 887.0
1977 4 436.0
1977 5 307.0
1977 6 218.0
1977 7 368.0
1977 8 193.0
1977 9 246.0
1977 10 465.0
1977 11 335.0
1977 12 500.0
1978 1 174.0
1978 2 372.0
1978 3 402.0
1978 4 295.0
1978 5 634.0
1978 6 392.0
1978 7 501.0
1978 8 307.0
1978 9 964.0
1978 10 157.0
1978 11 609.0
1978 12 366.0
1979 1 146.0
1979 2 402.0
1979 3 408.0
1979 4 469.0
1979 5 798.0
1979 6 391.0
1979 7 165.0
1979 8 246.0
1979 9 527.0
1979 10 373.0
1979 11 313.0
1979 12 107.0
1980 1 169.0
1980 2 77.0
1980 3 272.0
1980 4 126.0
1980 5 82.0
1980 6 405.0
1980 7 306.0
1980 8 279.0
1980 9 1393.0
1980 10 1113.0
1980 11 288.0
1980 12 132.0
1981 1 168.0
1981 2 221.0
1981 3 1262.0
1981 4 154.0
1981 5 206.0
1981 6 178.0
1981 7 210.0
1981 8 78.0
1981 9 146.0
1981 10 151.0
1981 11 167.0
1981 12 141.0
1982 1 138.0
1982 2 116.0
1982 3 665.0
1982 4 292.0
1982 5 484.0
1982 6 378.0
1982 7 722.0
1982 8 162.0
1982 9 829.0
1982 10 579.0
1982 11 546.0
1982 12 150.0
1983 1 139.0
1983 2 153.0
1983 3 501.0
1983 4 827.0
1983 5 568.0
1983 6 396.0
1983 7 350.0
1983 8 531.0
1983 9 981.0
1983 10 504.0
1983 11 642.0
1983 12 723.0
1984 1 286.0
1984 2 360.0
1984 3 928.0
1984 4 633.0
1984 5 593.0
1984 6 920.0
1984 7 1407.0
1984 8 431.0
1984 9 954.0
1984 10 342.0
1984 11 1300.0
1984 12 1058.0
1985 1 326.0
1985 2 145.0
1985 3 525.0
1985 4 552.0
1985 5 688.0
1985 6 794.0
1985 7 747.0
1985 8 334.0
1985 9 573.0
1985 10 1613.0
1985 11 394.0
1985 12 557.0
1986 1 298.0
1986 2 213.0
1986 3 678.0
1986 4 636.0
1986 5 970.0
1986 6 267.0
1986 7 878.0
1986 8 616.0
1986 9 304.0
1986 10 226.0
1986 11 167.0
1986 12 250.0
1987 1 770.0
1987 2 190.0
1987 3 184.0
1987 4 553.0
1987 5 159.0
1987 6 239.0
1987 7 170.0
1987 8 151.0
1987 9 534.0
1987 10 275.0
1987 11 323.0
1987 12 166.0
1988 1 112.0
1988 2 119.0
1988 3 170.0
1988 4 219.0
1988 5 272.0
1988 6 136.0
1988 7 265.0
1988 8 178.0
1988 9 209.0
1988 10 434.0
1988 11 102.0
1988 12 470.0
1989 1 57.0
1989 2 161.0
1989 3 206.0
1989 4 117.0
1989 5 109.0
1989 6 120.0
1989 7 140.0
1989 8 107.0
1989 9 462.0
1989 10 182.0
1989 11 404.0
1989 12 515.0
1990 1 562.0
1990 2 36.0
1990 3 194.0
1990 4 168.0
1990 5 76.0
1990 6 73.0
1990 7 94.0
1990 8 131.0
1990 9 113.0
1990 10 121.0
1990 11 319.0
1990 12 72.0
1991 1 77.0
1991 2 142.0
1991 3 136.0
1991 4 103.0
1991 5 86.0
1991 6 117.0
1991 7 43.0
1991 8 66.0
1991 9 93.0
1991 10 44.0
1991 11 68.0
1991 12 109.0
1992 1 68.0
1992 2 149.0
1992 3 101.0
1992 4 123.0
1992 5 192.0
1992 6 82.0
1992 7 35.0
1992 8 38.0
1992 9 55.0
1992 10 140.0
1992 11 266.0
1992 12 28.0
1993 1 56.0
1993 2 194.0
1993 3 209.0
1993 4 203.0
1993 5 514.0
1993 6 143.0
1993 7 122.0
1993 8 114.0
1993 9 128.0
1993 10 140.0
1993 11 214.0
1993 12 110.0
1994 1 20.0
1994 2 188.0
1994 3 227.0
1994 4 388.0
1994 5 68.0
1994 6 23.0
1994 7 217.0
1994 8 712.0
1994 9 110.0
1994 10 727.0
1994 11 184.0
1994 12 158.0
1995 1 195.0
1995 2 65.0
1995 3 142.0
1995 4 93.0
1995 5 48.0
1995 6 112.0
1995 7 124.0
1995 8 233.0
1995 9 569.0
1995 10 771.0
1995 11 242.0
1995 12 368.0
1996 1 40.0
1996 2 388.0
1996 3 1321.0
1996 4 413.0
1996 5 673.0
1996 6 473.0
1996 7 282.0
1996 8 204.0
1996 9 474.0
1996 10 240.0
1996 11 314.0
1996 12 213.0
1997 1 150.0
1997 2 291.0
1997 3 134.0
1997 4 282.0
1997 5 327.0
1997 6 423.0
1997 7 129.0
1997 8 390.0
1997 9 979.0
1997 10 448.0
1997 11 207.0
1997 12 533.0
1998 1 53.0
1998 2 713.0
1998 3 95.0
1998 4 208.0
1998 5 85.0
1998 6 112.0
1998 7 541.0
1998 8 175.0
1998 9 316.0
1998 10 252.0
1998 11 676.0
1998 12 830.0
1999 1 118.0
1999 2 179.0
1999 3 556.0
1999 4 513.0
1999 5 310.0
1999 6 620.0
1999 7 92.0
1999 8 380.0
1999 9 164.0
1999 10 464.0
1999 11 412.0
1999 12 275.0
2000 1 310.0
2000 2 791.0
2000 3 156.0
2000 4 518.0
2000 5 166.0
2000 6 93.0
2000 7 40.0
2000 8 137.0
2000 9 134.0
2000 10 759.0
2000 11 158.0
2000 12 87.0
2001 1 543.0
2001 2 878.0
2001 3 476.0
2001 4 152.0
2001 5 578.0
2001 6 177.0
2001 7 90.0
2001 8 285.0
2001 9 134.0
2001 10 156.0
2001 11 132.0
2001 12 357.0
2002 1 75.0
2002 2 167.0
2002 3 105.0
2002 4 182.0
2002 5 137.0
2002 6 580.0
2002 7 332.0
2002 8 234.0
2002 9 119.0
2002 10 231.0
2002 11 210.0
2002 12 51.0
2003 1 360.0
2003 2 199.0
2003 3 81.0
2003 4 171.0
2003 5 171.0
2003 6 61.0
2003 7 172.0
2003 8 275.0
2003 9 430.0
2003 10 891.0
2003 11 474.0
2003 12 92.0
2004 1 40.0
2004 2 25.0
2004 3 194.0
2004 4 71.0
2004 5 146.0
2004 6 102.0
2004 7 211.0
2004 8 75.0
2004 9 219.0
2004 10 71.0
2004 11 166.0
2004 12 253.0
2005 1 86.0
2005 2 184.0
2005 3 309.0
2005 4 293.0
2005 5 163.0
2005 6 89.0
2005 7 292.0
2005 8 167.0
2005 9 209.0
2005 10 86.0
2005 11 416.0
2005 12 341.0
2006 1 76.0
2006 2 315.0
2006 3 306.0
2006 4 48.0
2006 5 161.0
2006 6 705.0
2006 7 424.0
2006 8 65.0
2006 9 387.0
2006 10 380.0
2006 11 382.0
2006 12 198.0
2007 1 308.0
2007 2 39.0
2007 3 185.0
2007 4 248.0
2007 5 230.0
2007 6 311.0
2007 7 100.0
2007 8 71.0
2007 9 208.0
2007 10 211.0
2007 11 240.0
2007 12 369.0
2008 1 588.0
2008 2 371.0
2008 3 179.0
2008 4 81.0
2008 5 66.0
2008 6 98.0
2008 7 496.0
2008 8 165.0
2008 9 220.0
2008 10 256.0
2008 11 206.0
2008 12 58.0
2009 1 17.0
2009 2 66.0
2009 3 889.0
2009 4 252.0
2009 5 37.0
2009 6 45.0
2009 7 11.0
2009 8 322.0
2009 9 140.0
2009 10 429.0
2009 11 462.0
2009 12 430.0
2010 1 45.0
2010 2 26.0
2010 3 108.0
2010 4 48.0
2010 5 69.0
2010 6 64.0
2010 7 154.0
2010 8 136.0
2010 9 90.0
2010 10 46.0
2010 11 59.0
2010 12 57.0
2011 1 189.0
2011 2 55.0
2011 3 170.0
2011 4 60.0
2011 5 78.0
2011 6 41.0
2011 7 388.0
2011 8 192.0
2011 9 456.0
2011 10 92.0
2011 11 45.0
2011 12 49.0
2012 1 40.0
2012 2 50.0
2012 3 97.0
2012 4 331.0
2012 5 160.0
2012 6 435.0
2012 7 207.0
2012 8 206.0
2012 9 267.0
2012 10 355.0
2012 11 241.0
2012 12 110.0
2013 1 305.0
2013 2 156.0
2013 3 83.0
2013 4 1267.0
2013 5 14.0
2013 6 128.0
2013 7 99.0
2013 8 228.0
2013 9 175.0
2013 10 248.0
2013 11 236.0
2013 12 209.0
2014 1 443.0
2014 2 29.0
2014 3 342.0
2014 4 71.0
2014 5 97.0
2014 6 219.0
2014 7 64.0
2014 8 116.0
2014 9 896.0
2014 10 583.0
2014 11 663.0
2014 12 88.0
2015 1 121.0
2015 2 313.0
2015 3 231.0
2015 4 379.0
2015 5 187.0
2015 6 94.0
2015 7 209.0
2015 8 82.0
2015 9 461.0
2015 10 72.0
2015 11 262.0
2015 12 31.0
2016 1 20.0
2016 2 179.0
2016 3 290.0
2016 4 783.0
2016 5 89.0
2016 6 202.0
2016 7 513.0
2016 8 517.0
2016 9 326.0
2016 10 121.0
2016 11 83.0
2016 12 81.0
2017 1 103.0
2017 2 309.0
2017 3 115.0
2017 4 151.0
2017 5 224.0
2017 6 158.0
2017 7 158.0
2017 8 597.0
2017 9 548.0
2017 10 125.0
2017 11 252.0
2017 12 368.0
2018 1 131.0
2018 2 62.0
2018 3 277.0
2018 4 136.0
2018 5 344.0
2018 6 138.0
2018 7 192.0
2018 8 776.0
2018 9 306.0
2018 10 810.0
2018 11 144.0
2018 12 104.0
2019 1 172.0
2019 2 76.0
2019 3 208.0
2019 4 272.0
2019 5 338.0
2019 6 167.0
2019 7 126.0
2019 8 483.0
2019 9 295.0
2019 10 424.0
2019 11 139.0
2019 12 131.0
2020 1 177.0
2020 2 172.0
2020 3 37.0
2020 4 174.0
2020 5 198.0
2020 6 41.0
2020 7 497.0
2020 8 84.0
2020 9 326.0
2020 10 99.0
2020 11 36.0
2020 12 372.0
2021 1 117.0
2021 2 461.0
2021 3 154.0
2021 4 174.0
2021 5 170.0
2021 6 86.0
2021 7 161.0
2021 8 316.0
2021 9 247.0
2021 10 44.0
2021 11 304.0
2021 12 366.0
2022 1 720.0
2022 2 52.0
2022 3 187.0
2022 4 462.0
2022 5 155.0
2022 6 250.0
2022 7 314.0
2022 8 158.0
2022 9 406.0
2022 10 371.0
2022 11 104.0
2022 12 136.0
2023 1 179.0
2023 2 65.0
2023 3 150.0
2023 4 154.0
2023 5 627.0
2023 6 313.0
2023 7 218.0
2023 8 906.0
2023 9 206.0
2023 10 95.0
2023 11 453.0
2023 12 397.0
2024 1 330.0
2024 2 443.0
2024 3 470.0
2024 4 384.0
2024 5 352.0
2024 6 188.0
2024 7 152.0
2024 8 558.0
