1960 5 426.0
1960 6 403.0
1960 7 513.0
1960 8 510.0
1960 9 634.0
1960 10 369.0
1960 11 338.0
1960 12 240.0
1961 1 324.0
1961 2 359.0
1961 3 470.0
1961 4 391.0
1961 5 467.0
1961 6 553.0
1961 7 396.0
1961 8 366.0
1961 9 348.0
1961 10 485.0
1961 11 320.0
1961 12 217.0
1962 1 179.0
1962 2 391.0
1962 3 423.0
1962 4 521.0
1962 5 570.0
1962 6 411.0
1962 7 406.0
1962 8 417.0
1962 9 339.0
1962 10 430.0
1962 11 349.0
1962 12 265.0
1963 1 212.0
1963 2 368.0
1963 3 496.0
1963 4 454.0
1963 5 421.0
1963 6 389.0
1963 7 372.0
1963 8 351.0
1963 9 330.0
1963 10 363.0
1963 11 299.0
1963 12 195.0
1964 1 321.0
1964 2 323.0
1964 3 354.0
1964 4 429.0
1964 5 375.0
1964 6 472.0
1964 7 370.0
1964 8 337.0
1964 9 365.0
1964 10 341.0
1964 11 285.0
1964 12 215.0
1965 1 272.0
1965 2 241.0
1965 3 417.0
1965 4 415.0
1965 5 400.0
1965 6 389.0
1965 7 351.0
1965 8 327.0
1965 9 309.0
1965 10 364.0
1965 11 369.0
1965 12 282.0
1966 1 264.0
1966 2 305.0
1966 3 389.0
1966 4 364.0
1966 5 310.0
1966 6 274.0
1966 7 275.0
1966 8 246.0
1966 9 212.0
1966 10 186.0
1966 11 180.0
1966 12 128.0
1967 1 199.0
1967 2 342.0
1967 3 389.0
1967 4 363.0
1967 5 424.0
1967 6 362.0
1967 7 316.0
1967 8 366.0
1967 9 372.0
1967 10 354.0
1967 11 273.0
1967 12 205.0
1968 1 230.0
1968 2 314.0
1968 3 406.0
1968 4 376.0
1968 5 539.0
1968 6 391.0
1968 7 417.0
1968 8 411.0
1968 9 409.0
1968 10 499.0
1968 11 446.0
1968 12 320.0
1969 1 219.0
1969 2 344.0
1969 3 371.0
1969 4 284.0
1969 5 289.0
1969 6 224.0
1969 7 310.0
1969 8 391.0
1969 9 340.0
1969 10 320.0
1969 11 246.0
1969 12 322.0
1970 1 143.0
1970 2 300.0
1970 3 322.0
1970 4 290.0
1970 5 394.0
1970 6 501.0
1970 7 483.0
1970 8 283.0
1970 9 351.0
1970 10 421.0
1970 11 382.0
1970 12 299.0
1971 1 338.0
1971 2 267.0
1971 3 489.0
1971 4 535.0
1971 5 462.0
1971 6 509.0
1971 7 449.0
1971 8 461.0
1971 9 418.0
1971 10 390.0
1971 11 430.0
1971 12 318.0
1972 1 353.0
1972 2 375.0
1972 3 723.0
1972 4 517.0
1972 5 603.0
1972 6 552.0
1972 7 578.0
1972 8 541.0
1972 9 503.0
1972 10 632.0
1972 11 424.0
1972 12 352.0
1973 1 296.0
1973 2 446.0
1973 3 625.0
1973 4 582.0
1973 5 667.0
1973 6 605.0
1973 7 498.0
1973 8 478.0
1973 9 281.0
1973 10 354.0
1973 11 447.0
1973 12 230.0
1974 1 239.0
1974 2 356.0
1974 3 663.0
1974 4 621.0
1974 5 568.0
1974 6 479.0
1974 7 564.0
1974 8 397.0
1974 9 398.0
1974 10 366.0
1974 11 370.0
1974 12 341.0
1975 1 257.0
1975 2 331.0
1975 3 552.0
1975 4 808.0
1975 5 700.0
1975 6 677.0
1975 7 775.0
1975 8 647.0
1975 9 650.0
1975 10 852.0
1975 11 651.0
1975 12 463.0
1976 1 459.0
1976 2 732.0
1976 3 1061.0
1976 4 961.0
1976 5 897.0
1976 6 979.0
1976 7 800.0
1976 8 767.0
1976 9 896.0
1976 10 861.0
1976 11 813.0
1976 12 700.0
1977 1 366.0
1977 2 811.0
1977 3 1155.0
1977 4 1100.0
1977 5 893.0
1977 6 1068.0
1977 7 1154.0
1977 8 1187.0
1977 9 864.0
1977 10 1045.0
1977 11 956.0
1977 12 684.0
1978 1 414.0
1978 2 385.0
1978 3 953.0
1978 4 1199.0
1978 5 963.0
1978 6 1074.0
1978 7 923.0
1978 8 896.0
1978 9 851.0
1978 10 890.0
1978 11 659.0
1978 12 571.0
1979 1 126.0
1979 2 392.0
1979 3 885.0
1979 4 1082.0
1979 5 990.0
1979 6 871.0
1979 7 742.0
1979 8 679.0
1979 9 631.0
1979 10 677.0
1979 11 353.0
1979 12 293.0
1980 1 246.0
1980 2 264.0
1980 3 278.0
1980 4 270.0
1980 5 415.0
1980 6 491.0
1980 7 522.0
1980 8 593.0
1980 9 743.0
1980 10 773.0
1980 11 545.0
1980 12 414.0
1981 1 399.0
1981 2 322.0
1981 3 570.0
1981 4 522.0
1981 5 448.0
1981 6 432.0
1981 7 436.0
1981 8 308.0
1981 9 384.0
1981 10 317.0
1981 11 415.0
1981 12 293.0
1982 1 174.0
1982 2 180.0
1982 3 388.0
1982 4 309.0
1982 5 264.0
1982 6 311.0
1982 7 294.0
1982 8 381.0
1982 9 376.0
1982 10 411.0
1982 11 506.0
1982 12 353.0
1983 1 384.0
1983 2 402.0
1983 3 820.0
1983 4 704.0
1983 5 857.0
1983 6 855.0
1983 7 673.0
1983 8 629.0
1983 9 598.0
1983 10 528.0
1983 11 515.0
1983 12 319.0
1984 1 480.0
1984 2 596.0
1984 3 621.0
1984 4 735.0
1984 5 723.0
1984 6 599.0
1984 7 572.0
1984 8 561.0
1984 9 437.0
1984 10 613.0
1984 11 491.0
1984 12 380.0
1985 1 244.0
1985 2 302.0
1985 3 707.0
1985 4 598.0
1985 5 720.0
1985 6 517.0
1985 7 639.0
1985 8 647.0
1985 9 494.0
1985 10 551.0
1985 11 349.0
1985 12 256.0
1986 1 362.0
1986 2 339.0
1986 3 662.0
1986 4 676.0
1986 5 763.0
1986 6 734.0
1986 7 704.0
1986 8 594.0
1986 9 601.0
1986 10 625.0
1986 11 539.0
1986 12 589.0
1987 1 400.0
1987 2 483.0
1987 3 733.0
1987 4 913.0
1987 5 793.0
1987 6 857.0
1987 7 788.0
1987 8 619.0
1987 9 673.0
1987 10 665.0
1987 11 441.0
1987 12 430.0
1988 1 309.0
1988 2 463.0
1988 3 734.0
1988 4 697.0
1988 5 677.0
1988 6 790.0
1988 7 635.0
1988 8 665.0
1988 9 590.0
1988 10 564.0
1988 11 521.0
1988 12 507.0
1989 1 476.0
1989 2 312.0
1989 3 612.0
1989 4 668.0
1989 5 640.0
1989 6 635.0
1989 7 624.0
1989 8 590.0
1989 9 519.0
1989 10 627.0
1989 11 565.0
1989 12 364.0
1990 1 457.0
1990 2 406.0
1990 3 581.0
1990 4 652.0
1990 5 624.0
1990 6 615.0
1990 7 578.0
1990 8 554.0
1990 9 437.0
1990 10 570.0
1990 11 397.0
1990 12 280.0
1991 1 211.0
1991 2 386.0
1991 3 548.0
1991 4 677.0
1991 5 672.0
1991 6 561.0
1991 7 692.0
1991 8 544.0
1991 9 547.0
1991 10 590.0
1991 11 440.0
1991 12 488.0
1992 1 561.0
1992 2 627.0
1992 3 754.0
1992 4 801.0
1992 5 829.0
1992 6 751.0
1992 7 698.0
1992 8 685.0
1992 9 631.0
1992 10 590.0
1992 11 486.0
1992 12 622.0
1993 1 416.0
1993 2 439.0
1993 3 832.0
1993 4 772.0
1993 5 681.0
1993 6 910.0
1993 7 687.0
1993 8 845.0
1993 9 840.0
1993 10 770.0
1993 11 784.0
1993 12 736.0
1994 1 606.0
1994 2 794.0
1994 3 1117.0
1994 4 914.0
1994 5 991.0
1994 6 912.0
1994 7 771.0
1994 8 863.0
1994 9 853.0
1994 10 793.0
1994 11 690.0
1994 12 544.0
1995 1 535.0
1995 2 564.0
1995 3 802.0
1995 4 702.0
1995 5 804.0
1995 6 773.0
1995 7 896.0
1995 8 999.0
1995 9 699.0
1995 10 770.0
1995 11 853.0
1995 12 541.0
1996 1 564.0
1996 2 759.0
1996 3 982.0
1996 4 1054.0
1996 5 1045.0
1996 6 812.0
1996 7 865.0
1996 8 884.0
1996 9 747.0
1996 10 806.0
1996 11 641.0
1996 12 678.0
1997 1 571.0
1997 2 619.0
1997 3 780.0
1997 4 875.0
1997 5 886.0
1997 6 926.0
1997 7 770.0
1997 8 676.0
1997 9 824.0
1997 10 901.0
1997 11 662.0
1997 12 667.0
1998 1 558.0
1998 2 734.0
1998 3 908.0
1998 4 1093.0
1998 5 979.0
1998 6 951.0
1998 7 896.0
1998 8 805.0
1998 9 858.0
1998 10 937.0
1998 11 721.0
1998 12 948.0
1999 1 590.0
1999 2 757.0
1999 3 1048.0
1999 4 1060.0
1999 5 1046.0
1999 6 937.0
1999 7 996.0
1999 8 871.0
1999 9 960.0
1999 10 983.0
1999 11 772.0
1999 12 731.0
2000 1 683.0
2000 2 708.0
2000 3 891.0
2000 4 800.0
2000 5 1031.0
2000 6 827.0
2000 7 740.0
2000 8 720.0
2000 9 702.0
2000 10 833.0
2000 11 642.0
2000 12 381.0
2001 1 577.0
2001 2 503.0
2001 3 910.0
2001 4 877.0
2001 5 934.0
2001 6 845.0
2001 7 743.0
2001 8 982.0
2001 9 683.0
2001 10 811.0
2001 11 745.0
2001 12 817.0
2002 1 519.0
2002 2 636.0
2002 3 894.0
2002 4 819.0
2002 5 901.0
2002 6 893.0
2002 7 838.0
2002 8 791.0
2002 9 686.0
2002 10 908.0
2002 11 776.0
2002 12 712.0
2003 1 625.0
2003 2 629.0
2003 3 884.0
2003 4 842.0
2003 5 885.0
2003 6 1087.0
2003 7 1064.0
2003 8 877.0
2003 9 753.0
2003 10 983.0
2003 11 762.0
2003 12 1070.0
2004 1 594.0
2004 2 691.0
2004 3 1060.0
2004 4 1096.0
2004 5 904.0
2004 6 995.0
2004 7 879.0
2004 8 965.0
2004 9 976.0
2004 10 716.0
2004 11 729.0
2004 12 789.0
2005 1 507.0
2005 2 786.0
2005 3 1026.0
2005 4 1017.0
2005 5 1001.0
2005 6 1182.0
2005 7 1075.0
2005 8 1005.0
2005 9 994.0
2005 10 1115.0
2005 11 1205.0
2005 12 718.0
2006 1 746.0
2006 2 782.0
2006 3 961.0
2006 4 931.0
2006 5 1001.0
2006 6 928.0
2006 7 791.0
2006 8 839.0
2006 9 665.0
2006 10 750.0
2006 11 655.0
2006 12 537.0
2007 1 451.0
2007 2 495.0
2007 3 871.0
2007 4 741.0
2007 5 913.0
2007 6 603.0
2007 7 563.0
2007 8 646.0
2007 9 559.0
2007 10 560.0
2007 11 713.0
2007 12 472.0
2008 1 335.0
2008 2 317.0
2008 3 413.0
2008 4 527.0
2008 5 480.0
2008 6 405.0
2008 7 444.0
2008 8 395.0
2008 9 502.0
2008 10 416.0
2008 11 276.0
2008 12 177.0
2009 1 161.0
2009 2 210.0
2009 3 274.0
2009 4 285.0
2009 5 362.0
2009 6 428.0
2009 7 437.0
2009 8 311.0
2009 9 276.0
2009 10 376.0
2009 11 255.0
2009 12 285.0
2010 1 201.0
2010 2 212.0
2010 3 357.0
2010 4 362.0
2010 5 324.0
2010 6 581.0
2010 7 304.0
2010 8 277.0
2010 9 321.0
2010 10 283.0
2010 11 325.0
2010 12 255.0
2011 1 129.0
2011 2 185.0
2011 3 287.0
2011 4 299.0
2011 5 338.0
2011 6 332.0
2011 7 327.0
2011 8 317.0
2011 9 245.0
2011 10 254.0
2011 11 225.0
2011 12 206.0
2012 1 169.0
2012 2 253.0
2012 3 289.0
2012 4 320.0
2012 5 336.0
2012 6 325.0
2012 7 331.0
2012 8 361.0
2012 9 350.0
2012 10 487.0
2012 11 325.0
2012 12 255.0
2013 1 290.0
2013 2 251.0
2013 3 406.0
2013 4 473.0
2013 5 457.0
2013 6 344.0
2013 7 414.0
2013 8 379.0
2013 9 418.0
2013 10 413.0
2013 11 376.0
2013 12 238.0
2014 1 258.0
2014 2 182.0
2014 3 345.0
2014 4 473.0
2014 5 421.0
2014 6 394.0
2014 7 386.0
2014 8 381.0
2014 9 409.0
2014 10 484.0
2014 11 292.0
2014 12 309.0
2015 1 224.0
2015 2 286.0
2015 3 407.0
2015 4 540.0
2015 5 454.0
2015 6 605.0
2015 7 503.0
2015 8 488.0
2015 9 456.0
2015 10 482.0
2015 11 362.0
2015 12 450.0
2016 1 256.0
2016 2 377.0
2016 3 494.0
2016 4 456.0
2016 5 418.0
2016 6 530.0
2016 7 409.0
2016 8 478.0
2016 9 406.0
2016 10 490.0
2016 11 439.0
2016 12 305.0
2017 1 394.0
2017 2 487.0
2017 3 497.0
2017 4 550.0
2017 5 550.0
2017 6 667.0
2017 7 449.0
2017 8 482.0
2017 9 446.0
2017 10 452.0
2017 11 414.0
2017 12 431.0
2018 1 320.0
2018 2 339.0
2018 3 496.0
2018 4 656.0
2018 5 657.0
2018 6 448.0
2018 7 522.0
2018 8 570.0
2018 9 460.0
2018 10 530.0
2018 11 355.0
2018 12 275.0
2019 1 256.0
2019 2 290.0
2019 3 299.0
2019 4 597.0
2019 5 444.0
2019 6 444.0
2019 7 496.0
2019 8 444.0
2019 9 404.0
2019 10 469.0
2019 11 325.0
2019 12 366.0
2020 1 335.0
2020 2 351.0
2020 3 390.0
2020 4 406.0
2020 5 395.0
2020 6 496.0
2020 7 537.0
2020 8 489.0
2020 9 621.0
2020 10 592.0
2020 11 496.0
2020 12 452.0
2021 1 378.0
2021 2 385.0
2021 3 610.0
2021 4 715.0
2021 5 575.0
2021 6 553.0
2021 7 563.0
2021 8 492.0
2021 9 572.0
2021 10 534.0
2021 11 489.0
2021 12 489.0
2022 1 441.0
2022 2 419.0
2022 3 548.0
2022 4 563.0
2022 5 584.0
2022 6 509.0
2022 7 526.0
2022 8 546.0
2022 9 452.0
2022 10 406.0
2022 11 356.0
2022 12 284.0
2023 1 313.0
2023 2 284.0
2023 3 398.0
2023 4 407.0
2023 5 505.0
2023 6 437.0
2023 7 412.0
2023 8 507.0
2023 9 443.0
2023 10 470.0
2023 11 408.0
2023 12 380.0
2024 1 264.0
2024 2 409.0
2024 3 427.0
2024 4 523.0
2024 5 505.0
2024 6 459.0
2024 7 482.0
2024 8 478.0
