1960 5 444.0
1960 6 487.0
1960 7 539.0
1960 8 545.0
1960 9 668.0
1960 10 397.0
1960 11 391.0
1960 12 307.0
1961 1 390.0
1961 2 387.0
1961 3 654.0
1961 4 468.0
1961 5 727.0
1961 6 694.0
1961 7 514.0
1961 8 487.0
1961 9 514.0
1961 10 652.0
1961 11 431.0
1961 12 277.0
1962 1 266.0
1962 2 427.0
1962 3 605.0
1962 4 659.0
1962 5 777.0
1962 6 531.0
1962 7 690.0
1962 8 533.0
1962 9 499.0
1962 10 671.0
1962 11 522.0
1962 12 342.0
1963 1 313.0
1963 2 405.0
1963 3 640.0
1963 4 779.0
1963 5 536.0
1963 6 579.0
1963 7 423.0
1963 8 571.0
1963 9 634.0
1963 10 468.0
1963 11 480.0
1963 12 344.0
1964 1 558.0
1964 2 475.0
1964 3 477.0
1964 4 740.0
1964 5 575.0
1964 6 846.0
1964 7 562.0
1964 8 570.0
1964 9 522.0
1964 10 789.0
1964 11 427.0
1964 12 481.0
1965 1 561.0
1965 2 321.0
1965 3 790.0
1965 4 848.0
1965 5 1100.0
1965 6 751.0
1965 7 735.0
1965 8 593.0
1965 9 495.0
1965 10 809.0
1965 11 815.0
1965 12 587.0
1966 1 439.0
1966 2 426.0
1966 3 724.0
1966 4 622.0
1966 5 522.0
1966 6 871.0
1966 7 391.0
1966 8 650.0
1966 9 444.0
1966 10 364.0
1966 11 345.0
1966 12 562.0
1967 1 350.0
1967 2 384.0
1967 3 666.0
1967 4 697.0
1967 5 904.0
1967 6 674.0
1967 7 626.0
1967 8 548.0
1967 9 580.0
1967 10 715.0
1967 11 506.0
1967 12 526.0
1968 1 375.0
1968 2 711.0
1968 3 929.0
1968 4 595.0
1968 5 1996.0
1968 6 824.0
1968 7 1322.0
1968 8 901.0
1968 9 963.0
1968 10 891.0
1968 11 687.0
1968 12 821.0
1969 1 570.0
1969 2 1054.0
1969 3 643.0
1969 4 860.0
1969 5 717.0
1969 6 933.0
1969 7 1152.0
1969 8 1097.0
1969 9 853.0
1969 10 534.0
1969 11 323.0
1969 12 633.0
1970 1 2179.0
1970 2 485.0
1970 3 1037.0
1970 4 790.0
1970 5 677.0
1970 6 852.0
1970 7 763.0
1970 8 400.0
1970 9 481.0
1970 10 615.0
1970 11 776.0
1970 12 694.0
1971 1 707.0
1971 2 562.0
1971 3 1564.0
1971 4 1269.0
1971 5 1515.0
1971 6 886.0
1971 7 1144.0
1971 8 1021.0
1971 9 842.0
1971 10 759.0
1971 11 1326.0
1971 12 731.0
1972 1 932.0
1972 2 971.0
1972 3 2406.0
1972 4 1286.0
1972 5 1559.0
1972 6 863.0
1972 7 1032.0
1972 8 1284.0
1972 9 1277.0
1972 10 1117.0
1972 11 1129.0
1972 12 808.0
1973 1 398.0
1973 2 1016.0
1973 3 1083.0
1973 4 1128.0
1973 5 1571.0
1973 6 1440.0
1973 7 615.0
1973 8 836.0
1973 9 853.0
1973 10 1287.0
1973 11 1346.0
1973 12 631.0
1974 1 538.0
1974 2 457.0
1974 3 778.0
1974 4 764.0
1974 5 690.0
1974 6 562.0
1974 7 783.0
1974 8 422.0
1974 9 464.0
1974 10 726.0
1974 11 463.0
1974 12 493.0
1975 1 304.0
1975 2 467.0
1975 3 772.0
1975 4 1201.0
1975 5 825.0
1975 6 1111.0
1975 7 1071.0
1975 8 832.0
1975 9 938.0
1975 10 1081.0
1975 11 826.0
1975 12 1166.0
1976 1 668.0
1976 2 955.0
1976 3 1693.0
1976 4 1161.0
1976 5 1449.0
1976 6 1247.0
1976 7 1337.0
1976 8 1243.0
1976 9 1365.0
1976 10 1475.0
1976 11 1267.0
1976 12 1745.0
1977 1 563.0
1977 2 1108.0
1977 3 2042.0
1977 4 1536.0
1977 5 1200.0
1977 6 1286.0
1977 7 1522.0
1977 8 1380.0
1977 9 1110.0
1977 10 1510.0
1977 11 1291.0
1977 12 1184.0
1978 1 588.0
1978 2 757.0
1978 3 1355.0
1978 4 1494.0
1978 5 1597.0
1978 6 1466.0
1978 7 1424.0
1978 8 1203.0
1978 9 1815.0
1978 10 1047.0
1978 11 1268.0
1978 12 937.0
1979 1 272.0
1979 2 794.0
1979 3 1293.0
1979 4 1551.0
1979 5 1788.0
1979 6 1262.0
1979 7 907.0
1979 8 925.0
1979 9 1158.0
1979 10 1050.0
1979 11 666.0
1979 12 400.0
1980 1 415.0
1980 2 341.0
1980 3 550.0
1980 4 396.0
1980 5 497.0
1980 6 896.0
1980 7 828.0
1980 8 872.0
1980 9 2136.0
1980 10 1886.0
1980 11 833.0
1980 12 546.0
1981 1 567.0
1981 2 543.0
1981 3 1832.0
1981 4 676.0
1981 5 654.0
1981 6 610.0
1981 7 646.0
1981 8 386.0
1981 9 530.0
1981 10 468.0
1981 11 582.0
1981 12 434.0
1982 1 312.0
1982 2 296.0
1982 3 1053.0
1982 4 601.0
1982 5 748.0
1982 6 689.0
1982 7 1016.0
1982 8 543.0
1982 9 1205.0
1982 10 990.0
1982 11 1052.0
1982 12 503.0
1983 1 523.0
1983 2 555.0
1983 3 1321.0
1983 4 1531.0
1983 5 1425.0
1983 6 1251.0
1983 7 1023.0
1983 8 1160.0
1983 9 1579.0
1983 10 1032.0
1983 11 1157.0
1983 12 1042.0
1984 1 766.0
1984 2 956.0
1984 3 1549.0
1984 4 1368.0
1984 5 1316.0
1984 6 1519.0
1984 7 1979.0
1984 8 992.0
1984 9 1391.0
1984 10 955.0
1984 11 1791.0
1984 12 1438.0
1985 1 570.0
1985 2 447.0
1985 3 1232.0
1985 4 1150.0
1985 5 1408.0
1985 6 1311.0
1985 7 1386.0
1985 8 981.0
1985 9 1067.0
1985 10 2164.0
1985 11 743.0
1985 12 813.0
1986 1 660.0
1986 2 552.0
1986 3 1340.0
1986 4 1312.0
1986 5 1733.0
1986 6 1001.0
1986 7 1582.0
1986 8 1210.0
1986 9 905.0
1986 10 851.0
1986 11 706.0
1986 12 839.0
1987 1 1170.0
1987 2 673.0
1987 3 917.0
1987 4 1466.0
1987 5 952.0
1987 6 1096.0
1987 7 958.0
1987 8 770.0
1987 9 1207.0
1987 10 940.0
1987 11 764.0
1987 12 596.0
1988 1 421.0
1988 2 582.0
1988 3 904.0
1988 4 916.0
1988 5 949.0
1988 6 926.0
1988 7 900.0
1988 8 843.0
1988 9 799.0
1988 10 998.0
1988 11 623.0
1988 12 977.0
1989 1 533.0
1989 2 473.0
1989 3 818.0
1989 4 785.0
1989 5 749.0
1989 6 755.0
1989 7 764.0
1989 8 697.0
1989 9 981.0
1989 10 809.0
1989 11 969.0
1989 12 879.0
1990 1 1019.0
1990 2 442.0
1990 3 775.0
1990 4 820.0
1990 5 700.0
1990 6 688.0
1990 7 672.0
1990 8 685.0
1990 9 550.0
1990 10 691.0
1990 11 716.0
1990 12 352.0
1991 1 288.0
1991 2 528.0
1991 3 684.0
1991 4 780.0
1991 5 758.0
1991 6 678.0
1991 7 735.0
1991 8 610.0
1991 9 640.0
1991 10 634.0
1991 11 508.0
1991 12 597.0
1992 1 629.0
1992 2 776.0
1992 3 855.0
1992 4 924.0
1992 5 1021.0
1992 6 833.0
1992 7 733.0
1992 8 723.0
1992 9 686.0
1992 10 730.0
1992 11 752.0
1992 12 650.0
1993 1 472.0
1993 2 633.0
1993 3 1041.0
1993 4 975.0
1993 5 1195.0
1993 6 1053.0
1993 7 809.0
1993 8 959.0
1993 9 968.0
1993 10 910.0
1993 11 998.0
1993 12 846.0
1994 1 626.0
1994 2 982.0
1994 3 1344.0
1994 4 1302.0
1994 5 1059.0
1994 6 935.0
1994 7 988.0
1994 8 1575.0
1994 9 963.0
1994 10 1520.0
1994 11 874.0
1994 12 702.0
1995 1 730.0
1995 2 629.0
1995 3 944.0
1995 4 795.0
1995 5 852.0
1995 6 885.0
1995 7 1020.0
1995 8 1232.0
1995 9 1268.0
1995 10 1541.0
1995 11 1095.0
1995 12 909.0
1996 1 604.0
1996 2 1147.0
1996 3 2303.0
1996 4 1467.0
1996 5 1718.0
1996 6 1285.0
1996 7 1147.0
1996 8 1088.0
1996 9 1221.0
1996 10 1046.0
1996 11 955.0
1996 12 891.0
1997 1 721.0
1997 2 910.0
1997 3 914.0
1997 4 1157.0
1997 5 1213.0
1997 6 1349.0
1997 7 899.0
1997 8 1066.0
1997 9 1803.0
1997 10 1349.0
1997 11 869.0
1997 12 1200.0
1998 1 611.0
1998 2 1447.0
1998 3 1003.0
1998 4 1301.0
1998 5 1064.0
1998 6 1063.0
1998 7 1437.0
1998 8 980.0
1998 9 1174.0
1998 10 1189.0
1998 11 1397.0
1998 12 1778.0
1999 1 708.0
1999 2 936.0
1999 3 1604.0
1999 4 1573.0
1999 5 1356.0
1999 6 1557.0
1999 7 1088.0
1999 8 1251.0
1999 9 1124.0
1999 10 1447.0
1999 11 1184.0
1999 12 1006.0
2000 1 993.0
2000 2 1499.0
2000 3 1047.0
2000 4 1318.0
2000 5 1197.0
2000 6 920.0
2000 7 780.0
2000 8 857.0
2000 9 836.0
2000 10 1592.0
2000 11 800.0
2000 12 468.0
2001 1 1120.0
2001 2 1381.0
2001 3 1386.0
2001 4 1029.0
2001 5 1512.0
2001 6 1022.0
2001 7 833.0
2001 8 1267.0
2001 9 817.0
2001 10 967.0
2001 11 877.0
2001 12 1174.0
2002 1 594.0
2002 2 803.0
2002 3 999.0
2002 4 1001.0
2002 5 1038.0
2002 6 1473.0
2002 7 1170.0
2002 8 1025.0
2002 9 805.0
2002 10 1139.0
2002 11 986.0
2002 12 763.0
2003 1 985.0
2003 2 828.0
2003 3 965.0
2003 4 1013.0
2003 5 1056.0
2003 6 1148.0
2003 7 1236.0
2003 8 1152.0
2003 9 1183.0
2003 10 1874.0
2003 11 1236.0
2003 12 1162.0
2004 1 634.0
2004 2 716.0
2004 3 1254.0
2004 4 1167.0
2004 5 1050.0
2004 6 1097.0
2004 7 1090.0
2004 8 1040.0
2004 9 1195.0
2004 10 787.0
2004 11 895.0
2004 12 1042.0
2005 1 593.0
2005 2 970.0
2005 3 1335.0
2005 4 1310.0
2005 5 1164.0
2005 6 1271.0
2005 7 1367.0
2005 8 1172.0
2005 9 1203.0
2005 10 1201.0
2005 11 1621.0
2005 12 1059.0
2006 1 822.0
2006 2 1097.0
2006 3 1267.0
2006 4 979.0
2006 5 1162.0
2006 6 1633.0
2006 7 1215.0
2006 8 904.0
2006 9 1052.0
2006 10 1130.0
2006 11 1037.0
2006 12 735.0
2007 1 759.0
2007 2 534.0
2007 3 1056.0
2007 4 989.0
2007 5 1143.0
2007 6 914.0
2007 7 663.0
2007 8 717.0
2007 9 767.0
2007 10 771.0
2007 11 953.0
2007 12 841.0
2008 1 923.0
2008 2 688.0
2008 3 592.0
2008 4 608.0
2008 5 546.0
2008 6 503.0
2008 7 940.0
2008 8 560.0
2008 9 722.0
2008 10 672.0
2008 11 482.0
2008 12 235.0
2009 1 178.0
2009 2 276.0
2009 3 1163.0
2009 4 537.0
2009 5 399.0
2009 6 473.0
2009 7 448.0
2009 8 633.0
2009 9 416.0
2009 10 805.0
2009 11 717.0
2009 12 715.0
2010 1 246.0
2010 2 238.0
2010 3 465.0
2010 4 410.0
2010 5 393.0
2010 6 645.0
2010 7 458.0
2010 8 413.0
2010 9 411.0
2010 10 329.0
2010 11 384.0
2010 12 312.0
2011 1 318.0
2011 2 240.0
2011 3 457.0
2011 4 359.0
2011 5 416.0
2011 6 373.0
2011 7 715.0
2011 8 509.0
2011 9 701.0
2011 10 346.0
2011 11 270.0
2011 12 255.0
2012 1 209.0
2012 2 303.0
2012 3 386.0
2012 4 651.0
2012 5 496.0
2012 6 760.0
2012 7 538.0
2012 8 567.0
2012 9 617.0
2012 10 842.0
2012 11 566.0
2012 12 365.0
2013 1 595.0
2013 2 407.0
2013 3 489.0
2013 4 1740.0
2013 5 471.0
2013 6 472.0
2013 7 513.0
2013 8 607.0
2013 9 593.0
2013 10 661.0
2013 11 612.0
2013 12 447.0
2014 1 701.0
2014 2 211.0
2014 3 687.0
2014 4 544.0
2014 5 518.0
2014 6 613.0
2014 7 450.0
2014 8 497.0
2014 9 1305.0
2014 10 1067.0
2014 11 955.0
2014 12 397.0
2015 1 345.0
2015 2 599.0
2015 3 638.0
2015 4 919.0
2015 5 641.0
2015 6 699.0
2015 7 712.0
2015 8 570.0
2015 9 917.0
2015 10 554.0
2015 11 624.0
2015 12 481.0
2016 1 276.0
2016 2 556.0
2016 3 784.0
2016 4 1239.0
2016 5 507.0
2016 6 732.0
2016 7 922.0
2016 8 995.0
2016 9 732.0
2016 10 611.0
2016 11 522.0
2016 12 386.0
2017 1 497.0
2017 2 796.0
2017 3 612.0
2017 4 701.0
2017 5 774.0
2017 6 825.0
2017 7 607.0
2017 8 1079.0
2017 9 994.0
2017 10 577.0
2017 11 666.0
2017 12 799.0
2018 1 451.0
2018 2 401.0
2018 3 773.0
2018 4 792.0
2018 5 1001.0
2018 6 586.0
2018 7 714.0
2018 8 1346.0
2018 9 766.0
2018 10 1340.0
2018 11 499.0
2018 12 379.0
2019 1 428.0
2019 2 366.0
2019 3 507.0
2019 4 869.0
2019 5 782.0
2019 6 611.0
2019 7 622.0
2019 8 927.0
2019 9 699.0
2019 10 893.0
2019 11 464.0
2019 12 497.0
2020 1 512.0
2020 2 523.0
2020 3 427.0
2020 4 580.0
2020 5 593.0
2020 6 537.0
2020 7 1034.0
2020 8 573.0
2020 9 947.0
2020 10 691.0
2020 11 532.0
2020 12 824.0
2021 1 495.0
2021 2 846.0
2021 3 764.0
2021 4 889.0
2021 5 745.0
2021 6 639.0
2021 7 724.0
2021 8 808.0
2021 9 819.0
2021 10 578.0
2021 11 793.0
2021 12 855.0
2022 1 1161.0
2022 2 471.0
2022 3 735.0
2022 4 1025.0
2022 5 739.0
2022 6 759.0
2022 7 840.0
2022 8 704.0
2022 9 858.0
2022 10 777.0
2022 11 460.0
2022 12 420.0
2023 1 492.0
2023 2 349.0
2023 3 548.0
2023 4 561.0
2023 5 1132.0
2023 6 750.0
2023 7 630.0
2023 8 1413.0
2023 9 649.0
2023 10 565.0
2023 11 861.0
2023 12 777.0
2024 1 594.0
2024 2 852.0
2024 3 897.0
2024 4 907.0
2024 5 857.0
2024 6 647.0
2024 7 634.0
2024 8 1036.0
