1960 5 18.0
1960 6 46.0
1960 7 8.0
1960 8 35.0
1960 9 24.0
1960 10 28.0
1960 11 48.0
1960 12 19.0
1961 1 42.0
1961 2 20.0
1961 3 56.0
1961 4 36.0
1961 5 61.0
1961 6 67.0
1961 7 74.0
1961 8 78.0
1961 9 46.0
1961 10 56.0
1961 11 31.0
1961 12 52.0
1962 1 24.0
1962 2 36.0
1962 3 89.0
1962 4 41.0
1962 5 42.0
1962 6 70.0
1962 7 108.0
1962 8 100.0
1962 9 75.0
1962 10 113.0
1962 11 38.0
1962 12 77.0
1963 1 61.0
1963 2 37.0
1963 3 69.0
1963 4 86.0
1963 5 30.0
1963 6 48.0
1963 7 31.0
1963 8 220.0
1963 9 50.0
1963 10 81.0
1963 11 26.0
1963 12 38.0
1964 1 14.0
1964 2 39.0
1964 3 54.0
1964 4 74.0
1964 5 32.0
1964 6 44.0
1964 7 59.0
1964 8 28.0
1964 9 19.0
1964 10 38.0
1964 11 24.0
1964 12 25.0
1965 1 64.0
1965 2 50.0
1965 3 60.0
1965 4 92.0
1965 5 56.0
1965 6 96.0
1965 7 20.0
1965 8 32.0
1965 9 72.0
1965 10 85.0
1965 11 34.0
1965 12 23.0
1966 1 35.0
1966 2 26.0
1966 3 86.0
1966 4 60.0
1966 5 49.0
1966 6 74.0
1966 7 43.0
1966 8 16.0
1966 9 20.0
1966 10 90.0
1966 11 42.0
1966 12 53.0
1967 1 34.0
1967 2 18.0
1967 3 107.0
1967 4 48.0
1967 5 54.0
1967 6 20.0
1967 7 42.0
1967 8 46.0
1967 9 63.0
1967 10 53.0
1967 11 44.0
1967 12 24.0
1968 1 12.0
1968 2 152.0
1968 3 98.0
1968 4 106.0
1968 5 126.0
1968 6 24.0
1968 7 47.0
1968 8 32.0
1968 9 26.0
1968 10 142.0
1968 11 48.0
1968 12 171.0
1969 1 32.0
1969 2 44.0
1969 3 208.0
1969 4 357.0
1969 5 14.0
1969 6 48.0
1969 7 81.0
1969 8 26.0
1969 9 48.0
1969 10 44.0
1969 11 39.0
1969 12 165.0
1970 1 222.0
1970 2 48.0
1970 3 122.0
1970 4 63.0
1970 5 145.0
1970 6 140.0
1970 7 70.0
1970 8 54.0
1970 9 106.0
1970 10 56.0
1970 11 82.0
1970 12 103.0
1971 1 44.0
1971 2 106.0
1971 3 130.0
1971 4 109.0
1971 5 150.0
1971 6 112.0
1971 7 191.0
1971 8 58.0
1971 9 120.0
1971 10 88.0
1971 11 122.0
1971 12 156.0
1972 1 123.0
1972 2 104.0
1972 3 124.0
1972 4 142.0
1972 5 105.0
1972 6 142.0
1972 7 142.0
1972 8 102.0
1972 9 97.0
1972 10 155.0
1972 11 59.0
1972 12 85.0
1973 1 46.0
1973 2 124.0
1973 3 153.0
1973 4 198.0
1973 5 151.0
1973 6 119.0
1973 7 91.0
1973 8 46.0
1973 9 30.0
1973 10 169.0
1973 11 100.0
1973 12 35.0
1974 1 17.0
1974 2 69.0
1974 3 34.0
1974 4 108.0
1974 5 78.0
1974 6 69.0
1974 7 65.0
1974 8 19.0
1974 9 46.0
1974 10 64.0
1974 11 65.0
1974 12 44.0
1975 1 17.0
1975 2 25.0
1975 3 49.0
1975 4 253.0
1975 5 79.0
1975 6 85.0
1975 7 158.0
1975 8 65.0
1975 9 118.0
1975 10 157.0
1975 11 47.0
1975 12 58.0
1976 1 67.0
1976 2 193.0
1976 3 197.0
1976 4 171.0
1976 5 100.0
1976 6 118.0
1976 7 106.0
1976 8 137.0
1976 9 132.0
1976 10 153.0
1976 11 92.0
1976 12 101.0
1977 1 36.0
1977 2 121.0
1977 3 142.0
1977 4 118.0
1977 5 150.0
1977 6 120.0
1977 7 122.0
1977 8 111.0
1977 9 174.0
1977 10 279.0
1977 11 203.0
1977 12 113.0
1978 1 108.0
1978 2 36.0
1978 3 209.0
1978 4 104.0
1978 5 169.0
1978 6 220.0
1978 7 108.0
1978 8 182.0
1978 9 262.0
1978 10 157.0
1978 11 172.0
1978 12 48.0
1979 1 62.0
1979 2 62.0
1979 3 170.0
1979 4 202.0
1979 5 173.0
1979 6 150.0
1979 7 89.0
1979 8 126.0
1979 9 140.0
1979 10 146.0
1979 11 74.0
1979 12 102.0
1980 1 64.0
1980 2 56.0
1980 3 226.0
1980 4 63.0
1980 5 82.0
1980 6 210.0
1980 7 147.0
1980 8 235.0
1980 9 402.0
1980 10 970.0
1980 11 219.0
1980 12 120.0
1981 1 78.0
1981 2 114.0
1981 3 232.0
1981 4 66.0
1981 5 110.0
1981 6 135.0
1981 7 131.0
1981 8 65.0
1981 9 122.0
1981 10 115.0
1981 11 158.0
1981 12 100.0
1982 1 82.0
1982 2 57.0
1982 3 156.0
1982 4 112.0
1982 5 86.0
1982 6 205.0
1982 7 118.0
1982 8 108.0
1982 9 527.0
1982 10 231.0
1982 11 156.0
1982 12 114.0
1983 1 111.0
1983 2 147.0
1983 3 297.0
1983 4 312.0
1983 5 237.0
1983 6 206.0
1983 7 228.0
1983 8 354.0
1983 9 250.0
1983 10 289.0
1983 11 222.0
1983 12 164.0
1984 1 183.0
1984 2 149.0
1984 3 254.0
1984 4 205.0
1984 5 261.0
1984 6 280.0
1984 7 218.0
1984 8 182.0
1984 9 185.0
1984 10 136.0
1984 11 242.0
1984 12 106.0
1985 1 271.0
1985 2 94.0
1985 3 144.0
1985 4 207.0
1985 5 150.0
1985 6 260.0
1985 7 248.0
1985 8 221.0
1985 9 116.0
1985 10 117.0
1985 11 95.0
1985 12 117.0
1986 1 128.0
1986 2 104.0
1986 3 211.0
1986 4 169.0
1986 5 105.0
1986 6 99.0
1986 7 73.0
1986 8 131.0
1986 9 86.0
1986 10 142.0
1986 11 102.0
1986 12 191.0
1987 1 66.0
1987 2 105.0
1987 3 117.0
1987 4 116.0
1987 5 115.0
1987 6 111.0
1987 7 103.0
1987 8 62.0
1987 9 126.0
1987 10 108.0
1987 11 95.0
1987 12 89.0
1988 1 38.0
1988 2 49.0
1988 3 101.0
1988 4 107.0
1988 5 81.0
1988 6 108.0
1988 7 51.0
1988 8 113.0
1988 9 104.0
1988 10 81.0
1988 11 36.0
1988 12 79.0
1989 1 42.0
1989 2 55.0
1989 3 88.0
1989 4 76.0
1989 5 109.0
1989 6 87.0
1989 7 60.0
1989 8 58.0
1989 9 209.0
1989 10 50.0
1989 11 36.0
1989 12 51.0
1990 1 173.0
1990 2 23.0
1990 3 181.0
1990 4 86.0
1990 5 63.0
1990 6 34.0
1990 7 77.0
1990 8 26.0
1990 9 32.0
1990 10 45.0
1990 11 79.0
1990 12 24.0
1991 1 15.0
1991 2 102.0
1991 3 22.0
1991 4 79.0
1991 5 31.0
1991 6 90.0
1991 7 29.0
1991 8 50.0
1991 9 45.0
1991 10 38.0
1991 11 68.0
1991 12 17.0
1992 1 32.0
1992 2 54.0
1992 3 38.0
1992 4 68.0
1992 5 62.0
1992 6 53.0
1992 7 27.0
1992 8 31.0
1992 9 36.0
1992 10 71.0
1992 11 57.0
1992 12 28.0
1993 1 27.0
1993 2 74.0
1993 3 55.0
1993 4 65.0
1993 5 71.0
1993 6 35.0
1993 7 21.0
1993 8 34.0
1993 9 118.0
1993 10 78.0
1993 11 43.0
1993 12 74.0
1994 1 20.0
1994 2 21.0
1994 3 75.0
1994 4 152.0
1994 5 52.0
1994 6 23.0
1994 7 80.0
1994 8 88.0
1994 9 40.0
1994 10 57.0
1994 11 104.0
1994 12 70.0
1995 1 43.0
1995 2 29.0
1995 3 54.0
1995 4 75.0
1995 5 33.0
1995 6 59.0
1995 7 76.0
1995 8 28.0
1995 9 80.0
1995 10 126.0
1995 11 66.0
1995 12 52.0
1996 1 40.0
1996 2 88.0
1996 3 141.0
1996 4 78.0
1996 5 103.0
1996 6 58.0
1996 7 96.0
1996 8 87.0
1996 9 96.0
1996 10 106.0
1996 11 57.0
1996 12 99.0
1997 1 69.0
1997 2 160.0
1997 3 115.0
1997 4 65.0
1997 5 52.0
1997 6 84.0
1997 7 105.0
1997 8 52.0
1997 9 92.0
1997 10 194.0
1997 11 34.0
1997 12 23.0
1998 1 53.0
1998 2 48.0
1998 3 75.0
1998 4 198.0
1998 5 75.0
1998 6 35.0
1998 7 108.0
1998 8 86.0
1998 9 101.0
1998 10 68.0
1998 11 100.0
1998 12 311.0
1999 1 54.0
1999 2 51.0
1999 3 68.0
1999 4 55.0
1999 5 74.0
1999 6 106.0
1999 7 48.0
1999 8 112.0
1999 9 58.0
1999 10 96.0
1999 11 64.0
1999 12 107.0
2000 1 72.0
2000 2 54.0
2000 3 82.0
2000 4 60.0
2000 5 41.0
2000 6 40.0
2000 7 30.0
2000 8 74.0
2000 9 36.0
2000 10 78.0
2000 11 65.0
2000 12 65.0
2001 1 50.0
2001 2 96.0
2001 3 84.0
2001 4 67.0
2001 5 98.0
2001 6 51.0
2001 7 50.0
2001 8 127.0
2001 9 90.0
2001 10 110.0
2001 11 52.0
2001 12 78.0
2002 1 75.0
2002 2 69.0
2002 3 73.0
2002 4 162.0
2002 5 79.0
2002 6 100.0
2002 7 106.0
2002 8 170.0
2002 9 98.0
2002 10 106.0
2002 11 66.0
2002 12 46.0
2003 1 93.0
2003 2 47.0
2003 3 36.0
2003 4 164.0
2003 5 115.0
2003 6 61.0
2003 7 167.0
2003 8 71.0
2003 9 55.0
2003 10 66.0
2003 11 300.0
2003 12 47.0
2004 1 40.0
2004 2 14.0
2004 3 33.0
2004 4 66.0
2004 5 45.0
2004 6 59.0
2004 7 91.0
2004 8 42.0
2004 9 35.0
2004 10 55.0
2004 11 94.0
2004 12 189.0
2005 1 28.0
2005 2 64.0
2005 3 120.0
2005 4 106.0
2005 5 108.0
2005 6 40.0
2005 7 95.0
2005 8 106.0
2005 9 61.0
2005 10 54.0
2005 11 44.0
2005 12 120.0
2006 1 23.0
2006 2 81.0
2006 3 78.0
2006 4 40.0
2006 5 61.0
2006 6 54.0
2006 7 284.0
2006 8 60.0
2006 9 89.0
2006 10 131.0
2006 11 56.0
2006 12 32.0
2007 1 20.0
2007 2 21.0
2007 3 40.0
2007 4 58.0
2007 5 71.0
2007 6 71.0
2007 7 37.0
2007 8 23.0
2007 9 88.0
2007 10 79.0
2007 11 26.0
2007 12 25.0
2008 1 10.0
2008 2 4.0
2008 3 44.0
2008 4 40.0
2008 5 20.0
2008 6 9.0
2008 7 49.0
2008 8 41.0
2008 9 14.0
2008 10 25.0
2008 11 17.0
2008 12 46.0
2009 1 12.0
2009 2 6.0
2009 3 48.0
2009 4 108.0
2009 5 16.0
2009 6 30.0
2009 7 6.0
2009 8 44.0
2009 9 15.0
2009 10 17.0
2009 11 346.0
2009 12 33.0
2010 1 10.0
2010 2 26.0
2010 3 63.0
2010 4 17.0
2010 5 32.0
2010 6 31.0
2010 7 13.0
2010 8 39.0
2010 9 12.0
2010 10 46.0
2010 11 35.0
2010 12 30.0
2011 1 5.0
2011 2 42.0
2011 3 48.0
2011 4 39.0
2011 5 34.0
2011 6 17.0
2011 7 28.0
2011 8 20.0
2011 9 48.0
2011 10 36.0
2011 11 13.0
2011 12 16.0
2012 1 22.0
2012 2 6.0
2012 3 16.0
2012 4 22.0
2012 5 58.0
2012 6 46.0
2012 7 38.0
2012 8 30.0
2012 9 47.0
2012 10 59.0
2012 11 49.0
2012 12 36.0
2013 1 19.0
2013 2 35.0
2013 3 15.0
2013 4 34.0
2013 5 14.0
2013 6 66.0
2013 7 79.0
2013 8 51.0
2013 9 60.0
2013 10 57.0
2013 11 12.0
2013 12 14.0
2014 1 21.0
2014 2 20.0
2014 3 54.0
2014 4 51.0
2014 5 21.0
2014 6 50.0
2014 7 32.0
2014 8 20.0
2014 9 37.0
2014 10 38.0
2014 11 38.0
2014 12 21.0
2015 1 8.0
2015 2 10.0
2015 3 25.0
2015 4 30.0
2015 5 24.0
2015 6 46.0
2015 7 25.0
2015 8 45.0
2015 9 24.0
2015 10 29.0
2015 11 26.0
2015 12 25.0
2016 1 11.0
2016 2 9.0
2016 3 32.0
2016 4 38.0
2016 5 23.0
2016 6 44.0
2016 7 35.0
2016 8 58.0
2016 9 41.0
2016 10 25.0
2016 11 35.0
2016 12 35.0
2017 1 34.0
2017 2 23.0
2017 3 46.0
2017 4 41.0
2017 5 20.0
2017 6 27.0
2017 7 34.0
2017 8 74.0
2017 9 33.0
2017 10 32.0
2017 11 40.0
2017 12 23.0
2018 1 96.0
2018 2 27.0
2018 3 50.0
2018 4 33.0
2018 5 43.0
2018 6 78.0
2018 7 71.0
2018 8 49.0
2018 9 65.0
2018 10 44.0
2018 11 21.0
2018 12 17.0
2019 1 33.0
2019 2 18.0
2019 3 28.0
2019 4 81.0
2019 5 43.0
2019 6 68.0
2019 7 74.0
2019 8 57.0
2019 9 67.0
2019 10 59.0
2019 11 79.0
2019 12 75.0
2020 1 55.0
2020 2 84.0
2020 3 22.0
2020 4 40.0
2020 5 40.0
2020 6 20.0
2020 7 54.0
2020 8 63.0
2020 9 70.0
2020 10 78.0
2020 11 18.0
2020 12 60.0
2021 1 73.0
2021 2 45.0
2021 3 64.0
2021 4 74.0
2021 5 86.0
2021 6 46.0
2021 7 48.0
2021 8 26.0
2021 9 62.0
2021 10 36.0
2021 11 51.0
2021 12 87.0
2022 1 140.0
2022 2 42.0
2022 3 127.0
2022 4 191.0
2022 5 81.0
2022 6 43.0
2022 7 122.0
2022 8 72.0
2022 9 103.0
2022 10 80.0
2022 11 30.0
2022 12 96.0
2023 1 135.0
2023 2 38.0
2023 3 63.0
2023 4 57.0
2023 5 164.0
2023 6 95.0
2023 7 72.0
2023 8 162.0
2023 9 114.0
2023 10 78.0
2023 11 89.0
2023 12 66.0
2024 1 157.0
2024 2 153.0
2024 3 142.0
2024 4 91.0
2024 5 68.0
2024 6 112.0
2024 7 121.0
2024 8 223.0
