1960 5 859.0
1960 6 861.0
1960 7 657.0
1960 8 487.0
1960 9 575.0
1960 10 580.0
1960 11 518.0
1960 12 487.0
1961 1 287.0
1961 2 322.0
1961 3 609.0
1961 4 677.0
1961 5 653.0
1961 6 820.0
1961 7 639.0
1961 8 610.0
1961 9 659.0
1961 10 577.0
1961 11 433.0
1961 12 248.0
1962 1 332.0
1962 2 598.0
1962 3 669.0
1962 4 701.0
1962 5 929.0
1962 6 745.0
1962 7 743.0
1962 8 750.0
1962 9 812.0
1962 10 755.0
1962 11 726.0
1962 12 419.0
1963 1 420.0
1963 2 568.0
1963 3 771.0
1963 4 955.0
1963 5 835.0
1963 6 921.0
1963 7 979.0
1963 8 824.0
1963 9 948.0
1963 10 1228.0
1963 11 694.0
1963 12 454.0
1964 1 624.0
1964 2 733.0
1964 3 1182.0
1964 4 1336.0
1964 5 1050.0
1964 6 1259.0
1964 7 1180.0
1964 8 958.0
1964 9 1046.0
1964 10 1199.0
1964 11 1209.0
1964 12 733.0
1965 1 712.0
1965 2 948.0
1965 3 1347.0
1965 4 1336.0
1965 5 1106.0
1965 6 1744.0
1965 7 1070.0
1965 8 1102.0
1965 9 1078.0
1965 10 1017.0
1965 11 973.0
1965 12 851.0
1966 1 589.0
1966 2 627.0
1966 3 1144.0
1966 4 999.0
1966 5 650.0
1966 6 729.0
1966 7 652.0
1966 8 832.0
1966 9 487.0
1966 10 613.0
1966 11 264.0
1966 12 310.0
1967 1 581.0
1967 2 502.0
1967 3 737.0
1967 4 694.0
1967 5 1224.0
1967 6 1741.0
1967 7 790.0
1967 8 1003.0
1967 9 1015.0
1967 10 975.0
1967 11 854.0
1967 12 591.0
1968 1 460.0
1968 2 938.0
1968 3 754.0
1968 4 1698.0
1968 5 1335.0
1968 6 1084.0
1968 7 1604.0
1968 8 1167.0
1968 9 1103.0
1968 10 1717.0
1968 11 1431.0
1968 12 958.0
1969 1 1038.0
1969 2 1128.0
1969 3 1204.0
1969 4 1416.0
1969 5 1225.0
1969 6 1925.0
1969 7 1482.0
1969 8 1529.0
1969 9 981.0
1969 10 822.0
1969 11 667.0
1969 12 511.0
1970 1 495.0
1970 2 909.0
1970 3 1157.0
1970 4 1632.0
1970 5 885.0
1970 6 1130.0
1970 7 1437.0
1970 8 1338.0
1970 9 1818.0
1970 10 890.0
1970 11 1694.0
1970 12 1684.0
1971 1 955.0
1971 2 1065.0
1971 3 2101.0
1971 4 1809.0
1971 5 2529.0
1971 6 2154.0
1971 7 1822.0
1971 8 1249.0
1971 9 3798.0
1971 10 1561.0
1971 11 2182.0
1971 12 1921.0
1972 1 1195.0
1972 2 1492.0
1972 3 2713.0
1972 4 1998.0
1972 5 1987.0
1972 6 2058.0
1972 7 1750.0
1972 8 2157.0
1972 9 2995.0
1972 10 1724.0
1972 11 2634.0
1972 12 1422.0
1973 1 1267.0
1973 2 1106.0
1973 3 1026.0
1973 4 2170.0
1973 5 1464.0
1973 6 1799.0
1973 7 780.0
1973 8 901.0
1973 9 936.0
1973 10 1076.0
1973 11 805.0
1973 12 646.0
1974 1 601.0
1974 2 777.0
1974 3 985.0
1974 4 877.0
1974 5 1307.0
1974 6 847.0
1974 7 722.0
1974 8 983.0
1974 9 477.0
1974 10 574.0
1974 11 257.0
1974 12 236.0
1975 1 354.0
1975 2 404.0
1975 3 530.0
1975 4 904.0
1975 5 733.0
1975 6 1312.0
1975 7 752.0
1975 8 1031.0
1975 9 656.0
1975 10 774.0
1975 11 759.0
1975 12 496.0
1976 1 416.0
1976 2 625.0
1976 3 1362.0
1976 4 1002.0
1976 5 970.0
1976 6 785.0
1976 7 833.0
1976 8 1455.0
1976 9 1696.0
1976 10 1148.0
1976 11 1019.0
1976 12 804.0
1977 1 253.0
1977 2 957.0
1977 3 1415.0
1977 4 2542.0
1977 5 1316.0
1977 6 1745.0
1977 7 1560.0
1977 8 1869.0
1977 9 1806.0
1977 10 1370.0
1977 11 935.0
1977 12 1313.0
1978 1 571.0
1978 2 585.0
1978 3 1294.0
1978 4 1856.0
1978 5 1653.0
1978 6 1587.0
1978 7 1449.0
1978 8 1523.0
1978 9 1518.0
1978 10 1558.0
1978 11 1312.0
1978 12 656.0
1979 1 439.0
1979 2 412.0
1979 3 1215.0
1979 4 1413.0
1979 5 1536.0
1979 6 1227.0
1979 7 1068.0
1979 8 1264.0
1979 9 2297.0
1979 10 980.0
1979 11 875.0
1979 12 935.0
1980 1 504.0
1980 2 450.0
1980 3 647.0
1980 4 617.0
1980 5 984.0
1980 6 1835.0
1980 7 778.0
1980 8 1151.0
1980 9 1277.0
1980 10 883.0
1980 11 599.0
1980 12 579.0
1981 1 490.0
1981 2 433.0
1981 3 794.0
1981 4 748.0
1981 5 877.0
1981 6 580.0
1981 7 635.0
1981 8 682.0
1981 9 535.0
1981 10 344.0
1981 11 411.0
1981 12 588.0
1982 1 164.0
1982 2 287.0
1982 3 1134.0
1982 4 462.0
1982 5 376.0
1982 6 412.0
1982 7 557.0
1982 8 651.0
1982 9 1142.0
1982 10 825.0
1982 11 685.0
1982 12 628.0
1983 1 603.0
1983 2 571.0
1983 3 969.0
1983 4 754.0
1983 5 773.0
1983 6 1092.0
1983 7 1680.0
1983 8 1550.0
1983 9 1097.0
1983 10 858.0
1983 11 740.0
1983 12 449.0
1984 1 570.0
1984 2 895.0
1984 3 1590.0
1984 4 838.0
1984 5 938.0
1984 6 1334.0
1984 7 1096.0
1984 8 1304.0
1984 9 816.0
1984 10 1397.0
1984 11 945.0
1984 12 653.0
1985 1 576.0
1985 2 543.0
1985 3 1520.0
1985 4 1442.0
1985 5 838.0
1985 6 1664.0
1985 7 1112.0
1985 8 1030.0
1985 9 957.0
1985 10 1789.0
1985 11 885.0
1985 12 758.0
1986 1 850.0
1986 2 479.0
1986 3 894.0
1986 4 2228.0
1986 5 979.0
1986 6 867.0
1986 7 1465.0
1986 8 1270.0
1986 9 1245.0
1986 10 1504.0
1986 11 1037.0
1986 12 610.0
1987 1 1322.0
1987 2 1072.0
1987 3 1704.0
1987 4 971.0
1987 5 1422.0
1987 6 1679.0
1987 7 866.0
1987 8 906.0
1987 9 932.0
1987 10 844.0
1987 11 759.0
1987 12 655.0
1988 1 534.0
1988 2 1172.0
1988 3 1212.0
1988 4 1057.0
1988 5 1210.0
1988 6 1203.0
1988 7 1036.0
1988 8 1299.0
1988 9 1589.0
1988 10 1177.0
1988 11 1180.0
1988 12 775.0
1989 1 673.0
1989 2 715.0
1989 3 1290.0
1989 4 1001.0
1989 5 1294.0
1989 6 1218.0
1989 7 1424.0
1989 8 1763.0
1989 9 1199.0
1989 10 1113.0
1989 11 797.0
1989 12 540.0
1990 1 1336.0
1990 2 1044.0
1990 3 1223.0
1990 4 1100.0
1990 5 1137.0
1990 6 1096.0
1990 7 1181.0
1990 8 1049.0
1990 9 734.0
1990 10 858.0
1990 11 645.0
1990 12 492.0
1991 1 450.0
1991 2 585.0
1991 3 1063.0
1991 4 947.0
1991 5 1111.0
1991 6 1144.0
1991 7 1287.0
1991 8 974.0
1991 9 756.0
1991 10 1116.0
1991 11 797.0
1991 12 1081.0
1992 1 926.0
1992 2 1186.0
1992 3 1380.0
1992 4 1389.0
1992 5 1036.0
1992 6 1321.0
1992 7 1261.0
1992 8 1243.0
1992 9 1252.0
1992 10 1334.0
1992 11 1045.0
1992 12 1067.0
1993 1 955.0
1993 2 1069.0
1993 3 1274.0
1993 4 1344.0
1993 5 1160.0
1993 6 1483.0
1993 7 1644.0
1993 8 1536.0
1993 9 1717.0
1993 10 1473.0
1993 11 1171.0
1993 12 1066.0
1994 1 832.0
1994 2 1176.0
1994 3 1799.0
1994 4 1756.0
1994 5 2227.0
1994 6 2002.0
1994 7 1624.0
1994 8 1834.0
1994 9 1679.0
1994 10 1651.0
1994 11 1238.0
1994 12 1152.0
1995 1 1036.0
1995 2 998.0
1995 3 1870.0
1995 4 1751.0
1995 5 1410.0
1995 6 1447.0
1995 7 1380.0
1995 8 1571.0
1995 9 1586.0
1995 10 1897.0
1995 11 1712.0
1995 12 1261.0
1996 1 888.0
1996 2 1252.0
1996 3 1574.0
1996 4 2232.0
1996 5 1783.0
1996 6 1710.0
1996 7 1627.0
1996 8 1746.0
1996 9 1503.0
1996 10 1569.0
1996 11 1730.0
1996 12 1001.0
1997 1 1084.0
1997 2 1351.0
1997 3 1602.0
1997 4 2020.0
1997 5 2021.0
1997 6 1757.0
1997 7 1759.0
1997 8 1678.0
1997 9 1760.0
1997 10 1731.0
1997 11 1381.0
1997 12 1363.0
1998 1 1397.0
1998 2 1550.0
1998 3 2222.0
1998 4 1908.0
1998 5 2114.0
1998 6 1800.0
1998 7 1952.0
1998 8 2220.0
1998 9 1895.0
1998 10 1918.0
1998 11 1584.0
1998 12 1722.0
1999 1 1134.0
1999 2 1558.0
1999 3 2112.0
1999 4 2131.0
1999 5 1838.0
1999 6 2313.0
1999 7 1933.0
1999 8 2111.0
1999 9 1835.0
1999 10 1886.0
1999 11 1695.0
1999 12 1107.0
2000 1 1278.0
2000 2 1602.0
2000 3 1809.0
2000 4 1623.0
2000 5 1600.0
2000 6 1643.0
2000 7 1318.0
2000 8 1627.0
2000 9 1548.0
2000 10 1388.0
2000 11 1480.0
2000 12 988.0
2001 1 1002.0
2001 2 1206.0
2001 3 1564.0
2001 4 1590.0
2001 5 1595.0
2001 6 1810.0
2001 7 1502.0
2001 8 1843.0
2001 9 1293.0
2001 10 1497.0
2001 11 1272.0
2001 12 1142.0
2002 1 1319.0
2002 2 1576.0
2002 3 1565.0
2002 4 1844.0
2002 5 1776.0
2002 6 1793.0
2002 7 1747.0
2002 8 1779.0
2002 9 1788.0
2002 10 1586.0
2002 11 1326.0
2002 12 1206.0
2003 1 1303.0
2003 2 1500.0
2003 3 1778.0
2003 4 1821.0
2003 5 1841.0
2003 6 1557.0
2003 7 1845.0
2003 8 1807.0
2003 9 1949.0
2003 10 2211.0
2003 11 1255.0
2003 12 1084.0
2004 1 1215.0
2004 2 1633.0
2004 3 2312.0
2004 4 1772.0
2004 5 2186.0
2004 6 2215.0
2004 7 1948.0
2004 8 2373.0
2004 9 1882.0
2004 10 1985.0
2004 11 1604.0
2004 12 1361.0
2005 1 1268.0
2005 2 1701.0
2005 3 2053.0
2005 4 2361.0
2005 5 2060.0
2005 6 2011.0
2005 7 1846.0
2005 8 1671.0
2005 9 1460.0
2005 10 1445.0
2005 11 1303.0
2005 12 1010.0
2006 1 1121.0
2006 2 1122.0
2006 3 1448.0
2006 4 1229.0
2006 5 1802.0
2006 6 1871.0
2006 7 1322.0
2006 8 1537.0
2006 9 1158.0
2006 10 1175.0
2006 11 1040.0
2006 12 921.0
2007 1 1131.0
2007 2 1375.0
2007 3 1691.0
2007 4 1357.0
2007 5 1224.0
2007 6 1418.0
2007 7 1417.0
2007 8 987.0
2007 9 793.0
2007 10 1097.0
2007 11 713.0
2007 12 634.0
2008 1 647.0
2008 2 768.0
2008 3 807.0
2008 4 1253.0
2008 5 962.0
2008 6 933.0
2008 7 1389.0
2008 8 879.0
2008 9 689.0
2008 10 796.0
2008 11 530.0
2008 12 381.0
2009 1 427.0
2009 2 433.0
2009 3 539.0
2009 4 491.0
2009 5 503.0
2009 6 714.0
2009 7 696.0
2009 8 983.0
2009 9 510.0
2009 10 574.0
2009 11 492.0
2009 12 456.0
2010 1 422.0
2010 2 447.0
2010 3 794.0
2010 4 683.0
2010 5 531.0
2010 6 593.0
2010 7 601.0
2010 8 640.0
2010 9 540.0
2010 10 734.0
2010 11 403.0
2010 12 423.0
2011 1 392.0
2011 2 487.0
2011 3 571.0
2011 4 593.0
2011 5 489.0
2011 6 703.0
2011 7 466.0
2011 8 687.0
2011 9 655.0
2011 10 639.0
2011 11 595.0
2011 12 428.0
2012 1 436.0
2012 2 542.0
2012 3 882.0
2012 4 518.0
2012 5 673.0
2012 6 902.0
2012 7 653.0
2012 8 857.0
2012 9 1014.0
2012 10 684.0
2012 11 523.0
2012 12 368.0
2013 1 515.0
2013 2 594.0
2013 3 749.0
2013 4 860.0
2013 5 1406.0
2013 6 928.0
2013 7 783.0
2013 8 763.0
2013 9 811.0
2013 10 736.0
2013 11 672.0
2013 12 793.0
2014 1 939.0
2014 2 633.0
2014 3 871.0
2014 4 803.0
2014 5 760.0
2014 6 892.0
2014 7 793.0
2014 8 692.0
2014 9 787.0
2014 10 676.0
2014 11 509.0
2014 12 603.0
2015 1 717.0
2015 2 631.0
2015 3 701.0
2015 4 809.0
2015 5 950.0
2015 6 1033.0
2015 7 857.0
2015 8 848.0
2015 9 972.0
2015 10 1151.0
2015 11 884.0
2015 12 754.0
2016 1 753.0
2016 2 773.0
2016 3 1159.0
2016 4 966.0
2016 5 1091.0
2016 6 1459.0
2016 7 926.0
2016 8 1287.0
2016 9 966.0
2016 10 999.0
2016 11 1160.0
2016 12 712.0
2017 1 698.0
2017 2 839.0
2017 3 1051.0
2017 4 933.0
2017 5 1403.0
2017 6 1240.0
2017 7 939.0
2017 8 1184.0
2017 9 942.0
2017 10 848.0
2017 11 1006.0
2017 12 871.0
2018 1 854.0
2018 2 700.0
2018 3 1230.0
2018 4 1769.0
2018 5 1055.0
2018 6 1466.0
2018 7 1097.0
2018 8 1526.0
2018 9 1364.0
2018 10 1303.0
2018 11 792.0
2018 12 887.0
2019 1 935.0
2019 2 770.0
2019 3 811.0
2019 4 1245.0
2019 5 1304.0
2019 6 953.0
2019 7 1320.0
2019 8 1303.0
2019 9 1158.0
2019 10 1265.0
2019 11 880.0
2019 12 712.0
2020 1 1157.0
2020 2 891.0
2020 3 895.0
2020 4 778.0
2020 5 1090.0
2020 6 1215.0
2020 7 984.0
2020 8 1427.0
2020 9 1305.0
2020 10 934.0
2020 11 1113.0
2020 12 907.0
2021 1 1085.0
2021 2 1654.0
2021 3 1700.0
2021 4 1258.0
2021 5 1323.0
2021 6 1116.0
2021 7 1044.0
2021 8 1118.0
2021 9 1217.0
2021 10 1100.0
2021 11 1298.0
2021 12 1376.0
2022 1 1005.0
2022 2 990.0
2022 3 1301.0
2022 4 1080.0
2022 5 1251.0
2022 6 1119.0
2022 7 1173.0
2022 8 1407.0
2022 9 1198.0
2022 10 1513.0
2022 11 996.0
2022 12 1098.0
2023 1 937.0
2023 2 1191.0
2023 3 1637.0
2023 4 1540.0
2023 5 1147.0
2023 6 1157.0
2023 7 966.0
2023 8 1389.0
2023 9 1377.0
2023 10 1717.0
2023 11 1157.0
2023 12 1109.0
2024 1 989.0
2024 2 1619.0
2024 3 1236.0
2024 4 1602.0
2024 5 1265.0
2024 6 1170.0
2024 7 1227.0
2024 8 1763.0
