1960 5 36.0
1960 6 40.0
1960 7 22.0
1960 8 14.0
1960 9 47.0
1960 10 34.0
1960 11 31.0
1960 12 28.0
1961 1 10.0
1961 2 28.0
1961 3 29.0
1961 4 36.0
1961 5 27.0
1961 6 82.0
1961 7 11.0
1961 8 4.0
1961 9 14.0
1961 10 32.0
1961 11 12.0
1961 12 4.0
1962 1 24.0
1962 2 4.0
1962 3 18.0
1962 4 38.0
1962 5 48.0
1962 6 56.0
1962 7 26.0
1962 8 32.0
1962 9 14.0
1962 10 15.0
1962 11 38.0
1962 12 40.0
1963 1 42.0
1963 2 19.0
1963 3 39.0
1963 4 36.0
1963 5 22.0
1963 6 32.0
1963 7 37.0
1963 8 40.0
1963 9 52.0
1963 10 48.0
1963 11 24.0
1963 12 24.0
1964 1 22.0
1964 2 8.0
1964 3 48.0
1964 4 40.0
1964 5 21.0
1964 6 52.0
1964 7 68.0
1964 8 43.0
1964 9 39.0
1964 10 85.0
1964 11 64.0
1964 12 20.0
1965 1 32.0
1965 2 27.0
1965 3 66.0
1965 4 36.0
1965 5 46.0
1965 6 46.0
1965 7 40.0
1965 8 46.0
1965 9 54.0
1965 10 41.0
1965 11 42.0
1965 12 48.0
1966 1 12.0
1966 2 11.0
1966 3 62.0
1966 4 25.0
1966 5 25.0
1966 6 32.0
1966 7 12.0
1966 8 52.0
1966 9 14.0
1966 10 30.0
1966 11 17.0
1966 12 4.0
1967 1 28.0
1967 2 6.0
1967 3 44.0
1967 4 30.0
1967 5 18.0
1967 6 48.0
1967 7 22.0
1967 8 64.0
1967 9 36.0
1967 10 60.0
1967 11 48.0
1967 12 10.0
1968 1 20.0
1968 2 56.0
1968 3 53.0
1968 4 55.0
1968 5 108.0
1968 6 130.0
1968 7 86.0
1968 8 22.0
1968 9 68.0
1968 10 46.0
1968 11 150.0
1968 12 20.0
1969 1 51.0
1969 2 29.0
1969 3 31.0
1969 4 62.0
1969 5 74.0
1969 6 37.0
1969 7 82.0
1969 8 8.0
1969 9 42.0
1969 10 38.0
1969 11 18.0
1969 12 29.0
1970 1 10.0
1970 2 38.0
1970 3 20.0
1970 4 47.0
1970 5 37.0
1970 6 63.0
1970 7 61.0
1970 8 47.0
1970 9 79.0
1970 10 50.0
1970 11 26.0
1970 12 32.0
1971 1 118.0
1971 2 101.0
1971 3 130.0
1971 4 225.0
1971 5 40.0
1971 6 364.0
1971 7 170.0
1971 8 44.0
1971 9 147.0
1971 10 65.0
1971 11 98.0
1971 12 50.0
1972 1 138.0
1972 2 82.0
1972 3 138.0
1972 4 176.0
1972 5 67.0
1972 6 203.0
1972 7 86.0
1972 8 25.0
1972 9 196.0
1972 10 189.0
1972 11 20.0
1972 12 64.0
1973 1 37.0
1973 2 140.0
1973 3 34.0
1973 4 26.0
1973 5 96.0
1973 6 87.0
1973 7 48.0
1973 8 64.0
1973 9 21.0
1973 10 25.0
1973 11 47.0
1973 12 34.0
1974 1 5.0
1974 2 4.0
1974 3 60.0
1974 4 37.0
1974 5 20.0
1974 6 15.0
1974 7 41.0
1974 8 16.0
1974 9 12.0
1974 10 24.0
1974 11 12.0
1974 12 8.0
1975 1 16.0
1975 2 54.0
1975 3 51.0
1975 4 24.0
1975 5 43.0
1975 6 18.0
1975 7 74.0
1975 8 62.0
1975 9 52.0
1975 10 36.0
1975 11 76.0
1975 12 44.0
1976 1 46.0
1976 2 22.0
1976 3 187.0
1976 4 80.0
1976 5 77.0
1976 6 62.0
1976 7 82.0
1976 8 124.0
1976 9 66.0
1976 10 34.0
1976 11 101.0
1976 12 74.0
1977 1 25.0
1977 2 98.0
1977 3 75.0
1977 4 158.0
1977 5 60.0
1977 6 71.0
1977 7 96.0
1977 8 72.0
1977 9 92.0
1977 10 80.0
1977 11 92.0
1977 12 58.0
1978 1 6.0
1978 2 36.0
1978 3 105.0
1978 4 170.0
1978 5 232.0
1978 6 154.0
1978 7 90.0
1978 8 138.0
1978 9 190.0
1978 10 154.0
1978 11 171.0
1978 12 117.0
1979 1 36.0
1979 2 42.0
1979 3 114.0
1979 4 187.0
1979 5 199.0
1979 6 181.0
1979 7 142.0
1979 8 161.0
1979 9 138.0
1979 10 114.0
1979 11 99.0
1979 12 55.0
1980 1 41.0
1980 2 31.0
1980 3 65.0
1980 4 116.0
1980 5 61.0
1980 6 68.0
1980 7 112.0
1980 8 123.0
1980 9 205.0
1980 10 112.0
1980 11 136.0
1980 12 84.0
1981 1 89.0
1981 2 32.0
1981 3 64.0
1981 4 94.0
1981 5 99.0
1981 6 54.0
1981 7 93.0
1981 8 51.0
1981 9 46.0
1981 10 38.0
1981 11 34.0
1981 12 29.0
1982 1 18.0
1982 2 38.0
1982 3 68.0
1982 4 86.0
1982 5 33.0
1982 6 14.0
1982 7 22.0
1982 8 70.0
1982 9 86.0
1982 10 160.0
1982 11 86.0
1982 12 49.0
1983 1 69.0
1983 2 51.0
1983 3 100.0
1983 4 66.0
1983 5 88.0
1983 6 130.0
1983 7 147.0
1983 8 134.0
1983 9 82.0
1983 10 96.0
1983 11 110.0
1983 12 81.0
1984 1 59.0
1984 2 72.0
1984 3 61.0
1984 4 131.0
1984 5 84.0
1984 6 75.0
1984 7 132.0
1984 8 120.0
1984 9 133.0
1984 10 126.0
1984 11 50.0
1984 12 89.0
1985 1 75.0
1985 2 46.0
1985 3 112.0
1985 4 136.0
1985 5 72.0
1985 6 104.0
1985 7 82.0
1985 8 34.0
1985 9 115.0
1985 10 104.0
1985 11 55.0
1985 12 81.0
1986 1 60.0
1986 2 81.0
1986 3 80.0
1986 4 77.0
1986 5 111.0
1986 6 75.0
1986 7 82.0
1986 8 208.0
1986 9 70.0
1986 10 491.0
1986 11 80.0
1986 12 22.0
1987 1 31.0
1987 2 72.0
1987 3 72.0
1987 4 42.0
1987 5 229.0
1987 6 84.0
1987 7 44.0
1987 8 68.0
1987 9 56.0
1987 10 68.0
1987 11 84.0
1987 12 102.0
1988 1 64.0
1988 2 101.0
1988 3 56.0
1988 4 62.0
1988 5 95.0
1988 6 75.0
1988 7 58.0
1988 8 32.0
1988 9 68.0
1988 10 60.0
1988 11 56.0
1988 12 60.0
1989 1 68.0
1989 2 101.0
1989 3 86.0
1989 4 55.0
1989 5 71.0
1989 6 47.0
1989 7 27.0
1989 8 139.0
1989 9 63.0
1989 10 36.0
1989 11 36.0
1989 12 53.0
1990 1 66.0
1990 2 51.0
1990 3 61.0
1990 4 68.0
1990 5 59.0
1990 6 104.0
1990 7 46.0
1990 8 95.0
1990 9 42.0
1990 10 104.0
1990 11 55.0
1990 12 36.0
1991 1 33.0
1991 2 66.0
1991 3 80.0
1991 4 42.0
1991 5 81.0
1991 6 48.0
1991 7 42.0
1991 8 80.0
1991 9 28.0
1991 10 76.0
1991 11 70.0
1991 12 118.0
1992 1 102.0
1992 2 97.0
1992 3 98.0
1992 4 123.0
1992 5 59.0
1992 6 83.0
1992 7 103.0
1992 8 112.0
1992 9 54.0
1992 10 66.0
1992 11 53.0
1992 12 70.0
1993 1 67.0
1993 2 68.0
1993 3 82.0
1993 4 78.0
1993 5 61.0
1993 6 166.0
1993 7 110.0
1993 8 165.0
1993 9 134.0
1993 10 120.0
1993 11 124.0
1993 12 45.0
1994 1 30.0
1994 2 63.0
1994 3 151.0
1994 4 152.0
1994 5 200.0
1994 6 133.0
1994 7 116.0
1994 8 163.0
1994 9 201.0
1994 10 106.0
1994 11 120.0
1994 12 67.0
1995 1 131.0
1995 2 83.0
1995 3 110.0
1995 4 90.0
1995 5 86.0
1995 6 144.0
1995 7 126.0
1995 8 87.0
1995 9 195.0
1995 10 289.0
1995 11 177.0
1995 12 163.0
1996 1 58.0
1996 2 65.0
1996 3 80.0
1996 4 283.0
1996 5 173.0
1996 6 56.0
1996 7 120.0
1996 8 79.0
1996 9 141.0
1996 10 169.0
1996 11 122.0
1996 12 87.0
1997 1 133.0
1997 2 165.0
1997 3 186.0
1997 4 172.0
1997 5 179.0
1997 6 169.0
1997 7 219.0
1997 8 138.0
1997 9 146.0
1997 10 208.0
1997 11 132.0
1997 12 80.0
1998 1 71.0
1998 2 82.0
1998 3 227.0
1998 4 129.0
1998 5 94.0
1998 6 131.0
1998 7 90.0
1998 8 180.0
1998 9 116.0
1998 10 123.0
1998 11 129.0
1998 12 114.0
1999 1 102.0
1999 2 95.0
1999 3 119.0
1999 4 161.0
1999 5 123.0
1999 6 87.0
1999 7 141.0
1999 8 162.0
1999 9 95.0
1999 10 99.0
1999 11 147.0
1999 12 37.0
2000 1 61.0
2000 2 82.0
2000 3 124.0
2000 4 69.0
2000 5 53.0
2000 6 117.0
2000 7 42.0
2000 8 58.0
2000 9 98.0
2000 10 43.0
2000 11 67.0
2000 12 35.0
2001 1 50.0
2001 2 57.0
2001 3 50.0
2001 4 50.0
2001 5 90.0
2001 6 288.0
2001 7 110.0
2001 8 113.0
2001 9 64.0
2001 10 43.0
2001 11 81.0
2001 12 60.0
2002 1 52.0
2002 2 58.0
2002 3 76.0
2002 4 77.0
2002 5 117.0
2002 6 106.0
2002 7 85.0
2002 8 30.0
2002 9 58.0
2002 10 94.0
2002 11 86.0
2002 12 69.0
2003 1 57.0
2003 2 84.0
2003 3 93.0
2003 4 58.0
2003 5 131.0
2003 6 41.0
2003 7 76.0
2003 8 141.0
2003 9 106.0
2003 10 86.0
2003 11 56.0
2003 12 17.0
2004 1 70.0
2004 2 106.0
2004 3 78.0
2004 4 141.0
2004 5 124.0
2004 6 90.0
2004 7 93.0
2004 8 99.0
2004 9 62.0
2004 10 74.0
2004 11 61.0
2004 12 53.0
2005 1 34.0
2005 2 54.0
2005 3 47.0
2005 4 70.0
2005 5 60.0
2005 6 72.0
2005 7 29.0
2005 8 46.0
2005 9 169.0
2005 10 30.0
2005 11 51.0
2005 12 40.0
2006 1 45.0
2006 2 53.0
2006 3 67.0
2006 4 17.0
2006 5 136.0
2006 6 73.0
2006 7 37.0
2006 8 59.0
2006 9 35.0
2006 10 31.0
2006 11 45.0
2006 12 127.0
2007 1 130.0
2007 2 60.0
2007 3 132.0
2007 4 56.0
2007 5 48.0
2007 6 20.0
2007 7 62.0
2007 8 88.0
2007 9 50.0
2007 10 45.0
2007 11 36.0
2007 12 72.0
2008 1 19.0
2008 2 19.0
2008 3 41.0
2008 4 252.0
2008 5 184.0
2008 6 38.0
2008 7 28.0
2008 8 82.0
2008 9 43.0
2008 10 111.0
2008 11 17.0
2008 12 26.0
2009 1 15.0
2009 2 69.0
2009 3 76.0
2009 4 18.0
2009 5 20.0
2009 6 55.0
2009 7 28.0
2009 8 54.0
2009 9 30.0
2009 10 11.0
2009 11 60.0
2009 12 14.0
2010 1 27.0
2010 2 6.0
2010 3 13.0
2010 4 25.0
2010 5 12.0
2010 6 46.0
2010 7 83.0
2010 8 23.0
2010 9 14.0
2010 10 24.0
2010 11 4.0
2010 12 18.0
2011 1 38.0
2011 2 17.0
2011 3 38.0
2011 4 120.0
2011 5 21.0
2011 6 89.0
2011 7 26.0
2011 8 65.0
2011 9 44.0
2011 10 48.0
2011 11 32.0
2011 12 18.0
2012 1 15.0
2012 2 74.0
2012 3 78.0
2012 4 47.0
2012 5 97.0
2012 6 11.0
2012 7 85.0
2012 8 46.0
2012 9 69.0
2012 10 41.0
2012 11 24.0
2012 12 30.0
2013 1 34.0
2013 2 48.0
2013 3 30.0
2013 4 35.0
2013 5 23.0
2013 6 72.0
2013 7 32.0
2013 8 35.0
2013 9 25.0
2013 10 16.0
2013 11 36.0
2013 12 37.0
2014 1 42.0
2014 2 19.0
2014 3 26.0
2014 4 25.0
2014 5 19.0
2014 6 23.0
2014 7 48.0
2014 8 28.0
2014 9 74.0
2014 10 118.0
2014 11 20.0
2014 12 23.0
2015 1 45.0
2015 2 69.0
2015 3 41.0
2015 4 40.0
2015 5 70.0
2015 6 40.0
2015 7 26.0
2015 8 51.0
2015 9 34.0
2015 10 35.0
2015 11 77.0
2015 12 54.0
2016 1 34.0
2016 2 31.0
2016 3 111.0
2016 4 44.0
2016 5 48.0
2016 6 20.0
2016 7 28.0
2016 8 172.0
2016 9 61.0
2016 10 46.0
2016 11 55.0
2016 12 31.0
2017 1 48.0
2017 2 80.0
2017 3 65.0
2017 4 63.0
2017 5 85.0
2017 6 49.0
2017 7 82.0
2017 8 66.0
2017 9 117.0
2017 10 40.0
2017 11 36.0
2017 12 64.0
2018 1 44.0
2018 2 29.0
2018 3 58.0
2018 4 65.0
2018 5 26.0
2018 6 66.0
2018 7 11.0
2018 8 81.0
2018 9 53.0
2018 10 32.0
2018 11 27.0
2018 12 24.0
2019 1 58.0
2019 2 53.0
2019 3 61.0
2019 4 33.0
2019 5 57.0
2019 6 20.0
2019 7 134.0
2019 8 36.0
2019 9 30.0
2019 10 30.0
2019 11 19.0
2019 12 37.0
2020 1 27.0
2020 2 64.0
2020 3 101.0
2020 4 47.0
2020 5 49.0
2020 6 60.0
2020 7 26.0
2020 8 117.0
2020 9 41.0
2020 10 88.0
2020 11 26.0
2020 12 13.0
2021 1 29.0
2021 2 32.0
2021 3 52.0
2021 4 31.0
2021 5 41.0
2021 6 96.0
2021 7 58.0
2021 8 26.0
2021 9 24.0
2021 10 56.0
2021 11 29.0
2021 12 36.0
2022 1 64.0
2022 2 34.0
2022 3 66.0
2022 4 55.0
2022 5 103.0
2022 6 67.0
2022 7 49.0
2022 8 75.0
2022 9 106.0
2022 10 46.0
2022 11 94.0
2022 12 40.0
2023 1 44.0
2023 2 57.0
2023 3 113.0
2023 4 93.0
2023 5 74.0
2023 6 85.0
2023 7 74.0
2023 8 299.0
2023 9 81.0
2023 10 44.0
2023 11 44.0
2023 12 55.0
2024 1 42.0
2024 2 80.0
2024 3 49.0
2024 4 75.0
2024 5 82.0
2024 6 46.0
2024 7 69.0
2024 8 70.0
