1960 5 100.0
1960 6 198.0
1960 7 92.0
1960 8 80.0
1960 9 70.0
1960 10 216.0
1960 11 118.0
1960 12 152.0
1961 1 105.0
1961 2 199.0
1961 3 76.0
1961 4 216.0
1961 5 201.0
1961 6 129.0
1961 7 190.0
1961 8 180.0
1961 9 126.0
1961 10 99.0
1961 11 38.0
1961 12 292.0
1962 1 235.0
1962 2 149.0
1962 3 541.0
1962 4 40.0
1962 5 527.0
1962 6 507.0
1962 7 185.0
1962 8 159.0
1962 9 161.0
1962 10 187.0
1962 11 280.0
1962 12 242.0
1963 1 556.0
1963 2 125.0
1963 3 137.0
1963 4 235.0
1963 5 316.0
1963 6 480.0
1963 7 278.0
1963 8 444.0
1963 9 433.0
1963 10 854.0
1963 11 541.0
1963 12 128.0
1964 1 230.0
1964 2 179.0
1964 3 489.0
1964 4 350.0
1964 5 574.0
1964 6 500.0
1964 7 978.0
1964 8 619.0
1964 9 610.0
1964 10 764.0
1964 11 432.0
1964 12 579.0
1965 1 1178.0
1965 2 308.0
1965 3 480.0
1965 4 469.0
1965 5 327.0
1965 6 1230.0
1965 7 270.0
1965 8 577.0
1965 9 709.0
1965 10 699.0
1965 11 171.0
1965 12 508.0
1966 1 465.0
1966 2 390.0
1966 3 981.0
1966 4 604.0
1966 5 923.0
1966 6 483.0
1966 7 451.0
1966 8 371.0
1966 9 250.0
1966 10 196.0
1966 11 136.0
1966 12 123.0
1967 1 272.0
1967 2 209.0
1967 3 552.0
1967 4 439.0
1967 5 340.0
1967 6 460.0
1967 7 297.0
1967 8 587.0
1967 9 577.0
1967 10 104.0
1967 11 401.0
1967 12 734.0
1968 1 800.0
1968 2 366.0
1968 3 646.0
1968 4 527.0
1968 5 496.0
1968 6 278.0
1968 7 909.0
1968 8 242.0
1968 9 458.0
1968 10 379.0
1968 11 860.0
1968 12 838.0
1969 1 319.0
1969 2 903.0
1969 3 725.0
1969 4 1070.0
1969 5 958.0
1969 6 534.0
1969 7 505.0
1969 8 676.0
1969 9 807.0
1969 10 1024.0
1969 11 888.0
1969 12 509.0
1970 1 551.0
1970 2 267.0
1970 3 410.0
1970 4 688.0
1970 5 446.0
1970 6 440.0
1970 7 612.0
1970 8 564.0
1970 9 528.0
1970 10 857.0
1970 11 737.0
1970 12 793.0
1971 1 843.0
1971 2 1771.0
1971 3 1062.0
1971 4 2041.0
1971 5 1785.0
1971 6 2003.0
1971 7 1626.0
1971 8 825.0
1971 9 1261.0
1971 10 727.0
1971 11 2038.0
1971 12 1332.0
1972 1 1144.0
1972 2 1772.0
1972 3 1844.0
1972 4 2357.0
1972 5 2590.0
1972 6 1564.0
1972 7 2261.0
1972 8 1620.0
1972 9 961.0
1972 10 1596.0
1972 11 1425.0
1972 12 773.0
1973 1 1765.0
1973 2 1617.0
1973 3 802.0
1973 4 1411.0
1973 5 2197.0
1973 6 984.0
1973 7 1817.0
1973 8 1621.0
1973 9 973.0
1973 10 989.0
1973 11 1027.0
1973 12 676.0
1974 1 271.0
1974 2 985.0
1974 3 571.0
1974 4 1274.0
1974 5 343.0
1974 6 80.0
1974 7 1003.0
1974 8 301.0
1974 9 199.0
1974 10 186.0
1974 11 36.0
1974 12 51.0
1975 1 26.0
1975 2 95.0
1975 3 70.0
1975 4 80.0
1975 5 84.0
1975 6 66.0
1975 7 131.0
1975 8 177.0
1975 9 630.0
1975 10 81.0
1975 11 354.0
1975 12 62.0
1976 1 155.0
1976 2 175.0
1976 3 220.0
1976 4 214.0
1976 5 238.0
1976 6 703.0
1976 7 198.0
1976 8 355.0
1976 9 557.0
1976 10 207.0
1976 11 163.0
1976 12 704.0
1977 1 391.0
1977 2 425.0
1977 3 808.0
1977 4 540.0
1977 5 427.0
1977 6 545.0
1977 7 1019.0
1977 8 399.0
1977 9 948.0
1977 10 1342.0
1977 11 782.0
1977 12 1244.0
1978 1 336.0
1978 2 545.0
1978 3 1596.0
1978 4 1092.0
1978 5 944.0
1978 6 635.0
1978 7 724.0
1978 8 537.0
1978 9 257.0
1978 10 833.0
1978 11 591.0
1978 12 888.0
1979 1 597.0
1979 2 385.0
1979 3 944.0
1979 4 555.0
1979 5 776.0
1979 6 679.0
1979 7 360.0
1979 8 336.0
1979 9 877.0
1979 10 953.0
1979 11 401.0
1979 12 281.0
1980 1 709.0
1980 2 985.0
1980 3 368.0
1980 4 310.0
1980 5 438.0
1980 6 306.0
1980 7 670.0
1980 8 710.0
1980 9 1351.0
1980 10 1164.0
1980 11 540.0
1980 12 738.0
1981 1 459.0
1981 2 992.0
1981 3 546.0
1981 4 929.0
1981 5 770.0
1981 6 439.0
1981 7 497.0
1981 8 674.0
1981 9 1330.0
1981 10 524.0
1981 11 379.0
1981 12 594.0
1982 1 598.0
1982 2 257.0
1982 3 899.0
1982 4 653.0
1982 5 763.0
1982 6 464.0
1982 7 1339.0
1982 8 658.0
1982 9 1188.0
1982 10 520.0
1982 11 416.0
1982 12 948.0
1983 1 1111.0
1983 2 757.0
1983 3 1521.0
1983 4 1191.0
1983 5 1570.0
1983 6 1870.0
1983 7 966.0
1983 8 1652.0
1983 9 1868.0
1983 10 2093.0
1983 11 1098.0
1983 12 1383.0
1984 1 1132.0
1984 2 1997.0
1984 3 1276.0
1984 4 1113.0
1984 5 1441.0
1984 6 1676.0
1984 7 767.0
1984 8 1147.0
1984 9 784.0
1984 10 523.0
1984 11 727.0
1984 12 437.0
1985 1 1633.0
1985 2 338.0
1985 3 485.0
1985 4 470.0
1985 5 624.0
1985 6 956.0
1985 7 460.0
1985 8 766.0
1985 9 428.0
1985 10 208.0
1985 11 322.0
1985 12 584.0
1986 1 106.0
1986 2 129.0
1986 3 403.0
1986 4 272.0
1986 5 105.0
1986 6 92.0
1986 7 184.0
1986 8 131.0
1986 9 701.0
1986 10 88.0
1986 11 37.0
1986 12 68.0
1987 1 179.0
1987 2 33.0
1987 3 102.0
1987 4 72.0
1987 5 10.0
1987 6 52.0
1987 7 43.0
1987 8 26.0
1987 9 18.0
1987 10 79.0
1987 11 9.0
1987 12 21.0
1988 1 30.0
1988 2 20.0
1988 3 89.0
1988 4 92.0
1988 5 38.0
1988 6 388.0
1988 7 90.0
1988 8 59.0
1988 9 328.0
1988 10 72.0
1988 11 28.0
1988 12 38.0
1989 1 24.0
1989 2 136.0
1989 3 189.0
1989 4 8.0
1989 5 14.0
1989 6 126.0
1989 7 18.0
1989 8 5.0
1989 9 11.0
1989 10 333.0
1989 11 9.0
1989 12 158.0
1990 1 27.0
1990 2 12.0
1990 3 87.0
1990 4 92.0
1990 5 97.0
1990 6 16.0
1990 7 2.0
1990 8 7.0
1990 9 7.0
1990 10 13.0
1990 11 47.0
1990 12 195.0
1991 1 9.0
1991 2 5.0
1991 3 12.0
1991 4 2.0
1991 5 2.0
1991 6 4.0
1991 7 16.0
1991 8 2.0
1991 9 152.0
1991 10 55.0
1991 11 12.0
1991 12 8.0
1992 1 61.0
1992 2 4.0
1992 3 156.0
1992 4 73.0
1992 5 102.5
1992 6 132.0
1992 7 130.0
1992 8 4.0
1992 9 124.0
1992 10 34.0
1992 11 16.0
1992 12 48.0
1993 1 76.0
1993 2 329.0
1993 3 8.0
1993 4 10.0
1993 5 22.0
1993 6 24.0
1993 7 33.0
1993 8 568.0
1993 9 176.0
1993 10 22.0
1993 11 19.0
1993 12 88.0
1994 1 39.0
1994 2 38.0
1994 3 507.0
1994 4 368.0
1994 5 38.0
1994 6 26.0
1994 7 1052.0
1994 8 326.0
1994 9 217.0
1994 10 309.0
1994 11 25.0
1994 12 219.0
1995 1 42.0
1995 2 146.0
1995 3 739.0
1995 4 49.0
1995 5 115.0
1995 6 278.0
1995 7 33.0
1995 8 110.0
1995 9 540.0
1995 10 492.0
1995 11 167.0
1995 12 171.0
1996 1 447.0
1996 2 142.0
1996 3 55.0
1996 4 693.0
1996 5 125.0
1996 6 206.0
1996 7 126.0
1996 8 87.0
1996 9 99.0
1996 10 65.0
1996 11 681.0
1996 12 184.0
1997 1 97.0
1997 2 430.0
1997 3 373.0
1997 4 806.0
1997 5 94.0
1997 6 311.0
1997 7 139.0
1997 8 119.0
1997 9 50.0
1997 10 55.0
1997 11 223.0
1997 12 140.0
1998 1 145.0
1998 2 121.0
1998 3 286.0
1998 4 479.0
1998 5 135.0
1998 6 131.0
1998 7 94.0
1998 8 283.0
1998 9 360.0
1998 10 274.0
1998 11 39.0
1998 12 15.0
1999 1 193.0
1999 2 330.0
1999 3 373.0
1999 4 273.0
1999 5 92.0
1999 6 616.0
1999 7 834.0
1999 8 163.0
1999 9 149.0
1999 10 143.0
1999 11 89.0
1999 12 166.0
2000 1 133.0
2000 2 92.0
2000 3 270.0
2000 4 79.0
2000 5 33.0
2000 6 45.0
2000 7 77.0
2000 8 97.0
2000 9 176.0
2000 10 106.0
2000 11 88.0
2000 12 137.0
2001 1 412.0
2001 2 26.0
2001 3 141.0
2001 4 43.0
2001 5 387.0
2001 6 221.0
2001 7 181.0
2001 8 97.0
2001 9 346.0
2001 10 331.0
2001 11 91.0
2001 12 85.0
2002 1 73.0
2002 2 81.0
2002 3 380.0
2002 4 115.0
2002 5 292.0
2002 6 45.0
2002 7 841.0
2002 8 450.0
2002 9 125.0
2002 10 108.0
2002 11 236.0
2002 12 485.0
2003 1 120.0
2003 2 36.0
2003 3 72.0
2003 4 126.0
2003 5 685.0
2003 6 726.0
2003 7 431.0
2003 8 145.0
2003 9 720.0
2003 10 444.0
2003 11 239.0
2003 12 334.0
2004 1 147.0
2004 2 325.0
2004 3 186.0
2004 4 192.0
2004 5 345.0
2004 6 267.0
2004 7 56.0
2004 8 140.0
2004 9 87.0
2004 10 305.0
2004 11 332.0
2004 12 221.0
2005 1 118.0
2005 2 57.0
2005 3 269.0
2005 4 61.0
2005 5 233.0
2005 6 138.0
2005 7 213.0
2005 8 122.0
2005 9 78.0
2005 10 88.0
2005 11 181.0
2005 12 82.0
2006 1 109.0
2006 2 120.0
2006 3 120.0
2006 4 200.0
2006 5 248.0
2006 6 328.0
2006 7 188.0
2006 8 207.0
2006 9 150.0
2006 10 337.0
2006 11 151.0
2006 12 1236.0
2007 1 618.0
2007 2 87.0
2007 3 309.0
2007 4 347.0
2007 5 725.0
2007 6 1030.0
2007 7 618.0
2007 8 204.0
2007 9 1059.0
2007 10 70.0
2007 11 215.0
2007 12 227.0
2008 1 417.0
2008 2 342.0
2008 3 383.0
2008 4 627.0
2008 5 470.0
2008 6 242.0
2008 7 310.0
2008 8 529.0
2008 9 748.0
2008 10 220.0
2008 11 48.0
2008 12 76.0
2009 1 97.0
2009 2 238.0
2009 3 80.0
2009 4 30.0
2009 5 254.0
2009 6 451.0
2009 7 124.0
2009 8 48.0
2009 9 117.0
2009 10 64.0
2009 11 42.0
2009 12 62.0
2010 1 23.0
2010 2 47.0
2010 3 64.0
2010 4 121.0
2010 5 54.0
2010 6 59.0
2010 7 57.0
2010 8 78.0
2010 9 136.0
2010 10 74.0
2010 11 98.0
2010 12 168.0
2011 1 47.0
2011 2 301.0
2011 3 139.0
2011 4 304.0
2011 5 399.0
2011 6 209.0
2011 7 91.0
2011 8 169.0
2011 9 78.0
2011 10 216.0
2011 11 91.0
2011 12 120.0
2012 1 94.0
2012 2 76.0
2012 3 116.0
2012 4 135.0
2012 5 112.0
2012 6 112.0
2012 7 105.0
2012 8 144.0
2012 9 182.0
2012 10 180.0
2012 11 237.0
2012 12 168.0
2013 1 129.0
2013 2 185.0
2013 3 121.0
2013 4 116.0
2013 5 114.0
2013 6 82.0
2013 7 72.0
2013 8 257.0
2013 9 113.0
2013 10 119.0
2013 11 87.0
2013 12 416.0
2014 1 141.0
2014 2 346.0
2014 3 136.0
2014 4 91.0
2014 5 91.0
2014 6 152.0
2014 7 72.0
2014 8 239.0
2014 9 461.0
2014 10 356.0
2014 11 101.0
2014 12 107.0
2015 1 76.0
2015 2 684.0
2015 3 76.0
2015 4 133.0
2015 5 115.0
2015 6 113.0
2015 7 188.0
2015 8 20.0
2015 9 117.0
2015 10 322.0
2015 11 42.0
2015 12 402.0
2016 1 118.0
2016 2 48.0
2016 3 226.0
2016 4 74.0
2016 5 50.0
2016 6 347.0
2016 7 57.0
2016 8 301.0
2016 9 810.0
2016 10 171.0
2016 11 80.0
2016 12 54.0
2017 1 39.0
2017 2 72.0
2017 3 116.0
2017 4 40.0
2017 5 77.0
2017 6 84.0
2017 7 76.0
2017 8 60.0
2017 9 62.0
2017 10 54.0
2017 11 1336.0
2017 12 68.0
2018 1 84.0
2018 2 40.0
2018 3 109.0
2018 4 41.0
2018 5 37.0
2018 6 107.0
2018 7 28.0
2018 8 571.0
2018 9 64.0
2018 10 28.0
2018 11 39.0
2018 12 27.0
2019 1 53.0
2019 2 72.0
2019 3 23.0
2019 4 140.0
2019 5 37.0
2019 6 98.0
2019 7 88.0
2019 8 116.0
2019 9 317.0
2019 10 230.0
2019 11 104.0
2019 12 80.0
2020 1 116.0
2020 2 98.0
2020 3 89.0
2020 4 102.0
2020 5 108.0
2020 6 269.0
2020 7 169.0
2020 8 108.0
2020 9 43.0
2020 10 114.0
2020 11 95.0
2020 12 107.0
2021 1 99.0
2021 2 87.0
2021 3 130.0
2021 4 462.0
2021 5 159.0
2021 6 113.0
2021 7 91.0
2021 8 106.0
2021 9 81.0
2021 10 79.0
2021 11 77.0
2021 12 104.0
2022 1 190.0
2022 2 151.0
2022 3 116.0
2022 4 208.0
2022 5 183.0
2022 6 503.0
2022 7 428.0
2022 8 230.0
2022 9 183.0
2022 10 199.0
2022 11 163.0
2022 12 165.0
2023 1 498.0
2023 2 230.0
2023 3 194.0
2023 4 405.0
2023 5 157.0
2023 6 130.0
2023 7 233.0
2023 8 184.0
2023 9 529.0
2023 10 137.0
2023 11 80.0
2023 12 349.0
2024 1 193.0
2024 2 211.0
2024 3 88.0
2024 4 139.0
2024 5 106.0
2024 6 233.0
2024 7 301.0
2024 8 156.0
