1960 5 895.0
1960 6 1309.0
1960 7 684.0
1960 8 811.0
1960 9 667.0
1960 10 651.0
1960 11 535.0
1960 12 475.0
1961 1 558.0
1961 2 489.0
1961 3 677.0
1961 4 703.0
1961 5 828.0
1961 6 792.0
1961 7 847.0
1961 8 991.0
1961 9 655.0
1961 10 955.0
1961 11 575.0
1961 12 413.0
1962 1 680.0
1962 2 786.0
1962 3 777.0
1962 4 653.0
1962 5 977.0
1962 6 638.0
1962 7 871.0
1962 8 783.0
1962 9 594.0
1962 10 853.0
1962 11 664.0
1962 12 475.0
1963 1 601.0
1963 2 548.0
1963 3 773.0
1963 4 884.0
1963 5 931.0
1963 6 745.0
1963 7 735.0
1963 8 668.0
1963 9 639.0
1963 10 770.0
1963 11 536.0
1963 12 610.0
1964 1 656.0
1964 2 555.0
1964 3 861.0
1964 4 821.0
1964 5 772.0
1964 6 869.0
1964 7 820.0
1964 8 689.0
1964 9 835.0
1964 10 601.0
1964 11 629.0
1964 12 729.0
1965 1 961.0
1965 2 662.0
1965 3 977.0
1965 4 951.0
1965 5 1004.0
1965 6 1068.0
1965 7 915.0
1965 8 1123.0
1965 9 648.0
1965 10 751.0
1965 11 684.0
1965 12 598.0
1966 1 834.0
1966 2 856.0
1966 3 1068.0
1966 4 810.0
1966 5 913.0
1966 6 828.0
1966 7 642.0
1966 8 791.0
1966 9 569.0
1966 10 530.0
1966 11 556.0
1966 12 360.0
1967 1 585.0
1967 2 559.0
1967 3 806.0
1967 4 752.0
1967 5 849.0
1967 6 917.0
1967 7 735.0
1967 8 846.0
1967 9 767.0
1967 10 728.0
1967 11 661.0
1967 12 496.0
1968 1 776.0
1968 2 809.0
1968 3 871.0
1968 4 1004.0
1968 5 1070.0
1968 6 805.0
1968 7 896.0
1968 8 793.0
1968 9 888.0
1968 10 872.0
1968 11 683.0
1968 12 628.0
1969 1 811.0
1969 2 827.0
1969 3 851.0
1969 4 744.0
1969 5 918.0
1969 6 851.0
1969 7 719.0
1969 8 608.0
1969 9 748.0
1969 10 670.0
1969 11 615.0
1969 12 510.0
1970 1 594.0
1970 2 607.0
1970 3 877.0
1970 4 1013.0
1970 5 859.0
1970 6 1201.0
1970 7 1110.0
1970 8 856.0
1970 9 951.0
1970 10 1022.0
1970 11 954.0
1970 12 1353.0
1971 1 1212.0
1971 2 1142.0
1971 3 1623.0
1971 4 1772.0
1971 5 1723.0
1971 6 2088.0
1971 7 1304.0
1971 8 1337.0
1971 9 1561.0
1971 10 1633.0
1971 11 1223.0
1971 12 1456.0
1972 1 1379.0
1972 2 1686.0
1972 3 1448.0
1972 4 1396.0
1972 5 1385.0
1972 6 1282.0
1972 7 1416.0
1972 8 1372.0
1972 9 1223.0
1972 10 2125.0
1972 11 1122.0
1972 12 858.0
1973 1 1035.0
1973 2 989.0
1973 3 1063.0
1973 4 989.0
1973 5 1261.0
1973 6 1017.0
1973 7 826.0
1973 8 672.0
1973 9 537.0
1973 10 575.0
1973 11 500.0
1973 12 422.0
1974 1 413.0
1974 2 644.0
1974 3 801.0
1974 4 845.0
1974 5 818.0
1974 6 654.0
1974 7 695.0
1974 8 580.0
1974 9 627.0
1974 10 613.0
1974 11 469.0
1974 12 614.0
1975 1 534.0
1975 2 572.0
1975 3 634.0
1975 4 1003.0
1975 5 863.0
1975 6 856.0
1975 7 931.0
1975 8 731.0
1975 9 804.0
1975 10 914.0
1975 11 711.0
1975 12 854.0
1976 1 785.0
1976 2 928.0
1976 3 1313.0
1976 4 1263.0
1976 5 917.0
1976 6 1223.0
1976 7 1153.0
1976 8 1092.0
1976 9 1039.0
1976 10 947.0
1976 11 1339.0
1976 12 836.0
1977 1 987.0
1977 2 1202.0
1977 3 1663.0
1977 4 1147.0
1977 5 1393.0
1977 6 1423.0
1977 7 1243.0
1977 8 1707.0
1977 9 1180.0
1977 10 1189.0
1977 11 1262.0
1977 12 1085.0
1978 1 1277.0
1978 2 1314.0
1978 3 1563.0
1978 4 1423.0
1978 5 1508.0
1978 6 1293.0
1978 7 1029.0
1978 8 1133.0
1978 9 926.0
1978 10 1264.0
1978 11 856.0
1978 12 594.0
1979 1 698.0
1979 2 873.0
1979 3 1263.0
1979 4 1335.0
1979 5 1569.0
1979 6 1348.0
1979 7 1187.0
1979 8 1534.0
1979 9 1124.0
1979 10 1335.0
1979 11 867.0
1979 12 751.0
1980 1 902.0
1980 2 955.0
1980 3 826.0
1980 4 636.0
1980 5 698.0
1980 6 855.0
1980 7 1399.0
1980 8 1106.0
1980 9 1335.0
1980 10 1111.0
1980 11 939.0
1980 12 808.0
1981 1 815.0
1981 2 775.0
1981 3 1152.0
1981 4 1143.0
1981 5 886.0
1981 6 751.0
1981 7 914.0
1981 8 835.0
1981 9 804.0
1981 10 654.0
1981 11 540.0
1981 12 623.0
1982 1 648.0
1982 2 731.0
1982 3 869.0
1982 4 781.0
1982 5 916.0
1982 6 879.0
1982 7 888.0
1982 8 912.0
1982 9 1371.0
1982 10 1115.0
1982 11 1110.0
1982 12 938.0
1983 1 1324.0
1983 2 971.0
1983 3 1708.0
1983 4 1550.0
1983 5 1813.0
1983 6 1671.0
1983 7 1471.0
1983 8 1573.0
1983 9 1359.0
1983 10 1394.0
1983 11 1009.0
1983 12 951.0
1984 1 1178.0
1984 2 1249.0
1984 3 1421.0
1984 4 1448.0
1984 5 1563.0
1984 6 1274.0
1984 7 1123.0
1984 8 1075.0
1984 9 1119.0
1984 10 994.0
1984 11 831.0
1984 12 607.0
1985 1 797.0
1985 2 843.0
1985 3 1203.0
1985 4 1083.0
1985 5 1193.0
1985 6 1060.0
1985 7 1258.0
1985 8 1008.0
1985 9 863.0
1985 10 925.0
1985 11 650.0
1985 12 603.0
1986 1 886.0
1986 2 759.0
1986 3 884.0
1986 4 957.0
1986 5 850.0
1986 6 737.0
1986 7 889.0
1986 8 598.0
1986 9 625.0
1986 10 614.0
1986 11 409.0
1986 12 395.0
1987 1 557.0
1987 2 472.0
1987 3 710.0
1987 4 657.0
1987 5 679.0
1987 6 771.0
1987 7 593.0
1987 8 532.0
1987 9 532.0
1987 10 676.0
1987 11 414.0
1987 12 396.0
1988 1 308.0
1988 2 340.0
1988 3 534.0
1988 4 505.0
1988 5 522.0
1988 6 539.0
1988 7 457.0
1988 8 440.0
1988 9 399.0
1988 10 435.0
1988 11 327.0
1988 12 364.0
1989 1 351.0
1989 2 425.0
1989 3 473.0
1989 4 458.0
1989 5 487.0
1989 6 452.0
1989 7 349.0
1989 8 448.0
1989 9 441.0
1989 10 410.0
1989 11 463.0
1989 12 267.0
1990 1 377.0
1990 2 351.0
1990 3 484.0
1990 4 449.0
1990 5 518.0
1990 6 494.0
1990 7 529.0
1990 8 515.0
1990 9 419.0
1990 10 445.0
1990 11 383.0
1990 12 340.0
1991 1 325.0
1991 2 426.0
1991 3 485.0
1991 4 632.0
1991 5 593.0
1991 6 551.0
1991 7 689.0
1991 8 611.0
1991 9 616.0
1991 10 722.0
1991 11 416.0
1991 12 503.0
1992 1 563.0
1992 2 604.0
1992 3 734.0
1992 4 837.0
1992 5 812.0
1992 6 850.0
1992 7 865.0
1992 8 719.0
1992 9 770.0
1992 10 842.0
1992 11 695.0
1992 12 582.0
1993 1 649.0
1993 2 734.0
1993 3 1012.0
1993 4 899.0
1993 5 782.0
1993 6 850.0
1993 7 824.0
1993 8 917.0
1993 9 946.0
1993 10 779.0
1993 11 788.0
1993 12 742.0
1994 1 965.0
1994 2 967.0
1994 3 1257.0
1994 4 1003.0
1994 5 1237.0
1994 6 1086.0
1994 7 888.0
1994 8 1136.0
1994 9 957.0
1994 10 859.0
1994 11 809.0
1994 12 702.0
1995 1 806.0
1995 2 861.0
1995 3 979.0
1995 4 886.0
1995 5 983.0
1995 6 1179.0
1995 7 1032.0
1995 8 1053.0
1995 9 988.0
1995 10 1004.0
1995 11 786.0
1995 12 754.0
1996 1 1137.0
1996 2 986.0
1996 3 1255.0
1996 4 1320.0
1996 5 1272.0
1996 6 1153.0
1996 7 1093.0
1996 8 1109.0
1996 9 982.0
1996 10 1049.0
1996 11 846.0
1996 12 759.0
1997 1 953.0
1997 2 991.0
1997 3 1023.0
1997 4 1337.0
1997 5 1169.0
1997 6 1278.0
1997 7 1194.0
1997 8 978.0
1997 9 1007.0
1997 10 1095.0
1997 11 841.0
1997 12 878.0
1998 1 828.0
1998 2 999.0
1998 3 1300.0
1998 4 1307.0
1998 5 1221.0
1998 6 1366.0
1998 7 1227.0
1998 8 1152.0
1998 9 1030.0
1998 10 1195.0
1998 11 881.0
1998 12 996.0
1999 1 1012.0
1999 2 1089.0
1999 3 1369.0
1999 4 1342.0
1999 5 1346.0
1999 6 1183.0
1999 7 1137.0
1999 8 1216.0
1999 9 1095.0
1999 10 952.0
1999 11 942.0
1999 12 797.0
2000 1 994.0
2000 2 1155.0
2000 3 1270.0
2000 4 1028.0
2000 5 1284.0
2000 6 1098.0
2000 7 1081.0
2000 8 1067.0
2000 9 1050.0
2000 10 985.0
2000 11 766.0
2000 12 807.0
2001 1 942.0
2001 2 938.0
2001 3 1217.0
2001 4 1225.0
2001 5 1348.0
2001 6 1190.0
2001 7 1182.0
2001 8 1286.0
2001 9 945.0
2001 10 1057.0
2001 11 939.0
2001 12 828.0
2002 1 1182.0
2002 2 1175.0
2002 3 1307.0
2002 4 1310.0
2002 5 1541.0
2002 6 1180.0
2002 7 1361.0
2002 8 1274.0
2002 9 1180.0
2002 10 1191.0
2002 11 911.0
2002 12 1069.0
2003 1 1297.0
2003 2 1130.0
2003 3 1263.0
2003 4 1554.0
2003 5 1551.0
2003 6 1547.0
2003 7 1435.0
2003 8 1450.0
2003 9 1425.0
2003 10 1563.0
2003 11 1137.0
2003 12 1216.0
2004 1 1177.0
2004 2 1070.0
2004 3 1710.0
2004 4 1655.0
2004 5 1626.0
2004 6 1689.0
2004 7 1574.0
2004 8 1800.0
2004 9 1597.0
2004 10 1506.0
2004 11 1443.0
2004 12 1330.0
2005 1 1955.0
2005 2 1431.0
2005 3 1764.0
2005 4 1735.0
2005 5 1672.0
2005 6 1889.0
2005 7 1614.0
2005 8 1884.0
2005 9 1575.0
2005 10 1502.0
2005 11 1651.0
2005 12 1361.0
2006 1 1449.0
2006 2 1631.0
2006 3 2312.0
2006 4 1648.0
2006 5 1874.0
2006 6 1843.0
2006 7 1549.0
2006 8 2013.0
2006 9 1571.0
2006 10 1643.0
2006 11 1451.0
2006 12 2627.0
2007 1 1230.0
2007 2 1159.0
2007 3 1548.0
2007 4 1662.0
2007 5 1642.0
2007 6 1336.0
2007 7 1409.0
2007 8 1455.0
2007 9 1236.0
2007 10 1255.0
2007 11 951.0
2007 12 1178.0
2008 1 1144.0
2008 2 969.0
2008 3 1111.0
2008 4 1467.0
2008 5 1090.0
2008 6 967.0
2008 7 949.0
2008 8 814.0
2008 9 735.0
2008 10 714.0
2008 11 530.0
2008 12 674.0
2009 1 778.0
2009 2 874.0
2009 3 924.0
2009 4 888.0
2009 5 974.0
2009 6 976.0
2009 7 938.0
2009 8 1114.0
2009 9 952.0
2009 10 952.0
2009 11 669.0
2009 12 847.0
2010 1 701.0
2010 2 782.0
2010 3 1128.0
2010 4 1057.0
2010 5 868.0
2010 6 835.0
2010 7 783.0
2010 8 843.0
2010 9 829.0
2010 10 903.0
2010 11 716.0
2010 12 816.0
2011 1 774.0
2011 2 673.0
2011 3 937.0
2011 4 850.0
2011 5 994.0
2011 6 992.0
2011 7 762.0
2011 8 920.0
2011 9 777.0
2011 10 726.0
2011 11 743.0
2011 12 780.0
2012 1 795.0
2012 2 956.0
2012 3 926.0
2012 4 949.0
2012 5 982.0
2012 6 947.0
2012 7 944.0
2012 8 1003.0
2012 9 941.0
2012 10 1099.0
2012 11 943.0
2012 12 815.0
2013 1 942.0
2013 2 1054.0
2013 3 1178.0
2013 4 1283.0
2013 5 1146.0
2013 6 1111.0
2013 7 1113.0
2013 8 1114.0
2013 9 1013.0
2013 10 978.0
2013 11 901.0
2013 12 820.0
2014 1 862.0
2014 2 1002.0
2014 3 1041.0
2014 4 1150.0
2014 5 1136.0
2014 6 1062.0
2014 7 1127.0
2014 8 1090.0
2014 9 996.0
2014 10 1172.0
2014 11 784.0
2014 12 959.0
2015 1 959.0
2015 2 1047.0
2015 3 1199.0
2015 4 1154.0
2015 5 1088.0
2015 6 1204.0
2015 7 1188.0
2015 8 1074.0
2015 9 1150.0
2015 10 1054.0
2015 11 915.0
2015 12 895.0
2016 1 971.0
2016 2 1041.0
2016 3 1060.0
2016 4 1047.0
2016 5 1235.0
2016 6 1271.0
2016 7 983.0
2016 8 1267.0
2016 9 1170.0
2016 10 1086.0
2016 11 957.0
2016 12 1020.0
2017 1 1082.0
2017 2 1080.0
2017 3 1367.0
2017 4 1138.0
2017 5 1258.0
2017 6 1229.0
2017 7 1061.0
2017 8 1202.0
2017 9 1104.0
2017 10 1114.0
2017 11 934.0
2017 12 805.0
2018 1 1084.0
2018 2 988.0
2018 3 1340.0
2018 4 1439.0
2018 5 1618.0
2018 6 1294.0
2018 7 1120.0
2018 8 1196.0
2018 9 1290.0
2018 10 1257.0
2018 11 944.0
2018 12 952.0
2019 1 1080.0
2019 2 1275.0
2019 3 1473.0
2019 4 1302.0
2019 5 1266.0
2019 6 1160.0
2019 7 1366.0
2019 8 1381.0
2019 9 1119.0
2019 10 1259.0
2019 11 1023.0
2019 12 1019.0
2020 1 1143.0
2020 2 1176.0
2020 3 1585.0
2020 4 1106.0
2020 5 1092.0
2020 6 1482.0
2020 7 1385.0
2020 8 1501.0
2020 9 1504.0
2020 10 1442.0
2020 11 1247.0
2020 12 1407.0
2021 1 1397.0
2021 2 1324.0
2021 3 1858.0
2021 4 2019.0
2021 5 1455.0
2021 6 2111.0
2021 7 1450.0
2021 8 1413.0
2021 9 1322.0
2021 10 1381.0
2021 11 1269.0
2021 12 1303.0
2022 1 1317.0
2022 2 1463.0
2022 3 1449.0
2022 4 1409.0
2022 5 1295.0
2022 6 1370.0
2022 7 1066.0
2022 8 1209.0
2022 9 989.0
2022 10 971.0
2022 11 786.0
2022 12 773.0
2023 1 894.0
2023 2 761.0
2023 3 1040.0
2023 4 988.0
2023 5 1194.0
2023 6 1140.0
2023 7 1037.0
2023 8 1100.0
2023 9 857.0
2023 10 989.0
2023 11 882.0
2023 12 765.0
2024 1 1052.0
2024 2 1028.0
2024 3 1101.0
2024 4 1100.0
2024 5 1180.0
2024 6 1019.0
2024 7 1046.0
2024 8 1094.0
