1960 5 995.0
1960 6 1507.0
1960 7 776.0
1960 8 891.0
1960 9 737.0
1960 10 867.0
1960 11 653.0
1960 12 627.0
1961 1 663.0
1961 2 688.0
1961 3 753.0
1961 4 919.0
1961 5 1029.0
1961 6 921.0
1961 7 1037.0
1961 8 1171.0
1961 9 781.0
1961 10 1054.0
1961 11 613.0
1961 12 705.0
1962 1 915.0
1962 2 935.0
1962 3 1318.0
1962 4 693.0
1962 5 1504.0
1962 6 1145.0
1962 7 1056.0
1962 8 942.0
1962 9 755.0
1962 10 1040.0
1962 11 944.0
1962 12 717.0
1963 1 1157.0
1963 2 673.0
1963 3 910.0
1963 4 1119.0
1963 5 1247.0
1963 6 1225.0
1963 7 1013.0
1963 8 1112.0
1963 9 1072.0
1963 10 1624.0
1963 11 1077.0
1963 12 738.0
1964 1 886.0
1964 2 734.0
1964 3 1350.0
1964 4 1171.0
1964 5 1346.0
1964 6 1369.0
1964 7 1798.0
1964 8 1308.0
1964 9 1445.0
1964 10 1365.0
1964 11 1061.0
1964 12 1308.0
1965 1 2139.0
1965 2 970.0
1965 3 1457.0
1965 4 1420.0
1965 5 1331.0
1965 6 2298.0
1965 7 1185.0
1965 8 1700.0
1965 9 1357.0
1965 10 1450.0
1965 11 855.0
1965 12 1106.0
1966 1 1299.0
1966 2 1246.0
1966 3 2049.0
1966 4 1414.0
1966 5 1836.0
1966 6 1311.0
1966 7 1093.0
1966 8 1162.0
1966 9 819.0
1966 10 726.0
1966 11 692.0
1966 12 483.0
1967 1 857.0
1967 2 768.0
1967 3 1358.0
1967 4 1191.0
1967 5 1189.0
1967 6 1377.0
1967 7 1032.0
1967 8 1433.0
1967 9 1344.0
1967 10 832.0
1967 11 1062.0
1967 12 1230.0
1968 1 1576.0
1968 2 1175.0
1968 3 1517.0
1968 4 1531.0
1968 5 1566.0
1968 6 1083.0
1968 7 1805.0
1968 8 1035.0
1968 9 1346.0
1968 10 1251.0
1968 11 1543.0
1968 12 1466.0
1969 1 1130.0
1969 2 1730.0
1969 3 1576.0
1969 4 1814.0
1969 5 1876.0
1969 6 1385.0
1969 7 1224.0
1969 8 1292.0
1969 9 1555.0
1969 10 1694.0
1969 11 1503.0
1969 12 1019.0
1970 1 1145.0
1970 2 874.0
1970 3 1287.0
1970 4 1701.0
1970 5 1305.0
1970 6 1641.0
1970 7 1722.0
1970 8 1420.0
1970 9 1479.0
1970 10 1879.0
1970 11 1691.0
1970 12 2146.0
1971 1 2055.0
1971 2 2913.0
1971 3 2685.0
1971 4 3813.0
1971 5 3508.0
1971 6 4091.0
1971 7 2930.0
1971 8 2162.0
1971 9 2822.0
1971 10 2360.0
1971 11 3261.0
1971 12 2788.0
1972 1 2523.0
1972 2 3458.0
1972 3 3292.0
1972 4 3753.0
1972 5 3975.0
1972 6 2846.0
1972 7 3677.0
1972 8 2992.0
1972 9 2184.0
1972 10 3721.0
1972 11 2547.0
1972 12 1631.0
1973 1 2800.0
1973 2 2606.0
1973 3 1865.0
1973 4 2400.0
1973 5 3458.0
1973 6 2001.0
1973 7 2643.0
1973 8 2293.0
1973 9 1510.0
1973 10 1564.0
1973 11 1527.0
1973 12 1098.0
1974 1 684.0
1974 2 1629.0
1974 3 1372.0
1974 4 2119.0
1974 5 1161.0
1974 6 734.0
1974 7 1698.0
1974 8 881.0
1974 9 826.0
1974 10 799.0
1974 11 505.0
1974 12 665.0
1975 1 560.0
1975 2 667.0
1975 3 704.0
1975 4 1083.0
1975 5 947.0
1975 6 922.0
1975 7 1062.0
1975 8 908.0
1975 9 1434.0
1975 10 995.0
1975 11 1065.0
1975 12 916.0
1976 1 940.0
1976 2 1103.0
1976 3 1533.0
1976 4 1477.0
1976 5 1155.0
1976 6 1926.0
1976 7 1351.0
1976 8 1447.0
1976 9 1596.0
1976 10 1154.0
1976 11 1502.0
1976 12 1540.0
1977 1 1378.0
1977 2 1627.0
1977 3 2471.0
1977 4 1687.0
1977 5 1820.0
1977 6 1968.0
1977 7 2262.0
1977 8 2106.0
1977 9 2128.0
1977 10 2531.0
1977 11 2044.0
1977 12 2329.0
1978 1 1613.0
1978 2 1859.0
1978 3 3159.0
1978 4 2515.0
1978 5 2452.0
1978 6 1928.0
1978 7 1753.0
1978 8 1670.0
1978 9 1183.0
1978 10 2097.0
1978 11 1447.0
1978 12 1482.0
1979 1 1295.0
1979 2 1258.0
1979 3 2207.0
1979 4 1890.0
1979 5 2345.0
1979 6 2027.0
1979 7 1547.0
1979 8 1870.0
1979 9 2001.0
1979 10 2288.0
1979 11 1268.0
1979 12 1032.0
1980 1 1611.0
1980 2 1940.0
1980 3 1194.0
1980 4 946.0
1980 5 1136.0
1980 6 1161.0
1980 7 2069.0
1980 8 1816.0
1980 9 2686.0
1980 10 2275.0
1980 11 1479.0
1980 12 1546.0
1981 1 1274.0
1981 2 1767.0
1981 3 1698.0
1981 4 2072.0
1981 5 1656.0
1981 6 1190.0
1981 7 1411.0
1981 8 1509.0
1981 9 2134.0
1981 10 1178.0
1981 11 919.0
1981 12 1217.0
1982 1 1246.0
1982 2 988.0
1982 3 1768.0
1982 4 1434.0
1982 5 1679.0
1982 6 1343.0
1982 7 2227.0
1982 8 1570.0
1982 9 2559.0
1982 10 1635.0
1982 11 1526.0
1982 12 1886.0
1983 1 2435.0
1983 2 1728.0
1983 3 3229.0
1983 4 2741.0
1983 5 3383.0
1983 6 3541.0
1983 7 2437.0
1983 8 3225.0
1983 9 3227.0
1983 10 3487.0
1983 11 2107.0
1983 12 2334.0
1984 1 2310.0
1984 2 3246.0
1984 3 2697.0
1984 4 2561.0
1984 5 3004.0
1984 6 2950.0
1984 7 1890.0
1984 8 2222.0
1984 9 1903.0
1984 10 1517.0
1984 11 1558.0
1984 12 1044.0
1985 1 2430.0
1985 2 1181.0
1985 3 1688.0
1985 4 1553.0
1985 5 1817.0
1985 6 2016.0
1985 7 1718.0
1985 8 1774.0
1985 9 1291.0
1985 10 1133.0
1985 11 972.0
1985 12 1187.0
1986 1 992.0
1986 2 888.0
1986 3 1287.0
1986 4 1229.0
1986 5 955.0
1986 6 829.0
1986 7 1073.0
1986 8 729.0
1986 9 1326.0
1986 10 702.0
1986 11 446.0
1986 12 463.0
1987 1 736.0
1987 2 505.0
1987 3 812.0
1987 4 729.0
1987 5 689.0
1987 6 823.0
1987 7 636.0
1987 8 558.0
1987 9 550.0
1987 10 755.0
1987 11 423.0
1987 12 417.0
1988 1 338.0
1988 2 360.0
1988 3 623.0
1988 4 597.0
1988 5 560.0
1988 6 927.0
1988 7 547.0
1988 8 499.0
1988 9 727.0
1988 10 507.0
1988 11 355.0
1988 12 402.0
1989 1 375.0
1989 2 561.0
1989 3 662.0
1989 4 466.0
1989 5 501.0
1989 6 578.0
1989 7 367.0
1989 8 453.0
1989 9 452.0
1989 10 743.0
1989 11 472.0
1989 12 425.0
1990 1 404.0
1990 2 363.0
1990 3 571.0
1990 4 449.0
1990 5 615.0
1990 6 510.0
1990 7 531.0
1990 8 522.0
1990 9 426.0
1990 10 458.0
1990 11 430.0
1990 12 535.0
1991 1 334.0
1991 2 431.0
1991 3 497.0
1991 4 634.0
1991 5 595.0
1991 6 555.0
1991 7 705.0
1991 8 613.0
1991 9 768.0
1991 10 777.0
1991 11 428.0
1991 12 511.0
1992 1 624.0
1992 2 608.0
1992 3 890.0
1992 4 910.0
1992 5 812.0
1992 6 982.0
1992 7 995.0
1992 8 723.0
1992 9 894.0
1992 10 876.0
1992 11 711.0
1992 12 630.0
1993 1 725.0
1993 2 1063.0
1993 3 1020.0
1993 4 909.0
1993 5 804.0
1993 6 874.0
1993 7 857.0
1993 8 1485.0
1993 9 1122.0
1993 10 801.0
1993 11 807.0
1993 12 830.0
1994 1 1004.0
1994 2 1005.0
1994 3 1764.0
1994 4 1371.0
1994 5 1275.0
1994 6 1112.0
1994 7 1940.0
1994 8 1462.0
1994 9 1174.0
1994 10 1168.0
1994 11 834.0
1994 12 921.0
1995 1 848.0
1995 2 1007.0
1995 3 1718.0
1995 4 935.0
1995 5 1098.0
1995 6 1457.0
1995 7 1065.0
1995 8 1163.0
1995 9 1528.0
1995 10 1496.0
1995 11 953.0
1995 12 925.0
1996 1 1584.0
1996 2 1128.0
1996 3 1310.0
1996 4 2013.0
1996 5 1397.0
1996 6 1359.0
1996 7 1219.0
1996 8 1196.0
1996 9 1081.0
1996 10 1114.0
1996 11 1527.0
1996 12 943.0
1997 1 1050.0
1997 2 1421.0
1997 3 1396.0
1997 4 2143.0
1997 5 1263.0
1997 6 1589.0
1997 7 1333.0
1997 8 1097.0
1997 9 1057.0
1997 10 1150.0
1997 11 1064.0
1997 12 1018.0
1998 1 973.0
1998 2 1120.0
1998 3 1586.0
1998 4 1786.0
1998 5 1356.0
1998 6 1497.0
1998 7 1321.0
1998 8 1435.0
1998 9 1390.0
1998 10 1469.0
1998 11 920.0
1998 12 1011.0
1999 1 1205.0
1999 2 1419.0
1999 3 1742.0
1999 4 1615.0
1999 5 1438.0
1999 6 1799.0
1999 7 1971.0
1999 8 1379.0
1999 9 1244.0
1999 10 1095.0
1999 11 1031.0
1999 12 963.0
2000 1 1127.0
2000 2 1247.0
2000 3 1540.0
2000 4 1107.0
2000 5 1317.0
2000 6 1143.0
2000 7 1158.0
2000 8 1164.0
2000 9 1226.0
2000 10 1091.0
2000 11 854.0
2000 12 944.0
2001 1 1354.0
2001 2 964.0
2001 3 1358.0
2001 4 1268.0
2001 5 1735.0
2001 6 1411.0
2001 7 1363.0
2001 8 1383.0
2001 9 1291.0
2001 10 1388.0
2001 11 1030.0
2001 12 913.0
2002 1 1255.0
2002 2 1256.0
2002 3 1687.0
2002 4 1425.0
2002 5 1833.0
2002 6 1225.0
2002 7 2202.0
2002 8 1724.0
2002 9 1305.0
2002 10 1299.0
2002 11 1147.0
2002 12 1554.0
2003 1 1417.0
2003 2 1166.0
2003 3 1335.0
2003 4 1680.0
2003 5 2236.0
2003 6 2273.0
2003 7 1866.0
2003 8 1595.0
2003 9 2145.0
2003 10 2007.0
2003 11 1376.0
2003 12 1550.0
2004 1 1324.0
2004 2 1395.0
2004 3 1896.0
2004 4 1847.0
2004 5 1971.0
2004 6 1956.0
2004 7 1630.0
2004 8 1940.0
2004 9 1684.0
2004 10 1811.0
2004 11 1775.0
2004 12 1551.0
2005 1 2073.0
2005 2 1488.0
2005 3 2033.0
2005 4 1796.0
2005 5 1905.0
2005 6 2027.0
2005 7 1827.0
2005 8 2006.0
2005 9 1653.0
2005 10 1590.0
2005 11 1832.0
2005 12 1443.0
2006 1 1558.0
2006 2 1751.0
2006 3 2432.0
2006 4 1848.0
2006 5 2122.0
2006 6 2171.0
2006 7 1737.0
2006 8 2220.0
2006 9 1721.0
2006 10 1980.0
2006 11 1602.0
2006 12 3863.0
2007 1 1848.0
2007 2 1246.0
2007 3 1857.0
2007 4 2009.0
2007 5 2367.0
2007 6 2366.0
2007 7 2027.0
2007 8 1659.0
2007 9 2295.0
2007 10 1325.0
2007 11 1166.0
2007 12 1405.0
2008 1 1561.0
2008 2 1311.0
2008 3 1494.0
2008 4 2094.0
2008 5 1560.0
2008 6 1209.0
2008 7 1259.0
2008 8 1343.0
2008 9 1483.0
2008 10 934.0
2008 11 578.0
2008 12 750.0
2009 1 875.0
2009 2 1112.0
2009 3 1004.0
2009 4 918.0
2009 5 1228.0
2009 6 1427.0
2009 7 1062.0
2009 8 1162.0
2009 9 1069.0
2009 10 1016.0
2009 11 711.0
2009 12 909.0
2010 1 724.0
2010 2 829.0
2010 3 1192.0
2010 4 1178.0
2010 5 922.0
2010 6 894.0
2010 7 840.0
2010 8 921.0
2010 9 965.0
2010 10 977.0
2010 11 814.0
2010 12 984.0
2011 1 821.0
2011 2 974.0
2011 3 1076.0
2011 4 1154.0
2011 5 1393.0
2011 6 1201.0
2011 7 853.0
2011 8 1089.0
2011 9 855.0
2011 10 942.0
2011 11 834.0
2011 12 900.0
2012 1 889.0
2012 2 1032.0
2012 3 1042.0
2012 4 1084.0
2012 5 1094.0
2012 6 1059.0
2012 7 1049.0
2012 8 1147.0
2012 9 1123.0
2012 10 1279.0
2012 11 1180.0
2012 12 983.0
2013 1 1071.0
2013 2 1239.0
2013 3 1299.0
2013 4 1399.0
2013 5 1260.0
2013 6 1193.0
2013 7 1185.0
2013 8 1371.0
2013 9 1126.0
2013 10 1097.0
2013 11 988.0
2013 12 1236.0
2014 1 1003.0
2014 2 1348.0
2014 3 1177.0
2014 4 1241.0
2014 5 1227.0
2014 6 1214.0
2014 7 1199.0
2014 8 1329.0
2014 9 1457.0
2014 10 1528.0
2014 11 885.0
2014 12 1066.0
2015 1 1035.0
2015 2 1731.0
2015 3 1275.0
2015 4 1287.0
2015 5 1203.0
2015 6 1317.0
2015 7 1376.0
2015 8 1094.0
2015 9 1267.0
2015 10 1376.0
2015 11 957.0
2015 12 1297.0
2016 1 1089.0
2016 2 1089.0
2016 3 1286.0
2016 4 1121.0
2016 5 1285.0
2016 6 1618.0
2016 7 1040.0
2016 8 1568.0
2016 9 1980.0
2016 10 1257.0
2016 11 1037.0
2016 12 1074.0
2017 1 1121.0
2017 2 1152.0
2017 3 1483.0
2017 4 1178.0
2017 5 1335.0
2017 6 1313.0
2017 7 1137.0
2017 8 1262.0
2017 9 1166.0
2017 10 1168.0
2017 11 2270.0
2017 12 873.0
2018 1 1168.0
2018 2 1028.0
2018 3 1449.0
2018 4 1480.0
2018 5 1655.0
2018 6 1401.0
2018 7 1148.0
2018 8 1767.0
2018 9 1354.0
2018 10 1285.0
2018 11 983.0
2018 12 979.0
2019 1 1133.0
2019 2 1347.0
2019 3 1496.0
2019 4 1442.0
2019 5 1303.0
2019 6 1258.0
2019 7 1454.0
2019 8 1497.0
2019 9 1436.0
2019 10 1489.0
2019 11 1127.0
2019 12 1099.0
2020 1 1259.0
2020 2 1274.0
2020 3 1674.0
2020 4 1208.0
2020 5 1200.0
2020 6 1751.0
2020 7 1554.0
2020 8 1609.0
2020 9 1547.0
2020 10 1556.0
2020 11 1342.0
2020 12 1514.0
2021 1 1496.0
2021 2 1411.0
2021 3 1988.0
2021 4 2481.0
2021 5 1614.0
2021 6 2224.0
2021 7 1541.0
2021 8 1519.0
2021 9 1403.0
2021 10 1460.0
2021 11 1346.0
2021 12 1407.0
2022 1 1507.0
2022 2 1614.0
2022 3 1565.0
2022 4 1617.0
2022 5 1478.0
2022 6 1873.0
2022 7 1494.0
2022 8 1439.0
2022 9 1172.0
2022 10 1170.0
2022 11 949.0
2022 12 938.0
2023 1 1392.0
2023 2 991.0
2023 3 1234.0
2023 4 1393.0
2023 5 1351.0
2023 6 1270.0
2023 7 1270.0
2023 8 1284.0
2023 9 1386.0
2023 10 1126.0
2023 11 962.0
2023 12 1114.0
2024 1 1245.0
2024 2 1239.0
2024 3 1189.0
2024 4 1239.0
2024 5 1286.0
2024 6 1252.0
2024 7 1347.0
2024 8 1250.0
