1960 5 38.0
1960 6 76.0
1960 7 42.0
1960 8 56.0
1960 9 57.0
1960 10 44.0
1960 11 69.0
1960 12 36.0
1961 1 75.0
1961 2 42.0
1961 3 48.0
1961 4 50.0
1961 5 46.0
1961 6 38.0
1961 7 27.0
1961 8 90.0
1961 9 41.0
1961 10 57.0
1961 11 31.0
1961 12 36.0
1962 1 51.0
1962 2 89.0
1962 3 75.0
1962 4 40.0
1962 5 45.0
1962 6 85.0
1962 7 55.0
1962 8 50.0
1962 9 79.0
1962 10 61.0
1962 11 57.0
1962 12 56.0
1963 1 79.0
1963 2 58.0
1963 3 137.0
1963 4 40.0
1963 5 68.0
1963 6 260.0
1963 7 112.0
1963 8 88.0
1963 9 63.0
1963 10 226.0
1963 11 271.0
1963 12 60.0
1964 1 104.0
1964 2 75.0
1964 3 98.0
1964 4 161.0
1964 5 90.0
1964 6 188.0
1964 7 415.0
1964 8 158.0
1964 9 146.0
1964 10 325.0
1964 11 81.0
1964 12 91.0
1965 1 444.0
1965 2 181.0
1965 3 178.0
1965 4 273.0
1965 5 144.0
1965 6 631.0
1965 7 102.0
1965 8 256.0
1965 9 240.0
1965 10 95.0
1965 11 78.0
1965 12 76.0
1966 1 289.0
1966 2 142.0
1966 3 141.0
1966 4 163.0
1966 5 448.0
1966 6 213.0
1966 7 312.0
1966 8 160.0
1966 9 77.0
1966 10 75.0
1966 11 98.0
1966 12 83.0
1967 1 144.0
1967 2 154.0
1967 3 214.0
1967 4 170.0
1967 5 144.0
1967 6 119.0
1967 7 56.0
1967 8 146.0
1967 9 233.0
1967 10 78.0
1967 11 184.0
1967 12 137.0
1968 1 165.0
1968 2 171.0
1968 3 101.0
1968 4 179.0
1968 5 116.0
1968 6 87.0
1968 7 192.0
1968 8 138.0
1968 9 130.0
1968 10 112.0
1968 11 116.0
1968 12 162.0
1969 1 172.0
1969 2 107.0
1969 3 281.0
1969 4 160.0
1969 5 146.0
1969 6 449.0
1969 7 126.0
1969 8 94.0
1969 9 72.0
1969 10 111.0
1969 11 177.0
1969 12 83.0
1970 1 194.0
1970 2 79.0
1970 3 98.0
1970 4 256.0
1970 5 68.0
1970 6 200.0
1970 7 103.0
1970 8 120.0
1970 9 98.0
1970 10 225.0
1970 11 50.0
1970 12 203.0
1971 1 104.0
1971 2 328.0
1971 3 234.0
1971 4 252.0
1971 5 289.0
1971 6 521.0
1971 7 297.0
1971 8 349.0
1971 9 194.0
1971 10 225.0
1971 11 255.0
1971 12 133.0
1972 1 196.0
1972 2 242.0
1972 3 383.0
1972 4 253.0
1972 5 294.0
1972 6 274.0
1972 7 135.0
1972 8 175.0
1972 9 256.0
1972 10 294.0
1972 11 108.0
1972 12 89.0
1973 1 133.0
1973 2 175.0
1973 3 130.0
1973 4 181.0
1973 5 224.0
1973 6 105.0
1973 7 90.0
1973 8 85.0
1973 9 52.0
1973 10 169.0
1973 11 73.0
1973 12 49.0
1974 1 91.0
1974 2 58.0
1974 3 46.0
1974 4 31.0
1974 5 126.0
1974 6 21.0
1974 7 40.0
1974 8 27.0
1974 9 11.0
1974 10 29.0
1974 11 36.0
1974 12 46.0
1975 1 19.0
1975 2 67.0
1975 3 14.0
1975 4 68.0
1975 5 17.0
1975 6 26.0
1975 7 86.0
1975 8 24.0
1975 9 561.0
1975 10 42.0
1975 11 48.0
1975 12 50.0
1976 1 45.0
1976 2 84.0
1976 3 55.0
1976 4 84.0
1976 5 126.0
1976 6 125.0
1976 7 132.0
1976 8 228.0
1976 9 202.0
1976 10 106.0
1976 11 142.0
1976 12 127.0
1977 1 124.0
1977 2 163.0
1977 3 142.0
1977 4 362.0
1977 5 216.0
1977 6 330.0
1977 7 245.0
1977 8 287.0
1977 9 291.0
1977 10 178.0
1977 11 229.0
1977 12 160.0
1978 1 156.0
1978 2 72.0
1978 3 286.0
1978 4 184.0
1978 5 164.0
1978 6 315.0
1978 7 118.0
1978 8 324.0
1978 9 179.0
1978 10 126.0
1978 11 134.0
1978 12 137.0
1979 1 205.0
1979 2 140.0
1979 3 299.0
1979 4 146.0
1979 5 217.0
1979 6 303.0
1979 7 225.0
1979 8 298.0
1979 9 254.0
1979 10 370.0
1979 11 281.0
1979 12 84.0
1980 1 537.0
1980 2 252.0
1980 3 236.0
1980 4 172.0
1980 5 367.0
1980 6 202.0
1980 7 250.0
1980 8 376.0
1980 9 329.0
1980 10 380.0
1980 11 257.0
1980 12 242.0
1981 1 195.0
1981 2 159.0
1981 3 242.0
1981 4 440.0
1981 5 292.0
1981 6 252.0
1981 7 298.0
1981 8 372.0
1981 9 512.0
1981 10 213.0
1981 11 270.0
1981 12 250.0
1982 1 104.0
1982 2 191.0
1982 3 318.0
1982 4 283.0
1982 5 297.0
1982 6 198.0
1982 7 487.0
1982 8 256.0
1982 9 329.0
1982 10 256.0
1982 11 289.0
1982 12 422.0
1983 1 262.0
1983 2 468.0
1983 3 405.0
1983 4 445.0
1983 5 327.0
1983 6 448.0
1983 7 306.0
1983 8 434.0
1983 9 443.0
1983 10 359.0
1983 11 261.0
1983 12 234.0
1984 1 219.0
1984 2 200.0
1984 3 307.0
1984 4 287.0
1984 5 332.0
1984 6 378.0
1984 7 441.0
1984 8 395.0
1984 9 105.0
1984 10 178.0
1984 11 190.0
1984 12 88.0
1985 1 134.0
1985 2 74.0
1985 3 210.0
1985 4 208.0
1985 5 169.0
1985 6 207.0
1985 7 118.0
1985 8 279.0
1985 9 116.0
1985 10 53.0
1985 11 117.0
1985 12 60.0
1986 1 53.0
1986 2 45.0
1986 3 43.0
1986 4 58.0
1986 5 55.0
1986 6 39.0
1986 7 38.0
1986 8 47.0
1986 9 35.0
1986 10 22.0
1986 11 25.0
1986 12 18.0
1987 1 6.0
1987 2 33.0
1987 3 11.0
1987 4 33.0
1987 5 10.0
1987 6 37.0
1987 7 28.0
1987 8 11.0
1987 9 18.0
1987 10 17.0
1987 11 2.0
1987 12 16.0
1988 1 6.0
1988 2 20.0
1988 3 4.0
1988 4 38.0
1988 5 16.0
1988 6 18.0
1988 7 17.0
1988 8 3.0
1988 9 2.0
1988 10 11.0
1988 11 4.0
1988 12 11.0
1989 1 4.0
1989 2 10.0
1989 3 46.0
1989 4 2.0
1989 5 2.0
1989 6 11.0
1989 7 13.0
1989 8 9.5
1989 9 6.0
1989 10 328.0
1989 11 4.0
1989 12 4.0
1990 1 7.0
1990 2 7.0
1990 3 26.0
1990 4 15.0
1990 5 4.0
1990 6 11.0
1990 7 2.0
1990 8 2.0
1990 9 7.0
1990 10 8.0
1990 11 8.0
1990 12 4.0
1991 1 4.0
1991 2 8.0
1991 3 12.0
1991 4 2.0
1991 5 2.0
1991 6 4.0
1991 7 8.0
1991 8 2.0
1991 9 2.0
1991 10 18.0
1991 11 12.0
1991 12 8.0
1992 1 4.0
1992 2 4.0
1992 3 12.0
1992 4 11.0
1992 5 9.5
1992 6 8.0
1992 7 10.0
1992 8 4.0
1992 9 12.0
1992 10 10.0
1992 11 10.0
1992 12 8.0
1993 1 8.0
1993 2 9.0
1993 3 8.0
1993 4 10.0
1993 5 16.0
1993 6 24.0
1993 7 14.0
1993 8 11.0
1993 9 20.0
1993 10 14.0
1993 11 19.0
1993 12 16.0
1994 1 39.0
1994 2 38.0
1994 3 67.0
1994 4 34.0
1994 5 38.0
1994 6 26.0
1994 7 64.0
1994 8 70.0
1994 9 18.0
1994 10 42.0
1994 11 20.0
1994 12 102.0
1995 1 36.0
1995 2 26.0
1995 3 94.0
1995 4 28.0
1995 5 30.0
1995 6 104.0
1995 7 6.0
1995 8 56.0
1995 9 7.0
1995 10 100.0
1995 11 122.0
1995 12 112.0
1996 1 39.0
1996 2 97.0
1996 3 36.0
1996 4 23.0
1996 5 62.0
1996 6 77.0
1996 7 23.0
1996 8 57.0
1996 9 17.0
1996 10 54.0
1996 11 56.0
1996 12 64.0
1997 1 37.0
1997 2 77.0
1997 3 42.0
1997 4 142.0
1997 5 78.0
1997 6 48.0
1997 7 96.0
1997 8 71.0
1997 9 8.0
1997 10 35.0
1997 11 86.0
1997 12 108.0
1998 1 38.0
1998 2 66.0
1998 3 139.0
1998 4 165.0
1998 5 55.0
1998 6 82.0
1998 7 78.0
1998 8 130.0
1998 9 25.0
1998 10 61.0
1998 11 28.0
1998 12 10.0
1999 1 40.0
1999 2 79.0
1999 3 93.0
1999 4 59.0
1999 5 79.0
1999 6 233.0
1999 7 19.0
1999 8 26.0
1999 9 12.0
1999 10 23.0
1999 11 75.0
1999 12 67.0
2000 1 56.0
2000 2 36.0
2000 3 68.0
2000 4 9.0
2000 5 15.0
2000 6 18.0
2000 7 65.0
2000 8 20.0
2000 9 22.0
2000 10 24.0
2000 11 51.0
2000 12 68.0
2001 1 19.0
2001 2 14.0
2001 3 37.0
2001 4 31.0
2001 5 101.0
2001 6 52.0
2001 7 70.0
2001 8 87.0
2001 9 121.0
2001 10 77.0
2001 11 63.0
2001 12 20.0
2002 1 53.0
2002 2 41.0
2002 3 82.0
2002 4 29.0
2002 5 50.0
2002 6 32.0
2002 7 33.0
2002 8 23.0
2002 9 95.0
2002 10 64.0
2002 11 11.0
2002 12 25.0
2003 1 36.0
2003 2 12.0
2003 3 50.0
2003 4 48.0
2003 5 39.0
2003 6 447.0
2003 7 10.0
2003 8 86.0
2003 9 41.0
2003 10 37.0
2003 11 36.0
2003 12 93.0
2004 1 70.0
2004 2 72.0
2004 3 83.0
2004 4 122.0
2004 5 263.0
2004 6 26.0
2004 7 35.0
2004 8 19.0
2004 9 40.0
2004 10 182.0
2004 11 100.0
2004 12 40.0
2005 1 18.0
2005 2 52.0
2005 3 55.0
2005 4 30.0
2005 5 37.0
2005 6 38.0
2005 7 40.0
2005 8 59.0
2005 9 53.0
2005 10 41.0
2005 11 13.0
2005 12 34.0
2006 1 56.0
2006 2 16.0
2006 3 44.0
2006 4 52.0
2006 5 77.0
2006 6 33.0
2006 7 39.0
2006 8 14.0
2006 9 52.0
2006 10 130.0
2006 11 76.0
2006 12 70.0
2007 1 134.0
2007 2 28.0
2007 3 90.0
2007 4 54.0
2007 5 87.0
2007 6 113.0
2007 7 29.0
2007 8 50.0
2007 9 44.0
2007 10 40.0
2007 11 70.0
2007 12 116.0
2008 1 23.0
2008 2 8.0
2008 3 42.0
2008 4 54.0
2008 5 50.0
2008 6 54.0
2008 7 40.0
2008 8 48.0
2008 9 419.0
2008 10 84.0
2008 11 22.0
2008 12 42.0
2009 1 56.0
2009 2 18.0
2009 3 47.0
2009 4 30.0
2009 5 20.0
2009 6 36.0
2009 7 53.0
2009 8 36.0
2009 9 92.0
2009 10 48.0
2009 11 29.0
2009 12 40.0
2010 1 12.0
2010 2 20.0
2010 3 26.0
2010 4 18.0
2010 5 24.0
2010 6 14.0
2010 7 20.0
2010 8 38.0
2010 9 66.0
2010 10 50.0
2010 11 54.0
2010 12 79.0
2011 1 18.0
2011 2 40.0
2011 3 42.0
2011 4 73.0
2011 5 59.0
2011 6 102.0
2011 7 19.0
2011 8 54.0
2011 9 35.0
2011 10 34.0
2011 11 27.0
2011 12 36.0
2012 1 16.0
2012 2 21.0
2012 3 33.0
2012 4 71.0
2012 5 23.0
2012 6 25.0
2012 7 34.0
2012 8 46.0
2012 9 54.0
2012 10 47.0
2012 11 39.0
2012 12 24.0
2013 1 63.0
2013 2 99.0
2013 3 33.0
2013 4 31.0
2013 5 34.0
2013 6 21.0
2013 7 19.0
2013 8 28.0
2013 9 29.0
2013 10 25.0
2013 11 27.0
2013 12 13.0
2014 1 79.0
2014 2 25.0
2014 3 30.0
2014 4 20.0
2014 5 21.0
2014 6 21.0
2014 7 29.0
2014 8 45.0
2014 9 27.0
2014 10 17.0
2014 11 27.0
2014 12 32.0
2015 1 21.0
2015 2 44.0
2015 3 35.0
2015 4 67.0
2015 5 36.0
2015 6 36.0
2015 7 53.0
2015 8 15.0
2015 9 64.0
2015 10 67.0
2015 11 13.0
2015 12 114.0
2016 1 13.0
2016 2 22.0
2016 3 63.0
2016 4 15.0
2016 5 23.0
2016 6 4.0
2016 7 27.0
2016 8 46.0
2016 9 495.0
2016 10 42.0
2016 11 23.0
2016 12 31.0
2017 1 5.0
2017 2 29.0
2017 3 61.0
2017 4 14.0
2017 5 41.0
2017 6 36.0
2017 7 43.0
2017 8 21.0
2017 9 42.0
2017 10 10.0
2017 11 47.0
2017 12 43.0
2018 1 48.0
2018 2 16.0
2018 3 35.0
2018 4 25.0
2018 5 26.0
2018 6 16.0
2018 7 19.0
2018 8 21.0
2018 9 55.0
2018 10 16.0
2018 11 19.0
2018 12 15.0
2019 1 40.0
2019 2 35.0
2019 3 14.0
2019 4 126.0
2019 5 15.0
2019 6 38.0
2019 7 30.0
2019 8 44.0
2019 9 33.0
2019 10 60.0
2019 11 24.0
2019 12 29.0
2020 1 28.0
2020 2 33.0
2020 3 38.0
2020 4 55.0
2020 5 65.0
2020 6 44.0
2020 7 52.0
2020 8 49.0
2020 9 27.0
2020 10 80.0
2020 11 55.0
2020 12 68.0
2021 1 50.0
2021 2 42.0
2021 3 77.0
2021 4 40.0
2021 5 49.0
2021 6 60.0
2021 7 45.0
2021 8 28.0
2021 9 29.0
2021 10 32.0
2021 11 25.0
2021 12 45.0
2022 1 42.0
2022 2 43.0
2022 3 51.0
2022 4 77.0
2022 5 53.0
2022 6 80.0
2022 7 49.0
2022 8 87.0
2022 9 43.0
2022 10 57.0
2022 11 53.0
2022 12 34.0
2023 1 41.0
2023 2 35.0
2023 3 51.0
2023 4 51.0
2023 5 62.0
2023 6 41.0
2023 7 37.0
2023 8 65.0
2023 9 84.0
2023 10 73.0
2023 11 37.0
2023 12 46.0
2024 1 34.0
2024 2 52.0
2024 3 44.0
2024 4 46.0
2024 5 43.0
2024 6 52.0
2024 7 36.0
2024 8 57.0
