1960 5 62.0
1960 6 122.0
1960 7 50.0
1960 8 24.0
1960 9 13.0
1960 10 172.0
1960 11 49.0
1960 12 116.0
1961 1 30.0
1961 2 157.0
1961 3 28.0
1961 4 166.0
1961 5 155.0
1961 6 91.0
1961 7 163.0
1961 8 90.0
1961 9 85.0
1961 10 42.0
1961 11 7.0
1961 12 256.0
1962 1 184.0
1962 2 60.0
1962 3 466.0
1962 4 474.0
1962 5 482.0
1962 6 422.0
1962 7 130.0
1962 8 109.0
1962 9 82.0
1962 10 126.0
1962 11 223.0
1962 12 186.0
1963 1 477.0
1963 2 67.0
1963 3 131.0
1963 4 195.0
1963 5 248.0
1963 6 220.0
1963 7 166.0
1963 8 356.0
1963 9 370.0
1963 10 628.0
1963 11 270.0
1963 12 68.0
1964 1 126.0
1964 2 104.0
1964 3 391.0
1964 4 189.0
1964 5 484.0
1964 6 312.0
1964 7 563.0
1964 8 461.0
1964 9 464.0
1964 10 439.0
1964 11 351.0
1964 12 488.0
1965 1 734.0
1965 2 127.0
1965 3 302.0
1965 4 196.0
1965 5 183.0
1965 6 599.0
1965 7 168.0
1965 8 321.0
1965 9 469.0
1965 10 604.0
1965 11 93.0
1965 12 432.0
1966 1 176.0
1966 2 248.0
1966 3 840.0
1966 4 441.0
1966 5 475.0
1966 6 270.0
1966 7 139.0
1966 8 211.0
1966 9 173.0
1966 10 121.0
1966 11 38.0
1966 12 40.0
1967 1 128.0
1967 2 55.0
1967 3 338.0
1967 4 269.0
1967 5 196.0
1967 6 341.0
1967 7 241.0
1967 8 441.0
1967 9 344.0
1967 10 26.0
1967 11 217.0
1967 12 597.0
1968 1 635.0
1968 2 195.0
1968 3 545.0
1968 4 348.0
1968 5 380.0
1968 6 191.0
1968 7 717.0
1968 8 104.0
1968 9 328.0
1968 10 267.0
1968 11 744.0
1968 12 676.0
1969 1 147.0
1969 2 796.0
1969 3 444.0
1969 4 910.0
1969 5 812.0
1969 6 85.0
1969 7 379.0
1969 8 582.0
1969 9 735.0
1969 10 913.0
1969 11 711.0
1969 12 426.0
1970 1 357.0
1970 2 188.0
1970 3 312.0
1970 4 432.0
1970 5 378.0
1970 6 240.0
1970 7 509.0
1970 8 444.0
1970 9 430.0
1970 10 632.0
1970 11 687.0
1970 12 590.0
1971 1 739.0
1971 2 1443.0
1971 3 828.0
1971 4 1789.0
1971 5 1496.0
1971 6 1482.0
1971 7 1329.0
1971 8 476.0
1971 9 1067.0
1971 10 502.0
1971 11 1783.0
1971 12 1199.0
1972 1 948.0
1972 2 1530.0
1972 3 1461.0
1972 4 2104.0
1972 5 2296.0
1972 6 1290.0
1972 7 2126.0
1972 8 1445.0
1972 9 705.0
1972 10 1302.0
1972 11 1317.0
1972 12 684.0
1973 1 1632.0
1973 2 1442.0
1973 3 672.0
1973 4 1230.0
1973 5 1973.0
1973 6 879.0
1973 7 1727.0
1973 8 1536.0
1973 9 921.0
1973 10 820.0
1973 11 954.0
1973 12 627.0
1974 1 180.0
1974 2 927.0
1974 3 525.0
1974 4 1243.0
1974 5 217.0
1974 6 59.0
1974 7 963.0
1974 8 274.0
1974 9 188.0
1974 10 157.0
1974 11 81.0
1974 12 5.0
1975 1 7.0
1975 2 28.0
1975 3 56.0
1975 4 12.0
1975 5 67.0
1975 6 40.0
1975 7 45.0
1975 8 153.0
1975 9 69.0
1975 10 39.0
1975 11 306.0
1975 12 12.0
1976 1 110.0
1976 2 91.0
1976 3 165.0
1976 4 130.0
1976 5 112.0
1976 6 578.0
1976 7 66.0
1976 8 127.0
1976 9 355.0
1976 10 101.0
1976 11 21.0
1976 12 577.0
1977 1 267.0
1977 2 262.0
1977 3 666.0
1977 4 178.0
1977 5 211.0
1977 6 215.0
1977 7 774.0
1977 8 112.0
1977 9 657.0
1977 10 1164.0
1977 11 553.0
1977 12 1084.0
1978 1 180.0
1978 2 473.0
1978 3 1310.0
1978 4 908.0
1978 5 780.0
1978 6 320.0
1978 7 606.0
1978 8 213.0
1978 9 78.0
1978 10 707.0
1978 11 457.0
1978 12 751.0
1979 1 392.0
1979 2 245.0
1979 3 645.0
1979 4 409.0
1979 5 559.0
1979 6 376.0
1979 7 135.0
1979 8 38.0
1979 9 623.0
1979 10 583.0
1979 11 120.0
1979 12 197.0
1980 1 172.0
1980 2 733.0
1980 3 132.0
1980 4 138.0
1980 5 71.0
1980 6 104.0
1980 7 420.0
1980 8 334.0
1980 9 1022.0
1980 10 784.0
1980 11 283.0
1980 12 496.0
1981 1 264.0
1981 2 833.0
1981 3 304.0
1981 4 489.0
1981 5 478.0
1981 6 187.0
1981 7 199.0
1981 8 302.0
1981 9 818.0
1981 10 311.0
1981 11 109.0
1981 12 344.0
1982 1 494.0
1982 2 66.0
1982 3 581.0
1982 4 370.0
1982 5 466.0
1982 6 266.0
1982 7 852.0
1982 8 402.0
1982 9 859.0
1982 10 264.0
1982 11 127.0
1982 12 526.0
1983 1 849.0
1983 2 289.0
1983 3 1116.0
1983 4 746.0
1983 5 1243.0
1983 6 1422.0
1983 7 660.0
1983 8 1218.0
1983 9 1425.0
1983 10 1734.0
1983 11 837.0
1983 12 1149.0
1984 1 913.0
1984 2 1797.0
1984 3 969.0
1984 4 826.0
1984 5 1109.0
1984 6 1298.0
1984 7 326.0
1984 8 752.0
1984 9 679.0
1984 10 345.0
1984 11 537.0
1984 12 349.0
1985 1 1499.0
1985 2 264.0
1985 3 275.0
1985 4 262.0
1985 5 455.0
1985 6 749.0
1985 7 342.0
1985 8 487.0
1985 9 312.0
1985 10 155.0
1985 11 205.0
1985 12 524.0
1986 1 53.0
1986 2 84.0
1986 3 360.0
1986 4 214.0
1986 5 50.0
1986 6 53.0
1986 7 146.0
1986 8 84.0
1986 9 666.0
1986 10 66.0
1986 11 12.0
1986 12 50.0
1987 1 173.0
1987 2 132.0
1987 3 91.0
1987 4 39.0
1987 5 27.0
1987 6 15.0
1987 7 15.0
1987 8 15.0
1987 9 38.5
1987 10 62.0
1987 11 7.0
1987 12 5.0
1988 1 24.0
1988 2 54.5
1988 3 85.0
1988 4 54.0
1988 5 22.0
1988 6 370.0
1988 7 73.0
1988 8 56.0
1988 9 326.0
1988 10 61.0
1988 11 24.0
1988 12 27.0
1989 1 20.0
1989 2 126.0
1989 3 143.0
1989 4 6.0
1989 5 12.0
1989 6 115.0
1989 7 5.0
1989 8 5.0
1989 9 5.0
1989 10 5.0
1989 11 5.0
1989 12 154.0
1990 1 20.0
1990 2 5.0
1990 3 61.0
1990 4 77.0
1990 5 93.0
1990 6 5.0
1990 7 5.0
1990 8 5.0
1990 9 5.0
1990 10 5.0
1990 11 39.0
1990 12 191.0
1991 1 5.0
1991 2 5.0
1991 3 5.6
1991 4 6.2
1991 5 6.8
1991 6 7.4
1991 7 8.0
1991 8 79.0
1991 9 150.0
1991 10 37.0
1991 11 43.666666666666664
1991 12 50.333333333333336
1992 1 57.0
1992 2 100.5
1992 3 144.0
1992 4 62.0
1992 5 93.0
1992 6 124.0
1992 7 120.0
1992 8 116.0
1992 9 112.0
1992 10 24.0
1992 11 6.0
1992 12 40.0
1993 1 68.0
1993 2 320.0
1993 3 215.33333333333331
1993 4 110.66666666666666
1993 5 6.0
1993 6 12.5
1993 7 19.0
1993 8 557.0
1993 9 156.0
1993 10 8.0
1993 11 40.0
1993 12 72.0
1994 1 194.66666666666669
1994 2 317.33333333333337
1994 3 440.0
1994 4 334.0
1994 5 552.0
1994 6 770.0
1994 7 988.0
1994 8 256.0
1994 9 199.0
1994 10 267.0
1994 11 5.0
1994 12 117.0
1995 1 6.0
1995 2 120.0
1995 3 645.0
1995 4 21.0
1995 5 85.0
1995 6 174.0
1995 7 27.0
1995 8 54.0
1995 9 533.0
1995 10 392.0
1995 11 45.0
1995 12 59.0
1996 1 408.0
1996 2 45.0
1996 3 19.0
1996 4 670.0
1996 5 63.0
1996 6 129.0
1996 7 103.0
1996 8 30.0
1996 9 82.0
1996 10 11.0
1996 11 625.0
1996 12 120.0
1997 1 60.0
1997 2 353.0
1997 3 331.0
1997 4 664.0
1997 5 16.0
1997 6 263.0
1997 7 43.0
1997 8 48.0
1997 9 42.0
1997 10 20.0
1997 11 137.0
1997 12 32.0
1998 1 107.0
1998 2 55.0
1998 3 147.0
1998 4 314.0
1998 5 80.0
1998 6 49.0
1998 7 16.0
1998 8 153.0
1998 9 335.0
1998 10 213.0
1998 11 11.0
1998 12 5.0
1999 1 153.0
1999 2 251.0
1999 3 280.0
1999 4 214.0
1999 5 13.0
1999 6 383.0
1999 7 815.0
1999 8 137.0
1999 9 137.0
1999 10 120.0
1999 11 14.0
1999 12 99.0
2000 1 77.0
2000 2 56.0
2000 3 202.0
2000 4 70.0
2000 5 18.0
2000 6 27.0
2000 7 12.0
2000 8 77.0
2000 9 154.0
2000 10 82.0
2000 11 37.0
2000 12 69.0
2001 1 393.0
2001 2 12.0
2001 3 104.0
2001 4 12.0
2001 5 286.0
2001 6 169.0
2001 7 111.0
2001 8 10.0
2001 9 225.0
2001 10 254.0
2001 11 28.0
2001 12 65.0
2002 1 20.0
2002 2 40.0
2002 3 298.0
2002 4 86.0
2002 5 242.0
2002 6 13.0
2002 7 808.0
2002 8 427.0
2002 9 30.0
2002 10 44.0
2002 11 225.0
2002 12 460.0
2003 1 84.0
2003 2 24.0
2003 3 22.0
2003 4 78.0
2003 5 646.0
2003 6 279.0
2003 7 421.0
2003 8 59.0
2003 9 679.0
2003 10 407.0
2003 11 203.0
2003 12 241.0
2004 1 77.0
2004 2 253.0
2004 3 103.0
2004 4 70.0
2004 5 82.0
2004 6 241.0
2004 7 21.0
2004 8 121.0
2004 9 47.0
2004 10 123.0
2004 11 232.0
2004 12 181.0
2005 1 100.0
2005 2 5.0
2005 3 214.0
2005 4 31.0
2005 5 196.0
2005 6 100.0
2005 7 173.0
2005 8 63.0
2005 9 25.0
2005 10 47.0
2005 11 168.0
2005 12 48.0
2006 1 53.0
2006 2 104.0
2006 3 76.0
2006 4 148.0
2006 5 171.0
2006 6 295.0
2006 7 149.0
2006 8 193.0
2006 9 98.0
2006 10 207.0
2006 11 75.0
2006 12 1166.0
2007 1 484.0
2007 2 59.0
2007 3 219.0
2007 4 293.0
2007 5 638.0
2007 6 917.0
2007 7 589.0
2007 8 154.0
2007 9 1015.0
2007 10 30.0
2007 11 145.0
2007 12 111.0
2008 1 394.0
2008 2 334.0
2008 3 341.0
2008 4 573.0
2008 5 420.0
2008 6 188.0
2008 7 270.0
2008 8 481.0
2008 9 329.0
2008 10 136.0
2008 11 26.0
2008 12 34.0
2009 1 41.0
2009 2 220.0
2009 3 33.0
2009 4 133.5
2009 5 234.0
2009 6 415.0
2009 7 71.0
2009 8 12.0
2009 9 25.0
2009 10 16.0
2009 11 13.0
2009 12 22.0
2010 1 11.0
2010 2 27.0
2010 3 38.0
2010 4 103.0
2010 5 30.0
2010 6 45.0
2010 7 37.0
2010 8 40.0
2010 9 70.0
2010 10 24.0
2010 11 44.0
2010 12 89.0
2011 1 29.0
2011 2 261.0
2011 3 97.0
2011 4 231.0
2011 5 340.0
2011 6 107.0
2011 7 72.0
2011 8 115.0
2011 9 43.0
2011 10 182.0
2011 11 64.0
2011 12 84.0
2012 1 78.0
2012 2 55.0
2012 3 83.0
2012 4 64.0
2012 5 89.0
2012 6 87.0
2012 7 71.0
2012 8 98.0
2012 9 128.0
2012 10 133.0
2012 11 198.0
2012 12 144.0
2013 1 66.0
2013 2 86.0
2013 3 88.0
2013 4 85.0
2013 5 80.0
2013 6 61.0
2013 7 53.0
2013 8 229.0
2013 9 84.0
2013 10 94.0
2013 11 60.0
2013 12 403.0
2014 1 62.0
2014 2 321.0
2014 3 106.0
2014 4 71.0
2014 5 70.0
2014 6 131.0
2014 7 43.0
2014 8 194.0
2014 9 434.0
2014 10 339.0
2014 11 74.0
2014 12 75.0
2015 1 55.0
2015 2 640.0
2015 3 41.0
2015 4 66.0
2015 5 79.0
2015 6 77.0
2015 7 135.0
2015 8 5.0
2015 9 53.0
2015 10 255.0
2015 11 29.0
2015 12 288.0
2016 1 105.0
2016 2 26.0
2016 3 163.0
2016 4 59.0
2016 5 27.0
2016 6 343.0
2016 7 30.0
2016 8 255.0
2016 9 315.0
2016 10 129.0
2016 11 57.0
2016 12 23.0
2017 1 34.0
2017 2 43.0
2017 3 55.0
2017 4 26.0
2017 5 36.0
2017 6 48.0
2017 7 33.0
2017 8 39.0
2017 9 20.0
2017 10 44.0
2017 11 1289.0
2017 12 25.0
2018 1 36.0
2018 2 24.0
2018 3 74.0
2018 4 16.0
2018 5 11.0
2018 6 91.0
2018 7 9.0
2018 8 550.0
2018 9 9.0
2018 10 12.0
2018 11 20.0
2018 12 12.0
2019 1 13.0
2019 2 37.0
2019 3 9.0
2019 4 14.0
2019 5 22.0
2019 6 60.0
2019 7 58.0
2019 8 72.0
2019 9 284.0
2019 10 170.0
2019 11 80.0
2019 12 51.0
2020 1 88.0
2020 2 65.0
2020 3 51.0
2020 4 47.0
2020 5 43.0
2020 6 225.0
2020 7 117.0
2020 8 59.0
2020 9 16.0
2020 10 34.0
2020 11 40.0
2020 12 39.0
2021 1 49.0
2021 2 45.0
2021 3 53.0
2021 4 422.0
2021 5 110.0
2021 6 53.0
2021 7 46.0
2021 8 78.0
2021 9 52.0
2021 10 47.0
2021 11 52.0
2021 12 59.0
2022 1 148.0
2022 2 108.0
2022 3 65.0
2022 4 131.0
2022 5 130.0
2022 6 423.0
2022 7 379.0
2022 8 143.0
2022 9 140.0
2022 10 142.0
2022 11 110.0
2022 12 131.0
2023 1 457.0
2023 2 195.0
2023 3 143.0
2023 4 354.0
2023 5 95.0
2023 6 89.0
2023 7 196.0
2023 8 119.0
2023 9 445.0
2023 10 64.0
2023 11 43.0
2023 12 303.0
2024 1 159.0
2024 2 159.0
2024 3 44.0
2024 4 93.0
2024 5 63.0
2024 6 181.0
2024 7 265.0
2024 8 99.0
