1960 5 14.0
1960 6 10.0
1960 7 4.0
1960 8 4.0
1960 9 2.0
1960 10 10.0
1960 11 12.0
1960 12 2.0
1961 1 3.5
1961 2 5.0
1961 3 6.5
1961 4 8.0
1961 5 6.0
1961 6 9.5
1961 7 13.0
1961 8 2.0
1961 9 6.0
1961 10 6.0
1961 11 6.0
1961 12 2.0
1962 1 2.0
1962 2 2.5
1962 3 3.0
1962 4 3.5
1962 5 4.0
1962 6 4.0
1962 7 4.0
1962 8 8.0
1962 9 12.0
1962 10 2.0
1962 11 2.0
1962 12 2.0
1963 1 2.0
1963 2 2.0
1963 3 2.0
1963 4 2.0
1963 5 2.6666666666666665
1963 6 3.333333333333333
1963 7 4.0
1963 8 4.0
1963 9 4.0
1963 10 4.0
1963 11 4.0
1963 12 3.6666666666666665
1964 1 3.3333333333333335
1964 2 3.0
1964 3 2.666666666666667
1964 4 2.3333333333333335
1964 5 2.0
1964 6 2.0
1964 7 2.0
1964 8 2.0
1964 9 6.0
1964 10 6.0
1964 11 6.0
1964 12 5.5
1965 1 5.0
1965 2 4.5
1965 3 4.0
1965 4 8.0
1965 5 4.0
1965 6 2.0
1965 7 8.0
1965 8 2.0
1965 9 10.0
1965 10 2.0
1965 11 2.0
1965 12 4.0
1966 1 4.0
1966 2 6.0
1966 3 2.0
1966 4 2.5
1966 5 3.0
1966 6 4.0
1966 7 76.0
1966 8 41.0
1966 9 6.0
1966 10 3.0
1966 11 3.5
1966 12 4.0
1967 1 2.0
1967 2 4.0
1967 3 14.0
1967 4 6.0
1967 5 4.0
1967 6 2.0
1967 7 2.0
1967 8 4.0
1967 9 2.0
1967 10 16.0
1967 11 4.0
1967 12 4.0
1968 1 4.0
1968 2 4.0
1968 3 2.0
1968 4 8.0
1968 5 10.0
1968 6 6.0
1968 7 15.0
1968 8 24.0
1968 9 12.0
1968 10 2.0
1968 11 26.0
1968 12 9.0
1969 1 16.666666666666668
1969 2 24.333333333333336
1969 3 32.0
1969 4 16.0
1969 5 8.0
1969 6 4.0
1969 7 8.0
1969 8 9.0
1969 9 10.0
1969 10 6.0
1969 11 4.0
1969 12 13.0
1970 1 8.5
1970 2 4.0
1970 3 5.0
1970 4 4.0
1970 5 4.0
1970 6 86.0
1970 7 6.0
1970 8 6.0
1970 9 6.0
1970 10 8.0
1970 11 14.0
1970 12 125.0
1971 1 8.0
1971 2 10.0
1971 3 9.5
1971 4 9.0
1971 5 115.5
1971 6 222.0
1971 7 4.0
1971 8 8.0
1971 9 38.0
1971 10 17.0
1971 11 10.0
1971 12 16.0
1972 1 2.0
1972 2 21.0
1972 3 14.0
1972 4 8.0
1972 5 8.0
1972 6 8.0
1972 7 20.0
1972 8 54.0
1972 9 32.0
1972 10 30.0
1972 11 20.0
1972 12 22.0
1973 1 4.0
1973 2 6.0
1973 3 4.0
1973 4 25.0
1973 5 40.0
1973 6 4.0
1973 7 4.0
1973 8 22.0
1973 9 18.0
1973 10 21.0
1973 11 38.0
1973 12 8.0
1974 1 4.0
1974 2 4.5
1974 3 5.0
1974 4 3.0
1974 5 15.0
1974 6 6.0
1974 7 24.0
1974 8 24.0
1974 9 8.0
1974 10 2.0
1974 11 3.0
1974 12 4.0
1975 1 4.0
1975 2 27.0
1975 3 15.0
1975 4 3.0
1975 5 2.0
1975 6 5.0
1975 7 2.0
1975 8 4.0
1975 9 6.0
1975 10 41.0
1975 11 8.0
1975 12 12.0
1976 1 2.0
1976 2 4.0
1976 3 6.0
1976 4 6.0
1976 5 2.0
1976 6 2.0
1976 7 5.0
1976 8 8.0
1976 9 28.0
1976 10 8.0
1976 11 28.0
1976 12 32.0
1977 1 24.0
1977 2 16.0
1977 3 8.0
1977 4 165.0
1977 5 23.0
1977 6 17.5
1977 7 12.0
1977 8 6.0
1977 9 7.0
1977 10 11.0
1977 11 16.0
1977 12 14.0
1978 1 6.0
1978 2 2.0
1978 3 2.0
1978 4 25.0
1978 5 27.0
1978 6 30.0
1978 7 47.0
1978 8 19.0
1978 9 17.0
1978 10 45.0
1978 11 10.0
1978 12 7.0
1979 1 5.0
1979 2 6.0
1979 3 50.0
1979 4 35.0
1979 5 5.0
1979 6 39.0
1979 7 4.0
1979 8 8.0
1979 9 116.0
1979 10 5.0
1979 11 7.0
1979 12 24.0
1980 1 3.0
1980 2 2.0
1980 3 4.0
1980 4 33.0
1980 5 82.0
1980 6 5.0
1980 7 15.0
1980 8 11.0
1980 9 10.0
1980 10 80.0
1980 11 148.0
1980 12 88.0
1981 1 28.0
1981 2 29.5
1981 3 31.0
1981 4 19.0
1981 5 14.0
1981 6 7.0
1981 7 6.0
1981 8 4.0
1981 9 3.0
1981 10 21.0
1981 11 10.0
1981 12 20.0
1982 1 4.0
1982 2 10.0
1982 3 11.0
1982 4 10.0
1982 5 4.0
1982 6 30.0
1982 7 54.0
1982 8 13.0
1982 9 2.0
1982 10 44.0
1982 11 24.0
1982 12 41.0
1983 1 22.5
1983 2 4.0
1983 3 9.0
1983 4 13.0
1983 5 22.0
1983 6 30.0
1983 7 10.0
1983 8 16.0
1983 9 4.0
1983 10 62.0
1983 11 27.0
1983 12 12.0
1984 1 14.0
1984 2 9.0
1984 3 61.0
1984 4 8.0
1984 5 62.0
1984 6 66.0
1984 7 20.0
1984 8 55.0
1984 9 8.0
1984 10 22.0
1984 11 42.0
1984 12 10.0
1985 1 71.0
1985 2 14.0
1985 3 58.0
1985 4 64.0
1985 5 36.0
1985 6 148.0
1985 7 40.0
1985 8 46.0
1985 9 33.0
1985 10 175.0
1985 11 54.0
1985 12 22.0
1986 1 54.0
1986 2 91.0
1986 3 20.0
1986 4 55.0
1986 5 95.0
1986 6 104.0
1986 7 140.0
1986 8 52.0
1986 9 79.0
1986 10 125.0
1986 11 59.0
1986 12 27.0
1987 1 14.0
1987 2 32.0
1987 3 26.0
1987 4 120.0
1987 5 52.0
1987 6 50.0
1987 7 48.0
1987 8 54.0
1987 9 65.0
1987 10 45.0
1987 11 47.0
1987 12 9.0
1988 1 26.0
1988 2 14.0
1988 3 57.0
1988 4 37.0
1988 5 30.0
1988 6 42.0
1988 7 49.0
1988 8 24.0
1988 9 21.0
1988 10 42.0
1988 11 36.0
1988 12 38.0
1989 1 17.0
1989 2 2.0
1989 3 31.0
1989 4 39.0
1989 5 31.0
1989 6 53.0
1989 7 35.0
1989 8 12.0
1989 9 15.0
1989 10 60.0
1989 11 32.0
1989 12 6.0
1990 1 6.0
1990 2 9.0
1990 3 15.0
1990 4 56.0
1990 5 30.0
1990 6 13.0
1990 7 39.0
1990 8 16.0
1990 9 9.0
1990 10 20.0
1990 11 6.0
1990 12 4.0
1991 1 18.0
1991 2 7.0
1991 3 10.0
1991 4 6.0
1991 5 12.0
1991 6 2.0
1991 7 12.0
1991 8 7.0
1991 9 6.0
1991 10 2.0
1991 11 10.0
1991 12 4.0
1992 1 6.0
1992 2 8.0
1992 3 5.0
1992 4 28.0
1992 5 6.0
1992 6 4.0
1992 7 4.0
1992 8 2.0
1992 9 2.0
1992 10 5.0
1992 11 3.0
1992 12 4.0
1993 1 3.3333333333333335
1993 2 2.666666666666667
1993 3 2.0
1993 4 5.0
1993 5 17.0
1993 6 9.0
1993 7 9.0
1993 8 18.0
1993 9 12.0
1993 10 13.0
1993 11 5.0
1993 12 5.0
1994 1 4.5
1994 2 4.0
1994 3 9.0
1994 4 10.0
1994 5 22.0
1994 6 14.0
1994 7 8.0
1994 8 9.0
1994 9 8.0
1994 10 22.0
1994 11 12.0
1994 12 12.0
1995 1 6.0
1995 2 9.0
1995 3 6.5
1995 4 4.0
1995 5 6.0
1995 6 5.0
1995 7 2.0
1995 8 11.0
1995 9 8.0
1995 10 8.0
1995 11 12.0
1995 12 2.0
1996 1 4.0
1996 2 3.0
1996 3 2.0
1996 4 6.0
1996 5 5.0
1996 6 7.0
1996 7 7.0
1996 8 14.0
1996 9 9.0
1996 10 18.0
1996 11 8.0
1996 12 2.0
1997 1 14.0
1997 2 8.0
1997 3 6.0
1997 4 8.0
1997 5 2.0
1997 6 6.0
1997 7 14.0
1997 8 9.0
1997 9 7.0
1997 10 11.0
1997 11 7.0
1997 12 18.0
1998 1 6.0
1998 2 4.0
1998 3 14.0
1998 4 18.0
1998 5 23.0
1998 6 14.0
1998 7 14.0
1998 8 20.0
1998 9 20.0
1998 10 24.0
1998 11 18.0
1998 12 14.0
1999 1 6.0
1999 2 36.0
1999 3 12.0
1999 4 17.0
1999 5 13.0
1999 6 12.0
1999 7 13.0
1999 8 8.0
1999 9 12.0
1999 10 12.0
1999 11 20.0
1999 12 37.0
2000 1 9.0
2000 2 8.0
2000 3 12.0
2000 4 16.0
2000 5 13.0
2000 6 20.0
2000 7 4.0
2000 8 8.0
2000 9 20.0
2000 10 18.0
2000 11 24.0
2000 12 6.0
2001 1 11.0
2001 2 17.0
2001 3 31.0
2001 4 20.0
2001 5 10.0
2001 6 22.0
2001 7 27.0
2001 8 24.0
2001 9 29.0
2001 10 15.0
2001 11 17.0
2001 12 2.0
2002 1 13.0
2002 2 2.0
2002 3 32.0
2002 4 24.0
2002 5 36.0
2002 6 22.0
2002 7 38.0
2002 8 27.0
2002 9 29.0
2002 10 35.0
2002 11 34.0
2002 12 40.0
2003 1 24.0
2003 2 32.0
2003 3 15.0
2003 4 38.0
2003 5 45.0
2003 6 20.0
2003 7 36.0
2003 8 34.0
2003 9 25.0
2003 10 35.0
2003 11 30.0
2003 12 20.0
2004 1 18.0
2004 2 7.0
2004 3 29.0
2004 4 46.0
2004 5 37.0
2004 6 40.0
2004 7 38.0
2004 8 42.0
2004 9 36.0
2004 10 35.0
2004 11 29.0
2004 12 24.0
2005 1 16.0
2005 2 16.0
2005 3 48.0
2005 4 25.0
2005 5 46.0
2005 6 82.0
2005 7 27.0
2005 8 15.0
2005 9 45.0
2005 10 28.0
2005 11 17.0
2005 12 27.0
2006 1 9.0
2006 2 17.0
2006 3 23.0
2006 4 30.0
2006 5 38.0
2006 6 34.0
2006 7 23.0
2006 8 21.0
2006 9 27.0
2006 10 23.0
2006 11 23.0
2006 12 23.0
2007 1 11.0
2007 2 11.0
2007 3 17.0
2007 4 22.0
2007 5 26.0
2007 6 23.0
2007 7 20.0
2007 8 17.0
2007 9 31.0
2007 10 9.0
2007 11 16.0
2007 12 9.0
2008 1 10.0
2008 2 6.0
2008 3 7.0
2008 4 4.0
2008 5 12.0
2008 6 7.0
2008 7 12.0
2008 8 19.0
2008 9 2.0
2008 10 20.0
2008 11 4.0
2008 12 6.0
2009 1 8.0
2009 2 24.0
2009 3 2.0
2009 4 5.0
2009 5 2.0
2009 6 12.0
2009 7 4.0
2009 8 7.0
2009 9 18.0
2009 10 13.0
2009 11 8.0
2009 12 2.0
2010 1 2.0
2010 2 10.0
2010 3 4.0
2010 4 9.0
2010 5 2.0
2010 6 7.0
2010 7 4.0
2010 8 5.0
2010 9 60.0
2010 10 9.0
2010 11 4.0
2010 12 6.0
2011 1 2.0
2011 2 2.0
2011 3 5.0
2011 4 4.0
2011 5 2.0
2011 6 4.0
2011 7 4.0
2011 8 12.0
2011 9 4.0
2011 10 2.0
2011 11 10.0
2011 12 4.0
2012 1 4.0
2012 2 12.0
2012 3 8.5
2012 4 5.0
2012 5 14.0
2012 6 28.0
2012 7 4.0
2012 8 4.0
2012 9 4.0
2012 10 6.0
2012 11 12.0
2012 12 7.0
2013 1 2.0
2013 2 3.0
2013 3 4.0
2013 4 9.0
2013 5 10.0
2013 6 19.0
2013 7 27.0
2013 8 6.0
2013 9 17.0
2013 10 10.0
2013 11 17.0
2013 12 2.0
2014 1 3.0
2014 2 2.0
2014 3 12.0
2014 4 8.0
2014 5 22.0
2014 6 2.0
2014 7 23.0
2014 8 6.0
2014 9 7.0
2014 10 16.0
2014 11 4.0
2014 12 4.0
2015 1 4.0
2015 2 5.333333333333333
2015 3 6.666666666666666
2015 4 8.0
2015 5 45.0
2015 6 82.0
2015 7 7.0
2015 8 9.0
2015 9 14.0
2015 10 12.0
2015 11 8.0
2015 12 10.0
2016 1 8.0
2016 2 10.0
2016 3 21.0
2016 4 13.0
2016 5 11.0
2016 6 21.0
2016 7 51.0
2016 8 15.0
2016 9 11.0
2016 10 11.0
2016 11 7.0
2016 12 15.0
2017 1 11.0
2017 2 8.0
2017 3 17.0
2017 4 10.0
2017 5 4.0
2017 6 10.0
2017 7 30.0
2017 8 6.0
2017 9 4.0
2017 10 6.0
2017 11 2.0
2017 12 2.0
2018 1 2.0
2018 2 17.0
2018 3 8.0
2018 4 10.0
2018 5 20.0
2018 6 8.0
2018 7 2.0
2018 8 12.0
2018 9 13.0
2018 10 9.0
2018 11 24.0
2018 12 31.0
2019 1 6.0
2019 2 5.0
2019 3 56.0
2019 4 19.0
2019 5 13.0
2019 6 27.0
2019 7 15.0
2019 8 12.0
2019 9 23.0
2019 10 67.0
2019 11 6.0
2019 12 6.0
2020 1 6.0
2020 2 8.0
2020 3 49.0
2020 4 6.0
2020 5 17.0
2020 6 45.0
2020 7 25.0
2020 8 20.0
2020 9 12.0
2020 10 77.0
2020 11 7.0
2020 12 12.0
2021 1 36.0
2021 2 31.0
2021 3 17.0
2021 4 17.0
2021 5 36.0
2021 6 33.0
2021 7 167.0
2021 8 15.0
2021 9 11.0
2021 10 21.0
2021 11 15.0
2021 12 83.0
2022 1 20.0
2022 2 28.0
2022 3 17.0
2022 4 29.0
2022 5 25.0
2022 6 22.0
2022 7 19.0
2022 8 34.0
2022 9 18.0
2022 10 14.0
2022 11 25.0
2022 12 22.0
2023 1 15.0
2023 2 15.0
2023 3 16.0
2023 4 26.0
2023 5 38.0
2023 6 55.0
2023 7 18.0
2023 8 36.0
2023 9 29.0
2023 10 20.0
2023 11 25.0
2023 12 11.0
2024 1 17.0
2024 2 25.0
2024 3 39.0
2024 4 17.0
2024 5 43.0
2024 6 42.0
2024 7 43.0
2024 8 39.0
