1960 5 14.0
1960 6 10.0
1960 7 4.0
1960 8 4.0
1960 9 8.0
1960 10 10.0
1960 11 12.0
1960 12 2.0
1961 1 3.5
1961 2 5.0
1961 3 6.5
1961 4 8.0
1961 5 6.0
1961 6 9.5
1961 7 13.0
1961 8 2.0
1961 9 17.0
1961 10 11.5
1961 11 6.0
1961 12 2.0
1962 1 2.0
1962 2 2.5
1962 3 3.0
1962 4 3.5
1962 5 4.0
1962 6 4.0
1962 7 4.0
1962 8 8.0
1962 9 12.0
1962 10 2.0
1962 11 2.0
1962 12 2.0
1963 1 2.0
1963 2 2.0
1963 3 2.0
1963 4 2.0
1963 5 11.0
1963 6 7.5
1963 7 4.0
1963 8 34.0
1963 9 19.0
1963 10 4.0
1963 11 4.0
1963 12 3.6666666666666665
1964 1 3.3333333333333335
1964 2 3.0
1964 3 2.666666666666667
1964 4 2.3333333333333335
1964 5 2.0
1964 6 2.0
1964 7 2.0
1964 8 2.0
1964 9 6.0
1964 10 6.0
1964 11 6.0
1964 12 5.5
1965 1 5.0
1965 2 4.5
1965 3 4.0
1965 4 8.0
1965 5 4.0
1965 6 2.0
1965 7 8.0
1965 8 2.0
1965 9 10.0
1965 10 2.0
1965 11 9.0
1965 12 4.0
1966 1 4.0
1966 2 6.0
1966 3 2.0
1966 4 25.0
1966 5 10.0
1966 6 4.0
1966 7 140.0
1966 8 73.0
1966 9 6.0
1966 10 3.0
1966 11 5.0
1966 12 12.0
1967 1 2.0
1967 2 4.0
1967 3 166.0
1967 4 6.0
1967 5 6.0
1967 6 10.0
1967 7 2.0
1967 8 10.0
1967 9 2.0
1967 10 294.0
1967 11 60.0
1967 12 112.0
1968 1 4.0
1968 2 12.0
1968 3 43.0
1968 4 30.0
1968 5 21.0
1968 6 6.0
1968 7 6.0
1968 8 24.0
1968 9 12.0
1968 10 20.0
1968 11 93.0
1968 12 35.0
1969 1 16.0
1969 2 24.0
1969 3 32.0
1969 4 16.0
1969 5 8.0
1969 6 157.0
1969 7 18.0
1969 8 21.0
1969 9 166.0
1969 10 76.0
1969 11 22.0
1969 12 13.0
1970 1 76.0
1970 2 36.0
1970 3 5.0
1970 4 12.0
1970 5 4.0
1970 6 162.0
1970 7 27.0
1970 8 1.0
1970 9 26.0
1970 10 79.0
1970 11 38.0
1970 12 165.0
1971 1 40.0
1971 2 50.0
1971 3 8.0
1971 4 111.0
1971 5 273.5
1971 6 436.0
1971 7 12.0
1971 8 16.0
1971 9 218.0
1971 10 382.0
1971 11 77.0
1971 12 237.0
1972 1 26.0
1972 2 233.0
1972 3 20.0
1972 4 41.0
1972 5 54.0
1972 6 192.0
1972 7 108.0
1972 8 114.0
1972 9 289.0
1972 10 471.0
1972 11 206.0
1972 12 163.0
1973 1 4.0
1973 2 39.0
1973 3 28.0
1973 4 137.0
1973 5 70.0
1973 6 57.0
1973 7 132.0
1973 8 82.0
1973 9 52.0
1973 10 124.0
1973 11 50.0
1973 12 119.0
1974 1 68.0
1974 2 36.5
1974 3 5.0
1974 4 89.0
1974 5 47.0
1974 6 98.0
1974 7 24.0
1974 8 24.0
1974 9 36.0
1974 10 27.0
1974 11 36.0
1974 12 9.0
1975 1 124.0
1975 2 27.0
1975 3 15.0
1975 4 3.0
1975 5 2.0
1975 6 5.0
1975 7 32.0
1975 8 19.0
1975 9 36.0
1975 10 72.0
1975 11 8.0
1975 12 12.0
1976 1 14.0
1976 2 12.0
1976 3 57.0
1976 4 6.0
1976 5 2.0
1976 6 2.0
1976 7 100.0
1976 8 27.0
1976 9 100.0
1976 10 249.0
1976 11 46.0
1976 12 38.0
1977 1 81.33333333333334
1977 2 124.66666666666667
1977 3 168.0
1977 4 490.0
1977 5 48.0
1977 6 24.0
1977 7 18.0
1977 8 17.0
1977 9 214.0
1977 10 140.0
1977 11 189.0
1977 12 31.0
1978 1 6.0
1978 2 32.0
1978 3 2.0
1978 4 60.0
1978 5 42.0
1978 6 338.0
1978 7 116.0
1978 8 63.0
1978 9 123.0
1978 10 176.0
1978 11 92.0
1978 12 137.0
1979 1 101.0
1979 2 97.0
1979 3 121.0
1979 4 117.0
1979 5 21.0
1979 6 101.0
1979 7 10.0
1979 8 35.0
1979 9 234.0
1979 10 86.0
1979 11 20.0
1979 12 99.0
1980 1 3.0
1980 2 2.0
1980 3 4.0
1980 4 33.0
1980 5 149.0
1980 6 53.0
1980 7 26.0
1980 8 77.0
1980 9 150.0
1980 10 172.0
1980 11 198.0
1980 12 344.0
1981 1 28.0
1981 2 29.5
1981 3 31.0
1981 4 19.0
1981 5 26.0
1981 6 7.0
1981 7 18.0
1981 8 15.0
1981 9 25.0
1981 10 70.0
1981 11 19.0
1981 12 20.0
1982 1 4.0
1982 2 16.0
1982 3 61.0
1982 4 297.0
1982 5 4.0
1982 6 30.0
1982 7 164.0
1982 8 13.0
1982 9 146.0
1982 10 100.0
1982 11 35.0
1982 12 108.0
1983 1 11.0
1983 2 4.0
1983 3 21.0
1983 4 24.0
1983 5 65.0
1983 6 108.0
1983 7 30.0
1983 8 38.0
1983 9 84.0
1983 10 226.0
1983 11 50.0
1983 12 76.0
1984 1 31.0
1984 2 494.0
1984 3 189.0
1984 4 116.0
1984 5 209.0
1984 6 126.0
1984 7 146.0
1984 8 110.0
1984 9 105.0
1984 10 46.0
1984 11 147.0
1984 12 111.0
1985 1 89.0
1985 2 14.0
1985 3 93.0
1985 4 217.0
1985 5 343.0
1985 6 354.0
1985 7 83.0
1985 8 243.0
1985 9 101.0
1985 10 492.0
1985 11 304.0
1985 12 113.0
1986 1 216.0
1986 2 148.0
1986 3 380.0
1986 4 296.0
1986 5 194.0
1986 6 258.0
1986 7 236.0
1986 8 121.0
1986 9 260.0
1986 10 195.0
1986 11 189.0
1986 12 122.0
1987 1 104.0
1987 2 97.0
1987 3 108.0
1987 4 263.0
1987 5 328.0
1987 6 270.0
1987 7 172.0
1987 8 157.0
1987 9 199.0
1987 10 102.0
1987 11 253.0
1987 12 321.0
1988 1 87.0
1988 2 81.0
1988 3 295.0
1988 4 299.0
1988 5 288.0
1988 6 166.0
1988 7 286.0
1988 8 262.0
1988 9 250.0
1988 10 183.0
1988 11 76.0
1988 12 211.0
1989 1 91.0
1989 2 64.0
1989 3 214.0
1989 4 180.0
1989 5 49.0
1989 6 100.0
1989 7 86.0
1989 8 76.0
1989 9 83.0
1989 10 77.0
1989 11 42.0
1989 12 11.0
1990 1 247.0
1990 2 19.0
1990 3 73.0
1990 4 61.0
1990 5 46.0
1990 6 28.0
1990 7 47.0
1990 8 61.0
1990 9 54.0
1990 10 25.0
1990 11 11.0
1990 12 14.0
1991 1 23.0
1991 2 15.0
1991 3 20.0
1991 4 18.0
1991 5 17.0
1991 6 17.0
1991 7 56.0
1991 8 12.0
1991 9 11.0
1991 10 27.0
1991 11 20.0
1991 12 10.0
1992 1 5.0
1992 2 16.0
1992 3 5.0
1992 4 28.0
1992 5 6.0
1992 6 10.0
1992 7 4.0
1992 8 2.0
1992 9 2.0
1992 10 10.0
1992 11 29.0
1992 12 89.0
1993 1 22.0
1993 2 12.0
1993 3 2.0
1993 4 5.0
1993 5 32.0
1993 6 19.0
1993 7 19.0
1993 8 38.0
1993 9 12.0
1993 10 18.0
1993 11 48.0
1993 12 16.0
1994 1 5.0
1994 2 9.0
1994 3 9.0
1994 4 15.0
1994 5 41.0
1994 6 54.0
1994 7 18.0
1994 8 14.0
1994 9 13.0
1994 10 39.0
1994 11 24.0
1994 12 17.0
1995 1 11.0
1995 2 14.0
1995 3 5.0
1995 4 25.0
1995 5 11.0
1995 6 15.0
1995 7 12.0
1995 8 132.0
1995 9 14.0
1995 10 24.0
1995 11 17.0
1995 12 19.0
1996 1 4.0
1996 2 5.5
1996 3 7.0
1996 4 16.0
1996 5 24.0
1996 6 22.0
1996 7 12.0
1996 8 50.0
1996 9 33.0
1996 10 59.0
1996 11 13.0
1996 12 2.0
1997 1 19.0
1997 2 8.0
1997 3 6.0
1997 4 13.0
1997 5 47.0
1997 6 12.0
1997 7 14.0
1997 8 27.0
1997 9 7.0
1997 10 27.0
1997 11 7.0
1997 12 64.0
1998 1 6.0
1998 2 4.0
1998 3 19.0
1998 4 18.0
1998 5 33.0
1998 6 64.0
1998 7 155.0
1998 8 30.0
1998 9 43.0
1998 10 71.0
1998 11 41.0
1998 12 24.0
1999 1 16.0
1999 2 62.0
1999 3 23.0
1999 4 27.0
1999 5 29.0
1999 6 33.0
1999 7 23.0
1999 8 18.0
1999 9 22.0
1999 10 22.0
1999 11 41.0
1999 12 85.0
2000 1 25.0
2000 2 18.0
2000 3 30.0
2000 4 26.0
2000 5 23.0
2000 6 42.0
2000 7 9.0
2000 8 133.0
2000 9 30.0
2000 10 23.0
2000 11 101.0
2000 12 11.0
2001 1 16.0
2001 2 22.0
2001 3 36.0
2001 4 25.0
2001 5 15.0
2001 6 97.0
2001 7 58.0
2001 8 64.0
2001 9 44.0
2001 10 25.0
2001 11 32.0
2001 12 37.0
2002 1 52.0
2002 2 7.0
2002 3 64.0
2002 4 69.0
2002 5 56.0
2002 6 202.0
2002 7 190.0
2002 8 52.0
2002 9 41.0
2002 10 45.0
2002 11 49.0
2002 12 90.0
2003 1 24.0
2003 2 45.0
2003 3 26.0
2003 4 49.0
2003 5 61.0
2003 6 32.0
2003 7 53.0
2003 8 61.0
2003 9 43.0
2003 10 85.0
2003 11 52.0
2003 12 70.0
2004 1 41.0
2004 2 18.0
2004 3 60.0
2004 4 63.0
2004 5 164.0
2004 6 65.0
2004 7 59.0
2004 8 63.0
2004 9 51.0
2004 10 83.0
2004 11 90.0
2004 12 43.0
2005 1 28.0
2005 2 36.0
2005 3 84.0
2005 4 90.0
2005 5 81.0
2005 6 123.0
2005 7 52.0
2005 8 68.0
2005 9 116.0
2005 10 77.0
2005 11 63.0
2005 12 85.0
2006 1 26.0
2006 2 36.0
2006 3 60.0
2006 4 59.0
2006 5 64.0
2006 6 53.0
2006 7 43.0
2006 8 71.0
2006 9 80.0
2006 10 41.0
2006 11 71.0
2006 12 39.0
2007 1 29.0
2007 2 22.0
2007 3 36.0
2007 4 75.0
2007 5 48.0
2007 6 144.0
2007 7 49.0
2007 8 89.0
2007 9 67.0
2007 10 55.0
2007 11 64.0
2007 12 32.0
2008 1 25.0
2008 2 17.0
2008 3 27.0
2008 4 22.0
2008 5 100.0
2008 6 277.0
2008 7 30.0
2008 8 29.0
2008 9 42.0
2008 10 31.0
2008 11 27.0
2008 12 29.0
2009 1 8.0
2009 2 40.0
2009 3 2.0
2009 4 10.0
2009 5 7.0
2009 6 17.0
2009 7 14.0
2009 8 12.0
2009 9 23.0
2009 10 5.0
2009 11 24.0
2009 12 17.0
2010 1 7.0
2010 2 15.0
2010 3 4.0
2010 4 19.0
2010 5 33.0
2010 6 30.0
2010 7 30.0
2010 8 23.0
2010 9 72.0
2010 10 20.0
2010 11 9.0
2010 12 14.0
2011 1 7.0
2011 2 7.0
2011 3 15.0
2011 4 9.0
2011 5 58.0
2011 6 23.0
2011 7 9.0
2011 8 52.0
2011 9 10.0
2011 10 43.0
2011 11 45.0
2011 12 12.0
2012 1 66.0
2012 2 25.0
2012 3 5.0
2012 4 22.0
2012 5 51.0
2012 6 48.0
2012 7 20.0
2012 8 15.0
2012 9 14.0
2012 10 16.0
2012 11 61.0
2012 12 19.0
2013 1 13.0
2013 2 5.0
2013 3 50.0
2013 4 20.0
2013 5 71.0
2013 6 45.0
2013 7 54.0
2013 8 27.0
2013 9 49.0
2013 10 22.0
2013 11 36.0
2013 12 88.0
2014 1 14.0
2014 2 14.0
2014 3 37.0
2014 4 41.0
2014 5 60.0
2014 6 72.0
2014 7 69.0
2014 8 74.0
2014 9 29.0
2014 10 34.0
2014 11 65.0
2014 12 14.0
2015 1 34.0
2015 2 5.0
2015 3 132.0
2015 4 100.0
2015 5 61.0
2015 6 164.0
2015 7 50.0
2015 8 19.0
2015 9 162.0
2015 10 70.0
2015 11 19.0
2015 12 72.0
2016 1 13.0
2016 2 21.0
2016 3 31.0
2016 4 29.0
2016 5 50.0
2016 6 36.0
2016 7 114.0
2016 8 41.0
2016 9 36.0
2016 10 11.0
2016 11 36.0
2016 12 36.0
2017 1 42.0
2017 2 31.0
2017 3 55.0
2017 4 89.0
2017 5 22.0
2017 6 126.0
2017 7 42.0
2017 8 49.0
2017 9 21.0
2017 10 26.0
2017 11 117.0
2017 12 82.0
2018 1 72.0
2018 2 94.0
2018 3 35.0
2018 4 34.0
2018 5 42.0
2018 6 47.0
2018 7 46.0
2018 8 50.0
2018 9 66.0
2018 10 45.0
2018 11 24.0
2018 12 76.0
2019 1 135.0
2019 2 75.0
2019 3 446.0
2019 4 53.0
2019 5 89.0
2019 6 73.0
2019 7 58.0
2019 8 68.0
2019 9 72.0
2019 10 127.0
2019 11 68.0
2019 12 21.0
2020 1 62.0
2020 2 37.0
2020 3 84.0
2020 4 170.0
2020 5 72.0
2020 6 89.0
2020 7 180.0
2020 8 20.0
2020 9 124.0
2020 10 116.0
2020 11 23.0
2020 12 17.0
2021 1 173.0
2021 2 36.0
2021 3 27.0
2021 4 67.0
2021 5 144.0
2021 6 189.0
2021 7 325.0
2021 8 70.0
2021 9 74.0
2021 10 31.0
2021 11 108.0
2021 12 197.0
2022 1 147.0
2022 2 601.0
2022 3 61.0
2022 4 183.0
2022 5 110.0
2022 6 129.0
2022 7 87.0
2022 8 88.0
2022 9 73.0
2022 10 50.0
2022 11 62.0
2022 12 87.0
2023 1 25.0
2023 2 60.0
2023 3 177.0
2023 4 148.0
2023 5 191.0
2023 6 93.0
2023 7 108.0
2023 8 191.0
2023 9 265.0
2023 10 81.0
2023 11 78.0
2023 12 83.0
2024 1 92.0
2024 2 100.0
2024 3 223.0
2024 4 52.0
2024 5 161.0
2024 6 146.0
2024 7 96.0
2024 8 102.0
