1960 5 184.0
1960 6 152.0
1960 7 146.0
1960 8 158.0
1960 9 160.0
1960 10 135.0
1960 11 114.0
1960 12 64.0
1961 1 26.0
1961 2 14.0
1961 3 52.0
1961 4 132.0
1961 5 192.0
1961 6 169.0
1961 7 145.0
1961 8 166.0
1961 9 133.0
1961 10 133.0
1961 11 110.0
1961 12 58.0
1962 1 37.0
1962 2 14.0
1962 3 53.0
1962 4 155.0
1962 5 145.0
1962 6 138.0
1962 7 124.0
1962 8 137.0
1962 9 94.0
1962 10 132.0
1962 11 117.0
1962 12 45.0
1963 1 28.0
1963 2 12.0
1963 3 51.0
1963 4 127.0
1963 5 138.0
1963 6 138.0
1963 7 122.0
1963 8 113.0
1963 9 133.0
1963 10 154.0
1963 11 80.0
1963 12 43.0
1964 1 35.0
1964 2 23.0
1964 3 60.0
1964 4 115.0
1964 5 130.0
1964 6 111.0
1964 7 101.0
1964 8 96.0
1964 9 121.0
1964 10 119.0
1964 11 91.0
1964 12 37.0
1965 1 12.0
1965 2 9.0
1965 3 59.0
1965 4 110.0
1965 5 84.0
1965 6 103.0
1965 7 75.0
1965 8 119.0
1965 9 106.0
1965 10 116.0
1965 11 62.0
1965 12 35.0
1966 1 28.0
1966 2 19.0
1966 3 67.0
1966 4 163.0
1966 5 165.0
1966 6 125.0
1966 7 132.0
1966 8 103.0
1966 9 119.0
1966 10 95.0
1966 11 69.0
1966 12 59.0
1967 1 24.0
1967 2 19.0
1967 3 47.0
1967 4 109.0
1967 5 128.0
1967 6 103.0
1967 7 125.0
1967 8 131.0
1967 9 105.0
1967 10 135.0
1967 11 84.0
1967 12 61.0
1968 1 24.0
1968 2 40.0
1968 3 55.0
1968 4 103.0
1968 5 273.0
1968 6 209.0
1968 7 260.0
1968 8 204.0
1968 9 237.0
1968 10 225.0
1968 11 163.0
1968 12 95.0
1969 1 64.0
1969 2 34.0
1969 3 83.0
1969 4 183.0
1969 5 246.0
1969 6 285.0
1969 7 253.0
1969 8 214.0
1969 9 183.0
1969 10 201.0
1969 11 161.0
1969 12 106.0
1970 1 80.0
1970 2 40.0
1970 3 113.0
1970 4 261.0
1970 5 290.0
1970 6 254.0
1970 7 270.0
1970 8 321.0
1970 9 263.0
1970 10 229.0
1970 11 159.0
1970 12 152.0
1971 1 56.0
1971 2 54.0
1971 3 103.0
1971 4 296.0
1971 5 316.0
1971 6 430.0
1971 7 367.0
1971 8 272.0
1971 9 272.0
1971 10 372.0
1971 11 283.0
1971 12 186.0
1972 1 125.0
1972 2 167.0
1972 3 183.0
1972 4 350.0
1972 5 446.0
1972 6 613.0
1972 7 357.0
1972 8 389.0
1972 9 351.0
1972 10 374.0
1972 11 290.0
1972 12 209.0
1973 1 90.0
1973 2 125.0
1973 3 290.0
1973 4 370.0
1973 5 405.0
1973 6 442.0
1973 7 418.0
1973 8 436.0
1973 9 278.0
1973 10 272.0
1973 11 226.0
1973 12 115.0
1974 1 69.0
1974 2 158.0
1974 3 257.0
1974 4 339.0
1974 5 531.0
1974 6 861.0
1974 7 486.0
1974 8 294.0
1974 9 489.0
1974 10 309.0
1974 11 183.0
1974 12 179.0
1975 1 100.0
1975 2 121.0
1975 3 229.0
1975 4 294.0
1975 5 528.0
1975 6 512.0
1975 7 380.0
1975 8 469.0
1975 9 391.0
1975 10 298.0
1975 11 257.0
1975 12 161.0
1976 1 96.0
1976 2 55.0
1976 3 274.0
1976 4 370.0
1976 5 383.0
1976 6 481.0
1976 7 317.0
1976 8 294.0
1976 9 297.0
1976 10 321.0
1976 11 284.0
1976 12 122.0
1977 1 57.0
1977 2 83.0
1977 3 228.0
1977 4 274.0
1977 5 405.0
1977 6 466.0
1977 7 380.0
1977 8 458.0
1977 9 335.0
1977 10 318.0
1977 11 272.0
1977 12 156.0
1978 1 82.0
1978 2 123.0
1978 3 243.0
1978 4 302.0
1978 5 506.0
1978 6 471.0
1978 7 282.0
1978 8 359.0
1978 9 335.0
1978 10 325.0
1978 11 266.0
1978 12 160.0
1979 1 51.0
1979 2 56.0
1979 3 193.0
1979 4 414.0
1979 5 395.0
1979 6 357.0
1979 7 310.0
1979 8 278.0
1979 9 252.0
1979 10 205.0
1979 11 170.0
1979 12 79.0
1980 1 49.0
1980 2 51.0
1980 3 127.0
1980 4 193.0
1980 5 213.0
1980 6 239.0
1980 7 240.0
1980 8 277.0
1980 9 250.0
1980 10 261.0
1980 11 154.0
1980 12 124.0
1981 1 66.0
1981 2 58.0
1981 3 162.0
1981 4 328.0
1981 5 203.0
1981 6 193.0
1981 7 249.0
1981 8 175.0
1981 9 168.0
1981 10 120.0
1981 11 89.0
1981 12 65.0
1982 1 23.0
1982 2 41.0
1982 3 104.0
1982 4 177.0
1982 5 220.0
1982 6 246.0
1982 7 183.0
1982 8 183.0
1982 9 182.0
1982 10 232.0
1982 11 128.0
1982 12 126.0
1983 1 74.0
1983 2 76.0
1983 3 174.0
1983 4 302.0
1983 5 362.0
1983 6 343.0
1983 7 327.0
1983 8 323.0
1983 9 293.0
1983 10 259.0
1983 11 226.0
1983 12 139.0
1984 1 90.0
1984 2 108.0
1984 3 222.0
1984 4 343.0
1984 5 443.0
1984 6 392.0
1984 7 438.0
1984 8 386.0
1984 9 357.0
1984 10 402.0
1984 11 320.0
1984 12 169.0
1985 1 163.0
1985 2 139.0
1985 3 369.0
1985 4 609.0
1985 5 644.0
1985 6 521.0
1985 7 491.0
1985 8 620.0
1985 9 530.0
1985 10 468.0
1985 11 526.0
1985 12 349.0
1986 1 213.0
1986 2 279.0
1986 3 582.0
1986 4 707.0
1986 5 752.0
1986 6 702.0
1986 7 630.0
1986 8 537.0
1986 9 523.0
1986 10 678.0
1986 11 339.0
1986 12 306.0
1987 1 268.0
1987 2 287.0
1987 3 549.0
1987 4 735.0
1987 5 730.0
1987 6 838.0
1987 7 714.0
1987 8 606.0
1987 9 794.0
1987 10 643.0
1987 11 582.0
1987 12 374.0
1988 1 267.0
1988 2 264.0
1988 3 575.0
1988 4 614.0
1988 5 611.0
1988 6 828.0
1988 7 610.0
1988 8 669.0
1988 9 572.0
1988 10 468.0
1988 11 331.0
1988 12 300.0
1989 1 236.0
1989 2 222.0
1989 3 407.0
1989 4 539.0
1989 5 589.0
1989 6 543.0
1989 7 481.0
1989 8 547.0
1989 9 446.0
1989 10 402.0
1989 11 467.0
1989 12 203.0
1990 1 156.0
1990 2 232.0
1990 3 339.0
1990 4 359.0
1990 5 435.0
1990 6 373.0
1990 7 321.0
1990 8 343.0
1990 9 334.0
1990 10 350.0
1990 11 262.0
1990 12 143.0
1991 1 103.0
1991 2 94.0
1991 3 192.0
1991 4 356.0
1991 5 397.0
1991 6 370.0
1991 7 296.0
1991 8 333.0
1991 9 326.0
1991 10 363.0
1991 11 241.0
1991 12 175.0
1992 1 150.0
1992 2 144.0
1992 3 233.0
1992 4 327.0
1992 5 400.0
1992 6 397.0
1992 7 349.0
1992 8 351.0
1992 9 314.0
1992 10 320.0
1992 11 281.0
1992 12 242.0
1993 1 135.0
1993 2 121.0
1993 3 184.0
1993 4 297.0
1993 5 352.0
1993 6 436.0
1993 7 357.0
1993 8 329.0
1993 9 343.0
1993 10 326.0
1993 11 295.0
1993 12 272.0
1994 1 105.0
1994 2 128.0
1994 3 247.0
1994 4 379.0
1994 5 497.0
1994 6 583.0
1994 7 528.0
1994 8 537.0
1994 9 454.0
1994 10 400.0
1994 11 287.0
1994 12 221.0
1995 1 112.0
1995 2 139.0
1995 3 246.0
1995 4 403.0
1995 5 509.0
1995 6 528.0
1995 7 402.0
1995 8 407.0
1995 9 403.0
1995 10 399.0
1995 11 309.0
1995 12 228.0
1996 1 117.0
1996 2 149.0
1996 3 297.0
1996 4 477.0
1996 5 554.0
1996 6 513.0
1996 7 490.0
1996 8 523.0
1996 9 398.0
1996 10 363.0
1996 11 268.0
1996 12 237.0
1997 1 197.0
1997 2 136.0
1997 3 213.0
1997 4 377.0
1997 5 506.0
1997 6 464.0
1997 7 463.0
1997 8 481.0
1997 9 388.0
1997 10 425.0
1997 11 312.0
1997 12 224.0
1998 1 168.0
1998 2 203.0
1998 3 300.0
1998 4 433.0
1998 5 515.0
1998 6 596.0
1998 7 528.0
1998 8 414.0
1998 9 496.0
1998 10 456.0
1998 11 372.0
1998 12 378.0
1999 1 169.0
1999 2 234.0
1999 3 359.0
1999 4 599.0
1999 5 591.0
1999 6 605.0
1999 7 580.0
1999 8 456.0
1999 9 500.0
1999 10 415.0
1999 11 351.0
1999 12 364.0
2000 1 260.0
2000 2 216.0
2000 3 401.0
2000 4 530.0
2000 5 643.0
2000 6 655.0
2000 7 561.0
2000 8 568.0
2000 9 423.0
2000 10 484.0
2000 11 337.0
2000 12 218.0
2001 1 222.0
2001 2 240.0
2001 3 305.0
2001 4 470.0
2001 5 748.0
2001 6 613.0
2001 7 590.0
2001 8 550.0
2001 9 497.0
2001 10 498.0
2001 11 346.0
2001 12 310.0
2002 1 274.0
2002 2 341.0
2002 3 442.0
2002 4 563.0
2002 5 697.0
2002 6 607.0
2002 7 628.0
2002 8 550.0
2002 9 543.0
2002 10 607.0
2002 11 370.0
2002 12 369.0
2003 1 330.0
2003 2 266.0
2003 3 394.0
2003 4 626.0
2003 5 690.0
2003 6 673.0
2003 7 688.0
2003 8 639.0
2003 9 665.0
2003 10 590.0
2003 11 403.0
2003 12 417.0
2004 1 365.0
2004 2 318.0
2004 3 591.0
2004 4 911.0
2004 5 810.0
2004 6 950.0
2004 7 661.0
2004 8 631.0
2004 9 753.0
2004 10 615.0
2004 11 595.0
2004 12 582.0
2005 1 372.0
2005 2 395.0
2005 3 560.0
2005 4 701.0
2005 5 858.0
2005 6 879.0
2005 7 741.0
2005 8 853.0
2005 9 846.0
2005 10 656.0
2005 11 531.0
2005 12 424.0
2006 1 396.0
2006 2 364.0
2006 3 574.0
2006 4 699.0
2006 5 675.0
2006 6 753.0
2006 7 586.0
2006 8 640.0
2006 9 506.0
2006 10 600.0
2006 11 414.0
2006 12 316.0
2007 1 298.0
2007 2 262.0
2007 3 467.0
2007 4 494.0
2007 5 570.0
2007 6 591.0
2007 7 618.0
2007 8 523.0
2007 9 430.0
2007 10 471.0
2007 11 222.0
2007 12 195.0
2008 1 181.0
2008 2 150.0
2008 3 270.0
2008 4 306.0
2008 5 322.0
2008 6 270.0
2008 7 314.0
2008 8 271.0
2008 9 301.0
2008 10 245.0
2008 11 186.0
2008 12 100.0
2009 1 104.0
2009 2 86.0
2009 3 162.0
2009 4 201.0
2009 5 285.0
2009 6 253.0
2009 7 342.0
2009 8 209.0
2009 9 282.0
2009 10 237.0
2009 11 207.0
2009 12 173.0
2010 1 100.0
2010 2 203.0
2010 3 193.0
2010 4 287.0
2010 5 359.0
2010 6 312.0
2010 7 285.0
2010 8 257.0
2010 9 244.0
2010 10 228.0
2010 11 207.0
2010 12 193.0
2011 1 119.0
2011 2 66.0
2011 3 126.0
2011 4 205.0
2011 5 175.0
2011 6 196.0
2011 7 229.0
2011 8 157.0
2011 9 191.0
2011 10 184.0
2011 11 178.0
2011 12 115.0
2012 1 75.0
2012 2 119.0
2012 3 155.0
2012 4 228.0
2012 5 236.0
2012 6 265.0
2012 7 245.0
2012 8 243.0
2012 9 276.0
2012 10 188.0
2012 11 185.0
2012 12 105.0
2013 1 126.0
2013 2 129.0
2013 3 164.0
2013 4 271.0
2013 5 330.0
2013 6 280.0
2013 7 217.0
2013 8 252.0
2013 9 248.0
2013 10 269.0
2013 11 251.0
2013 12 126.0
2014 1 164.0
2014 2 141.0
2014 3 137.0
2014 4 209.0
2014 5 300.0
2014 6 312.0
2014 7 271.0
2014 8 220.0
2014 9 285.0
2014 10 297.0
2014 11 168.0
2014 12 196.0
2015 1 152.0
2015 2 54.0
2015 3 141.0
2015 4 162.0
2015 5 306.0
2015 6 328.0
2015 7 294.0
2015 8 312.0
2015 9 278.0
2015 10 286.0
2015 11 223.0
2015 12 200.0
2016 1 165.0
2016 2 171.0
2016 3 249.0
2016 4 428.0
2016 5 393.0
2016 6 437.0
2016 7 357.0
2016 8 350.0
2016 9 312.0
2016 10 343.0
2016 11 280.0
2016 12 278.0
2017 1 166.0
2017 2 210.0
2017 3 260.0
2017 4 406.0
2017 5 343.0
2017 6 363.0
2017 7 370.0
2017 8 456.0
2017 9 396.0
2017 10 315.0
2017 11 386.0
2017 12 201.0
2018 1 121.0
2018 2 197.0
2018 3 213.0
2018 4 309.0
2018 5 387.0
2018 6 420.0
2018 7 301.0
2018 8 325.0
2018 9 391.0
2018 10 440.0
2018 11 311.0
2018 12 206.0
2019 1 222.0
2019 2 305.0
2019 3 172.0
2019 4 265.0
2019 5 342.0
2019 6 348.0
2019 7 408.0
2019 8 410.0
2019 9 288.0
2019 10 312.0
2019 11 209.0
2019 12 168.0
2020 1 172.0
2020 2 217.0
2020 3 294.0
2020 4 311.0
2020 5 324.0
2020 6 518.0
2020 7 386.0
2020 8 495.0
2020 9 562.0
2020 10 491.0
2020 11 385.0
2020 12 358.0
2021 1 285.0
2021 2 239.0
2021 3 472.0
2021 4 584.0
2021 5 601.0
2021 6 614.0
2021 7 439.0
2021 8 583.0
2021 9 411.0
2021 10 468.0
2021 11 340.0
2021 12 425.0
2022 1 290.0
2022 2 270.0
2022 3 353.0
2022 4 472.0
2022 5 529.0
2022 6 464.0
2022 7 464.0
2022 8 476.0
2022 9 415.0
2022 10 349.0
2022 11 307.0
2022 12 246.0
2023 1 230.0
2023 2 206.0
2023 3 299.0
2023 4 448.0
2023 5 508.0
2023 6 520.0
2023 7 395.0
2023 8 500.0
2023 9 394.0
2023 10 390.0
2023 11 345.0
2023 12 211.0
2024 1 297.0
2024 2 267.0
2024 3 345.0
2024 4 487.0
2024 5 500.0
2024 6 443.0
2024 7 440.0
2024 8 497.0
