1960 9 6.0
1960 10 6.416666666666667
1960 11 6.833333333333333
1960 12 7.25
1961 1 7.666666666666667
1961 2 8.083333333333334
1961 3 8.5
1961 4 8.916666666666668
1961 5 9.333333333333334
1961 6 9.75
1961 7 10.166666666666668
1961 8 10.583333333333334
1961 9 11.0
1961 10 11.0
1961 11 11.0
1961 12 11.0
1962 1 11.0
1962 2 11.0
1962 3 11.0
1962 4 11.0
1962 5 11.0
1962 6 11.0
1962 7 11.0
1962 8 11.0
1962 9 11.0
1962 10 11.0
1962 11 11.0
1962 12 11.0
1963 1 11.0
1963 2 11.0
1963 3 11.0
1963 4 11.0
1963 5 11.0
1963 6 17.333333333333332
1963 7 23.666666666666664
1963 8 30.0
1963 9 29.14814814814815
1963 10 28.296296296296298
1963 11 27.444444444444443
1963 12 26.59259259259259
1964 1 25.74074074074074
1964 2 24.88888888888889
1964 3 24.037037037037038
1964 4 23.185185185185183
1964 5 22.333333333333332
1964 6 21.48148148148148
1964 7 20.62962962962963
1964 8 19.77777777777778
1964 9 18.925925925925924
1964 10 18.074074074074076
1964 11 17.22222222222222
1964 12 16.37037037037037
1965 1 15.518518518518519
1965 2 14.666666666666666
1965 3 13.814814814814813
1965 4 12.962962962962962
1965 5 12.11111111111111
1965 6 11.25925925925926
1965 7 10.407407407407408
1965 8 9.555555555555557
1965 9 8.703703703703702
1965 10 7.851851851851851
1965 11 7.0
1965 12 10.6
1966 1 14.2
1966 2 17.8
1966 3 21.4
1966 4 25.0
1966 5 7.0
1966 6 35.5
1966 7 64.0
1966 8 49.25
1966 9 34.5
1966 10 19.75
1966 11 5.0
1966 12 8.0
1967 1 56.0
1967 2 104.0
1967 3 152.0
1967 4 79.0
1967 5 6.0
1967 6 8.0
1967 7 7.0
1967 8 6.0
1967 9 142.0
1967 10 278.0
1967 11 56.0
1967 12 108.0
1968 1 58.0
1968 2 8.0
1968 3 41.0
1968 4 22.0
1968 5 11.0
1968 6 8.5
1968 7 6.0
1968 8 10.0
1968 9 14.0
1968 10 18.0
1968 11 67.0
1968 12 26.0
1969 1 16.0
1969 2 43.4
1969 3 70.8
1969 4 98.19999999999999
1969 5 125.6
1969 6 153.0
1969 7 10.0
1969 8 21.0
1969 9 156.0
1969 10 70.0
1969 11 18.0
1969 12 47.0
1970 1 76.0
1970 2 32.0
1970 3 20.0
1970 4 8.0
1970 5 42.0
1970 6 76.0
1970 7 21.0
1970 8 1.0
1970 9 20.0
1970 10 71.0
1970 11 24.0
1970 12 40.0
1971 1 32.0
1971 2 40.0
1971 3 8.0
1971 4 102.0
1971 5 158.0
1971 6 214.0
1971 7 8.0
1971 8 8.0
1971 9 180.0
1971 10 365.0
1971 11 67.0
1971 12 221.0
1972 1 24.0
1972 2 212.0
1972 3 6.0
1972 4 33.0
1972 5 46.0
1972 6 184.0
1972 7 88.0
1972 8 60.0
1972 9 257.0
1972 10 441.0
1972 11 186.0
1972 12 141.0
1973 1 87.0
1973 2 33.0
1973 3 24.0
1973 4 112.0
1973 5 30.0
1973 6 53.0
1973 7 128.0
1973 8 60.0
1973 9 34.0
1973 10 103.0
1973 11 12.0
1973 12 111.0
1974 1 64.0
1974 2 71.33333333333333
1974 3 78.66666666666667
1974 4 86.0
1974 5 32.0
1974 6 92.0
1974 7 70.66666666666667
1974 8 49.333333333333336
1974 9 28.0
1974 10 25.0
1974 11 36.0
1974 12 5.0
1975 1 120.0
1975 2 105.0
1975 3 90.0
1975 4 75.0
1975 5 60.0
1975 6 45.0
1975 7 30.0
1975 8 19.0
1975 9 30.0
1975 10 31.0
1975 11 24.666666666666668
1975 12 18.333333333333336
1976 1 12.0
1976 2 12.0
1976 3 51.0
1976 4 63.25
1976 5 75.5
1976 6 87.75
1976 7 100.0
1976 8 19.0
1976 9 72.0
1976 10 241.0
1976 11 18.0
1976 12 6.0
1977 1 57.333333333333336
1977 2 108.66666666666667
1977 3 160.0
1977 4 325.0
1977 5 25.0
1977 6 24.0
1977 7 6.0
1977 8 11.0
1977 9 207.0
1977 10 129.0
1977 11 173.0
1977 12 17.0
1978 1 23.5
1978 2 30.0
1978 3 32.5
1978 4 35.0
1978 5 15.0
1978 6 308.0
1978 7 69.0
1978 8 44.0
1978 9 106.0
1978 10 131.0
1978 11 82.0
1978 12 130.0
1979 1 96.0
1979 2 91.0
1979 3 71.0
1979 4 82.0
1979 5 16.0
1979 6 62.0
1979 7 6.0
1979 8 27.0
1979 9 118.0
1979 10 81.0
1979 11 13.0
1979 12 75.0
1980 1 73.4
1980 2 71.8
1980 3 70.2
1980 4 68.6
1980 5 67.0
1980 6 48.0
1980 7 11.0
1980 8 66.0
1980 9 140.0
1980 10 92.0
1980 11 50.0
1980 12 344.0
1981 1 277.6
1981 2 211.2
1981 3 144.79999999999998
1981 4 78.39999999999998
1981 5 12.0
1981 6 12.0
1981 7 12.0
1981 8 11.0
1981 9 22.0
1981 10 49.0
1981 11 9.0
1981 12 8.0
1982 1 7.0
1982 2 6.0
1982 3 50.0
1982 4 287.0
1982 5 228.0
1982 6 169.0
1982 7 110.0
1982 8 127.0
1982 9 144.0
1982 10 56.0
1982 11 11.0
1982 12 67.0
1983 1 11.0
1983 2 11.5
1983 3 12.0
1983 4 11.0
1983 5 43.0
1983 6 78.0
1983 7 20.0
1983 8 22.0
1983 9 80.0
1983 10 164.0
1983 11 23.0
1983 12 64.0
1984 1 17.0
1984 2 485.0
1984 3 128.0
1984 4 108.0
1984 5 147.0
1984 6 60.0
1984 7 126.0
1984 8 55.0
1984 9 97.0
1984 10 24.0
1984 11 105.0
1984 12 101.0
1985 1 18.0
1985 2 26.5
1985 3 35.0
1985 4 153.0
1985 5 307.0
1985 6 206.0
1985 7 43.0
1985 8 197.0
1985 9 68.0
1985 10 317.0
1985 11 250.0
1985 12 91.0
1986 1 162.0
1986 2 57.0
1986 3 360.0
1986 4 241.0
1986 5 99.0
1986 6 154.0
1986 7 96.0
1986 8 69.0
1986 9 181.0
1986 10 70.0
1986 11 130.0
1986 12 95.0
1987 1 90.0
1987 2 65.0
1987 3 82.0
1987 4 143.0
1987 5 276.0
1987 6 220.0
1987 7 124.0
1987 8 103.0
1987 9 134.0
1987 10 57.0
1987 11 206.0
1987 12 312.0
1988 1 61.0
1988 2 67.0
1988 3 238.0
1988 4 262.0
1988 5 258.0
1988 6 124.0
1988 7 237.0
1988 8 238.0
1988 9 229.0
1988 10 141.0
1988 11 40.0
1988 12 173.0
1989 1 74.0
1989 2 62.0
1989 3 183.0
1989 4 141.0
1989 5 18.0
1989 6 47.0
1989 7 51.0
1989 8 64.0
1989 9 68.0
1989 10 17.0
1989 11 10.0
1989 12 5.0
1990 1 241.0
1990 2 10.0
1990 3 58.0
1990 4 5.0
1990 5 16.0
1990 6 15.0
1990 7 8.0
1990 8 45.0
1990 9 45.0
1990 10 5.0
1990 11 5.0
1990 12 10.0
1991 1 5.0
1991 2 8.0
1991 3 10.0
1991 4 12.0
1991 5 5.0
1991 6 15.0
1991 7 44.0
1991 8 5.0
1991 9 5.0
1991 10 25.0
1991 11 10.0
1991 12 6.0
1992 1 5.0
1992 2 8.0
1992 3 7.5
1992 4 7.0
1992 5 6.5
1992 6 6.0
1992 7 5.75
1992 8 5.5
1992 9 5.25
1992 10 5.0
1992 11 26.0
1992 12 85.0
1993 1 22.0
1993 2 20.25
1993 3 18.5
1993 4 16.75
1993 5 15.0
1993 6 10.0
1993 7 10.0
1993 8 20.0
1993 9 12.5
1993 10 5.0
1993 11 43.0
1993 12 11.0
1994 1 5.0
1994 2 5.0
1994 3 5.0
1994 4 5.0
1994 5 19.0
1994 6 40.0
1994 7 10.0
1994 8 5.0
1994 9 5.0
1994 10 17.0
1994 11 12.0
1994 12 5.0
1995 1 5.0
1995 2 5.0
1995 3 5.0
1995 4 21.0
1995 5 5.0
1995 6 10.0
1995 7 10.0
1995 8 121.0
1995 9 6.0
1995 10 16.0
1995 11 5.0
1995 12 17.0
1996 1 13.0
1996 2 9.0
1996 3 5.0
1996 4 10.0
1996 5 19.0
1996 6 15.0
1996 7 5.0
1996 8 36.0
1996 9 24.0
1996 10 41.0
1996 11 5.0
1996 12 5.0
1997 1 5.0
1997 2 5.0
1997 3 5.0
1997 4 5.0
1997 5 45.0
1997 6 6.0
1997 7 12.0
1997 8 18.0
1997 9 17.0
1997 10 16.0
1997 11 31.0
1997 12 46.0
1998 1 32.333333333333336
1998 2 18.666666666666668
1998 3 5.0
1998 4 7.5
1998 5 10.0
1998 6 50.0
1998 7 141.0
1998 8 10.0
1998 9 23.0
1998 10 47.0
1998 11 23.0
1998 12 10.0
1999 1 10.0
1999 2 26.0
1999 3 11.0
1999 4 10.0
1999 5 16.0
1999 6 21.0
1999 7 10.0
1999 8 10.0
1999 9 10.0
1999 10 10.0
1999 11 21.0
1999 12 48.0
2000 1 16.0
2000 2 10.0
2000 3 18.0
2000 4 10.0
2000 5 10.0
2000 6 22.0
2000 7 5.0
2000 8 125.0
2000 9 10.0
2000 10 5.0
2000 11 77.0
2000 12 5.0
2001 1 5.0
2001 2 5.0
2001 3 5.0
2001 4 5.0
2001 5 5.0
2001 6 75.0
2001 7 31.0
2001 8 40.0
2001 9 15.0
2001 10 10.0
2001 11 15.0
2001 12 35.0
2002 1 39.0
2002 2 5.0
2002 3 32.0
2002 4 45.0
2002 5 20.0
2002 6 180.0
2002 7 152.0
2002 8 25.0
2002 9 12.0
2002 10 10.0
2002 11 15.0
2002 12 50.0
2003 1 31.5
2003 2 13.0
2003 3 11.0
2003 4 11.0
2003 5 16.0
2003 6 12.0
2003 7 17.0
2003 8 27.0
2003 9 18.0
2003 10 50.0
2003 11 22.0
2003 12 50.0
2004 1 23.0
2004 2 11.0
2004 3 31.0
2004 4 17.0
2004 5 127.0
2004 6 25.0
2004 7 21.0
2004 8 21.0
2004 9 15.0
2004 10 48.0
2004 11 61.0
2004 12 19.0
2005 1 12.0
2005 2 20.0
2005 3 36.0
2005 4 65.0
2005 5 35.0
2005 6 41.0
2005 7 25.0
2005 8 53.0
2005 9 71.0
2005 10 49.0
2005 11 46.0
2005 12 58.0
2006 1 17.0
2006 2 19.0
2006 3 37.0
2006 4 29.0
2006 5 26.0
2006 6 19.0
2006 7 20.0
2006 8 50.0
2006 9 53.0
2006 10 18.0
2006 11 48.0
2006 12 16.0
2007 1 18.0
2007 2 11.0
2007 3 19.0
2007 4 53.0
2007 5 22.0
2007 6 121.0
2007 7 29.0
2007 8 72.0
2007 9 36.0
2007 10 46.0
2007 11 48.0
2007 12 23.0
2008 1 15.0
2008 2 11.0
2008 3 20.0
2008 4 18.0
2008 5 88.0
2008 6 270.0
2008 7 18.0
2008 8 10.0
2008 9 40.0
2008 10 11.0
2008 11 23.0
2008 12 23.0
2009 1 19.5
2009 2 16.0
2009 3 10.5
2009 4 5.0
2009 5 5.0
2009 6 5.0
2009 7 10.0
2009 8 5.0
2009 9 5.0
2009 10 5.0
2009 11 16.0
2009 12 15.0
2010 1 5.0
2010 2 5.0
2010 3 7.5
2010 4 10.0
2010 5 31.0
2010 6 23.0
2010 7 26.0
2010 8 18.0
2010 9 12.0
2010 10 11.0
2010 11 5.0
2010 12 8.0
2011 1 5.0
2011 2 5.0
2011 3 10.0
2011 4 5.0
2011 5 56.0
2011 6 19.0
2011 7 5.0
2011 8 40.0
2011 9 6.0
2011 10 41.0
2011 11 35.0
2011 12 8.0
2012 1 62.0
2012 2 13.0
2012 3 5.0
2012 4 17.0
2012 5 37.0
2012 6 20.0
2012 7 16.0
2012 8 11.0
2012 9 10.0
2012 10 10.0
2012 11 49.0
2012 12 12.0
2013 1 11.0
2013 2 5.0
2013 3 46.0
2013 4 11.0
2013 5 61.0
2013 6 26.0
2013 7 27.0
2013 8 21.0
2013 9 32.0
2013 10 12.0
2013 11 19.0
2013 12 86.0
2014 1 11.0
2014 2 12.0
2014 3 25.0
2014 4 33.0
2014 5 38.0
2014 6 70.0
2014 7 46.0
2014 8 68.0
2014 9 22.0
2014 10 18.0
2014 11 61.0
2014 12 14.0
2015 1 30.0
2015 2 5.0
2015 3 132.0
2015 4 92.0
2015 5 61.0
2015 6 82.0
2015 7 43.0
2015 8 10.0
2015 9 148.0
2015 10 58.0
2015 11 11.0
2015 12 62.0
2016 1 5.0
2016 2 11.0
2016 3 10.0
2016 4 16.0
2016 5 39.0
2016 6 15.0
2016 7 63.0
2016 8 26.0
2016 9 25.0
2016 10 27.0
2016 11 29.0
2016 12 21.0
2017 1 31.0
2017 2 23.0
2017 3 38.0
2017 4 79.0
2017 5 18.0
2017 6 116.0
2017 7 12.0
2017 8 43.0
2017 9 17.0
2017 10 20.0
2017 11 115.0
2017 12 80.0
2018 1 70.0
2018 2 77.0
2018 3 27.0
2018 4 24.0
2018 5 22.0
2018 6 39.0
2018 7 44.0
2018 8 38.0
2018 9 53.0
2018 10 36.0
2018 11 40.5
2018 12 45.0
2019 1 129.0
2019 2 70.0
2019 3 390.0
2019 4 34.0
2019 5 76.0
2019 6 46.0
2019 7 43.0
2019 8 56.0
2019 9 49.0
2019 10 60.0
2019 11 62.0
2019 12 15.0
2020 1 56.0
2020 2 29.0
2020 3 35.0
2020 4 164.0
2020 5 55.0
2020 6 44.0
2020 7 155.0
2020 8 133.5
2020 9 112.0
2020 10 39.0
2020 11 16.0
2020 12 5.0
2021 1 137.0
2021 2 5.0
2021 3 10.0
2021 4 50.0
2021 5 108.0
2021 6 156.0
2021 7 158.0
2021 8 55.0
2021 9 63.0
2021 10 10.0
2021 11 93.0
2021 12 114.0
2022 1 127.0
2022 2 573.0
2022 3 44.0
2022 4 154.0
2022 5 85.0
2022 6 107.0
2022 7 68.0
2022 8 54.0
2022 9 55.0
2022 10 36.0
2022 11 37.0
2022 12 65.0
2023 1 10.0
2023 2 45.0
2023 3 161.0
2023 4 122.0
2023 5 153.0
2023 6 38.0
2023 7 90.0
2023 8 155.0
2023 9 236.0
2023 10 61.0
2023 11 53.0
2023 12 72.0
2024 1 75.0
2024 2 75.0
2024 3 184.0
2024 4 35.0
2024 5 118.0
2024 6 104.0
2024 7 53.0
2024 8 63.0
