1960 5 3.0
1960 6 4.0
1960 7 2.0
1960 8 15.0
1960 9 28.0
1960 10 12.0
1960 11 60.0
1960 12 12.0
1961 1 8.0
1961 2 4.0
1961 3 5.0
1961 4 17.0
1961 5 6.0
1961 6 6.0
1961 7 1.0
1961 8 92.0
1961 9 6.0
1961 10 47.0
1961 11 14.0
1961 12 4.0
1962 1 6.0
1962 2 4.0
1962 3 8.0
1962 4 409.0
1962 5 1030.0
1962 6 2.0
1962 7 2.0
1962 8 7.0
1962 9 4.0
1962 10 12.0
1962 11 44.0
1962 12 6.0
1963 1 8.0
1963 2 4.0
1963 3 57.0
1963 4 11.0
1963 5 12.0
1963 6 5.0
1963 7 6.0
1963 8 14.0
1963 9 14.0
1963 10 12.0
1963 11 24.0
1963 12 7.0
1964 1 6.0
1964 2 12.0
1964 3 12.0
1964 4 21.0
1964 5 15.0
1964 6 12.0
1964 7 21.0
1964 8 9.0
1964 9 4.0
1964 10 9.0
1964 11 54.0
1964 12 17.0
1965 1 12.0
1965 2 6.0
1965 3 4.0
1965 4 8.0
1965 5 20.0
1965 6 2.0
1965 7 4.0
1965 8 12.0
1965 9 2.0
1965 10 30.0
1965 11 12.0
1965 12 31.0
1966 1 14.0
1966 2 10.0
1966 3 40.0
1966 4 6.0
1966 5 7.0
1966 6 6.0
1966 7 8.5
1966 8 11.0
1966 9 8.0
1966 10 16.0
1966 11 4.0
1966 12 8.0
1967 1 14.0
1967 2 20.0
1967 3 8.0
1967 4 8.0
1967 5 9.0
1967 6 2.0
1967 7 15.0
1967 8 12.0
1967 9 12.0
1967 10 12.0
1967 11 8.0
1967 12 8.0
1968 1 2.0
1968 2 11.0
1968 3 19.0
1968 4 13.0
1968 5 20.0
1968 6 6.0
1968 7 13.0
1968 8 4.0
1968 9 24.0
1968 10 26.0
1968 11 15.5
1968 12 5.0
1969 1 10.0
1969 2 4.0
1969 3 22.0
1969 4 6.0
1969 5 4.0
1969 6 4.0
1969 7 6.0
1969 8 6.0
1969 9 43.0
1969 10 2.0
1969 11 5.0
1969 12 19.0
1970 1 56.0
1970 2 6.0
1970 3 4.0
1970 4 12.0
1970 5 12.0
1970 6 6.0
1970 7 59.0
1970 8 112.0
1970 9 50.0
1970 10 141.0
1970 11 23.0
1970 12 6.0
1971 1 13.0
1971 2 20.0
1971 3 79.0
1971 4 19.0
1971 5 30.0
1971 6 166.0
1971 7 4.0
1971 8 66.0
1971 9 140.0
1971 10 13.0
1971 11 30.0
1971 12 2.0
1972 1 64.0
1972 2 36.0
1972 3 51.0
1972 4 12.0
1972 5 47.0
1972 6 80.0
1972 7 6.0
1972 8 147.0
1972 9 84.0
1972 10 6.0
1972 11 8.0
1972 12 6.0
1973 1 6.0
1973 2 196.0
1973 3 7.0
1973 4 202.0
1973 5 124.0
1973 6 8.0
1973 7 6.0
1973 8 45.0
1973 9 4.0
1973 10 8.0
1973 11 10.0
1973 12 4.0
1974 1 9.0
1974 2 9.0
1974 3 8.0
1974 4 15.0
1974 5 10.0
1974 6 3.0
1974 7 11.0
1974 8 4.0
1974 9 3.6
1974 10 3.2
1974 11 2.8
1974 12 2.4
1975 1 2.0
1975 2 6.0
1975 3 8.0
1975 4 10.0
1975 5 16.0
1975 6 31.0
1975 7 23.0
1975 8 15.0
1975 9 7.0
1975 10 4.5
1975 11 2.0
1975 12 3.5
1976 1 5.0
1976 2 6.5
1976 3 8.0
1976 4 2.0
1976 5 24.0
1976 6 15.0
1976 7 44.0
1976 8 71.0
1976 9 77.0
1976 10 43.0
1976 11 9.0
1976 12 17.0
1977 1 14.0
1977 2 36.0
1977 3 2.0
1977 4 96.0
1977 5 39.0
1977 6 50.0
1977 7 48.0
1977 8 30.0
1977 9 8.0
1977 10 5.0
1977 11 156.0
1977 12 4.0
1978 1 26.0
1978 2 48.0
1978 3 70.0
1978 4 4.0
1978 5 22.0
1978 6 10.0
1978 7 26.0
1978 8 126.0
1978 9 7.0
1978 10 2.0
1978 11 6.0
1978 12 14.0
1979 1 2.0
1979 2 14.0
1979 3 62.0
1979 4 60.0
1979 5 14.0
1979 6 50.0
1979 7 15.0
1979 8 36.0
1979 9 75.0
1979 10 13.0
1979 11 2.0
1979 12 8.0
1980 1 30.0
1980 2 3.0
1980 3 6.0
1980 4 6.0
1980 5 6.0
1980 6 26.0
1980 7 48.0
1980 8 22.0
1980 9 31.0
1980 10 12.0
1980 11 2.0
1980 12 2.6666666666666665
1981 1 3.333333333333333
1981 2 4.0
1981 3 16.0
1981 4 26.0
1981 5 60.0
1981 6 85.0
1981 7 4.0
1981 8 12.0
1981 9 2.0
1981 10 29.0
1981 11 15.0
1981 12 20.0
1982 1 2.0
1982 2 2.0
1982 3 14.0
1982 4 2.0
1982 5 21.0
1982 6 27.0
1982 7 33.0
1982 8 47.0
1982 9 19.0
1982 10 8.0
1982 11 9.0
1982 12 20.0
1983 1 14.0
1983 2 11.0
1983 3 35.0
1983 4 6.0
1983 5 56.0
1983 6 56.0
1983 7 14.0
1983 8 42.0
1983 9 37.0
1983 10 12.0
1983 11 33.0
1983 12 13.0
1984 1 3.0
1984 2 19.0
1984 3 12.0
1984 4 16.0
1984 5 16.0
1984 6 6.0
1984 7 14.0
1984 8 17.0
1984 9 80.0
1984 10 15.0
1984 11 53.0
1984 12 16.0
1985 1 2.0
1985 2 4.0
1985 3 48.0
1985 4 8.0
1985 5 14.0
1985 6 12.0
1985 7 8.0
1985 8 57.0
1985 9 8.0
1985 10 102.0
1985 11 6.0
1985 12 4.0
1986 1 60.0
1986 2 23.0
1986 3 38.0
1986 4 12.0
1986 5 36.0
1986 6 18.0
1986 7 32.0
1986 8 36.0
1986 9 182.0
1986 10 38.0
1986 11 52.0
1986 12 4.0
1987 1 36.0
1987 2 36.0
1987 3 86.0
1987 4 320.0
1987 5 18.0
1987 6 20.0
1987 7 16.0
1987 8 12.0
1987 9 4.0
1987 10 64.0
1987 11 90.0
1987 12 2.0
1988 1 4.0
1988 2 19.0
1988 3 30.0
1988 4 32.0
1988 5 17.0
1988 6 114.0
1988 7 21.0
1988 8 35.0
1988 9 12.0
1988 10 8.0
1988 11 16.0
1988 12 70.0
1989 1 8.0
1989 2 13.0
1989 3 16.0
1989 4 18.0
1989 5 13.0
1989 6 54.0
1989 7 16.0
1989 8 22.0
1989 9 18.0
1989 10 16.0
1989 11 20.0
1989 12 2.0
1990 1 22.0
1990 2 14.0
1990 3 38.0
1990 4 49.0
1990 5 6.0
1990 6 9.0
1990 7 2.0
1990 8 36.0
1990 9 4.0
1990 10 12.0
1990 11 4.0
1990 12 12.0
1991 1 2.0
1991 2 46.0
1991 3 23.0
1991 4 13.0
1991 5 16.0
1991 6 34.0
1991 7 6.0
1991 8 10.0
1991 9 8.0
1991 10 12.0
1991 11 8.0
1991 12 18.0
1992 1 4.0
1992 2 14.0
1992 3 10.0
1992 4 6.0
1992 5 14.0
1992 6 15.0
1992 7 10.0
1992 8 12.0
1992 9 7.0
1992 10 12.0
1992 11 15.0
1992 12 18.0
1993 1 11.0
1993 2 10.5
1993 3 10.0
1993 4 113.0
1993 5 2.0
1993 6 8.0
1993 7 4.0
1993 8 28.0
1993 9 2.0
1993 10 7.0
1993 11 6.0
1993 12 6.0
1994 1 22.0
1994 2 10.0
1994 3 28.0
1994 4 6.0
1994 5 16.0
1994 6 24.0
1994 7 6.0
1994 8 4.0
1994 9 4.0
1994 10 4.0
1994 11 2.0
1994 12 18.0
1995 1 13.0
1995 2 10.0
1995 3 10.0
1995 4 2.0
1995 5 22.0
1995 6 10.0
1995 7 26.0
1995 8 26.0
1995 9 31.0
1995 10 71.0
1995 11 14.0
1995 12 10.0
1996 1 6.0
1996 2 15.0
1996 3 10.0
1996 4 16.0
1996 5 12.0
1996 6 12.0
1996 7 6.0
1996 8 9.0
1996 9 4.0
1996 10 24.0
1996 11 2.0
1996 12 6.0
1997 1 19.0
1997 2 10.0
1997 3 8.0
1997 4 43.0
1997 5 8.0
1997 6 8.0
1997 7 21.0
1997 8 15.0
1997 9 20.0
1997 10 49.0
1997 11 113.0
1997 12 14.0
1998 1 25.0
1998 2 36.0
1998 3 29.0
1998 4 24.0
1998 5 28.0
1998 6 30.0
1998 7 28.0
1998 8 20.0
1998 9 44.0
1998 10 30.0
1998 11 20.0
1998 12 37.0
1999 1 2.0
1999 2 36.0
1999 3 9.0
1999 4 16.0
1999 5 10.0
1999 6 16.0
1999 7 14.0
1999 8 6.0
1999 9 12.0
1999 10 14.0
1999 11 12.0
1999 12 9.0
2000 1 4.0
2000 2 15.0
2000 3 13.0
2000 4 22.0
2000 5 12.0
2000 6 44.0
2000 7 40.0
2000 8 22.0
2000 9 14.0
2000 10 6.0
2000 11 10.0
2000 12 10.0
2001 1 14.0
2001 2 22.0
2001 3 12.0
2001 4 4.0
2001 5 16.0
2001 6 32.0
2001 7 14.0
2001 8 6.0
2001 9 2.0
2001 10 6.0
2001 11 18.0
2001 12 25.0
2002 1 11.0
2002 2 12.0
2002 3 13.0
2002 4 8.0
2002 5 8.0
2002 6 34.0
2002 7 20.0
2002 8 10.0
2002 9 8.0
2002 10 16.0
2002 11 14.0
2002 12 80.0
2003 1 20.0
2003 2 18.0
2003 3 16.0
2003 4 26.0
2003 5 16.0
2003 6 21.0
2003 7 8.0
2003 8 48.0
2003 9 15.0
2003 10 31.0
2003 11 46.0
2003 12 29.0
2004 1 12.0
2004 2 12.0
2004 3 22.0
2004 4 32.0
2004 5 4.0
2004 6 21.0
2004 7 30.0
2004 8 21.0
2004 9 39.0
2004 10 20.0
2004 11 83.0
2004 12 13.0
2005 1 23.0
2005 2 36.0
2005 3 27.0
2005 4 49.0
2005 5 40.0
2005 6 331.0
2005 7 50.0
2005 8 46.0
2005 9 219.0
2005 10 33.0
2005 11 11.0
2005 12 50.0
2006 1 10.0
2006 2 26.0
2006 3 33.0
2006 4 10.0
2006 5 26.0
2006 6 47.0
2006 7 8.0
2006 8 39.0
2006 9 82.0
2006 10 22.0
2006 11 23.0
2006 12 28.0
2007 1 21.0
2007 2 22.0
2007 3 31.0
2007 4 4.0
2007 5 11.0
2007 6 14.0
2007 7 43.0
2007 8 67.0
2007 9 2.0
2007 10 2.0
2007 11 11.0
2007 12 3.0
2008 1 36.0
2008 2 11.0
2008 3 7.5
2008 4 4.0
2008 5 6.5
2008 6 9.0
2008 7 6.5
2008 8 4.0
2008 9 16.0
2008 10 2.0
2008 11 7.0
2008 12 12.0
2009 1 9.0
2009 2 5.5
2009 3 2.0
2009 4 2.0
2009 5 2.5
2009 6 3.0
2009 7 3.3333333333333335
2009 8 3.6666666666666665
2009 9 4.0
2009 10 6.0
2009 11 104.0
2009 12 202.0
2010 1 2.0
2010 2 3.0
2010 3 7.0
2010 4 2.0
2010 5 27.0
2010 6 10.0
2010 7 16.0
2010 8 5.0
2010 9 25.0
2010 10 22.0
2010 11 5.0
2010 12 5.0
2011 1 7.0
2011 2 19.0
2011 3 31.0
2011 4 32.0
2011 5 8.0
2011 6 6.0
2011 7 46.0
2011 8 12.0
2011 9 40.0
2011 10 6.0
2011 11 6.0
2011 12 8.0
2012 1 4.0
2012 2 6.0
2012 3 26.0
2012 4 8.0
2012 5 8.0
2012 6 6.0
2012 7 10.0
2012 8 13.0
2012 9 8.0
2012 10 10.0
2012 11 3.0
2012 12 18.5
2013 1 34.0
2013 2 5.0
2013 3 3.5
2013 4 2.0
2013 5 28.0
2013 6 12.0
2013 7 13.0
2013 8 12.5
2013 9 12.0
2013 10 9.666666666666666
2013 11 7.333333333333333
2013 12 5.0
2014 1 8.5
2014 2 12.0
2014 3 10.0
2014 4 8.0
2014 5 5.0
2014 6 8.0
2014 7 45.0
2014 8 13.0
2014 9 8.0
2014 10 44.0
2014 11 14.0
2014 12 8.0
2015 1 5.0
2015 2 36.0
2015 3 10.0
2015 4 6.0
2015 5 23.5
2015 6 41.0
2015 7 15.0
2015 8 10.0
2015 9 12.0
2015 10 22.0
2015 11 6.0
2015 12 30.0
2016 1 15.0
2016 2 11.0
2016 3 7.0
2016 4 10.0
2016 5 4.0
2016 6 6.0
2016 7 2.0
2016 8 17.0
2016 9 9.5
2016 10 2.0
2016 11 2.0
2016 12 2.0
2017 1 6.0
2017 2 2.0
2017 3 4.0
2017 4 4.0
2017 5 24.0
2017 6 34.0
2017 7 14.0
2017 8 10.0
2017 9 6.0
2017 10 25.0
2017 11 12.0
2017 12 7.0
2018 1 2.0
2018 2 30.0
2018 3 26.0
2018 4 15.0
2018 5 4.0
2018 6 24.0
2018 7 18.0
2018 8 10.0
2018 9 4.0
2018 10 6.0
2018 11 4.0
2018 12 2.0
2019 1 28.0
2019 2 34.0
2019 3 44.0
2019 4 54.0
2019 5 25.0
2019 6 10.0
2019 7 32.0
2019 8 10.0
2019 9 13.0
2019 10 16.0
2019 11 16.0
2019 12 38.0
2020 1 32.0
2020 2 14.0
2020 3 25.0
2020 4 20.0
2020 5 4.0
2020 6 8.0
2020 7 17.0
2020 8 25.0
2020 9 27.0
2020 10 16.0
2020 11 15.0
2020 12 27.0
2021 1 22.0
2021 2 9.0
2021 3 40.0
2021 4 115.0
2021 5 31.0
2021 6 21.0
2021 7 24.0
2021 8 16.0
2021 9 19.0
2021 10 12.0
2021 11 32.0
2021 12 52.0
2022 1 27.0
2022 2 2.0
2022 3 3.0
2022 4 4.0
2022 5 2.0
2022 6 11.0
2022 7 68.0
2022 8 27.0
2022 9 14.0
2022 10 2.0
2022 11 15.0
2022 12 6.0
2023 1 45.0
2023 2 10.0
2023 3 4.0
2023 4 8.0
2023 5 2.0
2023 6 2.0
2023 7 2.0
2023 8 6.0
2023 9 10.0
2023 10 14.0
2023 11 8.0
2023 12 16.0
2024 1 6.0
2024 2 5.5
2024 3 5.0
2024 4 3.5
2024 5 2.0
2024 6 3.5
2024 7 5.0
