1960 5 2793.0
1960 6 1631.0
1960 7 2051.0
1960 8 1973.0
1960 9 1655.0
1960 10 1264.0
1960 11 1745.0
1960 12 1223.0
1961 1 1196.0
1961 2 1133.0
1961 3 1997.0
1961 4 2737.0
1961 5 2655.0
1961 6 2679.0
1961 7 3055.0
1961 8 3102.0
1961 9 2011.0
1961 10 2581.0
1961 11 2684.0
1961 12 1844.0
1962 1 2517.0
1962 2 2074.0
1962 3 2585.0
1962 4 2950.0
1962 5 3765.0
1962 6 2565.0
1962 7 3363.0
1962 8 3651.0
1962 9 3132.0
1962 10 3568.0
1962 11 2318.0
1962 12 1662.0
1963 1 3396.0
1963 2 1802.0
1963 3 2034.0
1963 4 4235.0
1963 5 2868.0
1963 6 3588.0
1963 7 3601.0
1963 8 2903.0
1963 9 4720.0
1963 10 4426.0
1963 11 4216.0
1963 12 7593.0
1964 1 3513.0
1964 2 3064.0
1964 3 2530.0
1964 4 4172.0
1964 5 2719.0
1964 6 3143.0
1964 7 3496.0
1964 8 3547.0
1964 9 3320.0
1964 10 3796.0
1964 11 4302.0
1964 12 2710.0
1965 1 2320.0
1965 2 2886.0
1965 3 5907.0
1965 4 3647.0
1965 5 3675.0
1965 6 5215.0
1965 7 4015.0
1965 8 4257.0
1965 9 3692.0
1965 10 5627.0
1965 11 4494.0
1965 12 4659.0
1966 1 4114.0
1966 2 2319.0
1966 3 4027.0
1966 4 5425.0
1966 5 5549.0
1966 6 5097.0
1966 7 2248.0
1966 8 3231.0
1966 9 2364.0
1966 10 2929.0
1966 11 2467.0
1966 12 2237.0
1967 1 1313.0
1967 2 1187.0
1967 3 2596.0
1967 4 3114.0
1967 5 6579.0
1967 6 3789.0
1967 7 1880.0
1967 8 2150.0
1967 9 1570.0
1967 10 2356.0
1967 11 1466.0
1967 12 1736.0
1968 1 1513.0
1968 2 2336.0
1968 3 2419.0
1968 4 2673.0
1968 5 4267.0
1968 6 2271.0
1968 7 3836.0
1968 8 1896.0
1968 9 3268.0
1968 10 2712.0
1968 11 2031.0
1968 12 2113.0
1969 1 1918.0
1969 2 1947.0
1969 3 3340.0
1969 4 4769.0
1969 5 3851.0
1969 6 2686.0
1969 7 1979.0
1969 8 2311.0
1969 9 2666.0
1969 10 2111.0
1969 11 1808.0
1969 12 2714.0
1970 1 2306.0
1970 2 1914.0
1970 3 2045.0
1970 4 3076.0
1970 5 4398.0
1970 6 3562.0
1970 7 2290.0
1970 8 3432.0
1970 9 2526.0
1970 10 2614.0
1970 11 2513.0
1970 12 3641.0
1971 1 1855.0
1971 2 1661.0
1971 3 4557.0
1971 4 4067.0
1971 5 3568.0
1971 6 4466.0
1971 7 4215.0
1971 8 4085.0
1971 9 4136.0
1971 10 5235.0
1971 11 2792.0
1971 12 3500.0
1972 1 3594.0
1972 2 2863.0
1972 3 3344.0
1972 4 4753.0
1972 5 4529.0
1972 6 7353.0
1972 7 4720.0
1972 8 5581.0
1972 9 4031.0
1972 10 5161.0
1972 11 3184.0
1972 12 3213.0
1973 1 3875.0
1973 2 4044.0
1973 3 5972.0
1973 4 4702.0
1973 5 5506.0
1973 6 4382.0
1973 7 4356.0
1973 8 4783.0
1973 9 3276.0
1973 10 4251.0
1973 11 2067.0
1973 12 838.0
1974 1 2341.0
1974 2 1782.0
1974 3 1323.0
1974 4 2144.0
1974 5 2893.0
1974 6 1982.0
1974 7 2228.0
1974 8 2065.0
1974 9 1460.0
1974 10 1452.0
1974 11 1182.0
1974 12 2115.0
1975 1 696.0
1975 2 1057.0
1975 3 761.0
1975 4 1148.0
1975 5 1783.0
1975 6 2790.0
1975 7 1889.0
1975 8 2013.0
1975 9 1698.0
1975 10 1447.0
1975 11 1524.0
1975 12 1478.0
1976 1 1610.0
1976 2 1474.0
1976 3 2081.0
1976 4 2131.0
1976 5 3068.0
1976 6 3633.0
1976 7 2403.0
1976 8 2276.0
1976 9 2688.0
1976 10 1643.0
1976 11 1741.0
1976 12 1561.0
1977 1 1813.0
1977 2 1358.0
1977 3 2476.0
1977 4 2656.0
1977 5 2939.0
1977 6 4002.0
1977 7 2468.0
1977 8 2989.0
1977 9 2527.0
1977 10 2563.0
1977 11 2046.0
1977 12 2168.0
1978 1 1264.0
1978 2 1366.0
1978 3 2555.0
1978 4 2601.0
1978 5 2792.0
1978 6 3134.0
1978 7 2716.0
1978 8 2906.0
1978 9 2354.0
1978 10 2404.0
1978 11 2198.0
1978 12 2043.0
1979 1 1737.0
1979 2 900.0
1979 3 1627.0
1979 4 2767.0
1979 5 2110.0
1979 6 2238.0
1979 7 2601.0
1979 8 2499.0
1979 9 3111.0
1979 10 2545.0
1979 11 2415.0
1979 12 1236.0
1980 1 1238.0
1980 2 1172.0
1980 3 1434.0
1980 4 1609.0
1980 5 1197.0
1980 6 1394.0
1980 7 1928.0
1980 8 1887.0
1980 9 2791.0
1980 10 2337.0
1980 11 1689.0
1980 12 1234.0
1981 1 1149.0
1981 2 771.0
1981 3 1919.0
1981 4 2218.0
1981 5 1735.0
1981 6 1811.0
1981 7 1752.0
1981 8 1924.0
1981 9 1291.0
1981 10 798.0
1981 11 902.0
1981 12 961.0
1982 1 698.0
1982 2 923.0
1982 3 1206.0
1982 4 2096.0
1982 5 1327.0
1982 6 1771.0
1982 7 1883.0
1982 8 1517.0
1982 9 2446.0
1982 10 1766.0
1982 11 2101.0
1982 12 1922.0
1983 1 1980.0
1983 2 2563.0
1983 3 3292.0
1983 4 3178.0
1983 5 3092.0
1983 6 4695.0
1983 7 3741.0
1983 8 3809.0
1983 9 3247.0
1983 10 2550.0
1983 11 2393.0
1983 12 2415.0
1984 1 2566.0
1984 2 2255.0
1984 3 3269.0
1984 4 2707.0
1984 5 2881.0
1984 6 3943.0
1984 7 3346.0
1984 8 3230.0
1984 9 3127.0
1984 10 2667.0
1984 11 3493.0
1984 12 2149.0
1985 1 2570.0
1985 2 2455.0
1985 3 3761.0
1985 4 3956.0
1985 5 3845.0
1985 6 3367.0
1985 7 3676.0
1985 8 3886.0
1985 9 3053.0
1985 10 4030.0
1985 11 3865.0
1985 12 4279.0
1986 1 3151.0
1986 2 2648.0
1986 3 3581.0
1986 4 4860.0
1986 5 4179.0
1986 6 4128.0
1986 7 4260.0
1986 8 3121.0
1986 9 4011.0
1986 10 3407.0
1986 11 2540.0
1986 12 2511.0
1987 1 1962.0
1987 2 2836.0
1987 3 3677.0
1987 4 5613.0
1987 5 4188.0
1987 6 5188.0
1987 7 3404.0
1987 8 3842.0
1987 9 3388.0
1987 10 4098.0
1987 11 3334.0
1987 12 2305.0
1988 1 1668.0
1988 2 3062.0
1988 3 3806.0
1988 4 4353.0
1988 5 3199.0
1988 6 5004.0
1988 7 3834.0
1988 8 4031.0
1988 9 4540.0
1988 10 3380.0
1988 11 3400.0
1988 12 2271.0
1989 1 2697.0
1989 2 2475.0
1989 3 3049.0
1989 4 3500.0
1989 5 3923.0
1989 6 4614.0
1989 7 3363.0
1989 8 3565.0
1989 9 5211.0
1989 10 2808.0
1989 11 3805.0
1989 12 2692.0
1990 1 5116.0
1990 2 2459.0
1990 3 3247.0
1990 4 2808.0
1990 5 3407.0
1990 6 3948.0
1990 7 2564.0
1990 8 2693.0
1990 9 1923.0
1990 10 2122.0
1990 11 2143.0
1990 12 1590.0
1991 1 1283.0
1991 2 1468.0
1991 3 2339.0
1991 4 2535.0
1991 5 2975.0
1991 6 2470.0
1991 7 2501.0
1991 8 2416.0
1991 9 2125.0
1991 10 2016.0
1991 11 2030.0
1991 12 2276.0
1992 1 2326.0
1992 2 1803.0
1992 3 2995.0
1992 4 3422.0
1992 5 3368.0
1992 6 5539.0
1992 7 2507.0
1992 8 1846.0
1992 9 2571.0
1992 10 2222.0
1992 11 1946.0
1992 12 2528.0
1993 1 2577.0
1993 2 1867.0
1993 3 2228.0
1993 4 3657.0
1993 5 2495.0
1993 6 3027.0
1993 7 2760.0
1993 8 2932.0
1993 9 2429.0
1993 10 2500.0
1993 11 2078.0
1993 12 2813.0
1994 1 1667.0
1994 2 1697.0
1994 3 2544.0
1994 4 2840.0
1994 5 2669.0
1994 6 3032.0
1994 7 2452.0
1994 8 2883.0
1994 9 2525.0
1994 10 2485.0
1994 11 1903.0
1994 12 2314.0
1995 1 1624.0
1995 2 1568.0
1995 3 2817.0
1995 4 2341.0
1995 5 2516.0
1995 6 2168.0
1995 7 2126.0
1995 8 3108.0
1995 9 1970.0
1995 10 2495.0
1995 11 2197.0
1995 12 1600.0
1996 1 1410.0
1996 2 1732.0
1996 3 2609.0
1996 4 2293.0
1996 5 2623.0
1996 6 2351.0
1996 7 2176.0
1996 8 2253.0
1996 9 2428.0
1996 10 2116.0
1996 11 1732.0
1996 12 1632.0
1997 1 1890.0
1997 2 1719.0
1997 3 2072.0
1997 4 2062.0
1997 5 2522.0
1997 6 2460.0
1997 7 2390.0
1997 8 2020.0
1997 9 2075.0
1997 10 2154.0
1997 11 2038.0
1997 12 2210.0
1998 1 1764.0
1998 2 1759.0
1998 3 2429.0
1998 4 2124.0
1998 5 3957.0
1998 6 2515.0
1998 7 2932.0
1998 8 2575.0
1998 9 3086.0
1998 10 2222.0
1998 11 1990.0
1998 12 2601.0
1999 1 1413.0
1999 2 1937.0
1999 3 2770.0
1999 4 3176.0
1999 5 2512.0
1999 6 2401.0
1999 7 2956.0
1999 8 2542.0
1999 9 2223.0
1999 10 2283.0
1999 11 2255.0
1999 12 2448.0
2000 1 1923.0
2000 2 1891.0
2000 3 2765.0
2000 4 2120.0
2000 5 2382.0
2000 6 2558.0
2000 7 2084.0
2000 8 2531.0
2000 9 2118.0
2000 10 2282.0
2000 11 2134.0
2000 12 2202.0
2001 1 1845.0
2001 2 2161.0
2001 3 2453.0
2001 4 2101.0
2001 5 2434.0
2001 6 3135.0
2001 7 2658.0
2001 8 2467.0
2001 9 1958.0
2001 10 2915.0
2001 11 2233.0
2001 12 1867.0
2002 1 2271.0
2002 2 1988.0
2002 3 2649.0
2002 4 2533.0
2002 5 2424.0
2002 6 2470.0
2002 7 2517.0
2002 8 2224.0
2002 9 2548.0
2002 10 2360.0
2002 11 2105.0
2002 12 2023.0
2003 1 2124.0
2003 2 1675.0
2003 3 2132.0
2003 4 2387.0
2003 5 2914.0
2003 6 3548.0
2003 7 2180.0
2003 8 2159.0
2003 9 2263.0
2003 10 2413.0
2003 11 1955.0
2003 12 2510.0
2004 1 1852.0
2004 2 1712.0
2004 3 2312.0
2004 4 2746.0
2004 5 2065.0
2004 6 2825.0
2004 7 2144.0
2004 8 2718.0
2004 9 2573.0
2004 10 2683.0
2004 11 2439.0
2004 12 2089.0
2005 1 1549.0
2005 2 2602.0
2005 3 3594.0
2005 4 2785.0
2005 5 2901.0
2005 6 3310.0
2005 7 2062.0
2005 8 3182.0
2005 9 2384.0
2005 10 2299.0
2005 11 2046.0
2005 12 2167.0
2006 1 1646.0
2006 2 2197.0
2006 3 2448.0
2006 4 2852.0
2006 5 2451.0
2006 6 3392.0
2006 7 1521.0
2006 8 2481.0
2006 9 2421.0
2006 10 1679.0
2006 11 1512.0
2006 12 2780.0
2007 1 1209.0
2007 2 1881.0
2007 3 2366.0
2007 4 1539.0
2007 5 2879.0
2007 6 1862.0
2007 7 1734.0
2007 8 1998.0
2007 9 948.0
2007 10 1429.0
2007 11 954.0
2007 12 1111.0
2008 1 1113.0
2008 2 1238.0
2008 3 1311.0
2008 4 1110.0
2008 5 1145.0
2008 6 1654.0
2008 7 1632.0
2008 8 1124.0
2008 9 1063.0
2008 10 682.0
2008 11 506.0
2008 12 701.0
2009 1 787.0
2009 2 607.0
2009 3 701.0
2009 4 730.0
2009 5 695.0
2009 6 1129.0
2009 7 840.0
2009 8 769.0
2009 9 803.0
2009 10 623.0
2009 11 684.0
2009 12 1667.0
2010 1 763.0
2010 2 622.0
2010 3 1600.0
2010 4 904.0
2010 5 1493.0
2010 6 1074.0
2010 7 1126.0
2010 8 1265.0
2010 9 733.0
2010 10 676.0
2010 11 694.0
2010 12 599.0
2011 1 752.0
2011 2 674.0
2011 3 988.0
2011 4 769.0
2011 5 1281.0
2011 6 751.0
2011 7 1092.0
2011 8 1347.0
2011 9 789.0
2011 10 775.0
2011 11 778.0
2011 12 1555.0
2012 1 894.0
2012 2 1051.0
2012 3 1066.0
2012 4 925.0
2012 5 1147.0
2012 6 1249.0
2012 7 1202.0
2012 8 1296.0
2012 9 1226.0
2012 10 1086.0
2012 11 1409.0
2012 12 1391.0
2013 1 1067.0
2013 2 1020.0
2013 3 1732.0
2013 4 1740.0
2013 5 1421.0
2013 6 1930.0
2013 7 1254.0
2013 8 1416.0
2013 9 2321.0
2013 10 1680.0
2013 11 1455.0
2013 12 1173.0
2014 1 1233.0
2014 2 1312.0
2014 3 1059.0
2014 4 1290.0
2014 5 1207.0
2014 6 1429.0
2014 7 1898.0
2014 8 1345.0
2014 9 1966.0
2014 10 1163.0
2014 11 1547.0
2014 12 1068.0
2015 1 1220.0
2015 2 916.0
2015 3 1035.0
2015 4 1410.0
2015 5 1494.0
2015 6 1981.0
2015 7 1365.0
2015 8 1646.0
2015 9 1459.0
2015 10 1268.0
2015 11 1103.0
2015 12 1101.0
2016 1 1056.0
2016 2 1090.0
2016 3 1359.0
2016 4 1352.0
2016 5 2654.0
2016 6 1590.0
2016 7 1040.0
2016 8 1146.0
2016 9 1088.0
2016 10 987.0
2016 11 1004.0
2016 12 991.0
2017 1 1042.0
2017 2 1034.0
2017 3 1710.0
2017 4 1380.0
2017 5 1856.0
2017 6 1565.0
2017 7 1428.0
2017 8 1567.0
2017 9 1819.0
2017 10 918.0
2017 11 1114.0
2017 12 785.0
2018 1 1360.0
2018 2 1055.0
2018 3 1990.0
2018 4 1555.0
2018 5 1391.0
2018 6 1334.0
2018 7 1810.0
2018 8 2181.0
2018 9 1535.0
2018 10 1271.0
2018 11 1477.0
2018 12 1314.0
2019 1 1743.0
2019 2 930.0
2019 3 1788.0
2019 4 1805.0
2019 5 2244.0
2019 6 1741.0
2019 7 1279.0
2019 8 1289.0
2019 9 1445.0
2019 10 1522.0
2019 11 1163.0
2019 12 1557.0
2020 1 1448.0
2020 2 1246.0
2020 3 1604.0
2020 4 1131.0
2020 5 1550.0
2020 6 1423.0
2020 7 1294.0
2020 8 1676.0
2020 9 1932.0
2020 10 1803.0
2020 11 1403.0
2020 12 1785.0
2021 1 1320.0
2021 2 1790.0
2021 3 1601.0
2021 4 1378.0
2021 5 1356.0
2021 6 1809.0
2021 7 1228.0
2021 8 1606.0
2021 9 1789.0
2021 10 1224.0
2021 11 1071.0
2021 12 1189.0
2022 1 2062.0
2022 2 1667.0
2022 3 2191.0
2022 4 2054.0
2022 5 1517.0
2022 6 2027.0
2022 7 1981.0
2022 8 1125.0
2022 9 1653.0
2022 10 924.0
2022 11 1102.0
2022 12 1297.0
2023 1 1502.0
2023 2 1351.0
2023 3 1035.0
2023 4 1230.0
2023 5 1744.0
2023 6 1210.0
2023 7 1339.0
2023 8 1575.0
2023 9 951.0
2023 10 1573.0
2023 11 1288.0
2023 12 1320.0
2024 1 1007.0
2024 2 1415.0
2024 3 1662.0
2024 4 2201.0
2024 5 1615.0
2024 6 1371.0
2024 7 1345.0
2024 8 1444.0
