1960 5 1552.0
1960 6 1473.0
1960 7 1262.0
1960 8 1357.0
1960 9 1181.0
1960 10 1120.0
1960 11 944.0
1960 12 554.0
1961 1 751.0
1961 2 614.0
1961 3 1345.0
1961 4 1278.0
1961 5 1829.0
1961 6 1617.0
1961 7 1902.0
1961 8 1903.0
1961 9 1288.0
1961 10 1727.0
1961 11 1647.0
1961 12 1032.0
1962 1 1220.0
1962 2 1162.0
1962 3 1623.0
1962 4 1855.0
1962 5 2146.0
1962 6 1697.0
1962 7 1696.0
1962 8 1812.0
1962 9 1656.0
1962 10 1802.0
1962 11 1146.0
1962 12 857.0
1963 1 1013.0
1963 2 723.0
1963 3 1367.0
1963 4 1945.0
1963 5 2063.0
1963 6 1673.0
1963 7 1992.0
1963 8 1647.0
1963 9 1378.0
1963 10 1726.0
1963 11 1090.0
1963 12 923.0
1964 1 675.0
1964 2 1000.0
1964 3 1621.0
1964 4 2057.0
1964 5 1703.0
1964 6 1830.0
1964 7 2136.0
1964 8 1695.0
1964 9 1867.0
1964 10 1761.0
1964 11 2017.0
1964 12 1126.0
1965 1 935.0
1965 2 1063.0
1965 3 2028.0
1965 4 2156.0
1965 5 1745.0
1965 6 2226.0
1965 7 1883.0
1965 8 1968.0
1965 9 1475.0
1965 10 2042.0
1965 11 1579.0
1965 12 1194.0
1966 1 945.0
1966 2 1229.0
1966 3 1820.0
1966 4 1964.0
1966 5 1954.0
1966 6 1730.0
1966 7 1070.0
1966 8 1217.0
1966 9 1005.0
1966 10 559.0
1966 11 1007.0
1966 12 813.0
1967 1 539.0
1967 2 773.0
1967 3 1427.0
1967 4 1697.0
1967 5 2838.0
1967 6 2428.0
1967 7 1413.0
1967 8 1152.0
1967 9 1142.0
1967 10 1199.0
1967 11 1218.0
1967 12 838.0
1968 1 748.0
1968 2 880.0
1968 3 1371.0
1968 4 1391.0
1968 5 2012.0
1968 6 1447.0
1968 7 1643.0
1968 8 1484.0
1968 9 1663.0
1968 10 1614.0
1968 11 1282.0
1968 12 1269.0
1969 1 1102.0
1969 2 1146.0
1969 3 2207.0
1969 4 2123.0
1969 5 2118.0
1969 6 1898.0
1969 7 1587.0
1969 8 1218.0
1969 9 1554.0
1969 10 1275.0
1969 11 1081.0
1969 12 1417.0
1970 1 716.0
1970 2 479.0
1970 3 1019.0
1970 4 1755.0
1970 5 1528.0
1970 6 1766.0
1970 7 1613.0
1970 8 1576.0
1970 9 1509.0
1970 10 1489.0
1970 11 1332.0
1970 12 1068.0
1971 1 842.0
1971 2 956.0
1971 3 2291.0
1971 4 2172.0
1971 5 1975.0
1971 6 2378.0
1971 7 2610.0
1971 8 2361.0
1971 9 2551.0
1971 10 1949.0
1971 11 1935.0
1971 12 1439.0
1972 1 1495.0
1972 2 1195.0
1972 3 1870.0
1972 4 2880.0
1972 5 2359.0
1972 6 3037.0
1972 7 3385.0
1972 8 3397.0
1972 9 2073.0
1972 10 3003.0
1972 11 2033.0
1972 12 1670.0
1973 1 2142.0
1973 2 1511.0
1973 3 2430.0
1973 4 2675.0
1973 5 2884.0
1973 6 2047.0
1973 7 2479.0
1973 8 2723.0
1973 9 1459.0
1973 10 1716.0
1973 11 1071.0
1973 12 765.0
1974 1 1383.0
1974 2 1020.0
1974 3 1126.0
1974 4 1433.0
1974 5 2117.0
1974 6 1424.0
1974 7 1316.0
1974 8 1721.0
1974 9 1236.0
1974 10 1096.0
1974 11 1131.0
1974 12 928.0
1975 1 627.0
1975 2 607.0
1975 3 761.0
1975 4 1133.0
1975 5 1431.0
1975 6 1741.0
1975 7 1681.0
1975 8 1082.0
1975 9 1552.0
1975 10 1287.0
1975 11 983.0
1975 12 1442.0
1976 1 1488.0
1976 2 1474.0
1976 3 1862.0
1976 4 1921.0
1976 5 2018.0
1976 6 2599.0
1976 7 2181.0
1976 8 1757.0
1976 9 1673.0
1976 10 1607.0
1976 11 1379.0
1976 12 1374.0
1977 1 1523.0
1977 2 1154.0
1977 3 1854.0
1977 4 2151.0
1977 5 2524.0
1977 6 2951.0
1977 7 2033.0
1977 8 2534.0
1977 9 1979.0
1977 10 2070.0
1977 11 1751.0
1977 12 1247.0
1978 1 1117.0
1978 2 1250.0
1978 3 2116.0
1978 4 2044.0
1978 5 2478.0
1978 6 2101.0
1978 7 2074.0
1978 8 2038.0
1978 9 1758.0
1978 10 2070.0
1978 11 1756.0
1978 12 1229.0
1979 1 1436.0
1979 2 708.0
1979 3 1432.0
1979 4 2113.0
1979 5 1829.0
1979 6 1883.0
1979 7 2135.0
1979 8 2144.0
1979 9 2103.0
1979 10 1911.0
1979 11 1708.0
1979 12 896.0
1980 1 1192.0
1980 2 961.0
1980 3 1048.0
1980 4 1343.0
1980 5 1053.0
1980 6 1313.0
1980 7 1405.0
1980 8 1634.0
1980 9 2098.0
1980 10 2034.0
1980 11 1469.0
1980 12 1053.0
1981 1 1063.0
1981 2 730.0
1981 3 1439.0
1981 4 1646.0
1981 5 1423.0
1981 6 1536.0
1981 7 1009.0
1981 8 1194.0
1981 9 1164.0
1981 10 730.0
1981 11 855.0
1981 12 705.0
1982 1 619.0
1982 2 656.0
1982 3 1108.0
1982 4 1494.0
1982 5 1245.0
1982 6 1441.0
1982 7 1373.0
1982 8 1328.0
1982 9 1696.0
1982 10 1692.0
1982 11 1784.0
1982 12 1633.0
1983 1 1567.0
1983 2 1540.0
1983 3 2799.0
1983 4 2916.0
1983 5 2419.0
1983 6 3161.0
1983 7 2971.0
1983 8 3253.0
1983 9 2732.0
1983 10 2315.0
1983 11 1896.0
1983 12 2039.0
1984 1 2167.0
1984 2 1594.0
1984 3 2880.0
1984 4 2583.0
1984 5 2629.0
1984 6 2939.0
1984 7 3058.0
1984 8 2760.0
1984 9 2281.0
1984 10 2542.0
1984 11 1958.0
1984 12 1903.0
1985 1 1676.0
1985 2 1640.0
1985 3 2855.0
1985 4 3598.0
1985 5 3235.0
1985 6 2660.0
1985 7 3138.0
1985 8 2731.0
1985 9 2634.0
1985 10 3500.0
1985 11 3275.0
1985 12 2459.0
1986 1 2432.0
1986 2 1897.0
1986 3 2951.0
1986 4 3792.0
1986 5 3364.0
1986 6 3383.0
1986 7 3790.0
1986 8 2726.0
1986 9 3453.0
1986 10 2904.0
1986 11 2017.0
1986 12 2052.0
1987 1 1740.0
1987 2 2015.0
1987 3 3212.0
1987 4 3538.0
1987 5 3310.0
1987 6 4869.0
1987 7 3110.0
1987 8 3590.0
1987 9 2785.0
1987 10 3386.0
1987 11 2153.0
1987 12 2001.0
1988 1 1547.0
1988 2 2351.0
1988 3 3142.0
1988 4 3633.0
1988 5 3013.0
1988 6 4442.0
1988 7 2949.0
1988 8 3473.0
1988 9 3695.0
1988 10 3043.0
1988 11 2779.0
1988 12 2154.0
1989 1 1792.0
1989 2 1952.0
1989 3 2837.0
1989 4 2945.0
1989 5 2997.0
1989 6 3673.0
1989 7 2784.0
1989 8 2672.0
1989 9 3565.0
1989 10 1989.0
1989 11 2631.0
1989 12 1781.0
1990 1 1833.0
1990 2 2150.0
1990 3 2696.0
1990 4 2446.0
1990 5 2726.0
1990 6 3004.0
1990 7 1951.0
1990 8 2151.0
1990 9 1631.0
1990 10 2032.0
1990 11 1665.0
1990 12 1356.0
1991 1 1214.0
1991 2 1140.0
1991 3 1968.0
1991 4 2173.0
1991 5 2416.0
1991 6 2107.0
1991 7 2120.0
1991 8 2121.0
1991 9 2029.0
1991 10 1855.0
1991 11 1667.0
1991 12 1596.0
1992 1 1830.0
1992 2 1665.0
1992 3 2693.0
1992 4 3319.0
1992 5 2803.0
1992 6 5446.0
1992 7 2253.0
1992 8 1654.0
1992 9 2062.0
1992 10 1796.0
1992 11 1800.0
1992 12 1953.0
1993 1 1597.0
1993 2 1664.0
1993 3 2064.0
1993 4 2907.0
1993 5 2225.0
1993 6 2592.0
1993 7 2507.0
1993 8 2395.0
1993 9 2278.0
1993 10 2366.0
1993 11 1975.0
1993 12 2150.0
1994 1 1415.0
1994 2 1632.0
1994 3 2290.0
1994 4 2463.0
1994 5 2437.0
1994 6 2596.0
1994 7 2067.0
1994 8 2425.0
1994 9 2212.0
1994 10 1909.0
1994 11 1641.0
1994 12 1992.0
1995 1 1492.0
1995 2 1471.0
1995 3 2241.0
1995 4 2231.0
1995 5 2072.0
1995 6 1995.0
1995 7 2007.0
1995 8 2475.0
1995 9 1595.0
1995 10 2239.0
1995 11 1876.0
1995 12 1424.0
1996 1 1130.0
1996 2 1507.0
1996 3 2295.0
1996 4 2060.0
1996 5 2495.0
1996 6 2202.0
1996 7 2085.0
1996 8 2064.0
1996 9 1768.0
1996 10 1777.0
1996 11 1639.0
1996 12 1437.0
1997 1 1404.0
1997 2 1423.0
1997 3 1970.0
1997 4 1825.0
1997 5 1920.0
1997 6 2114.0
1997 7 2146.0
1997 8 1804.0
1997 9 1825.0
1997 10 1812.0
1997 11 1419.0
1997 12 1568.0
1998 1 1438.0
1998 2 1427.0
1998 3 1949.0
1998 4 1800.0
1998 5 2446.0
1998 6 2153.0
1998 7 2112.0
1998 8 2100.0
1998 9 2605.0
1998 10 1834.0
1998 11 1577.0
1998 12 1687.0
1999 1 1286.0
1999 2 1708.0
1999 3 2164.0
1999 4 2165.0
1999 5 2114.0
1999 6 2099.0
1999 7 2523.0
1999 8 2176.0
1999 9 1781.0
1999 10 1819.0
1999 11 1749.0
1999 12 1849.0
2000 1 1674.0
2000 2 1791.0
2000 3 2529.0
2000 4 1777.0
2000 5 2244.0
2000 6 2233.0
2000 7 1918.0
2000 8 2293.0
2000 9 1780.0
2000 10 2002.0
2000 11 1903.0
2000 12 1975.0
2001 1 1609.0
2001 2 1683.0
2001 3 2122.0
2001 4 1908.0
2001 5 2120.0
2001 6 2375.0
2001 7 2142.0
2001 8 2236.0
2001 9 1633.0
2001 10 2083.0
2001 11 1784.0
2001 12 1651.0
2002 1 1629.0
2002 2 1844.0
2002 3 2097.0
2002 4 2193.0
2002 5 2097.0
2002 6 2252.0
2002 7 2177.0
2002 8 2124.0
2002 9 2094.0
2002 10 2077.0
2002 11 1676.0
2002 12 1607.0
2003 1 1681.0
2003 2 1249.0
2003 3 1915.0
2003 4 1986.0
2003 5 2496.0
2003 6 3239.0
2003 7 1954.0
2003 8 1770.0
2003 9 1760.0
2003 10 2025.0
2003 11 1458.0
2003 12 1998.0
2004 1 1672.0
2004 2 1460.0
2004 3 1906.0
2004 4 2044.0
2004 5 1915.0
2004 6 2259.0
2004 7 1804.0
2004 8 1914.0
2004 9 1739.0
2004 10 2069.0
2004 11 1726.0
2004 12 1654.0
2005 1 1343.0
2005 2 1692.0
2005 3 2431.0
2005 4 2407.0
2005 5 2381.0
2005 6 2602.0
2005 7 1584.0
2005 8 2456.0
2005 9 1772.0
2005 10 2088.0
2005 11 1842.0
2005 12 1746.0
2006 1 1522.0
2006 2 1833.0
2006 3 2188.0
2006 4 1930.0
2006 5 2125.0
2006 6 1848.0
2006 7 1230.0
2006 8 1686.0
2006 9 1572.0
2006 10 1267.0
2006 11 1077.0
2006 12 1209.0
2007 1 1053.0
2007 2 1089.0
2007 3 1277.0
2007 4 1168.0
2007 5 1704.0
2007 6 1412.0
2007 7 1653.0
2007 8 1614.0
2007 9 917.0
2007 10 977.0
2007 11 668.0
2007 12 658.0
2008 1 604.0
2008 2 673.0
2008 3 964.0
2008 4 926.0
2008 5 772.0
2008 6 905.0
2008 7 839.0
2008 8 759.0
2008 9 722.0
2008 10 593.0
2008 11 462.0
2008 12 470.0
2009 1 359.0
2009 2 555.0
2009 3 520.0
2009 4 681.0
2009 5 594.0
2009 6 1004.0
2009 7 814.0
2009 8 669.0
2009 9 730.0
2009 10 565.0
2009 11 590.0
2009 12 687.0
2010 1 588.0
2010 2 563.0
2010 3 878.0
2010 4 830.0
2010 5 813.0
2010 6 736.0
2010 7 688.0
2010 8 741.0
2010 9 646.0
2010 10 524.0
2010 11 638.0
2010 12 538.0
2011 1 678.0
2011 2 580.0
2011 3 706.0
2011 4 695.0
2011 5 712.0
2011 6 680.0
2011 7 728.0
2011 8 771.0
2011 9 635.0
2011 10 662.0
2011 11 673.0
2011 12 621.0
2012 1 738.0
2012 2 767.0
2012 3 766.0
2012 4 751.0
2012 5 885.0
2012 6 855.0
2012 7 793.0
2012 8 789.0
2012 9 701.0
2012 10 805.0
2012 11 703.0
2012 12 704.0
2013 1 655.0
2013 2 874.0
2013 3 1021.0
2013 4 1188.0
2013 5 1169.0
2013 6 1112.0
2013 7 980.0
2013 8 1025.0
2013 9 820.0
2013 10 1000.0
2013 11 755.0
2013 12 708.0
2014 1 792.0
2014 2 590.0
2014 3 823.0
2014 4 957.0
2014 5 1016.0
2014 6 1029.0
2014 7 1058.0
2014 8 1063.0
2014 9 865.0
2014 10 918.0
2014 11 816.0
2014 12 710.0
2015 1 727.0
2015 2 669.0
2015 3 878.0
2015 4 1000.0
2015 5 1214.0
2015 6 1226.0
2015 7 1008.0
2015 8 1552.0
2015 9 823.0
2015 10 1061.0
2015 11 684.0
2015 12 878.0
2016 1 749.0
2016 2 652.0
2016 3 1105.0
2016 4 871.0
2016 5 970.0
2016 6 1185.0
2016 7 885.0
2016 8 978.0
2016 9 838.0
2016 10 806.0
2016 11 821.0
2016 12 896.0
2017 1 915.0
2017 2 912.0
2017 3 1259.0
2017 4 955.0
2017 5 1191.0
2017 6 1327.0
2017 7 962.0
2017 8 1179.0
2017 9 938.0
2017 10 861.0
2017 11 979.0
2017 12 756.0
2018 1 983.0
2018 2 952.0
2018 3 1049.0
2018 4 1168.0
2018 5 1387.0
2018 6 1265.0
2018 7 1175.0
2018 8 1176.0
2018 9 853.0
2018 10 991.0
2018 11 912.0
2018 12 816.0
2019 1 979.0
2019 2 665.0
2019 3 1147.0
2019 4 1127.0
2019 5 1105.0
2019 6 1130.0
2019 7 1012.0
2019 8 963.0
2019 9 917.0
2019 10 910.0
2019 11 966.0
2019 12 811.0
2020 1 1037.0
2020 2 1007.0
2020 3 923.0
2020 4 878.0
2020 5 765.0
2020 6 1075.0
2020 7 1114.0
2020 8 1018.0
2020 9 1334.0
2020 10 1318.0
2020 11 1002.0
2020 12 1155.0
2021 1 1144.0
2021 2 1137.0
2021 3 1393.0
2021 4 1159.0
2021 5 976.0
2021 6 1100.0
2021 7 911.0
2021 8 967.0
2021 9 906.0
2021 10 928.0
2021 11 773.0
2021 12 913.0
2022 1 892.0
2022 2 892.0
2022 3 1118.0
2022 4 947.0
2022 5 1008.0
2022 6 889.0
2022 7 577.0
2022 8 691.0
2022 9 683.0
2022 10 680.0
2022 11 656.0
2022 12 593.0
2023 1 706.0
2023 2 749.0
2023 3 871.0
2023 4 837.0
2023 5 985.0
2023 6 1074.0
2023 7 644.0
2023 8 1006.0
2023 9 784.0
2023 10 820.0
2023 11 718.0
2023 12 719.0
2024 1 879.0
2024 2 875.0
2024 3 1140.0
2024 4 1046.0
2024 5 862.0
2024 6 966.0
2024 7 809.0
2024 8 775.0
