1960 5 1238.0
1960 6 154.0
1960 7 787.0
1960 8 616.0
1960 9 446.0
1960 10 132.0
1960 11 741.0
1960 12 657.0
1961 1 437.0
1961 2 515.0
1961 3 647.0
1961 4 1442.0
1961 5 820.0
1961 6 1056.0
1961 7 1152.0
1961 8 1107.0
1961 9 717.0
1961 10 807.0
1961 11 1023.0
1961 12 808.0
1962 1 1291.0
1962 2 908.0
1962 3 954.0
1962 4 686.0
1962 5 589.0
1962 6 866.0
1962 7 1665.0
1962 8 1832.0
1962 9 1472.0
1962 10 1754.0
1962 11 1128.0
1962 12 799.0
1963 1 2375.0
1963 2 1075.0
1963 3 610.0
1963 4 2279.0
1963 5 793.0
1963 6 1910.0
1963 7 1603.0
1963 8 1242.0
1963 9 3328.0
1963 10 2688.0
1963 11 3102.0
1963 12 6663.0
1964 1 2832.0
1964 2 2052.0
1964 3 897.0
1964 4 2094.0
1964 5 1001.0
1964 6 1301.0
1964 7 1339.0
1964 8 1843.0
1964 9 1449.0
1964 10 2026.0
1964 11 2231.0
1964 12 1567.0
1965 1 1373.0
1965 2 1817.0
1965 3 3875.0
1965 4 1483.0
1965 5 1910.0
1965 6 2987.0
1965 7 2128.0
1965 8 2277.0
1965 9 2215.0
1965 10 3555.0
1965 11 2903.0
1965 12 3434.0
1966 1 3155.0
1966 2 1080.0
1966 3 2167.0
1966 4 3455.0
1966 5 3588.0
1966 6 3361.0
1966 7 1178.0
1966 8 2003.0
1966 9 1351.0
1966 10 2354.0
1966 11 1456.0
1966 12 1416.0
1967 1 760.0
1967 2 394.0
1967 3 1161.0
1967 4 1409.0
1967 5 3732.0
1967 6 1359.0
1967 7 452.0
1967 8 986.0
1967 9 428.0
1967 10 1145.0
1967 11 240.0
1967 12 890.0
1968 1 763.0
1968 2 1445.0
1968 3 1029.0
1968 4 1269.0
1968 5 2235.0
1968 6 818.0
1968 7 2180.0
1968 8 408.0
1968 9 1581.0
1968 10 1072.0
1968 11 749.0
1968 12 839.0
1969 1 806.0
1969 2 797.0
1969 3 1111.0
1969 4 2640.0
1969 5 1729.0
1969 6 784.0
1969 7 386.0
1969 8 1087.0
1969 9 1069.0
1969 10 834.0
1969 11 722.0
1969 12 1278.0
1970 1 1534.0
1970 2 1429.0
1970 3 1022.0
1970 4 1309.0
1970 5 2858.0
1970 6 1790.0
1970 7 677.0
1970 8 1744.0
1970 9 967.0
1970 10 984.0
1970 11 1158.0
1970 12 2567.0
1971 1 1013.0
1971 2 685.0
1971 3 2187.0
1971 4 1876.0
1971 5 1563.0
1971 6 1922.0
1971 7 1601.0
1971 8 1658.0
1971 9 1445.0
1971 10 3273.0
1971 11 827.0
1971 12 2059.0
1972 1 2035.0
1972 2 1632.0
1972 3 1423.0
1972 4 1861.0
1972 5 2123.0
1972 6 4236.0
1972 7 1329.0
1972 8 2037.0
1972 9 1874.0
1972 10 2152.0
1972 11 1143.0
1972 12 1537.0
1973 1 1727.0
1973 2 2337.0
1973 3 3535.0
1973 4 1825.0
1973 5 2498.0
1973 6 2327.0
1973 7 1871.0
1973 8 2015.0
1973 9 1813.0
1973 10 2527.0
1973 11 986.0
1973 12 69.0
1974 1 949.0
1974 2 753.0
1974 3 189.0
1974 4 696.0
1974 5 766.0
1974 6 555.0
1974 7 901.0
1974 8 340.0
1974 9 224.0
1974 10 356.0
1974 11 51.0
1974 12 1187.0
1975 1 67.0
1975 2 444.0
1975 3 224.5
1975 4 5.0
1975 5 336.0
1975 6 1018.0
1975 7 208.0
1975 8 931.0
1975 9 139.0
1975 10 160.0
1975 11 539.0
1975 12 36.0
1976 1 122.0
1976 2 166.5
1976 3 211.0
1976 4 208.0
1976 5 1026.0
1976 6 1019.0
1976 7 178.0
1976 8 448.0
1976 9 938.0
1976 10 36.0
1976 11 353.0
1976 12 170.0
1977 1 276.0
1977 2 168.0
1977 3 620.0
1977 4 409.0
1977 5 376.0
1977 6 1001.0
1977 7 387.0
1977 8 425.0
1977 9 540.0
1977 10 488.0
1977 11 139.0
1977 12 917.0
1978 1 147.0
1978 2 116.0
1978 3 369.0
1978 4 553.0
1978 5 292.0
1978 6 1023.0
1978 7 616.0
1978 8 742.0
1978 9 589.0
1978 10 332.0
1978 11 436.0
1978 12 800.0
1979 1 299.0
1979 2 178.0
1979 3 133.0
1979 4 594.0
1979 5 267.0
1979 6 305.0
1979 7 451.0
1979 8 319.0
1979 9 933.0
1979 10 621.0
1979 11 705.0
1979 12 332.0
1980 1 16.0
1980 2 208.0
1980 3 380.0
1980 4 266.0
1980 5 138.0
1980 6 55.0
1980 7 475.0
1980 8 231.0
1980 9 662.0
1980 10 291.0
1980 11 218.0
1980 12 181.0
1981 1 86.0
1981 2 37.0
1981 3 464.0
1981 4 546.0
1981 5 252.0
1981 6 190.0
1981 7 739.0
1981 8 718.0
1981 9 125.0
1981 10 39.0
1981 11 32.0
1981 12 236.0
1982 1 77.0
1982 2 265.0
1982 3 84.0
1982 4 600.0
1982 5 61.0
1982 6 330.0
1982 7 477.0
1982 8 142.0
1982 9 731.0
1982 10 66.0
1982 11 308.0
1982 12 269.0
1983 1 399.0
1983 2 1012.0
1983 3 458.0
1983 4 256.0
1983 5 617.0
1983 6 1478.0
1983 7 756.0
1983 8 514.0
1983 9 478.0
1983 10 223.0
1983 11 464.0
1983 12 363.0
1984 1 396.0
1984 2 642.0
1984 3 377.0
1984 4 108.0
1984 5 236.0
1984 6 998.0
1984 7 274.0
1984 8 453.0
1984 9 766.0
1984 10 110.0
1984 11 1482.0
1984 12 230.0
1985 1 892.0
1985 2 811.0
1985 3 858.0
1985 4 350.0
1985 5 596.0
1985 6 695.0
1985 7 530.0
1985 8 1098.0
1985 9 411.0
1985 10 428.0
1985 11 584.0
1985 12 1816.0
1986 1 659.0
1986 2 728.0
1986 3 592.0
1986 4 1056.0
1986 5 779.0
1986 6 727.0
1986 7 438.0
1986 8 359.0
1986 9 376.0
1986 10 465.0
1986 11 471.0
1986 12 455.0
1987 1 186.0
1987 2 785.0
1987 3 379.0
1987 4 1755.0
1987 5 860.0
1987 6 299.0
1987 7 294.0
1987 8 240.0
1987 9 599.0
1987 10 648.0
1987 11 1091.0
1987 12 302.0
1988 1 117.0
1988 2 692.0
1988 3 634.0
1988 4 688.0
1988 5 169.0
1988 6 448.0
1988 7 864.0
1988 8 523.0
1988 9 833.0
1988 10 329.0
1988 11 605.0
1988 12 47.0
1989 1 897.0
1989 2 510.0
1989 3 196.0
1989 4 537.0
1989 5 913.0
1989 6 887.0
1989 7 563.0
1989 8 871.0
1989 9 1628.0
1989 10 803.0
1989 11 1154.0
1989 12 909.0
1990 1 3261.0
1990 2 295.0
1990 3 513.0
1990 4 313.0
1990 5 675.0
1990 6 935.0
1990 7 611.0
1990 8 506.0
1990 9 288.0
1990 10 78.0
1990 11 474.0
1990 12 222.0
1991 1 67.0
1991 2 282.0
1991 3 348.0
1991 4 349.0
1991 5 543.0
1991 6 329.0
1991 7 375.0
1991 8 285.0
1991 9 88.0
1991 10 149.0
1991 11 355.0
1991 12 662.0
1992 1 492.0
1992 2 124.0
1992 3 292.0
1992 4 97.0
1992 5 551.0
1992 6 78.0
1992 7 244.0
1992 8 180.0
1992 9 502.0
1992 10 414.0
1992 11 146.0
1992 12 557.0
1993 1 969.0
1993 2 203.0
1993 3 154.0
1993 4 637.0
1993 5 268.0
1993 6 427.0
1993 7 249.0
1993 8 509.0
1993 9 149.0
1993 10 127.0
1993 11 97.0
1993 12 657.0
1994 1 230.0
1994 2 55.0
1994 3 226.0
1994 4 371.0
1994 5 216.0
1994 6 412.0
1994 7 379.0
1994 8 454.0
1994 9 309.0
1994 10 572.0
1994 11 260.0
1994 12 304.0
1995 1 119.0
1995 2 87.0
1995 3 566.0
1995 4 108.0
1995 5 422.0
1995 6 163.0
1995 7 93.0
1995 8 607.0
1995 9 344.0
1995 10 185.0
1995 11 307.0
1995 12 166.0
1996 1 274.0
1996 2 210.0
1996 3 304.0
1996 4 217.0
1996 5 116.0
1996 6 137.0
1996 7 85.0
1996 8 180.0
1996 9 656.0
1996 10 315.0
1996 11 91.0
1996 12 189.0
1997 1 467.0
1997 2 286.0
1997 3 94.0
1997 4 194.0
1997 5 594.0
1997 6 338.0
1997 7 223.0
1997 8 201.0
1997 9 230.0
1997 10 293.0
1997 11 506.0
1997 12 628.0
1998 1 301.0
1998 2 296.0
1998 3 451.0
1998 4 300.0
1998 5 1483.0
1998 6 332.0
1998 7 792.0
1998 8 455.0
1998 9 437.0
1998 10 358.0
1998 11 393.0
1998 12 877.0
1999 1 125.0
1999 2 193.0
1999 3 597.0
1999 4 995.0
1999 5 388.0
1999 6 286.0
1999 7 419.0
1999 8 360.0
1999 9 430.0
1999 10 450.0
1999 11 494.0
1999 12 590.0
2000 1 245.0
2000 2 85.0
2000 3 223.0
2000 4 321.0
2000 5 126.0
2000 6 281.0
2000 7 126.0
2000 8 216.0
2000 9 338.0
2000 10 274.0
2000 11 221.0
2000 12 217.0
2001 1 222.0
2001 2 456.0
2001 3 319.0
2001 4 189.0
2001 5 298.0
2001 6 728.0
2001 7 502.0
2001 8 225.0
2001 9 323.0
2001 10 826.0
2001 11 431.0
2001 12 191.0
2002 1 631.0
2002 2 132.0
2002 3 539.0
2002 4 332.0
2002 5 319.0
2002 6 184.0
2002 7 320.0
2002 8 90.0
2002 9 446.0
2002 10 267.0
2002 11 415.0
2002 12 336.0
2003 1 423.0
2003 2 408.0
2003 3 201.0
2003 4 375.0
2003 5 402.0
2003 6 288.0
2003 7 218.0
2003 8 341.0
2003 9 488.0
2003 10 357.0
2003 11 451.0
2003 12 512.0
2004 1 168.0
2004 2 240.0
2004 3 384.0
2004 4 670.0
2004 5 146.0
2004 6 545.0
2004 7 310.0
2004 8 783.0
2004 9 795.0
2004 10 594.0
2004 11 630.0
2004 12 422.0
2005 1 183.0
2005 2 874.0
2005 3 1136.0
2005 4 329.0
2005 5 480.0
2005 6 377.0
2005 7 428.0
2005 8 680.0
2005 9 393.0
2005 10 178.0
2005 11 193.0
2005 12 371.0
2006 1 114.0
2006 2 338.0
2006 3 227.0
2006 4 912.0
2006 5 300.0
2006 6 1497.0
2006 7 283.0
2006 8 756.0
2006 9 767.0
2006 10 390.0
2006 11 412.0
2006 12 1543.0
2007 1 135.0
2007 2 770.0
2007 3 1058.0
2007 4 367.0
2007 5 1164.0
2007 6 436.0
2007 7 38.0
2007 8 317.0
2007 9 29.0
2007 10 450.0
2007 11 275.0
2007 12 450.0
2008 1 473.0
2008 2 554.0
2008 3 347.0
2008 4 180.0
2008 5 373.0
2008 6 740.0
2008 7 793.0
2008 8 361.0
2008 9 325.0
2008 10 87.0
2008 11 44.0
2008 12 219.0
2009 1 419.0
2009 2 52.0
2009 3 179.0
2009 4 47.0
2009 5 101.0
2009 6 122.0
2009 7 26.0
2009 8 100.0
2009 9 69.0
2009 10 52.0
2009 11 94.0
2009 12 778.0
2010 1 173.0
2010 2 56.0
2010 3 715.0
2010 4 72.0
2010 5 653.0
2010 6 328.0
2010 7 422.0
2010 8 519.0
2010 9 62.0
2010 10 130.0
2010 11 51.0
2010 12 56.0
2011 1 67.0
2011 2 94.0
2011 3 251.0
2011 4 42.0
2011 5 561.0
2011 6 65.0
2011 7 318.0
2011 8 564.0
2011 9 114.0
2011 10 107.0
2011 11 99.0
2011 12 926.0
2012 1 152.0
2012 2 278.0
2012 3 274.0
2012 4 166.0
2012 5 254.0
2012 6 388.0
2012 7 399.0
2012 8 494.0
2012 9 517.0
2012 10 271.0
2012 11 703.0
2012 12 687.0
2013 1 378.0
2013 2 141.0
2013 3 711.0
2013 4 550.0
2013 5 224.0
2013 6 806.0
2013 7 261.0
2013 8 391.0
2013 9 1489.0
2013 10 680.0
2013 11 700.0
2013 12 460.0
2014 1 441.0
2014 2 710.0
2014 3 236.0
2014 4 325.0
2014 5 186.0
2014 6 392.0
2014 7 795.0
2014 8 269.0
2014 9 1093.0
2014 10 201.0
2014 11 717.0
2014 12 350.0
2015 1 488.0
2015 2 211.0
2015 3 147.0
2015 4 404.0
2015 5 280.0
2015 6 714.0
2015 7 342.0
2015 8 84.0
2015 9 624.0
2015 10 185.0
2015 11 413.0
2015 12 193.0
2016 1 292.0
2016 2 438.0
2016 3 247.0
2016 4 471.0
2016 5 1680.0
2016 6 399.0
2016 7 153.0
2016 8 151.0
2016 9 250.0
2016 10 179.0
2016 11 181.0
2016 12 93.0
2017 1 121.0
2017 2 120.0
2017 3 447.0
2017 4 421.0
2017 5 641.0
2017 6 204.0
2017 7 452.0
2017 8 388.0
2017 9 875.0
2017 10 32.0
2017 11 123.0
2017 12 29.0
2018 1 375.0
2018 2 73.0
2018 3 915.0
2018 4 387.0
2018 5 216.0
2018 6 45.0
2018 7 617.0
2018 8 995.0
2018 9 678.0
2018 10 274.0
2018 11 561.0
2018 12 496.0
2019 1 736.0
2019 2 231.0
2019 3 641.0
2019 4 624.0
2019 5 1114.0
2019 6 601.0
2019 7 235.0
2019 8 316.0
2019 9 528.0
2019 10 596.0
2019 11 181.0
2019 12 708.0
2020 1 379.0
2020 2 225.0
2020 3 656.0
2020 4 233.0
2020 5 781.0
2020 6 340.0
2020 7 163.0
2020 8 633.0
2020 9 571.0
2020 10 469.0
2020 11 386.0
2020 12 603.0
2021 1 154.0
2021 2 644.0
2021 3 168.0
2021 4 104.0
2021 5 349.0
2021 6 688.0
2021 7 293.0
2021 8 623.0
2021 9 864.0
2021 10 284.0
2021 11 298.0
2021 12 224.0
2022 1 1170.0
2022 2 773.0
2022 3 1070.0
2022 4 1103.0
2022 5 507.0
2022 6 1127.0
2022 7 1336.0
2022 8 407.0
2022 9 956.0
2022 10 242.0
2022 11 431.0
2022 12 698.0
2023 1 751.0
2023 2 592.0
2023 3 160.0
2023 4 385.0
2023 5 757.0
2023 6 134.0
2023 7 693.0
2023 8 563.0
2023 9 157.0
2023 10 739.0
2023 11 562.0
2023 12 585.0
2024 1 122.0
2024 2 540.0
2024 3 517.0
2024 4 1155.0
2024 5 751.0
2024 6 405.0
2024 7 531.0
2024 8 669.0
