1960 5 1241.0
1960 6 158.0
1960 7 789.0
1960 8 616.0
1960 9 474.0
1960 10 144.0
1960 11 801.0
1960 12 669.0
1961 1 445.0
1961 2 519.0
1961 3 652.0
1961 4 1459.0
1961 5 826.0
1961 6 1062.0
1961 7 1153.0
1961 8 1199.0
1961 9 723.0
1961 10 854.0
1961 11 1037.0
1961 12 812.0
1962 1 1297.0
1962 2 912.0
1962 3 962.0
1962 4 1095.0
1962 5 1619.0
1962 6 868.0
1962 7 1667.0
1962 8 1839.0
1962 9 1476.0
1962 10 1766.0
1962 11 1172.0
1962 12 805.0
1963 1 2383.0
1963 2 1079.0
1963 3 667.0
1963 4 2290.0
1963 5 805.0
1963 6 1915.0
1963 7 1609.0
1963 8 1256.0
1963 9 3342.0
1963 10 2700.0
1963 11 3126.0
1963 12 6670.0
1964 1 2838.0
1964 2 2064.0
1964 3 909.0
1964 4 2115.0
1964 5 1016.0
1964 6 1313.0
1964 7 1360.0
1964 8 1852.0
1964 9 1453.0
1964 10 2035.0
1964 11 2285.0
1964 12 1584.0
1965 1 1385.0
1965 2 1823.0
1965 3 3879.0
1965 4 1491.0
1965 5 1930.0
1965 6 2989.0
1965 7 2132.0
1965 8 2289.0
1965 9 2217.0
1965 10 3585.0
1965 11 2915.0
1965 12 3465.0
1966 1 3169.0
1966 2 1090.0
1966 3 2207.0
1966 4 3461.0
1966 5 3595.0
1966 6 3367.0
1966 7 1178.0
1966 8 2014.0
1966 9 1359.0
1966 10 2370.0
1966 11 1460.0
1966 12 1424.0
1967 1 774.0
1967 2 414.0
1967 3 1169.0
1967 4 1417.0
1967 5 3741.0
1967 6 1361.0
1967 7 467.0
1967 8 998.0
1967 9 428.0
1967 10 1157.0
1967 11 248.0
1967 12 898.0
1968 1 765.0
1968 2 1456.0
1968 3 1048.0
1968 4 1282.0
1968 5 2255.0
1968 6 824.0
1968 7 2193.0
1968 8 412.0
1968 9 1605.0
1968 10 1098.0
1968 11 749.0
1968 12 844.0
1969 1 816.0
1969 2 801.0
1969 3 1133.0
1969 4 2646.0
1969 5 1733.0
1969 6 788.0
1969 7 392.0
1969 8 1093.0
1969 9 1112.0
1969 10 836.0
1969 11 727.0
1969 12 1297.0
1970 1 1590.0
1970 2 1435.0
1970 3 1026.0
1970 4 1321.0
1970 5 2870.0
1970 6 1796.0
1970 7 677.0
1970 8 1856.0
1970 9 1017.0
1970 10 1125.0
1970 11 1181.0
1970 12 2573.0
1971 1 1013.0
1971 2 705.0
1971 3 2266.0
1971 4 1895.0
1971 5 1593.0
1971 6 2088.0
1971 7 1605.0
1971 8 1724.0
1971 9 1585.0
1971 10 3286.0
1971 11 857.0
1971 12 2061.0
1972 1 2099.0
1972 2 1668.0
1972 3 1474.0
1972 4 1873.0
1972 5 2170.0
1972 6 4316.0
1972 7 1335.0
1972 8 2184.0
1972 9 1958.0
1972 10 2158.0
1972 11 1151.0
1972 12 1543.0
1973 1 1733.0
1973 2 2533.0
1973 3 3542.0
1973 4 2027.0
1973 5 2622.0
1973 6 2335.0
1973 7 1877.0
1973 8 2060.0
1973 9 1817.0
1973 10 2535.0
1973 11 996.0
1973 12 73.0
1974 1 958.0
1974 2 762.0
1974 3 197.0
1974 4 711.0
1974 5 776.0
1974 6 558.0
1974 7 912.0
1974 8 344.0
1974 9 224.0
1974 10 356.0
1974 11 51.0
1974 12 1187.0
1975 1 69.0
1975 2 450.0
1975 3 232.5
1975 4 15.0
1975 5 352.0
1975 6 1049.0
1975 7 208.0
1975 8 931.0
1975 9 146.0
1975 10 160.0
1975 11 541.0
1975 12 36.0
1976 1 122.0
1976 2 170.5
1976 3 219.0
1976 4 210.0
1976 5 1050.0
1976 6 1034.0
1976 7 222.0
1976 8 519.0
1976 9 1015.0
1976 10 36.0
1976 11 362.0
1976 12 187.0
1977 1 290.0
1977 2 204.0
1977 3 622.0
1977 4 505.0
1977 5 415.0
1977 6 1051.0
1977 7 435.0
1977 8 455.0
1977 9 548.0
1977 10 493.0
1977 11 295.0
1977 12 921.0
1978 1 147.0
1978 2 116.0
1978 3 439.0
1978 4 557.0
1978 5 314.0
1978 6 1033.0
1978 7 642.0
1978 8 868.0
1978 9 596.0
1978 10 334.0
1978 11 442.0
1978 12 814.0
1979 1 301.0
1979 2 192.0
1979 3 195.0
1979 4 654.0
1979 5 281.0
1979 6 355.0
1979 7 466.0
1979 8 355.0
1979 9 1008.0
1979 10 634.0
1979 11 707.0
1979 12 340.0
1980 1 46.0
1980 2 211.0
1980 3 386.0
1980 4 266.0
1980 5 144.0
1980 6 81.0
1980 7 523.0
1980 8 253.0
1980 9 693.0
1980 10 303.0
1980 11 220.0
1980 12 181.0
1981 1 86.0
1981 2 41.0
1981 3 480.0
1981 4 572.0
1981 5 312.0
1981 6 275.0
1981 7 743.0
1981 8 730.0
1981 9 127.0
1981 10 68.0
1981 11 47.0
1981 12 256.0
1982 1 79.0
1982 2 267.0
1982 3 98.0
1982 4 602.0
1982 5 82.0
1982 6 330.0
1982 7 510.0
1982 8 189.0
1982 9 750.0
1982 10 74.0
1982 11 317.0
1982 12 289.0
1983 1 413.0
1983 2 1023.0
1983 3 493.0
1983 4 262.0
1983 5 673.0
1983 6 1534.0
1983 7 770.0
1983 8 556.0
1983 9 515.0
1983 10 235.0
1983 11 497.0
1983 12 376.0
1984 1 399.0
1984 2 661.0
1984 3 389.0
1984 4 124.0
1984 5 252.0
1984 6 1004.0
1984 7 288.0
1984 8 470.0
1984 9 846.0
1984 10 125.0
1984 11 1535.0
1984 12 246.0
1985 1 894.0
1985 2 815.0
1985 3 906.0
1985 4 358.0
1985 5 610.0
1985 6 707.0
1985 7 538.0
1985 8 1155.0
1985 9 419.0
1985 10 530.0
1985 11 590.0
1985 12 1820.0
1986 1 719.0
1986 2 751.0
1986 3 630.0
1986 4 1068.0
1986 5 815.0
1986 6 745.0
1986 7 470.0
1986 8 395.0
1986 9 558.0
1986 10 503.0
1986 11 523.0
1986 12 459.0
1987 1 222.0
1987 2 821.0
1987 3 465.0
1987 4 2075.0
1987 5 878.0
1987 6 319.0
1987 7 294.0
1987 8 252.0
1987 9 603.0
1987 10 712.0
1987 11 1181.0
1987 12 304.0
1988 1 121.0
1988 2 711.0
1988 3 664.0
1988 4 720.0
1988 5 186.0
1988 6 562.0
1988 7 885.0
1988 8 558.0
1988 9 845.0
1988 10 337.0
1988 11 621.0
1988 12 117.0
1989 1 905.0
1989 2 523.0
1989 3 212.0
1989 4 555.0
1989 5 926.0
1989 6 941.0
1989 7 579.0
1989 8 893.0
1989 9 1646.0
1989 10 819.0
1989 11 1174.0
1989 12 911.0
1990 1 3283.0
1990 2 309.0
1990 3 551.0
1990 4 362.0
1990 5 681.0
1990 6 944.0
1990 7 613.0
1990 8 542.0
1990 9 292.0
1990 10 90.0
1990 11 478.0
1990 12 234.0
1991 1 69.0
1991 2 328.0
1991 3 371.0
1991 4 362.0
1991 5 559.0
1991 6 363.0
1991 7 381.0
1991 8 295.0
1991 9 96.0
1991 10 161.0
1991 11 363.0
1991 12 680.0
1992 1 496.0
1992 2 138.0
1992 3 302.0
1992 4 103.0
1992 5 565.0
1992 6 93.0
1992 7 254.0
1992 8 192.0
1992 9 509.0
1992 10 426.0
1992 11 146.0
1992 12 575.0
1993 1 980.0
1993 2 203.0
1993 3 164.0
1993 4 750.0
1993 5 270.0
1993 6 435.0
1993 7 253.0
1993 8 537.0
1993 9 151.0
1993 10 134.0
1993 11 103.0
1993 12 663.0
1994 1 252.0
1994 2 65.0
1994 3 254.0
1994 4 377.0
1994 5 232.0
1994 6 436.0
1994 7 385.0
1994 8 458.0
1994 9 313.0
1994 10 576.0
1994 11 262.0
1994 12 322.0
1995 1 132.0
1995 2 97.0
1995 3 576.0
1995 4 110.0
1995 5 444.0
1995 6 173.0
1995 7 119.0
1995 8 633.0
1995 9 375.0
1995 10 256.0
1995 11 321.0
1995 12 176.0
1996 1 280.0
1996 2 225.0
1996 3 314.0
1996 4 233.0
1996 5 128.0
1996 6 149.0
1996 7 91.0
1996 8 189.0
1996 9 660.0
1996 10 339.0
1996 11 93.0
1996 12 195.0
1997 1 486.0
1997 2 296.0
1997 3 102.0
1997 4 237.0
1997 5 602.0
1997 6 346.0
1997 7 244.0
1997 8 216.0
1997 9 250.0
1997 10 342.0
1997 11 619.0
1997 12 642.0
1998 1 326.0
1998 2 332.0
1998 3 480.0
1998 4 324.0
1998 5 1511.0
1998 6 362.0
1998 7 820.0
1998 8 475.0
1998 9 481.0
1998 10 388.0
1998 11 413.0
1998 12 914.0
1999 1 127.0
1999 2 229.0
1999 3 606.0
1999 4 1011.0
1999 5 398.0
1999 6 302.0
1999 7 433.0
1999 8 366.0
1999 9 442.0
1999 10 464.0
1999 11 506.0
1999 12 599.0
2000 1 249.0
2000 2 100.0
2000 3 236.0
2000 4 343.0
2000 5 138.0
2000 6 325.0
2000 7 166.0
2000 8 238.0
2000 9 338.0
2000 10 280.0
2000 11 231.0
2000 12 227.0
2001 1 236.0
2001 2 478.0
2001 3 331.0
2001 4 193.0
2001 5 314.0
2001 6 760.0
2001 7 516.0
2001 8 231.0
2001 9 325.0
2001 10 832.0
2001 11 449.0
2001 12 216.0
2002 1 642.0
2002 2 144.0
2002 3 552.0
2002 4 340.0
2002 5 327.0
2002 6 218.0
2002 7 340.0
2002 8 100.0
2002 9 454.0
2002 10 283.0
2002 11 429.0
2002 12 416.0
2003 1 443.0
2003 2 426.0
2003 3 217.0
2003 4 401.0
2003 5 418.0
2003 6 309.0
2003 7 226.0
2003 8 389.0
2003 9 503.0
2003 10 388.0
2003 11 497.0
2003 12 512.0
2004 1 180.0
2004 2 252.0
2004 3 406.0
2004 4 702.0
2004 5 150.0
2004 6 566.0
2004 7 340.0
2004 8 804.0
2004 9 834.0
2004 10 614.0
2004 11 713.0
2004 12 435.0
2005 1 206.0
2005 2 910.0
2005 3 1163.0
2005 4 378.0
2005 5 520.0
2005 6 708.0
2005 7 478.0
2005 8 726.0
2005 9 612.0
2005 10 211.0
2005 11 204.0
2005 12 421.0
2006 1 124.0
2006 2 364.0
2006 3 260.0
2006 4 922.0
2006 5 326.0
2006 6 1544.0
2006 7 291.0
2006 8 795.0
2006 9 849.0
2006 10 412.0
2006 11 435.0
2006 12 1571.0
2007 1 156.0
2007 2 792.0
2007 3 1089.0
2007 4 371.0
2007 5 1175.0
2007 6 450.0
2007 7 81.0
2007 8 384.0
2007 9 31.0
2007 10 452.0
2007 11 286.0
2007 12 453.0
2008 1 509.0
2008 2 565.0
2008 3 347.0
2008 4 184.0
2008 5 373.0
2008 6 749.0
2008 7 793.0
2008 8 365.0
2008 9 341.0
2008 10 89.0
2008 11 44.0
2008 12 231.0
2009 1 428.0
2009 2 52.0
2009 3 181.0
2009 4 49.0
2009 5 101.0
2009 6 125.0
2009 7 26.0
2009 8 100.0
2009 9 73.0
2009 10 58.0
2009 11 94.0
2009 12 980.0
2010 1 175.0
2010 2 59.0
2010 3 722.0
2010 4 74.0
2010 5 680.0
2010 6 338.0
2010 7 438.0
2010 8 524.0
2010 9 87.0
2010 10 152.0
2010 11 56.0
2010 12 61.0
2011 1 74.0
2011 2 94.0
2011 3 282.0
2011 4 74.0
2011 5 569.0
2011 6 71.0
2011 7 364.0
2011 8 576.0
2011 9 154.0
2011 10 113.0
2011 11 105.0
2011 12 934.0
2012 1 156.0
2012 2 284.0
2012 3 300.0
2012 4 174.0
2012 5 262.0
2012 6 394.0
2012 7 409.0
2012 8 507.0
2012 9 525.0
2012 10 281.0
2012 11 706.0
2012 12 687.0
2013 1 412.0
2013 2 146.0
2013 3 711.0
2013 4 552.0
2013 5 252.0
2013 6 818.0
2013 7 274.0
2013 8 391.0
2013 9 1501.0
2013 10 680.0
2013 11 700.0
2013 12 465.0
2014 1 441.0
2014 2 722.0
2014 3 236.0
2014 4 333.0
2014 5 191.0
2014 6 400.0
2014 7 840.0
2014 8 282.0
2014 9 1101.0
2014 10 245.0
2014 11 731.0
2014 12 358.0
2015 1 493.0
2015 2 247.0
2015 3 157.0
2015 4 410.0
2015 5 280.0
2015 6 755.0
2015 7 357.0
2015 8 94.0
2015 9 636.0
2015 10 207.0
2015 11 419.0
2015 12 223.0
2016 1 307.0
2016 2 438.0
2016 3 254.0
2016 4 481.0
2016 5 1684.0
2016 6 405.0
2016 7 155.0
2016 8 168.0
2016 9 250.0
2016 10 181.0
2016 11 183.0
2016 12 95.0
2017 1 127.0
2017 2 122.0
2017 3 451.0
2017 4 425.0
2017 5 665.0
2017 6 238.0
2017 7 466.0
2017 8 388.0
2017 9 881.0
2017 10 57.0
2017 11 135.0
2017 12 29.0
2018 1 377.0
2018 2 103.0
2018 3 941.0
2018 4 387.0
2018 5 4.0
2018 6 69.0
2018 7 635.0
2018 8 1005.0
2018 9 682.0
2018 10 280.0
2018 11 565.0
2018 12 498.0
2019 1 764.0
2019 2 265.0
2019 3 641.0
2019 4 678.0
2019 5 1139.0
2019 6 611.0
2019 7 267.0
2019 8 326.0
2019 9 528.0
2019 10 612.0
2019 11 197.0
2019 12 746.0
2020 1 411.0
2020 2 239.0
2020 3 681.0
2020 4 253.0
2020 5 785.0
2020 6 348.0
2020 7 180.0
2020 8 658.0
2020 9 598.0
2020 10 485.0
2020 11 401.0
2020 12 630.0
2021 1 176.0
2021 2 653.0
2021 3 208.0
2021 4 219.0
2021 5 380.0
2021 6 709.0
2021 7 317.0
2021 8 639.0
2021 9 883.0
2021 10 296.0
2021 11 298.0
2021 12 276.0
2022 1 1170.0
2022 2 775.0
2022 3 1073.0
2022 4 1107.0
2022 5 509.0
2022 6 1138.0
2022 7 1404.0
2022 8 434.0
2022 9 970.0
2022 10 244.0
2022 11 446.0
2022 12 704.0
2023 1 796.0
2023 2 602.0
2023 3 164.0
2023 4 393.0
2023 5 759.0
2023 6 136.0
2023 7 695.0
2023 8 569.0
2023 9 167.0
2023 10 753.0
2023 11 570.0
2023 12 601.0
2024 1 128.0
2024 2 540.0
2024 3 522.0
2024 4 1155.0
2024 5 753.0
2024 6 405.0
2024 7 536.0
2024 8 669.0
