1960 5 1643.0
1960 6 1701.0
1960 7 1514.0
1960 8 1707.0
1960 9 1398.0
1960 10 1572.0
1960 11 1330.0
1960 12 943.0
1961 1 567.0
1961 2 442.0
1961 3 1268.0
1961 4 1557.0
1961 5 1939.0
1961 6 1679.0
1961 7 1487.0
1961 8 1579.0
1961 9 1238.0
1961 10 1348.0
1961 11 1286.0
1961 12 1007.0
1962 1 862.0
1962 2 524.0
1962 3 1010.0
1962 4 1621.0
1962 5 1795.0
1962 6 1478.0
1962 7 1354.0
1962 8 1568.0
1962 9 1408.0
1962 10 1373.0
1962 11 1077.0
1962 12 810.0
1963 1 697.0
1963 2 439.0
1963 3 930.0
1963 4 1749.0
1963 5 1558.0
1963 6 1332.0
1963 7 1505.0
1963 8 1345.0
1963 9 1335.0
1963 10 1519.0
1963 11 1098.0
1963 12 825.0
1964 1 633.0
1964 2 594.0
1964 3 1328.0
1964 4 1617.0
1964 5 1477.0
1964 6 1408.0
1964 7 1364.0
1964 8 1270.0
1964 9 1291.0
1964 10 1357.0
1964 11 1313.0
1964 12 1170.0
1965 1 660.0
1965 2 581.0
1965 3 1362.0
1965 4 1490.0
1965 5 1438.0
1965 6 1469.0
1965 7 1263.0
1965 8 1371.0
1965 9 1332.0
1965 10 1278.0
1965 11 1374.0
1965 12 1171.0
1966 1 782.0
1966 2 493.0
1966 3 1380.0
1966 4 1463.0
1966 5 1216.0
1966 6 1168.0
1966 7 1024.0
1966 8 1053.0
1966 9 870.0
1966 10 934.0
1966 11 876.0
1966 12 718.0
1967 1 525.0
1967 2 405.0
1967 3 877.0
1967 4 1290.0
1967 5 1215.0
1967 6 1191.0
1967 7 1180.0
1967 8 1073.0
1967 9 972.0
1967 10 1078.0
1967 11 1132.0
1967 12 893.0
1968 1 545.0
1968 2 549.0
1968 3 941.0
1968 4 1356.0
1968 5 1747.0
1968 6 1484.0
1968 7 1487.0
1968 8 1585.0
1968 9 1594.0
1968 10 1732.0
1968 11 1352.0
1968 12 1100.0
1969 1 870.0
1969 2 565.0
1969 3 901.0
1969 4 1846.0
1969 5 1728.0
1969 6 1608.0
1969 7 1386.0
1969 8 1274.0
1969 9 1397.0
1969 10 1524.0
1969 11 1115.0
1969 12 945.0
1970 1 504.0
1970 2 684.0
1970 3 965.0
1970 4 1291.0
1970 5 1225.0
1970 6 1417.0
1970 7 1074.0
1970 8 1287.0
1970 9 1876.0
1970 10 1340.0
1970 11 1249.0
1970 12 961.0
1971 1 553.0
1971 2 655.0
1971 3 1421.0
1971 4 2084.0
1971 5 1726.0
1971 6 2020.0
1971 7 1801.0
1971 8 1939.0
1971 9 1773.0
1971 10 1547.0
1971 11 1778.0
1971 12 1516.0
1972 1 1137.0
1972 2 971.0
1972 3 1440.0
1972 4 1831.0
1972 5 2183.0
1972 6 1871.0
1972 7 1698.0
1972 8 2275.0
1972 9 1700.0
1972 10 2447.0
1972 11 2001.0
1972 12 1243.0
1973 1 1456.0
1973 2 1325.0
1973 3 1912.0
1973 4 2276.0
1973 5 1942.0
1973 6 2067.0
1973 7 2132.0
1973 8 1881.0
1973 9 1279.0
1973 10 1361.0
1973 11 1199.0
1973 12 856.0
1974 1 635.0
1974 2 675.0
1974 3 991.0
1974 4 1480.0
1974 5 1350.0
1974 6 1281.0
1974 7 1362.0
1974 8 985.0
1974 9 1134.0
1974 10 825.0
1974 11 806.0
1974 12 778.0
1975 1 324.0
1975 2 357.0
1975 3 617.0
1975 4 1032.0
1975 5 1270.0
1975 6 1301.0
1975 7 1236.0
1975 8 1290.0
1975 9 1186.0
1975 10 1119.0
1975 11 861.0
1975 12 950.0
1976 1 606.0
1976 2 605.0
1976 3 1155.0
1976 4 1379.0
1976 5 1277.0
1976 6 1739.0
1976 7 1457.0
1976 8 1519.0
1976 9 1360.0
1976 10 1516.0
1976 11 1298.0
1976 12 993.0
1977 1 502.0
1977 2 478.0
1977 3 1538.0
1977 4 1843.0
1977 5 1712.0
1977 6 2079.0
1977 7 1778.0
1977 8 1889.0
1977 9 1633.0
1977 10 1605.0
1977 11 1694.0
1977 12 1842.0
1978 1 530.0
1978 2 358.0
1978 3 1005.0
1978 4 1135.0
1978 5 1405.0
1978 6 1493.0
1978 7 1399.0
1978 8 1485.0
1978 9 1292.0
1978 10 1289.0
1978 11 1142.0
1978 12 933.0
1979 1 642.0
1979 2 540.0
1979 3 930.0
1979 4 1226.0
1979 5 1386.0
1979 6 1315.0
1979 7 1180.0
1979 8 1261.0
1979 9 904.0
1979 10 951.0
1979 11 884.0
1979 12 628.0
1980 1 681.0
1980 2 449.0
1980 3 641.0
1980 4 542.0
1980 5 732.0
1980 6 806.0
1980 7 948.0
1980 8 984.0
1980 9 1100.0
1980 10 1131.0
1980 11 945.0
1980 12 804.0
1981 1 463.0
1981 2 498.0
1981 3 831.0
1981 4 1254.0
1981 5 926.0
1981 6 1233.0
1981 7 945.0
1981 8 811.0
1981 9 711.0
1981 10 733.0
1981 11 605.0
1981 12 638.0
1982 1 225.0
1982 2 300.0
1982 3 645.0
1982 4 689.0
1982 5 671.0
1982 6 804.0
1982 7 747.0
1982 8 739.0
1982 9 1005.0
1982 10 1127.0
1982 11 954.0
1982 12 771.0
1983 1 528.0
1983 2 592.0
1983 3 1230.0
1983 4 1179.0
1983 5 1748.0
1983 6 1716.0
1983 7 1609.0
1983 8 1633.0
1983 9 1612.0
1983 10 1494.0
1983 11 1400.0
1983 12 977.0
1984 1 1044.0
1984 2 1070.0
1984 3 1799.0
1984 4 1854.0
1984 5 2043.0
1984 6 2026.0
1984 7 1913.0
1984 8 1917.0
1984 9 1771.0
1984 10 1823.0
1984 11 1517.0
1984 12 1248.0
1985 1 1438.0
1985 2 1526.0
1985 3 2037.0
1985 4 2792.0
1985 5 2896.0
1985 6 2262.0
1985 7 2518.0
1985 8 2481.0
1985 9 2232.0
1985 10 2567.0
1985 11 2065.0
1985 12 1532.0
1986 1 1315.0
1986 2 1295.0
1986 3 2116.0
1986 4 3023.0
1986 5 2726.0
1986 6 2815.0
1986 7 2687.0
1986 8 2609.0
1986 9 2850.0
1986 10 2965.0
1986 11 2109.0
1986 12 1904.0
1987 1 1386.0
1987 2 1438.0
1987 3 2063.0
1987 4 2317.0
1987 5 2503.0
1987 6 2731.0
1987 7 2354.0
1987 8 2024.0
1987 9 2019.0
1987 10 2096.0
1987 11 2006.0
1987 12 1906.0
1988 1 1043.0
1988 2 1033.0
1988 3 2323.0
1988 4 1751.0
1988 5 2097.0
1988 6 2162.0
1988 7 1749.0
1988 8 1795.0
1988 9 1625.0
1988 10 1879.0
1988 11 1602.0
1988 12 1267.0
1989 1 937.0
1989 2 825.0
1989 3 1351.0
1989 4 1480.0
1989 5 1373.0
1989 6 1452.0
1989 7 1127.0
1989 8 1287.0
1989 9 1239.0
1989 10 1215.0
1989 11 1216.0
1989 12 823.0
1990 1 740.0
1990 2 719.0
1990 3 1061.0
1990 4 1092.0
1990 5 1058.0
1990 6 1158.0
1990 7 931.0
1990 8 1020.0
1990 9 832.0
1990 10 996.0
1990 11 851.0
1990 12 609.0
1991 1 449.0
1991 2 404.0
1991 3 722.0
1991 4 1063.0
1991 5 1022.0
1991 6 1105.0
1991 7 1210.0
1991 8 1119.0
1991 9 1050.0
1991 10 1280.0
1991 11 1037.0
1991 12 819.0
1992 1 709.0
1992 2 660.0
1992 3 1244.0
1992 4 1301.0
1992 5 1405.0
1992 6 1530.0
1992 7 1513.0
1992 8 1325.0
1992 9 1347.0
1992 10 1490.0
1992 11 1315.0
1992 12 1140.0
1993 1 803.0
1993 2 774.0
1993 3 978.0
1993 4 1393.0
1993 5 1496.0
1993 6 1582.0
1993 7 1438.0
1993 8 1535.0
1993 9 1632.0
1993 10 1660.0
1993 11 1584.0
1993 12 1270.0
1994 1 776.0
1994 2 756.0
1994 3 1216.0
1994 4 1502.0
1994 5 1568.0
1994 6 1685.0
1994 7 1678.0
1994 8 1597.0
1994 9 1509.0
1994 10 1476.0
1994 11 1491.0
1994 12 1311.0
1995 1 849.0
1995 2 706.0
1995 3 1310.0
1995 4 1184.0
1995 5 1390.0
1995 6 1362.0
1995 7 1316.0
1995 8 1320.0
1995 9 1257.0
1995 10 1269.0
1995 11 1358.0
1995 12 949.0
1996 1 712.0
1996 2 805.0
1996 3 1117.0
1996 4 1497.0
1996 5 1433.0
1996 6 1372.0
1996 7 1518.0
1996 8 1414.0
1996 9 1283.0
1996 10 1418.0
1996 11 1126.0
1996 12 1071.0
1997 1 955.0
1997 2 927.0
1997 3 1167.0
1997 4 1325.0
1997 5 1420.0
1997 6 1514.0
1997 7 1515.0
1997 8 1388.0
1997 9 1380.0
1997 10 1474.0
1997 11 1149.0
1997 12 1187.0
1998 1 975.0
1998 2 1065.0
1998 3 1444.0
1998 4 1439.0
1998 5 1500.0
1998 6 1540.0
1998 7 1454.0
1998 8 1388.0
1998 9 1420.0
1998 10 1346.0
1998 11 1300.0
1998 12 1334.0
1999 1 878.0
1999 2 935.0
1999 3 1464.0
1999 4 1522.0
1999 5 1424.0
1999 6 1488.0
1999 7 1485.0
1999 8 1447.0
1999 9 1216.0
1999 10 1182.0
1999 11 1176.0
1999 12 1202.0
2000 1 844.0
2000 2 885.0
2000 3 1327.0
2000 4 1188.0
2000 5 1280.0
2000 6 1350.0
2000 7 1206.0
2000 8 1298.0
2000 9 1200.0
2000 10 1161.0
2000 11 1144.0
2000 12 912.0
2001 1 802.0
2001 2 821.0
2001 3 973.0
2001 4 1125.0
2001 5 1302.0
2001 6 1170.0
2001 7 1235.0
2001 8 1336.0
2001 9 1046.0
2001 10 1129.0
2001 11 1056.0
2001 12 951.0
2002 1 960.0
2002 2 822.0
2002 3 1004.0
2002 4 1204.0
2002 5 1351.0
2002 6 1158.0
2002 7 1253.0
2002 8 1233.0
2002 9 1162.0
2002 10 1150.0
2002 11 1064.0
2002 12 936.0
2003 1 732.0
2003 2 575.0
2003 3 904.0
2003 4 1104.0
2003 5 1170.0
2003 6 1158.0
2003 7 1260.0
2003 8 1088.0
2003 9 1138.0
2003 10 1287.0
2003 11 1000.0
2003 12 1119.0
2004 1 808.0
2004 2 716.0
2004 3 1227.0
2004 4 1285.0
2004 5 1254.0
2004 6 1427.0
2004 7 1327.0
2004 8 1279.0
2004 9 1216.0
2004 10 1099.0
2004 11 1089.0
2004 12 1050.0
2005 1 811.0
2005 2 697.0
2005 3 1137.0
2005 4 1095.0
2005 5 1335.0
2005 6 1414.0
2005 7 1301.0
2005 8 1530.0
2005 9 1334.0
2005 10 1393.0
2005 11 1097.0
2005 12 980.0
2006 1 904.0
2006 2 881.0
2006 3 1202.0
2006 4 1050.0
2006 5 1048.0
2006 6 1072.0
2006 7 921.0
2006 8 885.0
2006 9 922.0
2006 10 926.0
2006 11 838.0
2006 12 737.0
2007 1 629.0
2007 2 463.0
2007 3 671.0
2007 4 789.0
2007 5 931.0
2007 6 778.0
2007 7 796.0
2007 8 797.0
2007 9 705.0
2007 10 793.0
2007 11 632.0
2007 12 714.0
2008 1 389.0
2008 2 320.0
2008 3 383.0
2008 4 496.0
2008 5 510.0
2008 6 513.0
2008 7 508.0
2008 8 504.0
2008 9 506.0
2008 10 362.0
2008 11 344.0
2008 12 285.0
2009 1 233.0
2009 2 210.0
2009 3 289.0
2009 4 319.0
2009 5 360.0
2009 6 435.0
2009 7 444.0
2009 8 388.0
2009 9 435.0
2009 10 500.0
2009 11 428.0
2009 12 592.0
2010 1 293.0
2010 2 291.0
2010 3 443.0
2010 4 479.0
2010 5 440.0
2010 6 683.0
2010 7 470.0
2010 8 467.0
2010 9 548.0
2010 10 388.0
2010 11 490.0
2010 12 460.0
2011 1 276.0
2011 2 160.0
2011 3 318.0
2011 4 367.0
2011 5 459.0
2011 6 432.0
2011 7 382.0
2011 8 418.0
2011 9 372.0
2011 10 465.0
2011 11 403.0
2011 12 356.0
2012 1 292.0
2012 2 302.0
2012 3 465.0
2012 4 406.0
2012 5 490.0
2012 6 434.0
2012 7 501.0
2012 8 493.0
2012 9 453.0
2012 10 516.0
2012 11 530.0
2012 12 431.0
2013 1 357.0
2013 2 368.0
2013 3 506.0
2013 4 602.0
2013 5 657.0
2013 6 659.0
2013 7 622.0
2013 8 641.0
2013 9 666.0
2013 10 690.0
2013 11 582.0
2013 12 502.0
2014 1 433.0
2014 2 321.0
2014 3 491.0
2014 4 638.0
2014 5 640.0
2014 6 655.0
2014 7 609.0
2014 8 533.0
2014 9 664.0
2014 10 660.0
2014 11 434.0
2014 12 538.0
2015 1 406.0
2015 2 228.0
2015 3 390.0
2015 4 536.0
2015 5 541.0
2015 6 668.0
2015 7 745.0
2015 8 810.0
2015 9 705.0
2015 10 637.0
2015 11 607.0
2015 12 585.0
2016 1 441.0
2016 2 413.0
2016 3 638.0
2016 4 661.0
2016 5 633.0
2016 6 787.0
2016 7 604.0
2016 8 834.0
2016 9 630.0
2016 10 673.0
2016 11 590.0
2016 12 516.0
2017 1 463.0
2017 2 364.0
2017 3 746.0
2017 4 540.0
2017 5 630.0
2017 6 1166.0
2017 7 642.0
2017 8 700.0
2017 9 705.0
2017 10 723.0
2017 11 574.0
2017 12 651.0
2018 1 391.0
2018 2 460.0
2018 3 534.0
2018 4 601.0
2018 5 635.0
2018 6 699.0
2018 7 571.0
2018 8 620.0
2018 9 590.0
2018 10 639.0
2018 11 461.0
2018 12 469.0
2019 1 429.0
2019 2 377.0
2019 3 457.0
2019 4 600.0
2019 5 520.0
2019 6 493.0
2019 7 584.0
2019 8 503.0
2019 9 438.0
2019 10 564.0
2019 11 447.0
2019 12 379.0
2020 1 531.0
2020 2 395.0
2020 3 510.0
2020 4 360.0
2020 5 501.0
2020 6 617.0
2020 7 677.0
2020 8 552.0
2020 9 641.0
2020 10 670.0
2020 11 516.0
2020 12 641.0
2021 1 464.0
2021 2 534.0
2021 3 630.0
2021 4 678.0
2021 5 645.0
2021 6 603.0
2021 7 484.0
2021 8 536.0
2021 9 532.0
2021 10 455.0
2021 11 500.0
2021 12 637.0
2022 1 534.0
2022 2 499.0
2022 3 639.0
2022 4 555.0
2022 5 555.0
2022 6 568.0
2022 7 521.0
2022 8 543.0
2022 9 609.0
2022 10 489.0
2022 11 414.0
2022 12 441.0
2023 1 388.0
2023 2 327.0
2023 3 444.0
2023 4 417.0
2023 5 501.0
2023 6 563.0
2023 7 450.0
2023 8 522.0
2023 9 402.0
2023 10 465.0
2023 11 455.0
2023 12 403.0
2024 1 400.0
2024 2 383.0
2024 3 401.0
2024 4 489.0
2024 5 548.0
2024 6 718.0
2024 7 519.0
2024 8 757.0
