1960 5 42.0
1960 6 57.0
1960 7 207.0
1960 8 85.0
1960 9 170.0
1960 10 141.0
1960 11 181.0
1960 12 180.0
1961 1 21.0
1961 2 135.0
1961 3 356.0
1961 4 474.0
1961 5 761.0
1961 6 607.0
1961 7 365.0
1961 8 484.0
1961 9 426.0
1961 10 620.0
1961 11 410.0
1961 12 836.0
1962 1 545.0
1962 2 621.0
1962 3 835.0
1962 4 283.0
1962 5 338.0
1962 6 344.0
1962 7 555.0
1962 8 1683.0
1962 9 362.0
1962 10 663.0
1962 11 487.0
1962 12 327.0
1963 1 516.0
1963 2 428.0
1963 3 598.0
1963 4 665.0
1963 5 940.0
1963 6 760.0
1963 7 712.0
1963 8 746.0
1963 9 466.0
1963 10 1208.0
1963 11 634.0
1963 12 1306.0
1964 1 937.0
1964 2 1718.0
1964 3 2639.0
1964 4 838.0
1964 5 695.0
1964 6 1188.0
1964 7 725.0
1964 8 410.0
1964 9 1075.0
1964 10 818.0
1964 11 1009.0
1964 12 2387.0
1965 1 397.0
1965 2 499.0
1965 3 559.0
1965 4 1295.0
1965 5 450.0
1965 6 889.0
1965 7 725.0
1965 8 604.0
1965 9 278.0
1965 10 2258.0
1965 11 937.0
1965 12 647.0
1966 1 421.0
1966 2 672.0
1966 3 636.0
1966 4 996.0
1966 5 368.0
1966 6 1032.0
1966 7 451.0
1966 8 441.0
1966 9 270.0
1966 10 146.0
1966 11 489.0
1966 12 1178.0
1967 1 412.0
1967 2 479.0
1967 3 359.0
1967 4 1070.0
1967 5 863.0
1967 6 885.0
1967 7 858.0
1967 8 814.0
1967 9 699.0
1967 10 435.0
1967 11 1366.0
1967 12 691.0
1968 1 608.0
1968 2 1823.0
1968 3 1240.0
1968 4 1822.0
1968 5 1065.0
1968 6 1447.0
1968 7 1042.0
1968 8 2413.0
1968 9 868.0
1968 10 2110.0
1968 11 731.0
1968 12 1103.0
1969 1 951.0
1969 2 805.0
1969 3 1042.0
1969 4 1467.0
1969 5 782.0
1969 6 1847.0
1969 7 1000.0
1969 8 2009.0
1969 9 2269.0
1969 10 1530.0
1969 11 1330.0
1969 12 743.0
1970 1 1283.0
1970 2 2242.0
1970 3 1503.0
1970 4 1599.0
1970 5 1901.0
1970 6 1390.0
1970 7 2336.0
1970 8 1579.0
1970 9 1207.0
1970 10 1975.0
1970 11 2557.0
1970 12 2775.0
1971 1 1779.0
1971 2 1183.0
1971 3 2038.0
1971 4 1824.0
1971 5 2327.0
1971 6 2799.0
1971 7 3621.0
1971 8 2353.0
1971 9 2657.0
1971 10 3423.0
1971 11 2856.0
1971 12 2215.0
1972 1 1838.0
1972 2 3035.0
1972 3 1753.0
1972 4 1625.0
1972 5 2978.0
1972 6 2027.0
1972 7 2444.0
1972 8 1167.0
1972 9 832.0
1972 10 1039.0
1972 11 2525.0
1972 12 2392.0
1973 1 1279.0
1973 2 1408.0
1973 3 3516.0
1973 4 2056.0
1973 5 1344.0
1973 6 1775.0
1973 7 1377.0
1973 8 2310.0
1973 9 1136.0
1973 10 1675.0
1973 11 467.0
1973 12 1508.0
1974 1 1819.0
1974 2 1313.0
1974 3 1119.0
1974 4 1183.0
1974 5 1002.0
1974 6 1055.0
1974 7 151.0
1974 8 558.0
1974 9 643.0
1974 10 357.0
1974 11 269.0
1974 12 1589.0
1975 1 823.5
1975 2 58.0
1975 3 111.0
1975 4 691.0
1975 5 678.0
1975 6 295.0
1975 7 937.0
1975 8 820.0
1975 9 689.0
1975 10 115.0
1975 11 394.0
1975 12 290.0
1976 1 56.0
1976 2 479.0
1976 3 133.0
1976 4 530.0
1976 5 133.0
1976 6 79.0
1976 7 56.0
1976 8 489.0
1976 9 336.0
1976 10 597.0
1976 11 418.0
1976 12 300.0
1977 1 89.0
1977 2 59.0
1977 3 891.0
1977 4 249.0
1977 5 323.0
1977 6 462.0
1977 7 44.0
1977 8 416.0
1977 9 343.0
1977 10 379.0
1977 11 884.0
1977 12 1526.0
1978 1 254.0
1978 2 460.0
1978 3 172.0
1978 4 269.0
1978 5 155.0
1978 6 313.0
1978 7 1533.0
1978 8 1478.0
1978 9 496.0
1978 10 599.0
1978 11 210.0
1978 12 463.0
1979 1 568.0
1979 2 375.0
1979 3 219.0
1979 4 278.0
1979 5 904.0
1979 6 922.0
1979 7 400.0
1979 8 262.0
1979 9 1502.0
1979 10 677.0
1979 11 1003.0
1979 12 624.0
1980 1 113.0
1980 2 285.0
1980 3 1360.0
1980 4 49.0
1980 5 487.0
1980 6 549.0
1980 7 532.0
1980 8 200.0
1980 9 611.0
1980 10 489.0
1980 11 143.0
1980 12 305.0
1981 1 393.0
1981 2 523.0
1981 3 291.0
1981 4 811.0
1981 5 340.0
1981 6 236.0
1981 7 292.0
1981 8 448.0
1981 9 524.0
1981 10 653.0
1981 11 81.0
1981 12 298.0
1982 1 73.0
1982 2 375.0
1982 3 164.0
1982 4 259.0
1982 5 566.0
1982 6 808.0
1982 7 489.0
1982 8 1038.0
1982 9 1481.0
1982 10 539.0
1982 11 231.0
1982 12 322.0
1983 1 375.0
1983 2 476.0
1983 3 389.0
1983 4 546.0
1983 5 510.0
1983 6 740.0
1983 7 445.0
1983 8 766.0
1983 9 844.0
1983 10 389.0
1983 11 344.0
1983 12 221.0
1984 1 169.0
1984 2 493.0
1984 3 316.0
1984 4 407.0
1984 5 702.0
1984 6 382.0
1984 7 668.0
1984 8 452.0
1984 9 856.0
1984 10 777.0
1984 11 404.0
1984 12 908.0
1985 1 499.0
1985 2 212.0
1985 3 1216.0
1985 4 602.0
1985 5 1023.0
1985 6 654.0
1985 7 852.0
1985 8 554.0
1985 9 1381.0
1985 10 1925.0
1985 11 632.0
1985 12 795.0
1986 1 522.0
1986 2 722.0
1986 3 1027.0
1986 4 732.0
1986 5 1332.0
1986 6 770.0
1986 7 1578.0
1986 8 667.0
1986 9 1134.0
1986 10 1117.0
1986 11 474.0
1986 12 1232.0
1987 1 837.0
1987 2 556.0
1987 3 898.0
1987 4 1068.0
1987 5 791.0
1987 6 1003.0
1987 7 1088.0
1987 8 1116.0
1987 9 1339.0
1987 10 898.0
1987 11 699.0
1987 12 535.0
1988 1 577.0
1988 2 700.0
1988 3 1075.0
1988 4 936.0
1988 5 392.0
1988 6 972.0
1988 7 413.0
1988 8 503.0
1988 9 630.0
1988 10 548.0
1988 11 383.0
1988 12 391.0
1989 1 288.0
1989 2 445.0
1989 3 463.0
1989 4 643.0
1989 5 398.0
1989 6 291.0
1989 7 481.0
1989 8 337.0
1989 9 351.0
1989 10 463.0
1989 11 295.0
1989 12 234.0
1990 1 454.0
1990 2 307.0
1990 3 129.0
1990 4 87.0
1990 5 101.0
1990 6 247.0
1990 7 128.0
1990 8 225.0
1990 9 112.0
1990 10 519.0
1990 11 43.0
1990 12 38.0
1991 1 107.0
1991 2 22.0
1991 3 129.0
1991 4 21.0
1991 5 35.0
1991 6 52.0
1991 7 45.0
1991 8 57.0
1991 9 44.0
1991 10 71.0
1991 11 62.0
1991 12 28.0
1992 1 25.0
1992 2 21.0
1992 3 40.0
1992 4 194.0
1992 5 37.0
1992 6 81.0
1992 7 61.0
1992 8 25.0
1992 9 70.0
1992 10 66.0
1992 11 225.0
1992 12 16.0
1993 1 10.0
1993 2 20.0
1993 3 96.0
1993 4 71.0
1993 5 21.0
1993 6 36.0
1993 7 73.0
1993 8 287.0
1993 9 39.0
1993 10 33.0
1993 11 86.0
1993 12 212.0
1994 1 40.0
1994 2 34.0
1994 3 197.0
1994 4 58.0
1994 5 57.0
1994 6 44.0
1994 7 34.0
1994 8 28.0
1994 9 77.0
1994 10 109.0
1994 11 112.0
1994 12 28.0
1995 1 42.0
1995 2 10.0
1995 3 172.0
1995 4 94.0
1995 5 60.0
1995 6 90.0
1995 7 97.0
1995 8 76.0
1995 9 81.0
1995 10 82.0
1995 11 278.0
1995 12 39.0
1996 1 25.0
1996 2 10.0
1996 3 72.0
1996 4 85.0
1996 5 101.0
1996 6 146.0
1996 7 86.0
1996 8 294.0
1996 9 157.0
1996 10 242.0
1996 11 471.0
1996 12 331.0
1997 1 418.0
1997 2 118.0
1997 3 104.0
1997 4 30.0
1997 5 47.0
1997 6 270.0
1997 7 36.0
1997 8 200.0
1997 9 67.0
1997 10 32.0
1997 11 44.0
1997 12 86.0
1998 1 66.0
1998 2 145.0
1998 3 101.0
1998 4 47.0
1998 5 43.0
1998 6 32.0
1998 7 209.0
1998 8 176.0
1998 9 572.0
1998 10 310.0
1998 11 89.0
1998 12 73.0
1999 1 178.0
1999 2 271.0
1999 3 24.0
1999 4 95.0
1999 5 38.0
1999 6 392.0
1999 7 434.0
1999 8 32.0
1999 9 80.0
1999 10 315.0
1999 11 268.0
1999 12 307.0
2000 1 114.0
2000 2 33.0
2000 3 322.0
2000 4 346.0
2000 5 95.0
2000 6 135.0
2000 7 694.0
2000 8 103.0
2000 9 114.0
2000 10 108.0
2000 11 371.0
2000 12 112.0
2001 1 264.0
2001 2 417.0
2001 3 48.0
2001 4 172.0
2001 5 221.0
2001 6 295.0
2001 7 461.0
2001 8 186.0
2001 9 140.0
2001 10 57.0
2001 11 383.0
2001 12 79.0
2002 1 65.0
2002 2 282.0
2002 3 65.0
2002 4 117.0
2002 5 558.0
2002 6 727.0
2002 7 188.0
2002 8 244.0
2002 9 82.0
2002 10 75.0
2002 11 113.0
2002 12 212.0
2003 1 55.0
2003 2 434.0
2003 3 134.0
2003 4 386.0
2003 5 175.0
2003 6 378.0
2003 7 541.0
2003 8 917.0
2003 9 192.0
2003 10 367.0
2003 11 557.0
2003 12 446.0
2004 1 469.0
2004 2 158.0
2004 3 92.0
2004 4 544.0
2004 5 506.0
2004 6 419.0
2004 7 328.0
2004 8 474.0
2004 9 470.0
2004 10 480.0
2004 11 718.0
2004 12 1037.0
2005 1 626.0
2005 2 322.0
2005 3 667.0
2005 4 471.0
2005 5 743.0
2005 6 1111.0
2005 7 768.0
2005 8 305.0
2005 9 331.0
2005 10 466.0
2005 11 572.0
2005 12 1123.0
2006 1 438.0
2006 2 386.0
2006 3 852.0
2006 4 1193.0
2006 5 452.0
2006 6 707.0
2006 7 528.0
2006 8 498.0
2006 9 492.0
2006 10 288.0
2006 11 510.0
2006 12 979.0
2007 1 1129.0
2007 2 440.0
2007 3 344.0
2007 4 293.0
2007 5 640.0
2007 6 229.0
2007 7 630.0
2007 8 215.0
2007 9 252.0
2007 10 218.0
2007 11 173.0
2007 12 225.0
2008 1 109.0
2008 2 103.0
2008 3 540.0
2008 4 444.0
2008 5 468.0
2008 6 1502.0
2008 7 247.0
2008 8 96.0
2008 9 149.0
2008 10 94.0
2008 11 64.0
2008 12 225.0
2009 1 63.0
2009 2 758.0
2009 3 97.0
2009 4 59.0
2009 5 144.0
2009 6 66.0
2009 7 47.0
2009 8 252.0
2009 9 92.0
2009 10 63.0
2009 11 46.0
2009 12 233.0
2010 1 127.0
2010 2 209.0
2010 3 64.0
2010 4 208.0
2010 5 63.0
2010 6 553.0
2010 7 355.0
2010 8 232.0
2010 9 135.0
2010 10 200.0
2010 11 319.0
2010 12 239.0
2011 1 66.0
2011 2 123.0
2011 3 94.0
2011 4 69.0
2011 5 390.0
2011 6 470.0
2011 7 41.0
2011 8 96.0
2011 9 93.0
2011 10 321.0
2011 11 392.0
2011 12 510.0
2012 1 113.0
2012 2 733.0
2012 3 109.0
2012 4 596.0
2012 5 542.0
2012 6 204.0
2012 7 171.0
2012 8 543.0
2012 9 151.0
2012 10 213.0
2012 11 318.0
2012 12 537.0
2013 1 343.0
2013 2 290.0
2013 3 359.0
2013 4 425.0
2013 5 249.0
2013 6 1021.0
2013 7 1193.0
2013 8 339.0
2013 9 508.0
2013 10 211.0
2013 11 258.0
2013 12 914.0
2014 1 601.0
2014 2 536.0
2014 3 227.0
2014 4 319.0
2014 5 501.0
2014 6 589.0
2014 7 601.0
2014 8 482.0
2014 9 420.0
2014 10 382.0
2014 11 922.0
2014 12 406.0
2015 1 1295.0
2015 2 392.0
2015 3 855.0
2015 4 453.0
2015 5 1637.0
2015 6 889.0
2015 7 347.0
2015 8 491.0
2015 9 1264.0
2015 10 592.0
2015 11 754.0
2015 12 691.0
2016 1 270.0
2016 2 368.0
2016 3 341.0
2016 4 379.0
2016 5 273.0
2016 6 633.0
2016 7 667.0
2016 8 188.0
2016 9 1294.0
2016 10 310.0
2016 11 442.0
2016 12 354.0
2017 1 282.0
2017 2 282.0
2017 3 1213.0
2017 4 247.0
2017 5 1155.0
2017 6 608.0
2017 7 1288.0
2017 8 460.0
2017 9 707.0
2017 10 734.0
2017 11 429.0
2017 12 1643.0
2018 1 917.0
2018 2 330.0
2018 3 657.0
2018 4 127.0
2018 5 1531.0
2018 6 813.0
2018 7 391.0
2018 8 183.0
2018 9 193.0
2018 10 445.0
2018 11 509.0
2018 12 737.0
2019 1 298.0
2019 2 384.0
2019 3 505.0
2019 4 304.0
2019 5 491.0
2019 6 805.0
2019 7 622.0
2019 8 620.0
2019 9 371.0
2019 10 538.0
2019 11 892.0
2019 12 971.0
2020 1 1186.0
2020 2 411.0
2020 3 451.0
2020 4 169.0
2020 5 806.0
2020 6 1071.0
2020 7 768.0
2020 8 323.0
2020 9 725.0
2020 10 395.0
2020 11 1089.0
2020 12 1009.0
2021 1 729.0
2021 2 503.0
2021 3 780.0
2021 4 1435.0
2021 5 1142.0
2021 6 787.0
2021 7 792.0
2021 8 569.0
2021 9 1252.0
2021 10 493.0
2021 11 446.0
2021 12 1948.0
2022 1 581.0
2022 2 1554.0
2022 3 1065.0
2022 4 1324.0
2022 5 818.0
2022 6 1547.0
2022 7 1066.0
2022 8 467.0
2022 9 901.0
2022 10 501.0
2022 11 807.0
2022 12 1003.0
2023 1 621.0
2023 2 809.0
2023 3 873.0
2023 4 359.0
2023 5 915.0
2023 6 738.0
2023 7 698.0
2023 8 485.0
2023 9 533.0
2023 10 316.0
2023 11 218.0
2023 12 1330.0
2024 1 930.0
2024 2 852.0
2024 3 1054.0
2024 4 300.0
2024 5 433.0
2024 6 664.0
2024 7 415.0
2024 8 752.0
