1960 5 1754.0
1960 6 1813.0
1960 7 1771.0
1960 8 1860.0
1960 9 1630.0
1960 10 1760.0
1960 11 1614.0
1960 12 1175.0
1961 1 610.0
1961 2 631.0
1961 3 1700.0
1961 4 2068.0
1961 5 2759.0
1961 6 2380.0
1961 7 1902.0
1961 8 2110.0
1961 9 1704.0
1961 10 2019.0
1961 11 1816.0
1961 12 1903.0
1962 1 1461.0
1962 2 1195.0
1962 3 1996.0
1962 4 2068.0
1962 5 2239.0
1962 6 1925.0
1962 7 1975.0
1962 8 3357.0
1962 9 1819.0
1962 10 2135.0
1962 11 1640.0
1962 12 1225.0
1963 1 1331.0
1963 2 902.0
1963 3 1606.0
1963 4 2549.0
1963 5 2748.0
1963 6 2270.0
1963 7 2319.0
1963 8 2167.0
1963 9 1925.0
1963 10 2899.0
1963 11 1827.0
1963 12 2181.0
1964 1 1702.0
1964 2 2402.0
1964 3 4461.0
1964 4 2562.0
1964 5 2270.0
1964 6 2695.0
1964 7 2195.0
1964 8 1749.0
1964 9 2468.0
1964 10 2325.0
1964 11 2390.0
1964 12 3724.0
1965 1 1157.0
1965 2 1130.0
1965 3 2001.0
1965 4 2979.0
1965 5 2006.0
1965 6 2457.0
1965 7 2310.0
1965 8 2043.0
1965 9 1676.0
1965 10 3621.0
1965 11 2374.0
1965 12 1962.0
1966 1 1279.0
1966 2 1184.0
1966 3 2146.0
1966 4 2553.0
1966 5 1654.0
1966 6 2275.0
1966 7 1535.0
1966 8 1584.0
1966 9 1186.0
1966 10 1154.0
1966 11 1449.0
1966 12 1948.0
1967 1 991.0
1967 2 928.0
1967 3 1324.0
1967 4 2450.0
1967 5 2136.0
1967 6 2152.0
1967 7 2116.0
1967 8 1975.0
1967 9 1755.0
1967 10 1627.0
1967 11 2599.0
1967 12 1629.0
1968 1 1289.0
1968 2 2470.0
1968 3 2243.0
1968 4 3238.0
1968 5 2913.0
1968 6 3004.0
1968 7 2673.0
1968 8 4054.0
1968 9 2548.0
1968 10 3952.0
1968 11 2140.0
1968 12 2316.0
1969 1 1901.0
1969 2 1424.0
1969 3 2159.0
1969 4 3387.0
1969 5 2585.0
1969 6 3513.0
1969 7 2528.0
1969 8 3379.0
1969 9 3742.0
1969 10 3191.0
1969 11 2541.0
1969 12 1833.0
1970 1 1831.0
1970 2 2994.0
1970 3 2576.0
1970 4 3065.0
1970 5 3209.0
1970 6 2888.0
1970 7 3482.0
1970 8 3017.0
1970 9 3270.0
1970 10 3466.0
1970 11 3925.0
1970 12 3804.0
1971 1 2445.0
1971 2 1933.0
1971 3 3661.0
1971 4 4086.0
1971 5 4177.0
1971 6 5050.0
1971 7 5562.0
1971 8 4457.0
1971 9 5315.0
1971 10 5287.0
1971 11 4984.0
1971 12 3912.0
1972 1 3178.0
1972 2 4149.0
1972 3 3354.0
1972 4 4003.0
1972 5 5615.0
1972 6 4023.0
1972 7 4258.0
1972 8 3584.0
1972 9 2708.0
1972 10 3676.0
1972 11 4660.0
1972 12 3709.0
1973 1 2901.0
1973 2 2845.0
1973 3 5655.0
1973 4 4527.0
1973 5 3422.0
1973 6 3959.0
1973 7 3656.0
1973 8 4355.0
1973 9 2585.0
1973 10 3128.0
1973 11 1808.0
1973 12 2558.0
1974 1 2528.0
1974 2 2062.0
1974 3 2185.0
1974 4 2802.0
1974 5 2445.0
1974 6 2368.0
1974 7 1636.0
1974 8 1611.0
1974 9 1861.0
1974 10 1257.0
1974 11 1119.0
1974 12 2523.0
1975 1 332.0
1975 2 463.0
1975 3 763.0
1975 4 2077.0
1975 5 2052.0
1975 6 1628.0
1975 7 2211.0
1975 8 2206.0
1975 9 1909.0
1975 10 1307.0
1975 11 1307.0
1975 12 1442.0
1976 1 690.0
1976 2 1122.0
1976 3 1344.0
1976 4 1980.0
1976 5 1441.0
1976 6 1863.0
1976 7 1558.0
1976 8 2208.0
1976 9 1750.0
1976 10 2157.0
1976 11 1766.0
1976 12 1311.0
1977 1 611.0
1977 2 573.0
1977 3 2479.0
1977 4 2122.0
1977 5 2156.0
1977 6 2587.0
1977 7 1878.0
1977 8 2360.0
1977 9 2011.0
1977 10 2060.0
1977 11 2609.0
1977 12 3426.0
1978 1 794.0
1978 2 859.0
1978 3 1220.0
1978 4 1420.0
1978 5 1590.0
1978 6 1857.0
1978 7 2980.0
1978 8 2995.0
1978 9 1828.0
1978 10 1927.0
1978 11 1415.0
1978 12 1430.0
1979 1 1254.0
1979 2 940.0
1979 3 1166.0
1979 4 1572.0
1979 5 2340.0
1979 6 2287.0
1979 7 1616.0
1979 8 1571.0
1979 9 2492.0
1979 10 1722.0
1979 11 1922.0
1979 12 1282.0
1980 1 827.0
1980 2 754.0
1980 3 2015.0
1980 4 614.0
1980 5 1265.0
1980 6 1451.0
1980 7 1522.0
1980 8 1379.0
1980 9 1831.0
1980 10 1684.0
1980 11 1168.0
1980 12 1181.0
1981 1 897.0
1981 2 1045.0
1981 3 1276.0
1981 4 2277.0
1981 5 1339.0
1981 6 1520.0
1981 7 1335.0
1981 8 1309.0
1981 9 1286.0
1981 10 1591.0
1981 11 768.0
1981 12 956.0
1982 1 318.0
1982 2 718.0
1982 3 839.0
1982 4 1031.0
1982 5 1468.0
1982 6 1688.0
1982 7 1289.0
1982 8 1883.0
1982 9 2592.0
1982 10 1731.0
1982 11 1255.0
1982 12 1146.0
1983 1 976.0
1983 2 1118.0
1983 3 1690.0
1983 4 1851.0
1983 5 2377.0
1983 6 2563.0
1983 7 2132.0
1983 8 2477.0
1983 9 2612.0
1983 10 1975.0
1983 11 1904.0
1983 12 1275.0
1984 1 1285.0
1984 2 1641.0
1984 3 2460.0
1984 4 2491.0
1984 5 2946.0
1984 6 2549.0
1984 7 2784.0
1984 8 2539.0
1984 9 2753.0
1984 10 2850.0
1984 11 2131.0
1984 12 2348.0
1985 1 2120.0
1985 2 1928.0
1985 3 3539.0
1985 4 3765.0
1985 5 4162.0
1985 6 3185.0
1985 7 3626.0
1985 8 3300.0
1985 9 3828.0
1985 10 4818.0
1985 11 2956.0
1985 12 2589.0
1986 1 2086.0
1986 2 2241.0
1986 3 3354.0
1986 4 4167.0
1986 5 4467.0
1986 6 3999.0
1986 7 4676.0
1986 8 3640.0
1986 9 4437.0
1986 10 4520.0
1986 11 2907.0
1986 12 3383.0
1987 1 2458.0
1987 2 2181.0
1987 3 3311.0
1987 4 3927.0
1987 5 3706.0
1987 6 4181.0
1987 7 4070.0
1987 8 3451.0
1987 9 3723.0
1987 10 3352.0
1987 11 2971.0
1987 12 2687.0
1988 1 1779.0
1988 2 1938.0
1988 3 3797.0
1988 4 2950.0
1988 5 2757.0
1988 6 3659.0
1988 7 2952.0
1988 8 2497.0
1988 9 2490.0
1988 10 2758.0
1988 11 2324.0
1988 12 1865.0
1989 1 1481.0
1989 2 1430.0
1989 3 2052.0
1989 4 2323.0
1989 5 1950.0
1989 6 2032.0
1989 7 1892.0
1989 8 1837.0
1989 9 1800.0
1989 10 1808.0
1989 11 1743.0
1989 12 1286.0
1990 1 1391.0
1990 2 1197.0
1990 3 1269.0
1990 4 1350.0
1990 5 1441.0
1990 6 1542.0
1990 7 1242.0
1990 8 1438.0
1990 9 1044.0
1990 10 1640.0
1990 11 980.0
1990 12 742.0
1991 1 623.0
1991 2 481.0
1991 3 887.0
1991 4 1191.0
1991 5 1107.0
1991 6 1229.0
1991 7 1288.0
1991 8 1213.0
1991 9 1154.0
1991 10 1431.0
1991 11 1133.0
1991 12 887.0
1992 1 786.0
1992 2 696.0
1992 3 1361.0
1992 4 1531.0
1992 5 1473.0
1992 6 1662.0
1992 7 1600.0
1992 8 1397.0
1992 9 1478.0
1992 10 1617.0
1992 11 1565.0
1992 12 1180.0
1993 1 849.0
1993 2 850.0
1993 3 1090.0
1993 4 1492.0
1993 5 1557.0
1993 6 1662.0
1993 7 1553.0
1993 8 1909.0
1993 9 1730.0
1993 10 1742.0
1993 11 1728.0
1993 12 1553.0
1994 1 838.0
1994 2 808.0
1994 3 1484.0
1994 4 1622.0
1994 5 1666.0
1994 6 1798.0
1994 7 1788.0
1994 8 1703.0
1994 9 1621.0
1994 10 1653.0
1994 11 1699.0
1994 12 1375.0
1995 1 933.0
1995 2 780.0
1995 3 1516.0
1995 4 1317.0
1995 5 1484.0
1995 6 1488.0
1995 7 1456.0
1995 8 1432.0
1995 9 1390.0
1995 10 1397.0
1995 11 1687.0
1995 12 1066.0
1996 1 761.0
1996 2 841.0
1996 3 1224.0
1996 4 1609.0
1996 5 1570.0
1996 6 1557.0
1996 7 1691.0
1996 8 1762.0
1996 9 1476.0
1996 10 1733.0
1996 11 1676.0
1996 12 1460.0
1997 1 1406.0
1997 2 1089.0
1997 3 1323.0
1997 4 1414.0
1997 5 1528.0
1997 6 1836.0
1997 7 1639.0
1997 8 1627.0
1997 9 1511.0
1997 10 1576.0
1997 11 1247.0
1997 12 1358.0
1998 1 1122.0
1998 2 1300.0
1998 3 1620.0
1998 4 1550.0
1998 5 1590.0
1998 6 1645.0
1998 7 1755.0
1998 8 1626.0
1998 9 2060.0
1998 10 1718.0
1998 11 1477.0
1998 12 1495.0
1999 1 1096.0
1999 2 1265.0
1999 3 1582.0
1999 4 1724.0
1999 5 1543.0
1999 6 1971.0
1999 7 2024.0
1999 8 1583.0
1999 9 1431.0
1999 10 1556.0
1999 11 1570.0
1999 12 1632.0
2000 1 1034.0
2000 2 990.0
2000 3 1727.0
2000 4 1589.0
2000 5 1474.0
2000 6 1600.0
2000 7 1971.0
2000 8 1472.0
2000 9 1403.0
2000 10 1379.0
2000 11 1596.0
2000 12 1107.0
2001 1 1096.0
2001 2 1310.0
2001 3 1067.0
2001 4 1374.0
2001 5 1643.0
2001 6 1532.0
2001 7 1820.0
2001 8 1628.0
2001 9 1263.0
2001 10 1275.0
2001 11 1512.0
2001 12 1134.0
2002 1 1108.0
2002 2 1161.0
2002 3 1144.0
2002 4 1413.0
2002 5 2017.0
2002 6 2012.0
2002 7 1507.0
2002 8 1580.0
2002 9 1330.0
2002 10 1340.0
2002 11 1272.0
2002 12 1238.0
2003 1 866.0
2003 2 1102.0
2003 3 1134.0
2003 4 1597.0
2003 5 1516.0
2003 6 1715.0
2003 7 1916.0
2003 8 2118.0
2003 9 1425.0
2003 10 1776.0
2003 11 1731.0
2003 12 1678.0
2004 1 1369.0
2004 2 924.0
2004 3 1444.0
2004 4 1922.0
2004 5 1861.0
2004 6 2056.0
2004 7 1833.0
2004 8 1938.0
2004 9 1787.0
2004 10 1759.0
2004 11 1973.0
2004 12 2351.0
2005 1 1544.0
2005 2 1130.0
2005 3 2010.0
2005 4 1721.0
2005 5 2260.0
2005 6 2635.0
2005 7 2270.0
2005 8 1959.0
2005 9 1776.0
2005 10 1969.0
2005 11 1776.0
2005 12 2204.0
2006 1 1451.0
2006 2 1356.0
2006 3 2191.0
2006 4 2400.0
2006 5 1694.0
2006 6 1998.0
2006 7 1548.0
2006 8 1525.0
2006 9 1546.0
2006 10 1338.0
2006 11 1436.0
2006 12 1785.0
2007 1 1838.0
2007 2 951.0
2007 3 1141.0
2007 4 1159.0
2007 5 1697.0
2007 6 1097.0
2007 7 1479.0
2007 8 1091.0
2007 9 1005.0
2007 10 1091.0
2007 11 899.0
2007 12 982.0
2008 1 538.0
2008 2 451.0
2008 3 987.0
2008 4 969.0
2008 5 1019.0
2008 6 2075.0
2008 7 805.0
2008 8 636.0
2008 9 700.0
2008 10 476.0
2008 11 429.0
2008 12 548.0
2009 1 321.0
2009 2 1031.0
2009 3 433.0
2009 4 399.0
2009 5 545.0
2009 6 533.0
2009 7 524.0
2009 8 679.0
2009 9 549.0
2009 10 584.0
2009 11 498.0
2009 12 861.0
2010 1 463.0
2010 2 534.0
2010 3 532.0
2010 4 714.0
2010 5 526.0
2010 6 1351.0
2010 7 853.0
2010 8 721.0
2010 9 819.0
2010 10 614.0
2010 11 828.0
2010 12 737.0
2011 1 368.0
2011 2 289.0
2011 3 433.0
2011 4 455.0
2011 5 865.0
2011 6 930.0
2011 7 449.0
2011 8 530.0
2011 9 486.0
2011 10 826.0
2011 11 830.0
2011 12 894.0
2012 1 429.0
2012 2 1082.0
2012 3 601.0
2012 4 1026.0
2012 5 1072.0
2012 6 675.0
2012 7 715.0
2012 8 1076.0
2012 9 670.0
2012 10 770.0
2012 11 967.0
2012 12 1028.0
2013 1 762.0
2013 2 694.0
2013 3 900.0
2013 4 1068.0
2013 5 996.0
2013 6 1724.0
2013 7 1880.0
2013 8 1060.0
2013 9 1248.0
2013 10 985.0
2013 11 881.0
2013 12 1489.0
2014 1 1076.0
2014 2 900.0
2014 3 774.0
2014 4 1033.0
2014 5 1238.0
2014 6 1291.0
2014 7 1246.0
2014 8 1112.0
2014 9 1151.0
2014 10 1112.0
2014 11 1397.0
2014 12 993.0
2015 1 1733.0
2015 2 645.0
2015 3 1324.0
2015 4 1045.0
2015 5 2249.0
2015 6 1650.0
2015 7 1147.0
2015 8 1340.0
2015 9 2018.0
2015 10 1322.0
2015 11 1437.0
2015 12 1407.0
2016 1 749.0
2016 2 868.0
2016 3 1021.0
2016 4 1138.0
2016 5 970.0
2016 6 1479.0
2016 7 1330.0
2016 8 1080.0
2016 9 2006.0
2016 10 1052.0
2016 11 1110.0
2016 12 935.0
2017 1 784.0
2017 2 676.0
2017 3 2009.0
2017 4 876.0
2017 5 1840.0
2017 6 1863.0
2017 7 1970.0
2017 8 1237.0
2017 9 1460.0
2017 10 1568.0
2017 11 1070.0
2017 12 2359.0
2018 1 1369.0
2018 2 864.0
2018 3 1291.0
2018 4 813.0
2018 5 2238.0
2018 6 1587.0
2018 7 1038.0
2018 8 864.0
2018 9 905.0
2018 10 1155.0
2018 11 1023.0
2018 12 1339.0
2019 1 819.0
2019 2 816.0
2019 3 1026.0
2019 4 1021.0
2019 5 1069.0
2019 6 1378.0
2019 7 1289.0
2019 8 1179.0
2019 9 869.0
2019 10 1195.0
2019 11 1415.0
2019 12 1410.0
2020 1 1806.0
2020 2 850.0
2020 3 1105.0
2020 4 548.0
2020 5 1347.0
2020 6 1760.0
2020 7 1515.0
2020 8 979.0
2020 9 1404.0
2020 10 1135.0
2020 11 1677.0
2020 12 1762.0
2021 1 1246.0
2021 2 1062.0
2021 3 1488.0
2021 4 2179.0
2021 5 1840.0
2021 6 1445.0
2021 7 1341.0
2021 8 1173.0
2021 9 1828.0
2021 10 1021.0
2021 11 1047.0
2021 12 2673.0
2022 1 1173.0
2022 2 2127.0
2022 3 1795.0
2022 4 1960.0
2022 5 1482.0
2022 6 2200.0
2022 7 1650.0
2022 8 1083.0
2022 9 1611.0
2022 10 1056.0
2022 11 1293.0
2022 12 1510.0
2023 1 1088.0
2023 2 1165.0
2023 3 1475.0
2023 4 819.0
2023 5 1481.0
2023 6 1355.0
2023 7 1201.0
2023 8 1117.0
2023 9 1009.0
2023 10 841.0
2023 11 729.0
2023 12 1798.0
2024 1 1359.0
2024 2 1303.0
2024 3 1507.0
2024 4 903.0
2024 5 1064.0
2024 6 1475.0
2024 7 1015.0
2024 8 1561.0
