1960 5 226.0
1960 6 58.0
1960 7 183.0
1960 8 221.0
1960 9 163.0
1960 10 154.0
1960 11 129.0
1960 12 46.0
1961 1 166.0
1961 2 266.0
1961 3 233.0
1961 4 242.0
1961 5 282.0
1961 6 304.0
1961 7 98.0
1961 8 265.0
1961 9 113.0
1961 10 102.0
1961 11 167.0
1961 12 75.0
1962 1 762.0
1962 2 91.0
1962 3 334.0
1962 4 206.0
1962 5 278.0
1962 6 248.0
1962 7 642.0
1962 8 687.0
1962 9 795.0
1962 10 442.0
1962 11 468.0
1962 12 388.0
1963 1 507.0
1963 2 225.0
1963 3 650.0
1963 4 759.0
1963 5 653.0
1963 6 476.0
1963 7 746.0
1963 8 895.0
1963 9 409.0
1963 10 1095.0
1963 11 897.0
1963 12 872.0
1964 1 430.0
1964 2 1100.0
1964 3 907.0
1964 4 844.0
1964 5 1228.0
1964 6 1373.0
1964 7 1185.0
1964 8 1385.0
1964 9 1008.0
1964 10 1250.0
1964 11 1291.0
1964 12 893.0
1965 1 945.0
1965 2 677.0
1965 3 1192.0
1965 4 1255.0
1965 5 1816.0
1965 6 2024.0
1965 7 2785.0
1965 8 1852.0
1965 9 2767.0
1965 10 1254.0
1965 11 1390.0
1965 12 1936.0
1966 1 2011.0
1966 2 1160.0
1966 3 1480.0
1966 4 2025.0
1966 5 2010.0
1966 6 1514.0
1966 7 1609.0
1966 8 1232.0
1966 9 1409.0
1966 10 1351.0
1966 11 498.0
1966 12 345.0
1967 1 473.0
1967 2 1104.0
1967 3 1470.0
1967 4 2063.0
1967 5 1860.0
1967 6 1685.0
1967 7 1674.0
1967 8 1772.0
1967 9 1681.0
1967 10 2518.0
1967 11 2107.0
1967 12 2040.0
1968 1 1243.0
1968 2 1366.0
1968 3 1933.0
1968 4 1886.0
1968 5 2277.0
1968 6 1326.0
1968 7 2280.0
1968 8 1717.0
1968 9 3074.0
1968 10 2420.0
1968 11 2984.0
1968 12 2324.0
1969 1 1999.0
1969 2 1676.0
1969 3 3782.0
1969 4 2987.0
1969 5 2055.0
1969 6 3544.0
1969 7 1286.0
1969 8 1919.0
1969 9 2369.0
1969 10 1954.0
1969 11 2062.0
1969 12 1764.0
1970 1 753.0
1970 2 1158.0
1970 3 2351.0
1970 4 931.0
1970 5 1137.0
1970 6 1785.0
1970 7 1901.0
1970 8 1767.0
1970 9 1581.0
1970 10 2179.0
1970 11 1333.0
1970 12 2273.0
1971 1 467.0
1971 2 1087.0
1971 3 1929.0
1971 4 2607.0
1971 5 1763.0
1971 6 2436.0
1971 7 3530.0
1971 8 2416.0
1971 9 2151.0
1971 10 2837.0
1971 11 4305.0
1971 12 3233.0
1972 1 1485.0
1972 2 1236.0
1972 3 2556.0
1972 4 3342.0
1972 5 4241.0
1972 6 3269.0
1972 7 2290.0
1972 8 3363.0
1972 9 2652.0
1972 10 2506.0
1972 11 3157.0
1972 12 1986.0
1973 1 2462.0
1973 2 1826.0
1973 3 3496.0
1973 4 2929.0
1973 5 3713.0
1973 6 1465.0
1973 7 3791.0
1973 8 5994.0
1973 9 2444.0
1973 10 1948.0
1973 11 2848.0
1973 12 1714.0
1974 1 1290.0
1974 2 827.0
1974 3 1952.0
1974 4 1716.0
1974 5 1848.0
1974 6 1912.0
1974 7 1160.0
1974 8 823.0
1974 9 961.0
1974 10 2302.0
1974 11 1173.0
1974 12 893.0
1975 1 896.0
1975 2 438.0
1975 3 307.0
1975 4 462.0
1975 5 974.0
1975 6 790.0
1975 7 1131.0
1975 8 825.0
1975 9 870.0
1975 10 1402.0
1975 11 608.0
1975 12 907.0
1976 1 57.0
1976 2 738.0
1976 3 650.0
1976 4 1016.0
1976 5 1029.0
1976 6 2387.0
1976 7 799.0
1976 8 953.0
1976 9 1311.0
1976 10 1498.0
1976 11 1403.0
1976 12 1529.0
1977 1 770.0
1977 2 500.0
1977 3 847.0
1977 4 2151.0
1977 5 1537.0
1977 6 1880.0
1977 7 1327.0
1977 8 1211.0
1977 9 907.0
1977 10 1172.0
1977 11 3404.0
1977 12 1555.0
1978 1 606.0
1978 2 177.0
1978 3 1313.0
1978 4 1501.0
1978 5 1589.0
1978 6 1280.0
1978 7 1861.0
1978 8 1628.0
1978 9 2121.0
1978 10 1571.0
1978 11 1967.0
1978 12 1081.0
1979 1 292.0
1979 2 481.0
1979 3 1122.0
1979 4 1344.0
1979 5 1434.0
1979 6 1478.0
1979 7 1321.0
1979 8 1600.0
1979 9 1844.0
1979 10 1965.0
1979 11 750.0
1979 12 875.0
1980 1 407.0
1980 2 186.0
1980 3 370.0
1980 4 879.0
1980 5 292.0
1980 6 958.0
1980 7 1395.0
1980 8 752.0
1980 9 1579.0
1980 10 1589.0
1980 11 869.0
1980 12 410.0
1981 1 287.0
1981 2 363.0
1981 3 1001.0
1981 4 687.0
1981 5 973.0
1981 6 413.0
1981 7 414.0
1981 8 451.0
1981 9 531.0
1981 10 362.0
1981 11 296.0
1981 12 189.0
1982 1 144.0
1982 2 22.0
1982 3 98.0
1982 4 284.0
1982 5 490.0
1982 6 777.0
1982 7 744.0
1982 8 135.0
1982 9 837.0
1982 10 734.0
1982 11 553.0
1982 12 308.0
1983 1 113.0
1983 2 141.0
1983 3 370.0
1983 4 380.0
1983 5 932.0
1983 6 1025.0
1983 7 512.0
1983 8 1088.0
1983 9 787.0
1983 10 555.0
1983 11 586.0
1983 12 227.0
1984 1 461.0
1984 2 379.0
1984 3 574.0
1984 4 974.0
1984 5 590.0
1984 6 1476.0
1984 7 1232.0
1984 8 1006.0
1984 9 666.0
1984 10 1221.0
1984 11 899.0
1984 12 461.0
1985 1 357.0
1985 2 510.0
1985 3 856.0
1985 4 1197.0
1985 5 2378.0
1985 6 1682.0
1985 7 1965.0
1985 8 1689.0
1985 9 1665.0
1985 10 954.0
1985 11 1060.0
1985 12 1517.0
1986 1 1009.0
1986 2 751.0
1986 3 1162.0
1986 4 1708.0
1986 5 1279.0
1986 6 2420.0
1986 7 2071.0
1986 8 2133.0
1986 9 1729.0
1986 10 1622.0
1986 11 1555.0
1986 12 1842.0
1987 1 1252.0
1987 2 647.0
1987 3 1134.0
1987 4 2033.0
1987 5 1887.0
1987 6 1596.0
1987 7 1290.0
1987 8 1107.0
1987 9 1663.0
1987 10 1897.0
1987 11 1773.0
1987 12 1013.0
1988 1 449.0
1988 2 620.0
1988 3 1449.0
1988 4 1206.0
1988 5 1843.0
1988 6 2707.0
1988 7 1627.0
1988 8 1628.0
1988 9 1543.0
1988 10 1076.0
1988 11 1017.0
1988 12 1034.0
1989 1 469.0
1989 2 430.0
1989 3 888.0
1989 4 1187.0
1989 5 1294.0
1989 6 1812.0
1989 7 680.0
1989 8 2154.0
1989 9 1507.0
1989 10 1551.0
1989 11 2386.0
1989 12 1043.0
1990 1 1480.0
1990 2 565.0
1990 3 965.0
1990 4 812.0
1990 5 598.0
1990 6 1235.0
1990 7 1006.0
1990 8 1126.0
1990 9 1192.0
1990 10 798.0
1990 11 483.0
1990 12 426.0
1991 1 538.0
1991 2 256.0
1991 3 341.0
1991 4 571.0
1991 5 519.0
1991 6 643.0
1991 7 372.0
1991 8 566.0
1991 9 701.0
1991 10 892.0
1991 11 842.0
1991 12 289.0
1992 1 217.0
1992 2 1139.0
1992 3 555.0
1992 4 489.0
1992 5 743.0
1992 6 458.0
1992 7 670.0
1992 8 339.0
1992 9 954.0
1992 10 570.0
1992 11 233.0
1992 12 493.0
1993 1 417.0
1993 2 162.0
1993 3 432.0
1993 4 214.0
1993 5 474.0
1993 6 480.0
1993 7 501.0
1993 8 544.0
1993 9 946.0
1993 10 322.0
1993 11 695.0
1993 12 606.0
1994 1 258.0
1994 2 140.0
1994 3 343.0
1994 4 490.0
1994 5 831.0
1994 6 666.0
1994 7 477.0
1994 8 2108.0
1994 9 984.0
1994 10 1511.0
1994 11 914.0
1994 12 1035.0
1995 1 522.0
1995 2 308.0
1995 3 774.0
1995 4 708.0
1995 5 764.0
1995 6 583.0
1995 7 757.0
1995 8 752.0
1995 9 670.0
1995 10 1114.0
1995 11 776.0
1995 12 891.0
1996 1 628.0
1996 2 388.0
1996 3 461.0
1996 4 1003.0
1996 5 505.0
1996 6 950.0
1996 7 773.0
1996 8 1404.0
1996 9 1026.0
1996 10 1011.0
1996 11 1149.0
1996 12 780.0
1997 1 626.0
1997 2 507.0
1997 3 601.0
1997 4 790.0
1997 5 934.0
1997 6 785.0
1997 7 692.0
1997 8 860.0
1997 9 738.0
1997 10 743.0
1997 11 543.0
1997 12 718.0
1998 1 487.0
1998 2 535.0
1998 3 940.0
1998 4 738.0
1998 5 650.0
1998 6 930.0
1998 7 937.0
1998 8 1299.0
1998 9 917.0
1998 10 1161.0
1998 11 583.0
1998 12 812.0
1999 1 326.0
1999 2 297.0
1999 3 805.0
1999 4 1114.0
1999 5 1508.0
1999 6 867.0
1999 7 741.0
1999 8 1006.0
1999 9 967.0
1999 10 704.0
1999 11 852.0
1999 12 442.0
2000 1 567.0
2000 2 358.0
2000 3 1072.0
2000 4 795.0
2000 5 619.0
2000 6 743.0
2000 7 1457.0
2000 8 1086.0
2000 9 855.0
2000 10 829.0
2000 11 482.0
2000 12 1095.0
2001 1 382.0
2001 2 824.0
2001 3 556.0
2001 4 592.0
2001 5 747.0
2001 6 779.0
2001 7 1327.0
2001 8 408.0
2001 9 830.0
2001 10 475.0
2001 11 438.0
2001 12 938.0
2002 1 312.0
2002 2 419.0
2002 3 563.0
2002 4 729.0
2002 5 815.0
2002 6 948.0
2002 7 521.0
2002 8 1014.0
2002 9 530.0
2002 10 892.0
2002 11 551.0
2002 12 696.0
2003 1 524.0
2003 2 391.0
2003 3 390.0
2003 4 643.0
2003 5 713.0
2003 6 649.0
2003 7 479.0
2003 8 965.0
2003 9 1092.0
2003 10 1020.0
2003 11 506.0
2003 12 433.0
2004 1 405.0
2004 2 369.0
2004 3 588.0
2004 4 666.0
2004 5 452.0
2004 6 393.0
2004 7 846.0
2004 8 1108.0
2004 9 789.0
2004 10 1113.0
2004 11 859.0
2004 12 287.0
2005 1 413.0
2005 2 358.0
2005 3 412.0
2005 4 544.0
2005 5 842.0
2005 6 444.0
2005 7 687.0
2005 8 610.0
2005 9 474.0
2005 10 491.0
2005 11 1076.0
2005 12 236.0
2006 1 278.0
2006 2 238.0
2006 3 462.0
2006 4 479.0
2006 5 326.0
2006 6 402.0
2006 7 405.0
2006 8 853.0
2006 9 640.0
2006 10 259.0
2006 11 334.0
2006 12 364.0
2007 1 65.0
2007 2 81.0
2007 3 117.0
2007 4 193.0
2007 5 288.0
2007 6 180.0
2007 7 299.0
2007 8 458.0
2007 9 462.0
2007 10 179.0
2007 11 181.0
2007 12 58.0
2008 1 119.0
2008 2 176.0
2008 3 59.0
2008 4 116.0
2008 5 236.0
2008 6 181.0
2008 7 193.0
2008 8 225.0
2008 9 179.0
2008 10 286.0
2008 11 30.0
2008 12 96.0
2009 1 67.0
2009 2 28.0
2009 3 16.0
2009 4 50.0
2009 5 63.0
2009 6 79.0
2009 7 49.0
2009 8 12.0
2009 9 91.0
2009 10 85.0
2009 11 40.0
2009 12 33.0
2010 1 156.0
2010 2 10.0
2010 3 19.0
2010 4 56.0
2010 5 73.0
2010 6 179.0
2010 7 130.0
2010 8 110.0
2010 9 34.0
2010 10 94.0
2010 11 102.0
2010 12 167.0
2011 1 18.0
2011 2 14.0
2011 3 22.0
2011 4 60.0
2011 5 26.0
2011 6 98.0
2011 7 184.0
2011 8 165.0
2011 9 93.0
2011 10 79.0
2011 11 89.0
2011 12 114.0
2012 1 41.0
2012 2 13.0
2012 3 95.0
2012 4 60.0
2012 5 267.0
2012 6 98.0
2012 7 145.0
2012 8 107.0
2012 9 107.0
2012 10 176.0
2012 11 264.0
2012 12 25.0
2013 1 152.0
2013 2 63.0
2013 3 116.0
2013 4 157.0
2013 5 186.0
2013 6 73.0
2013 7 98.0
2013 8 135.0
2013 9 542.0
2013 10 336.0
2013 11 174.0
2013 12 217.0
2014 1 327.0
2014 2 43.0
2014 3 45.0
2014 4 98.0
2014 5 541.0
2014 6 306.0
2014 7 631.0
2014 8 326.0
2014 9 456.0
2014 10 197.0
2014 11 193.0
2014 12 114.0
2015 1 111.0
2015 2 69.0
2015 3 183.0
2015 4 518.0
2015 5 674.0
2015 6 1055.0
2015 7 659.0
2015 8 680.0
2015 9 844.0
2015 10 940.0
2015 11 1093.0
2015 12 553.0
2016 1 522.0
2016 2 429.0
2016 3 479.0
2016 4 1252.0
2016 5 1006.0
2016 6 1063.0
2016 7 1418.0
2016 8 705.0
2016 9 851.0
2016 10 1073.0
2016 11 597.0
2016 12 286.0
2017 1 484.0
2017 2 823.0
2017 3 605.0
2017 4 546.0
2017 5 933.0
2017 6 1018.0
2017 7 706.0
2017 8 484.0
2017 9 934.0
2017 10 1420.0
2017 11 369.0
2017 12 474.0
2018 1 180.0
2018 2 112.0
2018 3 398.0
2018 4 312.0
2018 5 337.0
2018 6 222.0
2018 7 339.0
2018 8 487.0
2018 9 285.0
2018 10 1241.0
2018 11 270.0
2018 12 198.0
2019 1 520.0
2019 2 779.0
2019 3 898.0
2019 4 348.0
2019 5 783.0
2019 6 284.0
2019 7 512.0
2019 8 249.0
2019 9 664.0
2019 10 688.0
2019 11 334.0
2019 12 97.0
2020 1 428.0
2020 2 188.0
2020 3 88.0
2020 4 253.0
2020 5 348.0
2020 6 220.0
2020 7 371.0
2020 8 230.0
2020 9 452.0
2020 10 525.0
2020 11 920.0
2020 12 745.0
2021 1 564.0
2021 2 390.0
2021 3 534.0
2021 4 453.0
2021 5 473.0
2021 6 668.0
2021 7 382.0
2021 8 450.0
2021 9 592.0
2021 10 450.0
2021 11 604.0
2021 12 571.0
2022 1 422.0
2022 2 430.0
2022 3 824.0
2022 4 480.0
2022 5 788.0
2022 6 415.0
2022 7 437.0
2022 8 1057.0
2022 9 462.0
2022 10 403.0
2022 11 167.0
2022 12 532.0
2023 1 612.0
2023 2 361.0
2023 3 564.0
2023 4 365.0
2023 5 311.0
2023 6 400.0
2023 7 567.0
2023 8 768.0
2023 9 324.0
2023 10 430.0
2023 11 709.0
2023 12 338.0
2024 1 352.0
2024 2 406.0
2024 3 275.0
2024 4 224.0
2024 5 523.0
2024 6 356.0
2024 7 357.0
2024 8 690.0
