1960 5 194.0
1960 6 14.0
1960 7 156.0
1960 8 181.0
1960 9 97.0
1960 10 105.0
1960 11 105.0
1960 12 36.0
1961 1 162.0
1961 2 245.0
1961 3 199.0
1961 4 206.0
1961 5 213.0
1961 6 231.0
1961 7 71.0
1961 8 212.0
1961 9 80.0
1961 10 71.0
1961 11 124.0
1961 12 44.0
1962 1 748.0
1962 2 80.0
1962 3 291.0
1962 4 190.0
1962 5 238.0
1962 6 208.0
1962 7 608.0
1962 8 665.0
1962 9 744.0
1962 10 381.0
1962 11 443.0
1962 12 311.0
1963 1 486.0
1963 2 166.0
1963 3 624.0
1963 4 708.0
1963 5 582.0
1963 6 390.0
1963 7 690.0
1963 8 865.0
1963 9 343.0
1963 10 1000.0
1963 11 790.0
1963 12 834.0
1964 1 394.0
1964 2 1055.0
1964 3 797.0
1964 4 734.0
1964 5 1138.0
1964 6 1294.0
1964 7 1063.0
1964 8 1337.0
1964 9 926.0
1964 10 1111.0
1964 11 1085.0
1964 12 825.0
1965 1 877.0
1965 2 619.0
1965 3 1150.0
1965 4 1182.0
1965 5 1646.0
1965 6 1810.0
1965 7 2709.0
1965 8 1749.0
1965 9 2659.0
1965 10 1179.0
1965 11 1286.0
1965 12 1798.0
1966 1 1981.0
1966 2 1059.0
1966 3 1372.0
1966 4 1852.0
1966 5 1846.0
1966 6 1396.0
1966 7 1526.0
1966 8 1121.0
1966 9 1347.0
1966 10 1289.0
1966 11 444.0
1966 12 293.0
1967 1 427.0
1967 2 1044.0
1967 3 1385.0
1967 4 1959.0
1967 5 1745.0
1967 6 1570.0
1967 7 1544.0
1967 8 1559.0
1967 9 1577.0
1967 10 2427.0
1967 11 1906.0
1967 12 1975.0
1968 1 1182.0
1968 2 1088.0
1968 3 1830.0
1968 4 1642.0
1968 5 1974.0
1968 6 1172.0
1968 7 2075.0
1968 8 1539.0
1968 9 2926.0
1968 10 2113.0
1968 11 2832.0
1968 12 2134.0
1969 1 1932.0
1969 2 1565.0
1969 3 3482.0
1969 4 2901.0
1969 5 1927.0
1969 6 3269.0
1969 7 1145.0
1969 8 1843.0
1969 9 2187.0
1969 10 1861.0
1969 11 1960.0
1969 12 1648.0
1970 1 702.0
1970 2 1122.0
1970 3 2242.0
1970 4 813.0
1970 5 1059.0
1970 6 1592.0
1970 7 1768.0
1970 8 1489.0
1970 9 1453.0
1970 10 2102.0
1970 11 1205.0
1970 12 2195.0
1971 1 417.0
1971 2 960.0
1971 3 1790.0
1971 4 2407.0
1971 5 1486.0
1971 6 2167.0
1971 7 3251.0
1971 8 2304.0
1971 9 1580.0
1971 10 2427.0
1971 11 3991.0
1971 12 2788.0
1972 1 1159.0
1972 2 1045.0
1972 3 2349.0
1972 4 3133.0
1972 5 3791.0
1972 6 2544.0
1972 7 2120.0
1972 8 2792.0
1972 9 2272.0
1972 10 2209.0
1972 11 2979.0
1972 12 1723.0
1973 1 2076.0
1973 2 1502.0
1973 3 3153.0
1973 4 2772.0
1973 5 3342.0
1973 6 1178.0
1973 7 3443.0
1973 8 5849.0
1973 9 2314.0
1973 10 1846.0
1973 11 2696.0
1973 12 1636.0
1974 1 1164.0
1974 2 709.0
1974 3 1812.0
1974 4 1500.0
1974 5 1671.0
1974 6 1826.0
1974 7 1021.0
1974 8 775.0
1974 9 889.0
1974 10 2280.0
1974 11 1149.0
1974 12 745.0
1975 1 864.0
1975 2 386.0
1975 3 242.0
1975 4 383.0
1975 5 868.0
1975 6 669.0
1975 7 943.0
1975 8 655.0
1975 9 781.0
1975 10 1227.0
1975 11 501.0
1975 12 827.0
1976 1 27.0
1976 2 679.0
1976 3 537.0
1976 4 879.0
1976 5 928.0
1976 6 2225.0
1976 7 626.0
1976 8 795.0
1976 9 1114.0
1976 10 1383.0
1976 11 1253.0
1976 12 1469.0
1977 1 623.0
1977 2 412.0
1977 3 765.0
1977 4 1969.0
1977 5 1318.0
1977 6 1706.0
1977 7 1175.0
1977 8 1060.0
1977 9 504.0
1977 10 996.0
1977 11 3145.0
1977 12 1495.0
1978 1 505.0
1978 2 87.0
1978 3 1149.0
1978 4 1268.0
1978 5 1455.0
1978 6 1076.0
1978 7 1683.0
1978 8 1427.0
1978 9 1958.0
1978 10 1347.0
1978 11 1738.0
1978 12 967.0
1979 1 235.0
1979 2 422.0
1979 3 962.0
1979 4 1092.0
1979 5 1200.0
1979 6 1275.0
1979 7 1086.0
1979 8 1392.0
1979 9 1423.0
1979 10 1764.0
1979 11 615.0
1979 12 609.0
1980 1 330.0
1980 2 68.0
1980 3 309.0
1980 4 766.0
1980 5 157.0
1980 6 826.0
1980 7 1304.0
1980 8 492.0
1980 9 1257.0
1980 10 1401.0
1980 11 755.0
1980 12 307.0
1981 1 218.0
1981 2 332.0
1981 3 884.0
1981 4 536.0
1981 5 806.0
1981 6 282.0
1981 7 338.0
1981 8 273.0
1981 9 402.0
1981 10 229.0
1981 11 235.0
1981 12 139.0
1982 1 124.0
1982 2 16.0
1982 3 72.0
1982 4 249.0
1982 5 397.0
1982 6 718.0
1982 7 713.0
1982 8 99.0
1982 9 746.0
1982 10 669.0
1982 11 479.0
1982 12 261.0
1983 1 103.0
1983 2 93.0
1983 3 302.0
1983 4 226.0
1983 5 795.0
1983 6 902.0
1983 7 411.0
1983 8 980.0
1983 9 669.0
1983 10 413.0
1983 11 450.0
1983 12 164.0
1984 1 432.0
1984 2 327.0
1984 3 487.0
1984 4 778.0
1984 5 428.0
1984 6 1272.0
1984 7 1023.0
1984 8 590.0
1984 9 555.0
1984 10 1052.0
1984 11 825.0
1984 12 423.0
1985 1 276.0
1985 2 473.0
1985 3 696.0
1985 4 1004.0
1985 5 2221.0
1985 6 1447.0
1985 7 1663.0
1985 8 1520.0
1985 9 1411.0
1985 10 696.0
1985 11 917.0
1985 12 1349.0
1986 1 826.0
1986 2 643.0
1986 3 914.0
1986 4 1271.0
1986 5 869.0
1986 6 1913.0
1986 7 1795.0
1986 8 1861.0
1986 9 1401.0
1986 10 1435.0
1986 11 1318.0
1986 12 1724.0
1987 1 1015.0
1987 2 527.0
1987 3 955.0
1987 4 1827.0
1987 5 1709.0
1987 6 1364.0
1987 7 1084.0
1987 8 887.0
1987 9 1404.0
1987 10 1651.0
1987 11 1583.0
1987 12 914.0
1988 1 302.0
1988 2 545.0
1988 3 1202.0
1988 4 940.0
1988 5 1682.0
1988 6 2463.0
1988 7 1443.0
1988 8 1479.0
1988 9 1285.0
1988 10 893.0
1988 11 938.0
1988 12 950.0
1989 1 357.0
1989 2 342.0
1989 3 772.0
1989 4 1041.0
1989 5 1131.0
1989 6 1639.0
1989 7 467.0
1989 8 1938.0
1989 9 1216.0
1989 10 1365.0
1989 11 2268.0
1989 12 979.0
1990 1 1378.0
1990 2 487.0
1990 3 793.0
1990 4 675.0
1990 5 463.0
1990 6 1049.0
1990 7 870.0
1990 8 1003.0
1990 9 1056.0
1990 10 635.0
1990 11 385.0
1990 12 377.0
1991 1 505.0
1991 2 219.0
1991 3 239.0
1991 4 468.0
1991 5 397.0
1991 6 539.0
1991 7 297.0
1991 8 369.0
1991 9 566.0
1991 10 781.0
1991 11 795.0
1991 12 242.0
1992 1 179.0
1992 2 1082.0
1992 3 455.0
1992 4 410.0
1992 5 607.0
1992 6 374.0
1992 7 561.0
1992 8 219.0
1992 9 653.0
1992 10 469.0
1992 11 157.0
1992 12 417.0
1993 1 350.0
1993 2 99.0
1993 3 368.0
1993 4 161.0
1993 5 393.0
1993 6 404.0
1993 7 383.0
1993 8 465.0
1993 9 843.0
1993 10 144.0
1993 11 632.0
1993 12 536.0
1994 1 181.0
1994 2 68.0
1994 3 221.0
1994 4 410.0
1994 5 674.0
1994 6 537.0
1994 7 404.0
1994 8 1969.0
1994 9 772.0
1994 10 1244.0
1994 11 670.0
1994 12 927.0
1995 1 391.0
1995 2 214.0
1995 3 532.0
1995 4 560.0
1995 5 532.0
1995 6 367.0
1995 7 671.0
1995 8 581.0
1995 9 536.0
1995 10 889.0
1995 11 658.0
1995 12 794.0
1996 1 569.0
1996 2 312.0
1996 3 270.0
1996 4 889.0
1996 5 308.0
1996 6 783.0
1996 7 592.0
1996 8 1213.0
1996 9 856.0
1996 10 817.0
1996 11 988.0
1996 12 618.0
1997 1 490.0
1997 2 337.0
1997 3 414.0
1997 4 508.0
1997 5 778.0
1997 6 486.0
1997 7 512.0
1997 8 623.0
1997 9 564.0
1997 10 490.0
1997 11 447.0
1997 12 614.0
1998 1 407.0
1998 2 418.0
1998 3 799.0
1998 4 590.0
1998 5 550.0
1998 6 678.0
1998 7 755.0
1998 8 1100.0
1998 9 758.0
1998 10 992.0
1998 11 404.0
1998 12 720.0
1999 1 271.0
1999 2 210.0
1999 3 673.0
1999 4 967.0
1999 5 1346.0
1999 6 683.0
1999 7 612.0
1999 8 842.0
1999 9 797.0
1999 10 545.0
1999 11 691.0
1999 12 324.0
2000 1 457.0
2000 2 268.0
2000 3 949.0
2000 4 688.0
2000 5 453.0
2000 6 542.0
2000 7 1280.0
2000 8 887.0
2000 9 705.0
2000 10 669.0
2000 11 374.0
2000 12 962.0
2001 1 304.0
2001 2 650.0
2001 3 355.0
2001 4 446.0
2001 5 675.0
2001 6 528.0
2001 7 1211.0
2001 8 294.0
2001 9 715.0
2001 10 399.0
2001 11 372.0
2001 12 877.0
2002 1 218.0
2002 2 344.0
2002 3 457.0
2002 4 452.0
2002 5 607.0
2002 6 815.0
2002 7 363.0
2002 8 821.0
2002 9 375.0
2002 10 722.0
2002 11 481.0
2002 12 638.0
2003 1 455.0
2003 2 337.0
2003 3 286.0
2003 4 509.0
2003 5 576.0
2003 6 543.0
2003 7 379.0
2003 8 826.0
2003 9 891.0
2003 10 853.0
2003 11 384.0
2003 12 384.0
2004 1 314.0
2004 2 284.0
2004 3 497.0
2004 4 544.0
2004 5 293.0
2004 6 267.0
2004 7 706.0
2004 8 925.0
2004 9 647.0
2004 10 912.0
2004 11 747.0
2004 12 179.0
2005 1 323.0
2005 2 287.0
2005 3 333.0
2005 4 452.0
2005 5 712.0
2005 6 326.0
2005 7 566.0
2005 8 439.0
2005 9 384.0
2005 10 355.0
2005 11 983.0
2005 12 190.0
2006 1 223.0
2006 2 201.0
2006 3 340.0
2006 4 449.0
2006 5 227.0
2006 6 320.0
2006 7 246.0
2006 8 760.0
2006 9 609.0
2006 10 195.0
2006 11 279.0
2006 12 276.0
2007 1 46.0
2007 2 69.0
2007 3 86.0
2007 4 161.0
2007 5 232.0
2007 6 163.0
2007 7 278.0
2007 8 389.0
2007 9 434.0
2007 10 155.0
2007 11 165.0
2007 12 48.0
2008 1 108.0
2008 2 169.0
2008 3 22.0
2008 4 106.0
2008 5 213.0
2008 6 179.0
2008 7 179.0
2008 8 216.0
2008 9 66.0
2008 10 271.0
2008 11 26.0
2008 12 21.0
2009 1 35.0
2009 2 21.0
2009 3 10.0
2009 4 45.0
2009 5 58.0
2009 6 57.0
2009 7 15.0
2009 8 10.0
2009 9 80.0
2009 10 75.0
2009 11 27.0
2009 12 30.0
2010 1 61.0
2010 2 5.0
2010 3 15.0
2010 4 48.0
2010 5 15.0
2010 6 159.0
2010 7 98.0
2010 8 63.0
2010 9 20.0
2010 10 61.0
2010 11 96.0
2010 12 156.0
2011 1 18.0
2011 2 5.0
2011 3 20.0
2011 4 20.0
2011 5 17.0
2011 6 73.0
2011 7 166.0
2011 8 83.0
2011 9 74.0
2011 10 39.0
2011 11 83.0
2011 12 106.0
2012 1 38.0
2012 2 5.0
2012 3 92.0
2012 4 46.0
2012 5 230.0
2012 6 55.0
2012 7 92.0
2012 8 92.0
2012 9 90.0
2012 10 153.0
2012 11 247.0
2012 12 21.0
2013 1 117.0
2013 2 51.0
2013 3 102.0
2013 4 122.0
2013 5 175.0
2013 6 58.0
2013 7 37.0
2013 8 108.0
2013 9 455.0
2013 10 305.0
2013 11 162.0
2013 12 194.0
2014 1 325.0
2014 2 5.0
2014 3 15.0
2014 4 76.0
2014 5 521.0
2014 6 206.0
2014 7 561.0
2014 8 294.0
2014 9 392.0
2014 10 162.0
2014 11 169.0
2014 12 60.0
2015 1 89.0
2015 2 59.0
2015 3 117.0
2015 4 499.0
2015 5 648.0
2015 6 1027.0
2015 7 603.0
2015 8 601.0
2015 9 792.0
2015 10 890.0
2015 11 1058.0
2015 12 525.0
2016 1 514.0
2016 2 355.0
2016 3 438.0
2016 4 1188.0
2016 5 961.0
2016 6 900.0
2016 7 1398.0
2016 8 616.0
2016 9 757.0
2016 10 1006.0
2016 11 487.0
2016 12 254.0
2017 1 475.0
2017 2 755.0
2017 3 526.0
2017 4 479.0
2017 5 850.0
2017 6 918.0
2017 7 664.0
2017 8 322.0
2017 9 896.0
2017 10 1356.0
2017 11 356.0
2017 12 451.0
2018 1 156.0
2018 2 102.0
2018 3 342.0
2018 4 227.0
2018 5 267.0
2018 6 161.0
2018 7 271.0
2018 8 440.0
2018 9 231.0
2018 10 1197.0
2018 11 233.0
2018 12 161.0
2019 1 504.0
2019 2 754.0
2019 3 865.0
2019 4 317.0
2019 5 736.0
2019 6 166.0
2019 7 440.0
2019 8 164.0
2019 9 617.0
2019 10 623.0
2019 11 263.0
2019 12 91.0
2020 1 394.0
2020 2 174.0
2020 3 59.0
2020 4 241.0
2020 5 307.0
2020 6 212.0
2020 7 316.0
2020 8 206.0
2020 9 331.0
2020 10 497.0
2020 11 826.0
2020 12 690.0
2021 1 430.0
2021 2 376.0
2021 3 457.0
2021 4 337.0
2021 5 427.0
2021 6 606.0
2021 7 351.0
2021 8 403.0
2021 9 384.0
2021 10 397.0
2021 11 555.0
2021 12 500.0
2022 1 371.0
2022 2 372.0
2022 3 687.0
2022 4 432.0
2022 5 700.0
2022 6 316.0
2022 7 359.0
2022 8 985.0
2022 9 350.0
2022 10 316.0
2022 11 132.0
2022 12 466.0
2023 1 576.0
2023 2 337.0
2023 3 501.0
2023 4 318.0
2023 5 238.0
2023 6 339.0
2023 7 494.0
2023 8 666.0
2023 9 176.0
2023 10 260.0
2023 11 618.0
2023 12 310.0
2024 1 318.0
2024 2 361.0
2024 3 199.0
2024 4 164.0
2024 5 465.0
2024 6 262.0
2024 7 303.0
2024 8 568.0
