1960 5 1001.0
1960 6 1014.0
1960 7 731.0
1960 8 936.0
1960 9 1090.0
1960 10 939.0
1960 11 669.0
1960 12 683.0
1961 1 250.0
1961 2 317.0
1961 3 514.0
1961 4 791.0
1961 5 984.0
1961 6 805.0
1961 7 658.0
1961 8 691.0
1961 9 907.0
1961 10 902.0
1961 11 683.0
1961 12 357.0
1962 1 287.0
1962 2 316.0
1962 3 557.0
1962 4 876.0
1962 5 830.0
1962 6 764.0
1962 7 727.0
1962 8 803.0
1962 9 635.0
1962 10 813.0
1962 11 854.0
1962 12 416.0
1963 1 171.0
1963 2 305.0
1963 3 482.0
1963 4 872.0
1963 5 890.0
1963 6 697.0
1963 7 714.0
1963 8 872.0
1963 9 788.0
1963 10 756.0
1963 11 898.0
1963 12 371.0
1964 1 400.0
1964 2 499.0
1964 3 674.0
1964 4 784.0
1964 5 800.0
1964 6 811.0
1964 7 777.0
1964 8 785.0
1964 9 642.0
1964 10 758.0
1964 11 560.0
1964 12 289.0
1965 1 271.0
1965 2 225.0
1965 3 413.0
1965 4 691.0
1965 5 763.0
1965 6 709.0
1965 7 663.0
1965 8 649.0
1965 9 544.0
1965 10 614.0
1965 11 600.0
1965 12 379.0
1966 1 153.0
1966 2 276.0
1966 3 536.0
1966 4 758.0
1966 5 663.0
1966 6 639.0
1966 7 426.0
1966 8 450.0
1966 9 384.0
1966 10 410.0
1966 11 350.0
1966 12 206.0
1967 1 132.0
1967 2 176.0
1967 3 409.0
1967 4 633.0
1967 5 640.0
1967 6 719.0
1967 7 699.0
1967 8 607.0
1967 9 532.0
1967 10 725.0
1967 11 512.0
1967 12 372.0
1968 1 220.0
1968 2 329.0
1968 3 651.0
1968 4 877.0
1968 5 1488.0
1968 6 1297.0
1968 7 1382.0
1968 8 1467.0
1968 9 1352.0
1968 10 1507.0
1968 11 1130.0
1968 12 710.0
1969 1 393.0
1969 2 589.0
1969 3 928.0
1969 4 1382.0
1969 5 1215.0
1969 6 1149.0
1969 7 968.0
1969 8 928.0
1969 9 849.0
1969 10 895.0
1969 11 649.0
1969 12 579.0
1970 1 198.0
1970 2 283.0
1970 3 621.0
1970 4 1041.0
1970 5 938.0
1970 6 976.0
1970 7 867.0
1970 8 926.0
1970 9 891.0
1970 10 930.0
1970 11 721.0
1970 12 455.0
1971 1 331.0
1971 2 550.0
1971 3 845.0
1971 4 1185.0
1971 5 1256.0
1971 6 1412.0
1971 7 1296.0
1971 8 1263.0
1971 9 1291.0
1971 10 1371.0
1971 11 1136.0
1971 12 733.0
1972 1 354.0
1972 2 668.0
1972 3 1089.0
1972 4 1561.0
1972 5 1937.0
1972 6 1754.0
1972 7 1313.0
1972 8 1820.0
1972 9 1458.0
1972 10 1817.0
1972 11 1301.0
1972 12 2684.0
1973 1 561.0
1973 2 624.0
1973 3 1573.0
1973 4 1574.0
1973 5 1674.0
1973 6 1545.0
1973 7 1165.0
1973 8 1209.0
1973 9 1152.0
1973 10 1040.0
1973 11 998.0
1973 12 605.0
1974 1 375.0
1974 2 572.0
1974 3 1214.0
1974 4 1725.0
1974 5 1698.0
1974 6 1340.0
1974 7 1142.0
1974 8 1270.0
1974 9 1222.0
1974 10 1228.0
1974 11 836.0
1974 12 495.0
1975 1 239.0
1975 2 427.0
1975 3 870.0
1975 4 1159.0
1975 5 1341.0
1975 6 1487.0
1975 7 1658.0
1975 8 1373.0
1975 9 1407.0
1975 10 1438.0
1975 11 1063.0
1975 12 787.0
1976 1 863.0
1976 2 717.0
1976 3 1410.0
1976 4 2075.0
1976 5 1877.0
1976 6 2007.0
1976 7 1726.0
1976 8 1796.0
1976 9 1806.0
1976 10 1739.0
1976 11 1346.0
1976 12 844.0
1977 1 418.0
1977 2 917.0
1977 3 2477.0
1977 4 2717.0
1977 5 2659.0
1977 6 2715.0
1977 7 2343.0
1977 8 2645.0
1977 9 2279.0
1977 10 2512.0
1977 11 1994.0
1977 12 1118.0
1978 1 654.0
1978 2 1022.0
1978 3 2108.0
1978 4 3298.0
1978 5 3252.0
1978 6 2978.0
1978 7 2360.0
1978 8 2747.0
1978 9 2407.0
1978 10 2539.0
1978 11 1822.0
1978 12 1346.0
1979 1 530.0
1979 2 708.0
1979 3 1602.0
1979 4 2771.0
1979 5 2638.0
1979 6 2330.0
1979 7 2102.0
1979 8 1910.0
1979 9 2066.0
1979 10 1915.0
1979 11 970.0
1979 12 780.0
1980 1 317.0
1980 2 496.0
1980 3 650.0
1980 4 911.0
1980 5 1142.0
1980 6 1130.0
1980 7 1616.0
1980 8 1486.0
1980 9 1550.0
1980 10 1856.0
1980 11 1341.0
1980 12 1212.0
1981 1 407.0
1981 2 458.0
1981 3 995.0
1981 4 1332.0
1981 5 1265.0
1981 6 1321.0
1981 7 1227.0
1981 8 1111.0
1981 9 1076.0
1981 10 941.0
1981 11 694.0
1981 12 535.0
1982 1 185.0
1982 2 257.0
1982 3 627.0
1982 4 978.0
1982 5 1289.0
1982 6 1229.0
1982 7 1255.0
1982 8 993.0
1982 9 1219.0
1982 10 1320.0
1982 11 1049.0
1982 12 722.0
1983 1 466.0
1983 2 594.0
1983 3 1387.0
1983 4 1514.0
1983 5 2122.0
1983 6 2004.0
1983 7 1473.0
1983 8 1690.0
1983 9 1526.0
1983 10 1676.0
1983 11 1178.0
1983 12 570.0
1984 1 563.0
1984 2 881.0
1984 3 1044.0
1984 4 1840.0
1984 5 1926.0
1984 6 1872.0
1984 7 1687.0
1984 8 1526.0
1984 9 1344.0
1984 10 1450.0
1984 11 1099.0
1984 12 637.0
1985 1 490.0
1985 2 619.0
1985 3 1113.0
1985 4 1779.0
1985 5 2167.0
1985 6 1897.0
1985 7 2069.0
1985 8 1912.0
1985 9 1674.0
1985 10 1851.0
1985 11 1231.0
1985 12 617.0
1986 1 695.0
1986 2 823.0
1986 3 1686.0
1986 4 2317.0
1986 5 2433.0
1986 6 2485.0
1986 7 2437.0
1986 8 2055.0
1986 9 1973.0
1986 10 2318.0
1986 11 1239.0
1986 12 1122.0
1987 1 800.0
1987 2 1403.0
1987 3 2200.0
1987 4 2555.0
1987 5 2258.0
1987 6 2471.0
1987 7 2065.0
1987 8 2048.0
1987 9 2111.0
1987 10 1853.0
1987 11 1361.0
1987 12 1002.0
1988 1 498.0
1988 2 784.0
1988 3 1729.0
1988 4 2305.0
1988 5 2349.0
1988 6 2423.0
1988 7 1665.0
1988 8 2135.0
1988 9 1838.0
1988 10 1767.0
1988 11 1381.0
1988 12 1193.0
1989 1 647.0
1989 2 695.0
1989 3 1289.0
1989 4 1987.0
1989 5 2165.0
1989 6 2086.0
1989 7 1842.0
1989 8 2098.0
1989 9 1765.0
1989 10 1946.0
1989 11 1304.0
1989 12 828.0
1990 1 797.0
1990 2 962.0
1990 3 1566.0
1990 4 1942.0
1990 5 2065.0
1990 6 2105.0
1990 7 2028.0
1990 8 1949.0
1990 9 1623.0
1990 10 1756.0
1990 11 1066.0
1990 12 730.0
1991 1 793.0
1991 2 801.0
1991 3 1324.0
1991 4 2001.0
1991 5 2175.0
1991 6 1932.0
1991 7 1859.0
1991 8 1700.0
1991 9 1587.0
1991 10 1828.0
1991 11 1094.0
1991 12 1023.0
1992 1 932.0
1992 2 1167.0
1992 3 1915.0
1992 4 2312.0
1992 5 2051.0
1992 6 2316.0
1992 7 2181.0
1992 8 2140.0
1992 9 2095.0
1992 10 2322.0
1992 11 1424.0
1992 12 1298.0
1993 1 841.0
1993 2 1034.0
1993 3 1908.0
1993 4 2368.0
1993 5 2314.0
1993 6 2348.0
1993 7 2169.0
1993 8 2118.0
1993 9 2223.0
1993 10 2193.0
1993 11 1758.0
1993 12 1469.0
1994 1 765.0
1994 2 939.0
1994 3 1962.0
1994 4 2318.0
1994 5 2446.0
1994 6 2482.0
1994 7 2079.0
1994 8 2106.0
1994 9 1975.0
1994 10 1898.0
1994 11 1475.0
1994 12 1095.0
1995 1 565.0
1995 2 795.0
1995 3 1439.0
1995 4 1671.0
1995 5 2166.0
1995 6 2351.0
1995 7 2157.0
1995 8 2363.0
1995 9 1984.0
1995 10 2157.0
1995 11 1873.0
1995 12 1178.0
1996 1 751.0
1996 2 1023.0
1996 3 1541.0
1996 4 2459.0
1996 5 2576.0
1996 6 2474.0
1996 7 2350.0
1996 8 2045.0
1996 9 1760.0
1996 10 1942.0
1996 11 1244.0
1996 12 1016.0
1997 1 662.0
1997 2 982.0
1997 3 1478.0
1997 4 1931.0
1997 5 2112.0
1997 6 2380.0
1997 7 1961.0
1997 8 1764.0
1997 9 1971.0
1997 10 2138.0
1997 11 1394.0
1997 12 1271.0
1998 1 747.0
1998 2 1116.0
1998 3 1729.0
1998 4 2212.0
1998 5 2420.0
1998 6 2677.0
1998 7 2385.0
1998 8 2097.0
1998 9 2278.0
1998 10 2268.0
1998 11 1937.0
1998 12 1814.0
1999 1 711.0
1999 2 1144.0
1999 3 2318.0
1999 4 2758.0
1999 5 2510.0
1999 6 3057.0
1999 7 2359.0
1999 8 2577.0
1999 9 2562.0
1999 10 2328.0
1999 11 1887.0
1999 12 1734.0
2000 1 1114.0
2000 2 1346.0
2000 3 2487.0
2000 4 3178.0
2000 5 2443.0
2000 6 2569.0
2000 7 2017.0
2000 8 2433.0
2000 9 2023.0
2000 10 2382.0
2000 11 1551.0
2000 12 1210.0
2001 1 1184.0
2001 2 1130.0
2001 3 1993.0
2001 4 2268.0
2001 5 2909.0
2001 6 2649.0
2001 7 2527.0
2001 8 2427.0
2001 9 2016.0
2001 10 2488.0
2001 11 1973.0
2001 12 1632.0
2002 1 1275.0
2002 2 1357.0
2002 3 1813.0
2002 4 2569.0
2002 5 2827.0
2002 6 2525.0
2002 7 2449.0
2002 8 2408.0
2002 9 2333.0
2002 10 2652.0
2002 11 1936.0
2002 12 1920.0
2003 1 1526.0
2003 2 1251.0
2003 3 1876.0
2003 4 2867.0
2003 5 3043.0
2003 6 3245.0
2003 7 3191.0
2003 8 2920.0
2003 9 3446.0
2003 10 3356.0
2003 11 2200.0
2003 12 2007.0
2004 1 1119.0
2004 2 1363.0
2004 3 2215.0
2004 4 3372.0
2004 5 3213.0
2004 6 3489.0
2004 7 2990.0
2004 8 2995.0
2004 9 3008.0
2004 10 2921.0
2004 11 2254.0
2004 12 1978.0
2005 1 1062.0
2005 2 1167.0
2005 3 2051.0
2005 4 3013.0
2005 5 3509.0
2005 6 3292.0
2005 7 3039.0
2005 8 2890.0
2005 9 3059.0
2005 10 2962.0
2005 11 2111.0
2005 12 1596.0
2006 1 1247.0
2006 2 1243.0
2006 3 2052.0
2006 4 2178.0
2006 5 2661.0
2006 6 2520.0
2006 7 1894.0
2006 8 1941.0
2006 9 1850.0
2006 10 1879.0
2006 11 1215.0
2006 12 1109.0
2007 1 730.0
2007 2 603.0
2007 3 1149.0
2007 4 1471.0
2007 5 1943.0
2007 6 1582.0
2007 7 1517.0
2007 8 1283.0
2007 9 1196.0
2007 10 1171.0
2007 11 781.0
2007 12 494.0
2008 1 383.0
2008 2 362.0
2008 3 523.0
2008 4 903.0
2008 5 1227.0
2008 6 916.0
2008 7 978.0
2008 8 736.0
2008 9 868.0
2008 10 749.0
2008 11 397.0
2008 12 319.0
2009 1 159.0
2009 2 220.0
2009 3 327.0
2009 4 501.0
2009 5 830.0
2009 6 744.0
2009 7 780.0
2009 8 712.0
2009 9 817.0
2009 10 729.0
2009 11 559.0
2009 12 444.0
2010 1 216.0
2010 2 354.0
2010 3 687.0
2010 4 851.0
2010 5 700.0
2010 6 689.0
2010 7 675.0
2010 8 649.0
2010 9 586.0
2010 10 557.0
2010 11 432.0
2010 12 323.0
2011 1 217.0
2011 2 244.0
2011 3 412.0
2011 4 608.0
2011 5 615.0
2011 6 740.0
2011 7 643.0
2011 8 702.0
2011 9 709.0
2011 10 585.0
2011 11 436.0
2011 12 349.0
2012 1 264.0
2012 2 375.0
2012 3 579.0
2012 4 763.0
2012 5 863.0
2012 6 902.0
2012 7 863.0
2012 8 930.0
2012 9 874.0
2012 10 892.0
2012 11 664.0
2012 12 573.0
2013 1 449.0
2013 2 460.0
2013 3 653.0
2013 4 932.0
2013 5 1233.0
2013 6 1079.0
2013 7 1165.0
2013 8 1125.0
2013 9 1113.0
2013 10 1027.0
2013 11 761.0
2013 12 572.0
2014 1 368.0
2014 2 445.0
2014 3 650.0
2014 4 958.0
2014 5 1106.0
2014 6 1115.0
2014 7 1170.0
2014 8 1073.0
2014 9 1037.0
2014 10 1165.0
2014 11 609.0
2014 12 649.0
2015 1 619.0
2015 2 529.0
2015 3 824.0
2015 4 1036.0
2015 5 1203.0
2015 6 1558.0
2015 7 1401.0
2015 8 1338.0
2015 9 1144.0
2015 10 1192.0
2015 11 717.0
2015 12 669.0
2016 1 451.0
2016 2 675.0
2016 3 978.0
2016 4 1394.0
2016 5 1533.0
2016 6 1427.0
2016 7 1266.0
2016 8 1536.0
2016 9 1352.0
2016 10 1137.0
2016 11 961.0
2016 12 904.0
2017 1 560.0
2017 2 689.0
2017 3 1260.0
2017 4 1377.0
2017 5 1497.0
2017 6 1677.0
2017 7 1356.0
2017 8 1504.0
2017 9 1415.0
2017 10 1566.0
2017 11 981.0
2017 12 808.0
2018 1 618.0
2018 2 644.0
2018 3 868.0
2018 4 1318.0
2018 5 1728.0
2018 6 1590.0
2018 7 1559.0
2018 8 1607.0
2018 9 1276.0
2018 10 1367.0
2018 11 999.0
2018 12 643.0
2019 1 588.0
2019 2 584.0
2019 3 879.0
2019 4 1275.0
2019 5 1786.0
2019 6 1649.0
2019 7 1523.0
2019 8 1337.0
2019 9 1377.0
2019 10 1522.0
2019 11 1029.0
2019 12 963.0
2020 1 634.0
2020 2 648.0
2020 3 972.0
2020 4 1279.0
2020 5 1220.0
2020 6 1595.0
2020 7 1803.0
2020 8 1680.0
2020 9 1820.0
2020 10 1761.0
2020 11 1256.0
2020 12 1255.0
2021 1 928.0
2021 2 1027.0
2021 3 1859.0
2021 4 1947.0
2021 5 1858.0
2021 6 1745.0
2021 7 1573.0
2021 8 1614.0
2021 9 1482.0
2021 10 1554.0
2021 11 1433.0
2021 12 1018.0
2022 1 793.0
2022 2 884.0
2022 3 1373.0
2022 4 1488.0
2022 5 1631.0
2022 6 1526.0
2022 7 1175.0
2022 8 1232.0
2022 9 1055.0
2022 10 1166.0
2022 11 759.0
2022 12 520.0
2023 1 425.0
2023 2 520.0
2023 3 859.0
2023 4 1031.0
2023 5 1301.0
2023 6 1322.0
2023 7 1239.0
2023 8 1257.0
2023 9 1269.0
2023 10 1179.0
2023 11 837.0
2023 12 636.0
2024 1 681.0
2024 2 845.0
2024 3 954.0
2024 4 1420.0
2024 5 1420.0
2024 6 1182.0
2024 7 1267.0
2024 8 1330.0
