1960 5 467.0
1960 6 196.0
1960 7 320.0
1960 8 292.0
1960 9 289.0
1960 10 534.0
1960 11 484.0
1960 12 438.0
1961 1 399.0
1961 2 326.0
1961 3 582.0
1961 4 457.0
1961 5 489.0
1961 6 588.0
1961 7 316.0
1961 8 374.0
1961 9 722.0
1961 10 469.0
1961 11 541.0
1961 12 415.0
1962 1 351.0
1962 2 916.0
1962 3 591.0
1962 4 570.0
1962 5 606.0
1962 6 1021.0
1962 7 689.0
1962 8 600.0
1962 9 618.0
1962 10 778.0
1962 11 725.0
1962 12 667.0
1963 1 329.0
1963 2 277.0
1963 3 647.0
1963 4 1141.0
1963 5 1366.0
1963 6 635.0
1963 7 767.0
1963 8 736.0
1963 9 482.0
1963 10 920.0
1963 11 843.0
1963 12 279.0
1964 1 668.0
1964 2 812.0
1964 3 507.0
1964 4 567.0
1964 5 962.0
1964 6 511.0
1964 7 1461.0
1964 8 947.0
1964 9 613.0
1964 10 757.0
1964 11 704.0
1964 12 501.0
1965 1 93.0
1965 2 36.0
1965 3 808.0
1965 4 795.0
1965 5 948.0
1965 6 912.0
1965 7 696.0
1965 8 468.0
1965 9 927.0
1965 10 1235.0
1965 11 764.0
1965 12 728.0
1966 1 178.0
1966 2 339.0
1966 3 884.0
1966 4 800.0
1966 5 869.0
1966 6 307.0
1966 7 278.0
1966 8 176.0
1966 9 420.0
1966 10 315.0
1966 11 396.0
1966 12 111.0
1967 1 152.0
1967 2 506.0
1967 3 383.0
1967 4 831.0
1967 5 956.0
1967 6 855.0
1967 7 995.0
1967 8 1413.0
1967 9 999.0
1967 10 892.0
1967 11 1511.0
1967 12 958.0
1968 1 944.0
1968 2 1239.0
1968 3 1081.0
1968 4 1694.0
1968 5 2103.0
1968 6 608.0
1968 7 1132.0
1968 8 867.0
1968 9 1590.0
1968 10 1588.0
1968 11 1306.0
1968 12 1939.0
1969 1 1178.0
1969 2 1107.0
1969 3 1355.0
1969 4 2207.0
1969 5 1293.0
1969 6 2164.0
1969 7 1732.0
1969 8 1120.0
1969 9 615.0
1969 10 2916.0
1969 11 1271.0
1969 12 834.0
1970 1 469.0
1970 2 334.0
1970 3 974.0
1970 4 1730.0
1970 5 1517.0
1970 6 818.0
1970 7 615.0
1970 8 1904.0
1970 9 1118.0
1970 10 1582.0
1970 11 1158.0
1970 12 1030.0
1971 1 836.0
1971 2 467.0
1971 3 915.0
1971 4 2339.0
1971 5 1483.0
1971 6 1765.0
1971 7 1461.0
1971 8 1141.0
1971 9 1444.0
1971 10 1127.0
1971 11 2002.0
1971 12 1958.0
1972 1 367.0
1972 2 1489.0
1972 3 1055.0
1972 4 834.0
1972 5 1104.0
1972 6 1314.0
1972 7 981.0
1972 8 1119.0
1972 9 1431.0
1972 10 930.0
1972 11 624.0
1972 12 4877.0
1973 1 464.0
1973 2 298.0
1973 3 285.0
1973 4 754.0
1973 5 296.0
1973 6 455.0
1973 7 561.0
1973 8 929.0
1973 9 896.0
1973 10 509.0
1973 11 316.0
1973 12 749.0
1974 1 539.0
1974 2 226.0
1974 3 833.0
1974 4 511.0
1974 5 301.0
1974 6 315.0
1974 7 384.0
1974 8 624.0
1974 9 322.0
1974 10 792.0
1974 11 24.0
1974 12 364.0
1975 1 2.0
1975 2 43.0
1975 3 112.0
1975 4 70.0
1975 5 816.0
1975 6 732.0
1975 7 247.0
1975 8 446.0
1975 9 256.0
1975 10 226.0
1975 11 487.0
1975 12 711.0
1976 1 1252.0
1976 2 130.0
1976 3 190.0
1976 4 329.0
1976 5 653.0
1976 6 432.0
1976 7 257.0
1976 8 114.0
1976 9 477.0
1976 10 869.0
1976 11 838.0
1976 12 471.0
1977 1 94.0
1977 2 235.0
1977 3 245.0
1977 4 512.0
1977 5 784.0
1977 6 948.0
1977 7 708.0
1977 8 1579.0
1977 9 1594.0
1977 10 707.0
1977 11 926.0
1977 12 3342.0
1978 1 74.0
1978 2 286.0
1978 3 562.0
1978 4 724.0
1978 5 1312.0
1978 6 740.0
1978 7 543.0
1978 8 868.0
1978 9 1906.0
1978 10 1203.0
1978 11 514.0
1978 12 697.0
1979 1 198.0
1979 2 222.0
1979 3 293.0
1979 4 472.0
1979 5 526.0
1979 6 1984.0
1979 7 531.0
1979 8 1115.0
1979 9 976.0
1979 10 981.0
1979 11 351.0
1979 12 976.0
1980 1 1266.0
1980 2 537.0
1980 3 559.0
1980 4 445.0
1980 5 435.0
1980 6 217.0
1980 7 565.0
1980 8 474.0
1980 9 934.0
1980 10 492.0
1980 11 483.0
1980 12 910.0
1981 1 211.0
1981 2 92.0
1981 3 298.0
1981 4 442.0
1981 5 205.0
1981 6 349.0
1981 7 365.0
1981 8 375.0
1981 9 656.0
1981 10 1276.0
1981 11 724.0
1981 12 277.0
1982 1 98.0
1982 2 136.0
1982 3 665.0
1982 4 218.0
1982 5 570.0
1982 6 420.0
1982 7 513.0
1982 8 339.0
1982 9 670.0
1982 10 1546.0
1982 11 750.0
1982 12 415.0
1983 1 593.0
1983 2 258.0
1983 3 373.0
1983 4 457.0
1983 5 854.0
1983 6 895.0
1983 7 408.0
1983 8 832.0
1983 9 1266.0
1983 10 1327.0
1983 11 949.0
1983 12 342.0
1984 1 592.0
1984 2 727.0
1984 3 638.0
1984 4 1108.0
1984 5 653.0
1984 6 914.0
1984 7 749.0
1984 8 1123.0
1984 9 1040.0
1984 10 1257.0
1984 11 606.0
1984 12 1323.0
1985 1 125.0
1985 2 242.0
1985 3 752.0
1985 4 608.0
1985 5 919.0
1985 6 1295.0
1985 7 746.0
1985 8 721.0
1985 9 2050.0
1985 10 1459.0
1985 11 1270.0
1985 12 1314.0
1986 1 534.0
1986 2 701.0
1986 3 685.0
1986 4 1124.0
1986 5 1395.0
1986 6 1259.0
1986 7 1039.0
1986 8 973.0
1986 9 937.0
1986 10 1178.0
1986 11 1016.0
1986 12 1556.0
1987 1 602.0
1987 2 597.0
1987 3 1833.0
1987 4 1150.0
1987 5 596.0
1987 6 845.0
1987 7 1164.0
1987 8 685.0
1987 9 1858.0
1987 10 1320.0
1987 11 1320.0
1987 12 652.0
1988 1 501.0
1988 2 484.0
1988 3 526.0
1988 4 1139.0
1988 5 1001.0
1988 6 663.0
1988 7 637.0
1988 8 853.0
1988 9 706.0
1988 10 693.0
1988 11 694.0
1988 12 533.0
1989 1 260.0
1989 2 426.0
1989 3 859.0
1989 4 535.0
1989 5 464.0
1989 6 932.0
1989 7 617.0
1989 8 796.0
1989 9 764.0
1989 10 579.0
1989 11 178.0
1989 12 281.0
1990 1 1146.0
1990 2 55.0
1990 3 138.0
1990 4 162.0
1990 5 364.0
1990 6 243.0
1990 7 594.0
1990 8 216.0
1990 9 610.0
1990 10 389.0
1990 11 499.0
1990 12 246.0
1991 1 120.0
1991 2 99.0
1991 3 86.0
1991 4 184.0
1991 5 426.0
1991 6 371.0
1991 7 415.0
1991 8 291.0
1991 9 415.0
1991 10 395.0
1991 11 384.0
1991 12 250.0
1992 1 299.0
1992 2 180.0
1992 3 303.0
1992 4 305.0
1992 5 290.0
1992 6 238.0
1992 7 421.0
1992 8 358.0
1992 9 207.0
1992 10 199.0
1992 11 208.0
1992 12 461.0
1993 1 131.0
1993 2 191.0
1993 3 172.0
1993 4 181.0
1993 5 222.0
1993 6 493.0
1993 7 537.0
1993 8 240.0
1993 9 538.0
1993 10 953.0
1993 11 219.0
1993 12 164.0
1994 1 32.0
1994 2 42.0
1994 3 155.0
1994 4 308.0
1994 5 510.0
1994 6 333.0
1994 7 727.0
1994 8 345.0
1994 9 421.0
1994 10 1154.0
1994 11 372.0
1994 12 883.0
1995 1 221.0
1995 2 241.0
1995 3 338.0
1995 4 384.0
1995 5 525.0
1995 6 579.0
1995 7 368.0
1995 8 487.0
1995 9 542.0
1995 10 755.0
1995 11 400.0
1995 12 229.0
1996 1 137.0
1996 2 120.0
1996 3 125.0
1996 4 337.0
1996 5 439.0
1996 6 289.0
1996 7 376.0
1996 8 616.0
1996 9 534.0
1996 10 540.0
1996 11 636.0
1996 12 787.0
1997 1 28.0
1997 2 113.0
1997 3 470.0
1997 4 729.0
1997 5 145.0
1997 6 393.0
1997 7 338.0
1997 8 384.0
1997 9 1118.0
1997 10 1044.0
1997 11 398.0
1997 12 395.0
1998 1 256.0
1998 2 236.0
1998 3 265.0
1998 4 617.0
1998 5 409.0
1998 6 672.0
1998 7 920.0
1998 8 411.0
1998 9 604.0
1998 10 864.0
1998 11 709.0
1998 12 866.0
1999 1 340.0
1999 2 479.0
1999 3 617.0
1999 4 377.0
1999 5 458.0
1999 6 615.0
1999 7 463.0
1999 8 846.0
1999 9 746.0
1999 10 593.0
1999 11 658.0
1999 12 626.0
2000 1 208.0
2000 2 680.0
2000 3 723.0
2000 4 276.0
2000 5 441.0
2000 6 500.0
2000 7 533.0
2000 8 716.0
2000 9 1145.0
2000 10 1036.0
2000 11 964.0
2000 12 615.0
2001 1 210.0
2001 2 264.0
2001 3 567.0
2001 4 368.0
2001 5 594.0
2001 6 604.0
2001 7 497.0
2001 8 483.0
2001 9 1202.0
2001 10 707.0
2001 11 1526.0
2001 12 834.0
2002 1 884.0
2002 2 659.0
2002 3 602.0
2002 4 992.0
2002 5 408.0
2002 6 585.0
2002 7 1090.0
2002 8 989.0
2002 9 1255.0
2002 10 1561.0
2002 11 577.0
2002 12 1076.0
2003 1 281.0
2003 2 506.0
2003 3 473.0
2003 4 800.0
2003 5 638.0
2003 6 601.0
2003 7 773.0
2003 8 856.0
2003 9 1068.0
2003 10 896.0
2003 11 797.0
2003 12 1652.0
2004 1 339.0
2004 2 309.0
2004 3 589.0
2004 4 485.0
2004 5 913.0
2004 6 969.0
2004 7 663.0
2004 8 1080.0
2004 9 1233.0
2004 10 1284.0
2004 11 691.0
2004 12 1275.0
2005 1 332.0
2005 2 305.0
2005 3 349.0
2005 4 622.0
2005 5 345.0
2005 6 538.0
2005 7 582.0
2005 8 403.0
2005 9 515.0
2005 10 864.0
2005 11 1133.0
2005 12 339.0
2006 1 153.0
2006 2 246.0
2006 3 626.0
2006 4 217.0
2006 5 301.0
2006 6 731.0
2006 7 903.0
2006 8 390.0
2006 9 695.0
2006 10 139.0
2006 11 367.0
2006 12 678.0
2007 1 272.0
2007 2 109.0
2007 3 361.0
2007 4 230.0
2007 5 166.0
2007 6 240.0
2007 7 1043.0
2007 8 246.0
2007 9 234.0
2007 10 306.0
2007 11 276.0
2007 12 220.0
2008 1 102.0
2008 2 21.0
2008 3 249.0
2008 4 67.0
2008 5 178.0
2008 6 355.0
2008 7 208.0
2008 8 162.0
2008 9 550.0
2008 10 178.0
2008 11 46.0
2008 12 216.0
2009 1 639.0
2009 2 221.0
2009 3 53.0
2009 4 96.0
2009 5 88.0
2009 6 130.0
2009 7 218.0
2009 8 101.0
2009 9 157.0
2009 10 265.0
2009 11 111.0
2009 12 288.0
2010 1 4.0
2010 2 107.0
2010 3 351.0
2010 4 121.0
2010 5 563.0
2010 6 89.0
2010 7 68.0
2010 8 358.0
2010 9 87.0
2010 10 690.0
2010 11 136.0
2010 12 273.0
2011 1 29.0
2011 2 28.0
2011 3 130.0
2011 4 139.0
2011 5 88.0
2011 6 201.0
2011 7 222.0
2011 8 73.0
2011 9 185.0
2011 10 250.0
2011 11 311.0
2011 12 393.0
2012 1 322.0
2012 2 430.0
2012 3 109.0
2012 4 310.0
2012 5 193.0
2012 6 207.0
2012 7 609.0
2012 8 271.0
2012 9 1068.0
2012 10 1143.0
2012 11 649.0
2012 12 1126.0
2013 1 105.0
2013 2 136.0
2013 3 534.0
2013 4 518.0
2013 5 486.0
2013 6 177.0
2013 7 906.0
2013 8 721.0
2013 9 899.0
2013 10 534.0
2013 11 499.0
2013 12 705.0
2014 1 270.0
2014 2 116.0
2014 3 552.0
2014 4 124.0
2014 5 928.0
2014 6 793.0
2014 7 660.0
2014 8 611.0
2014 9 1005.0
2014 10 711.0
2014 11 90.0
2014 12 653.0
2015 1 489.0
2015 2 246.0
2015 3 674.0
2015 4 288.0
2015 5 1007.0
2015 6 785.0
2015 7 584.0
2015 8 666.0
2015 9 1194.0
2015 10 1128.0
2015 11 826.0
2015 12 112.0
2016 1 303.0
2016 2 401.0
2016 3 379.0
2016 4 461.0
2016 5 532.0
2016 6 741.0
2016 7 797.0
2016 8 1259.0
2016 9 1211.0
2016 10 1264.0
2016 11 1400.0
2016 12 1177.0
2017 1 961.0
2017 2 744.0
2017 3 1181.0
2017 4 596.0
2017 5 718.0
2017 6 889.0
2017 7 234.0
2017 8 809.0
2017 9 950.0
2017 10 807.0
2017 11 884.0
2017 12 766.0
2018 1 1088.0
2018 2 577.0
2018 3 782.0
2018 4 542.0
2018 5 1180.0
2018 6 1031.0
2018 7 1036.0
2018 8 2569.0
2018 9 939.0
2018 10 1264.0
2018 11 788.0
2018 12 344.0
2019 1 764.0
2019 2 974.0
2019 3 1257.0
2019 4 1295.0
2019 5 1495.0
2019 6 559.0
2019 7 860.0
2019 8 1967.0
2019 9 503.0
2019 10 2025.0
2019 11 1622.0
2019 12 2016.0
2020 1 943.0
2020 2 367.0
2020 3 1244.0
2020 4 828.0
2020 5 1231.0
2020 6 1421.0
2020 7 1166.0
2020 8 1703.0
2020 9 1087.0
2020 10 1153.0
2020 11 1146.0
2020 12 1592.0
2021 1 1407.0
2021 2 1003.0
2021 3 1308.0
2021 4 921.0
2021 5 1965.0
2021 6 1596.0
2021 7 1133.0
2021 8 2101.0
2021 9 2033.0
2021 10 2756.0
2021 11 1291.0
2021 12 1900.0
2022 1 771.0
2022 2 1473.0
2022 3 2540.0
2022 4 1721.0
2022 5 1976.0
2022 6 1550.0
2022 7 1320.0
2022 8 1493.0
2022 9 1704.0
2022 10 1586.0
2022 11 1111.0
2022 12 1036.0
2023 1 941.0
2023 2 782.0
2023 3 981.0
2023 4 1057.0
2023 5 1546.0
2023 6 1162.0
2023 7 906.0
2023 8 1928.0
2023 9 713.0
2023 10 486.0
2023 11 616.0
2023 12 823.0
2024 1 1388.0
2024 2 391.0
2024 3 565.0
2024 4 263.0
2024 5 672.0
2024 6 801.0
2024 7 697.0
2024 8 817.0
