1960 5 397.0
1960 6 140.0
1960 7 240.0
1960 8 176.0
1960 9 225.0
1960 10 421.0
1960 11 420.0
1960 12 379.0
1961 1 351.0
1961 2 305.0
1961 3 512.0
1961 4 333.0
1961 5 398.0
1961 6 504.0
1961 7 242.0
1961 8 309.0
1961 9 647.0
1961 10 379.0
1961 11 450.0
1961 12 395.0
1962 1 275.0
1962 2 880.0
1962 3 487.0
1962 4 467.0
1962 5 525.0
1962 6 931.0
1962 7 539.0
1962 8 533.0
1962 9 542.0
1962 10 645.0
1962 11 663.0
1962 12 609.0
1963 1 303.0
1963 2 261.0
1963 3 570.0
1963 4 1025.0
1963 5 1260.0
1963 6 573.0
1963 7 631.0
1963 8 674.0
1963 9 402.0
1963 10 874.0
1963 11 787.0
1963 12 215.0
1964 1 621.0
1964 2 796.0
1964 3 475.0
1964 4 493.0
1964 5 873.0
1964 6 417.0
1964 7 1399.0
1964 8 866.0
1964 9 553.0
1964 10 661.0
1964 11 642.0
1964 12 451.0
1965 1 71.0
1965 2 34.0
1965 3 776.0
1965 4 769.0
1965 5 853.0
1965 6 800.0
1965 7 626.0
1965 8 420.0
1965 9 845.0
1965 10 1146.0
1965 11 671.0
1965 12 700.0
1966 1 156.0
1966 2 311.0
1966 3 822.0
1966 4 738.0
1966 5 798.0
1966 6 284.0
1966 7 242.0
1966 8 154.0
1966 9 398.0
1966 10 253.0
1966 11 347.0
1966 12 85.0
1967 1 136.0
1967 2 487.0
1967 3 355.0
1967 4 787.0
1967 5 904.0
1967 6 795.0
1967 7 967.0
1967 8 1370.0
1967 9 964.0
1967 10 735.0
1967 11 1442.0
1967 12 880.0
1968 1 909.0
1968 2 1153.0
1968 3 1027.0
1968 4 1650.0
1968 5 2063.0
1968 6 514.0
1968 7 1026.0
1968 8 808.0
1968 9 1367.0
1968 10 1538.0
1968 11 1232.0
1968 12 1893.0
1969 1 1136.0
1969 2 1077.0
1969 3 1341.0
1969 4 2151.0
1969 5 1253.0
1969 6 2084.0
1969 7 1670.0
1969 8 1050.0
1969 9 479.0
1969 10 2868.0
1969 11 1232.0
1969 12 810.0
1970 1 457.0
1970 2 318.0
1970 3 892.0
1970 4 1678.0
1970 5 1411.0
1970 6 758.0
1970 7 571.0
1970 8 1848.0
1970 9 1042.0
1970 10 1500.0
1970 11 1092.0
1970 12 935.0
1971 1 836.0
1971 2 439.0
1971 3 843.0
1971 4 2234.0
1971 5 1373.0
1971 6 1727.0
1971 7 1377.0
1971 8 1071.0
1971 9 1392.0
1971 10 1026.0
1971 11 1897.0
1971 12 1906.0
1972 1 315.0
1972 2 1412.0
1972 3 1002.0
1972 4 751.0
1972 5 1044.0
1972 6 1168.0
1972 7 902.0
1972 8 1060.0
1972 9 1324.0
1972 10 848.0
1972 11 466.0
1972 12 4768.0
1973 1 436.0
1973 2 244.0
1973 3 256.0
1973 4 732.0
1973 5 200.0
1973 6 353.0
1973 7 505.0
1973 8 842.0
1973 9 783.0
1973 10 456.0
1973 11 246.0
1973 12 688.0
1974 1 535.0
1974 2 218.0
1974 3 738.0
1974 4 393.0
1974 5 271.0
1974 6 286.0
1974 7 350.0
1974 8 610.0
1974 9 308.0
1974 10 758.0
1974 11 545.0
1974 12 332.0
1975 1 183.5
1975 2 35.0
1975 3 72.0
1975 4 50.0
1975 5 740.0
1975 6 702.0
1975 7 153.0
1975 8 366.0
1975 9 165.0
1975 10 191.0
1975 11 447.0
1975 12 653.0
1976 1 1110.0
1976 2 84.0
1976 3 112.0
1976 4 196.0
1976 5 535.0
1976 6 332.0
1976 7 104.0
1976 8 54.0
1976 9 379.0
1976 10 721.0
1976 11 714.0
1976 12 265.0
1977 1 60.0
1977 2 183.0
1977 3 178.0
1977 4 396.0
1977 5 696.0
1977 6 874.0
1977 7 596.0
1977 8 1451.0
1977 9 1394.0
1977 10 524.0
1977 11 853.0
1977 12 3209.0
1978 1 36.0
1978 2 166.0
1978 3 412.0
1978 4 562.0
1978 5 1092.0
1978 6 567.0
1978 7 286.0
1978 8 714.0
1978 9 1707.0
1978 10 989.0
1978 11 351.0
1978 12 525.0
1979 1 128.0
1979 2 162.0
1979 3 214.0
1979 4 322.0
1979 5 390.0
1979 6 1832.0
1979 7 406.0
1979 8 831.0
1979 9 586.0
1979 10 675.0
1979 11 199.0
1979 12 802.0
1980 1 1106.0
1980 2 493.0
1980 3 517.0
1980 4 333.0
1980 5 223.0
1980 6 55.0
1980 7 375.0
1980 8 278.0
1980 9 706.0
1980 10 245.0
1980 11 288.0
1980 12 759.0
1981 1 172.0
1981 2 18.0
1981 3 160.0
1981 4 261.0
1981 5 97.0
1981 6 194.0
1981 7 87.0
1981 8 195.0
1981 9 520.0
1981 10 980.0
1981 11 591.0
1981 12 214.0
1982 1 154.0
1982 2 94.0
1982 3 600.0
1982 4 136.0
1982 5 481.0
1982 6 199.0
1982 7 355.0
1982 8 203.0
1982 9 390.0
1982 10 1366.0
1982 11 656.0
1982 12 178.0
1983 1 492.0
1983 2 212.0
1983 3 149.0
1983 4 269.0
1983 5 680.0
1983 6 713.0
1983 7 199.0
1983 8 582.0
1983 9 1056.0
1983 10 1121.0
1983 11 766.0
1983 12 248.0
1984 1 481.0
1984 2 631.0
1984 3 493.0
1984 4 951.0
1984 5 465.0
1984 6 685.0
1984 7 594.0
1984 8 920.0
1984 9 874.0
1984 10 1078.0
1984 11 512.0
1984 12 1250.0
1985 1 80.0
1985 2 174.0
1985 3 686.0
1985 4 505.0
1985 5 794.0
1985 6 1192.0
1985 7 661.0
1985 8 580.0
1985 9 1972.0
1985 10 1313.0
1985 11 1176.0
1985 12 1224.0
1986 1 486.0
1986 2 631.0
1986 3 602.0
1986 4 987.0
1986 5 1253.0
1986 6 1036.0
1986 7 917.0
1986 8 878.0
1986 9 783.0
1986 10 1058.0
1986 11 937.0
1986 12 1486.0
1987 1 586.0
1987 2 520.0
1987 3 1760.0
1987 4 980.0
1987 5 514.0
1987 6 683.0
1987 7 1086.0
1987 8 585.0
1987 9 1760.0
1987 10 1226.0
1987 11 1225.0
1987 12 605.0
1988 1 489.0
1988 2 455.0
1988 3 458.0
1988 4 1079.0
1988 5 925.0
1988 6 604.0
1988 7 595.0
1988 8 807.0
1988 9 649.0
1988 10 604.0
1988 11 645.0
1988 12 483.0
1989 1 236.0
1989 2 414.0
1989 3 830.0
1989 4 475.0
1989 5 412.0
1989 6 847.0
1989 7 567.0
1989 8 736.0
1989 9 706.0
1989 10 469.0
1989 11 152.0
1989 12 251.0
1990 1 1123.0
1990 2 35.0
1990 3 120.0
1990 4 115.0
1990 5 319.0
1990 6 208.0
1990 7 551.0
1990 8 179.0
1990 9 589.0
1990 10 314.0
1990 11 457.0
1990 12 218.0
1991 1 54.0
1991 2 70.0
1991 3 74.0
1991 4 157.0
1991 5 385.0
1991 6 298.0
1991 7 371.0
1991 8 236.0
1991 9 357.0
1991 10 329.0
1991 11 356.0
1991 12 216.0
1992 1 273.0
1992 2 166.0
1992 3 269.0
1992 4 261.0
1992 5 252.0
1992 6 183.0
1992 7 383.0
1992 8 323.0
1992 9 175.0
1992 10 160.0
1992 11 169.0
1992 12 428.0
1993 1 119.0
1993 2 177.0
1993 3 147.0
1993 4 136.0
1993 5 179.0
1993 6 450.0
1993 7 499.0
1993 8 213.0
1993 9 493.0
1993 10 939.0
1993 11 159.0
1993 12 125.0
1994 1 24.0
1994 2 16.0
1994 3 131.0
1994 4 219.0
1994 5 476.0
1994 6 245.0
1994 7 507.0
1994 8 252.0
1994 9 307.0
1994 10 934.0
1994 11 220.0
1994 12 836.0
1995 1 172.0
1995 2 213.0
1995 3 296.0
1995 4 250.0
1995 5 412.0
1995 6 345.0
1995 7 295.0
1995 8 273.0
1995 9 466.0
1995 10 615.0
1995 11 323.0
1995 12 192.0
1996 1 110.0
1996 2 57.0
1996 3 89.0
1996 4 237.0
1996 5 284.0
1996 6 244.0
1996 7 247.0
1996 8 503.0
1996 9 368.0
1996 10 424.0
1996 11 505.0
1996 12 698.0
1997 1 10.0
1997 2 75.0
1997 3 405.0
1997 4 614.0
1997 5 58.0
1997 6 274.0
1997 7 177.0
1997 8 244.0
1997 9 748.0
1997 10 497.0
1997 11 315.0
1997 12 228.0
1998 1 201.0
1998 2 105.0
1998 3 105.0
1998 4 479.0
1998 5 294.0
1998 6 521.0
1998 7 713.0
1998 8 213.0
1998 9 320.0
1998 10 663.0
1998 11 558.0
1998 12 567.0
1999 1 254.0
1999 2 391.0
1999 3 457.0
1999 4 190.0
1999 5 307.0
1999 6 420.0
1999 7 311.0
1999 8 677.0
1999 9 487.0
1999 10 376.0
1999 11 510.0
1999 12 459.0
2000 1 160.0
2000 2 584.0
2000 3 547.0
2000 4 100.0
2000 5 367.0
2000 6 294.0
2000 7 340.0
2000 8 526.0
2000 9 1071.0
2000 10 869.0
2000 11 854.0
2000 12 554.0
2001 1 178.0
2001 2 180.0
2001 3 439.0
2001 4 192.0
2001 5 481.0
2001 6 270.0
2001 7 341.0
2001 8 347.0
2001 9 954.0
2001 10 470.0
2001 11 1448.0
2001 12 498.0
2002 1 832.0
2002 2 560.0
2002 3 450.0
2002 4 808.0
2002 5 317.0
2002 6 437.0
2002 7 925.0
2002 8 810.0
2002 9 995.0
2002 10 1344.0
2002 11 430.0
2002 12 994.0
2003 1 217.0
2003 2 449.0
2003 3 362.0
2003 4 649.0
2003 5 458.0
2003 6 450.0
2003 7 623.0
2003 8 690.0
2003 9 853.0
2003 10 688.0
2003 11 599.0
2003 12 1441.0
2004 1 235.0
2004 2 264.0
2004 3 485.0
2004 4 303.0
2004 5 730.0
2004 6 781.0
2004 7 572.0
2004 8 939.0
2004 9 1080.0
2004 10 1092.0
2004 11 590.0
2004 12 1134.0
2005 1 304.0
2005 2 293.0
2005 3 277.0
2005 4 531.0
2005 5 274.0
2005 6 478.0
2005 7 488.0
2005 8 323.0
2005 9 456.0
2005 10 742.0
2005 11 1015.0
2005 12 309.0
2006 1 111.0
2006 2 234.0
2006 3 573.0
2006 4 185.0
2006 5 267.0
2006 6 709.0
2006 7 873.0
2006 8 350.0
2006 9 571.0
2006 10 111.0
2006 11 344.0
2006 12 631.0
2007 1 255.0
2007 2 103.0
2007 3 349.0
2007 4 214.0
2007 5 112.0
2007 6 199.0
2007 7 1005.0
2007 8 175.0
2007 9 218.0
2007 10 284.0
2007 11 246.0
2007 12 215.0
2008 1 94.0
2008 2 15.0
2008 3 235.0
2008 4 59.0
2008 5 138.0
2008 6 346.0
2008 7 204.0
2008 8 154.0
2008 9 530.0
2008 10 157.0
2008 11 34.0
2008 12 208.0
2009 1 637.0
2009 2 217.0
2009 3 43.0
2009 4 68.0
2009 5 82.0
2009 6 92.0
2009 7 198.0
2009 8 94.0
2009 9 152.0
2009 10 227.0
2009 11 100.0
2009 12 245.0
2010 1 176.0
2010 2 107.0
2010 3 338.0
2010 4 109.0
2010 5 531.0
2010 6 68.0
2010 7 54.0
2010 8 313.0
2010 9 65.0
2010 10 654.0
2010 11 130.0
2010 12 253.0
2011 1 29.0
2011 2 26.0
2011 3 128.0
2011 4 128.0
2011 5 76.0
2011 6 192.0
2011 7 191.0
2011 8 30.0
2011 9 169.0
2011 10 233.0
2011 11 290.0
2011 12 389.0
2012 1 322.0
2012 2 422.0
2012 3 67.0
2012 4 303.0
2012 5 191.0
2012 6 198.0
2012 7 601.0
2012 8 240.0
2012 9 1058.0
2012 10 1129.0
2012 11 636.0
2012 12 1114.0
2013 1 103.0
2013 2 136.0
2013 3 499.0
2013 4 513.0
2013 5 444.0
2013 6 126.0
2013 7 724.0
2013 8 711.0
2013 9 895.0
2013 10 502.0
2013 11 465.0
2013 12 699.0
2014 1 250.0
2014 2 116.0
2014 3 544.0
2014 4 105.0
2014 5 893.0
2014 6 732.0
2014 7 633.0
2014 8 585.0
2014 9 978.0
2014 10 675.0
2014 11 85.0
2014 12 631.0
2015 1 460.0
2015 2 236.0
2015 3 645.0
2015 4 271.0
2015 5 959.0
2015 6 781.0
2015 7 531.0
2015 8 637.0
2015 9 1171.0
2015 10 1083.0
2015 11 826.0
2015 12 112.0
2016 1 276.0
2016 2 398.0
2016 3 351.0
2016 4 411.0
2016 5 416.0
2016 6 666.0
2016 7 671.0
2016 8 1161.0
2016 9 1159.0
2016 10 1164.0
2016 11 1249.0
2016 12 1131.0
2017 1 952.0
2017 2 702.0
2017 3 1091.0
2017 4 468.0
2017 5 671.0
2017 6 840.0
2017 7 186.0
2017 8 788.0
2017 9 937.0
2017 10 799.0
2017 11 845.0
2017 12 748.0
2018 1 1052.0
2018 2 560.0
2018 3 761.0
2018 4 512.0
2018 5 1156.0
2018 6 1003.0
2018 7 982.0
2018 8 2560.0
2018 9 932.0
2018 10 1250.0
2018 11 784.0
2018 12 327.0
2019 1 764.0
2019 2 966.0
2019 3 1249.0
2019 4 1281.0
2019 5 1489.0
2019 6 513.0
2019 7 803.0
2019 8 1947.0
2019 9 488.0
2019 10 2011.0
2019 11 1598.0
2019 12 1956.0
2020 1 936.0
2020 2 338.0
2020 3 1229.0
2020 4 786.0
2020 5 1195.0
2020 6 1402.0
2020 7 1108.0
2020 8 1566.0
2020 9 984.0
2020 10 1111.0
2020 11 1123.0
2020 12 1540.0
2021 1 1402.0
2021 2 993.0
2021 3 1256.0
2021 4 723.0
2021 5 1874.0
2021 6 1570.0
2021 7 1059.0
2021 8 2070.0
2021 9 1978.0
2021 10 2660.0
2021 11 1260.0
2021 12 1797.0
2022 1 736.0
2022 2 1439.0
2022 3 2498.0
2022 4 1672.0
2022 5 1922.0
2022 6 1502.0
2022 7 1268.0
2022 8 1411.0
2022 9 1658.0
2022 10 1531.0
2022 11 1092.0
2022 12 1001.0
2023 1 928.0
2023 2 764.0
2023 3 947.0
2023 4 1025.0
2023 5 1507.0
2023 6 1102.0
2023 7 849.0
2023 8 1853.0
2023 9 656.0
2023 10 414.0
2023 11 584.0
2023 12 801.0
2024 1 1357.0
2024 2 366.0
2024 3 541.0
2024 4 210.0
2024 5 623.0
2024 6 766.0
2024 7 622.0
2024 8 736.0
