1960 5 1468.0
1960 6 1210.0
1960 7 1051.0
1960 8 1228.0
1960 9 1379.0
1960 10 1473.0
1960 11 1153.0
1960 12 1121.0
1961 1 649.0
1961 2 643.0
1961 3 1096.0
1961 4 1248.0
1961 5 1473.0
1961 6 1393.0
1961 7 974.0
1961 8 1065.0
1961 9 1629.0
1961 10 1371.0
1961 11 1224.0
1961 12 772.0
1962 1 638.0
1962 2 1232.0
1962 3 1148.0
1962 4 1446.0
1962 5 1436.0
1962 6 1785.0
1962 7 1416.0
1962 8 1403.0
1962 9 1253.0
1962 10 1591.0
1962 11 1579.0
1962 12 1083.0
1963 1 500.0
1963 2 582.0
1963 3 1129.0
1963 4 2013.0
1963 5 2256.0
1963 6 1332.0
1963 7 1481.0
1963 8 1608.0
1963 9 1270.0
1963 10 1676.0
1963 11 1741.0
1963 12 650.0
1964 1 1068.0
1964 2 1311.0
1964 3 1181.0
1964 4 1351.0
1964 5 1762.0
1964 6 1322.0
1964 7 2238.0
1964 8 1732.0
1964 9 1255.0
1964 10 1515.0
1964 11 1264.0
1964 12 790.0
1965 1 364.0
1965 2 261.0
1965 3 1221.0
1965 4 1486.0
1965 5 1711.0
1965 6 1621.0
1965 7 1359.0
1965 8 1117.0
1965 9 1471.0
1965 10 1849.0
1965 11 1364.0
1965 12 1107.0
1966 1 331.0
1966 2 615.0
1966 3 1420.0
1966 4 1558.0
1966 5 1532.0
1966 6 946.0
1966 7 704.0
1966 8 626.0
1966 9 804.0
1966 10 725.0
1966 11 746.0
1966 12 317.0
1967 1 284.0
1967 2 682.0
1967 3 792.0
1967 4 1464.0
1967 5 1596.0
1967 6 1574.0
1967 7 1694.0
1967 8 2020.0
1967 9 1531.0
1967 10 1617.0
1967 11 2023.0
1967 12 1330.0
1968 1 1164.0
1968 2 1568.0
1968 3 1732.0
1968 4 2571.0
1968 5 3591.0
1968 6 1905.0
1968 7 2514.0
1968 8 2334.0
1968 9 2942.0
1968 10 3095.0
1968 11 2436.0
1968 12 2649.0
1969 1 1571.0
1969 2 1696.0
1969 3 2283.0
1969 4 3589.0
1969 5 2508.0
1969 6 3313.0
1969 7 2700.0
1969 8 2048.0
1969 9 1464.0
1969 10 3811.0
1969 11 1920.0
1969 12 1413.0
1970 1 667.0
1970 2 617.0
1970 3 1595.0
1970 4 2771.0
1970 5 2455.0
1970 6 1794.0
1970 7 1482.0
1970 8 2830.0
1970 9 2009.0
1970 10 2512.0
1970 11 1879.0
1970 12 1485.0
1971 1 1167.0
1971 2 1017.0
1971 3 1760.0
1971 4 3524.0
1971 5 2739.0
1971 6 3177.0
1971 7 2757.0
1971 8 2404.0
1971 9 2735.0
1971 10 2498.0
1971 11 3138.0
1971 12 2691.0
1972 1 721.0
1972 2 2157.0
1972 3 2144.0
1972 4 2395.0
1972 5 3041.0
1972 6 3068.0
1972 7 2294.0
1972 8 2939.0
1972 9 2889.0
1972 10 2747.0
1972 11 1925.0
1972 12 7561.0
1973 1 1025.0
1973 2 922.0
1973 3 1858.0
1973 4 2328.0
1973 5 1970.0
1973 6 2000.0
1973 7 1726.0
1973 8 2138.0
1973 9 2048.0
1973 10 1549.0
1973 11 1314.0
1973 12 1354.0
1974 1 914.0
1974 2 798.0
1974 3 2047.0
1974 4 2236.0
1974 5 1999.0
1974 6 1655.0
1974 7 1526.0
1974 8 1894.0
1974 9 1544.0
1974 10 2020.0
1974 11 860.0
1974 12 859.0
1975 1 241.0
1975 2 470.0
1975 3 982.0
1975 4 1229.0
1975 5 2157.0
1975 6 2219.0
1975 7 1905.0
1975 8 1819.0
1975 9 1663.0
1975 10 1664.0
1975 11 1550.0
1975 12 1498.0
1976 1 2115.0
1976 2 847.0
1976 3 1600.0
1976 4 2404.0
1976 5 2530.0
1976 6 2439.0
1976 7 1983.0
1976 8 1910.0
1976 9 2283.0
1976 10 2608.0
1976 11 2184.0
1976 12 1315.0
1977 1 512.0
1977 2 1152.0
1977 3 2722.0
1977 4 3229.0
1977 5 3443.0
1977 6 3663.0
1977 7 3051.0
1977 8 4224.0
1977 9 3873.0
1977 10 3219.0
1977 11 2920.0
1977 12 4460.0
1978 1 728.0
1978 2 1308.0
1978 3 2670.0
1978 4 4022.0
1978 5 4564.0
1978 6 3718.0
1978 7 2903.0
1978 8 3615.0
1978 9 4313.0
1978 10 3742.0
1978 11 2336.0
1978 12 2043.0
1979 1 728.0
1979 2 930.0
1979 3 1895.0
1979 4 3243.0
1979 5 3164.0
1979 6 4314.0
1979 7 2633.0
1979 8 3025.0
1979 9 3042.0
1979 10 2896.0
1979 11 1321.0
1979 12 1756.0
1980 1 1583.0
1980 2 1033.0
1980 3 1209.0
1980 4 1356.0
1980 5 1577.0
1980 6 1347.0
1980 7 2181.0
1980 8 1960.0
1980 9 2484.0
1980 10 2348.0
1980 11 1824.0
1980 12 2122.0
1981 1 618.0
1981 2 550.0
1981 3 1293.0
1981 4 1774.0
1981 5 1470.0
1981 6 1670.0
1981 7 1592.0
1981 8 1486.0
1981 9 1732.0
1981 10 2217.0
1981 11 1418.0
1981 12 812.0
1982 1 283.0
1982 2 393.0
1982 3 1292.0
1982 4 1196.0
1982 5 1859.0
1982 6 1649.0
1982 7 1768.0
1982 8 1332.0
1982 9 1889.0
1982 10 2866.0
1982 11 1799.0
1982 12 1137.0
1983 1 1059.0
1983 2 852.0
1983 3 1760.0
1983 4 1971.0
1983 5 2976.0
1983 6 2899.0
1983 7 1881.0
1983 8 2522.0
1983 9 2792.0
1983 10 3003.0
1983 11 2127.0
1983 12 912.0
1984 1 1155.0
1984 2 1608.0
1984 3 1682.0
1984 4 2948.0
1984 5 2579.0
1984 6 2786.0
1984 7 2436.0
1984 8 2649.0
1984 9 2384.0
1984 10 2707.0
1984 11 1705.0
1984 12 1960.0
1985 1 615.0
1985 2 861.0
1985 3 1865.0
1985 4 2387.0
1985 5 3086.0
1985 6 3192.0
1985 7 2815.0
1985 8 2633.0
1985 9 3724.0
1985 10 3310.0
1985 11 2501.0
1985 12 1931.0
1986 1 1229.0
1986 2 1524.0
1986 3 2371.0
1986 4 3441.0
1986 5 3828.0
1986 6 3744.0
1986 7 3476.0
1986 8 3028.0
1986 9 2910.0
1986 10 3496.0
1986 11 2255.0
1986 12 2678.0
1987 1 1402.0
1987 2 2000.0
1987 3 4033.0
1987 4 3705.0
1987 5 2854.0
1987 6 3316.0
1987 7 3229.0
1987 8 2733.0
1987 9 3969.0
1987 10 3173.0
1987 11 2681.0
1987 12 1654.0
1988 1 999.0
1988 2 1268.0
1988 3 2255.0
1988 4 3444.0
1988 5 3350.0
1988 6 3086.0
1988 7 2302.0
1988 8 2988.0
1988 9 2544.0
1988 10 2460.0
1988 11 2075.0
1988 12 1726.0
1989 1 907.0
1989 2 1121.0
1989 3 2148.0
1989 4 2522.0
1989 5 2629.0
1989 6 3018.0
1989 7 2459.0
1989 8 2894.0
1989 9 2529.0
1989 10 2525.0
1989 11 1482.0
1989 12 1109.0
1990 1 1943.0
1990 2 1017.0
1990 3 1704.0
1990 4 2104.0
1990 5 2429.0
1990 6 2348.0
1990 7 2622.0
1990 8 2165.0
1990 9 2233.0
1990 10 2145.0
1990 11 1565.0
1990 12 976.0
1991 1 913.0
1991 2 900.0
1991 3 1410.0
1991 4 2185.0
1991 5 2601.0
1991 6 2303.0
1991 7 2274.0
1991 8 1991.0
1991 9 2002.0
1991 10 2223.0
1991 11 1478.0
1991 12 1273.0
1992 1 1231.0
1992 2 1347.0
1992 3 2218.0
1992 4 2617.0
1992 5 2341.0
1992 6 2554.0
1992 7 2602.0
1992 8 2498.0
1992 9 2302.0
1992 10 2521.0
1992 11 1632.0
1992 12 1759.0
1993 1 972.0
1993 2 1225.0
1993 3 2080.0
1993 4 2549.0
1993 5 2536.0
1993 6 2841.0
1993 7 2706.0
1993 8 2358.0
1993 9 2761.0
1993 10 3146.0
1993 11 1977.0
1993 12 1633.0
1994 1 797.0
1994 2 981.0
1994 3 2117.0
1994 4 2626.0
1994 5 2956.0
1994 6 2815.0
1994 7 2806.0
1994 8 2451.0
1994 9 2396.0
1994 10 3052.0
1994 11 1847.0
1994 12 1978.0
1995 1 786.0
1995 2 1036.0
1995 3 1777.0
1995 4 2055.0
1995 5 2691.0
1995 6 2930.0
1995 7 2525.0
1995 8 2850.0
1995 9 2526.0
1995 10 2912.0
1995 11 2273.0
1995 12 1407.0
1996 1 888.0
1996 2 1143.0
1996 3 1666.0
1996 4 2796.0
1996 5 3015.0
1996 6 2763.0
1996 7 2726.0
1996 8 2661.0
1996 9 2294.0
1996 10 2482.0
1996 11 1880.0
1996 12 1803.0
1997 1 690.0
1997 2 1095.0
1997 3 1948.0
1997 4 2660.0
1997 5 2257.0
1997 6 2773.0
1997 7 2299.0
1997 8 2148.0
1997 9 3089.0
1997 10 3182.0
1997 11 1792.0
1997 12 1666.0
1998 1 1003.0
1998 2 1352.0
1998 3 1994.0
1998 4 2829.0
1998 5 2829.0
1998 6 3349.0
1998 7 3305.0
1998 8 2508.0
1998 9 2882.0
1998 10 3132.0
1998 11 2646.0
1998 12 2680.0
1999 1 1051.0
1999 2 1623.0
1999 3 2935.0
1999 4 3135.0
1999 5 2968.0
1999 6 3672.0
1999 7 2822.0
1999 8 3423.0
1999 9 3308.0
1999 10 2921.0
1999 11 2545.0
1999 12 2360.0
2000 1 1322.0
2000 2 2026.0
2000 3 3210.0
2000 4 3454.0
2000 5 2884.0
2000 6 3069.0
2000 7 2550.0
2000 8 3149.0
2000 9 3168.0
2000 10 3418.0
2000 11 2515.0
2000 12 1825.0
2001 1 1394.0
2001 2 1394.0
2001 3 2560.0
2001 4 2636.0
2001 5 3503.0
2001 6 3253.0
2001 7 3024.0
2001 8 2910.0
2001 9 3218.0
2001 10 3195.0
2001 11 3499.0
2001 12 2466.0
2002 1 2159.0
2002 2 2016.0
2002 3 2415.0
2002 4 3561.0
2002 5 3235.0
2002 6 3110.0
2002 7 3539.0
2002 8 3397.0
2002 9 3588.0
2002 10 4213.0
2002 11 2513.0
2002 12 2996.0
2003 1 1807.0
2003 2 1757.0
2003 3 2349.0
2003 4 3667.0
2003 5 3681.0
2003 6 3846.0
2003 7 3964.0
2003 8 3776.0
2003 9 4514.0
2003 10 4252.0
2003 11 2997.0
2003 12 3659.0
2004 1 1458.0
2004 2 1672.0
2004 3 2804.0
2004 4 3857.0
2004 5 4126.0
2004 6 4458.0
2004 7 3653.0
2004 8 4075.0
2004 9 4241.0
2004 10 4205.0
2004 11 2945.0
2004 12 3253.0
2005 1 1394.0
2005 2 1472.0
2005 3 2400.0
2005 4 3635.0
2005 5 3854.0
2005 6 3830.0
2005 7 3621.0
2005 8 3293.0
2005 9 3574.0
2005 10 3826.0
2005 11 3244.0
2005 12 1935.0
2006 1 1400.0
2006 2 1489.0
2006 3 2678.0
2006 4 2395.0
2006 5 2962.0
2006 6 3251.0
2006 7 2797.0
2006 8 2331.0
2006 9 2545.0
2006 10 2018.0
2006 11 1582.0
2006 12 1787.0
2007 1 1002.0
2007 2 712.0
2007 3 1510.0
2007 4 1701.0
2007 5 2109.0
2007 6 1822.0
2007 7 2560.0
2007 8 1529.0
2007 9 1430.0
2007 10 1477.0
2007 11 1057.0
2007 12 714.0
2008 1 485.0
2008 2 383.0
2008 3 772.0
2008 4 970.0
2008 5 1405.0
2008 6 1271.0
2008 7 1186.0
2008 8 898.0
2008 9 1418.0
2008 10 927.0
2008 11 443.0
2008 12 535.0
2009 1 798.0
2009 2 441.0
2009 3 380.0
2009 4 597.0
2009 5 918.0
2009 6 874.0
2009 7 998.0
2009 8 813.0
2009 9 974.0
2009 10 994.0
2009 11 670.0
2009 12 732.0
2010 1 220.0
2010 2 461.0
2010 3 1038.0
2010 4 972.0
2010 5 1263.0
2010 6 778.0
2010 7 743.0
2010 8 1007.0
2010 9 673.0
2010 10 1247.0
2010 11 568.0
2010 12 596.0
2011 1 246.0
2011 2 272.0
2011 3 542.0
2011 4 747.0
2011 5 703.0
2011 6 941.0
2011 7 865.0
2011 8 775.0
2011 9 894.0
2011 10 835.0
2011 11 747.0
2011 12 742.0
2012 1 586.0
2012 2 805.0
2012 3 688.0
2012 4 1073.0
2012 5 1056.0
2012 6 1109.0
2012 7 1472.0
2012 8 1201.0
2012 9 1942.0
2012 10 2035.0
2012 11 1313.0
2012 12 1699.0
2013 1 554.0
2013 2 596.0
2013 3 1187.0
2013 4 1450.0
2013 5 1719.0
2013 6 1256.0
2013 7 2071.0
2013 8 1846.0
2013 9 2012.0
2013 10 1561.0
2013 11 1260.0
2013 12 1277.0
2014 1 638.0
2014 2 561.0
2014 3 1202.0
2014 4 1082.0
2014 5 2034.0
2014 6 1908.0
2014 7 1830.0
2014 8 1684.0
2014 9 2042.0
2014 10 1876.0
2014 11 699.0
2014 12 1302.0
2015 1 1108.0
2015 2 775.0
2015 3 1498.0
2015 4 1324.0
2015 5 2210.0
2015 6 2343.0
2015 7 1985.0
2015 8 2004.0
2015 9 2338.0
2015 10 2320.0
2015 11 1543.0
2015 12 781.0
2016 1 754.0
2016 2 1076.0
2016 3 1357.0
2016 4 1855.0
2016 5 2065.0
2016 6 2168.0
2016 7 2063.0
2016 8 2795.0
2016 9 2563.0
2016 10 2401.0
2016 11 2361.0
2016 12 2081.0
2017 1 1521.0
2017 2 1433.0
2017 3 2441.0
2017 4 1973.0
2017 5 2215.0
2017 6 2566.0
2017 7 1590.0
2017 8 2313.0
2017 9 2365.0
2017 10 2373.0
2017 11 1865.0
2017 12 1574.0
2018 1 1706.0
2018 2 1221.0
2018 3 1650.0
2018 4 1860.0
2018 5 2908.0
2018 6 2621.0
2018 7 2595.0
2018 8 4176.0
2018 9 2215.0
2018 10 2631.0
2018 11 1787.0
2018 12 987.0
2019 1 1352.0
2019 2 1558.0
2019 3 2136.0
2019 4 2570.0
2019 5 3281.0
2019 6 2208.0
2019 7 2383.0
2019 8 3304.0
2019 9 1880.0
2019 10 3547.0
2019 11 2651.0
2019 12 2979.0
2020 1 1577.0
2020 2 1015.0
2020 3 2216.0
2020 4 2107.0
2020 5 2451.0
2020 6 3016.0
2020 7 2969.0
2020 8 3383.0
2020 9 2907.0
2020 10 2914.0
2020 11 2402.0
2020 12 2847.0
2021 1 2335.0
2021 2 2030.0
2021 3 3167.0
2021 4 2868.0
2021 5 3823.0
2021 6 3341.0
2021 7 2706.0
2021 8 3715.0
2021 9 3515.0
2021 10 4310.0
2021 11 2724.0
2021 12 2918.0
2022 1 1564.0
2022 2 2357.0
2022 3 3913.0
2022 4 3209.0
2022 5 3607.0
2022 6 3076.0
2022 7 2495.0
2022 8 2725.0
2022 9 2759.0
2022 10 2752.0
2022 11 1870.0
2022 12 1556.0
2023 1 1366.0
2023 2 1302.0
2023 3 1840.0
2023 4 2088.0
2023 5 2847.0
2023 6 2484.0
2023 7 2145.0
2023 8 3185.0
2023 9 1982.0
2023 10 1665.0
2023 11 1453.0
2023 12 1459.0
2024 1 2069.0
2024 2 1236.0
2024 3 1519.0
2024 4 1683.0
2024 5 2092.0
2024 6 1983.0
2024 7 1964.0
2024 8 2147.0
