1960 5 70.0
1960 6 56.0
1960 7 80.0
1960 8 116.0
1960 9 64.0
1960 10 113.0
1960 11 64.0
1960 12 59.0
1961 1 48.0
1961 2 21.0
1961 3 70.0
1961 4 124.0
1961 5 91.0
1961 6 84.0
1961 7 74.0
1961 8 65.0
1961 9 75.0
1961 10 90.0
1961 11 91.0
1961 12 20.0
1962 1 76.0
1962 2 36.0
1962 3 104.0
1962 4 103.0
1962 5 81.0
1962 6 90.0
1962 7 150.0
1962 8 67.0
1962 9 76.0
1962 10 133.0
1962 11 62.0
1962 12 58.0
1963 1 26.0
1963 2 16.0
1963 3 77.0
1963 4 116.0
1963 5 106.0
1963 6 62.0
1963 7 136.0
1963 8 62.0
1963 9 80.0
1963 10 46.0
1963 11 56.0
1963 12 64.0
1964 1 47.0
1964 2 16.0
1964 3 32.0
1964 4 74.0
1964 5 89.0
1964 6 94.0
1964 7 62.0
1964 8 81.0
1964 9 60.0
1964 10 96.0
1964 11 62.0
1964 12 50.0
1965 1 22.0
1965 2 2.0
1965 3 32.0
1965 4 26.0
1965 5 95.0
1965 6 112.0
1965 7 70.0
1965 8 48.0
1965 9 82.0
1965 10 89.0
1965 11 93.0
1965 12 28.0
1966 1 22.0
1966 2 28.0
1966 3 62.0
1966 4 62.0
1966 5 71.0
1966 6 23.0
1966 7 36.0
1966 8 22.0
1966 9 22.0
1966 10 62.0
1966 11 49.0
1966 12 26.0
1967 1 16.0
1967 2 19.0
1967 3 28.0
1967 4 44.0
1967 5 52.0
1967 6 60.0
1967 7 28.0
1967 8 43.0
1967 9 35.0
1967 10 157.0
1967 11 69.0
1967 12 78.0
1968 1 35.0
1968 2 86.0
1968 3 54.0
1968 4 44.0
1968 5 40.0
1968 6 94.0
1968 7 106.0
1968 8 59.0
1968 9 223.0
1968 10 50.0
1968 11 74.0
1968 12 46.0
1969 1 42.0
1969 2 30.0
1969 3 14.0
1969 4 56.0
1969 5 40.0
1969 6 80.0
1969 7 62.0
1969 8 70.0
1969 9 136.0
1969 10 48.0
1969 11 39.0
1969 12 24.0
1970 1 12.0
1970 2 16.0
1970 3 82.0
1970 4 52.0
1970 5 106.0
1970 6 60.0
1970 7 44.0
1970 8 56.0
1970 9 76.0
1970 10 82.0
1970 11 66.0
1970 12 95.0
1971 1 61.5
1971 2 28.0
1971 3 72.0
1971 4 105.0
1971 5 110.0
1971 6 38.0
1971 7 84.0
1971 8 70.0
1971 9 52.0
1971 10 101.0
1971 11 105.0
1971 12 52.0
1972 1 52.0
1972 2 77.0
1972 3 53.0
1972 4 83.0
1972 5 60.0
1972 6 146.0
1972 7 79.0
1972 8 59.0
1972 9 107.0
1972 10 82.0
1972 11 158.0
1972 12 109.0
1973 1 28.0
1973 2 54.0
1973 3 29.0
1973 4 22.0
1973 5 96.0
1973 6 102.0
1973 7 56.0
1973 8 87.0
1973 9 113.0
1973 10 53.0
1973 11 70.0
1973 12 61.0
1974 1 4.0
1974 2 8.0
1974 3 95.0
1974 4 118.0
1974 5 30.0
1974 6 29.0
1974 7 34.0
1974 8 14.0
1974 9 14.0
1974 10 34.0
1974 11 24.0
1974 12 32.0
1975 1 2.0
1975 2 8.0
1975 3 40.0
1975 4 20.0
1975 5 76.0
1975 6 30.0
1975 7 94.0
1975 8 80.0
1975 9 91.0
1975 10 35.0
1975 11 40.0
1975 12 58.0
1976 1 142.0
1976 2 46.0
1976 3 78.0
1976 4 133.0
1976 5 118.0
1976 6 100.0
1976 7 153.0
1976 8 60.0
1976 9 98.0
1976 10 148.0
1976 11 124.0
1976 12 206.0
1977 1 34.0
1977 2 52.0
1977 3 67.0
1977 4 116.0
1977 5 88.0
1977 6 74.0
1977 7 112.0
1977 8 128.0
1977 9 200.0
1977 10 183.0
1977 11 73.0
1977 12 133.0
1978 1 38.0
1978 2 120.0
1978 3 150.0
1978 4 162.0
1978 5 220.0
1978 6 173.0
1978 7 257.0
1978 8 154.0
1978 9 199.0
1978 10 214.0
1978 11 163.0
1978 12 172.0
1979 1 70.0
1979 2 60.0
1979 3 79.0
1979 4 150.0
1979 5 136.0
1979 6 152.0
1979 7 125.0
1979 8 284.0
1979 9 390.0
1979 10 306.0
1979 11 152.0
1979 12 174.0
1980 1 160.0
1980 2 44.0
1980 3 42.0
1980 4 112.0
1980 5 212.0
1980 6 162.0
1980 7 190.0
1980 8 196.0
1980 9 228.0
1980 10 247.0
1980 11 195.0
1980 12 151.0
1981 1 39.0
1981 2 74.0
1981 3 138.0
1981 4 181.0
1981 5 108.0
1981 6 155.0
1981 7 278.0
1981 8 180.0
1981 9 136.0
1981 10 296.0
1981 11 133.0
1981 12 63.0
1982 1 98.0
1982 2 42.0
1982 3 65.0
1982 4 82.0
1982 5 89.0
1982 6 221.0
1982 7 158.0
1982 8 136.0
1982 9 280.0
1982 10 180.0
1982 11 94.0
1982 12 237.0
1983 1 101.0
1983 2 46.0
1983 3 224.0
1983 4 188.0
1983 5 174.0
1983 6 182.0
1983 7 209.0
1983 8 250.0
1983 9 210.0
1983 10 206.0
1983 11 183.0
1983 12 94.0
1984 1 111.0
1984 2 96.0
1984 3 145.0
1984 4 157.0
1984 5 188.0
1984 6 229.0
1984 7 155.0
1984 8 203.0
1984 9 166.0
1984 10 179.0
1984 11 94.0
1984 12 73.0
1985 1 45.0
1985 2 68.0
1985 3 66.0
1985 4 103.0
1985 5 125.0
1985 6 103.0
1985 7 85.0
1985 8 141.0
1985 9 78.0
1985 10 146.0
1985 11 94.0
1985 12 90.0
1986 1 48.0
1986 2 70.0
1986 3 83.0
1986 4 137.0
1986 5 142.0
1986 6 223.0
1986 7 122.0
1986 8 95.0
1986 9 154.0
1986 10 120.0
1986 11 79.0
1986 12 70.0
1987 1 16.0
1987 2 77.0
1987 3 73.0
1987 4 170.0
1987 5 82.0
1987 6 162.0
1987 7 78.0
1987 8 100.0
1987 9 98.0
1987 10 94.0
1987 11 95.0
1987 12 47.0
1988 1 12.0
1988 2 29.0
1988 3 68.0
1988 4 60.0
1988 5 76.0
1988 6 59.0
1988 7 42.0
1988 8 46.0
1988 9 57.0
1988 10 89.0
1988 11 49.0
1988 12 50.0
1989 1 24.0
1989 2 12.0
1989 3 29.0
1989 4 60.0
1989 5 52.0
1989 6 85.0
1989 7 50.0
1989 8 60.0
1989 9 58.0
1989 10 110.0
1989 11 26.0
1989 12 30.0
1990 1 23.0
1990 2 20.0
1990 3 18.0
1990 4 47.0
1990 5 45.0
1990 6 35.0
1990 7 43.0
1990 8 37.0
1990 9 21.0
1990 10 75.0
1990 11 42.0
1990 12 28.0
1991 1 66.0
1991 2 29.0
1991 3 12.0
1991 4 27.0
1991 5 41.0
1991 6 73.0
1991 7 44.0
1991 8 55.0
1991 9 58.0
1991 10 66.0
1991 11 28.0
1991 12 34.0
1992 1 26.0
1992 2 14.0
1992 3 34.0
1992 4 44.0
1992 5 38.0
1992 6 55.0
1992 7 38.0
1992 8 35.0
1992 9 32.0
1992 10 39.0
1992 11 39.0
1992 12 33.0
1993 1 12.0
1993 2 14.0
1993 3 25.0
1993 4 45.0
1993 5 43.0
1993 6 43.0
1993 7 38.0
1993 8 27.0
1993 9 45.0
1993 10 14.0
1993 11 60.0
1993 12 39.0
1994 1 8.0
1994 2 26.0
1994 3 24.0
1994 4 89.0
1994 5 34.0
1994 6 88.0
1994 7 220.0
1994 8 93.0
1994 9 114.0
1994 10 220.0
1994 11 152.0
1994 12 47.0
1995 1 49.0
1995 2 28.0
1995 3 42.0
1995 4 134.0
1995 5 113.0
1995 6 234.0
1995 7 73.0
1995 8 214.0
1995 9 76.0
1995 10 140.0
1995 11 77.0
1995 12 37.0
1996 1 27.0
1996 2 63.0
1996 3 36.0
1996 4 100.0
1996 5 155.0
1996 6 45.0
1996 7 129.0
1996 8 113.0
1996 9 166.0
1996 10 116.0
1996 11 131.0
1996 12 89.0
1997 1 18.0
1997 2 38.0
1997 3 65.0
1997 4 115.0
1997 5 87.0
1997 6 119.0
1997 7 161.0
1997 8 140.0
1997 9 370.0
1997 10 547.0
1997 11 83.0
1997 12 167.0
1998 1 55.0
1998 2 131.0
1998 3 160.0
1998 4 138.0
1998 5 115.0
1998 6 151.0
1998 7 207.0
1998 8 198.0
1998 9 284.0
1998 10 201.0
1998 11 151.0
1998 12 299.0
1999 1 86.0
1999 2 88.0
1999 3 160.0
1999 4 187.0
1999 5 151.0
1999 6 195.0
1999 7 152.0
1999 8 169.0
1999 9 259.0
1999 10 217.0
1999 11 148.0
1999 12 167.0
2000 1 48.0
2000 2 96.0
2000 3 176.0
2000 4 176.0
2000 5 74.0
2000 6 206.0
2000 7 193.0
2000 8 190.0
2000 9 74.0
2000 10 167.0
2000 11 110.0
2000 12 61.0
2001 1 32.0
2001 2 84.0
2001 3 128.0
2001 4 176.0
2001 5 113.0
2001 6 334.0
2001 7 156.0
2001 8 136.0
2001 9 248.0
2001 10 237.0
2001 11 78.0
2001 12 336.0
2002 1 52.0
2002 2 99.0
2002 3 152.0
2002 4 184.0
2002 5 91.0
2002 6 148.0
2002 7 165.0
2002 8 179.0
2002 9 260.0
2002 10 217.0
2002 11 147.0
2002 12 82.0
2003 1 64.0
2003 2 57.0
2003 3 111.0
2003 4 151.0
2003 5 180.0
2003 6 151.0
2003 7 150.0
2003 8 166.0
2003 9 215.0
2003 10 208.0
2003 11 198.0
2003 12 211.0
2004 1 104.0
2004 2 45.0
2004 3 104.0
2004 4 182.0
2004 5 183.0
2004 6 188.0
2004 7 91.0
2004 8 141.0
2004 9 153.0
2004 10 192.0
2004 11 101.0
2004 12 141.0
2005 1 28.0
2005 2 12.0
2005 3 72.0
2005 4 91.0
2005 5 71.0
2005 6 60.0
2005 7 94.0
2005 8 80.0
2005 9 59.0
2005 10 122.0
2005 11 118.0
2005 12 30.0
2006 1 42.0
2006 2 12.0
2006 3 53.0
2006 4 32.0
2006 5 34.0
2006 6 22.0
2006 7 30.0
2006 8 40.0
2006 9 124.0
2006 10 28.0
2006 11 23.0
2006 12 47.0
2007 1 17.0
2007 2 6.0
2007 3 12.0
2007 4 16.0
2007 5 54.0
2007 6 41.0
2007 7 38.0
2007 8 71.0
2007 9 16.0
2007 10 22.0
2007 11 30.0
2007 12 5.0
2008 1 8.0
2008 2 6.0
2008 3 14.0
2008 4 8.0
2008 5 40.0
2008 6 9.0
2008 7 4.0
2008 8 8.0
2008 9 20.0
2008 10 21.0
2008 11 12.0
2008 12 8.0
2009 1 2.0
2009 2 4.0
2009 3 10.0
2009 4 28.0
2009 5 6.0
2009 6 38.0
2009 7 20.0
2009 8 7.0
2009 9 5.0
2009 10 38.0
2009 11 11.0
2009 12 43.0
2010 1 4.0
2010 2 8.5
2010 3 13.0
2010 4 12.0
2010 5 32.0
2010 6 21.0
2010 7 14.0
2010 8 45.0
2010 9 22.0
2010 10 36.0
2010 11 6.0
2010 12 20.0
2011 1 11.0
2011 2 2.0
2011 3 2.0
2011 4 11.0
2011 5 12.0
2011 6 9.0
2011 7 31.0
2011 8 43.0
2011 9 16.0
2011 10 17.0
2011 11 21.0
2011 12 4.0
2012 1 6.0
2012 2 8.0
2012 3 42.0
2012 4 7.0
2012 5 2.0
2012 6 9.0
2012 7 8.0
2012 8 31.0
2012 9 10.0
2012 10 14.0
2012 11 13.0
2012 12 12.0
2013 1 2.0
2013 2 18.5
2013 3 35.0
2013 4 5.0
2013 5 42.0
2013 6 51.0
2013 7 182.0
2013 8 10.0
2013 9 4.0
2013 10 32.0
2013 11 34.0
2013 12 6.0
2014 1 20.0
2014 2 14.0
2014 3 8.0
2014 4 19.0
2014 5 35.0
2014 6 61.0
2014 7 27.0
2014 8 26.0
2014 9 27.0
2014 10 36.0
2014 11 5.0
2014 12 22.0
2015 1 29.0
2015 2 10.0
2015 3 29.0
2015 4 17.0
2015 5 48.0
2015 6 4.0
2015 7 53.0
2015 8 29.0
2015 9 23.0
2015 10 45.0
2015 11 39.0
2015 12 33.0
2016 1 27.0
2016 2 3.0
2016 3 28.0
2016 4 50.0
2016 5 116.0
2016 6 75.0
2016 7 126.0
2016 8 98.0
2016 9 52.0
2016 10 100.0
2016 11 151.0
2016 12 46.0
2017 1 9.0
2017 2 42.0
2017 3 90.0
2017 4 128.0
2017 5 47.0
2017 6 49.0
2017 7 48.0
2017 8 21.0
2017 9 13.0
2017 10 8.0
2017 11 39.0
2017 12 18.0
2018 1 36.0
2018 2 17.0
2018 3 21.0
2018 4 30.0
2018 5 24.0
2018 6 28.0
2018 7 54.0
2018 8 9.0
2018 9 7.0
2018 10 14.0
2018 11 4.0
2018 12 17.0
2019 1 12.5
2019 2 8.0
2019 3 8.0
2019 4 14.0
2019 5 6.0
2019 6 46.0
2019 7 57.0
2019 8 20.0
2019 9 15.0
2019 10 14.0
2019 11 24.0
2019 12 60.0
2020 1 7.0
2020 2 29.0
2020 3 15.0
2020 4 42.0
2020 5 36.0
2020 6 19.0
2020 7 58.0
2020 8 137.0
2020 9 103.0
2020 10 42.0
2020 11 23.0
2020 12 52.0
2021 1 5.0
2021 2 10.0
2021 3 52.0
2021 4 198.0
2021 5 91.0
2021 6 26.0
2021 7 74.0
2021 8 31.0
2021 9 55.0
2021 10 96.0
2021 11 31.0
2021 12 103.0
2022 1 35.0
2022 2 34.0
2022 3 42.0
2022 4 49.0
2022 5 54.0
2022 6 48.0
2022 7 52.0
2022 8 82.0
2022 9 46.0
2022 10 55.0
2022 11 19.0
2022 12 35.0
2023 1 13.0
2023 2 18.0
2023 3 34.0
2023 4 32.0
2023 5 39.0
2023 6 60.0
2023 7 57.0
2023 8 75.0
2023 9 57.0
2023 10 72.0
2023 11 32.0
2023 12 22.0
2024 1 31.0
2024 2 25.0
2024 3 24.0
2024 4 53.0
2024 5 49.0
2024 6 35.0
2024 7 75.0
2024 8 81.0
