1960 5 638.0
1960 6 419.0
1960 7 336.0
1960 8 373.0
1960 9 507.0
1960 10 300.0
1960 11 263.0
1960 12 206.0
1961 1 237.0
1961 2 235.0
1961 3 341.0
1961 4 426.0
1961 5 444.0
1961 6 344.0
1961 7 516.0
1961 8 387.0
1961 9 317.0
1961 10 322.0
1961 11 237.0
1961 12 208.0
1962 1 237.0
1962 2 362.0
1962 3 426.0
1962 4 360.0
1962 5 380.0
1962 6 314.0
1962 7 367.0
1962 8 412.0
1962 9 376.0
1962 10 345.0
1962 11 295.0
1962 12 282.0
1963 1 325.0
1963 2 300.0
1963 3 274.0
1963 4 502.0
1963 5 343.0
1963 6 359.0
1963 7 389.0
1963 8 396.0
1963 9 337.0
1963 10 574.0
1963 11 304.0
1963 12 199.0
1964 1 298.0
1964 2 312.0
1964 3 476.0
1964 4 538.0
1964 5 654.0
1964 6 365.0
1964 7 546.0
1964 8 332.0
1964 9 260.0
1964 10 351.0
1964 11 277.0
1964 12 209.0
1965 1 263.0
1965 2 215.0
1965 3 424.0
1965 4 445.0
1965 5 306.0
1965 6 318.0
1965 7 474.0
1965 8 437.0
1965 9 367.0
1965 10 405.0
1965 11 467.0
1965 12 299.0
1966 1 283.0
1966 2 453.0
1966 3 329.0
1966 4 347.0
1966 5 441.0
1966 6 313.0
1966 7 195.0
1966 8 372.0
1966 9 330.0
1966 10 199.0
1966 11 386.0
1966 12 323.0
1967 1 190.0
1967 2 242.0
1967 3 407.0
1967 4 348.0
1967 5 428.0
1967 6 347.0
1967 7 367.0
1967 8 304.0
1967 9 330.0
1967 10 336.0
1967 11 335.0
1967 12 336.0
1968 1 238.0
1968 2 571.0
1968 3 422.0
1968 4 344.0
1968 5 527.0
1968 6 552.0
1968 7 534.0
1968 8 524.0
1968 9 678.0
1968 10 605.0
1968 11 536.0
1968 12 390.0
1969 1 590.0
1969 2 606.0
1969 3 666.0
1969 4 538.0
1969 5 595.0
1969 6 664.0
1969 7 611.0
1969 8 687.0
1969 9 741.0
1969 10 799.0
1969 11 506.0
1969 12 623.0
1970 1 372.0
1970 2 535.0
1970 3 729.0
1970 4 1098.0
1970 5 1193.0
1970 6 1177.0
1970 7 898.0
1970 8 809.0
1970 9 1211.0
1970 10 1499.0
1970 11 729.0
1970 12 1422.0
1971 1 483.0
1971 2 523.0
1971 3 992.0
1971 4 1079.0
1971 5 1141.0
1971 6 1311.0
1971 7 1115.0
1971 8 1012.0
1971 9 1092.0
1971 10 1358.0
1971 11 1072.0
1971 12 1489.0
1972 1 1029.0
1972 2 1242.0
1972 3 1703.0
1972 4 1385.0
1972 5 1234.0
1972 6 1427.0
1972 7 2046.0
1972 8 1868.0
1972 9 1502.0
1972 10 1120.0
1972 11 1281.0
1972 12 776.0
1973 1 1705.0
1973 2 1785.0
1973 3 1954.0
1973 4 1401.0
1973 5 1951.0
1973 6 1905.0
1973 7 1759.0
1973 8 1081.0
1973 9 963.0
1973 10 1410.0
1973 11 595.0
1973 12 970.0
1974 1 490.0
1974 2 698.0
1974 3 676.0
1974 4 1103.0
1974 5 882.0
1974 6 715.0
1974 7 476.0
1974 8 467.0
1974 9 619.0
1974 10 543.0
1974 11 581.0
1974 12 252.0
1975 1 312.0
1975 2 306.0
1975 3 419.0
1975 4 495.0
1975 5 550.0
1975 6 488.0
1975 7 444.0
1975 8 394.0
1975 9 475.0
1975 10 488.0
1975 11 387.0
1975 12 324.0
1976 1 471.0
1976 2 664.0
1976 3 609.0
1976 4 614.0
1976 5 532.0
1976 6 563.0
1976 7 450.0
1976 8 447.0
1976 9 484.0
1976 10 763.0
1976 11 404.0
1976 12 481.0
1977 1 447.0
1977 2 632.0
1977 3 616.0
1977 4 609.0
1977 5 862.0
1977 6 656.0
1977 7 675.0
1977 8 1031.0
1977 9 807.0
1977 10 619.0
1977 11 1205.0
1977 12 415.0
1978 1 493.0
1978 2 582.0
1978 3 1063.0
1978 4 842.0
1978 5 730.0
1978 6 852.0
1978 7 651.0
1978 8 1045.0
1978 9 700.0
1978 10 924.0
1978 11 711.0
1978 12 607.0
1979 1 486.0
1979 2 455.0
1979 3 801.0
1979 4 609.0
1979 5 907.0
1979 6 635.0
1979 7 538.0
1979 8 964.0
1979 9 1467.0
1979 10 728.0
1979 11 483.0
1979 12 311.0
1980 1 442.0
1980 2 490.0
1980 3 444.0
1980 4 504.0
1980 5 749.0
1980 6 1578.0
1980 7 624.0
1980 8 990.0
1980 9 1426.0
1980 10 1091.0
1980 11 1342.0
1980 12 580.0
1981 1 450.0
1981 2 553.0
1981 3 453.0
1981 4 690.0
1981 5 283.0
1981 6 413.0
1981 7 475.0
1981 8 455.0
1981 9 329.0
1981 10 485.0
1981 11 258.0
1981 12 399.0
1982 1 244.0
1982 2 273.0
1982 3 536.0
1982 4 388.0
1982 5 438.0
1982 6 540.0
1982 7 382.0
1982 8 823.0
1982 9 466.0
1982 10 597.0
1982 11 403.0
1982 12 659.0
1983 1 409.0
1983 2 388.0
1983 3 986.0
1983 4 680.0
1983 5 722.0
1983 6 724.0
1983 7 810.0
1983 8 709.0
1983 9 1408.0
1983 10 1402.0
1983 11 651.0
1983 12 702.0
1984 1 641.0
1984 2 671.0
1984 3 1197.0
1984 4 1336.0
1984 5 829.0
1984 6 858.0
1984 7 1148.0
1984 8 1225.0
1984 9 950.0
1984 10 723.0
1984 11 596.0
1984 12 566.0
1985 1 637.0
1985 2 413.0
1985 3 671.0
1985 4 941.0
1985 5 836.0
1985 6 584.0
1985 7 831.0
1985 8 719.0
1985 9 569.0
1985 10 742.0
1985 11 571.0
1985 12 806.0
1986 1 758.0
1986 2 563.0
1986 3 980.0
1986 4 798.0
1986 5 631.0
1986 6 776.0
1986 7 963.0
1986 8 585.0
1986 9 657.0
1986 10 582.0
1986 11 348.0
1986 12 309.0
1987 1 390.0
1987 2 472.0
1987 3 748.0
1987 4 540.0
1987 5 563.0
1987 6 650.0
1987 7 620.0
1987 8 471.0
1987 9 428.0
1987 10 523.0
1987 11 310.0
1987 12 317.0
1988 1 315.0
1988 2 426.0
1988 3 517.0
1988 4 703.0
1988 5 478.0
1988 6 968.0
1988 7 429.0
1988 8 610.0
1988 9 555.0
1988 10 468.0
1988 11 703.0
1988 12 447.0
1989 1 325.0
1989 2 326.0
1989 3 685.0
1989 4 481.0
1989 5 853.0
1989 6 475.0
1989 7 519.0
1989 8 664.0
1989 9 610.0
1989 10 432.0
1989 11 434.0
1989 12 252.0
1990 1 346.0
1990 2 280.0
1990 3 664.0
1990 4 487.0
1990 5 501.0
1990 6 436.0
1990 7 463.0
1990 8 444.0
1990 9 409.0
1990 10 392.0
1990 11 297.0
1990 12 245.0
1991 1 177.0
1991 2 230.0
1991 3 396.0
1991 4 391.0
1991 5 350.0
1991 6 566.0
1991 7 420.0
1991 8 380.0
1991 9 562.0
1991 10 459.0
1991 11 394.0
1991 12 309.0
1992 1 359.0
1992 2 364.0
1992 3 478.0
1992 4 509.0
1992 5 570.0
1992 6 530.0
1992 7 520.0
1992 8 491.0
1992 9 652.0
1992 10 535.0
1992 11 339.0
1992 12 324.0
1993 1 358.0
1993 2 498.0
1993 3 563.0
1993 4 619.0
1993 5 615.0
1993 6 741.0
1993 7 576.0
1993 8 644.0
1993 9 810.0
1993 10 871.0
1993 11 805.0
1993 12 585.0
1994 1 802.0
1994 2 968.0
1994 3 957.0
1994 4 958.0
1994 5 876.0
1994 6 1192.0
1994 7 932.0
1994 8 849.0
1994 9 1177.0
1994 10 737.0
1994 11 809.0
1994 12 880.0
1995 1 873.0
1995 2 495.0
1995 3 1405.0
1995 4 760.0
1995 5 1035.0
1995 6 800.0
1995 7 789.0
1995 8 994.0
1995 9 861.0
1995 10 1104.0
1995 11 1187.0
1995 12 528.0
1996 1 777.0
1996 2 863.0
1996 3 1076.0
1996 4 1024.0
1996 5 1187.0
1996 6 1026.0
1996 7 832.0
1996 8 788.0
1996 9 769.0
1996 10 791.0
1996 11 822.0
1996 12 780.0
1997 1 565.0
1997 2 625.0
1997 3 1033.0
1997 4 1173.0
1997 5 1293.0
1997 6 801.0
1997 7 897.0
1997 8 742.0
1997 9 853.0
1997 10 702.0
1997 11 668.0
1997 12 1101.0
1998 1 901.0
1998 2 632.0
1998 3 938.0
1998 4 1180.0
1998 5 892.0
1998 6 1410.0
1998 7 1085.0
1998 8 1278.0
1998 9 934.0
1998 10 1168.0
1998 11 1192.0
1998 12 1205.0
1999 1 737.0
1999 2 886.0
1999 3 1154.0
1999 4 1197.0
1999 5 1060.0
1999 6 1022.0
1999 7 865.0
1999 8 1139.0
1999 9 1002.0
1999 10 926.0
1999 11 944.0
1999 12 736.0
2000 1 634.0
2000 2 951.0
2000 3 806.0
2000 4 1068.0
2000 5 1159.0
2000 6 928.0
2000 7 719.0
2000 8 1187.0
2000 9 1286.0
2000 10 928.0
2000 11 1628.0
2000 12 767.0
2001 1 757.0
2001 2 781.0
2001 3 1018.0
2001 4 1073.0
2001 5 1001.0
2001 6 882.0
2001 7 749.0
2001 8 984.0
2001 9 632.0
2001 10 1032.0
2001 11 702.0
2001 12 519.0
2002 1 681.0
2002 2 1125.0
2002 3 812.0
2002 4 944.0
2002 5 987.0
2002 6 1058.0
2002 7 769.0
2002 8 770.0
2002 9 787.0
2002 10 966.0
2002 11 970.0
2002 12 566.0
2003 1 833.0
2003 2 685.0
2003 3 986.0
2003 4 1284.0
2003 5 1078.0
2003 6 875.0
2003 7 1181.0
2003 8 1299.0
2003 9 1082.0
2003 10 1155.0
2003 11 868.0
2003 12 804.0
2004 1 992.0
2004 2 985.0
2004 3 1358.0
2004 4 1219.0
2004 5 1012.0
2004 6 1044.0
2004 7 1322.0
2004 8 1476.0
2004 9 1102.0
2004 10 1635.0
2004 11 917.0
2004 12 828.0
2005 1 878.0
2005 2 746.0
2005 3 1422.0
2005 4 1202.0
2005 5 1165.0
2005 6 1207.0
2005 7 995.0
2005 8 1315.0
2005 9 1316.0
2005 10 1108.0
2005 11 1025.0
2005 12 930.0
2006 1 1066.0
2006 2 986.0
2006 3 1538.0
2006 4 1299.0
2006 5 2061.0
2006 6 1461.0
2006 7 1441.0
2006 8 1291.0
2006 9 1064.0
2006 10 1315.0
2006 11 954.0
2006 12 785.0
2007 1 1185.0
2007 2 1182.0
2007 3 2307.0
2007 4 2077.0
2007 5 1626.0
2007 6 1696.0
2007 7 1031.0
2007 8 1197.0
2007 9 933.0
2007 10 664.0
2007 11 1620.0
2007 12 605.0
2008 1 861.0
2008 2 1127.0
2008 3 1196.0
2008 4 905.0
2008 5 979.0
2008 6 841.0
2008 7 998.0
2008 8 690.0
2008 9 672.0
2008 10 543.0
2008 11 563.0
2008 12 352.0
2009 1 448.0
2009 2 344.0
2009 3 491.0
2009 4 599.0
2009 5 514.0
2009 6 1633.0
2009 7 552.0
2009 8 451.0
2009 9 596.0
2009 10 389.0
2009 11 377.0
2009 12 338.0
2010 1 366.0
2010 2 344.0
2010 3 470.0
2010 4 552.0
2010 5 474.0
2010 6 445.0
2010 7 322.0
2010 8 480.0
2010 9 383.0
2010 10 353.0
2010 11 400.0
2010 12 459.0
2011 1 307.0
2011 2 476.0
2011 3 417.0
2011 4 307.0
2011 5 401.0
2011 6 352.0
2011 7 320.0
2011 8 424.0
2011 9 341.0
2011 10 315.0
2011 11 426.0
2011 12 247.0
2012 1 354.0
2012 2 337.0
2012 3 409.0
2012 4 455.0
2012 5 643.0
2012 6 426.0
2012 7 640.0
2012 8 516.0
2012 9 332.0
2012 10 417.0
2012 11 333.0
2012 12 385.0
2013 1 315.0
2013 2 372.0
2013 3 608.0
2013 4 461.0
2013 5 480.0
2013 6 474.0
2013 7 440.0
2013 8 858.0
2013 9 412.0
2013 10 393.0
2013 11 374.0
2013 12 287.0
2014 1 329.0
2014 2 362.0
2014 3 672.0
2014 4 451.0
2014 5 481.0
2014 6 422.0
2014 7 852.0
2014 8 474.0
2014 9 425.0
2014 10 448.0
2014 11 378.0
2014 12 353.0
2015 1 644.0
2015 2 424.0
2015 3 547.0
2015 4 580.0
2015 5 572.0
2015 6 657.0
2015 7 641.0
2015 8 562.0
2015 9 769.0
2015 10 581.0
2015 11 446.0
2015 12 507.0
2016 1 475.0
2016 2 579.0
2016 3 596.0
2016 4 705.0
2016 5 719.0
2016 6 643.0
2016 7 563.0
2016 8 584.0
2016 9 564.0
2016 10 554.0
2016 11 619.0
2016 12 549.0
2017 1 920.0
2017 2 1036.0
2017 3 667.0
2017 4 760.0
2017 5 675.0
2017 6 606.0
2017 7 665.0
2017 8 645.0
2017 9 545.0
2017 10 651.0
2017 11 509.0
2017 12 535.0
2018 1 453.0
2018 2 482.0
2018 3 568.0
2018 4 676.0
2018 5 677.0
2018 6 799.0
2018 7 677.0
2018 8 572.0
2018 9 524.0
2018 10 695.0
2018 11 496.0
2018 12 496.0
2019 1 623.0
2019 2 410.0
2019 3 585.0
2019 4 593.0
2019 5 701.0
2019 6 568.0
2019 7 679.0
2019 8 644.0
2019 9 593.0
2019 10 668.0
2019 11 513.0
2019 12 515.0
2020 1 665.0
2020 2 557.0
2020 3 723.0
2020 4 695.0
2020 5 860.0
2020 6 861.0
2020 7 830.0
2020 8 723.0
2020 9 734.0
2020 10 698.0
2020 11 653.0
2020 12 629.0
2021 1 710.0
2021 2 547.0
2021 3 880.0
2021 4 776.0
2021 5 968.0
2021 6 665.0
2021 7 595.0
2021 8 654.0
2021 9 741.0
2021 10 700.0
2021 11 602.0
2021 12 613.0
2022 1 663.0
2022 2 659.0
2022 3 922.0
2022 4 712.0
2022 5 830.0
2022 6 864.0
2022 7 605.0
2022 8 670.0
2022 9 621.0
2022 10 629.0
2022 11 457.0
2022 12 437.0
2023 1 585.0
2023 2 656.0
2023 3 625.0
2023 4 634.0
2023 5 690.0
2023 6 658.0
2023 7 588.0
2023 8 679.0
2023 9 605.0
2023 10 604.0
2023 11 495.0
2023 12 551.0
2024 1 575.0
2024 2 640.0
2024 3 566.0
2024 4 784.0
2024 5 697.0
2024 6 664.0
2024 7 692.0
2024 8 653.0
