1960 5 229.0
1960 6 219.0
1960 7 427.0
1960 8 303.0
1960 9 169.0
1960 10 150.0
1960 11 202.0
1960 12 120.0
1961 1 140.0
1961 2 287.0
1961 3 621.0
1961 4 259.0
1961 5 513.0
1961 6 498.0
1961 7 614.0
1961 8 247.0
1961 9 83.0
1961 10 263.0
1961 11 554.0
1961 12 148.0
1962 1 88.0
1962 2 215.0
1962 3 583.0
1962 4 229.0
1962 5 308.0
1962 6 542.0
1962 7 272.0
1962 8 528.0
1962 9 423.0
1962 10 423.0
1962 11 264.0
1962 12 286.0
1963 1 666.0
1963 2 304.0
1963 3 770.0
1963 4 371.0
1963 5 459.0
1963 6 404.0
1963 7 732.0
1963 8 787.0
1963 9 559.0
1963 10 898.0
1963 11 386.0
1963 12 528.0
1964 1 483.0
1964 2 352.0
1964 3 470.0
1964 4 873.0
1964 5 2256.0
1964 6 1106.0
1964 7 707.0
1964 8 687.0
1964 9 796.0
1964 10 1838.0
1964 11 642.0
1964 12 448.0
1965 1 1135.0
1965 2 461.0
1965 3 948.0
1965 4 2232.0
1965 5 504.0
1965 6 528.0
1965 7 723.0
1965 8 972.0
1965 9 778.0
1965 10 813.0
1965 11 568.0
1965 12 494.0
1966 1 498.0
1966 2 529.0
1966 3 2415.0
1966 4 1021.0
1966 5 823.0
1966 6 551.0
1966 7 374.0
1966 8 320.0
1966 9 733.0
1966 10 241.0
1966 11 439.0
1966 12 522.0
1967 1 143.0
1967 2 318.0
1967 3 174.0
1967 4 456.0
1967 5 504.0
1967 6 736.0
1967 7 981.0
1967 8 436.0
1967 9 1355.0
1967 10 813.0
1967 11 647.0
1967 12 525.0
1968 1 468.0
1968 2 715.0
1968 3 916.0
1968 4 997.0
1968 5 1489.0
1968 6 947.0
1968 7 474.0
1968 8 823.0
1968 9 1328.0
1968 10 1668.0
1968 11 459.0
1968 12 782.0
1969 1 1223.0
1969 2 934.0
1969 3 1423.0
1969 4 898.0
1969 5 493.0
1969 6 665.0
1969 7 916.0
1969 8 755.0
1969 9 1397.0
1969 10 966.0
1969 11 866.0
1969 12 920.0
1970 1 505.0
1970 2 493.0
1970 3 1012.0
1970 4 996.0
1970 5 733.0
1970 6 646.0
1970 7 801.0
1970 8 849.0
1970 9 923.0
1970 10 884.0
1970 11 1575.0
1970 12 1207.0
1971 1 1006.0
1971 2 739.0
1971 3 2161.0
1971 4 1052.0
1971 5 1275.0
1971 6 1039.0
1971 7 1340.0
1971 8 1353.0
1971 9 1766.0
1971 10 852.0
1971 11 1040.0
1971 12 2709.0
1972 1 570.0
1972 2 1009.0
1972 3 1468.0
1972 4 1323.0
1972 5 803.0
1972 6 1311.0
1972 7 852.0
1972 8 1385.0
1972 9 1680.0
1972 10 1967.0
1972 11 1618.0
1972 12 1533.0
1973 1 561.0
1973 2 531.0
1973 3 841.0
1973 4 570.0
1973 5 1504.0
1973 6 1002.0
1973 7 760.0
1973 8 941.0
1973 9 951.0
1973 10 612.0
1973 11 795.0
1973 12 832.0
1974 1 238.0
1974 2 558.0
1974 3 822.0
1974 4 495.0
1974 5 316.0
1974 6 394.0
1974 7 451.0
1974 8 192.0
1974 9 346.0
1974 10 471.0
1974 11 243.0
1974 12 53.0
1975 1 228.0
1975 2 319.0
1975 3 236.0
1975 4 310.0
1975 5 368.0
1975 6 220.0
1975 7 1617.0
1975 8 219.0
1975 9 300.0
1975 10 378.0
1975 11 222.0
1975 12 344.0
1976 1 86.0
1976 2 276.0
1976 3 517.0
1976 4 438.0
1976 5 438.0
1976 6 563.0
1976 7 619.0
1976 8 553.0
1976 9 1220.0
1976 10 919.0
1976 11 545.0
1976 12 817.0
1977 1 801.0
1977 2 242.0
1977 3 602.0
1977 4 905.0
1977 5 729.0
1977 6 853.0
1977 7 442.0
1977 8 1181.0
1977 9 665.0
1977 10 463.0
1977 11 783.0
1977 12 376.0
1978 1 166.0
1978 2 873.0
1978 3 422.0
1978 4 807.0
1978 5 425.0
1978 6 1107.0
1978 7 866.0
1978 8 339.0
1978 9 902.0
1978 10 1032.0
1978 11 288.0
1978 12 366.0
1979 1 205.0
1979 2 214.0
1979 3 710.0
1979 4 397.0
1979 5 428.0
1979 6 601.0
1979 7 284.0
1979 8 467.0
1979 9 953.0
1979 10 933.0
1979 11 518.0
1979 12 144.0
1980 1 151.0
1980 2 272.0
1980 3 278.0
1980 4 202.0
1980 5 170.0
1980 6 421.0
1980 7 840.0
1980 8 379.0
1980 9 452.0
1980 10 618.0
1980 11 351.0
1980 12 312.0
1981 1 176.0
1981 2 59.0
1981 3 386.0
1981 4 290.0
1981 5 136.0
1981 6 619.0
1981 7 118.0
1981 8 549.0
1981 9 398.0
1981 10 696.0
1981 11 100.0
1981 12 212.0
1982 1 70.0
1982 2 30.0
1982 3 346.0
1982 4 1158.0
1982 5 924.0
1982 6 334.0
1982 7 217.0
1982 8 213.0
1982 9 411.0
1982 10 238.0
1982 11 281.0
1982 12 632.0
1983 1 389.0
1983 2 251.0
1983 3 430.0
1983 4 356.0
1983 5 623.0
1983 6 487.0
1983 7 272.0
1983 8 728.0
1983 9 676.0
1983 10 1373.0
1983 11 620.0
1983 12 442.0
1984 1 308.0
1984 2 315.0
1984 3 779.0
1984 4 971.0
1984 5 1123.0
1984 6 1157.0
1984 7 796.0
1984 8 1342.0
1984 9 2442.0
1984 10 1677.0
1984 11 1012.0
1984 12 673.0
1985 1 714.0
1985 2 462.0
1985 3 1148.0
1985 4 1155.0
1985 5 1207.0
1985 6 1434.0
1985 7 1072.0
1985 8 1720.0
1985 9 1765.0
1985 10 1531.0
1985 11 844.0
1985 12 1255.0
1986 1 879.0
1986 2 930.0
1986 3 755.0
1986 4 1239.0
1986 5 1166.0
1986 6 1145.0
1986 7 2645.0
1986 8 2185.0
1986 9 1152.0
1986 10 1195.0
1986 11 1448.0
1986 12 940.0
1987 1 699.0
1987 2 1374.0
1987 3 1268.0
1987 4 1846.0
1987 5 1292.0
1987 6 658.0
1987 7 823.0
1987 8 433.0
1987 9 1515.0
1987 10 1247.0
1987 11 881.0
1987 12 491.0
1988 1 286.0
1988 2 546.0
1988 3 508.0
1988 4 1414.0
1988 5 713.0
1988 6 1029.0
1988 7 299.0
1988 8 575.0
1988 9 1072.0
1988 10 864.0
1988 11 329.0
1988 12 1399.0
1989 1 213.0
1989 2 353.0
1989 3 729.0
1989 4 378.0
1989 5 216.0
1989 6 591.0
1989 7 247.0
1989 8 621.0
1989 9 475.0
1989 10 731.0
1989 11 665.0
1989 12 237.0
1990 1 429.0
1990 2 415.0
1990 3 184.0
1990 4 259.0
1990 5 375.0
1990 6 273.0
1990 7 400.0
1990 8 260.0
1990 9 385.0
1990 10 237.0
1990 11 142.0
1990 12 155.0
1991 1 157.0
1991 2 417.0
1991 3 254.0
1991 4 330.0
1991 5 184.0
1991 6 305.0
1991 7 302.0
1991 8 265.0
1991 9 220.0
1991 10 725.0
1991 11 388.0
1991 12 862.0
1992 1 329.0
1992 2 220.0
1992 3 331.0
1992 4 261.0
1992 5 366.0
1992 6 513.0
1992 7 322.0
1992 8 475.0
1992 9 325.0
1992 10 396.0
1992 11 378.0
1992 12 272.0
1993 1 357.0
1993 2 275.0
1993 3 331.0
1993 4 266.0
1993 5 415.0
1993 6 227.0
1993 7 171.0
1993 8 472.0
1993 9 444.0
1993 10 412.0
1993 11 544.0
1993 12 200.0
1994 1 127.0
1994 2 369.0
1994 3 388.0
1994 4 219.0
1994 5 448.0
1994 6 443.0
1994 7 340.0
1994 8 544.0
1994 9 617.0
1994 10 613.0
1994 11 412.0
1994 12 223.0
1995 1 243.0
1995 2 169.0
1995 3 556.0
1995 4 382.0
1995 5 362.0
1995 6 385.0
1995 7 198.0
1995 8 655.0
1995 9 391.0
1995 10 590.0
1995 11 242.0
1995 12 237.0
1996 1 454.0
1996 2 380.0
1996 3 574.0
1996 4 844.0
1996 5 307.0
1996 6 333.0
1996 7 259.0
1996 8 466.0
1996 9 643.0
1996 10 544.0
1996 11 342.0
1996 12 310.0
1997 1 419.0
1997 2 326.0
1997 3 531.0
1997 4 745.0
1997 5 515.0
1997 6 457.0
1997 7 673.0
1997 8 658.0
1997 9 571.0
1997 10 534.0
1997 11 613.0
1997 12 269.0
1998 1 313.0
1998 2 473.0
1998 3 672.0
1998 4 410.0
1998 5 756.0
1998 6 235.0
1998 7 294.0
1998 8 348.0
1998 9 631.0
1998 10 394.0
1998 11 353.0
1998 12 565.0
1999 1 72.0
1999 2 282.0
1999 3 799.0
1999 4 252.0
1999 5 423.0
1999 6 465.0
1999 7 266.0
1999 8 309.0
1999 9 588.0
1999 10 681.0
1999 11 626.0
1999 12 728.0
2000 1 429.0
2000 2 180.0
2000 3 708.0
2000 4 718.0
2000 5 356.0
2000 6 565.0
2000 7 242.0
2000 8 300.0
2000 9 213.0
2000 10 1085.0
2000 11 351.0
2000 12 212.0
2001 1 539.0
2001 2 248.0
2001 3 787.0
2001 4 776.0
2001 5 407.0
2001 6 230.0
2001 7 572.0
2001 8 630.0
2001 9 256.0
2001 10 446.0
2001 11 436.0
2001 12 343.0
2002 1 331.0
2002 2 257.0
2002 3 460.0
2002 4 270.0
2002 5 861.0
2002 6 321.0
2002 7 417.0
2002 8 1701.0
2002 9 1335.0
2002 10 361.0
2002 11 336.0
2002 12 1071.0
2003 1 373.0
2003 2 153.0
2003 3 499.0
2003 4 583.0
2003 5 451.0
2003 6 779.0
2003 7 741.0
2003 8 538.0
2003 9 434.0
2003 10 558.0
2003 11 486.0
2003 12 246.0
2004 1 608.0
2004 2 184.0
2004 3 411.0
2004 4 718.0
2004 5 241.0
2004 6 462.0
2004 7 217.0
2004 8 415.0
2004 9 1253.0
2004 10 372.0
2004 11 569.0
2004 12 484.0
2005 1 185.0
2005 2 517.0
2005 3 452.0
2005 4 813.0
2005 5 486.0
2005 6 668.0
2005 7 695.0
2005 8 724.0
2005 9 451.0
2005 10 407.0
2005 11 462.0
2005 12 636.0
2006 1 494.0
2006 2 856.0
2006 3 1169.0
2006 4 349.0
2006 5 1012.0
2006 6 744.0
2006 7 668.0
2006 8 1456.0
2006 9 615.0
2006 10 524.0
2006 11 175.0
2006 12 799.0
2007 1 316.0
2007 2 332.0
2007 3 498.0
2007 4 883.0
2007 5 368.0
2007 6 411.0
2007 7 623.0
2007 8 447.0
2007 9 352.0
2007 10 692.0
2007 11 327.0
2007 12 208.0
2008 1 416.0
2008 2 292.0
2008 3 244.0
2008 4 660.0
2008 5 293.0
2008 6 416.0
2008 7 367.0
2008 8 712.0
2008 9 401.0
2008 10 399.0
2008 11 399.0
2008 12 103.0
2009 1 177.0
2009 2 103.0
2009 3 132.0
2009 4 127.0
2009 5 180.0
2009 6 409.0
2009 7 254.0
2009 8 150.0
2009 9 173.0
2009 10 166.0
2009 11 169.0
2009 12 552.0
2010 1 81.0
2010 2 91.0
2010 3 250.0
2010 4 174.0
2010 5 213.0
2010 6 169.0
2010 7 155.0
2010 8 249.0
2010 9 334.0
2010 10 220.0
2010 11 128.0
2010 12 191.0
2011 1 95.0
2011 2 434.0
2011 3 206.0
2011 4 260.0
2011 5 193.0
2011 6 495.0
2011 7 197.0
2011 8 224.0
2011 9 194.0
2011 10 126.0
2011 11 207.0
2011 12 96.0
2012 1 149.0
2012 2 221.0
2012 3 249.0
2012 4 171.0
2012 5 278.0
2012 6 266.0
2012 7 100.0
2012 8 449.0
2012 9 266.0
2012 10 1002.0
2012 11 474.0
2012 12 218.0
2013 1 244.0
2013 2 305.0
2013 3 384.0
2013 4 189.0
2013 5 252.0
2013 6 298.0
2013 7 112.0
2013 8 270.0
2013 9 497.0
2013 10 824.0
2013 11 428.0
2013 12 133.0
2014 1 462.0
2014 2 224.0
2014 3 366.0
2014 4 813.0
2014 5 734.0
2014 6 948.0
2014 7 524.0
2014 8 366.0
2014 9 919.0
2014 10 629.0
2014 11 485.0
2014 12 408.0
2015 1 232.0
2015 2 293.0
2015 3 670.0
2015 4 292.0
2015 5 277.0
2015 6 629.0
2015 7 638.0
2015 8 747.0
2015 9 574.0
2015 10 699.0
2015 11 1036.0
2015 12 1286.0
2016 1 451.0
2016 2 159.0
2016 3 730.0
2016 4 1080.0
2016 5 920.0
2016 6 556.0
2016 7 694.0
2016 8 495.0
2016 9 658.0
2016 10 1031.0
2016 11 858.0
2016 12 746.0
2017 1 379.0
2017 2 304.0
2017 3 341.0
2017 4 450.0
2017 5 924.0
2017 6 331.0
2017 7 281.0
2017 8 990.0
2017 9 556.0
2017 10 1312.0
2017 11 309.0
2017 12 605.0
2018 1 186.0
2018 2 90.0
2018 3 673.0
2018 4 460.0
2018 5 467.0
2018 6 706.0
2018 7 50.0
2018 8 557.0
2018 9 135.0
2018 10 655.0
2018 11 622.0
2018 12 42.0
2019 1 472.0
2019 2 311.0
2019 3 1002.0
2019 4 153.0
2019 5 394.0
2019 6 172.0
2019 7 391.0
2019 8 745.0
2019 9 430.0
2019 10 804.0
2019 11 359.0
2019 12 508.0
2020 1 634.0
2020 2 570.0
2020 3 304.0
2020 4 287.0
2020 5 489.0
2020 6 417.0
2020 7 1123.0
2020 8 570.0
2020 9 309.0
2020 10 292.0
2020 11 672.0
2020 12 213.0
2021 1 330.0
2021 2 247.0
2021 3 861.0
2021 4 645.0
2021 5 547.0
2021 6 215.0
2021 7 431.0
2021 8 1039.0
2021 9 1004.0
2021 10 822.0
2021 11 557.0
2021 12 730.0
2022 1 961.0
2022 2 689.0
2022 3 667.0
2022 4 862.0
2022 5 660.0
2022 6 886.0
2022 7 610.0
2022 8 1135.0
2022 9 709.0
2022 10 677.0
2022 11 649.0
2022 12 454.0
2023 1 500.0
2023 2 474.0
2023 3 674.0
2023 4 278.0
2023 5 739.0
2023 6 554.0
2023 7 491.0
2023 8 608.0
2023 9 472.0
2023 10 253.0
2023 11 503.0
2023 12 331.0
2024 1 679.0
2024 2 369.0
2024 3 264.0
2024 4 196.0
2024 5 302.0
2024 6 923.0
2024 7 569.0
2024 8 1191.0
