1960 5 1345.0
1960 6 1616.0
1960 7 1741.0
1960 8 1628.0
1960 9 1509.0
1960 10 1162.0
1960 11 1256.0
1960 12 919.0
1961 1 924.0
1961 2 1074.0
1961 3 2127.0
1961 4 1319.0
1961 5 1608.0
1961 6 1706.0
1961 7 1891.0
1961 8 1493.0
1961 9 1099.0
1961 10 1446.0
1961 11 1260.0
1961 12 803.0
1962 1 508.0
1962 2 1050.0
1962 3 1629.0
1962 4 1642.0
1962 5 1578.0
1962 6 1866.0
1962 7 1547.0
1962 8 1649.0
1962 9 1652.0
1962 10 1473.0
1962 11 1197.0
1962 12 982.0
1963 1 1106.0
1963 2 1112.0
1963 3 2270.0
1963 4 1797.0
1963 5 1791.0
1963 6 1649.0
1963 7 2116.0
1963 8 1933.0
1963 9 1771.0
1963 10 2073.0
1963 11 1319.0
1963 12 1115.0
1964 1 1252.0
1964 2 1276.0
1964 3 1743.0
1964 4 2385.0
1964 5 3889.0
1964 6 2413.0
1964 7 1919.0
1964 8 1835.0
1964 9 2160.0
1964 10 2982.0
1964 11 1437.0
1964 12 1103.0
1965 1 1985.0
1965 2 1194.0
1965 3 2165.0
1965 4 3611.0
1965 5 2167.0
1965 6 1897.0
1965 7 2070.0
1965 8 2253.0
1965 9 1957.0
1965 10 1846.0
1965 11 1640.0
1965 12 1323.0
1966 1 1305.0
1966 2 1287.0
1966 3 3789.0
1966 4 2099.0
1966 5 1911.0
1966 6 1666.0
1966 7 1234.0
1966 8 955.0
1966 9 1407.0
1966 10 797.0
1966 11 1053.0
1966 12 881.0
1967 1 745.0
1967 2 904.0
1967 3 1397.0
1967 4 1440.0
1967 5 1626.0
1967 6 1739.0
1967 7 1960.0
1967 8 1562.0
1967 9 2418.0
1967 10 1870.0
1967 11 1441.0
1967 12 1139.0
1968 1 1128.0
1968 2 1534.0
1968 3 1901.0
1968 4 2223.0
1968 5 3051.0
1968 6 2345.0
1968 7 1950.0
1968 8 2178.0
1968 9 2673.0
1968 10 3137.0
1968 11 1473.0
1968 12 1651.0
1969 1 2112.0
1969 2 1813.0
1969 3 2689.0
1969 4 2012.0
1969 5 1612.0
1969 6 1745.0
1969 7 2018.0
1969 8 1794.0
1969 9 2454.0
1969 10 2053.0
1969 11 1532.0
1969 12 1692.0
1970 1 908.0
1970 2 1142.0
1970 3 1825.0
1970 4 2063.0
1970 5 1488.0
1970 6 1876.0
1970 7 2107.0
1970 8 1843.0
1970 9 2011.0
1970 10 2192.0
1970 11 2568.0
1970 12 2095.0
1971 1 1739.0
1971 2 1566.0
1971 3 3644.0
1971 4 2640.0
1971 5 2661.0
1971 6 2811.0
1971 7 2767.0
1971 8 2926.0
1971 9 3179.0
1971 10 2239.0
1971 11 2413.0
1971 12 3878.0
1972 1 1415.0
1972 2 2350.0
1972 3 3444.0
1972 4 3058.0
1972 5 2584.0
1972 6 3112.0
1972 7 2395.0
1972 8 3117.0
1972 9 3179.0
1972 10 3454.0
1972 11 2724.0
1972 12 2460.0
1973 1 1513.0
1973 2 1837.0
1973 3 2560.0
1973 4 2090.0
1973 5 3172.0
1973 6 2530.0
1973 7 2218.0
1973 8 2242.0
1973 9 1821.0
1973 10 1776.0
1973 11 1678.0
1973 12 1287.0
1974 1 617.0
1974 2 1323.0
1974 3 2092.0
1974 4 1837.0
1974 5 1593.0
1974 6 1301.0
1974 7 1519.0
1974 8 1057.0
1974 9 1083.0
1974 10 1299.0
1974 11 889.0
1974 12 585.0
1975 1 667.0
1975 2 862.0
1975 3 1067.0
1975 4 1521.0
1975 5 1569.0
1975 6 1396.0
1975 7 2794.0
1975 8 1434.0
1975 9 1409.0
1975 10 1689.0
1975 11 1395.0
1975 12 1308.0
1976 1 930.0
1976 2 1378.0
1976 3 2258.0
1976 4 2192.0
1976 5 1832.0
1976 6 2142.0
1976 7 2021.0
1976 8 1895.0
1976 9 2693.0
1976 10 2413.0
1976 11 2036.0
1976 12 1920.0
1977 1 1342.0
1977 2 1598.0
1977 3 2831.0
1977 4 2988.0
1977 5 3020.0
1977 6 3227.0
1977 7 2178.0
1977 8 3271.0
1977 9 2520.0
1977 10 2404.0
1977 11 2393.0
1977 12 1471.0
1978 1 923.0
1978 2 1861.0
1978 3 2359.0
1978 4 2926.0
1978 5 2578.0
1978 6 3216.0
1978 7 2439.0
1978 8 2335.0
1978 9 2669.0
1978 10 2762.0
1978 11 1550.0
1978 12 1632.0
1979 1 557.0
1979 2 800.0
1979 3 2210.0
1979 4 2047.0
1979 5 2362.0
1979 6 2094.0
1979 7 1631.0
1979 8 1822.0
1979 9 2340.0
1979 10 2087.0
1979 11 1170.0
1979 12 717.0
1980 1 617.0
1980 2 599.0
1980 3 767.0
1980 4 665.0
1980 5 780.0
1980 6 1025.0
1980 7 1738.0
1980 8 1249.0
1980 9 1449.0
1980 10 1579.0
1980 11 1224.0
1980 12 795.0
1981 1 633.0
1981 2 451.0
1981 3 1017.0
1981 4 994.0
1981 5 721.0
1981 6 1252.0
1981 7 667.0
1981 8 996.0
1981 9 987.0
1981 10 1145.0
1981 11 443.0
1981 12 523.0
1982 1 233.0
1982 2 244.0
1982 3 790.0
1982 4 1726.0
1982 5 1372.0
1982 6 830.0
1982 7 650.0
1982 8 809.0
1982 9 1060.0
1982 10 887.0
1982 11 944.0
1982 12 1226.0
1983 1 878.0
1983 2 879.0
1983 3 1608.0
1983 4 1432.0
1983 5 1871.0
1983 6 1875.0
1983 7 1365.0
1983 8 1889.0
1983 9 1715.0
1983 10 2420.0
1983 11 1480.0
1983 12 1013.0
1984 1 989.0
1984 2 1280.0
1984 3 1873.0
1984 4 2178.0
1984 5 2492.0
1984 6 2276.0
1984 7 1871.0
1984 8 2399.0
1984 9 3266.0
1984 10 2603.0
1984 11 1833.0
1984 12 1321.0
1985 1 1335.0
1985 2 1095.0
1985 3 2420.0
1985 4 2497.0
1985 5 2614.0
1985 6 2626.0
1985 7 2482.0
1985 8 3100.0
1985 9 3050.0
1985 10 2929.0
1985 11 1615.0
1985 12 1836.0
1986 1 1891.0
1986 2 1794.0
1986 3 2256.0
1986 4 3143.0
1986 5 2996.0
1986 6 2927.0
1986 7 4376.0
1986 8 3884.0
1986 9 2707.0
1986 10 2598.0
1986 11 2553.0
1986 12 2023.0
1987 1 1632.0
1987 2 2655.0
1987 3 3058.0
1987 4 3776.0
1987 5 3277.0
1987 6 2620.0
1987 7 2482.0
1987 8 2010.0
1987 9 2964.0
1987 10 2815.0
1987 11 2101.0
1987 12 1411.0
1988 1 1120.0
1988 2 1657.0
1988 3 2288.0
1988 4 2953.0
1988 5 2420.0
1988 6 2881.0
1988 7 1658.0
1988 8 2117.0
1988 9 2598.0
1988 10 2181.0
1988 11 1356.0
1988 12 2378.0
1989 1 1195.0
1989 2 1077.0
1989 3 2190.0
1989 4 1881.0
1989 5 1723.0
1989 6 2012.0
1989 7 1495.0
1989 8 1950.0
1989 9 1647.0
1989 10 1922.0
1989 11 1810.0
1989 12 963.0
1990 1 1369.0
1990 2 1436.0
1990 3 1510.0
1990 4 1650.0
1990 5 1622.0
1990 6 1550.0
1990 7 1697.0
1990 8 1544.0
1990 9 1325.0
1990 10 1265.0
1990 11 843.0
1990 12 664.0
1991 1 554.0
1991 2 1279.0
1991 3 1397.0
1991 4 1767.0
1991 5 1670.0
1991 6 1638.0
1991 7 1686.0
1991 8 1650.0
1991 9 1391.0
1991 10 1939.0
1991 11 1113.0
1991 12 1663.0
1992 1 1420.0
1992 2 1509.0
1992 3 2036.0
1992 4 1999.0
1992 5 2020.0
1992 6 2199.0
1992 7 1829.0
1992 8 2044.0
1992 9 1866.0
1992 10 2043.0
1992 11 1411.0
1992 12 1457.0
1993 1 1300.0
1993 2 1305.0
1993 3 2019.0
1993 4 1984.0
1993 5 1949.0
1993 6 2118.0
1993 7 1754.0
1993 8 2175.0
1993 9 2051.0
1993 10 2251.0
1993 11 2176.0
1993 12 1640.0
1994 1 1259.0
1994 2 1790.0
1994 3 2579.0
1994 4 2151.0
1994 5 2437.0
1994 6 2605.0
1994 7 2125.0
1994 8 2343.0
1994 9 2236.0
1994 10 2203.0
1994 11 1800.0
1994 12 1392.0
1995 1 1152.0
1995 2 1336.0
1995 3 2290.0
1995 4 1835.0
1995 5 1995.0
1995 6 2256.0
1995 7 1885.0
1995 8 2498.0
1995 9 1948.0
1995 10 2325.0
1995 11 1683.0
1995 12 1354.0
1996 1 1492.0
1996 2 2120.0
1996 3 2490.0
1996 4 2847.0
1996 5 2248.0
1996 6 2115.0
1996 7 2052.0
1996 8 2142.0
1996 9 2202.0
1996 10 2211.0
1996 11 1528.0
1996 12 1458.0
1997 1 1303.0
1997 2 1489.0
1997 3 2240.0
1997 4 2706.0
1997 5 2364.0
1997 6 2066.0
1997 7 2351.0
1997 8 2052.0
1997 9 2181.0
1997 10 2033.0
1997 11 1808.0
1997 12 1328.0
1998 1 1312.0
1998 2 1706.0
1998 3 2330.0
1998 4 2283.0
1998 5 2701.0
1998 6 2233.0
1998 7 2187.0
1998 8 1964.0
1998 9 2293.0
1998 10 2032.0
1998 11 1817.0
1998 12 2067.0
1999 1 1099.0
1999 2 1735.0
1999 3 2945.0
1999 4 2210.0
1999 5 2263.0
1999 6 2443.0
1999 7 2034.0
1999 8 2099.0
1999 9 2179.0
1999 10 2247.0
1999 11 2101.0
1999 12 1976.0
2000 1 1664.0
2000 2 1657.0
2000 3 2587.0
2000 4 2385.0
2000 5 2267.0
2000 6 2080.0
2000 7 1585.0
2000 8 1928.0
2000 9 1471.0
2000 10 2491.0
2000 11 1527.0
2000 12 1001.0
2001 1 1608.0
2001 2 1335.0
2001 3 2715.0
2001 4 2543.0
2001 5 2293.0
2001 6 1881.0
2001 7 2199.0
2001 8 2390.0
2001 9 1603.0
2001 10 1989.0
2001 11 1869.0
2001 12 1462.0
2002 1 1698.0
2002 2 1722.0
2002 3 2099.0
2002 4 2288.0
2002 5 2544.0
2002 6 2037.0
2002 7 2446.0
2002 8 3480.0
2002 9 3050.0
2002 10 2176.0
2002 11 1776.0
2002 12 2485.0
2003 1 1709.0
2003 2 1504.0
2003 3 2385.0
2003 4 2567.0
2003 5 2381.0
2003 6 2712.0
2003 7 2934.0
2003 8 2522.0
2003 9 2387.0
2003 10 2610.0
2003 11 2049.0
2003 12 1714.0
2004 1 2004.0
2004 2 1623.0
2004 3 2914.0
2004 4 2892.0
2004 5 2441.0
2004 6 2705.0
2004 7 2323.0
2004 8 2565.0
2004 9 3227.0
2004 10 2336.0
2004 11 2119.0
2004 12 2372.0
2005 1 1851.0
2005 2 2131.0
2005 3 3062.0
2005 4 3526.0
2005 5 2662.0
2005 6 2881.0
2005 7 2619.0
2005 8 2941.0
2005 9 2349.0
2005 10 2465.0
2005 11 2287.0
2005 12 2017.0
2006 1 1909.0
2006 2 2261.0
2006 3 3114.0
2006 4 2210.0
2006 5 2924.0
2006 6 2438.0
2006 7 2471.0
2006 8 3126.0
2006 9 1886.0
2006 10 1793.0
2006 11 1346.0
2006 12 1695.0
2007 1 1249.0
2007 2 1289.0
2007 3 2097.0
2007 4 2310.0
2007 5 1874.0
2007 6 1896.0
2007 7 1768.0
2007 8 1669.0
2007 9 1351.0
2007 10 1782.0
2007 11 1146.0
2007 12 797.0
2008 1 1180.0
2008 2 836.0
2008 3 941.0
2008 4 1466.0
2008 5 1032.0
2008 6 1182.0
2008 7 1081.0
2008 8 1258.0
2008 9 912.0
2008 10 835.0
2008 11 718.0
2008 12 351.0
2009 1 389.0
2009 2 434.0
2009 3 483.0
2009 4 642.0
2009 5 673.0
2009 6 1020.0
2009 7 881.0
2009 8 776.0
2009 9 784.0
2009 10 707.0
2009 11 602.0
2009 12 965.0
2010 1 417.0
2010 2 533.0
2010 3 982.0
2010 4 808.0
2010 5 663.0
2010 6 727.0
2010 7 638.0
2010 8 886.0
2010 9 807.0
2010 10 653.0
2010 11 602.0
2010 12 547.0
2011 1 318.0
2011 2 767.0
2011 3 675.0
2011 4 849.0
2011 5 717.0
2011 6 1021.0
2011 7 701.0
2011 8 786.0
2011 9 714.0
2011 10 611.0
2011 11 619.0
2011 12 442.0
2012 1 543.0
2012 2 735.0
2012 3 883.0
2012 4 727.0
2012 5 1023.0
2012 6 961.0
2012 7 666.0
2012 8 1166.0
2012 9 1011.0
2012 10 2023.0
2012 11 1078.0
2012 12 777.0
2013 1 800.0
2013 2 792.0
2013 3 1085.0
2013 4 1144.0
2013 5 1166.0
2013 6 1045.0
2013 7 916.0
2013 8 1058.0
2013 9 1263.0
2013 10 1607.0
2013 11 1004.0
2013 12 692.0
2014 1 933.0
2014 2 725.0
2014 3 1185.0
2014 4 1621.0
2014 5 1542.0
2014 6 1767.0
2014 7 1261.0
2014 8 1102.0
2014 9 1664.0
2014 10 1521.0
2014 11 1083.0
2014 12 1019.0
2015 1 768.0
2015 2 830.0
2015 3 1417.0
2015 4 1229.0
2015 5 1180.0
2015 6 1870.0
2015 7 1497.0
2015 8 1570.0
2015 9 1398.0
2015 10 1552.0
2015 11 1657.0
2015 12 1883.0
2016 1 1052.0
2016 2 873.0
2016 3 1968.0
2016 4 2049.0
2016 5 2045.0
2016 6 1659.0
2016 7 1522.0
2016 8 1680.0
2016 9 1581.0
2016 10 1845.0
2016 11 1786.0
2016 12 1475.0
2017 1 1070.0
2017 2 1100.0
2017 3 1404.0
2017 4 1373.0
2017 5 1817.0
2017 6 1375.0
2017 7 1133.0
2017 8 1956.0
2017 9 1512.0
2017 10 2568.0
2017 11 1287.0
2017 12 1334.0
2018 1 840.0
2018 2 858.0
2018 3 1789.0
2018 4 1487.0
2018 5 1587.0
2018 6 1797.0
2018 7 897.0
2018 8 1580.0
2018 9 870.0
2018 10 1671.0
2018 11 1357.0
2018 12 654.0
2019 1 1098.0
2019 2 838.0
2019 3 1787.0
2019 4 1107.0
2019 5 1431.0
2019 6 1131.0
2019 7 1307.0
2019 8 1710.0
2019 9 1339.0
2019 10 1808.0
2019 11 1115.0
2019 12 1311.0
2020 1 1371.0
2020 2 1339.0
2020 3 1187.0
2020 4 1226.0
2020 5 1403.0
2020 6 1522.0
2020 7 2243.0
2020 8 1687.0
2020 9 1604.0
2020 10 1469.0
2020 11 1615.0
2020 12 1241.0
2021 1 1102.0
2021 2 1121.0
2021 3 2347.0
2021 4 2167.0
2021 5 1592.0
2021 6 1208.0
2021 7 1389.0
2021 8 2101.0
2021 9 2105.0
2021 10 2081.0
2021 11 1666.0
2021 12 1898.0
2022 1 1862.0
2022 2 1447.0
2022 3 1825.0
2022 4 2029.0
2022 5 1779.0
2022 6 1944.0
2022 7 1625.0
2022 8 2156.0
2022 9 1560.0
2022 10 1552.0
2022 11 1393.0
2022 12 1072.0
2023 1 1028.0
2023 2 1111.0
2023 3 1623.0
2023 4 1295.0
2023 5 1818.0
2023 6 1642.0
2023 7 1486.0
2023 8 1718.0
2023 9 1489.0
2023 10 1244.0
2023 11 1373.0
2023 12 1043.0
2024 1 1322.0
2024 2 1273.0
2024 3 1356.0
2024 4 1228.0
2024 5 1362.0
2024 6 1920.0
2024 7 1558.0
2024 8 2232.0
