1960 5 270.0
1960 6 79.0
1960 7 8.0
1960 8 40.0
1960 9 199.0
1960 10 177.85714285714286
1960 11 156.71428571428572
1960 12 135.57142857142856
1961 1 114.42857142857143
1961 2 93.28571428571429
1961 3 72.14285714285714
1961 4 51.0
1961 5 28.5
1961 6 6.0
1961 7 6.5
1961 8 7.0
1961 9 13.25
1961 10 19.5
1961 11 25.75
1961 12 32.0
1962 1 22.5
1962 2 13.0
1962 3 22.5
1962 4 32.0
1962 5 24.0
1962 6 16.0
1962 7 8.0
1962 8 70.0
1962 9 16.0
1962 10 52.0
1962 11 26.0
1962 12 102.0
1963 1 64.0
1963 2 16.0
1963 3 6.0
1963 4 100.0
1963 5 22.0
1963 6 100.0
1963 7 62.0
1963 8 128.0
1963 9 70.0
1963 10 265.0
1963 11 52.0
1963 12 24.0
1964 1 51.0
1964 2 38.0
1964 3 168.0
1964 4 222.0
1964 5 350.0
1964 6 104.0
1964 7 225.0
1964 8 88.0
1964 9 15.0
1964 10 42.0
1964 11 78.0
1964 12 32.0
1965 1 18.5
1965 2 5.0
1965 3 141.0
1965 4 111.0
1965 5 28.0
1965 6 55.0
1965 7 186.0
1965 8 132.0
1965 9 72.0
1965 10 117.0
1965 11 202.0
1965 12 68.0
1966 1 50.0
1966 2 191.0
1966 3 34.0
1966 4 96.0
1966 5 173.0
1966 6 90.0
1966 7 110.5
1966 8 131.0
1966 9 144.0
1966 10 145.5
1966 11 147.0
1966 12 158.0
1967 1 82.0
1967 2 6.0
1967 3 104.0
1967 4 91.0
1967 5 158.0
1967 6 66.0
1967 7 111.0
1967 8 26.0
1967 9 72.0
1967 10 86.0
1967 11 98.0
1967 12 88.0
1968 1 72.0
1968 2 325.0
1968 3 204.0
1968 4 56.0
1968 5 32.0
1968 6 142.0
1968 7 32.0
1968 8 48.0
1968 9 216.0
1968 10 159.0
1968 11 159.0
1968 12 30.0
1969 1 141.0
1969 2 162.0
1969 3 203.0
1969 4 108.0
1969 5 133.0
1969 6 270.0
1969 7 264.0
1969 8 265.0
1969 9 372.0
1969 10 382.0
1969 11 200.0
1969 12 239.0
1970 1 40.0
1970 2 27.0
1970 3 227.0
1970 4 526.0
1970 5 633.0
1970 6 511.0
1970 7 262.0
1970 8 129.0
1970 9 477.0
1970 10 950.0
1970 11 148.0
1970 12 636.0
1971 1 11.0
1971 2 12.0
1971 3 295.0
1971 4 383.0
1971 5 323.0
1971 6 218.0
1971 7 307.0
1971 8 205.0
1971 9 147.0
1971 10 625.0
1971 11 313.0
1971 12 844.0
1972 1 445.0
1972 2 589.0
1972 3 553.0
1972 4 410.0
1972 5 330.0
1972 6 578.0
1972 7 1021.0
1972 8 802.0
1972 9 577.0
1972 10 308.0
1972 11 467.0
1972 12 163.0
1973 1 865.0
1973 2 947.0
1973 3 949.0
1973 4 650.0
1973 5 953.0
1973 6 1043.0
1973 7 1024.0
1973 8 517.0
1973 9 511.0
1973 10 905.0
1973 11 157.0
1973 12 610.0
1974 1 88.0
1974 2 295.0
1974 3 36.0
1974 4 415.0
1974 5 211.0
1974 6 299.0
1974 7 60.0
1974 8 55.0
1974 9 203.0
1974 10 86.0
1974 11 292.0
1974 12 8.0
1975 1 16.0
1975 2 12.0
1975 3 8.0
1975 4 34.0
1975 5 162.0
1975 6 49.0
1975 7 36.5
1975 8 24.0
1975 9 26.0
1975 10 22.0
1975 11 12.0
1975 12 17.0
1976 1 32.0
1976 2 178.0
1976 3 60.0
1976 4 48.0
1976 5 30.0
1976 6 36.0
1976 7 14.0
1976 8 8.0
1976 9 16.0
1976 10 300.0
1976 11 8.0
1976 12 121.0
1977 1 68.0
1977 2 154.0
1977 3 70.0
1977 4 33.0
1977 5 250.0
1977 6 64.0
1977 7 146.0
1977 8 371.0
1977 9 298.0
1977 10 32.0
1977 11 157.0
1977 12 152.5
1978 1 148.0
1978 2 74.0
1978 3 293.0
1978 4 292.0
1978 5 151.0
1978 6 160.0
1978 7 88.0
1978 8 458.0
1978 9 125.0
1978 10 222.0
1978 11 177.0
1978 12 231.0
1979 1 161.0
1979 2 88.0
1979 3 219.0
1979 4 18.0
1979 5 272.0
1979 6 109.0
1979 7 46.0
1979 8 248.0
1979 9 1043.0
1979 10 265.0
1979 11 151.0
1979 12 69.0
1980 1 59.0
1980 2 34.0
1980 3 44.0
1980 4 72.0
1980 5 242.0
1980 6 1074.0
1980 7 74.0
1980 8 135.0
1980 9 767.0
1980 10 409.0
1980 11 826.0
1980 12 253.0
1981 1 122.0
1981 2 5.0
1981 3 40.0
1981 4 282.0
1981 5 24.0
1981 6 115.0
1981 7 121.0
1981 8 82.0
1981 9 22.0
1981 10 187.0
1981 11 33.0
1981 12 174.0
1982 1 24.0
1982 2 72.0
1982 3 207.0
1982 4 94.0
1982 5 46.0
1982 6 211.0
1982 7 113.0
1982 8 290.0
1982 9 108.0
1982 10 150.0
1982 11 48.0
1982 12 240.0
1983 1 26.0
1983 2 19.0
1983 3 294.0
1983 4 203.0
1983 5 87.0
1983 6 54.0
1983 7 295.0
1983 8 165.0
1983 9 807.0
1983 10 400.0
1983 11 87.0
1983 12 322.0
1984 1 276.0
1984 2 130.0
1984 3 612.0
1984 4 707.0
1984 5 104.0
1984 6 156.0
1984 7 526.0
1984 8 589.0
1984 9 375.0
1984 10 104.0
1984 11 16.0
1984 12 125.0
1985 1 161.0
1985 2 52.0
1985 3 58.0
1985 4 218.0
1985 5 144.0
1985 6 64.0
1985 7 213.0
1985 8 83.0
1985 9 16.0
1985 10 220.0
1985 11 70.0
1985 12 396.0
1986 1 179.0
1986 2 41.0
1986 3 375.0
1986 4 108.0
1986 5 53.0
1986 6 213.0
1986 7 378.0
1986 8 5.0
1986 9 130.0
1986 10 21.0
1986 11 53.0
1986 12 8.0
1987 1 14.0
1987 2 47.0
1987 3 184.0
1987 4 8.0
1987 5 48.0
1987 6 16.0
1987 7 46.0
1987 8 59.333333333333336
1987 9 72.66666666666667
1987 10 86.0
1987 11 67.33333333333333
1987 12 48.666666666666664
1988 1 30.0
1988 2 36.0
1988 3 16.0
1988 4 202.0
1988 5 17.0
1988 6 474.0
1988 7 11.0
1988 8 126.0
1988 9 142.0
1988 10 67.0
1988 11 270.0
1988 12 77.0
1989 1 61.0
1989 2 45.0
1989 3 236.0
1989 4 33.0
1989 5 331.0
1989 6 48.0
1989 7 67.0
1989 8 100.0
1989 9 136.0
1989 10 55.0
1989 11 56.0
1989 12 19.0
1990 1 55.0
1990 2 13.0
1990 3 219.0
1990 4 58.0
1990 5 29.0
1990 6 47.0
1990 7 65.0
1990 8 33.0
1990 9 77.0
1990 10 66.0
1990 11 24.0
1990 12 30.5
1991 1 37.0
1991 2 43.5
1991 3 50.0
1991 4 6.0
1991 5 27.0
1991 6 48.0
1991 7 6.0
1991 8 5.0
1991 9 176.0
1991 10 26.0
1991 11 74.0
1991 12 10.0
1992 1 10.0
1992 2 5.0
1992 3 28.0
1992 4 37.0
1992 5 46.0
1992 6 50.0
1992 7 72.0
1992 8 70.0
1992 9 138.0
1992 10 20.0
1992 11 15.0
1992 12 10.0
1993 1 7.5
1993 2 5.0
1993 3 8.0
1993 4 21.0
1993 5 46.0
1993 6 134.0
1993 7 30.0
1993 8 5.0
1993 9 184.0
1993 10 256.0
1993 11 224.0
1993 12 32.0
1994 1 269.0
1994 2 291.0
1994 3 50.0
1994 4 113.0
1994 5 82.0
1994 6 350.0
1994 7 261.0
1994 8 13.0
1994 9 430.0
1994 10 12.0
1994 11 293.0
1994 12 306.0
1995 1 22.0
1995 2 10.0
1995 3 716.0
1995 4 109.0
1995 5 306.0
1995 6 63.0
1995 7 65.0
1995 8 252.0
1995 9 159.0
1995 10 349.0
1995 11 406.0
1995 12 60.0
1996 1 149.0
1996 2 81.0
1996 3 253.0
1996 4 149.0
1996 5 294.0
1996 6 300.0
1996 7 51.0
1996 8 53.0
1996 9 113.0
1996 10 33.0
1996 11 212.0
1996 12 309.0
1997 1 44.0
1997 2 68.0
1997 3 337.0
1997 4 247.0
1997 5 425.0
1997 6 68.0
1997 7 116.0
1997 8 48.0
1997 9 48.0
1997 10 29.0
1997 11 49.0
1997 12 607.0
1998 1 433.0
1998 2 64.0
1998 3 76.0
1998 4 362.0
1998 5 47.0
1998 6 403.0
1998 7 286.0
1998 8 457.0
1998 9 174.0
1998 10 280.0
1998 11 405.0
1998 12 550.0
1999 1 55.0
1999 2 66.0
1999 3 205.0
1999 4 231.0
1999 5 184.0
1999 6 56.0
1999 7 70.0
1999 8 229.0
1999 9 235.0
1999 10 107.0
1999 11 292.0
1999 12 128.0
2000 1 49.0
2000 2 164.0
2000 3 15.0
2000 4 360.0
2000 5 373.0
2000 6 173.0
2000 7 75.0
2000 8 414.0
2000 9 598.0
2000 10 85.0
2000 11 1090.0
2000 12 340.0
2001 1 217.0
2001 2 102.0
2001 3 131.0
2001 4 130.0
2001 5 134.0
2001 6 90.0
2001 7 59.0
2001 8 202.0
2001 9 98.0
2001 10 351.0
2001 11 25.0
2001 12 24.0
2002 1 19.0
2002 2 389.0
2002 3 35.0
2002 4 22.0
2002 5 94.0
2002 6 295.0
2002 7 25.0
2002 8 37.0
2002 9 24.0
2002 10 155.0
2002 11 353.0
2002 12 52.0
2003 1 38.0
2003 2 33.0
2003 3 196.0
2003 4 275.0
2003 5 68.0
2003 6 82.0
2003 7 240.0
2003 8 276.0
2003 9 44.0
2003 10 101.0
2003 11 94.0
2003 12 103.0
2004 1 191.0
2004 2 201.0
2004 3 51.0
2004 4 42.0
2004 5 81.0
2004 6 63.0
2004 7 140.0
2004 8 465.0
2004 9 147.0
2004 10 790.0
2004 11 197.0
2004 12 106.0
2005 1 15.0
2005 2 42.0
2005 3 272.0
2005 4 198.0
2005 5 118.0
2005 6 61.0
2005 7 79.0
2005 8 137.0
2005 9 565.0
2005 10 61.0
2005 11 49.0
2005 12 72.0
2006 1 73.0
2006 2 53.0
2006 3 142.0
2006 4 45.0
2006 5 529.0
2006 6 29.0
2006 7 246.0
2006 8 76.0
2006 9 14.0
2006 10 212.0
2006 11 13.0
2006 12 25.0
2007 1 29.0
2007 2 21.0
2007 3 1060.0
2007 4 1055.0
2007 5 387.0
2007 6 829.0
2007 7 110.0
2007 8 201.0
2007 9 237.0
2007 10 10.0
2007 11 993.0
2007 12 25.0
2008 1 203.0
2008 2 363.0
2008 3 409.0
2008 4 204.0
2008 5 171.0
2008 6 150.0
2008 7 382.0
2008 8 211.0
2008 9 206.0
2008 10 71.0
2008 11 284.0
2008 12 41.0
2009 1 37.0
2009 2 27.0
2009 3 34.0
2009 4 15.0
2009 5 157.0
2009 6 313.0
2009 7 5.0
2009 8 6.0
2009 9 158.0
2009 10 5.0
2009 11 5.0
2009 12 5.0
2010 1 5.0
2010 2 5.0
2010 3 7.5
2010 4 10.0
2010 5 81.0
2010 6 36.0
2010 7 25.0
2010 8 131.0
2010 9 21.0
2010 10 11.0
2010 11 12.0
2010 12 69.0
2011 1 16.0
2011 2 31.0
2011 3 37.0
2011 4 15.0
2011 5 18.0
2011 6 33.0
2011 7 30.0
2011 8 30.0
2011 9 23.0
2011 10 24.0
2011 11 121.0
2011 12 33.0
2012 1 36.0
2012 2 36.0
2012 3 37.0
2012 4 35.0
2012 5 145.0
2012 6 28.0
2012 7 5.0
2012 8 55.0
2012 9 21.0
2012 10 37.0
2012 11 40.0
2012 12 42.0
2013 1 23.0
2013 2 25.0
2013 3 156.0
2013 4 5.0
2013 5 10.0
2013 6 5.0
2013 7 5.0
2013 8 466.0
2013 9 6.0
2013 10 10.0
2013 11 5.0
2013 12 6.0
2014 1 13.0
2014 2 7.0
2014 3 221.0
2014 4 5.0
2014 5 11.0
2014 6 5.0
2014 7 393.0
2014 8 10.0
2014 9 15.0
2014 10 10.0
2014 11 93.0
2014 12 8.0
2015 1 243.0
2015 2 19.0
2015 3 15.0
2015 4 17.0
2015 5 30.0
2015 6 33.0
2015 7 45.0
2015 8 18.0
2015 9 141.0
2015 10 26.0
2015 11 20.0
2015 12 37.0
2016 1 17.0
2016 2 31.0
2016 3 15.0
2016 4 31.0
2016 5 34.0
2016 6 41.0
2016 7 22.0
2016 8 20.0
2016 9 28.0
2016 10 14.0
2016 11 58.0
2016 12 44.0
2017 1 440.0
2017 2 14.0
2017 3 27.0
2017 4 17.0
2017 5 22.0
2017 6 20.0
2017 7 16.0
2017 8 15.0
2017 9 17.0
2017 10 26.0
2017 11 22.0
2017 12 11.0
2018 1 13.0
2018 2 17.0
2018 3 28.0
2018 4 32.0
2018 5 14.0
2018 6 61.0
2018 7 20.0
2018 8 15.0
2018 9 14.0
2018 10 106.0
2018 11 53.0
2018 12 18.0
2019 1 10.0
2019 2 16.0
2019 3 15.0
2019 4 17.0
2019 5 18.0
2019 6 17.0
2019 7 20.0
2019 8 25.0
2019 9 25.0
2019 10 25.0
2019 11 15.0
2019 12 18.0
2020 1 21.0
2020 2 16.0
2020 3 24.0
2020 4 42.0
2020 5 309.0
2020 6 42.0
2020 7 42.0
2020 8 41.0
2020 9 40.0
2020 10 34.0
2020 11 40.0
2020 12 32.0
2021 1 46.0
2021 2 51.0
2021 3 51.0
2021 4 36.0
2021 5 194.0
2021 6 20.0
2021 7 14.0
2021 8 23.0
2021 9 19.0
2021 10 16.0
2021 11 17.0
2021 12 20.0
2022 1 25.0
2022 2 58.0
2022 3 25.0
2022 4 32.0
2022 5 32.0
2022 6 185.0
2022 7 29.0
2022 8 33.0
2022 9 33.0
2022 10 33.0
2022 11 29.0
2022 12 44.0
2023 1 31.0
2023 2 120.0
2023 3 29.0
2023 4 18.0
2023 5 19.0
2023 6 17.0
2023 7 18.0
2023 8 19.0
2023 9 12.0
2023 10 24.0
2023 11 27.0
2023 12 37.0
2024 1 12.0
2024 2 11.0
2024 3 11.0
2024 4 20.0
2024 5 17.0
2024 6 28.0
2024 7 30.0
2024 8 18.0
