1960 5 22.0
1960 6 16.0
1960 7 42.0
1960 8 32.0
1960 9 10.0
1960 10 18.0
1960 11 24.0
1960 12 8.0
1961 1 24.0
1961 2 4.0
1961 3 20.0
1961 4 18.0
1961 5 88.0
1961 6 16.0
1961 7 166.0
1961 8 16.0
1961 9 12.0
1961 10 22.0
1961 11 12.0
1961 12 3.0
1962 1 16.0
1962 2 10.0
1962 3 19.0
1962 4 12.0
1962 5 10.0
1962 6 24.0
1962 7 24.0
1962 8 4.0
1962 9 19.0
1962 10 12.0
1962 11 20.0
1962 12 12.0
1963 1 20.0
1963 2 24.0
1963 3 14.0
1963 4 12.0
1963 5 22.0
1963 6 21.0
1963 7 18.0
1963 8 4.0
1963 9 8.0
1963 10 24.0
1963 11 32.0
1963 12 10.0
1964 1 8.0
1964 2 14.0
1964 3 4.0
1964 4 11.0
1964 5 10.0
1964 6 18.0
1964 7 22.0
1964 8 8.0
1964 9 11.0
1964 10 66.0
1964 11 16.0
1964 12 4.0
1965 1 16.0
1965 2 12.0
1965 3 24.0
1965 4 8.0
1965 5 8.0
1965 6 6.0
1965 7 18.0
1965 8 6.0
1965 9 22.0
1965 10 12.0
1965 11 27.0
1965 12 27.0
1966 1 10.0
1966 2 19.0
1966 3 10.0
1966 4 26.0
1966 5 14.0
1966 6 10.0
1966 7 10.0
1966 8 30.0
1966 9 8.0
1966 10 23.5
1966 11 39.0
1966 12 13.0
1967 1 2.0
1967 2 34.0
1967 3 32.0
1967 4 4.0
1967 5 26.0
1967 6 28.0
1967 7 34.0
1967 8 37.0
1967 9 24.0
1967 10 26.0
1967 11 26.0
1967 12 86.0
1968 1 49.0
1968 2 12.0
1968 3 12.0
1968 4 7.0
1968 5 12.0
1968 6 10.0
1968 7 10.0
1968 8 14.0
1968 9 16.0
1968 10 36.0
1968 11 8.0
1968 12 39.0
1969 1 10.0
1969 2 36.0
1969 3 15.0
1969 4 14.0
1969 5 21.0
1969 6 20.0
1969 7 10.0
1969 8 18.0
1969 9 8.0
1969 10 10.0
1969 11 4.0
1969 12 10.0
1970 1 23.0
1970 2 35.0
1970 3 18.0
1970 4 10.0
1970 5 14.0
1970 6 18.0
1970 7 76.0
1970 8 98.0
1970 9 36.0
1970 10 26.0
1970 11 10.0
1970 12 51.0
1971 1 27.0
1971 2 10.0
1971 3 84.0
1971 4 40.0
1971 5 89.0
1971 6 398.0
1971 7 80.0
1971 8 86.0
1971 9 135.0
1971 10 43.0
1971 11 14.0
1971 12 17.0
1972 1 14.0
1972 2 12.0
1972 3 34.0
1972 4 26.0
1972 5 56.0
1972 6 77.0
1972 7 100.0
1972 8 147.0
1972 9 25.0
1972 10 34.0
1972 11 163.0
1972 12 15.0
1973 1 21.0
1973 2 183.0
1973 3 32.0
1973 4 31.0
1973 5 20.0
1973 6 17.0
1973 7 3.0
1973 8 19.0
1973 9 4.0
1973 10 13.0
1973 11 6.0
1973 12 2.0
1974 1 12.0
1974 2 4.0
1974 3 30.5
1974 4 57.0
1974 5 40.0
1974 6 13.0
1974 7 14.0
1974 8 15.0
1974 9 17.0
1974 10 12.0
1974 11 6.0
1974 12 24.0
1975 1 14.0
1975 2 11.0
1975 3 3.0
1975 4 7.0
1975 5 8.0
1975 6 9.5
1975 7 11.0
1975 8 6.0
1975 9 8.0
1975 10 25.0
1975 11 22.0
1975 12 4.0
1976 1 42.0
1976 2 6.0
1976 3 13.0
1976 4 17.0
1976 5 10.0
1976 6 32.0
1976 7 14.0
1976 8 16.0
1976 9 2.0
1976 10 12.0
1976 11 10.0
1976 12 4.0
1977 1 62.0
1977 2 12.0
1977 3 10.0
1977 4 25.0
1977 5 41.0
1977 6 20.0
1977 7 29.0
1977 8 40.0
1977 9 43.0
1977 10 36.0
1977 11 258.0
1977 12 42.0
1978 1 4.0
1978 2 38.0
1978 3 84.0
1978 4 14.0
1978 5 22.0
1978 6 58.0
1978 7 36.0
1978 8 37.0
1978 9 79.0
1978 10 120.0
1978 11 54.0
1978 12 24.0
1979 1 14.0
1979 2 26.0
1979 3 8.0
1979 4 96.0
1979 5 74.0
1979 6 50.0
1979 7 18.0
1979 8 108.0
1979 9 54.0
1979 10 64.0
1979 11 42.0
1979 12 16.0
1980 1 68.0
1980 2 68.0
1980 3 25.0
1980 4 116.0
1980 5 126.0
1980 6 34.0
1980 7 92.0
1980 8 222.0
1980 9 77.0
1980 10 176.0
1980 11 105.0
1980 12 24.0
1981 1 44.0
1981 2 33.0
1981 3 17.0
1981 4 71.0
1981 5 8.0
1981 6 33.0
1981 7 27.0
1981 8 73.0
1981 9 64.0
1981 10 112.0
1981 11 16.0
1981 12 17.0
1982 1 54.0
1982 2 18.0
1982 3 48.0
1982 4 29.0
1982 5 124.0
1982 6 31.0
1982 7 33.0
1982 8 24.0
1982 9 28.0
1982 10 145.0
1982 11 57.0
1982 12 28.0
1983 1 41.0
1983 2 78.0
1983 3 265.0
1983 4 112.0
1983 5 172.0
1983 6 254.0
1983 7 86.0
1983 8 73.0
1983 9 138.0
1983 10 536.0
1983 11 198.0
1983 12 122.0
1984 1 61.0
1984 2 92.0
1984 3 118.0
1984 4 127.0
1984 5 73.0
1984 6 140.0
1984 7 104.0
1984 8 68.0
1984 9 44.0
1984 10 107.0
1984 11 63.0
1984 12 38.0
1985 1 48.0
1985 2 31.0
1985 3 70.0
1985 4 123.0
1985 5 138.0
1985 6 57.0
1985 7 96.0
1985 8 96.0
1985 9 78.0
1985 10 56.0
1985 11 111.0
1985 12 53.0
1986 1 56.0
1986 2 85.0
1986 3 78.0
1986 4 97.0
1986 5 43.0
1986 6 69.0
1986 7 36.0
1986 8 86.0
1986 9 50.0
1986 10 62.0
1986 11 12.0
1986 12 24.0
1987 1 14.0
1987 2 71.0
1987 3 38.0
1987 4 28.0
1987 5 80.0
1987 6 124.0
1987 7 107.0
1987 8 31.0
1987 9 16.0
1987 10 34.0
1987 11 25.0
1987 12 39.0
1988 1 25.0
1988 2 40.0
1988 3 40.0
1988 4 62.0
1988 5 51.0
1988 6 14.0
1988 7 36.0
1988 8 25.0
1988 9 34.0
1988 10 28.0
1988 11 69.0
1988 12 45.0
1989 1 42.0
1989 2 43.0
1989 3 35.0
1989 4 40.0
1989 5 52.0
1989 6 29.0
1989 7 24.0
1989 8 120.0
1989 9 63.0
1989 10 34.0
1989 11 44.0
1989 12 14.0
1990 1 31.0
1990 2 24.0
1990 3 50.0
1990 4 21.0
1990 5 18.0
1990 6 13.0
1990 7 50.0
1990 8 8.0
1990 9 19.0
1990 10 10.0
1990 11 20.0
1990 12 9.0
1991 1 6.0
1991 2 4.0
1991 3 10.0
1991 4 22.0
1991 5 20.0
1991 6 20.0
1991 7 27.0
1991 8 21.0
1991 9 23.0
1991 10 33.0
1991 11 41.0
1991 12 12.0
1992 1 27.0
1992 2 10.0
1992 3 9.0
1992 4 34.0
1992 5 20.0
1992 6 25.0
1992 7 9.0
1992 8 15.0
1992 9 28.0
1992 10 8.0
1992 11 8.0
1992 12 9.0
1993 1 14.0
1993 2 6.0
1993 3 18.0
1993 4 16.0
1993 5 34.0
1993 6 19.0
1993 7 18.0
1993 8 23.0
1993 9 25.0
1993 10 61.0
1993 11 28.0
1993 12 10.0
1994 1 12.0
1994 2 24.0
1994 3 69.0
1994 4 29.0
1994 5 49.0
1994 6 44.0
1994 7 27.0
1994 8 30.0
1994 9 32.0
1994 10 41.0
1994 11 9.0
1994 12 48.0
1995 1 396.0
1995 2 8.0
1995 3 76.0
1995 4 19.0
1995 5 42.0
1995 6 31.0
1995 7 37.0
1995 8 26.0
1995 9 14.0
1995 10 50.0
1995 11 258.0
1995 12 19.0
1996 1 34.0
1996 2 148.0
1996 3 53.0
1996 4 43.0
1996 5 63.0
1996 6 30.0
1996 7 24.0
1996 8 39.0
1996 9 23.0
1996 10 24.0
1996 11 31.0
1996 12 10.0
1997 1 49.0
1997 2 46.0
1997 3 12.0
1997 4 127.0
1997 5 69.0
1997 6 36.0
1997 7 11.0
1997 8 58.0
1997 9 65.0
1997 10 11.0
1997 11 96.0
1997 12 14.0
1998 1 28.0
1998 2 6.0
1998 3 32.0
1998 4 2.0
1998 5 8.0
1998 6 29.0
1998 7 30.0
1998 8 37.0
1998 9 4.0
1998 10 60.0
1998 11 150.0
1998 12 22.0
1999 1 43.0
1999 2 26.0
1999 3 46.0
1999 4 48.0
1999 5 20.0
1999 6 42.0
1999 7 15.0
1999 8 16.0
1999 9 36.0
1999 10 124.0
1999 11 28.0
1999 12 42.0
2000 1 8.0
2000 2 46.0
2000 3 17.0
2000 4 16.0
2000 5 44.0
2000 6 19.0
2000 7 16.0
2000 8 35.0
2000 9 27.0
2000 10 131.0
2000 11 14.0
2000 12 57.0
2001 1 18.0
2001 2 27.0
2001 3 116.0
2001 4 21.0
2001 5 13.0
2001 6 58.0
2001 7 7.0
2001 8 2.0
2001 9 40.0
2001 10 13.0
2001 11 16.0
2001 12 22.0
2002 1 8.0
2002 2 52.0
2002 3 23.0
2002 4 10.0
2002 5 12.0
2002 6 15.0
2002 7 7.0
2002 8 10.0
2002 9 4.0
2002 10 8.0
2002 11 27.0
2002 12 9.0
2003 1 29.0
2003 2 27.0
2003 3 29.0
2003 4 6.0
2003 5 124.0
2003 6 4.0
2003 7 3.0
2003 8 75.0
2003 9 15.0
2003 10 8.0
2003 11 8.0
2003 12 11.0
2004 1 7.0
2004 2 58.0
2004 3 78.0
2004 4 16.0
2004 5 35.0
2004 6 17.0
2004 7 164.0
2004 8 76.0
2004 9 10.0
2004 10 6.0
2004 11 24.0
2004 12 20.0
2005 1 31.0
2005 2 6.0
2005 3 8.0
2005 4 22.0
2005 5 25.0
2005 6 38.0
2005 7 12.0
2005 8 63.0
2005 9 20.0
2005 10 9.0
2005 11 20.0
2005 12 11.0
2006 1 54.0
2006 2 19.0
2006 3 25.0
2006 4 30.0
2006 5 40.0
2006 6 43.0
2006 7 10.0
2006 8 74.0
2006 9 38.0
2006 10 32.0
2006 11 16.0
2006 12 6.0
2007 1 196.0
2007 2 100.0
2007 3 45.0
2007 4 27.0
2007 5 79.0
2007 6 28.0
2007 7 21.0
2007 8 82.0
2007 9 3.0
2007 10 11.0
2007 11 28.0
2007 12 122.0
2008 1 64.0
2008 2 162.0
2008 3 35.0
2008 4 40.0
2008 5 47.0
2008 6 44.0
2008 7 22.0
2008 8 26.0
2008 9 28.0
2008 10 98.0
2008 11 16.0
2008 12 49.0
2009 1 29.0
2009 2 17.0
2009 3 77.0
2009 4 70.0
2009 5 15.0
2009 6 502.0
2009 7 11.0
2009 8 43.0
2009 9 48.0
2009 10 27.5
2009 11 7.0
2009 12 13.0
2010 1 10.5
2010 2 8.0
2010 3 4.0
2010 4 2.0
2010 5 46.0
2010 6 17.0
2010 7 22.0
2010 8 21.0
2010 9 25.0
2010 10 8.0
2010 11 127.0
2010 12 131.0
2011 1 5.0
2011 2 11.0
2011 3 13.0
2011 4 14.0
2011 5 21.0
2011 6 13.0
2011 7 21.0
2011 8 15.0
2011 9 10.0
2011 10 9.0
2011 11 34.0
2011 12 12.0
2012 1 10.0
2012 2 20.0
2012 3 18.0
2012 4 57.0
2012 5 26.0
2012 6 24.0
2012 7 173.0
2012 8 31.0
2012 9 15.0
2012 10 11.0
2012 11 9.0
2012 12 13.0
2013 1 10.0
2013 2 21.0
2013 3 8.0
2013 4 8.0
2013 5 28.0
2013 6 12.0
2013 7 22.0
2013 8 17.0
2013 9 26.0
2013 10 17.0
2013 11 54.0
2013 12 21.0
2014 1 18.0
2014 2 19.0
2014 3 15.0
2014 4 14.0
2014 5 11.0
2014 6 36.0
2014 7 19.0
2014 8 21.0
2014 9 14.0
2014 10 32.0
2014 11 11.0
2014 12 15.0
2015 1 16.0
2015 2 41.0
2015 3 9.0
2015 4 17.0
2015 5 15.0
2015 6 22.0
2015 7 18.0
2015 8 60.0
2015 9 86.0
2015 10 5.0
2015 11 12.0
2015 12 23.0
2016 1 11.0
2016 2 8.0
2016 3 22.0
2016 4 18.0
2016 5 12.0
2016 6 20.0
2016 7 14.0
2016 8 8.0
2016 9 2.0
2016 10 7.0
2016 11 23.0
2016 12 30.0
2017 1 15.0
2017 2 426.0
2017 3 8.0
2017 4 27.0
2017 5 10.0
2017 6 12.0
2017 7 10.0
2017 8 13.0
2017 9 16.0
2017 10 8.0
2017 11 8.0
2017 12 26.0
2018 1 7.0
2018 2 7.0
2018 3 18.0
2018 4 7.0
2018 5 8.0
2018 6 6.0
2018 7 9.0
2018 8 2.0
2018 9 5.0
2018 10 70.0
2018 11 7.0
2018 12 23.0
2019 1 66.0
2019 2 13.0
2019 3 10.0
2019 4 7.0
2019 5 8.0
2019 6 11.0
2019 7 8.0
2019 8 5.0
2019 9 9.0
2019 10 23.0
2019 11 8.0
2019 12 48.0
2020 1 11.0
2020 2 5.0
2020 3 17.0
2020 4 8.0
2020 5 13.0
2020 6 18.0
2020 7 10.0
2020 8 27.0
2020 9 9.0
2020 10 21.0
2020 11 30.0
2020 12 11.0
2021 1 5.0
2021 2 15.0
2021 3 11.0
2021 4 16.0
2021 5 78.0
2021 6 8.0
2021 7 6.0
2021 8 5.0
2021 9 49.0
2021 10 7.0
2021 11 8.0
2021 12 10.0
2022 1 3.0
2022 2 7.0
2022 3 19.0
2022 4 16.0
2022 5 13.0
2022 6 11.0
2022 7 15.0
2022 8 13.0
2022 9 13.0
2022 10 19.0
2022 11 20.0
2022 12 8.0
2023 1 17.0
2023 2 18.0
2023 3 18.0
2023 4 20.0
2023 5 10.0
2023 6 13.0
2023 7 5.0
2023 8 13.0
2023 9 20.0
2023 10 5.0
2023 11 5.0
2023 12 3.0
2024 1 13.0
2024 2 21.0
2024 3 5.0
2024 4 11.0
2024 5 9.0
2024 6 11.0
2024 7 4.0
2024 8 10.0
