1960 5 346.0
1960 6 324.0
1960 7 286.0
1960 8 301.0
1960 9 298.0
1960 10 282.0
1960 11 239.0
1960 12 198.0
1961 1 213.0
1961 2 231.0
1961 3 321.0
1961 4 357.0
1961 5 356.0
1961 6 322.0
1961 7 350.0
1961 8 364.0
1961 9 305.0
1961 10 300.0
1961 11 225.0
1961 12 173.0
1962 1 221.0
1962 2 339.0
1962 3 407.0
1962 4 316.0
1962 5 346.0
1962 6 290.0
1962 7 335.0
1962 8 338.0
1962 9 341.0
1962 10 281.0
1962 11 249.0
1962 12 168.0
1963 1 241.0
1963 2 260.0
1963 3 254.0
1963 4 390.0
1963 5 299.0
1963 6 238.0
1963 7 309.0
1963 8 264.0
1963 9 259.0
1963 10 285.0
1963 11 220.0
1963 12 165.0
1964 1 239.0
1964 2 260.0
1964 3 304.0
1964 4 305.0
1964 5 294.0
1964 6 243.0
1964 7 299.0
1964 8 236.0
1964 9 234.0
1964 10 243.0
1964 11 183.0
1964 12 173.0
1965 1 247.0
1965 2 198.0
1965 3 259.0
1965 4 326.0
1965 5 270.0
1965 6 257.0
1965 7 270.0
1965 8 299.0
1965 9 273.0
1965 10 276.0
1965 11 238.0
1965 12 204.0
1966 1 223.0
1966 2 243.0
1966 3 285.0
1966 4 225.0
1966 5 254.0
1966 6 213.0
1966 7 185.0
1966 8 211.0
1966 9 178.0
1966 10 199.0
1966 11 200.0
1966 12 152.0
1967 1 188.0
1967 2 202.0
1967 3 271.0
1967 4 253.0
1967 5 244.0
1967 6 253.0
1967 7 222.0
1967 8 241.0
1967 9 234.0
1967 10 224.0
1967 11 211.0
1967 12 162.0
1968 1 166.0
1968 2 234.0
1968 3 206.0
1968 4 281.0
1968 5 483.0
1968 6 400.0
1968 7 492.0
1968 8 462.0
1968 9 446.0
1968 10 410.0
1968 11 369.0
1968 12 321.0
1969 1 439.0
1969 2 408.0
1969 3 448.0
1969 4 416.0
1969 5 441.0
1969 6 374.0
1969 7 337.0
1969 8 404.0
1969 9 361.0
1969 10 407.0
1969 11 302.0
1969 12 374.0
1970 1 309.0
1970 2 473.0
1970 3 484.0
1970 4 562.0
1970 5 546.0
1970 6 648.0
1970 7 560.0
1970 8 582.0
1970 9 698.0
1970 10 523.0
1970 11 571.0
1970 12 735.0
1971 1 445.0
1971 2 501.0
1971 3 613.0
1971 4 656.0
1971 5 729.0
1971 6 695.0
1971 7 728.0
1971 8 721.0
1971 9 810.0
1971 10 690.0
1971 11 745.0
1971 12 628.0
1972 1 570.0
1972 2 641.0
1972 3 1116.0
1972 4 949.0
1972 5 848.0
1972 6 772.0
1972 7 925.0
1972 8 919.0
1972 9 900.0
1972 10 778.0
1972 11 651.0
1972 12 598.0
1973 1 819.0
1973 2 655.0
1973 3 973.0
1973 4 720.0
1973 5 978.0
1973 6 845.0
1973 7 732.0
1973 8 545.0
1973 9 448.0
1973 10 492.0
1973 11 432.0
1973 12 358.0
1974 1 390.0
1974 2 399.0
1974 3 640.0
1974 4 631.0
1974 5 631.0
1974 6 403.0
1974 7 416.0
1974 8 397.0
1974 9 399.0
1974 10 445.0
1974 11 283.0
1974 12 220.0
1975 1 282.0
1975 2 295.0
1975 3 408.0
1975 4 454.0
1975 5 380.0
1975 6 439.0
1975 7 433.0
1975 8 364.0
1975 9 441.0
1975 10 441.0
1975 11 353.0
1975 12 303.0
1976 1 397.0
1976 2 480.0
1976 3 536.0
1976 4 549.0
1976 5 492.0
1976 6 495.0
1976 7 422.0
1976 8 423.0
1976 9 466.0
1976 10 451.0
1976 11 386.0
1976 12 356.0
1977 1 317.0
1977 2 466.0
1977 3 536.0
1977 4 551.0
1977 5 571.0
1977 6 572.0
1977 7 500.0
1977 8 620.0
1977 9 466.0
1977 10 551.0
1977 11 790.0
1977 12 373.0
1978 1 341.0
1978 2 470.0
1978 3 686.0
1978 4 536.0
1978 5 557.0
1978 6 634.0
1978 7 527.0
1978 8 550.0
1978 9 496.0
1978 10 582.0
1978 11 480.0
1978 12 352.0
1979 1 311.0
1979 2 341.0
1979 3 574.0
1979 4 495.0
1979 5 561.0
1979 6 476.0
1979 7 474.0
1979 8 608.0
1979 9 370.0
1979 10 399.0
1979 11 290.0
1979 12 226.0
1980 1 315.0
1980 2 388.0
1980 3 375.0
1980 4 316.0
1980 5 381.0
1980 6 470.0
1980 7 458.0
1980 8 633.0
1980 9 582.0
1980 10 506.0
1980 11 411.0
1980 12 303.0
1981 1 284.0
1981 2 515.0
1981 3 396.0
1981 4 337.0
1981 5 251.0
1981 6 265.0
1981 7 327.0
1981 8 300.0
1981 9 243.0
1981 10 186.0
1981 11 209.0
1981 12 208.0
1982 1 166.0
1982 2 183.0
1982 3 281.0
1982 4 265.0
1982 5 268.0
1982 6 298.0
1982 7 236.0
1982 8 509.0
1982 9 330.0
1982 10 302.0
1982 11 298.0
1982 12 391.0
1983 1 342.0
1983 2 291.0
1983 3 427.0
1983 4 365.0
1983 5 463.0
1983 6 416.0
1983 7 429.0
1983 8 471.0
1983 9 463.0
1983 10 466.0
1983 11 366.0
1983 12 258.0
1984 1 304.0
1984 2 449.0
1984 3 467.0
1984 4 502.0
1984 5 652.0
1984 6 562.0
1984 7 518.0
1984 8 568.0
1984 9 531.0
1984 10 512.0
1984 11 517.0
1984 12 403.0
1985 1 428.0
1985 2 330.0
1985 3 543.0
1985 4 600.0
1985 5 554.0
1985 6 463.0
1985 7 522.0
1985 8 540.0
1985 9 475.0
1985 10 466.0
1985 11 390.0
1985 12 357.0
1986 1 523.0
1986 2 437.0
1986 3 527.0
1986 4 593.0
1986 5 535.0
1986 6 494.0
1986 7 549.0
1986 8 494.0
1986 9 477.0
1986 10 499.0
1986 11 283.0
1986 12 277.0
1987 1 362.0
1987 2 354.0
1987 3 526.0
1987 4 504.0
1987 5 435.0
1987 6 510.0
1987 7 467.0
1987 8 440.0
1987 9 412.0
1987 10 403.0
1987 11 285.0
1987 12 278.0
1988 1 260.0
1988 2 350.0
1988 3 461.0
1988 4 439.0
1988 5 410.0
1988 6 480.0
1988 7 382.0
1988 8 459.0
1988 9 379.0
1988 10 373.0
1988 11 364.0
1988 12 325.0
1989 1 283.0
1989 2 238.0
1989 3 414.0
1989 4 408.0
1989 5 470.0
1989 6 398.0
1989 7 428.0
1989 8 444.0
1989 9 411.0
1989 10 343.0
1989 11 334.0
1989 12 219.0
1990 1 260.0
1990 2 243.0
1990 3 395.0
1990 4 408.0
1990 5 454.0
1990 6 423.0
1990 7 348.0
1990 8 403.0
1990 9 313.0
1990 10 316.0
1990 11 253.0
1990 12 236.0
1991 1 171.0
1991 2 226.0
1991 3 336.0
1991 4 363.0
1991 5 330.0
1991 6 498.0
1991 7 387.0
1991 8 354.0
1991 9 363.0
1991 10 400.0
1991 11 279.0
1991 12 287.0
1992 1 322.0
1992 2 349.0
1992 3 441.0
1992 4 475.0
1992 5 504.0
1992 6 455.0
1992 7 439.0
1992 8 406.0
1992 9 486.0
1992 10 507.0
1992 11 331.0
1992 12 305.0
1993 1 344.0
1993 2 487.0
1993 3 537.0
1993 4 582.0
1993 5 535.0
1993 6 588.0
1993 7 528.0
1993 8 616.0
1993 9 601.0
1993 10 554.0
1993 11 553.0
1993 12 543.0
1994 1 521.0
1994 2 653.0
1994 3 838.0
1994 4 816.0
1994 5 745.0
1994 6 798.0
1994 7 644.0
1994 8 806.0
1994 9 715.0
1994 10 684.0
1994 11 507.0
1994 12 526.0
1995 1 455.0
1995 2 477.0
1995 3 613.0
1995 4 632.0
1995 5 687.0
1995 6 706.0
1995 7 687.0
1995 8 716.0
1995 9 688.0
1995 10 705.0
1995 11 523.0
1995 12 449.0
1996 1 594.0
1996 2 634.0
1996 3 770.0
1996 4 832.0
1996 5 830.0
1996 6 696.0
1996 7 757.0
1996 8 696.0
1996 9 633.0
1996 10 734.0
1996 11 579.0
1996 12 461.0
1997 1 472.0
1997 2 511.0
1997 3 684.0
1997 4 799.0
1997 5 799.0
1997 6 697.0
1997 7 770.0
1997 8 636.0
1997 9 740.0
1997 10 662.0
1997 11 523.0
1997 12 480.0
1998 1 440.0
1998 2 562.0
1998 3 830.0
1998 4 816.0
1998 5 837.0
1998 6 978.0
1998 7 769.0
1998 8 784.0
1998 9 756.0
1998 10 828.0
1998 11 637.0
1998 12 633.0
1999 1 639.0
1999 2 794.0
1999 3 903.0
1999 4 918.0
1999 5 856.0
1999 6 924.0
1999 7 780.0
1999 8 894.0
1999 9 731.0
1999 10 695.0
1999 11 624.0
1999 12 566.0
2000 1 577.0
2000 2 741.0
2000 3 774.0
2000 4 692.0
2000 5 742.0
2000 6 736.0
2000 7 628.0
2000 8 738.0
2000 9 661.0
2000 10 712.0
2000 11 524.0
2000 12 370.0
2001 1 522.0
2001 2 652.0
2001 3 771.0
2001 4 922.0
2001 5 854.0
2001 6 734.0
2001 7 683.0
2001 8 780.0
2001 9 494.0
2001 10 668.0
2001 11 661.0
2001 12 473.0
2002 1 654.0
2002 2 684.0
2002 3 754.0
2002 4 912.0
2002 5 881.0
2002 6 748.0
2002 7 737.0
2002 8 723.0
2002 9 759.0
2002 10 803.0
2002 11 590.0
2002 12 505.0
2003 1 766.0
2003 2 625.0
2003 3 761.0
2003 4 1003.0
2003 5 886.0
2003 6 789.0
2003 7 938.0
2003 8 948.0
2003 9 1023.0
2003 10 1046.0
2003 11 766.0
2003 12 690.0
2004 1 794.0
2004 2 726.0
2004 3 1229.0
2004 4 1161.0
2004 5 896.0
2004 6 964.0
2004 7 1018.0
2004 8 935.0
2004 9 945.0
2004 10 839.0
2004 11 696.0
2004 12 702.0
2005 1 832.0
2005 2 698.0
2005 3 1142.0
2005 4 982.0
2005 5 1022.0
2005 6 1108.0
2005 7 904.0
2005 8 1115.0
2005 9 731.0
2005 10 1038.0
2005 11 956.0
2005 12 847.0
2006 1 939.0
2006 2 914.0
2006 3 1371.0
2006 4 1224.0
2006 5 1492.0
2006 6 1389.0
2006 7 1185.0
2006 8 1141.0
2006 9 1012.0
2006 10 1071.0
2006 11 925.0
2006 12 754.0
2007 1 960.0
2007 2 1061.0
2007 3 1202.0
2007 4 995.0
2007 5 1160.0
2007 6 839.0
2007 7 900.0
2007 8 914.0
2007 9 693.0
2007 10 643.0
2007 11 599.0
2007 12 458.0
2008 1 594.0
2008 2 602.0
2008 3 752.0
2008 4 661.0
2008 5 761.0
2008 6 647.0
2008 7 594.0
2008 8 453.0
2008 9 438.0
2008 10 374.0
2008 11 263.0
2008 12 262.0
2009 1 382.0
2009 2 300.0
2009 3 380.0
2009 4 514.0
2009 5 342.0
2009 6 818.0
2009 7 536.0
2009 8 402.0
2009 9 390.0
2009 10 384.0
2009 11 370.0
2009 12 325.0
2010 1 366.0
2010 2 331.0
2010 3 466.0
2010 4 540.0
2010 5 347.0
2010 6 392.0
2010 7 275.0
2010 8 328.0
2010 9 337.0
2010 10 334.0
2010 11 261.0
2010 12 259.0
2011 1 286.0
2011 2 434.0
2011 3 367.0
2011 4 278.0
2011 5 362.0
2011 6 306.0
2011 7 269.0
2011 8 379.0
2011 9 308.0
2011 10 282.0
2011 11 271.0
2011 12 202.0
2012 1 308.0
2012 2 281.0
2012 3 354.0
2012 4 363.0
2012 5 472.0
2012 6 374.0
2012 7 462.0
2012 8 430.0
2012 9 296.0
2012 10 369.0
2012 11 284.0
2012 12 330.0
2013 1 282.0
2013 2 326.0
2013 3 444.0
2013 4 448.0
2013 5 442.0
2013 6 457.0
2013 7 413.0
2013 8 375.0
2013 9 380.0
2013 10 366.0
2013 11 315.0
2013 12 260.0
2014 1 298.0
2014 2 336.0
2014 3 436.0
2014 4 432.0
2014 5 459.0
2014 6 381.0
2014 7 440.0
2014 8 443.0
2014 9 396.0
2014 10 406.0
2014 11 274.0
2014 12 330.0
2015 1 385.0
2015 2 364.0
2015 3 523.0
2015 4 546.0
2015 5 527.0
2015 6 602.0
2015 7 578.0
2015 8 484.0
2015 9 542.0
2015 10 550.0
2015 11 414.0
2015 12 447.0
2016 1 447.0
2016 2 540.0
2016 3 559.0
2016 4 656.0
2016 5 673.0
2016 6 582.0
2016 7 527.0
2016 8 564.0
2016 9 534.0
2016 10 533.0
2016 11 538.0
2016 12 475.0
2017 1 465.0
2017 2 596.0
2017 3 632.0
2017 4 716.0
2017 5 643.0
2017 6 574.0
2017 7 639.0
2017 8 630.0
2017 9 512.0
2017 10 617.0
2017 11 479.0
2017 12 498.0
2018 1 433.0
2018 2 458.0
2018 3 522.0
2018 4 637.0
2018 5 655.0
2018 6 732.0
2018 7 648.0
2018 8 555.0
2018 9 505.0
2018 10 519.0
2018 11 436.0
2018 12 455.0
2019 1 547.0
2019 2 381.0
2019 3 570.0
2019 4 569.0
2019 5 675.0
2019 6 540.0
2019 7 651.0
2019 8 614.0
2019 9 559.0
2019 10 620.0
2019 11 490.0
2019 12 449.0
2020 1 633.0
2020 2 536.0
2020 3 682.0
2020 4 645.0
2020 5 538.0
2020 6 801.0
2020 7 778.0
2020 8 655.0
2020 9 685.0
2020 10 643.0
2020 11 583.0
2020 12 586.0
2021 1 659.0
2021 2 481.0
2021 3 818.0
2021 4 724.0
2021 5 696.0
2021 6 637.0
2021 7 575.0
2021 8 626.0
2021 9 673.0
2021 10 677.0
2021 11 577.0
2021 12 583.0
2022 1 635.0
2022 2 594.0
2022 3 878.0
2022 4 664.0
2022 5 785.0
2022 6 668.0
2022 7 561.0
2022 8 624.0
2022 9 575.0
2022 10 577.0
2022 11 408.0
2022 12 385.0
2023 1 537.0
2023 2 518.0
2023 3 578.0
2023 4 596.0
2023 5 661.0
2023 6 628.0
2023 7 565.0
2023 8 647.0
2023 9 573.0
2023 10 575.0
2023 11 463.0
2023 12 511.0
2024 1 550.0
2024 2 608.0
2024 3 550.0
2024 4 753.0
2024 5 671.0
2024 6 625.0
2024 7 658.0
2024 8 625.0
