1960 5 172.0
1960 6 118.0
1960 7 76.0
1960 8 134.0
1960 9 165.0
1960 10 144.0
1960 11 143.0
1960 12 73.0
1961 1 93.0
1961 2 80.0
1961 3 121.0
1961 4 137.0
1961 5 150.0
1961 6 122.0
1961 7 115.0
1961 8 102.0
1961 9 96.0
1961 10 96.0
1961 11 71.0
1961 12 71.0
1962 1 35.0
1962 2 71.0
1962 3 104.0
1962 4 125.0
1962 5 101.0
1962 6 130.0
1962 7 88.0
1962 8 98.0
1962 9 98.0
1962 10 70.0
1962 11 72.0
1962 12 73.0
1963 1 52.0
1963 2 65.0
1963 3 115.0
1963 4 114.0
1963 5 105.0
1963 6 101.0
1963 7 93.0
1963 8 68.0
1963 9 103.0
1963 10 106.0
1963 11 70.0
1963 12 48.0
1964 1 41.0
1964 2 46.0
1964 3 77.0
1964 4 135.0
1964 5 86.0
1964 6 80.0
1964 7 102.0
1964 8 69.0
1964 9 90.0
1964 10 117.0
1964 11 48.0
1964 12 39.0
1965 1 34.0
1965 2 43.0
1965 3 76.0
1965 4 115.0
1965 5 89.0
1965 6 101.0
1965 7 83.0
1965 8 101.0
1965 9 62.0
1965 10 66.0
1965 11 64.0
1965 12 43.0
1966 1 31.0
1966 2 38.0
1966 3 69.0
1966 4 76.0
1966 5 70.0
1966 6 54.0
1966 7 30.0
1966 8 31.0
1966 9 38.0
1966 10 28.0
1966 11 29.0
1966 12 17.0
1967 1 17.0
1967 2 26.0
1967 3 35.0
1967 4 59.0
1967 5 58.0
1967 6 46.0
1967 7 53.0
1967 8 51.0
1967 9 37.0
1967 10 53.0
1967 11 41.0
1967 12 16.0
1968 1 20.0
1968 2 25.0
1968 3 53.0
1968 4 56.0
1968 5 106.0
1968 6 108.0
1968 7 81.0
1968 8 51.0
1968 9 64.0
1968 10 97.0
1968 11 73.0
1968 12 41.0
1969 1 29.0
1969 2 16.0
1969 3 27.0
1969 4 117.0
1969 5 32.0
1969 6 79.0
1969 7 47.0
1969 8 33.0
1969 9 29.0
1969 10 41.0
1969 11 68.0
1969 12 55.0
1970 1 26.0
1970 2 32.0
1970 3 88.0
1970 4 114.0
1970 5 84.0
1970 6 71.0
1970 7 64.0
1970 8 57.0
1970 9 133.0
1970 10 76.0
1970 11 91.0
1970 12 52.0
1971 1 28.0
1971 2 50.0
1971 3 77.0
1971 4 141.0
1971 5 144.0
1971 6 127.0
1971 7 152.0
1971 8 133.0
1971 9 178.0
1971 10 160.0
1971 11 107.0
1971 12 38.0
1972 1 40.0
1972 2 34.0
1972 3 190.0
1972 4 266.0
1972 5 163.0
1972 6 157.0
1972 7 101.0
1972 8 144.0
1972 9 161.0
1972 10 238.0
1972 11 111.0
1972 12 44.0
1973 1 31.0
1973 2 51.0
1973 3 119.0
1973 4 178.0
1973 5 182.0
1973 6 119.0
1973 7 101.0
1973 8 127.0
1973 9 99.0
1973 10 130.0
1973 11 59.0
1973 12 84.0
1974 1 33.0
1974 2 87.0
1974 3 120.0
1974 4 178.0
1974 5 190.0
1974 6 169.0
1974 7 135.0
1974 8 137.0
1974 9 164.0
1974 10 95.0
1974 11 144.0
1974 12 91.0
1975 1 81.0
1975 2 68.0
1975 3 135.0
1975 4 184.0
1975 5 276.0
1975 6 202.0
1975 7 198.0
1975 8 184.0
1975 9 284.0
1975 10 169.0
1975 11 161.0
1975 12 105.0
1976 1 124.0
1976 2 130.0
1976 3 259.0
1976 4 327.0
1976 5 212.0
1976 6 262.0
1976 7 207.0
1976 8 241.0
1976 9 249.0
1976 10 280.0
1976 11 169.0
1976 12 158.0
1977 1 75.0
1977 2 206.0
1977 3 395.0
1977 4 253.0
1977 5 341.0
1977 6 375.0
1977 7 299.0
1977 8 301.0
1977 9 284.0
1977 10 302.0
1977 11 230.0
1977 12 162.0
1978 1 54.0
1978 2 110.0
1978 3 344.0
1978 4 390.0
1978 5 356.0
1978 6 341.0
1978 7 242.0
1978 8 254.0
1978 9 199.0
1978 10 265.0
1978 11 181.0
1978 12 79.0
1979 1 48.0
1979 2 104.0
1979 3 217.0
1979 4 220.0
1979 5 288.0
1979 6 287.0
1979 7 187.0
1979 8 228.0
1979 9 172.0
1979 10 210.0
1979 11 138.0
1979 12 44.0
1980 1 68.0
1980 2 75.0
1980 3 83.0
1980 4 145.0
1980 5 126.0
1980 6 129.0
1980 7 169.0
1980 8 132.0
1980 9 121.0
1980 10 144.0
1980 11 74.0
1980 12 42.0
1981 1 45.0
1981 2 47.0
1981 3 86.0
1981 4 88.0
1981 5 115.0
1981 6 84.0
1981 7 70.0
1981 8 136.0
1981 9 76.0
1981 10 64.0
1981 11 69.0
1981 12 70.0
1982 1 17.0
1982 2 24.0
1982 3 56.0
1982 4 69.0
1982 5 82.0
1982 6 103.0
1982 7 84.0
1982 8 68.0
1982 9 78.0
1982 10 101.0
1982 11 84.0
1982 12 52.0
1983 1 56.0
1983 2 60.0
1983 3 162.0
1983 4 165.0
1983 5 188.0
1983 6 190.0
1983 7 134.0
1983 8 151.0
1983 9 133.0
1983 10 133.0
1983 11 131.0
1983 12 47.0
1984 1 82.0
1984 2 81.0
1984 3 177.0
1984 4 176.0
1984 5 151.0
1984 6 170.0
1984 7 111.0
1984 8 131.0
1984 9 113.0
1984 10 102.0
1984 11 107.0
1984 12 41.0
1985 1 41.0
1985 2 47.0
1985 3 79.0
1985 4 100.0
1985 5 128.0
1985 6 97.0
1985 7 107.0
1985 8 86.0
1985 9 97.0
1985 10 125.0
1985 11 50.0
1985 12 49.0
1986 1 38.0
1986 2 45.0
1986 3 63.0
1986 4 76.0
1986 5 81.0
1986 6 90.0
1986 7 69.0
1986 8 74.0
1986 9 74.0
1986 10 71.0
1986 11 40.0
1986 12 31.0
1987 1 21.0
1987 2 32.0
1987 3 60.0
1987 4 62.0
1987 5 52.0
1987 6 79.0
1987 7 73.0
1987 8 52.0
1987 9 69.0
1987 10 65.0
1987 11 46.0
1987 12 30.0
1988 1 16.0
1988 2 23.0
1988 3 39.0
1988 4 58.0
1988 5 58.0
1988 6 68.0
1988 7 51.0
1988 8 56.0
1988 9 64.0
1988 10 49.0
1988 11 33.0
1988 12 24.0
1989 1 15.0
1989 2 15.0
1989 3 48.0
1989 4 62.0
1989 5 63.0
1989 6 52.0
1989 7 46.0
1989 8 62.0
1989 9 50.0
1989 10 56.0
1989 11 38.0
1989 12 21.0
1990 1 25.0
1990 2 21.0
1990 3 61.0
1990 4 59.0
1990 5 98.0
1990 6 60.0
1990 7 81.0
1990 8 77.0
1990 9 65.0
1990 10 68.0
1990 11 50.0
1990 12 26.0
1991 1 32.0
1991 2 46.0
1991 3 62.0
1991 4 80.0
1991 5 91.0
1991 6 101.0
1991 7 99.0
1991 8 80.0
1991 9 118.0
1991 10 93.0
1991 11 75.0
1991 12 64.0
1992 1 65.0
1992 2 107.0
1992 3 132.0
1992 4 150.0
1992 5 139.0
1992 6 164.0
1992 7 169.0
1992 8 158.0
1992 9 162.0
1992 10 170.0
1992 11 115.0
1992 12 81.0
1993 1 38.0
1993 2 57.0
1993 3 151.0
1993 4 199.0
1993 5 164.0
1993 6 205.0
1993 7 166.0
1993 8 233.0
1993 9 202.0
1993 10 176.0
1993 11 131.0
1993 12 103.0
1994 1 95.0
1994 2 119.0
1994 3 207.0
1994 4 258.0
1994 5 272.0
1994 6 247.0
1994 7 204.0
1994 8 169.0
1994 9 171.0
1994 10 166.0
1994 11 135.0
1994 12 87.0
1995 1 76.0
1995 2 85.0
1995 3 151.0
1995 4 172.0
1995 5 207.0
1995 6 205.0
1995 7 183.0
1995 8 167.0
1995 9 164.0
1995 10 150.0
1995 11 137.0
1995 12 90.0
1996 1 54.0
1996 2 74.0
1996 3 146.0
1996 4 212.0
1996 5 172.0
1996 6 173.0
1996 7 166.0
1996 8 168.0
1996 9 127.0
1996 10 140.0
1996 11 73.0
1996 12 44.0
1997 1 50.0
1997 2 81.0
1997 3 127.0
1997 4 159.0
1997 5 166.0
1997 6 138.0
1997 7 149.0
1997 8 119.0
1997 9 148.0
1997 10 123.0
1997 11 73.0
1997 12 47.0
1998 1 45.0
1998 2 80.0
1998 3 167.0
1998 4 162.0
1998 5 155.0
1998 6 145.0
1998 7 147.0
1998 8 105.0
1998 9 138.0
1998 10 156.0
1998 11 121.0
1998 12 80.0
1999 1 45.0
1999 2 85.0
1999 3 151.0
1999 4 147.0
1999 5 152.0
1999 6 169.0
1999 7 135.0
1999 8 113.0
1999 9 94.0
1999 10 114.0
1999 11 91.0
1999 12 73.0
2000 1 56.0
2000 2 84.0
2000 3 166.0
2000 4 169.0
2000 5 143.0
2000 6 162.0
2000 7 123.0
2000 8 165.0
2000 9 118.0
2000 10 140.0
2000 11 96.0
2000 12 74.0
2001 1 82.0
2001 2 86.0
2001 3 139.0
2001 4 160.0
2001 5 171.0
2001 6 167.0
2001 7 163.0
2001 8 172.0
2001 9 122.0
2001 10 134.0
2001 11 91.0
2001 12 94.0
2002 1 125.0
2002 2 104.0
2002 3 134.0
2002 4 194.0
2002 5 211.0
2002 6 220.0
2002 7 158.0
2002 8 179.0
2002 9 170.0
2002 10 221.0
2002 11 139.0
2002 12 116.0
2003 1 129.0
2003 2 123.0
2003 3 154.0
2003 4 302.0
2003 5 184.0
2003 6 213.0
2003 7 214.0
2003 8 202.0
2003 9 220.0
2003 10 202.0
2003 11 126.0
2003 12 126.0
2004 1 81.0
2004 2 96.0
2004 3 203.0
2004 4 219.0
2004 5 221.0
2004 6 227.0
2004 7 237.0
2004 8 209.0
2004 9 230.0
2004 10 169.0
2004 11 202.0
2004 12 188.0
2005 1 225.0
2005 2 164.0
2005 3 314.0
2005 4 394.0
2005 5 467.0
2005 6 345.0
2005 7 292.0
2005 8 378.0
2005 9 433.0
2005 10 428.0
2005 11 297.0
2005 12 226.0
2006 1 279.0
2006 2 241.0
2006 3 332.0
2006 4 334.0
2006 5 422.0
2006 6 369.0
2006 7 299.0
2006 8 362.0
2006 9 299.0
2006 10 280.0
2006 11 202.0
2006 12 177.0
2007 1 182.0
2007 2 234.0
2007 3 327.0
2007 4 333.0
2007 5 445.0
2007 6 315.0
2007 7 324.0
2007 8 296.0
2007 9 256.0
2007 10 318.0
2007 11 187.0
2007 12 140.0
2008 1 109.0
2008 2 171.0
2008 3 185.0
2008 4 228.0
2008 5 208.0
2008 6 242.0
2008 7 226.0
2008 8 221.0
2008 9 190.0
2008 10 150.0
2008 11 92.0
2008 12 62.0
2009 1 60.0
2009 2 70.0
2009 3 102.0
2009 4 92.0
2009 5 134.0
2009 6 204.0
2009 7 202.0
2009 8 139.0
2009 9 129.0
2009 10 134.0
2009 11 109.0
2009 12 59.0
2010 1 75.0
2010 2 78.0
2010 3 167.0
2010 4 184.0
2010 5 148.0
2010 6 134.0
2010 7 168.0
2010 8 136.0
2010 9 110.0
2010 10 124.0
2010 11 80.0
2010 12 54.0
2011 1 44.0
2011 2 74.0
2011 3 118.0
2011 4 92.0
2011 5 143.0
2011 6 201.0
2011 7 148.0
2011 8 183.0
2011 9 100.0
2011 10 132.0
2011 11 83.0
2011 12 81.0
2012 1 69.0
2012 2 79.0
2012 3 134.0
2012 4 204.0
2012 5 168.0
2012 6 180.0
2012 7 166.0
2012 8 179.0
2012 9 174.0
2012 10 165.0
2012 11 134.0
2012 12 70.0
2013 1 118.0
2013 2 132.0
2013 3 184.0
2013 4 229.0
2013 5 257.0
2013 6 209.0
2013 7 234.0
2013 8 222.0
2013 9 156.0
2013 10 196.0
2013 11 112.0
2013 12 69.0
2014 1 96.0
2014 2 62.0
2014 3 147.0
2014 4 176.0
2014 5 197.0
2014 6 226.0
2014 7 206.0
2014 8 167.0
2014 9 165.0
2014 10 177.0
2014 11 109.0
2014 12 108.0
2015 1 99.0
2015 2 136.0
2015 3 182.0
2015 4 233.0
2015 5 270.0
2015 6 227.0
2015 7 181.0
2015 8 188.0
2015 9 176.0
2015 10 261.0
2015 11 141.0
2015 12 141.0
2016 1 109.0
2016 2 150.0
2016 3 215.0
2016 4 243.0
2016 5 219.0
2016 6 251.0
2016 7 232.0
2016 8 268.0
2016 9 178.0
2016 10 267.0
2016 11 170.0
2016 12 134.0
2017 1 88.0
2017 2 149.0
2017 3 240.0
2017 4 255.0
2017 5 239.0
2017 6 307.0
2017 7 228.0
2017 8 258.0
2017 9 210.0
2017 10 273.0
2017 11 164.0
2017 12 116.0
2018 1 124.0
2018 2 125.0
2018 3 224.0
2018 4 328.0
2018 5 259.0
2018 6 339.0
2018 7 288.0
2018 8 282.0
2018 9 221.0
2018 10 243.0
2018 11 178.0
2018 12 108.0
2019 1 146.0
2019 2 102.0
2019 3 157.0
2019 4 231.0
2019 5 215.0
2019 6 251.0
2019 7 206.0
2019 8 235.0
2019 9 187.0
2019 10 170.0
2019 11 142.0
2019 12 120.0
2020 1 171.0
2020 2 169.0
2020 3 225.0
2020 4 172.0
2020 5 178.0
2020 6 195.0
2020 7 245.0
2020 8 249.0
2020 9 236.0
2020 10 231.0
2020 11 187.0
2020 12 248.0
2021 1 144.0
2021 2 140.0
2021 3 381.0
2021 4 330.0
2021 5 307.0
2021 6 321.0
2021 7 274.0
2021 8 302.0
2021 9 258.0
2021 10 228.0
2021 11 193.0
2021 12 150.0
2022 1 232.0
2022 2 401.0
2022 3 377.0
2022 4 300.0
2022 5 249.0
2022 6 229.0
2022 7 223.0
2022 8 361.0
2022 9 205.0
2022 10 307.0
2022 11 101.0
2022 12 213.0
2023 1 106.0
2023 2 75.0
2023 3 143.0
2023 4 203.0
2023 5 427.0
2023 6 213.0
2023 7 184.0
2023 8 284.0
2023 9 239.0
2023 10 197.0
2023 11 152.0
2023 12 117.0
2024 1 190.0
2024 2 174.0
2024 3 249.0
2024 4 235.0
2024 5 236.0
2024 6 402.0
2024 7 362.0
2024 8 277.0
