1960 5 22.0
1960 6 54.0
1960 7 14.0
1960 8 28.0
1960 9 6.0
1960 10 36.0
1960 11 13.0
1960 12 24.0
1961 1 33.0
1961 2 42.0
1961 3 27.0
1961 4 50.0
1961 5 16.0
1961 6 6.0
1961 7 22.0
1961 8 38.0
1961 9 24.0
1961 10 18.0
1961 11 3.0
1961 12 26.0
1962 1 12.0
1962 2 10.0
1962 3 8.0
1962 4 20.0
1962 5 14.0
1962 6 23.0
1962 7 10.0
1962 8 39.5
1962 9 69.0
1962 10 8.0
1962 11 66.0
1962 12 8.0
1963 1 4.0
1963 2 14.0
1963 3 32.0
1963 4 20.0
1963 5 38.0
1963 6 52.0
1963 7 17.0
1963 8 29.0
1963 9 62.0
1963 10 115.0
1963 11 59.0
1963 12 47.5
1964 1 36.0
1964 2 33.5
1964 3 31.0
1964 4 20.0
1964 5 12.0
1964 6 8.0
1964 7 31.0
1964 8 19.0
1964 9 21.0
1964 10 36.0
1964 11 23.0
1964 12 6.0
1965 1 35.0
1965 2 19.5
1965 3 4.0
1965 4 19.0
1965 5 145.0
1965 6 66.0
1965 7 9.0
1965 8 49.0
1965 9 65.0
1965 10 28.0
1965 11 26.0
1965 12 24.0
1966 1 13.0
1966 2 7.0
1966 3 22.0
1966 4 76.0
1966 5 15.0
1966 6 30.0
1966 7 2.0
1966 8 7.0
1966 9 12.0
1966 10 8.0
1966 11 9.333333333333334
1966 12 10.666666666666666
1967 1 12.0
1967 2 8.0
1967 3 4.0
1967 4 9.0
1967 5 5.0
1967 6 10.5
1967 7 16.0
1967 8 41.0
1967 9 66.0
1967 10 6.0
1967 11 52.0
1967 12 28.0
1968 1 4.0
1968 2 31.0
1968 3 20.0
1968 4 84.0
1968 5 10.0
1968 6 15.0
1968 7 4.0
1968 8 17.0
1968 9 20.0
1968 10 88.0
1968 11 87.0
1968 12 18.0
1969 1 6.0
1969 2 15.0
1969 3 137.0
1969 4 57.0
1969 5 93.0
1969 6 60.0
1969 7 183.0
1969 8 11.0
1969 9 168.0
1969 10 212.0
1969 11 9.0
1969 12 81.0
1970 1 28.0
1970 2 94.0
1970 3 29.0
1970 4 24.0
1970 5 17.0
1970 6 646.0
1970 7 102.0
1970 8 6.0
1970 9 75.0
1970 10 858.0
1970 11 134.0
1970 12 36.0
1971 1 24.0
1971 2 12.0
1971 3 20.0
1971 4 265.0
1971 5 210.0
1971 6 223.0
1971 7 63.0
1971 8 316.0
1971 9 93.0
1971 10 120.0
1971 11 126.0
1971 12 2.0
1972 1 20.0
1972 2 38.0
1972 3 110.0
1972 4 148.0
1972 5 125.0
1972 6 182.0
1972 7 29.0
1972 8 113.0
1972 9 53.0
1972 10 147.0
1972 11 84.0
1972 12 142.0
1973 1 251.0
1973 2 8.0
1973 3 89.0
1973 4 165.0
1973 5 53.0
1973 6 132.0
1973 7 120.0
1973 8 85.0
1973 9 8.0
1973 10 103.0
1973 11 26.0
1973 12 161.0
1974 1 14.0
1974 2 68.0
1974 3 62.0
1974 4 131.0
1974 5 117.0
1974 6 66.0
1974 7 24.0
1974 8 12.0
1974 9 19.0
1974 10 26.0
1974 11 131.0
1974 12 24.0
1975 1 24.0
1975 2 254.0
1975 3 248.0
1975 4 66.0
1975 5 212.0
1975 6 120.0
1975 7 16.0
1975 8 66.0
1975 9 358.0
1975 10 487.0
1975 11 66.0
1975 12 89.0
1976 1 42.0
1976 2 214.0
1976 3 135.0
1976 4 219.0
1976 5 73.0
1976 6 193.0
1976 7 106.0
1976 8 140.0
1976 9 256.0
1976 10 236.0
1976 11 179.0
1976 12 97.0
1977 1 73.0
1977 2 91.0
1977 3 229.0
1977 4 256.0
1977 5 235.0
1977 6 316.0
1977 7 131.0
1977 8 259.0
1977 9 471.0
1977 10 378.0
1977 11 274.0
1977 12 181.0
1978 1 24.0
1978 2 394.0
1978 3 223.0
1978 4 104.0
1978 5 172.0
1978 6 99.0
1978 7 111.0
1978 8 188.0
1978 9 140.0
1978 10 346.0
1978 11 93.0
1978 12 149.0
1979 1 16.0
1979 2 30.0
1979 3 52.0
1979 4 52.0
1979 5 119.0
1979 6 99.0
1979 7 51.0
1979 8 156.0
1979 9 142.0
1979 10 130.0
1979 11 88.0
1979 12 90.0
1980 1 20.0
1980 2 20.0
1980 3 112.0
1980 4 84.0
1980 5 35.0
1980 6 71.0
1980 7 76.0
1980 8 147.0
1980 9 116.0
1980 10 59.0
1980 11 28.0
1980 12 15.0
1981 1 128.0
1981 2 111.0
1981 3 22.0
1981 4 31.0
1981 5 134.0
1981 6 38.0
1981 7 48.0
1981 8 24.0
1981 9 57.0
1981 10 73.0
1981 11 27.0
1981 12 66.0
1982 1 5.0
1982 2 15.0
1982 3 35.0
1982 4 25.0
1982 5 125.0
1982 6 115.0
1982 7 118.0
1982 8 31.0
1982 9 127.0
1982 10 73.0
1982 11 271.0
1982 12 66.0
1983 1 20.0
1983 2 69.0
1983 3 104.0
1983 4 40.0
1983 5 147.0
1983 6 113.0
1983 7 245.0
1983 8 151.0
1983 9 60.0
1983 10 241.0
1983 11 89.0
1983 12 38.0
1984 1 51.0
1984 2 61.0
1984 3 190.0
1984 4 91.0
1984 5 91.0
1984 6 134.0
1984 7 231.0
1984 8 82.0
1984 9 37.0
1984 10 98.0
1984 11 133.0
1984 12 65.0
1985 1 62.0
1985 2 25.0
1985 3 10.0
1985 4 93.0
1985 5 109.0
1985 6 87.0
1985 7 36.0
1985 8 77.0
1985 9 23.0
1985 10 77.0
1985 11 234.0
1985 12 191.0
1986 1 26.0
1986 2 15.0
1986 3 28.0
1986 4 31.0
1986 5 13.0
1986 6 58.0
1986 7 11.0
1986 8 27.0
1986 9 36.0
1986 10 15.0
1986 11 12.0
1986 12 7.0
1987 1 5.5
1987 2 4.0
1987 3 15.0
1987 4 5.0
1987 5 9.0
1987 6 21.0
1987 7 11.0
1987 8 22.0
1987 9 101.0
1987 10 4.0
1987 11 5.0
1987 12 13.0
1988 1 2.0
1988 2 100.0
1988 3 10.0
1988 4 5.0
1988 5 57.0
1988 6 31.0
1988 7 5.0
1988 8 7.0
1988 9 2.0
1988 10 12.0
1988 11 2.0
1988 12 4.0
1989 1 4.0
1989 2 4.0
1989 3 4.0
1989 4 11.0
1989 5 5.0
1989 6 27.0
1989 7 4.0
1989 8 27.0
1989 9 2.0
1989 10 7.0
1989 11 4.0
1989 12 8.0
1990 1 8.5
1990 2 9.0
1990 3 9.0
1990 4 11.0
1990 5 15.0
1990 6 14.0
1990 7 49.0
1990 8 15.0
1990 9 48.0
1990 10 32.0
1990 11 59.0
1990 12 41.0
1991 1 5.0
1991 2 13.0
1991 3 16.0
1991 4 23.0
1991 5 42.0
1991 6 20.0
1991 7 44.0
1991 8 34.0
1991 9 86.0
1991 10 106.0
1991 11 70.0
1991 12 20.0
1992 1 23.0
1992 2 17.0
1992 3 24.0
1992 4 25.0
1992 5 59.0
1992 6 30.0
1992 7 38.0
1992 8 42.0
1992 9 22.0
1992 10 38.0
1992 11 10.0
1992 12 34.0
1993 1 2.0
1993 2 8.0
1993 3 55.0
1993 4 56.0
1993 5 160.0
1993 6 128.0
1993 7 46.0
1993 8 77.0
1993 9 42.0
1993 10 152.0
1993 11 67.0
1993 12 93.0
1994 1 60.0
1994 2 40.0
1994 3 84.0
1994 4 36.0
1994 5 78.0
1994 6 74.0
1994 7 63.0
1994 8 71.0
1994 9 120.0
1994 10 62.0
1994 11 87.0
1994 12 28.0
1995 1 13.0
1995 2 37.0
1995 3 67.0
1995 4 243.0
1995 5 40.0
1995 6 81.0
1995 7 82.0
1995 8 216.0
1995 9 52.0
1995 10 197.0
1995 11 46.0
1995 12 172.0
1996 1 7.0
1996 2 44.0
1996 3 55.0
1996 4 65.0
1996 5 172.0
1996 6 100.0
1996 7 109.0
1996 8 84.0
1996 9 111.0
1996 10 196.0
1996 11 154.0
1996 12 32.0
1997 1 50.0
1997 2 86.0
1997 3 51.0
1997 4 142.0
1997 5 128.0
1997 6 117.0
1997 7 46.0
1997 8 58.0
1997 9 39.0
1997 10 50.0
1997 11 42.0
1997 12 84.0
1998 1 26.0
1998 2 40.0
1998 3 56.0
1998 4 170.0
1998 5 30.0
1998 6 37.0
1998 7 39.0
1998 8 79.0
1998 9 71.0
1998 10 139.0
1998 11 175.0
1998 12 49.0
1999 1 113.0
1999 2 18.0
1999 3 75.0
1999 4 43.0
1999 5 71.0
1999 6 56.0
1999 7 110.0
1999 8 36.0
1999 9 13.0
1999 10 50.0
1999 11 151.0
1999 12 23.0
2000 1 12.0
2000 2 63.0
2000 3 142.0
2000 4 41.0
2000 5 65.0
2000 6 29.0
2000 7 48.0
2000 8 107.0
2000 9 67.0
2000 10 51.0
2000 11 43.0
2000 12 109.0
2001 1 20.0
2001 2 99.0
2001 3 63.0
2001 4 40.0
2001 5 77.0
2001 6 160.0
2001 7 52.0
2001 8 41.0
2001 9 40.0
2001 10 123.0
2001 11 117.0
2001 12 46.0
2002 1 65.0
2002 2 39.0
2002 3 251.0
2002 4 136.0
2002 5 138.0
2002 6 151.0
2002 7 77.0
2002 8 294.0
2002 9 174.0
2002 10 290.0
2002 11 249.0
2002 12 72.0
2003 1 144.0
2003 2 244.0
2003 3 129.0
2003 4 70.0
2003 5 178.0
2003 6 70.0
2003 7 68.0
2003 8 98.0
2003 9 150.0
2003 10 264.0
2003 11 96.0
2003 12 78.0
2004 1 113.0
2004 2 73.0
2004 3 48.0
2004 4 200.0
2004 5 95.0
2004 6 84.0
2004 7 232.0
2004 8 218.0
2004 9 265.0
2004 10 187.0
2004 11 233.0
2004 12 164.0
2005 1 88.0
2005 2 44.0
2005 3 212.0
2005 4 78.0
2005 5 93.0
2005 6 48.0
2005 7 180.0
2005 8 205.0
2005 9 50.0
2005 10 134.0
2005 11 79.0
2005 12 59.0
2006 1 280.0
2006 2 14.0
2006 3 30.0
2006 4 56.0
2006 5 70.0
2006 6 118.0
2006 7 115.0
2006 8 55.0
2006 9 133.0
2006 10 114.0
2006 11 93.0
2006 12 79.0
2007 1 78.0
2007 2 91.0
2007 3 59.0
2007 4 123.0
2007 5 104.0
2007 6 216.0
2007 7 74.0
2007 8 41.0
2007 9 66.0
2007 10 68.0
2007 11 99.0
2007 12 35.0
2008 1 24.0
2008 2 60.0
2008 3 39.0
2008 4 61.0
2008 5 66.0
2008 6 10.0
2008 7 34.0
2008 8 45.0
2008 9 39.0
2008 10 32.0
2008 11 7.0
2008 12 15.0
2009 1 15.0
2009 2 6.0
2009 3 6.0
2009 4 6.0
2009 5 26.0
2009 6 78.0
2009 7 86.0
2009 8 12.0
2009 9 46.0
2009 10 8.0
2009 11 40.0
2009 12 8.0
2010 1 25.0
2010 2 40.0
2010 3 30.0
2010 4 57.0
2010 5 64.0
2010 6 62.0
2010 7 20.0
2010 8 75.0
2010 9 141.0
2010 10 49.0
2010 11 59.0
2010 12 63.0
2011 1 13.0
2011 2 4.0
2011 3 37.0
2011 4 22.0
2011 5 19.0
2011 6 160.0
2011 7 36.0
2011 8 26.0
2011 9 72.0
2011 10 224.0
2011 11 34.0
2011 12 35.0
2012 1 21.0
2012 2 41.0
2012 3 132.0
2012 4 119.0
2012 5 29.0
2012 6 33.0
2012 7 42.0
2012 8 380.0
2012 9 117.0
2012 10 128.0
2012 11 113.0
2012 12 34.0
2013 1 41.0
2013 2 72.0
2013 3 181.0
2013 4 89.0
2013 5 59.0
2013 6 56.0
2013 7 307.0
2013 8 491.0
2013 9 27.0
2013 10 53.0
2013 11 451.0
2013 12 14.0
2014 1 24.0
2014 2 16.0
2014 3 37.0
2014 4 92.0
2014 5 119.0
2014 6 94.0
2014 7 285.0
2014 8 155.0
2014 9 170.0
2014 10 231.0
2014 11 96.0
2014 12 252.0
2015 1 37.0
2015 2 120.0
2015 3 94.0
2015 4 25.0
2015 5 99.0
2015 6 89.0
2015 7 133.0
2015 8 72.0
2015 9 183.0
2015 10 374.0
2015 11 82.0
2015 12 281.0
2016 1 51.0
2016 2 30.0
2016 3 37.0
2016 4 95.0
2016 5 160.0
2016 6 111.0
2016 7 28.0
2016 8 116.0
2016 9 552.0
2016 10 159.0
2016 11 57.0
2016 12 99.0
2017 1 46.0
2017 2 62.0
2017 3 271.0
2017 4 137.0
2017 5 171.0
2017 6 522.0
2017 7 155.0
2017 8 99.0
2017 9 159.0
2017 10 193.0
2017 11 84.0
2017 12 48.0
2018 1 14.0
2018 2 54.0
2018 3 71.0
2018 4 94.0
2018 5 121.0
2018 6 97.0
2018 7 110.0
2018 8 57.0
2018 9 175.0
2018 10 177.0
2018 11 62.0
2018 12 216.0
2019 1 134.0
2019 2 32.0
2019 3 159.0
2019 4 182.0
2019 5 152.0
2019 6 113.0
2019 7 113.0
2019 8 112.0
2019 9 184.0
2019 10 98.0
2019 11 100.0
2019 12 69.0
2020 1 128.0
2020 2 104.0
2020 3 98.0
2020 4 145.0
2020 5 293.0
2020 6 110.0
2020 7 217.0
2020 8 278.0
2020 9 172.0
2020 10 122.0
2020 11 87.0
2020 12 332.0
2021 1 97.0
2021 2 82.0
2021 3 271.0
2021 4 144.0
2021 5 88.0
2021 6 593.0
2021 7 306.0
2021 8 209.0
2021 9 247.0
2021 10 372.0
2021 11 608.0
2021 12 374.0
2022 1 169.0
2022 2 216.0
2022 3 189.0
2022 4 266.0
2022 5 282.0
2022 6 666.0
2022 7 217.0
2022 8 122.0
2022 9 307.0
2022 10 288.0
2022 11 87.0
2022 12 253.0
2023 1 119.0
2023 2 305.0
2023 3 325.0
2023 4 151.0
2023 5 146.0
2023 6 230.0
2023 7 336.0
2023 8 111.0
2023 9 66.0
2023 10 270.0
2023 11 191.0
2023 12 78.0
2024 1 116.0
2024 2 128.0
2024 3 106.0
2024 4 84.0
2024 5 153.0
2024 6 132.0
2024 7 209.0
2024 8 182.0
