1960 5 14.0
1960 6 12.0
1960 7 14.0
1960 8 28.0
1960 9 6.0
1960 10 28.0
1960 11 13.0
1960 12 24.0
1961 1 33.0
1961 2 42.0
1961 3 27.0
1961 4 50.0
1961 5 16.0
1961 6 6.0
1961 7 15.5
1961 8 25.0
1961 9 24.0
1961 10 18.0
1961 11 3.0
1961 12 14.0
1962 1 12.0
1962 2 10.0
1962 3 8.0
1962 4 14.0
1962 5 6.0
1962 6 23.0
1962 7 10.0
1962 8 10.0
1962 9 10.0
1962 10 8.0
1962 11 26.0
1962 12 8.0
1963 1 4.0
1963 2 14.0
1963 3 16.0
1963 4 20.0
1963 5 32.0
1963 6 18.0
1963 7 17.0
1963 8 29.0
1963 9 62.0
1963 10 42.0
1963 11 4.0
1963 12 6.0
1964 1 8.0
1964 2 7.5
1964 3 7.0
1964 4 11.0
1964 5 6.0
1964 6 8.0
1964 7 31.0
1964 8 2.0
1964 9 21.0
1964 10 20.0
1964 11 2.0
1964 12 6.0
1965 1 20.0
1965 2 12.0
1965 3 4.0
1965 4 19.0
1965 5 4.0
1965 6 20.0
1965 7 9.0
1965 8 14.0
1965 9 10.0
1965 10 10.0
1965 11 10.0
1965 12 24.0
1966 1 13.0
1966 2 7.0
1966 3 14.0
1966 4 16.0
1966 5 9.0
1966 6 10.0
1966 7 2.0
1966 8 3.0
1966 9 4.0
1966 10 2.0
1966 11 5.333333333333334
1966 12 8.666666666666668
1967 1 12.0
1967 2 8.0
1967 3 4.0
1967 4 9.0
1967 5 5.0
1967 6 6.5
1967 7 8.0
1967 8 7.0
1967 9 6.0
1967 10 6.0
1967 11 12.0
1967 12 8.0
1968 1 4.0
1968 2 12.0
1968 3 20.0
1968 4 14.0
1968 5 10.0
1968 6 6.0
1968 7 4.0
1968 8 11.0
1968 9 11.5
1968 10 12.0
1968 11 15.0
1968 12 10.5
1969 1 6.0
1969 2 6.0
1969 3 41.0
1969 4 22.0
1969 5 14.0
1969 6 18.0
1969 7 172.0
1969 8 11.0
1969 9 8.0
1969 10 91.0
1969 11 4.0
1969 12 36.0
1970 1 28.0
1970 2 14.0
1970 3 21.0
1970 4 8.0
1970 5 17.0
1970 6 128.0
1970 7 6.0
1970 8 6.0
1970 9 19.0
1970 10 116.0
1970 11 74.0
1970 12 4.0
1971 1 8.0
1971 2 12.0
1971 3 12.0
1971 4 31.0
1971 5 18.0
1971 6 34.0
1971 7 35.0
1971 8 126.0
1971 9 28.0
1971 10 58.0
1971 11 48.0
1971 12 2.0
1972 1 8.0
1972 2 6.0
1972 3 14.0
1972 4 50.0
1972 5 45.0
1972 6 52.0
1972 7 23.0
1972 8 48.0
1972 9 53.0
1972 10 47.0
1972 11 56.0
1972 12 20.0
1973 1 54.0
1973 2 8.0
1973 3 33.0
1973 4 126.0
1973 5 22.0
1973 6 4.0
1973 7 16.0
1973 8 38.0
1973 9 8.0
1973 10 34.0
1973 11 18.0
1973 12 14.0
1974 1 14.0
1974 2 24.0
1974 3 10.0
1974 4 72.0
1974 5 74.0
1974 6 46.0
1974 7 24.0
1974 8 12.0
1974 9 19.0
1974 10 26.0
1974 11 109.0
1974 12 24.0
1975 1 24.0
1975 2 6.0
1975 3 40.0
1975 4 28.0
1975 5 15.0
1975 6 22.0
1975 7 16.0
1975 8 39.0
1975 9 54.0
1975 10 59.0
1975 11 40.0
1975 12 38.0
1976 1 42.0
1976 2 68.0
1976 3 84.0
1976 4 105.0
1976 5 65.0
1976 6 129.0
1976 7 62.0
1976 8 107.0
1976 9 88.0
1976 10 64.0
1976 11 116.0
1976 12 57.0
1977 1 67.0
1977 2 74.0
1977 3 131.0
1977 4 202.0
1977 5 191.0
1977 6 110.0
1977 7 47.0
1977 8 85.0
1977 9 154.0
1977 10 91.0
1977 11 192.0
1977 12 79.0
1978 1 24.0
1978 2 96.0
1978 3 41.0
1978 4 68.0
1978 5 72.0
1978 6 48.0
1978 7 75.0
1978 8 142.0
1978 9 126.0
1978 10 68.0
1978 11 85.0
1978 12 48.0
1979 1 16.0
1979 2 30.0
1979 3 46.0
1979 4 36.0
1979 5 52.0
1979 6 43.0
1979 7 24.0
1979 8 104.0
1979 9 29.0
1979 10 48.0
1979 11 41.0
1979 12 24.0
1980 1 20.0
1980 2 20.0
1980 3 65.0
1980 4 17.0
1980 5 18.0
1980 6 38.0
1980 7 33.0
1980 8 98.0
1980 9 58.0
1980 10 47.0
1980 11 28.0
1980 12 15.0
1981 1 29.0
1981 2 25.0
1981 3 16.0
1981 4 23.0
1981 5 74.0
1981 6 23.0
1981 7 40.0
1981 8 17.0
1981 9 27.0
1981 10 34.0
1981 11 11.0
1981 12 29.0
1982 1 5.0
1982 2 8.0
1982 3 11.0
1982 4 17.0
1982 5 28.0
1982 6 43.0
1982 7 102.0
1982 8 25.0
1982 9 19.0
1982 10 24.0
1982 11 33.0
1982 12 46.0
1983 1 14.0
1983 2 13.0
1983 3 54.0
1983 4 35.0
1983 5 129.0
1983 6 70.0
1983 7 42.0
1983 8 81.0
1983 9 38.0
1983 10 32.0
1983 11 41.0
1983 12 19.0
1984 1 34.0
1984 2 33.0
1984 3 74.0
1984 4 72.0
1984 5 41.0
1984 6 68.0
1984 7 67.0
1984 8 42.0
1984 9 20.0
1984 10 71.0
1984 11 50.0
1984 12 15.0
1985 1 24.0
1985 2 20.0
1985 3 10.0
1985 4 29.0
1985 5 31.0
1985 6 26.0
1985 7 24.0
1985 8 30.0
1985 9 18.0
1985 10 25.0
1985 11 15.0
1985 12 3.0
1986 1 13.0
1986 2 10.0
1986 3 18.0
1986 4 26.0
1986 5 8.0
1986 6 22.0
1986 7 11.0
1986 8 16.0
1986 9 8.0
1986 10 2.0
1986 11 12.0
1986 12 2.0
1987 1 3.0
1987 2 4.0
1987 3 10.0
1987 4 9.5
1987 5 9.0
1987 6 4.0
1987 7 6.0
1987 8 17.0
1987 9 10.5
1987 10 4.0
1987 11 6.0
1987 12 8.0
1988 1 2.0
1988 2 3.0
1988 3 4.0
1988 4 5.0
1988 5 3.0
1988 6 4.0
1988 7 5.0
1988 8 7.0
1988 9 2.0
1988 10 4.0
1988 11 2.0
1988 12 4.0
1989 1 4.0
1989 2 4.0
1989 3 4.0
1989 4 6.0
1989 5 11.0
1989 6 16.0
1989 7 4.0
1989 8 9.0
1989 9 2.0
1989 10 7.0
1989 11 4.0
1989 12 8.0
1990 1 6.0
1990 2 4.0
1990 3 9.0
1990 4 6.0
1990 5 10.0
1990 6 9.0
1990 7 4.0
1990 8 15.0
1990 9 7.0
1990 10 32.0
1990 11 8.0
1990 12 4.0
1991 1 5.5
1991 2 7.0
1991 3 7.0
1991 4 11.0
1991 5 9.0
1991 6 20.0
1991 7 19.5
1991 8 19.0
1991 9 36.0
1991 10 70.0
1991 11 24.0
1991 12 8.0
1992 1 15.0
1992 2 11.0
1992 3 13.0
1992 4 25.0
1992 5 18.0
1992 6 25.0
1992 7 26.0
1992 8 25.0
1992 9 22.0
1992 10 30.0
1992 11 10.0
1992 12 28.0
1993 1 2.0
1993 2 8.0
1993 3 14.0
1993 4 36.0
1993 5 31.0
1993 6 22.0
1993 7 41.0
1993 8 65.0
1993 9 34.0
1993 10 32.0
1993 11 67.0
1993 12 21.0
1994 1 23.0
1994 2 20.0
1994 3 53.0
1994 4 36.0
1994 5 32.0
1994 6 23.0
1994 7 63.0
1994 8 55.0
1994 9 34.0
1994 10 26.0
1994 11 40.0
1994 12 16.0
1995 1 13.0
1995 2 23.0
1995 3 43.0
1995 4 83.0
1995 5 22.0
1995 6 55.0
1995 7 35.0
1995 8 91.0
1995 9 20.0
1995 10 25.0
1995 11 38.0
1995 12 12.0
1996 1 7.0
1996 2 20.0
1996 3 26.0
1996 4 26.0
1996 5 57.0
1996 6 56.0
1996 7 55.0
1996 8 50.0
1996 9 50.0
1996 10 46.0
1996 11 48.0
1996 12 19.0
1997 1 19.0
1997 2 11.0
1997 3 42.0
1997 4 67.0
1997 5 30.0
1997 6 21.0
1997 7 13.0
1997 8 27.0
1997 9 26.0
1997 10 45.0
1997 11 34.0
1997 12 63.0
1998 1 26.0
1998 2 22.0
1998 3 11.0
1998 4 20.0
1998 5 20.0
1998 6 32.0
1998 7 29.0
1998 8 14.0
1998 9 42.0
1998 10 28.0
1998 11 45.0
1998 12 31.0
1999 1 36.0
1999 2 8.0
1999 3 25.0
1999 4 22.0
1999 5 14.0
1999 6 34.0
1999 7 22.0
1999 8 17.0
1999 9 13.0
1999 10 29.0
1999 11 67.0
1999 12 11.0
2000 1 12.0
2000 2 25.0
2000 3 32.0
2000 4 27.0
2000 5 54.0
2000 6 24.0
2000 7 29.0
2000 8 40.0
2000 9 60.0
2000 10 36.0
2000 11 7.0
2000 12 25.0
2001 1 15.0
2001 2 11.0
2001 3 22.0
2001 4 27.0
2001 5 22.0
2001 6 42.0
2001 7 31.0
2001 8 26.0
2001 9 24.0
2001 10 51.0
2001 11 38.0
2001 12 11.0
2002 1 15.0
2002 2 22.0
2002 3 33.0
2002 4 28.0
2002 5 19.0
2002 6 43.0
2002 7 19.0
2002 8 179.0
2002 9 77.0
2002 10 48.0
2002 11 21.0
2002 12 46.0
2003 1 26.0
2003 2 55.0
2003 3 109.0
2003 4 44.0
2003 5 91.0
2003 6 53.0
2003 7 55.0
2003 8 47.0
2003 9 88.0
2003 10 107.0
2003 11 41.0
2003 12 22.0
2004 1 48.0
2004 2 23.0
2004 3 37.0
2004 4 126.0
2004 5 90.0
2004 6 79.0
2004 7 114.0
2004 8 69.0
2004 9 72.0
2004 10 123.0
2004 11 112.0
2004 12 52.0
2005 1 34.0
2005 2 14.0
2005 3 93.0
2005 4 14.0
2005 5 30.0
2005 6 19.0
2005 7 124.0
2005 8 74.0
2005 9 50.0
2005 10 55.0
2005 11 48.0
2005 12 27.0
2006 1 25.0
2006 2 14.0
2006 3 23.0
2006 4 34.0
2006 5 36.0
2006 6 51.0
2006 7 65.0
2006 8 33.0
2006 9 128.0
2006 10 69.0
2006 11 69.0
2006 12 22.0
2007 1 45.0
2007 2 27.0
2007 3 54.0
2007 4 56.0
2007 5 56.0
2007 6 39.0
2007 7 39.0
2007 8 28.0
2007 9 7.0
2007 10 29.0
2007 11 16.0
2007 12 14.0
2008 1 9.0
2008 2 18.0
2008 3 20.0
2008 4 61.0
2008 5 25.0
2008 6 10.0
2008 7 17.0
2008 8 12.0
2008 9 31.0
2008 10 20.0
2008 11 2.0
2008 12 5.0
2009 1 10.0
2009 2 6.0
2009 3 6.0
2009 4 6.0
2009 5 26.0
2009 6 14.0
2009 7 9.0
2009 8 7.0
2009 9 21.0
2009 10 8.0
2009 11 7.0
2009 12 8.0
2010 1 6.0
2010 2 40.0
2010 3 30.0
2010 4 47.0
2010 5 21.0
2010 6 14.0
2010 7 12.0
2010 8 70.0
2010 9 17.0
2010 10 12.0
2010 11 20.0
2010 12 10.0
2011 1 8.0
2011 2 4.0
2011 3 14.0
2011 4 17.0
2011 5 6.0
2011 6 21.0
2011 7 20.0
2011 8 21.0
2011 9 4.0
2011 10 14.0
2011 11 9.0
2011 12 30.0
2012 1 6.0
2012 2 24.0
2012 3 19.0
2012 4 24.0
2012 5 23.0
2012 6 28.0
2012 7 36.0
2012 8 68.0
2012 9 18.0
2012 10 27.0
2012 11 30.0
2012 12 22.0
2013 1 8.0
2013 2 11.0
2013 3 41.0
2013 4 23.0
2013 5 10.0
2013 6 30.0
2013 7 39.0
2013 8 47.0
2013 9 20.0
2013 10 12.0
2013 11 16.0
2013 12 14.0
2014 1 24.0
2014 2 16.0
2014 3 13.0
2014 4 38.0
2014 5 99.0
2014 6 47.0
2014 7 45.0
2014 8 28.0
2014 9 38.0
2014 10 65.0
2014 11 35.0
2014 12 24.0
2015 1 24.0
2015 2 23.0
2015 3 54.0
2015 4 20.0
2015 5 42.0
2015 6 34.0
2015 7 39.0
2015 8 47.0
2015 9 42.0
2015 10 36.0
2015 11 35.0
2015 12 58.0
2016 1 34.0
2016 2 24.0
2016 3 31.0
2016 4 18.0
2016 5 62.0
2016 6 20.0
2016 7 28.0
2016 8 16.0
2016 9 208.0
2016 10 16.0
2016 11 12.0
2016 12 51.0
2017 1 29.0
2017 2 62.0
2017 3 162.0
2017 4 52.0
2017 5 63.0
2017 6 99.0
2017 7 59.0
2017 8 69.0
2017 9 34.0
2017 10 73.0
2017 11 27.0
2017 12 31.0
2018 1 14.0
2018 2 14.0
2018 3 28.0
2018 4 82.0
2018 5 73.0
2018 6 62.0
2018 7 56.0
2018 8 39.0
2018 9 39.0
2018 10 36.0
2018 11 48.0
2018 12 32.0
2019 1 57.0
2019 2 23.0
2019 3 56.0
2019 4 85.0
2019 5 82.0
2019 6 74.0
2019 7 57.0
2019 8 79.0
2019 9 63.0
2019 10 55.0
2019 11 63.0
2019 12 29.0
2020 1 101.0
2020 2 45.0
2020 3 45.0
2020 4 108.0
2020 5 104.0
2020 6 60.0
2020 7 47.0
2020 8 82.0
2020 9 22.0
2020 10 53.0
2020 11 56.0
2020 12 52.0
2021 1 39.0
2021 2 47.0
2021 3 116.0
2021 4 69.0
2021 5 38.0
2021 6 40.0
2021 7 23.0
2021 8 54.0
2021 9 31.0
2021 10 49.0
2021 11 67.0
2021 12 45.0
2022 1 37.0
2022 2 39.0
2022 3 53.0
2022 4 43.0
2022 5 25.0
2022 6 108.0
2022 7 28.0
2022 8 28.0
2022 9 29.0
2022 10 57.0
2022 11 42.0
2022 12 16.0
2023 1 17.0
2023 2 10.0
2023 3 48.0
2023 4 30.0
2023 5 34.0
2023 6 87.0
2023 7 32.0
2023 8 25.0
2023 9 19.0
2023 10 14.0
2023 11 30.0
2023 12 19.0
2024 1 39.0
2024 2 27.0
2024 3 49.0
2024 4 24.0
2024 5 55.0
2024 6 34.0
2024 7 40.0
2024 8 47.0
