1960 5 194.0
1960 6 172.0
1960 7 90.0
1960 8 162.0
1960 9 171.0
1960 10 180.0
1960 11 156.0
1960 12 97.0
1961 1 126.0
1961 2 122.0
1961 3 148.0
1961 4 187.0
1961 5 166.0
1961 6 128.0
1961 7 115.0
1961 8 140.0
1961 9 120.0
1961 10 114.0
1961 11 74.0
1961 12 97.0
1962 1 47.0
1962 2 71.0
1962 3 112.0
1962 4 145.0
1962 5 115.0
1962 6 153.0
1962 7 98.0
1962 8 98.0
1962 9 167.0
1962 10 78.0
1962 11 138.0
1962 12 81.0
1963 1 56.0
1963 2 79.0
1963 3 147.0
1963 4 134.0
1963 5 143.0
1963 6 153.0
1963 7 110.0
1963 8 97.0
1963 9 165.0
1963 10 221.0
1963 11 129.0
1963 12 48.0
1964 1 77.0
1964 2 46.0
1964 3 108.0
1964 4 155.0
1964 5 98.0
1964 6 88.0
1964 7 133.0
1964 8 88.0
1964 9 111.0
1964 10 153.0
1964 11 71.0
1964 12 45.0
1965 1 69.0
1965 2 43.0
1965 3 80.0
1965 4 134.0
1965 5 234.0
1965 6 167.0
1965 7 92.0
1965 8 150.0
1965 9 127.0
1965 10 94.0
1965 11 90.0
1965 12 67.0
1966 1 44.0
1966 2 45.0
1966 3 91.0
1966 4 152.0
1966 5 85.0
1966 6 84.0
1966 7 32.0
1966 8 31.0
1966 9 50.0
1966 10 36.0
1966 11 29.0
1966 12 17.0
1967 1 29.0
1967 2 34.0
1967 3 39.0
1967 4 68.0
1967 5 63.0
1967 6 46.0
1967 7 69.0
1967 8 51.0
1967 9 103.0
1967 10 59.0
1967 11 93.0
1967 12 16.0
1968 1 24.0
1968 2 56.0
1968 3 73.0
1968 4 140.0
1968 5 116.0
1968 6 123.0
1968 7 85.0
1968 8 68.0
1968 9 84.0
1968 10 185.0
1968 11 160.0
1968 12 59.0
1969 1 35.0
1969 2 31.0
1969 3 164.0
1969 4 174.0
1969 5 125.0
1969 6 139.0
1969 7 230.0
1969 8 44.0
1969 9 197.0
1969 10 253.0
1969 11 77.0
1969 12 136.0
1970 1 54.0
1970 2 126.0
1970 3 117.0
1970 4 138.0
1970 5 101.0
1970 6 717.0
1970 7 166.0
1970 8 63.0
1970 9 208.0
1970 10 934.0
1970 11 225.0
1970 12 88.0
1971 1 28.0
1971 2 62.0
1971 3 97.0
1971 4 406.0
1971 5 354.0
1971 6 350.0
1971 7 215.0
1971 8 449.0
1971 9 271.0
1971 10 280.0
1971 11 233.0
1971 12 40.0
1972 1 60.0
1972 2 72.0
1972 3 300.0
1972 4 414.0
1972 5 288.0
1972 6 339.0
1972 7 130.0
1972 8 257.0
1972 9 214.0
1972 10 385.0
1972 11 195.0
1972 12 186.0
1973 1 282.0
1973 2 59.0
1973 3 208.0
1973 4 343.0
1973 5 235.0
1973 6 251.0
1973 7 221.0
1973 8 212.0
1973 9 107.0
1973 10 233.0
1973 11 85.0
1973 12 245.0
1974 1 47.0
1974 2 155.0
1974 3 182.0
1974 4 309.0
1974 5 307.0
1974 6 235.0
1974 7 159.0
1974 8 149.0
1974 9 164.0
1974 10 121.0
1974 11 275.0
1974 12 115.0
1975 1 105.0
1975 2 322.0
1975 3 383.0
1975 4 250.0
1975 5 488.0
1975 6 322.0
1975 7 214.0
1975 8 250.0
1975 9 642.0
1975 10 656.0
1975 11 227.0
1975 12 194.0
1976 1 166.0
1976 2 344.0
1976 3 394.0
1976 4 546.0
1976 5 285.0
1976 6 455.0
1976 7 313.0
1976 8 381.0
1976 9 505.0
1976 10 516.0
1976 11 348.0
1976 12 255.0
1977 1 148.0
1977 2 297.0
1977 3 624.0
1977 4 509.0
1977 5 576.0
1977 6 691.0
1977 7 430.0
1977 8 560.0
1977 9 755.0
1977 10 680.0
1977 11 504.0
1977 12 343.0
1978 1 78.0
1978 2 504.0
1978 3 567.0
1978 4 494.0
1978 5 528.0
1978 6 440.0
1978 7 353.0
1978 8 442.0
1978 9 339.0
1978 10 611.0
1978 11 274.0
1978 12 228.0
1979 1 64.0
1979 2 134.0
1979 3 269.0
1979 4 272.0
1979 5 407.0
1979 6 386.0
1979 7 238.0
1979 8 384.0
1979 9 314.0
1979 10 340.0
1979 11 226.0
1979 12 134.0
1980 1 88.0
1980 2 95.0
1980 3 195.0
1980 4 229.0
1980 5 161.0
1980 6 200.0
1980 7 245.0
1980 8 279.0
1980 9 237.0
1980 10 203.0
1980 11 102.0
1980 12 57.0
1981 1 123.0
1981 2 158.0
1981 3 108.0
1981 4 119.0
1981 5 249.0
1981 6 122.0
1981 7 118.0
1981 8 160.0
1981 9 133.0
1981 10 137.0
1981 11 96.0
1981 12 136.0
1982 1 22.0
1982 2 39.0
1982 3 91.0
1982 4 94.0
1982 5 207.0
1982 6 218.0
1982 7 202.0
1982 8 99.0
1982 9 205.0
1982 10 174.0
1982 11 355.0
1982 12 118.0
1983 1 76.0
1983 2 129.0
1983 3 266.0
1983 4 205.0
1983 5 335.0
1983 6 303.0
1983 7 379.0
1983 8 302.0
1983 9 193.0
1983 10 374.0
1983 11 220.0
1983 12 85.0
1984 1 133.0
1984 2 142.0
1984 3 367.0
1984 4 267.0
1984 5 242.0
1984 6 304.0
1984 7 342.0
1984 8 213.0
1984 9 150.0
1984 10 200.0
1984 11 240.0
1984 12 106.0
1985 1 103.0
1985 2 72.0
1985 3 89.0
1985 4 193.0
1985 5 237.0
1985 6 184.0
1985 7 143.0
1985 8 163.0
1985 9 120.0
1985 10 202.0
1985 11 284.0
1985 12 240.0
1986 1 64.0
1986 2 60.0
1986 3 91.0
1986 4 107.0
1986 5 94.0
1986 6 148.0
1986 7 80.0
1986 8 101.0
1986 9 110.0
1986 10 86.0
1986 11 52.0
1986 12 38.0
1987 1 21.0
1987 2 36.0
1987 3 75.0
1987 4 67.0
1987 5 61.0
1987 6 100.0
1987 7 84.0
1987 8 74.0
1987 9 170.0
1987 10 69.0
1987 11 51.0
1987 12 43.0
1988 1 18.0
1988 2 123.0
1988 3 49.0
1988 4 63.0
1988 5 115.0
1988 6 68.0
1988 7 56.0
1988 8 63.0
1988 9 66.0
1988 10 61.0
1988 11 35.0
1988 12 28.0
1989 1 15.0
1989 2 15.0
1989 3 52.0
1989 4 73.0
1989 5 68.0
1989 6 79.0
1989 7 50.0
1989 8 89.0
1989 9 52.0
1989 10 63.0
1989 11 42.0
1989 12 29.0
1990 1 25.0
1990 2 30.0
1990 3 70.0
1990 4 70.0
1990 5 113.0
1990 6 74.0
1990 7 130.0
1990 8 92.0
1990 9 113.0
1990 10 100.0
1990 11 109.0
1990 12 67.0
1991 1 37.0
1991 2 59.0
1991 3 78.0
1991 4 103.0
1991 5 133.0
1991 6 121.0
1991 7 143.0
1991 8 114.0
1991 9 204.0
1991 10 199.0
1991 11 145.0
1991 12 84.0
1992 1 88.0
1992 2 124.0
1992 3 156.0
1992 4 175.0
1992 5 198.0
1992 6 194.0
1992 7 207.0
1992 8 200.0
1992 9 184.0
1992 10 208.0
1992 11 125.0
1992 12 115.0
1993 1 40.0
1993 2 65.0
1993 3 206.0
1993 4 255.0
1993 5 324.0
1993 6 333.0
1993 7 212.0
1993 8 310.0
1993 9 244.0
1993 10 328.0
1993 11 198.0
1993 12 196.0
1994 1 155.0
1994 2 159.0
1994 3 291.0
1994 4 294.0
1994 5 350.0
1994 6 321.0
1994 7 267.0
1994 8 240.0
1994 9 291.0
1994 10 228.0
1994 11 222.0
1994 12 115.0
1995 1 89.0
1995 2 122.0
1995 3 218.0
1995 4 415.0
1995 5 247.0
1995 6 286.0
1995 7 265.0
1995 8 383.0
1995 9 216.0
1995 10 347.0
1995 11 183.0
1995 12 262.0
1996 1 61.0
1996 2 118.0
1996 3 201.0
1996 4 277.0
1996 5 344.0
1996 6 273.0
1996 7 275.0
1996 8 252.0
1996 9 238.0
1996 10 336.0
1996 11 227.0
1996 12 76.0
1997 1 100.0
1997 2 167.0
1997 3 178.0
1997 4 301.0
1997 5 294.0
1997 6 255.0
1997 7 195.0
1997 8 177.0
1997 9 187.0
1997 10 173.0
1997 11 115.0
1997 12 131.0
1998 1 71.0
1998 2 120.0
1998 3 223.0
1998 4 332.0
1998 5 185.0
1998 6 182.0
1998 7 186.0
1998 8 184.0
1998 9 209.0
1998 10 295.0
1998 11 296.0
1998 12 129.0
1999 1 158.0
1999 2 103.0
1999 3 226.0
1999 4 190.0
1999 5 223.0
1999 6 225.0
1999 7 245.0
1999 8 149.0
1999 9 107.0
1999 10 164.0
1999 11 242.0
1999 12 96.0
2000 1 68.0
2000 2 147.0
2000 3 308.0
2000 4 210.0
2000 5 208.0
2000 6 191.0
2000 7 171.0
2000 8 272.0
2000 9 185.0
2000 10 191.0
2000 11 139.0
2000 12 183.0
2001 1 102.0
2001 2 185.0
2001 3 202.0
2001 4 200.0
2001 5 248.0
2001 6 327.0
2001 7 215.0
2001 8 213.0
2001 9 162.0
2001 10 257.0
2001 11 208.0
2001 12 140.0
2002 1 190.0
2002 2 143.0
2002 3 385.0
2002 4 330.0
2002 5 349.0
2002 6 371.0
2002 7 235.0
2002 8 473.0
2002 9 344.0
2002 10 511.0
2002 11 388.0
2002 12 188.0
2003 1 273.0
2003 2 367.0
2003 3 283.0
2003 4 372.0
2003 5 362.0
2003 6 283.0
2003 7 282.0
2003 8 300.0
2003 9 370.0
2003 10 466.0
2003 11 222.0
2003 12 204.0
2004 1 194.0
2004 2 169.0
2004 3 251.0
2004 4 419.0
2004 5 316.0
2004 6 311.0
2004 7 469.0
2004 8 427.0
2004 9 495.0
2004 10 356.0
2004 11 435.0
2004 12 352.0
2005 1 313.0
2005 2 208.0
2005 3 526.0
2005 4 472.0
2005 5 560.0
2005 6 393.0
2005 7 472.0
2005 8 583.0
2005 9 483.0
2005 10 562.0
2005 11 376.0
2005 12 285.0
2006 1 559.0
2006 2 255.0
2006 3 362.0
2006 4 390.0
2006 5 492.0
2006 6 487.0
2006 7 414.0
2006 8 417.0
2006 9 432.0
2006 10 394.0
2006 11 295.0
2006 12 256.0
2007 1 260.0
2007 2 325.0
2007 3 386.0
2007 4 456.0
2007 5 549.0
2007 6 531.0
2007 7 398.0
2007 8 337.0
2007 9 322.0
2007 10 386.0
2007 11 286.0
2007 12 175.0
2008 1 133.0
2008 2 231.0
2008 3 224.0
2008 4 289.0
2008 5 274.0
2008 6 252.0
2008 7 260.0
2008 8 266.0
2008 9 229.0
2008 10 182.0
2008 11 99.0
2008 12 77.0
2009 1 75.0
2009 2 76.0
2009 3 108.0
2009 4 98.0
2009 5 160.0
2009 6 282.0
2009 7 288.0
2009 8 151.0
2009 9 175.0
2009 10 142.0
2009 11 149.0
2009 12 67.0
2010 1 100.0
2010 2 118.0
2010 3 197.0
2010 4 241.0
2010 5 212.0
2010 6 196.0
2010 7 188.0
2010 8 211.0
2010 9 251.0
2010 10 173.0
2010 11 139.0
2010 12 117.0
2011 1 57.0
2011 2 78.0
2011 3 155.0
2011 4 114.0
2011 5 162.0
2011 6 361.0
2011 7 184.0
2011 8 209.0
2011 9 172.0
2011 10 356.0
2011 11 117.0
2011 12 116.0
2012 1 90.0
2012 2 120.0
2012 3 266.0
2012 4 323.0
2012 5 197.0
2012 6 213.0
2012 7 208.0
2012 8 559.0
2012 9 291.0
2012 10 293.0
2012 11 247.0
2012 12 104.0
2013 1 159.0
2013 2 204.0
2013 3 365.0
2013 4 318.0
2013 5 316.0
2013 6 265.0
2013 7 541.0
2013 8 713.0
2013 9 183.0
2013 10 249.0
2013 11 563.0
2013 12 83.0
2014 1 120.0
2014 2 78.0
2014 3 184.0
2014 4 268.0
2014 5 316.0
2014 6 320.0
2014 7 491.0
2014 8 322.0
2014 9 335.0
2014 10 408.0
2014 11 205.0
2014 12 360.0
2015 1 136.0
2015 2 256.0
2015 3 276.0
2015 4 258.0
2015 5 369.0
2015 6 316.0
2015 7 314.0
2015 8 260.0
2015 9 359.0
2015 10 635.0
2015 11 223.0
2015 12 422.0
2016 1 160.0
2016 2 180.0
2016 3 252.0
2016 4 338.0
2016 5 379.0
2016 6 362.0
2016 7 260.0
2016 8 384.0
2016 9 730.0
2016 10 426.0
2016 11 227.0
2016 12 233.0
2017 1 134.0
2017 2 211.0
2017 3 511.0
2017 4 392.0
2017 5 410.0
2017 6 829.0
2017 7 383.0
2017 8 357.0
2017 9 369.0
2017 10 466.0
2017 11 248.0
2017 12 164.0
2018 1 138.0
2018 2 179.0
2018 3 295.0
2018 4 422.0
2018 5 380.0
2018 6 436.0
2018 7 398.0
2018 8 339.0
2018 9 396.0
2018 10 420.0
2018 11 240.0
2018 12 324.0
2019 1 280.0
2019 2 134.0
2019 3 316.0
2019 4 413.0
2019 5 367.0
2019 6 364.0
2019 7 319.0
2019 8 347.0
2019 9 371.0
2019 10 268.0
2019 11 242.0
2019 12 189.0
2020 1 299.0
2020 2 273.0
2020 3 323.0
2020 4 317.0
2020 5 471.0
2020 6 305.0
2020 7 462.0
2020 8 527.0
2020 9 408.0
2020 10 353.0
2020 11 274.0
2020 12 580.0
2021 1 241.0
2021 2 222.0
2021 3 652.0
2021 4 474.0
2021 5 395.0
2021 6 914.0
2021 7 580.0
2021 8 511.0
2021 9 505.0
2021 10 600.0
2021 11 801.0
2021 12 524.0
2022 1 401.0
2022 2 617.0
2022 3 566.0
2022 4 566.0
2022 5 531.0
2022 6 895.0
2022 7 440.0
2022 8 483.0
2022 9 512.0
2022 10 595.0
2022 11 188.0
2022 12 466.0
2023 1 225.0
2023 2 380.0
2023 3 468.0
2023 4 354.0
2023 5 573.0
2023 6 443.0
2023 7 520.0
2023 8 395.0
2023 9 305.0
2023 10 467.0
2023 11 343.0
2023 12 195.0
2024 1 306.0
2024 2 302.0
2024 3 355.0
2024 4 319.0
2024 5 389.0
2024 6 534.0
2024 7 571.0
2024 8 459.0
