1960 5 8.0
1960 6 42.0
1960 7 33.5
1960 8 25.0
1960 9 16.5
1960 10 8.0
1960 11 8.5
1960 12 9.0
1961 1 9.5
1961 2 10.0
1961 3 10.5
1961 4 11.0
1961 5 11.5
1961 6 12.0
1961 7 12.5
1961 8 13.0
1961 9 12.75
1961 10 12.5
1961 11 12.25
1961 12 12.0
1962 1 10.5
1962 2 9.0
1962 3 7.5
1962 4 6.0
1962 5 8.0
1962 6 20.75
1962 7 33.5
1962 8 46.25
1962 9 59.0
1962 10 49.5
1962 11 40.0
1962 12 34.0
1963 1 28.0
1963 2 22.0
1963 3 16.0
1963 4 11.0
1963 5 6.0
1963 6 34.0
1963 7 43.75
1963 8 53.5
1963 9 63.25
1963 10 73.0
1963 11 55.0
1963 12 41.5
1964 1 28.0
1964 2 26.0
1964 3 24.0
1964 4 9.0
1964 5 6.0
1964 6 9.666666666666666
1964 7 13.333333333333332
1964 8 17.0
1964 9 16.5
1964 10 16.0
1964 11 21.0
1964 12 18.0
1965 1 15.0
1965 2 46.5
1965 3 78.0
1965 4 109.5
1965 5 141.0
1965 6 46.0
1965 7 40.5
1965 8 35.0
1965 9 55.0
1965 10 28.0
1965 11 16.0
1965 12 14.0
1966 1 12.0
1966 2 10.0
1966 3 8.0
1966 4 60.0
1966 5 6.0
1966 6 20.0
1966 7 16.0
1966 8 12.0
1966 9 8.0
1966 10 6.0
1966 11 6.222222222222222
1966 12 6.444444444444445
1967 1 6.666666666666667
1967 2 6.888888888888889
1967 3 7.111111111111111
1967 4 7.333333333333333
1967 5 7.555555555555555
1967 6 7.777777777777778
1967 7 8.0
1967 8 34.0
1967 9 60.0
1967 10 50.0
1967 11 40.0
1967 12 33.0
1968 1 26.0
1968 2 19.0
1968 3 44.5
1968 4 70.0
1968 5 39.5
1968 6 9.0
1968 7 7.5
1968 8 6.0
1968 9 20.0
1968 10 76.0
1968 11 72.0
1968 12 18.0
1969 1 13.5
1969 2 9.0
1969 3 96.0
1969 4 35.0
1969 5 79.0
1969 6 42.0
1969 7 11.0
1969 8 85.5
1969 9 160.0
1969 10 121.0
1969 11 5.0
1969 12 45.0
1970 1 62.5
1970 2 80.0
1970 3 8.0
1970 4 16.0
1970 5 267.0
1970 6 518.0
1970 7 96.0
1970 8 76.0
1970 9 56.0
1970 10 742.0
1970 11 60.0
1970 12 32.0
1971 1 24.0
1971 2 16.0
1971 3 8.0
1971 4 234.0
1971 5 192.0
1971 6 189.0
1971 7 28.0
1971 8 190.0
1971 9 65.0
1971 10 62.0
1971 11 78.0
1971 12 45.0
1972 1 12.0
1972 2 32.0
1972 3 96.0
1972 4 98.0
1972 5 80.0
1972 6 130.0
1972 7 6.0
1972 8 65.0
1972 9 82.5
1972 10 100.0
1972 11 28.0
1972 12 122.0
1973 1 197.0
1973 2 126.5
1973 3 56.0
1973 4 39.0
1973 5 31.0
1973 6 128.0
1973 7 104.0
1973 8 47.0
1973 9 58.0
1973 10 69.0
1973 11 8.0
1973 12 147.0
1974 1 95.5
1974 2 44.0
1974 3 52.0
1974 4 59.0
1974 5 43.0
1974 6 20.0
1974 7 20.4
1974 8 20.8
1974 9 21.2
1974 10 21.6
1974 11 22.0
1974 12 97.33333333333333
1975 1 172.66666666666666
1975 2 248.0
1975 3 208.0
1975 4 38.0
1975 5 197.0
1975 6 98.0
1975 7 62.5
1975 8 27.0
1975 9 304.0
1975 10 428.0
1975 11 26.0
1975 12 51.0
1976 1 98.5
1976 2 146.0
1976 3 51.0
1976 4 114.0
1976 5 8.0
1976 6 64.0
1976 7 44.0
1976 8 33.0
1976 9 168.0
1976 10 172.0
1976 11 63.0
1976 12 40.0
1977 1 6.0
1977 2 17.0
1977 3 98.0
1977 4 54.0
1977 5 44.0
1977 6 206.0
1977 7 84.0
1977 8 174.0
1977 9 317.0
1977 10 287.0
1977 11 82.0
1977 12 102.0
1978 1 200.0
1978 2 298.0
1978 3 182.0
1978 4 36.0
1978 5 100.0
1978 6 51.0
1978 7 36.0
1978 8 46.0
1978 9 14.0
1978 10 278.0
1978 11 8.0
1978 12 101.0
1979 1 69.33333333333333
1979 2 37.666666666666664
1979 3 6.0
1979 4 16.0
1979 5 67.0
1979 6 56.0
1979 7 27.0
1979 8 52.0
1979 9 113.0
1979 10 82.0
1979 11 47.0
1979 12 66.0
1980 1 59.666666666666664
1980 2 53.333333333333336
1980 3 47.0
1980 4 67.0
1980 5 17.0
1980 6 33.0
1980 7 43.0
1980 8 49.0
1980 9 58.0
1980 10 12.0
1980 11 41.0
1980 12 70.0
1981 1 99.0
1981 2 86.0
1981 3 6.0
1981 4 8.0
1981 5 60.0
1981 6 15.0
1981 7 8.0
1981 8 7.0
1981 9 30.0
1981 10 39.0
1981 11 16.0
1981 12 37.0
1982 1 22.0
1982 2 7.0
1982 3 24.0
1982 4 8.0
1982 5 97.0
1982 6 72.0
1982 7 16.0
1982 8 6.0
1982 9 108.0
1982 10 49.0
1982 11 238.0
1982 12 20.0
1983 1 6.0
1983 2 56.0
1983 3 50.0
1983 4 5.0
1983 5 18.0
1983 6 43.0
1983 7 203.0
1983 8 70.0
1983 9 22.0
1983 10 209.0
1983 11 48.0
1983 12 19.0
1984 1 17.0
1984 2 28.0
1984 3 116.0
1984 4 19.0
1984 5 50.0
1984 6 66.0
1984 7 164.0
1984 8 40.0
1984 9 17.0
1984 10 27.0
1984 11 83.0
1984 12 50.0
1985 1 38.0
1985 2 5.0
1985 3 34.5
1985 4 64.0
1985 5 78.0
1985 6 61.0
1985 7 12.0
1985 8 47.0
1985 9 5.0
1985 10 52.0
1985 11 219.0
1985 12 188.0
1986 1 13.0
1986 2 5.0
1986 3 10.0
1986 4 5.0
1986 5 5.0
1986 6 36.0
1986 7 23.5
1986 8 11.0
1986 9 28.0
1986 10 13.0
1986 11 9.0
1986 12 5.0
1987 1 5.0
1987 2 5.0
1987 3 5.0
1987 4 5.0
1987 5 11.0
1987 6 17.0
1987 7 5.0
1987 8 5.0
1987 9 101.0
1987 10 53.0
1987 11 5.0
1987 12 5.0
1988 1 52.5
1988 2 100.0
1988 3 10.0
1988 4 32.0
1988 5 54.0
1988 6 44.8
1988 7 35.6
1988 8 26.400000000000002
1988 9 17.200000000000003
1988 10 8.0
1988 11 7.5
1988 12 7.0
1989 1 6.5
1989 2 6.0
1989 3 5.5
1989 4 5.0
1989 5 5.0
1989 6 11.0
1989 7 14.5
1989 8 18.0
1989 9 15.833333333333334
1989 10 13.666666666666668
1989 11 11.5
1989 12 9.333333333333334
1990 1 7.166666666666668
1990 2 5.0
1990 3 5.0
1990 4 5.0
1990 5 5.0
1990 6 5.0
1990 7 45.0
1990 8 43.0
1990 9 41.0
1990 10 46.0
1990 11 51.0
1990 12 37.0
1991 1 5.0
1991 2 6.0
1991 3 9.0
1991 4 12.0
1991 5 33.0
1991 6 38.5
1991 7 44.0
1991 8 15.0
1991 9 50.0
1991 10 36.0
1991 11 46.0
1991 12 12.0
1992 1 8.0
1992 2 6.0
1992 3 11.0
1992 4 26.0
1992 5 41.0
1992 6 5.0
1992 7 12.0
1992 8 17.0
1992 9 12.5
1992 10 8.0
1992 11 7.0
1992 12 6.0
1993 1 17.666666666666664
1993 2 29.333333333333332
1993 3 41.0
1993 4 20.0
1993 5 129.0
1993 6 106.0
1993 7 5.0
1993 8 12.0
1993 9 8.0
1993 10 120.0
1993 11 96.0
1993 12 72.0
1994 1 37.0
1994 2 20.0
1994 3 31.0
1994 4 38.5
1994 5 46.0
1994 6 51.0
1994 7 33.5
1994 8 16.0
1994 9 86.0
1994 10 36.0
1994 11 47.0
1994 12 12.0
1995 1 13.0
1995 2 14.0
1995 3 24.0
1995 4 160.0
1995 5 18.0
1995 6 26.0
1995 7 47.0
1995 8 125.0
1995 9 32.0
1995 10 172.0
1995 11 8.0
1995 12 160.0
1996 1 92.0
1996 2 24.0
1996 3 29.0
1996 4 39.0
1996 5 115.0
1996 6 44.0
1996 7 54.0
1996 8 34.0
1996 9 61.0
1996 10 150.0
1996 11 106.0
1996 12 13.0
1997 1 31.0
1997 2 75.0
1997 3 9.0
1997 4 75.0
1997 5 98.0
1997 6 96.0
1997 7 33.0
1997 8 31.0
1997 9 13.0
1997 10 5.0
1997 11 8.0
1997 12 21.0
1998 1 19.5
1998 2 18.0
1998 3 45.0
1998 4 150.0
1998 5 10.0
1998 6 5.0
1998 7 10.0
1998 8 65.0
1998 9 29.0
1998 10 111.0
1998 11 130.0
1998 12 18.0
1999 1 77.0
1999 2 10.0
1999 3 50.0
1999 4 21.0
1999 5 57.0
1999 6 22.0
1999 7 88.0
1999 8 19.0
1999 9 20.0
1999 10 21.0
1999 11 84.0
1999 12 12.0
2000 1 25.0
2000 2 38.0
2000 3 110.0
2000 4 14.0
2000 5 11.0
2000 6 5.0
2000 7 19.0
2000 8 67.0
2000 9 7.0
2000 10 15.0
2000 11 36.0
2000 12 84.0
2001 1 5.0
2001 2 88.0
2001 3 41.0
2001 4 13.0
2001 5 55.0
2001 6 118.0
2001 7 21.0
2001 8 15.0
2001 9 16.0
2001 10 72.0
2001 11 79.0
2001 12 35.0
2002 1 50.0
2002 2 17.0
2002 3 218.0
2002 4 108.0
2002 5 119.0
2002 6 108.0
2002 7 58.0
2002 8 115.0
2002 9 97.0
2002 10 242.0
2002 11 228.0
2002 12 26.0
2003 1 118.0
2003 2 189.0
2003 3 20.0
2003 4 26.0
2003 5 87.0
2003 6 17.0
2003 7 13.0
2003 8 51.0
2003 9 62.0
2003 10 157.0
2003 11 55.0
2003 12 56.0
2004 1 65.0
2004 2 50.0
2004 3 11.0
2004 4 74.0
2004 5 5.0
2004 6 5.0
2004 7 118.0
2004 8 149.0
2004 9 193.0
2004 10 64.0
2004 11 121.0
2004 12 112.0
2005 1 54.0
2005 2 30.0
2005 3 119.0
2005 4 64.0
2005 5 63.0
2005 6 29.0
2005 7 56.0
2005 8 131.0
2005 9 105.0
2005 10 79.0
2005 11 31.0
2005 12 32.0
2006 1 255.0
2006 2 131.0
2006 3 7.0
2006 4 22.0
2006 5 34.0
2006 6 67.0
2006 7 50.0
2006 8 22.0
2006 9 5.0
2006 10 45.0
2006 11 24.0
2006 12 57.0
2007 1 33.0
2007 2 64.0
2007 3 5.0
2007 4 67.0
2007 5 48.0
2007 6 177.0
2007 7 35.0
2007 8 13.0
2007 9 59.0
2007 10 39.0
2007 11 83.0
2007 12 21.0
2008 1 15.0
2008 2 42.0
2008 3 19.0
2008 4 30.0
2008 5 41.0
2008 6 29.0
2008 7 17.0
2008 8 33.0
2008 9 8.0
2008 10 12.0
2008 11 5.0
2008 12 10.0
2009 1 5.0
2009 2 16.8
2009 3 28.6
2009 4 40.400000000000006
2009 5 52.2
2009 6 64.0
2009 7 77.0
2009 8 5.0
2009 9 25.0
2009 10 29.0
2009 11 33.0
2009 12 26.0
2010 1 19.0
2010 2 16.0
2010 3 13.0
2010 4 10.0
2010 5 43.0
2010 6 48.0
2010 7 8.0
2010 8 5.0
2010 9 124.0
2010 10 37.0
2010 11 39.0
2010 12 53.0
2011 1 5.0
2011 2 14.0
2011 3 23.0
2011 4 5.0
2011 5 13.0
2011 6 139.0
2011 7 16.0
2011 8 5.0
2011 9 68.0
2011 10 210.0
2011 11 25.0
2011 12 5.0
2012 1 15.0
2012 2 17.0
2012 3 113.0
2012 4 95.0
2012 5 6.0
2012 6 5.0
2012 7 6.0
2012 8 312.0
2012 9 99.0
2012 10 101.0
2012 11 83.0
2012 12 12.0
2013 1 33.0
2013 2 61.0
2013 3 140.0
2013 4 66.0
2013 5 49.0
2013 6 26.0
2013 7 268.0
2013 8 444.0
2013 9 7.0
2013 10 41.0
2013 11 435.0
2013 12 332.25
2014 1 229.5
2014 2 126.75
2014 3 24.0
2014 4 54.0
2014 5 20.0
2014 6 47.0
2014 7 240.0
2014 8 127.0
2014 9 132.0
2014 10 166.0
2014 11 61.0
2014 12 228.0
2015 1 13.0
2015 2 97.0
2015 3 40.0
2015 4 5.0
2015 5 57.0
2015 6 55.0
2015 7 94.0
2015 8 25.0
2015 9 141.0
2015 10 338.0
2015 11 47.0
2015 12 223.0
2016 1 17.0
2016 2 6.0
2016 3 6.0
2016 4 77.0
2016 5 98.0
2016 6 91.0
2016 7 95.5
2016 8 100.0
2016 9 344.0
2016 10 143.0
2016 11 45.0
2016 12 48.0
2017 1 17.0
2017 2 63.0
2017 3 109.0
2017 4 85.0
2017 5 108.0
2017 6 423.0
2017 7 96.0
2017 8 30.0
2017 9 125.0
2017 10 120.0
2017 11 57.0
2017 12 17.0
2018 1 28.5
2018 2 40.0
2018 3 43.0
2018 4 12.0
2018 5 48.0
2018 6 35.0
2018 7 54.0
2018 8 18.0
2018 9 136.0
2018 10 141.0
2018 11 14.0
2018 12 184.0
2019 1 77.0
2019 2 9.0
2019 3 103.0
2019 4 97.0
2019 5 70.0
2019 6 39.0
2019 7 56.0
2019 8 33.0
2019 9 121.0
2019 10 43.0
2019 11 37.0
2019 12 40.0
2020 1 27.0
2020 2 59.0
2020 3 53.0
2020 4 37.0
2020 5 189.0
2020 6 50.0
2020 7 170.0
2020 8 196.0
2020 9 150.0
2020 10 69.0
2020 11 31.0
2020 12 280.0
2021 1 58.0
2021 2 35.0
2021 3 155.0
2021 4 75.0
2021 5 50.0
2021 6 553.0
2021 7 283.0
2021 8 155.0
2021 9 216.0
2021 10 323.0
2021 11 541.0
2021 12 329.0
2022 1 132.0
2022 2 177.0
2022 3 136.0
2022 4 223.0
2022 5 257.0
2022 6 558.0
2022 7 189.0
2022 8 94.0
2022 9 278.0
2022 10 231.0
2022 11 45.0
2022 12 237.0
2023 1 102.0
2023 2 295.0
2023 3 277.0
2023 4 121.0
2023 5 112.0
2023 6 143.0
2023 7 304.0
2023 8 86.0
2023 9 47.0
2023 10 256.0
2023 11 161.0
2023 12 59.0
2024 1 77.0
2024 2 101.0
2024 3 57.0
2024 4 60.0
2024 5 98.0
2024 6 98.0
2024 7 169.0
2024 8 135.0
