1960 5 44.0
1960 6 24.0
1960 7 26.0
1960 8 34.0
1960 9 27.0
1960 10 28.0
1960 11 26.0
1960 12 12.0
1961 1 10.0
1961 2 7.0
1961 3 46.0
1961 4 14.0
1961 5 28.0
1961 6 16.0
1961 7 26.0
1961 8 20.0
1961 9 37.0
1961 10 59.0
1961 11 32.0
1961 12 24.0
1962 1 16.0
1962 2 10.0
1962 3 28.0
1962 4 33.0
1962 5 38.0
1962 6 30.0
1962 7 22.0
1962 8 18.0
1962 9 22.0
1962 10 40.0
1962 11 30.0
1962 12 6.0
1963 1 10.0
1963 2 2.0
1963 3 22.0
1963 4 22.0
1963 5 24.0
1963 6 40.0
1963 7 22.0
1963 8 20.0
1963 9 22.0
1963 10 62.0
1963 11 22.0
1963 12 8.0
1964 1 6.0
1964 2 8.0
1964 3 30.0
1964 4 34.0
1964 5 10.0
1964 6 37.0
1964 7 14.0
1964 8 10.0
1964 9 32.0
1964 10 25.0
1964 11 24.0
1964 12 11.0
1965 1 20.0
1965 2 8.0
1965 3 20.0
1965 4 12.0
1965 5 10.0
1965 6 30.0
1965 7 32.0
1965 8 16.0
1965 9 10.0
1965 10 32.0
1965 11 31.0
1965 12 12.0
1966 1 3.0
1966 2 6.0
1966 3 30.0
1966 4 20.0
1966 5 29.0
1966 6 15.0
1966 7 10.0
1966 8 16.0
1966 9 32.0
1966 10 6.0
1966 11 15.0
1966 12 12.0
1967 1 14.0
1967 2 16.0
1967 3 24.0
1967 4 18.0
1967 5 35.0
1967 6 19.0
1967 7 9.0
1967 8 58.0
1967 9 18.0
1967 10 52.0
1967 11 26.0
1967 12 30.0
1968 1 34.0
1968 2 15.0
1968 3 24.0
1968 4 22.0
1968 5 20.0
1968 6 36.0
1968 7 13.0
1968 8 12.0
1968 9 10.0
1968 10 36.0
1968 11 27.0
1968 12 14.0
1969 1 10.0
1969 2 8.0
1969 3 17.0
1969 4 18.0
1969 5 10.0
1969 6 16.0
1969 7 21.0
1969 8 21.0
1969 9 20.0
1969 10 20.0
1969 11 20.0
1969 12 8.0
1970 1 6.0
1970 2 6.0
1970 3 12.0
1970 4 15.0
1970 5 6.0
1970 6 37.0
1970 7 23.0
1970 8 14.0
1970 9 40.0
1970 10 18.0
1970 11 15.0
1970 12 18.0
1971 1 14.0
1971 2 2.0
1971 3 36.0
1971 4 32.0
1971 5 10.0
1971 6 34.0
1971 7 46.0
1971 8 46.0
1971 9 31.0
1971 10 53.0
1971 11 75.0
1971 12 33.0
1972 1 36.0
1972 2 65.0
1972 3 71.0
1972 4 61.0
1972 5 78.0
1972 6 166.0
1972 7 50.0
1972 8 63.0
1972 9 72.0
1972 10 39.0
1972 11 106.0
1972 12 40.0
1973 1 10.0
1973 2 26.0
1973 3 56.0
1973 4 24.0
1973 5 94.0
1973 6 90.0
1973 7 55.0
1973 8 27.0
1973 9 46.0
1973 10 24.0
1973 11 44.0
1973 12 10.0
1974 1 4.0
1974 2 7.0
1974 3 72.0
1974 4 33.0
1974 5 36.0
1974 6 73.0
1974 7 74.0
1974 8 2.0
1974 9 35.0
1974 10 34.0
1974 11 15.0
1974 12 12.0
1975 1 8.0
1975 2 6.0
1975 3 34.0
1975 4 42.0
1975 5 24.0
1975 6 42.0
1975 7 29.0
1975 8 24.0
1975 9 65.0
1975 10 32.0
1975 11 36.0
1975 12 49.0
1976 1 12.0
1976 2 30.0
1976 3 78.0
1976 4 33.0
1976 5 54.0
1976 6 64.0
1976 7 57.0
1976 8 34.0
1976 9 69.0
1976 10 48.0
1976 11 124.0
1976 12 57.0
1977 1 15.0
1977 2 51.0
1977 3 45.0
1977 4 57.0
1977 5 72.0
1977 6 40.0
1977 7 31.0
1977 8 61.0
1977 9 73.0
1977 10 55.0
1977 11 53.0
1977 12 20.0
1978 1 19.0
1978 2 40.0
1978 3 96.0
1978 4 75.0
1978 5 99.0
1978 6 93.0
1978 7 29.0
1978 8 79.0
1978 9 78.0
1978 10 139.0
1978 11 68.0
1978 12 33.0
1979 1 4.0
1979 2 16.0
1979 3 71.0
1979 4 73.0
1979 5 93.0
1979 6 45.0
1979 7 79.0
1979 8 127.0
1979 9 98.0
1979 10 149.0
1979 11 33.0
1979 12 26.0
1980 1 10.0
1980 2 10.0
1980 3 61.0
1980 4 44.0
1980 5 25.0
1980 6 63.0
1980 7 85.0
1980 8 46.0
1980 9 172.0
1980 10 143.0
1980 11 60.0
1980 12 36.0
1981 1 15.0
1981 2 22.0
1981 3 31.0
1981 4 47.0
1981 5 27.0
1981 6 32.0
1981 7 24.0
1981 8 44.0
1981 9 22.0
1981 10 46.0
1981 11 22.0
1981 12 13.0
1982 1 2.0
1982 2 19.0
1982 3 36.0
1982 4 6.0
1982 5 16.0
1982 6 67.0
1982 7 8.0
1982 8 10.0
1982 9 56.0
1982 10 42.0
1982 11 34.0
1982 12 26.0
1983 1 15.0
1983 2 4.0
1983 3 29.0
1983 4 23.0
1983 5 31.0
1983 6 15.0
1983 7 74.0
1983 8 19.0
1983 9 51.0
1983 10 45.0
1983 11 49.0
1983 12 20.0
1984 1 38.0
1984 2 28.0
1984 3 32.0
1984 4 152.0
1984 5 35.0
1984 6 30.0
1984 7 34.0
1984 8 59.0
1984 9 10.0
1984 10 68.0
1984 11 39.0
1984 12 12.0
1985 1 26.0
1985 2 40.0
1985 3 28.0
1985 4 46.0
1985 5 21.0
1985 6 27.0
1985 7 18.0
1985 8 23.0
1985 9 19.0
1985 10 44.0
1985 11 18.0
1985 12 29.0
1986 1 22.0
1986 2 2.0
1986 3 22.0
1986 4 56.0
1986 5 55.0
1986 6 20.0
1986 7 48.0
1986 8 27.0
1986 9 41.0
1986 10 64.0
1986 11 22.0
1986 12 14.0
1987 1 28.0
1987 2 18.0
1987 3 26.0
1987 4 18.0
1987 5 13.0
1987 6 16.0
1987 7 24.0
1987 8 12.0
1987 9 22.0
1987 10 14.0
1987 11 13.0
1987 12 6.0
1988 1 4.0
1988 2 15.0
1988 3 26.0
1988 4 33.0
1988 5 61.0
1988 6 21.0
1988 7 34.0
1988 8 58.0
1988 9 14.0
1988 10 18.0
1988 11 14.0
1988 12 18.0
1989 1 7.0
1989 2 10.0
1989 3 28.0
1989 4 10.0
1989 5 54.0
1989 6 22.0
1989 7 23.0
1989 8 8.0
1989 9 6.0
1989 10 34.0
1989 11 47.0
1989 12 6.0
1990 1 7.0
1990 2 8.0
1990 3 14.0
1990 4 32.0
1990 5 22.0
1990 6 10.0
1990 7 40.0
1990 8 28.0
1990 9 12.0
1990 10 40.0
1990 11 14.0
1990 12 8.0
1991 1 4.0
1991 2 10.0
1991 3 10.0
1991 4 24.0
1991 5 45.0
1991 6 16.0
1991 7 20.0
1991 8 28.0
1991 9 28.0
1991 10 20.0
1991 11 29.0
1991 12 14.0
1992 1 8.0
1992 2 20.0
1992 3 92.0
1992 4 75.0
1992 5 16.0
1992 6 14.0
1992 7 24.0
1992 8 21.0
1992 9 27.0
1992 10 35.0
1992 11 15.0
1992 12 15.0
1993 1 10.0
1993 2 16.0
1993 3 22.0
1993 4 47.0
1993 5 20.0
1993 6 46.0
1993 7 36.0
1993 8 82.0
1993 9 132.0
1993 10 16.0
1993 11 21.0
1993 12 18.0
1994 1 6.0
1994 2 2.0
1994 3 14.0
1994 4 48.0
1994 5 30.0
1994 6 16.0
1994 7 35.0
1994 8 62.0
1994 9 49.0
1994 10 121.0
1994 11 212.0
1994 12 10.0
1995 1 16.0
1995 2 12.0
1995 3 18.0
1995 4 13.0
1995 5 98.0
1995 6 122.0
1995 7 36.0
1995 8 54.0
1995 9 22.0
1995 10 53.0
1995 11 12.0
1995 12 25.0
1996 1 198.0
1996 2 19.0
1996 3 36.0
1996 4 33.0
1996 5 25.0
1996 6 13.0
1996 7 42.0
1996 8 30.0
1996 9 79.0
1996 10 58.0
1996 11 25.0
1996 12 10.0
1997 1 35.0
1997 2 4.0
1997 3 59.0
1997 4 82.0
1997 5 50.0
1997 6 26.0
1997 7 30.0
1997 8 30.0
1997 9 58.0
1997 10 392.0
1997 11 47.0
1997 12 9.0
1998 1 12.0
1998 2 18.0
1998 3 28.0
1998 4 61.0
1998 5 68.0
1998 6 22.0
1998 7 84.0
1998 8 34.0
1998 9 36.0
1998 10 26.0
1998 11 18.0
1998 12 20.0
1999 1 40.0
1999 2 19.0
1999 3 52.0
1999 4 74.0
1999 5 22.0
1999 6 67.0
1999 7 16.0
1999 8 8.0
1999 9 11.0
1999 10 20.0
1999 11 8.0
1999 12 45.0
2000 1 8.0
2000 2 4.0
2000 3 23.0
2000 4 13.0
2000 5 56.0
2000 6 207.0
2000 7 31.0
2000 8 24.0
2000 9 46.0
2000 10 16.0
2000 11 22.0
2000 12 12.0
2001 1 4.0
2001 2 4.0
2001 3 4.0
2001 4 4.0
2001 5 24.0
2001 6 32.0
2001 7 16.0
2001 8 10.0
2001 9 10.0
2001 10 21.0
2001 11 8.0
2001 12 10.0
2002 1 4.0
2002 2 6.0
2002 3 20.0
2002 4 19.0
2002 5 52.0
2002 6 38.0
2002 7 23.0
2002 8 17.0
2002 9 32.0
2002 10 10.0
2002 11 8.0
2002 12 10.0
2003 1 32.0
2003 2 27.0
2003 3 18.0
2003 4 36.0
2003 5 15.0
2003 6 4.0
2003 7 14.0
2003 8 42.0
2003 9 49.0
2003 10 28.0
2003 11 18.0
2003 12 20.0
2004 1 22.0
2004 2 2.0
2004 3 24.0
2004 4 26.0
2004 5 27.0
2004 6 10.0
2004 7 14.0
2004 8 17.0
2004 9 23.0
2004 10 72.0
2004 11 31.0
2004 12 6.0
2005 1 15.0
2005 2 31.0
2005 3 117.0
2005 4 11.0
2005 5 10.0
2005 6 33.0
2005 7 6.0
2005 8 20.0
2005 9 18.0
2005 10 22.0
2005 11 32.0
2005 12 10.0
2006 1 14.0
2006 2 17.0
2006 3 50.0
2006 4 14.0
2006 5 14.0
2006 6 6.0
2006 7 26.0
2006 8 36.0
2006 9 26.0
2006 10 9.0
2006 11 45.0
2006 12 32.0
2007 1 16.0
2007 2 6.0
2007 3 12.0
2007 4 19.0
2007 5 10.0
2007 6 112.0
2007 7 33.0
2007 8 12.0
2007 9 66.0
2007 10 10.0
2007 11 41.0
2007 12 6.0
2008 1 12.0
2008 2 2.0
2008 3 6.0
2008 4 23.0
2008 5 14.0
2008 6 11.0
2008 7 26.0
2008 8 30.0
2008 9 8.0
2008 10 16.0
2008 11 6.0
2008 12 22.0
2009 1 4.0
2009 2 6.0
2009 3 30.0
2009 4 4.0
2009 5 2.0
2009 6 5.0
2009 7 8.0
2009 8 8.0
2009 9 2.0
2009 10 4.0
2009 11 14.0
2009 12 8.0
2010 1 2.0
2010 2 16.0
2010 3 32.0
2010 4 13.0
2010 5 30.0
2010 6 10.0
2010 7 8.0
2010 8 22.0
2010 9 16.0
2010 10 66.0
2010 11 4.0
2010 12 4.666666666666667
2011 1 5.333333333333333
2011 2 6.0
2011 3 9.5
2011 4 13.0
2011 5 10.0
2011 6 2.0
2011 7 10.0
2011 8 37.0
2011 9 24.0
2011 10 14.0
2011 11 13.0
2011 12 9.0
2012 1 5.0
2012 2 5.0
2012 3 7.0
2012 4 6.5
2012 5 6.0
2012 6 13.0
2012 7 27.0
2012 8 10.0
2012 9 60.0
2012 10 9.0
2012 11 24.0
2012 12 2.0
2013 1 10.0
2013 2 24.0
2013 3 8.0
2013 4 23.0
2013 5 6.0
2013 6 10.0
2013 7 14.0
2013 8 14.0
2013 9 4.0
2013 10 3.0
2013 11 6.0
2013 12 2.0
2014 1 7.0
2014 2 12.0
2014 3 7.0
2014 4 6.0
2014 5 6.0
2014 6 6.0
2014 7 24.0
2014 8 4.0
2014 9 8.0
2014 10 9.0
2014 11 10.0
2014 12 4.0
2015 1 4.0
2015 2 4.0
2015 3 2.0
2015 4 4.0
2015 5 6.0
2015 6 14.0
2015 7 12.0
2015 8 20.0
2015 9 9.0
2015 10 8.0
2015 11 18.0
2015 12 4.0
2016 1 6.0
2016 2 2.0
2016 3 10.0
2016 4 4.0
2016 5 59.0
2016 6 10.0
2016 7 4.0
2016 8 44.0
2016 9 12.0
2016 10 10.0
2016 11 6.0
2016 12 18.0
2017 1 2.0
2017 2 62.0
2017 3 14.0
2017 4 12.0
2017 5 24.0
2017 6 6.0
2017 7 7.0
2017 8 26.0
2017 9 58.0
2017 10 12.0
2017 11 22.0
2017 12 10.0
2018 1 2.0
2018 2 28.0
2018 3 13.0
2018 4 20.0
2018 5 42.0
2018 6 5.0
2018 7 12.0
2018 8 16.0
2018 9 9.0
2018 10 12.0
2018 11 2.0
2018 12 5.0
2019 1 4.0
2019 2 2.0
2019 3 2.0
2019 4 66.0
2019 5 25.0
2019 6 6.0
2019 7 4.0
2019 8 20.0
2019 9 28.0
2019 10 17.0
2019 11 64.0
2019 12 23.0
2020 1 18.0
2020 2 20.0
2020 3 46.0
2020 4 20.0
2020 5 7.0
2020 6 12.0
2020 7 14.0
2020 8 9.0
2020 9 10.0
2020 10 53.0
2020 11 90.0
2020 12 5.0
2021 1 22.0
2021 2 15.5
2021 3 9.0
2021 4 16.0
2021 5 22.0
2021 6 7.0
2021 7 20.0
2021 8 12.0
2021 9 16.0
2021 10 14.0
2021 11 69.0
2021 12 54.0
2022 1 204.0
2022 2 36.0
2022 3 37.0
2022 4 27.0
2022 5 15.0
2022 6 21.0
2022 7 13.0
2022 8 46.0
2022 9 27.0
2022 10 94.0
2022 11 38.0
2022 12 50.0
2023 1 9.0
2023 2 21.0
2023 3 19.0
2023 4 39.0
2023 5 56.0
2023 6 36.0
2023 7 35.0
2023 8 21.0
2023 9 18.0
2023 10 63.0
2023 11 30.0
2023 12 4.0
2024 1 8.0
2024 2 58.0
2024 3 35.0
2024 4 12.0
2024 5 57.0
2024 6 8.0
2024 7 10.0
2024 8 47.0
