1960 5 490.0
1960 6 539.0
1960 7 507.0
1960 8 482.0
1960 9 473.0
1960 10 577.0
1960 11 516.0
1960 12 325.0
1961 1 368.0
1961 2 253.0
1961 3 537.0
1961 4 642.0
1961 5 474.0
1961 6 515.0
1961 7 470.0
1961 8 416.0
1961 9 439.0
1961 10 485.0
1961 11 415.0
1961 12 222.0
1962 1 177.0
1962 2 231.0
1962 3 371.0
1962 4 710.0
1962 5 534.0
1962 6 573.0
1962 7 440.0
1962 8 503.0
1962 9 410.0
1962 10 439.0
1962 11 363.0
1962 12 206.0
1963 1 126.0
1963 2 191.0
1963 3 413.0
1963 4 500.0
1963 5 486.0
1963 6 382.0
1963 7 436.0
1963 8 361.0
1963 9 401.0
1963 10 402.0
1963 11 322.0
1963 12 160.0
1964 1 185.0
1964 2 200.0
1964 3 348.0
1964 4 386.0
1964 5 341.0
1964 6 317.0
1964 7 294.0
1964 8 305.0
1964 9 298.0
1964 10 317.0
1964 11 287.0
1964 12 151.0
1965 1 132.0
1965 2 117.0
1965 3 261.0
1965 4 454.0
1965 5 351.0
1965 6 402.0
1965 7 351.0
1965 8 353.0
1965 9 299.0
1965 10 354.0
1965 11 302.0
1965 12 235.0
1966 1 120.0
1966 2 130.0
1966 3 368.0
1966 4 349.0
1966 5 267.0
1966 6 243.0
1966 7 183.0
1966 8 177.0
1966 9 160.0
1966 10 145.0
1966 11 134.0
1966 12 122.0
1967 1 78.0
1967 2 143.0
1967 3 297.0
1967 4 267.0
1967 5 309.0
1967 6 270.0
1967 7 248.0
1967 8 281.0
1967 9 220.0
1967 10 287.0
1967 11 267.0
1967 12 200.0
1968 1 118.0
1968 2 191.0
1968 3 269.0
1968 4 280.0
1968 5 397.0
1968 6 338.0
1968 7 413.0
1968 8 346.0
1968 9 362.0
1968 10 373.0
1968 11 282.0
1968 12 251.0
1969 1 80.0
1969 2 96.0
1969 3 274.0
1969 4 321.0
1969 5 333.0
1969 6 344.0
1969 7 325.0
1969 8 270.0
1969 9 383.0
1969 10 389.0
1969 11 300.0
1969 12 285.0
1970 1 213.0
1970 2 192.0
1970 3 278.0
1970 4 400.0
1970 5 451.0
1970 6 393.0
1970 7 411.0
1970 8 343.0
1970 9 356.0
1970 10 513.0
1970 11 274.0
1970 12 308.0
1971 1 102.0
1971 2 196.0
1971 3 530.0
1971 4 665.0
1971 5 778.0
1971 6 612.0
1971 7 607.0
1971 8 622.0
1971 9 517.0
1971 10 576.0
1971 11 508.0
1971 12 412.0
1972 1 279.0
1972 2 378.0
1972 3 655.0
1972 4 659.0
1972 5 571.0
1972 6 648.0
1972 7 565.0
1972 8 482.0
1972 9 476.0
1972 10 628.0
1972 11 405.0
1972 12 235.0
1973 1 353.0
1973 2 602.0
1973 3 614.0
1973 4 603.0
1973 5 740.0
1973 6 547.0
1973 7 818.0
1973 8 458.0
1973 9 391.0
1973 10 478.0
1973 11 315.0
1973 12 150.0
1974 1 231.0
1974 2 234.0
1974 3 460.0
1974 4 647.0
1974 5 514.0
1974 6 396.0
1974 7 624.0
1974 8 427.0
1974 9 302.0
1974 10 555.0
1974 11 342.0
1974 12 186.0
1975 1 115.0
1975 2 172.0
1975 3 445.0
1975 4 699.0
1975 5 724.0
1975 6 675.0
1975 7 603.0
1975 8 668.0
1975 9 687.0
1975 10 673.0
1975 11 522.0
1975 12 235.0
1976 1 265.0
1976 2 415.0
1976 3 743.0
1976 4 853.0
1976 5 865.0
1976 6 865.0
1976 7 588.0
1976 8 718.0
1976 9 650.0
1976 10 687.0
1976 11 698.0
1976 12 363.0
1977 1 202.0
1977 2 488.0
1977 3 947.0
1977 4 933.0
1977 5 802.0
1977 6 983.0
1977 7 858.0
1977 8 645.0
1977 9 615.0
1977 10 701.0
1977 11 621.0
1977 12 429.0
1978 1 259.0
1978 2 275.0
1978 3 564.0
1978 4 1066.0
1978 5 1006.0
1978 6 947.0
1978 7 804.0
1978 8 1019.0
1978 9 890.0
1978 10 1086.0
1978 11 567.0
1978 12 323.0
1979 1 103.0
1979 2 170.0
1979 3 853.0
1979 4 956.0
1979 5 792.0
1979 6 785.0
1979 7 736.0
1979 8 624.0
1979 9 689.0
1979 10 669.0
1979 11 366.0
1979 12 246.0
1980 1 101.0
1980 2 182.0
1980 3 371.0
1980 4 476.0
1980 5 384.0
1980 6 509.0
1980 7 620.0
1980 8 639.0
1980 9 667.0
1980 10 655.0
1980 11 421.0
1980 12 239.0
1981 1 196.0
1981 2 195.0
1981 3 419.0
1981 4 354.0
1981 5 307.0
1981 6 280.0
1981 7 280.0
1981 8 245.0
1981 9 217.0
1981 10 202.0
1981 11 134.0
1981 12 72.0
1982 1 58.0
1982 2 52.0
1982 3 184.0
1982 4 273.0
1982 5 199.0
1982 6 328.0
1982 7 299.0
1982 8 277.0
1982 9 331.0
1982 10 308.0
1982 11 280.0
1982 12 179.0
1983 1 96.0
1983 2 153.0
1983 3 383.0
1983 4 506.0
1983 5 544.0
1983 6 456.0
1983 7 397.0
1983 8 417.0
1983 9 398.0
1983 10 476.0
1983 11 284.0
1983 12 103.0
1984 1 146.0
1984 2 325.0
1984 3 358.0
1984 4 456.0
1984 5 422.0
1984 6 325.0
1984 7 304.0
1984 8 436.0
1984 9 389.0
1984 10 357.0
1984 11 311.0
1984 12 165.0
1985 1 105.0
1985 2 129.0
1985 3 395.0
1985 4 397.0
1985 5 360.0
1985 6 376.0
1985 7 384.0
1985 8 284.0
1985 9 292.0
1985 10 245.0
1985 11 242.0
1985 12 155.0
1986 1 144.0
1986 2 132.0
1986 3 309.0
1986 4 494.0
1986 5 440.0
1986 6 343.0
1986 7 405.0
1986 8 254.0
1986 9 263.0
1986 10 230.0
1986 11 213.0
1986 12 148.0
1987 1 208.0
1987 2 229.0
1987 3 293.0
1987 4 368.0
1987 5 295.0
1987 6 331.0
1987 7 318.0
1987 8 267.0
1987 9 282.0
1987 10 314.0
1987 11 225.0
1987 12 145.0
1988 1 72.0
1988 2 177.0
1988 3 425.0
1988 4 376.0
1988 5 311.0
1988 6 352.0
1988 7 283.0
1988 8 323.0
1988 9 306.0
1988 10 301.0
1988 11 324.0
1988 12 230.0
1989 1 179.0
1989 2 133.0
1989 3 363.0
1989 4 434.0
1989 5 424.0
1989 6 404.0
1989 7 323.0
1989 8 338.0
1989 9 368.0
1989 10 341.0
1989 11 274.0
1989 12 148.0
1990 1 252.0
1990 2 250.0
1990 3 346.0
1990 4 394.0
1990 5 391.0
1990 6 379.0
1990 7 392.0
1990 8 368.0
1990 9 292.0
1990 10 317.0
1990 11 302.0
1990 12 182.0
1991 1 142.0
1991 2 234.0
1991 3 347.0
1991 4 500.0
1991 5 491.0
1991 6 381.0
1991 7 408.0
1991 8 474.0
1991 9 393.0
1991 10 444.0
1991 11 292.0
1991 12 255.0
1992 1 249.0
1992 2 357.0
1992 3 531.0
1992 4 570.0
1992 5 490.0
1992 6 505.0
1992 7 500.0
1992 8 392.0
1992 9 495.0
1992 10 477.0
1992 11 297.0
1992 12 302.0
1993 1 198.0
1993 2 295.0
1993 3 529.0
1993 4 591.0
1993 5 512.0
1993 6 577.0
1993 7 452.0
1993 8 545.0
1993 9 497.0
1993 10 495.0
1993 11 445.0
1993 12 352.0
1994 1 253.0
1994 2 225.0
1994 3 495.0
1994 4 572.0
1994 5 598.0
1994 6 589.0
1994 7 389.0
1994 8 512.0
1994 9 549.0
1994 10 400.0
1994 11 384.0
1994 12 295.0
1995 1 147.0
1995 2 227.0
1995 3 435.0
1995 4 421.0
1995 5 435.0
1995 6 485.0
1995 7 518.0
1995 8 530.0
1995 9 502.0
1995 10 518.0
1995 11 443.0
1995 12 300.0
1996 1 274.0
1996 2 332.0
1996 3 518.0
1996 4 630.0
1996 5 702.0
1996 6 571.0
1996 7 596.0
1996 8 493.0
1996 9 409.0
1996 10 498.0
1996 11 360.0
1996 12 366.0
1997 1 231.0
1997 2 256.0
1997 3 533.0
1997 4 617.0
1997 5 606.0
1997 6 532.0
1997 7 538.0
1997 8 475.0
1997 9 546.0
1997 10 605.0
1997 11 382.0
1997 12 338.0
1998 1 267.0
1998 2 358.0
1998 3 451.0
1998 4 675.0
1998 5 663.0
1998 6 620.0
1998 7 550.0
1998 8 636.0
1998 9 548.0
1998 10 544.0
1998 11 447.0
1998 12 436.0
1999 1 325.0
1999 2 393.0
1999 3 598.0
1999 4 645.0
1999 5 619.0
1999 6 687.0
1999 7 611.0
1999 8 649.0
1999 9 566.0
1999 10 522.0
1999 11 617.0
1999 12 466.0
2000 1 306.0
2000 2 393.0
2000 3 614.0
2000 4 627.0
2000 5 565.0
2000 6 738.0
2000 7 535.0
2000 8 589.0
2000 9 479.0
2000 10 604.0
2000 11 417.0
2000 12 294.0
2001 1 317.0
2001 2 287.0
2001 3 569.0
2001 4 624.0
2001 5 669.0
2001 6 659.0
2001 7 605.0
2001 8 775.0
2001 9 492.0
2001 10 566.0
2001 11 486.0
2001 12 360.0
2002 1 347.0
2002 2 373.0
2002 3 553.0
2002 4 819.0
2002 5 663.0
2002 6 591.0
2002 7 682.0
2002 8 587.0
2002 9 632.0
2002 10 756.0
2002 11 613.0
2002 12 388.0
2003 1 369.0
2003 2 500.0
2003 3 779.0
2003 4 810.0
2003 5 826.0
2003 6 832.0
2003 7 933.0
2003 8 648.0
2003 9 783.0
2003 10 818.0
2003 11 534.0
2003 12 497.0
2004 1 384.0
2004 2 479.0
2004 3 728.0
2004 4 910.0
2004 5 956.0
2004 6 880.0
2004 7 739.0
2004 8 867.0
2004 9 726.0
2004 10 785.0
2004 11 640.0
2004 12 599.0
2005 1 418.0
2005 2 511.0
2005 3 870.0
2005 4 776.0
2005 5 923.0
2005 6 942.0
2005 7 900.0
2005 8 961.0
2005 9 890.0
2005 10 1159.0
2005 11 664.0
2005 12 551.0
2006 1 465.0
2006 2 562.0
2006 3 689.0
2006 4 666.0
2006 5 721.0
2006 6 856.0
2006 7 658.0
2006 8 633.0
2006 9 549.0
2006 10 549.0
2006 11 467.0
2006 12 374.0
2007 1 292.0
2007 2 321.0
2007 3 520.0
2007 4 650.0
2007 5 746.0
2007 6 646.0
2007 7 660.0
2007 8 610.0
2007 9 651.0
2007 10 605.0
2007 11 304.0
2007 12 206.0
2008 1 271.0
2008 2 219.0
2008 3 374.0
2008 4 515.0
2008 5 529.0
2008 6 504.0
2008 7 540.0
2008 8 438.0
2008 9 481.0
2008 10 463.0
2008 11 228.0
2008 12 149.0
2009 1 103.0
2009 2 182.0
2009 3 277.0
2009 4 440.0
2009 5 569.0
2009 6 634.0
2009 7 513.0
2009 8 448.0
2009 9 333.0
2009 10 377.0
2009 11 269.0
2009 12 225.0
2010 1 213.0
2010 2 319.0
2010 3 345.0
2010 4 555.0
2010 5 371.0
2010 6 437.0
2010 7 330.0
2010 8 360.0
2010 9 368.0
2010 10 344.0
2010 11 240.0
2010 12 163.0
2011 1 136.0
2011 2 174.0
2011 3 317.0
2011 4 393.0
2011 5 364.0
2011 6 376.0
2011 7 355.0
2011 8 367.0
2011 9 339.0
2011 10 334.0
2011 11 302.0
2011 12 240.0
2012 1 175.0
2012 2 242.0
2012 3 386.0
2012 4 383.0
2012 5 494.0
2012 6 413.0
2012 7 378.0
2012 8 430.0
2012 9 403.0
2012 10 449.0
2012 11 445.0
2012 12 340.0
2013 1 331.0
2013 2 337.0
2013 3 471.0
2013 4 586.0
2013 5 568.0
2013 6 545.0
2013 7 478.0
2013 8 515.0
2013 9 471.0
2013 10 579.0
2013 11 345.0
2013 12 328.0
2014 1 243.0
2014 2 260.0
2014 3 373.0
2014 4 532.0
2014 5 512.0
2014 6 557.0
2014 7 439.0
2014 8 484.0
2014 9 481.0
2014 10 535.0
2014 11 303.0
2014 12 274.0
2015 1 213.0
2015 2 261.0
2015 3 456.0
2015 4 498.0
2015 5 466.0
2015 6 506.0
2015 7 495.0
2015 8 452.0
2015 9 482.0
2015 10 437.0
2015 11 433.0
2015 12 367.0
2016 1 281.0
2016 2 306.0
2016 3 549.0
2016 4 515.0
2016 5 492.0
2016 6 499.0
2016 7 424.0
2016 8 516.0
2016 9 410.0
2016 10 441.0
2016 11 394.0
2016 12 304.0
2017 1 254.0
2017 2 349.0
2017 3 598.0
2017 4 462.0
2017 5 517.0
2017 6 599.0
2017 7 479.0
2017 8 555.0
2017 9 555.0
2017 10 443.0
2017 11 564.0
2017 12 285.0
2018 1 245.0
2018 2 352.0
2018 3 469.0
2018 4 522.0
2018 5 589.0
2018 6 475.0
2018 7 438.0
2018 8 428.0
2018 9 459.0
2018 10 538.0
2018 11 347.0
2018 12 195.0
2019 1 255.0
2019 2 245.0
2019 3 336.0
2019 4 505.0
2019 5 481.0
2019 6 412.0
2019 7 371.0
2019 8 418.0
2019 9 508.0
2019 10 479.0
2019 11 348.0
2019 12 304.0
2020 1 321.0
2020 2 331.0
2020 3 488.0
2020 4 433.0
2020 5 451.0
2020 6 537.0
2020 7 586.0
2020 8 585.0
2020 9 551.0
2020 10 547.0
2020 11 459.0
2020 12 418.0
2021 1 382.0
2021 2 500.0
2021 3 593.0
2021 4 815.0
2021 5 582.0
2021 6 592.0
2021 7 406.0
2021 8 515.0
2021 9 478.0
2021 10 527.0
2021 11 364.0
2021 12 411.0
2022 1 324.0
2022 2 418.0
2022 3 576.0
2022 4 549.0
2022 5 489.0
2022 6 462.0
2022 7 404.0
2022 8 442.0
2022 9 381.0
2022 10 371.0
2022 11 540.0
2022 12 227.0
2023 1 276.0
2023 2 237.0
2023 3 399.0
2023 4 411.0
2023 5 463.0
2023 6 438.0
2023 7 409.0
2023 8 471.0
2023 9 372.0
2023 10 522.0
2023 11 374.0
2023 12 261.0
2024 1 245.0
2024 2 518.0
2024 3 482.0
2024 4 532.0
2024 5 464.0
2024 6 442.0
2024 7 704.0
2024 8 487.0
