1960 5 157.0
1960 6 83.0
1960 7 49.0
1960 8 85.0
1960 9 104.0
1960 10 42.0
1960 11 119.0
1960 12 119.0
1961 1 126.0
1961 2 125.0
1961 3 92.0
1961 4 48.0
1961 5 76.0
1961 6 16.0
1961 7 63.0
1961 8 44.0
1961 9 104.0
1961 10 94.0
1961 11 236.0
1961 12 167.0
1962 1 202.0
1962 2 110.0
1962 3 77.0
1962 4 201.0
1962 5 242.0
1962 6 137.0
1962 7 276.0
1962 8 85.0
1962 9 454.0
1962 10 152.0
1962 11 116.0
1962 12 74.0
1963 1 16.0
1963 2 94.0
1963 3 65.0
1963 4 160.0
1963 5 93.0
1963 6 142.0
1963 7 127.0
1963 8 115.0
1963 9 98.0
1963 10 244.0
1963 11 117.0
1963 12 200.0
1964 1 128.0
1964 2 100.0
1964 3 87.0
1964 4 186.0
1964 5 92.0
1964 6 91.0
1964 7 175.0
1964 8 125.0
1964 9 158.0
1964 10 123.0
1964 11 259.0
1964 12 74.0
1965 1 84.0
1965 2 105.0
1965 3 188.0
1965 4 260.0
1965 5 134.0
1965 6 218.0
1965 7 115.0
1965 8 166.0
1965 9 367.0
1965 10 317.0
1965 11 302.0
1965 12 299.0
1966 1 63.0
1966 2 194.0
1966 3 197.0
1966 4 123.0
1966 5 64.0
1966 6 39.0
1966 7 159.0
1966 8 16.0
1966 9 140.0
1966 10 239.0
1966 11 181.0
1966 12 12.0
1967 1 75.0
1967 2 142.0
1967 3 473.0
1967 4 156.0
1967 5 135.0
1967 6 80.0
1967 7 111.0
1967 8 404.0
1967 9 330.0
1967 10 400.0
1967 11 328.0
1967 12 291.0
1968 1 211.0
1968 2 352.0
1968 3 395.0
1968 4 315.0
1968 5 674.0
1968 6 316.0
1968 7 206.0
1968 8 371.0
1968 9 731.0
1968 10 287.0
1968 11 743.0
1968 12 247.0
1969 1 416.0
1969 2 187.0
1969 3 71.0
1969 4 563.0
1969 5 96.0
1969 6 282.0
1969 7 180.0
1969 8 458.0
1969 9 182.0
1969 10 336.0
1969 11 336.0
1969 12 261.0
1970 1 33.0
1970 2 302.0
1970 3 264.0
1970 4 21.0
1970 5 316.0
1970 6 338.0
1970 7 338.0
1970 8 135.0
1970 9 238.0
1970 10 624.0
1970 11 429.0
1970 12 188.0
1971 1 383.0
1971 2 54.0
1971 3 277.0
1971 4 597.0
1971 5 715.0
1971 6 239.0
1971 7 494.0
1971 8 867.0
1971 9 205.0
1971 10 1173.0
1971 11 768.0
1971 12 977.0
1972 1 495.0
1972 2 192.0
1972 3 312.0
1972 4 310.0
1972 5 497.0
1972 6 1587.0
1972 7 316.0
1972 8 408.0
1972 9 965.0
1972 10 940.0
1972 11 562.0
1972 12 302.0
1973 1 625.0
1973 2 236.0
1973 3 294.0
1973 4 454.0
1973 5 223.0
1973 6 353.0
1973 7 204.0
1973 8 651.0
1973 9 58.0
1973 10 136.0
1973 11 74.0
1973 12 186.0
1974 1 11.0
1974 2 71.0
1974 3 363.0
1974 4 126.0
1974 5 119.0
1974 6 134.0
1974 7 572.0
1974 8 178.0
1974 9 85.0
1974 10 42.0
1974 11 298.0
1974 12 49.0
1975 1 8.0
1975 2 13.0
1975 3 54.0
1975 4 73.0
1975 5 216.0
1975 6 122.0
1975 7 92.0
1975 8 122.0
1975 9 128.0
1975 10 71.0
1975 11 96.0
1975 12 74.0
1976 1 70.0
1976 2 198.0
1976 3 182.0
1976 4 76.0
1976 5 211.0
1976 6 124.0
1976 7 95.0
1976 8 149.0
1976 9 107.0
1976 10 149.0
1976 11 378.0
1976 12 110.0
1977 1 102.0
1977 2 130.0
1977 3 172.0
1977 4 104.0
1977 5 286.0
1977 6 161.0
1977 7 265.0
1977 8 130.0
1977 9 142.0
1977 10 124.0
1977 11 193.0
1977 12 100.0
1978 1 33.0
1978 2 151.0
1978 3 248.0
1978 4 189.0
1978 5 237.0
1978 6 162.0
1978 7 246.0
1978 8 148.0
1978 9 519.0
1978 10 235.0
1978 11 211.0
1978 12 135.0
1979 1 116.0
1979 2 100.0
1979 3 85.0
1979 4 198.0
1979 5 329.0
1979 6 318.0
1979 7 123.0
1979 8 189.0
1979 9 204.0
1979 10 222.0
1979 11 111.0
1979 12 83.0
1980 1 82.0
1980 2 24.0
1980 3 131.0
1980 4 128.0
1980 5 79.0
1980 6 178.0
1980 7 194.0
1980 8 81.0
1980 9 330.0
1980 10 167.0
1980 11 216.0
1980 12 73.0
1981 1 15.0
1981 2 152.0
1981 3 85.0
1981 4 118.0
1981 5 92.0
1981 6 131.0
1981 7 55.0
1981 8 60.0
1981 9 46.0
1981 10 161.0
1981 11 53.0
1981 12 294.0
1982 1 10.0
1982 2 35.0
1982 3 131.0
1982 4 6.0
1982 5 28.0
1982 6 317.0
1982 7 8.0
1982 8 73.0
1982 9 168.0
1982 10 42.0
1982 11 132.0
1982 12 96.0
1983 1 48.0
1983 2 4.0
1983 3 78.0
1983 4 94.0
1983 5 119.0
1983 6 184.0
1983 7 197.0
1983 8 92.0
1983 9 136.0
1983 10 173.0
1983 11 95.0
1983 12 59.0
1984 1 111.0
1984 2 34.0
1984 3 257.0
1984 4 233.0
1984 5 76.0
1984 6 66.0
1984 7 259.0
1984 8 242.0
1984 9 198.0
1984 10 274.0
1984 11 171.0
1984 12 78.0
1985 1 26.0
1985 2 145.0
1985 3 66.0
1985 4 111.0
1985 5 48.0
1985 6 191.0
1985 7 312.0
1985 8 100.0
1985 9 151.0
1985 10 108.0
1985 11 210.0
1985 12 178.0
1986 1 106.0
1986 2 61.0
1986 3 291.0
1986 4 831.0
1986 5 177.0
1986 6 141.0
1986 7 234.0
1986 8 258.0
1986 9 128.0
1986 10 237.0
1986 11 115.0
1986 12 299.0
1987 1 33.0
1987 2 154.0
1987 3 108.0
1987 4 46.0
1987 5 100.0
1987 6 118.0
1987 7 211.0
1987 8 152.0
1987 9 258.0
1987 10 121.0
1987 11 273.0
1987 12 22.0
1988 1 88.0
1988 2 31.0
1988 3 161.0
1988 4 138.0
1988 5 424.0
1988 6 158.0
1988 7 86.0
1988 8 219.0
1988 9 71.0
1988 10 245.0
1988 11 570.0
1988 12 72.0
1989 1 188.0
1989 2 34.0
1989 3 115.0
1989 4 24.0
1989 5 60.0
1989 6 77.0
1989 7 130.0
1989 8 224.0
1989 9 353.0
1989 10 103.0
1989 11 828.0
1989 12 48.0
1990 1 1290.0
1990 2 8.0
1990 3 90.0
1990 4 56.0
1990 5 130.0
1990 6 85.0
1990 7 51.0
1990 8 216.0
1990 9 119.0
1990 10 185.0
1990 11 102.0
1990 12 313.0
1991 1 71.0
1991 2 15.0
1991 3 159.0
1991 4 41.0
1991 5 116.0
1991 6 120.0
1991 7 111.0
1991 8 201.0
1991 9 210.0
1991 10 483.0
1991 11 109.0
1991 12 168.0
1992 1 20.0
1992 2 110.0
1992 3 138.0
1992 4 304.0
1992 5 174.0
1992 6 94.0
1992 7 163.0
1992 8 325.0
1992 9 158.0
1992 10 75.0
1992 11 156.0
1992 12 20.0
1993 1 16.0
1993 2 66.0
1993 3 152.0
1993 4 90.0
1993 5 185.0
1993 6 362.0
1993 7 168.0
1993 8 476.0
1993 9 415.0
1993 10 94.0
1993 11 112.0
1993 12 75.0
1994 1 66.0
1994 2 19.0
1994 3 54.0
1994 4 53.0
1994 5 124.0
1994 6 52.0
1994 7 83.0
1994 8 526.0
1994 9 206.0
1994 10 353.0
1994 11 591.0
1994 12 98.0
1995 1 357.0
1995 2 107.0
1995 3 146.0
1995 4 410.0
1995 5 254.0
1995 6 320.0
1995 7 61.0
1995 8 269.0
1995 9 393.0
1995 10 241.0
1995 11 538.0
1995 12 63.0
1996 1 586.0
1996 2 200.0
1996 3 188.0
1996 4 380.0
1996 5 199.0
1996 6 170.0
1996 7 694.0
1996 8 950.0
1996 9 355.0
1996 10 912.0
1996 11 33.0
1996 12 472.0
1997 1 148.0
1997 2 59.0
1997 3 172.0
1997 4 170.0
1997 5 519.0
1997 6 303.0
1997 7 394.0
1997 8 767.0
1997 9 586.0
1997 10 815.0
1997 11 137.0
1997 12 558.0
1998 1 426.0
1998 2 168.0
1998 3 165.0
1998 4 429.0
1998 5 242.0
1998 6 197.0
1998 7 222.0
1998 8 380.0
1998 9 452.0
1998 10 292.0
1998 11 250.0
1998 12 667.0
1999 1 500.0
1999 2 197.0
1999 3 228.0
1999 4 245.0
1999 5 235.0
1999 6 138.0
1999 7 67.0
1999 8 372.0
1999 9 133.0
1999 10 116.0
1999 11 454.0
1999 12 109.0
2000 1 47.0
2000 2 460.0
2000 3 340.0
2000 4 63.0
2000 5 311.0
2000 6 451.0
2000 7 185.0
2000 8 188.0
2000 9 103.0
2000 10 331.0
2000 11 89.0
2000 12 94.0
2001 1 30.0
2001 2 33.0
2001 3 65.0
2001 4 163.0
2001 5 152.0
2001 6 326.0
2001 7 210.0
2001 8 107.0
2001 9 75.0
2001 10 88.0
2001 11 95.0
2001 12 57.0
2002 1 236.0
2002 2 49.0
2002 3 274.0
2002 4 202.0
2002 5 267.0
2002 6 223.0
2002 7 126.0
2002 8 147.0
2002 9 264.0
2002 10 92.0
2002 11 325.0
2002 12 138.0
2003 1 46.0
2003 2 46.0
2003 3 104.0
2003 4 173.0
2003 5 200.0
2003 6 64.0
2003 7 99.0
2003 8 102.0
2003 9 241.0
2003 10 125.0
2003 11 231.0
2003 12 69.0
2004 1 73.0
2004 2 78.0
2004 3 67.0
2004 4 175.0
2004 5 174.0
2004 6 63.0
2004 7 88.0
2004 8 215.0
2004 9 81.0
2004 10 150.0
2004 11 329.0
2004 12 219.0
2005 1 32.0
2005 2 166.0
2005 3 303.0
2005 4 91.0
2005 5 20.0
2005 6 136.0
2005 7 117.0
2005 8 57.0
2005 9 79.0
2005 10 233.0
2005 11 37.0
2005 12 188.0
2006 1 185.0
2006 2 179.0
2006 3 348.0
2006 4 45.0
2006 5 79.0
2006 6 177.0
2006 7 92.0
2006 8 248.0
2006 9 125.0
2006 10 330.0
2006 11 273.0
2006 12 71.0
2007 1 33.0
2007 2 26.0
2007 3 71.0
2007 4 99.0
2007 5 20.0
2007 6 177.0
2007 7 55.0
2007 8 27.0
2007 9 90.0
2007 10 622.0
2007 11 172.0
2007 12 166.0
2008 1 407.0
2008 2 21.0
2008 3 11.0
2008 4 174.0
2008 5 54.0
2008 6 199.0
2008 7 108.0
2008 8 54.0
2008 9 434.0
2008 10 75.0
2008 11 40.0
2008 12 143.0
2009 1 96.0
2009 2 11.0
2009 3 30.0
2009 4 104.0
2009 5 36.0
2009 6 5.0
2009 7 68.0
2009 8 43.0
2009 9 65.0
2009 10 14.0
2009 11 42.0
2009 12 91.0
2010 1 2.0
2010 2 40.0
2010 3 49.0
2010 4 49.0
2010 5 41.0
2010 6 56.0
2010 7 13.0
2010 8 117.0
2010 9 48.0
2010 10 264.0
2010 11 141.0
2010 12 148.0
2011 1 5.0
2011 2 6.0
2011 3 5.0
2011 4 60.0
2011 5 174.0
2011 6 153.0
2011 7 93.0
2011 8 123.0
2011 9 394.0
2011 10 99.0
2011 11 282.0
2011 12 66.0
2012 1 52.0
2012 2 96.0
2012 3 301.0
2012 4 63.0
2012 5 183.0
2012 6 290.0
2012 7 102.0
2012 8 98.0
2012 9 289.0
2012 10 153.0
2012 11 349.0
2012 12 123.0
2013 1 62.0
2013 2 119.0
2013 3 196.0
2013 4 514.0
2013 5 200.0
2013 6 240.0
2013 7 257.0
2013 8 257.0
2013 9 136.0
2013 10 166.0
2013 11 93.0
2013 12 141.0
2014 1 65.0
2014 2 160.0
2014 3 256.0
2014 4 305.0
2014 5 153.0
2014 6 156.0
2014 7 197.0
2014 8 311.0
2014 9 121.0
2014 10 297.0
2014 11 498.0
2014 12 166.0
2015 1 22.0
2015 2 160.0
2015 3 48.0
2015 4 70.0
2015 5 138.0
2015 6 269.0
2015 7 294.0
2015 8 254.0
2015 9 136.0
2015 10 417.0
2015 11 290.0
2015 12 251.0
2016 1 118.0
2016 2 177.0
2016 3 101.0
2016 4 493.0
2016 5 416.0
2016 6 118.0
2016 7 355.0
2016 8 228.0
2016 9 320.0
2016 10 378.0
2016 11 179.0
2016 12 265.0
2017 1 97.0
2017 2 370.0
2017 3 239.0
2017 4 126.0
2017 5 493.0
2017 6 145.0
2017 7 625.0
2017 8 266.0
2017 9 183.0
2017 10 135.0
2017 11 235.0
2017 12 398.0
2018 1 68.0
2018 2 328.0
2018 3 116.0
2018 4 888.0
2018 5 192.0
2018 6 95.0
2018 7 166.0
2018 8 361.0
2018 9 259.0
2018 10 152.0
2018 11 393.0
2018 12 240.0
2019 1 366.0
2019 2 159.0
2019 3 236.0
2019 4 229.0
2019 5 424.0
2019 6 367.0
2019 7 45.0
2019 8 380.0
2019 9 404.0
2019 10 131.0
2019 11 317.0
2019 12 106.0
2020 1 279.0
2020 2 237.0
2020 3 105.0
2020 4 396.0
2020 5 114.0
2020 6 285.0
2020 7 113.0
2020 8 72.0
2020 9 315.0
2020 10 532.0
2020 11 561.0
2020 12 312.0
2021 1 96.0
2021 2 75.0
2021 3 304.0
2021 4 173.0
2021 5 492.0
2021 6 188.0
2021 7 208.0
2021 8 123.0
2021 9 788.0
2021 10 738.0
2021 11 183.0
2021 12 332.0
2022 1 504.0
2022 2 357.0
2022 3 367.0
2022 4 1023.0
2022 5 580.0
2022 6 277.0
2022 7 374.0
2022 8 228.0
2022 9 363.0
2022 10 555.0
2022 11 530.0
2022 12 169.0
2023 1 153.0
2023 2 577.0
2023 3 272.0
2023 4 195.0
2023 5 314.0
2023 6 411.0
2023 7 232.0
2023 8 421.0
2023 9 276.0
2023 10 794.0
2023 11 468.0
2023 12 200.0
2024 1 581.0
2024 2 333.0
2024 3 304.0
2024 4 252.0
2024 5 766.0
2024 6 100.0
2024 7 263.0
2024 8 262.0
