1960 5 647.0
1960 6 622.0
1960 7 556.0
1960 8 567.0
1960 9 577.0
1960 10 619.0
1960 11 635.0
1960 12 444.0
1961 1 494.0
1961 2 378.0
1961 3 629.0
1961 4 690.0
1961 5 550.0
1961 6 531.0
1961 7 533.0
1961 8 460.0
1961 9 543.0
1961 10 579.0
1961 11 651.0
1961 12 389.0
1962 1 379.0
1962 2 341.0
1962 3 448.0
1962 4 911.0
1962 5 776.0
1962 6 710.0
1962 7 716.0
1962 8 588.0
1962 9 864.0
1962 10 591.0
1962 11 479.0
1962 12 280.0
1963 1 142.0
1963 2 285.0
1963 3 478.0
1963 4 660.0
1963 5 579.0
1963 6 524.0
1963 7 563.0
1963 8 476.0
1963 9 499.0
1963 10 646.0
1963 11 439.0
1963 12 360.0
1964 1 313.0
1964 2 300.0
1964 3 435.0
1964 4 572.0
1964 5 433.0
1964 6 408.0
1964 7 469.0
1964 8 430.0
1964 9 456.0
1964 10 440.0
1964 11 546.0
1964 12 225.0
1965 1 216.0
1965 2 222.0
1965 3 449.0
1965 4 714.0
1965 5 485.0
1965 6 620.0
1965 7 466.0
1965 8 519.0
1965 9 666.0
1965 10 671.0
1965 11 604.0
1965 12 534.0
1966 1 183.0
1966 2 324.0
1966 3 565.0
1966 4 472.0
1966 5 331.0
1966 6 282.0
1966 7 342.0
1966 8 193.0
1966 9 300.0
1966 10 384.0
1966 11 315.0
1966 12 134.0
1967 1 153.0
1967 2 285.0
1967 3 770.0
1967 4 423.0
1967 5 444.0
1967 6 350.0
1967 7 359.0
1967 8 685.0
1967 9 550.0
1967 10 687.0
1967 11 595.0
1967 12 491.0
1968 1 329.0
1968 2 543.0
1968 3 664.0
1968 4 595.0
1968 5 1071.0
1968 6 654.0
1968 7 619.0
1968 8 717.0
1968 9 1093.0
1968 10 660.0
1968 11 1025.0
1968 12 498.0
1969 1 496.0
1969 2 283.0
1969 3 345.0
1969 4 884.0
1969 5 429.0
1969 6 626.0
1969 7 505.0
1969 8 728.0
1969 9 565.0
1969 10 725.0
1969 11 636.0
1969 12 546.0
1970 1 246.0
1970 2 494.0
1970 3 542.0
1970 4 421.0
1970 5 767.0
1970 6 731.0
1970 7 749.0
1970 8 478.0
1970 9 594.0
1970 10 1137.0
1970 11 703.0
1970 12 496.0
1971 1 485.0
1971 2 250.0
1971 3 807.0
1971 4 1262.0
1971 5 1493.0
1971 6 851.0
1971 7 1101.0
1971 8 1489.0
1971 9 722.0
1971 10 1749.0
1971 11 1276.0
1971 12 1389.0
1972 1 774.0
1972 2 570.0
1972 3 967.0
1972 4 969.0
1972 5 1068.0
1972 6 2235.0
1972 7 881.0
1972 8 890.0
1972 9 1441.0
1972 10 1568.0
1972 11 967.0
1972 12 537.0
1973 1 978.0
1973 2 838.0
1973 3 908.0
1973 4 1057.0
1973 5 963.0
1973 6 900.0
1973 7 1022.0
1973 8 1109.0
1973 9 449.0
1973 10 614.0
1973 11 389.0
1973 12 336.0
1974 1 242.0
1974 2 305.0
1974 3 823.0
1974 4 773.0
1974 5 633.0
1974 6 530.0
1974 7 1196.0
1974 8 605.0
1974 9 387.0
1974 10 597.0
1974 11 640.0
1974 12 235.0
1975 1 123.0
1975 2 185.0
1975 3 499.0
1975 4 772.0
1975 5 940.0
1975 6 797.0
1975 7 695.0
1975 8 790.0
1975 9 815.0
1975 10 744.0
1975 11 618.0
1975 12 309.0
1976 1 335.0
1976 2 613.0
1976 3 925.0
1976 4 929.0
1976 5 1076.0
1976 6 989.0
1976 7 683.0
1976 8 867.0
1976 9 757.0
1976 10 836.0
1976 11 1076.0
1976 12 473.0
1977 1 304.0
1977 2 618.0
1977 3 1119.0
1977 4 1037.0
1977 5 1088.0
1977 6 1144.0
1977 7 1123.0
1977 8 775.0
1977 9 757.0
1977 10 825.0
1977 11 814.0
1977 12 529.0
1978 1 292.0
1978 2 426.0
1978 3 812.0
1978 4 1255.0
1978 5 1243.0
1978 6 1109.0
1978 7 1050.0
1978 8 1167.0
1978 9 1409.0
1978 10 1321.0
1978 11 778.0
1978 12 458.0
1979 1 219.0
1979 2 270.0
1979 3 938.0
1979 4 1154.0
1979 5 1121.0
1979 6 1103.0
1979 7 859.0
1979 8 813.0
1979 9 893.0
1979 10 891.0
1979 11 477.0
1979 12 329.0
1980 1 183.0
1980 2 206.0
1980 3 502.0
1980 4 604.0
1980 5 463.0
1980 6 687.0
1980 7 814.0
1980 8 720.0
1980 9 997.0
1980 10 822.0
1980 11 637.0
1980 12 312.0
1981 1 211.0
1981 2 347.0
1981 3 504.0
1981 4 472.0
1981 5 399.0
1981 6 411.0
1981 7 335.0
1981 8 305.0
1981 9 263.0
1981 10 363.0
1981 11 187.0
1981 12 366.0
1982 1 68.0
1982 2 87.0
1982 3 315.0
1982 4 279.0
1982 5 227.0
1982 6 645.0
1982 7 307.0
1982 8 350.0
1982 9 499.0
1982 10 350.0
1982 11 412.0
1982 12 275.0
1983 1 144.0
1983 2 157.0
1983 3 461.0
1983 4 600.0
1983 5 663.0
1983 6 640.0
1983 7 594.0
1983 8 509.0
1983 9 534.0
1983 10 649.0
1983 11 379.0
1983 12 162.0
1984 1 257.0
1984 2 359.0
1984 3 615.0
1984 4 689.0
1984 5 498.0
1984 6 391.0
1984 7 563.0
1984 8 678.0
1984 9 587.0
1984 10 631.0
1984 11 482.0
1984 12 243.0
1985 1 131.0
1985 2 274.0
1985 3 461.0
1985 4 508.0
1985 5 408.0
1985 6 567.0
1985 7 696.0
1985 8 384.0
1985 9 443.0
1985 10 353.0
1985 11 452.0
1985 12 333.0
1986 1 250.0
1986 2 193.0
1986 3 600.0
1986 4 1325.0
1986 5 617.0
1986 6 484.0
1986 7 639.0
1986 8 512.0
1986 9 391.0
1986 10 467.0
1986 11 328.0
1986 12 447.0
1987 1 241.0
1987 2 383.0
1987 3 401.0
1987 4 414.0
1987 5 395.0
1987 6 449.0
1987 7 529.0
1987 8 419.0
1987 9 540.0
1987 10 435.0
1987 11 498.0
1987 12 167.0
1988 1 160.0
1988 2 208.0
1988 3 586.0
1988 4 514.0
1988 5 735.0
1988 6 510.0
1988 7 369.0
1988 8 542.0
1988 9 377.0
1988 10 546.0
1988 11 894.0
1988 12 302.0
1989 1 367.0
1989 2 167.0
1989 3 478.0
1989 4 458.0
1989 5 484.0
1989 6 481.0
1989 7 453.0
1989 8 562.0
1989 9 721.0
1989 10 444.0
1989 11 1102.0
1989 12 196.0
1990 1 1542.0
1990 2 258.0
1990 3 436.0
1990 4 450.0
1990 5 521.0
1990 6 464.0
1990 7 443.0
1990 8 584.0
1990 9 411.0
1990 10 502.0
1990 11 404.0
1990 12 495.0
1991 1 213.0
1991 2 249.0
1991 3 506.0
1991 4 541.0
1991 5 607.0
1991 6 501.0
1991 7 519.0
1991 8 675.0
1991 9 603.0
1991 10 927.0
1991 11 401.0
1991 12 423.0
1992 1 269.0
1992 2 467.0
1992 3 669.0
1992 4 874.0
1992 5 664.0
1992 6 599.0
1992 7 663.0
1992 8 717.0
1992 9 653.0
1992 10 552.0
1992 11 453.0
1992 12 322.0
1993 1 214.0
1993 2 361.0
1993 3 681.0
1993 4 681.0
1993 5 697.0
1993 6 939.0
1993 7 620.0
1993 8 1021.0
1993 9 912.0
1993 10 589.0
1993 11 557.0
1993 12 427.0
1994 1 319.0
1994 2 244.0
1994 3 549.0
1994 4 625.0
1994 5 722.0
1994 6 641.0
1994 7 472.0
1994 8 1038.0
1994 9 755.0
1994 10 753.0
1994 11 975.0
1994 12 393.0
1995 1 504.0
1995 2 334.0
1995 3 581.0
1995 4 831.0
1995 5 689.0
1995 6 805.0
1995 7 579.0
1995 8 799.0
1995 9 895.0
1995 10 759.0
1995 11 981.0
1995 12 363.0
1996 1 860.0
1996 2 532.0
1996 3 706.0
1996 4 1010.0
1996 5 901.0
1996 6 741.0
1996 7 1290.0
1996 8 1443.0
1996 9 764.0
1996 10 1410.0
1996 11 393.0
1996 12 838.0
1997 1 379.0
1997 2 315.0
1997 3 705.0
1997 4 787.0
1997 5 1125.0
1997 6 835.0
1997 7 932.0
1997 8 1242.0
1997 9 1132.0
1997 10 1420.0
1997 11 519.0
1997 12 896.0
1998 1 693.0
1998 2 526.0
1998 3 616.0
1998 4 1104.0
1998 5 905.0
1998 6 817.0
1998 7 772.0
1998 8 1016.0
1998 9 1000.0
1998 10 836.0
1998 11 697.0
1998 12 1103.0
1999 1 825.0
1999 2 590.0
1999 3 826.0
1999 4 890.0
1999 5 854.0
1999 6 825.0
1999 7 678.0
1999 8 1021.0
1999 9 699.0
1999 10 638.0
1999 11 1071.0
1999 12 575.0
2000 1 353.0
2000 2 853.0
2000 3 954.0
2000 4 690.0
2000 5 876.0
2000 6 1189.0
2000 7 720.0
2000 8 777.0
2000 9 582.0
2000 10 935.0
2000 11 506.0
2000 12 388.0
2001 1 347.0
2001 2 320.0
2001 3 634.0
2001 4 787.0
2001 5 821.0
2001 6 985.0
2001 7 815.0
2001 8 882.0
2001 9 567.0
2001 10 654.0
2001 11 581.0
2001 12 417.0
2002 1 583.0
2002 2 422.0
2002 3 827.0
2002 4 1021.0
2002 5 930.0
2002 6 814.0
2002 7 808.0
2002 8 734.0
2002 9 896.0
2002 10 848.0
2002 11 938.0
2002 12 526.0
2003 1 415.0
2003 2 546.0
2003 3 883.0
2003 4 983.0
2003 5 1026.0
2003 6 896.0
2003 7 1032.0
2003 8 750.0
2003 9 1024.0
2003 10 943.0
2003 11 765.0
2003 12 566.0
2004 1 457.0
2004 2 557.0
2004 3 795.0
2004 4 1085.0
2004 5 1130.0
2004 6 943.0
2004 7 827.0
2004 8 1082.0
2004 9 807.0
2004 10 935.0
2004 11 969.0
2004 12 818.0
2005 1 450.0
2005 2 677.0
2005 3 1173.0
2005 4 867.0
2005 5 943.0
2005 6 1078.0
2005 7 1017.0
2005 8 1018.0
2005 9 969.0
2005 10 1392.0
2005 11 701.0
2005 12 739.0
2006 1 650.0
2006 2 741.0
2006 3 1037.0
2006 4 711.0
2006 5 800.0
2006 6 1033.0
2006 7 750.0
2006 8 881.0
2006 9 674.0
2006 10 879.0
2006 11 740.0
2006 12 445.0
2007 1 325.0
2007 2 347.0
2007 3 591.0
2007 4 749.0
2007 5 766.0
2007 6 823.0
2007 7 715.0
2007 8 637.0
2007 9 741.0
2007 10 1227.0
2007 11 476.0
2007 12 372.0
2008 1 678.0
2008 2 240.0
2008 3 385.0
2008 4 689.0
2008 5 583.0
2008 6 703.0
2008 7 648.0
2008 8 492.0
2008 9 915.0
2008 10 538.0
2008 11 268.0
2008 12 292.0
2009 1 199.0
2009 2 193.0
2009 3 307.0
2009 4 544.0
2009 5 605.0
2009 6 639.0
2009 7 581.0
2009 8 491.0
2009 9 398.0
2009 10 391.0
2009 11 311.0
2009 12 316.0
2010 1 215.0
2010 2 359.0
2010 3 394.0
2010 4 604.0
2010 5 412.0
2010 6 493.0
2010 7 343.0
2010 8 477.0
2010 9 416.0
2010 10 608.0
2010 11 381.0
2010 12 311.0
2011 1 141.0
2011 2 180.0
2011 3 322.0
2011 4 453.0
2011 5 538.0
2011 6 529.0
2011 7 448.0
2011 8 490.0
2011 9 733.0
2011 10 433.0
2011 11 584.0
2011 12 306.0
2012 1 227.0
2012 2 338.0
2012 3 687.0
2012 4 446.0
2012 5 677.0
2012 6 703.0
2012 7 480.0
2012 8 528.0
2012 9 692.0
2012 10 602.0
2012 11 794.0
2012 12 463.0
2013 1 393.0
2013 2 456.0
2013 3 667.0
2013 4 1100.0
2013 5 768.0
2013 6 785.0
2013 7 735.0
2013 8 772.0
2013 9 607.0
2013 10 745.0
2013 11 438.0
2013 12 469.0
2014 1 308.0
2014 2 420.0
2014 3 629.0
2014 4 837.0
2014 5 665.0
2014 6 713.0
2014 7 636.0
2014 8 795.0
2014 9 602.0
2014 10 832.0
2014 11 801.0
2014 12 440.0
2015 1 235.0
2015 2 421.0
2015 3 504.0
2015 4 568.0
2015 5 604.0
2015 6 775.0
2015 7 789.0
2015 8 706.0
2015 9 618.0
2015 10 854.0
2015 11 723.0
2015 12 618.0
2016 1 399.0
2016 2 483.0
2016 3 650.0
2016 4 1008.0
2016 5 908.0
2016 6 617.0
2016 7 779.0
2016 8 744.0
2016 9 730.0
2016 10 819.0
2016 11 573.0
2016 12 569.0
2017 1 351.0
2017 2 719.0
2017 3 837.0
2017 4 588.0
2017 5 1010.0
2017 6 744.0
2017 7 1104.0
2017 8 821.0
2017 9 738.0
2017 10 578.0
2017 11 799.0
2017 12 683.0
2018 1 313.0
2018 2 680.0
2018 3 585.0
2018 4 1410.0
2018 5 781.0
2018 6 570.0
2018 7 604.0
2018 8 789.0
2018 9 718.0
2018 10 690.0
2018 11 740.0
2018 12 435.0
2019 1 621.0
2019 2 404.0
2019 3 572.0
2019 4 734.0
2019 5 905.0
2019 6 779.0
2019 7 416.0
2019 8 798.0
2019 9 912.0
2019 10 610.0
2019 11 665.0
2019 12 410.0
2020 1 600.0
2020 2 568.0
2020 3 593.0
2020 4 829.0
2020 5 565.0
2020 6 822.0
2020 7 699.0
2020 8 657.0
2020 9 866.0
2020 10 1079.0
2020 11 1020.0
2020 12 730.0
2021 1 478.0
2021 2 575.0
2021 3 897.0
2021 4 988.0
2021 5 1074.0
2021 6 780.0
2021 7 614.0
2021 8 638.0
2021 9 1266.0
2021 10 1265.0
2021 11 547.0
2021 12 743.0
2022 1 828.0
2022 2 775.0
2022 3 943.0
2022 4 1572.0
2022 5 1069.0
2022 6 739.0
2022 7 778.0
2022 8 670.0
2022 9 744.0
2022 10 926.0
2022 11 1070.0
2022 12 396.0
2023 1 429.0
2023 2 814.0
2023 3 671.0
2023 4 606.0
2023 5 777.0
2023 6 849.0
2023 7 641.0
2023 8 892.0
2023 9 648.0
2023 10 1316.0
2023 11 842.0
2023 12 461.0
2024 1 826.0
2024 2 851.0
2024 3 786.0
2024 4 784.0
2024 5 1230.0
2024 6 542.0
2024 7 967.0
2024 8 749.0
