1960 5 113.0
1960 6 59.0
1960 7 23.0
1960 8 51.0
1960 9 77.0
1960 10 14.0
1960 11 93.0
1960 12 107.0
1961 1 116.0
1961 2 118.0
1961 3 46.0
1961 4 34.0
1961 5 48.0
1961 6 42.5
1961 7 37.0
1961 8 24.0
1961 9 67.0
1961 10 35.0
1961 11 204.0
1961 12 143.0
1962 1 186.0
1962 2 100.0
1962 3 49.0
1962 4 168.0
1962 5 204.0
1962 6 107.0
1962 7 254.0
1962 8 67.0
1962 9 432.0
1962 10 112.0
1962 11 86.0
1962 12 68.0
1963 1 6.0
1963 2 92.0
1963 3 43.0
1963 4 138.0
1963 5 69.0
1963 6 102.0
1963 7 105.0
1963 8 95.0
1963 9 76.0
1963 10 182.0
1963 11 95.0
1963 12 192.0
1964 1 122.0
1964 2 92.0
1964 3 57.0
1964 4 152.0
1964 5 82.0
1964 6 54.0
1964 7 161.0
1964 8 115.0
1964 9 126.0
1964 10 98.0
1964 11 235.0
1964 12 63.0
1965 1 64.0
1965 2 97.0
1965 3 168.0
1965 4 248.0
1965 5 124.0
1965 6 188.0
1965 7 83.0
1965 8 150.0
1965 9 357.0
1965 10 285.0
1965 11 271.0
1965 12 287.0
1966 1 60.0
1966 2 188.0
1966 3 167.0
1966 4 103.0
1966 5 35.0
1966 6 24.0
1966 7 149.0
1966 8 128.5
1966 9 108.0
1966 10 233.0
1966 11 166.0
1966 12 120.5
1967 1 75.0
1967 2 126.0
1967 3 449.0
1967 4 138.0
1967 5 100.0
1967 6 61.0
1967 7 102.0
1967 8 346.0
1967 9 312.0
1967 10 348.0
1967 11 302.0
1967 12 261.0
1968 1 177.0
1968 2 337.0
1968 3 371.0
1968 4 293.0
1968 5 654.0
1968 6 280.0
1968 7 193.0
1968 8 359.0
1968 9 721.0
1968 10 251.0
1968 11 716.0
1968 12 233.0
1969 1 406.0
1969 2 179.0
1969 3 54.0
1969 4 545.0
1969 5 86.0
1969 6 266.0
1969 7 159.0
1969 8 437.0
1969 9 162.0
1969 10 316.0
1969 11 316.0
1969 12 253.0
1970 1 27.0
1970 2 296.0
1970 3 252.0
1970 4 6.0
1970 5 310.0
1970 6 301.0
1970 7 315.0
1970 8 121.0
1970 9 198.0
1970 10 606.0
1970 11 414.0
1970 12 170.0
1971 1 369.0
1971 2 52.0
1971 3 241.0
1971 4 565.0
1971 5 705.0
1971 6 205.0
1971 7 448.0
1971 8 821.0
1971 9 174.0
1971 10 1120.0
1971 11 693.0
1971 12 944.0
1972 1 459.0
1972 2 127.0
1972 3 241.0
1972 4 249.0
1972 5 419.0
1972 6 1421.0
1972 7 266.0
1972 8 345.0
1972 9 893.0
1972 10 901.0
1972 11 456.0
1972 12 262.0
1973 1 615.0
1973 2 210.0
1973 3 238.0
1973 4 430.0
1973 5 129.0
1973 6 263.0
1973 7 149.0
1973 8 624.0
1973 9 12.0
1973 10 112.0
1973 11 30.0
1973 12 176.0
1974 1 7.0
1974 2 64.0
1974 3 291.0
1974 4 93.0
1974 5 83.0
1974 6 61.0
1974 7 498.0
1974 8 176.0
1974 9 50.0
1974 10 8.0
1974 11 283.0
1974 12 37.0
1975 1 22.0
1975 2 7.0
1975 3 20.0
1975 4 31.0
1975 5 192.0
1975 6 80.0
1975 7 63.0
1975 8 98.0
1975 9 63.0
1975 10 39.0
1975 11 60.0
1975 12 25.0
1976 1 58.0
1976 2 168.0
1976 3 104.0
1976 4 43.0
1976 5 157.0
1976 6 60.0
1976 7 38.0
1976 8 115.0
1976 9 38.0
1976 10 101.0
1976 11 254.0
1976 12 53.0
1977 1 87.0
1977 2 79.0
1977 3 127.0
1977 4 47.0
1977 5 214.0
1977 6 121.0
1977 7 234.0
1977 8 69.0
1977 9 69.0
1977 10 69.0
1977 11 140.0
1977 12 80.0
1978 1 14.0
1978 2 111.0
1978 3 152.0
1978 4 114.0
1978 5 138.0
1978 6 69.0
1978 7 217.0
1978 8 69.0
1978 9 441.0
1978 10 96.0
1978 11 143.0
1978 12 102.0
1979 1 112.0
1979 2 84.0
1979 3 14.0
1979 4 125.0
1979 5 236.0
1979 6 273.0
1979 7 44.0
1979 8 62.0
1979 9 106.0
1979 10 73.0
1979 11 78.0
1979 12 57.0
1980 1 72.0
1980 2 14.0
1980 3 70.0
1980 4 84.0
1980 5 54.0
1980 6 115.0
1980 7 109.0
1980 8 35.0
1980 9 158.0
1980 10 24.0
1980 11 156.0
1980 12 37.0
1981 1 83.5
1981 2 130.0
1981 3 54.0
1981 4 71.0
1981 5 65.0
1981 6 99.0
1981 7 31.0
1981 8 16.0
1981 9 24.0
1981 10 115.0
1981 11 31.0
1981 12 281.0
1982 1 8.0
1982 2 35.0
1982 3 95.0
1982 4 53.5
1982 5 12.0
1982 6 250.0
1982 7 156.5
1982 8 63.0
1982 9 112.0
1982 10 105.0
1982 11 98.0
1982 12 70.0
1983 1 48.0
1983 2 48.5
1983 3 49.0
1983 4 71.0
1983 5 88.0
1983 6 169.0
1983 7 123.0
1983 8 73.0
1983 9 85.0
1983 10 128.0
1983 11 46.0
1983 12 39.0
1984 1 73.0
1984 2 6.0
1984 3 225.0
1984 4 81.0
1984 5 41.0
1984 6 36.0
1984 7 225.0
1984 8 183.0
1984 9 188.0
1984 10 206.0
1984 11 132.0
1984 12 66.0
1985 1 85.5
1985 2 105.0
1985 3 38.0
1985 4 65.0
1985 5 27.0
1985 6 164.0
1985 7 294.0
1985 8 77.0
1985 9 132.0
1985 10 64.0
1985 11 192.0
1985 12 149.0
1986 1 84.0
1986 2 59.0
1986 3 269.0
1986 4 775.0
1986 5 122.0
1986 6 121.0
1986 7 186.0
1986 8 231.0
1986 9 87.0
1986 10 173.0
1986 11 93.0
1986 12 285.0
1987 1 5.0
1987 2 136.0
1987 3 82.0
1987 4 28.0
1987 5 87.0
1987 6 102.0
1987 7 187.0
1987 8 140.0
1987 9 236.0
1987 10 107.0
1987 11 260.0
1987 12 16.0
1988 1 84.0
1988 2 16.0
1988 3 135.0
1988 4 105.0
1988 5 363.0
1988 6 137.0
1988 7 52.0
1988 8 161.0
1988 9 57.0
1988 10 227.0
1988 11 556.0
1988 12 54.0
1989 1 181.0
1989 2 24.0
1989 3 87.0
1989 4 14.0
1989 5 6.0
1989 6 55.0
1989 7 107.0
1989 8 216.0
1989 9 347.0
1989 10 69.0
1989 11 781.0
1989 12 42.0
1990 1 1283.0
1990 2 679.5
1990 3 76.0
1990 4 24.0
1990 5 108.0
1990 6 75.0
1990 7 11.0
1990 8 188.0
1990 9 107.0
1990 10 145.0
1990 11 88.0
1990 12 305.0
1991 1 67.0
1991 2 5.0
1991 3 149.0
1991 4 17.0
1991 5 71.0
1991 6 104.0
1991 7 91.0
1991 8 173.0
1991 9 182.0
1991 10 463.0
1991 11 80.0
1991 12 154.0
1992 1 12.0
1992 2 90.0
1992 3 46.0
1992 4 229.0
1992 5 158.0
1992 6 80.0
1992 7 139.0
1992 8 304.0
1992 9 131.0
1992 10 40.0
1992 11 141.0
1992 12 5.0
1993 1 6.0
1993 2 66.0
1993 3 130.0
1993 4 43.0
1993 5 165.0
1993 6 316.0
1993 7 132.0
1993 8 394.0
1993 9 283.0
1993 10 78.0
1993 11 91.0
1993 12 57.0
1994 1 60.0
1994 2 17.0
1994 3 40.0
1994 4 5.0
1994 5 94.0
1994 6 36.0
1994 7 48.0
1994 8 464.0
1994 9 157.0
1994 10 232.0
1994 11 379.0
1994 12 88.0
1995 1 341.0
1995 2 95.0
1995 3 128.0
1995 4 397.0
1995 5 156.0
1995 6 198.0
1995 7 25.0
1995 8 215.0
1995 9 371.0
1995 10 188.0
1995 11 526.0
1995 12 38.0
1996 1 388.0
1996 2 181.0
1996 3 152.0
1996 4 347.0
1996 5 174.0
1996 6 157.0
1996 7 652.0
1996 8 920.0
1996 9 276.0
1996 10 854.0
1996 11 8.0
1996 12 462.0
1997 1 113.0
1997 2 55.0
1997 3 113.0
1997 4 88.0
1997 5 469.0
1997 6 277.0
1997 7 364.0
1997 8 737.0
1997 9 528.0
1997 10 423.0
1997 11 90.0
1997 12 549.0
1998 1 414.0
1998 2 150.0
1998 3 137.0
1998 4 368.0
1998 5 174.0
1998 6 175.0
1998 7 138.0
1998 8 346.0
1998 9 416.0
1998 10 266.0
1998 11 232.0
1998 12 647.0
1999 1 460.0
1999 2 178.0
1999 3 176.0
1999 4 171.0
1999 5 213.0
1999 6 71.0
1999 7 51.0
1999 8 364.0
1999 9 122.0
1999 10 96.0
1999 11 446.0
1999 12 64.0
2000 1 39.0
2000 2 456.0
2000 3 317.0
2000 4 50.0
2000 5 255.0
2000 6 244.0
2000 7 154.0
2000 8 164.0
2000 9 57.0
2000 10 315.0
2000 11 67.0
2000 12 82.0
2001 1 26.0
2001 2 29.0
2001 3 61.0
2001 4 159.0
2001 5 128.0
2001 6 294.0
2001 7 194.0
2001 8 97.0
2001 9 65.0
2001 10 67.0
2001 11 87.0
2001 12 47.0
2002 1 232.0
2002 2 43.0
2002 3 254.0
2002 4 183.0
2002 5 215.0
2002 6 185.0
2002 7 103.0
2002 8 130.0
2002 9 232.0
2002 10 82.0
2002 11 317.0
2002 12 128.0
2003 1 14.0
2003 2 19.0
2003 3 86.0
2003 4 137.0
2003 5 185.0
2003 6 60.0
2003 7 85.0
2003 8 60.0
2003 9 192.0
2003 10 97.0
2003 11 213.0
2003 12 49.0
2004 1 51.0
2004 2 76.0
2004 3 43.0
2004 4 149.0
2004 5 147.0
2004 6 53.0
2004 7 74.0
2004 8 198.0
2004 9 58.0
2004 10 78.0
2004 11 298.0
2004 12 213.0
2005 1 17.0
2005 2 135.0
2005 3 186.0
2005 4 80.0
2005 5 10.0
2005 6 103.0
2005 7 111.0
2005 8 37.0
2005 9 61.0
2005 10 211.0
2005 11 5.0
2005 12 178.0
2006 1 171.0
2006 2 162.0
2006 3 298.0
2006 4 31.0
2006 5 65.0
2006 6 171.0
2006 7 66.0
2006 8 212.0
2006 9 99.0
2006 10 321.0
2006 11 228.0
2006 12 39.0
2007 1 17.0
2007 2 20.0
2007 3 59.0
2007 4 80.0
2007 5 10.0
2007 6 65.0
2007 7 22.0
2007 8 15.0
2007 9 24.0
2007 10 612.0
2007 11 131.0
2007 12 160.0
2008 1 395.0
2008 2 19.0
2008 3 5.0
2008 4 151.0
2008 5 40.0
2008 6 188.0
2008 7 82.0
2008 8 24.0
2008 9 426.0
2008 10 59.0
2008 11 34.0
2008 12 121.0
2009 1 92.0
2009 2 5.0
2009 3 52.5
2009 4 100.0
2009 5 34.0
2009 6 5.0
2009 7 60.0
2009 8 35.0
2009 9 63.0
2009 10 10.0
2009 11 28.0
2009 12 83.0
2010 1 53.5
2010 2 24.0
2010 3 17.0
2010 4 36.0
2010 5 11.0
2010 6 46.0
2010 7 5.0
2010 8 95.0
2010 9 32.0
2010 10 198.0
2010 11 137.0
2010 12 148.0
2011 1 5.0
2011 2 5.0
2011 3 5.0
2011 4 47.0
2011 5 164.0
2011 6 151.0
2011 7 83.0
2011 8 86.0
2011 9 370.0
2011 10 85.0
2011 11 269.0
2011 12 57.0
2012 1 47.0
2012 2 91.0
2012 3 294.0
2012 4 63.0
2012 5 177.0
2012 6 277.0
2012 7 75.0
2012 8 88.0
2012 9 229.0
2012 10 144.0
2012 11 325.0
2012 12 121.0
2013 1 52.0
2013 2 95.0
2013 3 188.0
2013 4 491.0
2013 5 194.0
2013 6 230.0
2013 7 243.0
2013 8 243.0
2013 9 132.0
2013 10 163.0
2013 11 87.0
2013 12 139.0
2014 1 65.0
2014 2 148.0
2014 3 249.0
2014 4 299.0
2014 5 153.0
2014 6 150.0
2014 7 173.0
2014 8 307.0
2014 9 113.0
2014 10 297.0
2014 11 488.0
2014 12 162.0
2015 1 22.0
2015 2 156.0
2015 3 46.0
2015 4 66.0
2015 5 132.0
2015 6 255.0
2015 7 282.0
2015 8 234.0
2015 9 127.0
2015 10 409.0
2015 11 272.0
2015 12 247.0
2016 1 112.0
2016 2 175.0
2016 3 91.0
2016 4 489.0
2016 5 357.0
2016 6 108.0
2016 7 351.0
2016 8 184.0
2016 9 308.0
2016 10 368.0
2016 11 173.0
2016 12 247.0
2017 1 95.0
2017 2 308.0
2017 3 225.0
2017 4 114.0
2017 5 469.0
2017 6 139.0
2017 7 618.0
2017 8 240.0
2017 9 125.0
2017 10 123.0
2017 11 213.0
2017 12 388.0
2018 1 66.0
2018 2 300.0
2018 3 103.0
2018 4 868.0
2018 5 150.0
2018 6 90.0
2018 7 154.0
2018 8 345.0
2018 9 250.0
2018 10 140.0
2018 11 391.0
2018 12 235.0
2019 1 362.0
2019 2 157.0
2019 3 234.0
2019 4 163.0
2019 5 399.0
2019 6 361.0
2019 7 41.0
2019 8 360.0
2019 9 376.0
2019 10 114.0
2019 11 253.0
2019 12 83.0
2020 1 261.0
2020 2 217.0
2020 3 59.0
2020 4 376.0
2020 5 107.0
2020 6 273.0
2020 7 99.0
2020 8 63.0
2020 9 305.0
2020 10 479.0
2020 11 471.0
2020 12 307.0
2021 1 74.0
2021 2 75.0
2021 3 295.0
2021 4 157.0
2021 5 470.0
2021 6 181.0
2021 7 188.0
2021 8 111.0
2021 9 772.0
2021 10 724.0
2021 11 114.0
2021 12 278.0
2022 1 300.0
2022 2 321.0
2022 3 330.0
2022 4 996.0
2022 5 565.0
2022 6 256.0
2022 7 361.0
2022 8 182.0
2022 9 336.0
2022 10 461.0
2022 11 492.0
2022 12 119.0
2023 1 144.0
2023 2 556.0
2023 3 253.0
2023 4 156.0
2023 5 258.0
2023 6 375.0
2023 7 197.0
2023 8 400.0
2023 9 258.0
2023 10 731.0
2023 11 438.0
2023 12 196.0
2024 1 573.0
2024 2 275.0
2024 3 269.0
2024 4 240.0
2024 5 709.0
2024 6 92.0
2024 7 253.0
2024 8 215.0
