1960 5 237.0
1960 6 423.0
1960 7 360.0
1960 8 306.0
1960 9 346.0
1960 10 251.0
1960 11 306.0
1960 12 217.0
1961 1 300.0
1961 2 259.0
1961 3 508.0
1961 4 315.0
1961 5 389.0
1961 6 411.0
1961 7 486.0
1961 8 580.0
1961 9 432.0
1961 10 349.0
1961 11 337.0
1961 12 441.0
1962 1 578.0
1962 2 835.0
1962 3 389.0
1962 4 898.0
1962 5 717.0
1962 6 722.0
1962 7 567.0
1962 8 746.0
1962 9 537.0
1962 10 724.0
1962 11 664.0
1962 12 656.0
1963 1 726.0
1963 2 1092.0
1963 3 715.0
1963 4 1508.0
1963 5 1263.0
1963 6 494.0
1963 7 517.0
1963 8 648.0
1963 9 667.0
1963 10 636.0
1963 11 442.0
1963 12 291.0
1964 1 313.0
1964 2 255.0
1964 3 455.0
1964 4 403.0
1964 5 391.0
1964 6 266.0
1964 7 353.0
1964 8 298.0
1964 9 255.0
1964 10 287.0
1964 11 227.0
1964 12 115.0
1965 1 369.0
1965 2 238.0
1965 3 304.0
1965 4 377.0
1965 5 251.0
1965 6 285.0
1965 7 195.0
1965 8 197.0
1965 9 293.0
1965 10 198.0
1965 11 152.0
1965 12 120.0
1966 1 117.0
1966 2 109.0
1966 3 168.0
1966 4 160.0
1966 5 192.0
1966 6 168.0
1966 7 72.0
1966 8 82.0
1966 9 89.0
1966 10 40.0
1966 11 39.0
1966 12 45.0
1967 1 56.0
1967 2 71.0
1967 3 62.0
1967 4 72.0
1967 5 148.0
1967 6 98.0
1967 7 80.0
1967 8 170.0
1967 9 137.0
1967 10 116.0
1967 11 99.0
1967 12 181.0
1968 1 165.0
1968 2 216.0
1968 3 183.0
1968 4 199.0
1968 5 196.0
1968 6 200.0
1968 7 269.0
1968 8 177.0
1968 9 156.0
1968 10 220.0
1968 11 175.0
1968 12 179.0
1969 1 283.0
1969 2 277.0
1969 3 347.0
1969 4 440.0
1969 5 405.0
1969 6 206.0
1969 7 354.0
1969 8 297.0
1969 9 340.0
1969 10 406.0
1969 11 278.0
1969 12 400.0
1970 1 355.0
1970 2 390.0
1970 3 596.0
1970 4 495.0
1970 5 447.0
1970 6 360.0
1970 7 603.0
1970 8 415.0
1970 9 357.0
1970 10 456.0
1970 11 396.0
1970 12 1014.0
1971 1 660.0
1971 2 529.0
1971 3 664.0
1971 4 481.0
1971 5 744.0
1971 6 740.0
1971 7 551.0
1971 8 859.0
1971 9 744.0
1971 10 391.0
1971 11 506.0
1971 12 939.0
1972 1 560.0
1972 2 645.0
1972 3 815.0
1972 4 633.0
1972 5 744.0
1972 6 906.0
1972 7 795.0
1972 8 576.0
1972 9 712.0
1972 10 640.0
1972 11 783.0
1972 12 598.0
1973 1 642.0
1973 2 763.0
1973 3 909.0
1973 4 866.0
1973 5 733.0
1973 6 550.0
1973 7 1026.0
1973 8 710.0
1973 9 802.0
1973 10 393.0
1973 11 428.0
1973 12 250.0
1974 1 337.0
1974 2 249.0
1974 3 510.0
1974 4 488.0
1974 5 338.0
1974 6 232.0
1974 7 299.0
1974 8 224.0
1974 9 164.0
1974 10 210.0
1974 11 252.0
1974 12 262.0
1975 1 162.0
1975 2 182.0
1975 3 269.0
1975 4 405.0
1975 5 433.0
1975 6 353.0
1975 7 441.0
1975 8 360.0
1975 9 437.0
1975 10 376.0
1975 11 397.0
1975 12 283.0
1976 1 371.0
1976 2 524.0
1976 3 759.0
1976 4 571.0
1976 5 619.0
1976 6 460.0
1976 7 626.0
1976 8 522.0
1976 9 774.0
1976 10 494.0
1976 11 955.0
1976 12 586.0
1977 1 696.0
1977 2 775.0
1977 3 874.0
1977 4 1018.0
1977 5 904.0
1977 6 1016.0
1977 7 1167.0
1977 8 1012.0
1977 9 1210.0
1977 10 716.0
1977 11 946.0
1977 12 545.0
1978 1 932.0
1978 2 770.0
1978 3 1501.0
1978 4 1459.0
1978 5 1368.0
1978 6 953.0
1978 7 1098.0
1978 8 1146.0
1978 9 792.0
1978 10 930.0
1978 11 1268.0
1978 12 923.0
1979 1 609.0
1979 2 1104.0
1979 3 1398.0
1979 4 1133.0
1979 5 928.0
1979 6 1157.0
1979 7 1228.0
1979 8 1037.0
1979 9 953.0
1979 10 556.0
1979 11 430.0
1979 12 542.0
1980 1 509.0
1980 2 454.0
1980 3 423.0
1980 4 344.0
1980 5 235.0
1980 6 736.0
1980 7 803.0
1980 8 818.0
1980 9 699.0
1980 10 553.0
1980 11 383.0
1980 12 560.0
1981 1 314.0
1981 2 434.0
1981 3 510.0
1981 4 717.0
1981 5 579.0
1981 6 537.0
1981 7 436.0
1981 8 376.0
1981 9 1354.0
1981 10 150.0
1981 11 278.0
1981 12 237.0
1982 1 112.0
1982 2 219.0
1982 3 661.0
1982 4 375.0
1982 5 328.0
1982 6 331.0
1982 7 409.0
1982 8 349.0
1982 9 385.0
1982 10 392.0
1982 11 517.0
1982 12 400.0
1983 1 411.0
1983 2 733.0
1983 3 596.0
1983 4 680.0
1983 5 1018.0
1983 6 1374.0
1983 7 716.0
1983 8 782.0
1983 9 546.0
1983 10 635.0
1983 11 394.0
1983 12 435.0
1984 1 472.0
1984 2 624.0
1984 3 785.0
1984 4 882.0
1984 5 685.0
1984 6 583.0
1984 7 472.0
1984 8 356.0
1984 9 560.0
1984 10 350.0
1984 11 394.0
1984 12 455.0
1985 1 372.0
1985 2 893.0
1985 3 626.0
1985 4 635.0
1985 5 540.0
1985 6 472.0
1985 7 618.0
1985 8 635.0
1985 9 645.0
1985 10 700.0
1985 11 435.0
1985 12 717.0
1986 1 727.0
1986 2 627.0
1986 3 788.0
1986 4 1462.0
1986 5 967.0
1986 6 1058.0
1986 7 800.0
1986 8 818.0
1986 9 625.0
1986 10 720.0
1986 11 596.0
1986 12 683.0
1987 1 772.0
1987 2 854.0
1987 3 943.0
1987 4 866.0
1987 5 791.0
1987 6 1079.0
1987 7 1006.0
1987 8 828.0
1987 9 731.0
1987 10 608.0
1987 11 575.0
1987 12 685.0
1988 1 690.0
1988 2 851.0
1988 3 962.0
1988 4 1007.0
1988 5 1414.0
1988 6 750.0
1988 7 951.0
1988 8 1208.0
1988 9 1704.0
1988 10 981.0
1988 11 1049.0
1988 12 1266.0
1989 1 880.0
1989 2 1842.0
1989 3 1081.0
1989 4 1282.0
1989 5 1161.0
1989 6 1360.0
1989 7 1345.0
1989 8 1661.0
1989 9 1319.0
1989 10 1205.0
1989 11 1604.0
1989 12 1389.0
1990 1 1061.0
1990 2 1135.0
1990 3 1311.0
1990 4 1379.0
1990 5 1593.0
1990 6 1262.0
1990 7 1265.0
1990 8 1621.0
1990 9 1058.0
1990 10 1107.0
1990 11 910.0
1990 12 808.0
1991 1 861.0
1991 2 727.0
1991 3 1017.0
1991 4 1322.0
1991 5 1467.0
1991 6 1977.0
1991 7 1027.0
1991 8 1120.0
1991 9 908.0
1991 10 1092.0
1991 11 975.0
1991 12 2088.0
1992 1 1173.0
1992 2 930.0
1992 3 923.0
1992 4 1268.0
1992 5 1058.0
1992 6 992.0
1992 7 1168.0
1992 8 1306.0
1992 9 1115.0
1992 10 1388.0
1992 11 1142.0
1992 12 933.0
1993 1 798.0
1993 2 1371.0
1993 3 1420.0
1993 4 1674.0
1993 5 1706.0
1993 6 1656.0
1993 7 1847.0
1993 8 1975.0
1993 9 2024.0
1993 10 1766.0
1993 11 1568.0
1993 12 1680.0
1994 1 1460.0
1994 2 1662.0
1994 3 2335.0
1994 4 2183.0
1994 5 2399.0
1994 6 2049.0
1994 7 1774.0
1994 8 1925.0
1994 9 2162.0
1994 10 1900.0
1994 11 1599.0
1994 12 1515.0
1995 1 1438.0
1995 2 1473.0
1995 3 1661.0
1995 4 1710.0
1995 5 2637.0
1995 6 1821.0
1995 7 1867.0
1995 8 2236.0
1995 9 1951.0
1995 10 1906.0
1995 11 1517.0
1995 12 2139.0
1996 1 2023.0
1996 2 1727.0
1996 3 1938.0
1996 4 1987.0
1996 5 2439.0
1996 6 2248.0
1996 7 2191.0
1996 8 2332.0
1996 9 2170.0
1996 10 1695.0
1996 11 1335.0
1996 12 1656.0
1997 1 1499.0
1997 2 1783.0
1997 3 1932.0
1997 4 2241.0
1997 5 2079.0
1997 6 1966.0
1997 7 2165.0
1997 8 2046.0
1997 9 2263.0
1997 10 1989.0
1997 11 1418.0
1997 12 1682.0
1998 1 1763.0
1998 2 1777.0
1998 3 2252.0
1998 4 3257.0
1998 5 1700.0
1998 6 2014.0
1998 7 1919.0
1998 8 1830.0
1998 9 2341.0
1998 10 1963.0
1998 11 1821.0
1998 12 1787.0
1999 1 1358.0
1999 2 2374.0
1999 3 2266.0
1999 4 2031.0
1999 5 2132.0
1999 6 2617.0
1999 7 2119.0
1999 8 2215.0
1999 9 2171.0
1999 10 1573.0
1999 11 1896.0
1999 12 1996.0
2000 1 1837.0
2000 2 1945.0
2000 3 2337.0
2000 4 2101.0
2000 5 2074.0
2000 6 2093.0
2000 7 1827.0
2000 8 2735.0
2000 9 1915.0
2000 10 2110.0
2000 11 2078.0
2000 12 1901.0
2001 1 1864.0
2001 2 1863.0
2001 3 2425.0
2001 4 2671.0
2001 5 2430.0
2001 6 2495.0
2001 7 2281.0
2001 8 2743.0
2001 9 2268.0
2001 10 2156.0
2001 11 1952.0
2001 12 1591.0
2002 1 1842.0
2002 2 1961.0
2002 3 2428.0
2002 4 1986.0
2002 5 2247.0
2002 6 2369.0
2002 7 2402.0
2002 8 2297.0
2002 9 2387.0
2002 10 2728.0
2002 11 2169.0
2002 12 2454.0
2003 1 2134.0
2003 2 2452.0
2003 3 2545.0
2003 4 2572.0
2003 5 2805.0
2003 6 3346.0
2003 7 3210.0
2003 8 2730.0
2003 9 3035.0
2003 10 2640.0
2003 11 2088.0
2003 12 3364.0
2004 1 2688.0
2004 2 2974.0
2004 3 3230.0
2004 4 3713.0
2004 5 4788.0
2004 6 4050.0
2004 7 3505.0
2004 8 2831.0
2004 9 2875.0
2004 10 2114.0
2004 11 2480.0
2004 12 2461.0
2005 1 1687.0
2005 2 2861.0
2005 3 3256.0
2005 4 2895.0
2005 5 3602.0
2005 6 4044.0
2005 7 3524.0
2005 8 3837.0
2005 9 3360.0
2005 10 3040.0
2005 11 2579.0
2005 12 2951.0
2006 1 2567.0
2006 2 2994.0
2006 3 3619.0
2006 4 2702.0
2006 5 2965.0
2006 6 2597.0
2006 7 1959.0
2006 8 2275.0
2006 9 1338.0
2006 10 1298.0
2006 11 1036.0
2006 12 1278.0
2007 1 1363.0
2007 2 1444.0
2007 3 2142.0
2007 4 2082.0
2007 5 1989.0
2007 6 1529.0
2007 7 1188.0
2007 8 1150.0
2007 9 861.0
2007 10 1499.0
2007 11 803.0
2007 12 394.0
2008 1 467.0
2008 2 515.0
2008 3 536.0
2008 4 838.0
2008 5 894.0
2008 6 962.0
2008 7 795.0
2008 8 614.0
2008 9 569.0
2008 10 437.0
2008 11 244.0
2008 12 201.0
2009 1 231.0
2009 2 202.0
2009 3 309.0
2009 4 387.0
2009 5 374.0
2009 6 427.0
2009 7 578.0
2009 8 485.0
2009 9 482.0
2009 10 391.0
2009 11 329.0
2009 12 438.0
2010 1 409.0
2010 2 519.0
2010 3 858.0
2010 4 547.0
2010 5 481.0
2010 6 501.0
2010 7 449.0
2010 8 442.0
2010 9 284.0
2010 10 316.0
2010 11 237.0
2010 12 364.0
2011 1 297.0
2011 2 290.0
2011 3 467.0
2011 4 362.0
2011 5 508.0
2011 6 558.0
2011 7 362.0
2011 8 425.0
2011 9 344.0
2011 10 283.0
2011 11 358.0
2011 12 424.0
2012 1 287.0
2012 2 357.0
2012 3 620.0
2012 4 750.0
2012 5 782.0
2012 6 825.0
2012 7 707.0
2012 8 699.0
2012 9 584.0
2012 10 680.0
2012 11 605.0
2012 12 528.0
2013 1 744.0
2013 2 590.0
2013 3 866.0
2013 4 866.0
2013 5 1004.0
2013 6 828.0
2013 7 696.0
2013 8 913.0
2013 9 685.0
2013 10 750.0
2013 11 573.0
2013 12 480.0
2014 1 587.0
2014 2 551.0
2014 3 698.0
2014 4 750.0
2014 5 875.0
2014 6 971.0
2014 7 1007.0
2014 8 762.0
2014 9 709.0
2014 10 723.0
2014 11 569.0
2014 12 667.0
2015 1 570.0
2015 2 854.0
2015 3 1059.0
2015 4 1011.0
2015 5 904.0
2015 6 1093.0
2015 7 926.0
2015 8 848.0
2015 9 780.0
2015 10 805.0
2015 11 657.0
2015 12 832.0
2016 1 684.0
2016 2 901.0
2016 3 1027.0
2016 4 1101.0
2016 5 1128.0
2016 6 1204.0
2016 7 1035.0
2016 8 893.0
2016 9 988.0
2016 10 880.0
2016 11 819.0
2016 12 831.0
2017 1 809.0
2017 2 961.0
2017 3 1199.0
2017 4 1093.0
2017 5 1315.0
2017 6 1239.0
2017 7 1198.0
2017 8 1145.0
2017 9 918.0
2017 10 1086.0
2017 11 984.0
2017 12 885.0
2018 1 1082.0
2018 2 1087.0
2018 3 1266.0
2018 4 1195.0
2018 5 1264.0
2018 6 1067.0
2018 7 1160.0
2018 8 1116.0
2018 9 893.0
2018 10 1030.0
2018 11 906.0
2018 12 703.0
2019 1 782.0
2019 2 1040.0
2019 3 936.0
2019 4 989.0
2019 5 993.0
2019 6 1077.0
2019 7 1491.0
2019 8 958.0
2019 9 874.0
2019 10 1083.0
2019 11 761.0
2019 12 821.0
2020 1 1301.0
2020 2 1166.0
2020 3 1204.0
2020 4 681.0
2020 5 600.0
2020 6 992.0
2020 7 1458.0
2020 8 1168.0
2020 9 1347.0
2020 10 1102.0
2020 11 1088.0
2020 12 1573.0
2021 1 1340.0
2021 2 1345.0
2021 3 1407.0
2021 4 1357.0
2021 5 1341.0
2021 6 1436.0
2021 7 1094.0
2021 8 1627.0
2021 9 1297.0
2021 10 1200.0
2021 11 1291.0
2021 12 1397.0
2022 1 1376.0
2022 2 1574.0
2022 3 1639.0
2022 4 1442.0
2022 5 1282.0
2022 6 1092.0
2022 7 668.0
2022 8 869.0
2022 9 768.0
2022 10 709.0
2022 11 590.0
2022 12 510.0
2023 1 600.0
2023 2 779.0
2023 3 1526.0
2023 4 975.0
2023 5 1344.0
2023 6 1305.0
2023 7 1250.0
2023 8 1031.0
2023 9 1118.0
2023 10 851.0
2023 11 1114.0
2023 12 1177.0
2024 1 1368.0
2024 2 1148.0
2024 3 1446.0
2024 4 1367.0
2024 5 1368.0
2024 6 1244.0
2024 7 1482.0
2024 8 1123.0
