1960 5 188.0
1960 6 67.0
1960 7 140.0
1960 8 48.0
1960 9 184.0
1960 10 55.0
1960 11 150.0
1960 12 95.0
1961 1 241.0
1961 2 193.0
1961 3 129.0
1961 4 119.0
1961 5 84.0
1961 6 239.0
1961 7 207.0
1961 8 256.0
1961 9 182.0
1961 10 298.0
1961 11 354.0
1961 12 205.0
1962 1 134.0
1962 2 594.0
1962 3 449.0
1962 4 921.0
1962 5 574.0
1962 6 710.0
1962 7 550.0
1962 8 737.0
1962 9 1451.0
1962 10 979.0
1962 11 1022.0
1962 12 1444.0
1963 1 943.0
1963 2 613.0
1963 3 544.0
1963 4 590.0
1963 5 863.0
1963 6 142.0
1963 7 350.0
1963 8 232.0
1963 9 99.0
1963 10 174.0
1963 11 302.0
1963 12 199.0
1964 1 514.0
1964 2 105.0
1964 3 29.0
1964 4 238.0
1964 5 147.0
1964 6 125.0
1964 7 54.0
1964 8 158.0
1964 9 76.0
1964 10 207.0
1964 11 27.0
1964 12 126.0
1965 1 103.0
1965 2 22.0
1965 3 104.0
1965 4 59.0
1965 5 626.0
1965 6 78.0
1965 7 212.0
1965 8 22.0
1965 9 49.0
1965 10 22.0
1965 11 22.0
1965 12 74.0
1966 1 8.0
1966 2 6.0
1966 3 64.0
1966 4 8.0
1966 5 4.0
1966 6 25.0
1966 7 10.0
1966 8 22.0
1966 9 74.0
1966 10 126.0
1966 11 55.0
1966 12 4.0
1967 1 6.0
1967 2 9.0
1967 3 102.0
1967 4 7.0
1967 5 16.0
1967 6 50.0
1967 7 4.0
1967 8 27.0
1967 9 8.0
1967 10 36.0
1967 11 34.0
1967 12 51.0
1968 1 22.0
1968 2 13.0
1968 3 56.0
1968 4 84.0
1968 5 56.0
1968 6 66.0
1968 7 64.0
1968 8 49.0
1968 9 122.0
1968 10 72.0
1968 11 187.0
1968 12 155.0
1969 1 24.0
1969 2 240.0
1969 3 60.0
1969 4 121.0
1969 5 88.0
1969 6 41.0
1969 7 100.0
1969 8 26.0
1969 9 55.0
1969 10 223.0
1969 11 14.0
1969 12 59.0
1970 1 329.0
1970 2 128.0
1970 3 280.0
1970 4 672.0
1970 5 128.0
1970 6 15.0
1970 7 40.0
1970 8 225.0
1970 9 185.0
1970 10 150.0
1970 11 145.0
1970 12 316.0
1971 1 18.0
1971 2 338.0
1971 3 353.0
1971 4 188.0
1971 5 320.0
1971 6 367.0
1971 7 332.0
1971 8 194.0
1971 9 1124.0
1971 10 275.0
1971 11 551.0
1971 12 873.0
1972 1 216.0
1972 2 797.0
1972 3 721.0
1972 4 527.0
1972 5 699.0
1972 6 864.0
1972 7 398.0
1972 8 562.0
1972 9 327.0
1972 10 1616.0
1972 11 812.0
1972 12 718.0
1973 1 531.0
1973 2 450.0
1973 3 851.0
1973 4 544.0
1973 5 201.0
1973 6 154.0
1973 7 333.0
1973 8 580.0
1973 9 56.0
1973 10 423.0
1973 11 273.0
1973 12 481.0
1974 1 63.0
1974 2 308.0
1974 3 452.0
1974 4 288.0
1974 5 207.0
1974 6 91.0
1974 7 295.0
1974 8 152.0
1974 9 106.0
1974 10 2.0
1974 11 154.0
1974 12 94.0
1975 1 342.0
1975 2 27.0
1975 3 328.0
1975 4 405.0
1975 5 120.0
1975 6 110.0
1975 7 332.0
1975 8 257.0
1975 9 83.0
1975 10 298.0
1975 11 461.0
1975 12 69.0
1976 1 192.0
1976 2 143.0
1976 3 340.0
1976 4 788.0
1976 5 196.0
1976 6 299.0
1976 7 115.0
1976 8 153.0
1976 9 527.0
1976 10 132.0
1976 11 590.0
1976 12 680.0
1977 1 183.0
1977 2 1056.0
1977 3 568.0
1977 4 605.0
1977 5 1028.0
1977 6 1259.0
1977 7 712.0
1977 8 536.0
1977 9 822.0
1977 10 1026.0
1977 11 527.0
1977 12 525.0
1978 1 431.0
1978 2 1052.0
1978 3 2219.0
1978 4 1052.0
1978 5 912.0
1978 6 1440.0
1978 7 914.0
1978 8 346.0
1978 9 301.0
1978 10 1232.0
1978 11 377.0
1978 12 518.0
1979 1 724.0
1979 2 797.0
1979 3 492.0
1979 4 772.0
1979 5 796.0
1979 6 629.0
1979 7 609.0
1979 8 957.0
1979 9 753.0
1979 10 707.0
1979 11 297.0
1979 12 642.0
1980 1 307.0
1980 2 500.0
1980 3 473.0
1980 4 220.0
1980 5 446.0
1980 6 346.0
1980 7 825.0
1980 8 719.0
1980 9 503.0
1980 10 480.0
1980 11 491.0
1980 12 287.0
1981 1 136.0
1981 2 198.0
1981 3 326.0
1981 4 595.0
1981 5 985.0
1981 6 723.0
1981 7 136.0
1981 8 488.0
1981 9 167.0
1981 10 398.0
1981 11 351.0
1981 12 100.0
1982 1 321.0
1982 2 166.0
1982 3 883.0
1982 4 113.0
1982 5 200.0
1982 6 460.0
1982 7 569.0
1982 8 390.0
1982 9 375.0
1982 10 136.0
1982 11 180.0
1982 12 601.0
1983 1 298.0
1983 2 639.0
1983 3 1103.0
1983 4 620.0
1983 5 365.0
1983 6 401.0
1983 7 861.0
1983 8 734.0
1983 9 1032.0
1983 10 691.0
1983 11 756.0
1983 12 351.0
1984 1 617.0
1984 2 755.0
1984 3 338.0
1984 4 324.0
1984 5 509.0
1984 6 323.0
1984 7 238.0
1984 8 703.0
1984 9 845.0
1984 10 732.0
1984 11 529.0
1984 12 458.0
1985 1 591.0
1985 2 264.0
1985 3 569.0
1985 4 955.0
1985 5 303.0
1985 6 221.0
1985 7 814.0
1985 8 250.0
1985 9 188.0
1985 10 157.0
1985 11 556.0
1985 12 972.0
1986 1 236.0
1986 2 476.0
1986 3 1038.0
1986 4 939.0
1986 5 450.0
1986 6 940.0
1986 7 167.0
1986 8 106.0
1986 9 590.0
1986 10 161.0
1986 11 585.0
1986 12 250.0
1987 1 267.0
1987 2 421.0
1987 3 394.0
1987 4 101.0
1987 5 828.0
1987 6 132.0
1987 7 602.0
1987 8 1034.0
1987 9 1128.0
1987 10 374.0
1987 11 459.0
1987 12 399.0
1988 1 508.0
1988 2 918.0
1988 3 2137.0
1988 4 1440.0
1988 5 2554.0
1988 6 1138.0
1988 7 733.0
1988 8 2224.0
1988 9 1538.0
1988 10 745.0
1988 11 1923.0
1988 12 1965.0
1989 1 1105.0
1989 2 1082.0
1989 3 1392.0
1989 4 793.0
1989 5 1102.0
1989 6 2691.0
1989 7 759.0
1989 8 784.0
1989 9 773.0
1989 10 594.0
1989 11 960.0
1989 12 979.0
1990 1 1589.0
1990 2 838.0
1990 3 1441.0
1990 4 994.0
1990 5 619.0
1990 6 1127.0
1990 7 823.0
1990 8 1490.0
1990 9 585.0
1990 10 364.0
1990 11 225.0
1990 12 340.0
1991 1 412.0
1991 2 185.0
1991 3 493.0
1991 4 619.0
1991 5 1288.0
1991 6 1110.0
1991 7 314.0
1991 8 197.0
1991 9 144.0
1991 10 571.0
1991 11 342.0
1991 12 360.0
1992 1 591.0
1992 2 54.0
1992 3 502.0
1992 4 198.0
1992 5 208.0
1992 6 432.0
1992 7 460.0
1992 8 406.0
1992 9 222.0
1992 10 125.0
1992 11 99.0
1992 12 192.0
1993 1 68.0
1993 2 181.0
1993 3 242.0
1993 4 314.0
1993 5 469.0
1993 6 385.0
1993 7 209.0
1993 8 245.0
1993 9 342.0
1993 10 90.0
1993 11 552.0
1993 12 791.0
1994 1 678.0
1994 2 282.0
1994 3 848.0
1994 4 629.0
1994 5 341.0
1994 6 1340.0
1994 7 330.0
1994 8 578.0
1994 9 554.0
1994 10 1264.0
1994 11 209.0
1994 12 1054.0
1995 1 690.0
1995 2 488.0
1995 3 346.0
1995 4 925.0
1995 5 958.0
1995 6 1089.0
1995 7 1042.0
1995 8 1390.0
1995 9 1558.0
1995 10 722.0
1995 11 760.0
1995 12 413.0
1996 1 851.0
1996 2 1612.0
1996 3 1132.0
1996 4 270.0
1996 5 755.0
1996 6 1508.0
1996 7 2732.0
1996 8 771.0
1996 9 809.0
1996 10 967.0
1996 11 642.0
1996 12 1407.0
1997 1 978.0
1997 2 826.0
1997 3 467.0
1997 4 748.0
1997 5 1561.0
1997 6 822.0
1997 7 800.0
1997 8 770.0
1997 9 1088.0
1997 10 535.0
1997 11 1190.0
1997 12 837.0
1998 1 1186.0
1998 2 1111.0
1998 3 1398.0
1998 4 1462.0
1998 5 1413.0
1998 6 456.0
1998 7 134.0
1998 8 643.0
1998 9 515.0
1998 10 1051.0
1998 11 288.0
1998 12 1639.0
1999 1 735.0
1999 2 835.0
1999 3 998.0
1999 4 310.0
1999 5 209.0
1999 6 1461.0
1999 7 457.0
1999 8 433.0
1999 9 598.0
1999 10 257.0
1999 11 281.0
1999 12 567.0
2000 1 475.0
2000 2 583.0
2000 3 122.0
2000 4 831.0
2000 5 388.0
2000 6 1282.0
2000 7 582.0
2000 8 448.0
2000 9 322.0
2000 10 732.0
2000 11 771.0
2000 12 431.0
2001 1 1282.0
2001 2 807.0
2001 3 1703.0
2001 4 1300.0
2001 5 380.0
2001 6 393.0
2001 7 104.0
2001 8 941.0
2001 9 366.0
2001 10 548.0
2001 11 528.0
2001 12 447.0
2002 1 765.0
2002 2 582.0
2002 3 474.0
2002 4 612.0
2002 5 1022.0
2002 6 685.0
2002 7 771.0
2002 8 184.0
2002 9 752.0
2002 10 76.0
2002 11 1213.0
2002 12 664.0
2003 1 545.0
2003 2 1444.0
2003 3 808.0
2003 4 467.0
2003 5 470.0
2003 6 695.0
2003 7 1112.0
2003 8 939.0
2003 9 1194.0
2003 10 941.0
2003 11 578.0
2003 12 859.0
2004 1 496.0
2004 2 672.0
2004 3 443.0
2004 4 593.0
2004 5 665.0
2004 6 461.0
2004 7 297.0
2004 8 73.0
2004 9 709.0
2004 10 360.0
2004 11 184.0
2004 12 219.0
2005 1 309.0
2005 2 574.0
2005 3 452.0
2005 4 1239.0
2005 5 570.0
2005 6 1465.0
2005 7 732.0
2005 8 732.0
2005 9 1598.0
2005 10 243.0
2005 11 1376.0
2005 12 665.0
2006 1 430.0
2006 2 551.0
2006 3 2270.0
2006 4 523.0
2006 5 1259.0
2006 6 1079.0
2006 7 757.0
2006 8 670.0
2006 9 477.0
2006 10 618.0
2006 11 226.0
2006 12 993.0
2007 1 175.0
2007 2 444.0
2007 3 150.0
2007 4 330.0
2007 5 248.0
2007 6 447.0
2007 7 69.0
2007 8 1599.0
2007 9 2253.0
2007 10 3560.0
2007 11 851.0
2007 12 508.0
2008 1 871.5
2008 2 1235.0
2008 3 163.0
2008 4 183.0
2008 5 408.0
2008 6 1632.0
2008 7 498.0
2008 8 1407.0
2008 9 569.0
2008 10 580.0
2008 11 102.0
2008 12 330.0
2009 1 25.0
2009 2 66.0
2009 3 512.0
2009 4 99.0
2009 5 144.0
2009 6 538.0
2009 7 15.0
2009 8 349.0
2009 9 245.0
2009 10 120.0
2009 11 35.0
2009 12 35.0
2010 1 164.0
2010 2 113.0
2010 3 6.0
2010 4 151.0
2010 5 20.0
2010 6 250.0
2010 7 6.0
2010 8 21.0
2010 9 19.0
2010 10 117.0
2010 11 3.0
2010 12 180.0
2011 1 346.0
2011 2 22.0
2011 3 74.0
2011 4 74.0
2011 5 90.0
2011 6 632.0
2011 7 6.0
2011 8 34.0
2011 9 9.0
2011 10 6.0
2011 11 2.0
2011 12 81.0
2012 1 141.0
2012 2 200.0
2012 3 336.0
2012 4 17.0
2012 5 10.0
2012 6 330.0
2012 7 44.0
2012 8 2.0
2012 9 270.0
2012 10 18.0
2012 11 121.0
2012 12 106.0
2013 1 14.0
2013 2 43.0
2013 3 139.0
2013 4 262.0
2013 5 264.0
2013 6 722.0
2013 7 4.0
2013 8 402.0
2013 9 130.0
2013 10 44.0
2013 11 85.0
2013 12 111.0
2014 1 89.0
2014 2 367.0
2014 3 402.0
2014 4 444.0
2014 5 270.0
2014 6 105.0
2014 7 480.0
2014 8 468.0
2014 9 454.0
2014 10 427.0
2014 11 589.0
2014 12 214.0
2015 1 70.0
2015 2 631.0
2015 3 179.0
2015 4 121.0
2015 5 519.0
2015 6 371.0
2015 7 322.0
2015 8 178.0
2015 9 287.0
2015 10 396.0
2015 11 486.0
2015 12 234.0
2016 1 529.0
2016 2 1197.0
2016 3 283.0
2016 4 451.0
2016 5 931.0
2016 6 324.0
2016 7 387.0
2016 8 294.0
2016 9 176.0
2016 10 164.0
2016 11 113.0
2016 12 1083.0
2017 1 505.0
2017 2 131.0
2017 3 238.0
2017 4 678.0
2017 5 497.0
2017 6 579.0
2017 7 378.0
2017 8 787.0
2017 9 125.0
2017 10 511.0
2017 11 1048.0
2017 12 572.0
2018 1 107.0
2018 2 501.0
2018 3 311.0
2018 4 315.0
2018 5 816.0
2018 6 96.0
2018 7 76.0
2018 8 236.0
2018 9 225.0
2018 10 706.0
2018 11 726.0
2018 12 437.0
2019 1 422.0
2019 2 295.0
2019 3 164.0
2019 4 321.0
2019 5 680.0
2019 6 1153.0
2019 7 374.0
2019 8 446.0
2019 9 504.0
2019 10 616.0
2019 11 326.0
2019 12 455.0
2020 1 309.0
2020 2 634.0
2020 3 508.0
2020 4 351.0
2020 5 522.0
2020 6 445.0
2020 7 504.0
2020 8 346.0
2020 9 659.0
2020 10 381.0
2020 11 855.0
2020 12 568.0
2021 1 689.0
2021 2 784.0
2021 3 777.0
2021 4 799.0
2021 5 371.0
2021 6 334.0
2021 7 701.0
2021 8 555.0
2021 9 369.0
2021 10 570.0
2021 11 975.0
2021 12 387.0
2022 1 1232.0
2022 2 259.0
2022 3 624.0
2022 4 1192.0
2022 5 359.0
2022 6 846.0
2022 7 506.0
2022 8 398.0
2022 9 891.0
2022 10 541.0
2022 11 581.0
2022 12 373.0
2023 1 876.0
2023 2 262.0
2023 3 255.0
2023 4 270.0
2023 5 880.0
2023 6 223.0
2023 7 516.0
2023 8 267.0
2023 9 233.0
2023 10 821.0
2023 11 300.0
2023 12 521.0
2024 1 169.0
2024 2 625.0
2024 3 224.0
2024 4 201.0
2024 5 513.0
2024 6 596.0
2024 7 171.0
2024 8 371.0
