1960 5 30.0
1960 6 26.0
1960 7 78.0
1960 8 18.0
1960 9 32.0
1960 10 19.0
1960 11 38.0
1960 12 17.0
1961 1 73.0
1961 2 71.0
1961 3 39.0
1961 4 46.0
1961 5 64.0
1961 6 67.0
1961 7 57.0
1961 8 41.0
1961 9 98.0
1961 10 92.0
1961 11 58.0
1961 12 43.0
1962 1 134.0
1962 2 219.0
1962 3 170.0
1962 4 226.0
1962 5 83.0
1962 6 322.0
1962 7 224.0
1962 8 175.0
1962 9 579.0
1962 10 304.0
1962 11 460.0
1962 12 1068.0
1963 1 419.0
1963 2 243.0
1963 3 97.0
1963 4 226.0
1963 5 56.0
1963 6 36.0
1963 7 24.0
1963 8 14.0
1963 9 7.0
1963 10 37.0
1963 11 122.0
1963 12 71.0
1964 1 228.0
1964 2 63.0
1964 3 13.0
1964 4 142.0
1964 5 24.0
1964 6 29.0
1964 7 35.0
1964 8 38.0
1964 9 30.0
1964 10 66.0
1964 11 16.0
1964 12 126.0
1965 1 15.0
1965 2 12.0
1965 3 9.0
1965 4 32.0
1965 5 42.0
1965 6 16.0
1965 7 80.0
1965 8 4.0
1965 9 4.0
1965 10 4.0
1965 11 16.0
1965 12 4.0
1966 1 2.0
1966 2 6.0
1966 3 14.0
1966 4 8.0
1966 5 4.0
1966 6 7.0
1966 7 10.0
1966 8 4.0
1966 9 4.0
1966 10 4.0
1966 11 4.0
1966 12 4.0
1967 1 4.0
1967 2 4.0
1967 3 2.0
1967 4 7.0
1967 5 6.0
1967 6 25.0
1967 7 4.0
1967 8 6.0
1967 9 8.0
1967 10 36.0
1967 11 2.0
1967 12 2.0
1968 1 2.0
1968 2 5.0
1968 3 46.0
1968 4 12.0
1968 5 44.0
1968 6 31.0
1968 7 18.0
1968 8 8.0
1968 9 16.0
1968 10 12.0
1968 11 14.0
1968 12 4.0
1969 1 10.5
1969 2 17.0
1969 3 15.0
1969 4 2.0
1969 5 2.0
1969 6 5.0
1969 7 8.0
1969 8 14.0
1969 9 5.0
1969 10 40.0
1969 11 14.0
1969 12 8.0
1970 1 2.0
1970 2 4.0
1970 3 29.0
1970 4 139.0
1970 5 38.0
1970 6 8.0
1970 7 20.0
1970 8 46.0
1970 9 9.0
1970 10 20.0
1970 11 72.0
1970 12 5.0
1971 1 8.0
1971 2 98.0
1971 3 118.0
1971 4 146.0
1971 5 36.0
1971 6 114.0
1971 7 62.0
1971 8 39.0
1971 9 123.0
1971 10 28.0
1971 11 61.0
1971 12 23.0
1972 1 24.0
1972 2 65.0
1972 3 125.0
1972 4 68.0
1972 5 278.0
1972 6 39.0
1972 7 31.0
1972 8 35.0
1972 9 26.0
1972 10 12.0
1972 11 53.0
1972 12 66.0
1973 1 24.0
1973 2 20.0
1973 3 26.0
1973 4 30.0
1973 5 153.0
1973 6 98.0
1973 7 90.0
1973 8 22.0
1973 9 35.0
1973 10 56.0
1973 11 89.0
1973 12 63.5
1974 1 38.0
1974 2 11.0
1974 3 11.0
1974 4 16.0
1974 5 13.0
1974 6 34.0
1974 7 44.0
1974 8 20.0
1974 9 14.0
1974 10 2.0
1974 11 2.0
1974 12 6.0
1975 1 58.0
1975 2 27.0
1975 3 10.0
1975 4 12.0
1975 5 55.0
1975 6 50.0
1975 7 18.0
1975 8 16.0
1975 9 27.0
1975 10 30.0
1975 11 10.0
1975 12 9.0
1976 1 37.0
1976 2 56.0
1976 3 59.0
1976 4 24.0
1976 5 64.0
1976 6 34.0
1976 7 30.0
1976 8 20.0
1976 9 79.0
1976 10 43.0
1976 11 56.0
1976 12 60.0
1977 1 64.0
1977 2 16.0
1977 3 87.0
1977 4 72.0
1977 5 81.0
1977 6 103.0
1977 7 51.0
1977 8 41.0
1977 9 80.0
1977 10 216.0
1977 11 60.0
1977 12 99.0
1978 1 158.0
1978 2 13.0
1978 3 162.0
1978 4 61.0
1978 5 102.0
1978 6 171.0
1978 7 490.0
1978 8 38.0
1978 9 114.0
1978 10 70.0
1978 11 136.0
1978 12 56.0
1979 1 104.0
1979 2 226.0
1979 3 28.0
1979 4 25.0
1979 5 343.0
1979 6 59.0
1979 7 102.0
1979 8 145.0
1979 9 53.0
1979 10 211.0
1979 11 60.0
1979 12 99.0
1980 1 232.0
1980 2 26.0
1980 3 194.0
1980 4 18.0
1980 5 14.0
1980 6 68.0
1980 7 164.0
1980 8 295.0
1980 9 62.0
1980 10 77.0
1980 11 145.0
1980 12 149.0
1981 1 45.0
1981 2 47.0
1981 3 52.0
1981 4 143.0
1981 5 45.0
1981 6 55.0
1981 7 87.0
1981 8 26.0
1981 9 45.0
1981 10 107.0
1981 11 125.0
1981 12 36.0
1982 1 12.0
1982 2 149.0
1982 3 75.0
1982 4 15.0
1982 5 46.0
1982 6 22.0
1982 7 360.0
1982 8 278.0
1982 9 302.0
1982 10 37.0
1982 11 64.0
1982 12 109.0
1983 1 25.0
1983 2 66.0
1983 3 210.0
1983 4 26.0
1983 5 78.0
1983 6 235.0
1983 7 125.0
1983 8 80.0
1983 9 43.0
1983 10 58.0
1983 11 35.0
1983 12 80.0
1984 1 251.0
1984 2 10.0
1984 3 134.0
1984 4 91.0
1984 5 60.0
1984 6 264.0
1984 7 92.0
1984 8 191.0
1984 9 373.0
1984 10 16.0
1984 11 67.0
1984 12 7.0
1985 1 90.0
1985 2 6.0
1985 3 6.0
1985 4 41.0
1985 5 12.0
1985 6 42.0
1985 7 39.0
1985 8 34.0
1985 9 69.0
1985 10 31.0
1985 11 26.0
1985 12 22.0
1986 1 117.0
1986 2 42.0
1986 3 24.0
1986 4 44.0
1986 5 72.0
1986 6 63.0
1986 7 24.0
1986 8 25.0
1986 9 52.0
1986 10 60.0
1986 11 27.0
1986 12 24.0
1987 1 20.0
1987 2 24.0
1987 3 37.0
1987 4 4.0
1987 5 46.0
1987 6 112.0
1987 7 24.0
1987 8 48.0
1987 9 23.0
1987 10 43.0
1987 11 75.0
1987 12 62.0
1988 1 41.0
1988 2 4.0
1988 3 24.0
1988 4 87.0
1988 5 45.0
1988 6 9.0
1988 7 20.0
1988 8 31.0
1988 9 87.0
1988 10 46.0
1988 11 40.0
1988 12 74.0
1989 1 126.0
1989 2 59.0
1989 3 54.0
1989 4 87.0
1989 5 108.0
1989 6 82.0
1989 7 106.0
1989 8 53.0
1989 9 60.0
1989 10 27.0
1989 11 51.0
1989 12 24.0
1990 1 76.0
1990 2 5.0
1990 3 277.0
1990 4 42.0
1990 5 90.0
1990 6 71.0
1990 7 122.0
1990 8 8.0
1990 9 15.0
1990 10 36.0
1990 11 4.0
1990 12 106.0
1991 1 12.0
1991 2 77.0
1991 3 27.0
1991 4 29.0
1991 5 17.0
1991 6 165.0
1991 7 6.0
1991 8 15.0
1991 9 58.0
1991 10 26.0
1991 11 18.0
1991 12 2.0
1992 1 4.0
1992 2 19.0
1992 3 10.0
1992 4 28.0
1992 5 8.0
1992 6 13.0
1992 7 136.0
1992 8 36.0
1992 9 69.0
1992 10 76.0
1992 11 8.0
1992 12 53.0
1993 1 30.0
1993 2 105.0
1993 3 42.0
1993 4 109.0
1993 5 13.0
1993 6 24.0
1993 7 19.0
1993 8 14.0
1993 9 31.0
1993 10 18.0
1993 11 59.0
1993 12 108.0
1994 1 68.0
1994 2 34.0
1994 3 68.0
1994 4 68.0
1994 5 62.0
1994 6 39.0
1994 7 19.0
1994 8 13.0
1994 9 75.0
1994 10 122.0
1994 11 18.0
1994 12 24.0
1995 1 35.0
1995 2 68.0
1995 3 76.0
1995 4 72.0
1995 5 115.0
1995 6 93.0
1995 7 74.0
1995 8 33.0
1995 9 88.0
1995 10 155.0
1995 11 56.0
1995 12 130.0
1996 1 39.0
1996 2 58.0
1996 3 47.0
1996 4 77.0
1996 5 89.0
1996 6 93.0
1996 7 158.0
1996 8 69.0
1996 9 87.0
1996 10 98.0
1996 11 128.0
1996 12 24.0
1997 1 100.0
1997 2 156.0
1997 3 85.0
1997 4 39.0
1997 5 78.0
1997 6 124.0
1997 7 85.0
1997 8 119.0
1997 9 202.0
1997 10 142.0
1997 11 28.0
1997 12 12.0
1998 1 10.0
1998 2 10.0
1998 3 54.0
1998 4 52.0
1998 5 34.0
1998 6 86.0
1998 7 41.0
1998 8 22.0
1998 9 41.0
1998 10 133.0
1998 11 21.0
1998 12 27.0
1999 1 18.0
1999 2 128.0
1999 3 50.0
1999 4 40.0
1999 5 32.0
1999 6 93.0
1999 7 26.0
1999 8 103.0
1999 9 11.0
1999 10 37.0
1999 11 3.0
1999 12 217.0
2000 1 39.0
2000 2 31.0
2000 3 8.0
2000 4 27.0
2000 5 80.0
2000 6 6.0
2000 7 10.0
2000 8 16.0
2000 9 113.0
2000 10 8.0
2000 11 96.0
2000 12 53.0
2001 1 5.0
2001 2 2.0
2001 3 33.0
2001 4 18.0
2001 5 10.0
2001 6 46.0
2001 7 25.0
2001 8 141.0
2001 9 14.0
2001 10 75.0
2001 11 71.0
2001 12 13.0
2002 1 8.0
2002 2 7.0
2002 3 6.0
2002 4 57.0
2002 5 11.0
2002 6 33.0
2002 7 31.0
2002 8 27.0
2002 9 4.0
2002 10 20.0
2002 11 31.0
2002 12 39.0
2003 1 79.0
2003 2 36.0
2003 3 24.0
2003 4 52.0
2003 5 65.0
2003 6 167.0
2003 7 40.0
2003 8 31.0
2003 9 253.0
2003 10 87.0
2003 11 43.0
2003 12 50.0
2004 1 120.0
2004 2 70.0
2004 3 268.0
2004 4 413.0
2004 5 239.0
2004 6 72.0
2004 7 151.0
2004 8 2.0
2004 9 143.0
2004 10 64.0
2004 11 49.0
2004 12 49.0
2005 1 43.0
2005 2 244.0
2005 3 175.0
2005 4 83.0
2005 5 124.0
2005 6 143.0
2005 7 97.0
2005 8 47.0
2005 9 182.0
2005 10 63.0
2005 11 190.0
2005 12 24.0
2006 1 64.0
2006 2 44.0
2006 3 168.0
2006 4 62.0
2006 5 93.0
2006 6 81.0
2006 7 156.0
2006 8 40.0
2006 9 41.0
2006 10 49.0
2006 11 63.0
2006 12 46.0
2007 1 47.0
2007 2 68.0
2007 3 79.0
2007 4 73.0
2007 5 181.0
2007 6 21.0
2007 7 24.0
2007 8 20.0
2007 9 14.0
2007 10 50.0
2007 11 20.0
2007 12 50.0
2008 1 36.5
2008 2 23.0
2008 3 35.0
2008 4 24.0
2008 5 21.0
2008 6 48.0
2008 7 22.0
2008 8 18.0
2008 9 15.0
2008 10 4.0
2008 11 20.0
2008 12 2.0
2009 1 13.0
2009 2 24.0
2009 3 14.0
2009 4 33.0
2009 5 21.0
2009 6 54.0
2009 7 15.0
2009 8 24.0
2009 9 15.0
2009 10 24.0
2009 11 29.5
2009 12 35.0
2010 1 48.0
2010 2 18.0
2010 3 6.0
2010 4 18.0
2010 5 20.0
2010 6 13.0
2010 7 6.0
2010 8 16.0
2010 9 14.0
2010 10 10.0
2010 11 3.0
2010 12 2.0
2011 1 8.0
2011 2 7.0
2011 3 6.0
2011 4 2.0
2011 5 2.0
2011 6 42.0
2011 7 6.0
2011 8 7.5
2011 9 9.0
2011 10 6.0
2011 11 2.0
2011 12 12.0
2012 1 22.0
2012 2 32.0
2012 3 8.0
2012 4 8.0
2012 5 8.0
2012 6 8.0
2012 7 8.0
2012 8 2.0
2012 9 41.0
2012 10 12.0
2012 11 4.0
2012 12 10.0
2013 1 4.0
2013 2 10.0
2013 3 16.0
2013 4 18.0
2013 5 92.5
2013 6 167.0
2013 7 4.0
2013 8 36.0
2013 9 2.0
2013 10 4.0
2013 11 40.5
2013 12 77.0
2014 1 4.0
2014 2 17.0
2014 3 14.0
2014 4 6.0
2014 5 6.0
2014 6 10.0
2014 7 89.0
2014 8 18.0
2014 9 12.0
2014 10 14.666666666666666
2014 11 17.333333333333332
2014 12 20.0
2015 1 22.666666666666664
2015 2 25.333333333333332
2015 3 28.0
2015 4 9.0
2015 5 3.0
2015 6 6.0
2015 7 10.0
2015 8 4.0
2015 9 17.0
2015 10 30.0
2015 11 18.0
2015 12 6.0
2016 1 15.0
2016 2 17.0
2016 3 9.5
2016 4 2.0
2016 5 17.0
2016 6 8.0
2016 7 23.0
2016 8 22.0
2016 9 6.0
2016 10 4.0
2016 11 2.0
2016 12 9.0
2017 1 16.0
2017 2 16.0
2017 3 34.0
2017 4 23.0
2017 5 8.0
2017 6 22.0
2017 7 32.0
2017 8 25.0
2017 9 10.0
2017 10 29.0
2017 11 22.0
2017 12 104.0
2018 1 10.0
2018 2 26.0
2018 3 24.0
2018 4 8.0
2018 5 38.0
2018 6 30.666666666666668
2018 7 23.333333333333336
2018 8 16.0
2018 9 18.0
2018 10 20.0
2018 11 14.0
2018 12 18.0
2019 1 38.0
2019 2 20.0
2019 3 62.0
2019 4 65.0
2019 5 16.0
2019 6 14.0
2019 7 43.0
2019 8 40.0
2019 9 12.0
2019 10 48.0
2019 11 28.0
2019 12 22.0
2020 1 93.0
2020 2 113.0
2020 3 96.0
2020 4 71.0
2020 5 32.0
2020 6 87.0
2020 7 236.0
2020 8 134.0
2020 9 94.0
2020 10 65.0
2020 11 124.0
2020 12 81.0
2021 1 127.0
2021 2 44.0
2021 3 96.0
2021 4 45.0
2021 5 132.0
2021 6 130.0
2021 7 146.0
2021 8 38.0
2021 9 86.0
2021 10 77.0
2021 11 96.0
2021 12 63.0
2022 1 64.0
2022 2 47.0
2022 3 54.0
2022 4 56.0
2022 5 23.0
2022 6 22.0
2022 7 57.0
2022 8 30.0
2022 9 50.0
2022 10 47.0
2022 11 31.0
2022 12 14.0
2023 1 11.0
2023 2 25.0
2023 3 74.0
2023 4 25.0
2023 5 56.0
2023 6 38.0
2023 7 48.0
2023 8 60.0
2023 9 31.0
2023 10 18.0
2023 11 38.0
2023 12 26.0
2024 1 36.0
2024 2 25.0
2024 3 39.0
2024 4 10.0
2024 5 44.0
2024 6 31.0
2024 7 52.0
2024 8 22.0
