1960 5 158.0
1960 6 41.0
1960 7 62.0
1960 8 30.0
1960 9 152.0
1960 10 36.0
1960 11 112.0
1960 12 78.0
1961 1 168.0
1961 2 122.0
1961 3 90.0
1961 4 73.0
1961 5 20.0
1961 6 172.0
1961 7 150.0
1961 8 215.0
1961 9 84.0
1961 10 206.0
1961 11 296.0
1961 12 162.0
1962 1 268.5
1962 2 375.0
1962 3 279.0
1962 4 695.0
1962 5 491.0
1962 6 388.0
1962 7 326.0
1962 8 562.0
1962 9 872.0
1962 10 675.0
1962 11 562.0
1962 12 376.0
1963 1 524.0
1963 2 370.0
1963 3 447.0
1963 4 364.0
1963 5 807.0
1963 6 106.0
1963 7 326.0
1963 8 218.0
1963 9 92.0
1963 10 137.0
1963 11 180.0
1963 12 128.0
1964 1 286.0
1964 2 42.0
1964 3 16.0
1964 4 96.0
1964 5 123.0
1964 6 96.0
1964 7 19.0
1964 8 120.0
1964 9 46.0
1964 10 141.0
1964 11 11.0
1964 12 49.5
1965 1 88.0
1965 2 10.0
1965 3 95.0
1965 4 27.0
1965 5 584.0
1965 6 62.0
1965 7 132.0
1965 8 18.0
1965 9 49.0
1965 10 18.0
1965 11 6.0
1965 12 70.0
1966 1 6.0
1966 2 28.0
1966 3 50.0
1966 4 41.666666666666664
1966 5 33.33333333333333
1966 6 25.0
1966 7 21.5
1966 8 18.0
1966 9 72.0
1966 10 126.0
1966 11 55.0
1966 12 30.5
1967 1 6.0
1967 2 5.0
1967 3 100.0
1967 4 55.0
1967 5 10.0
1967 6 25.0
1967 7 23.0
1967 8 21.0
1967 9 24.666666666666668
1967 10 28.333333333333332
1967 11 32.0
1967 12 51.0
1968 1 20.0
1968 2 8.0
1968 3 10.0
1968 4 72.0
1968 5 12.0
1968 6 66.0
1968 7 46.0
1968 8 41.0
1968 9 106.0
1968 10 60.0
1968 11 173.0
1968 12 151.0
1969 1 24.0
1969 2 223.0
1969 3 45.0
1969 4 119.0
1969 5 86.0
1969 6 36.0
1969 7 92.0
1969 8 12.0
1969 9 50.0
1969 10 183.0
1969 11 121.0
1969 12 59.0
1970 1 327.0
1970 2 124.0
1970 3 251.0
1970 4 533.0
1970 5 90.0
1970 6 7.0
1970 7 20.0
1970 8 179.0
1970 9 176.0
1970 10 130.0
1970 11 73.0
1970 12 311.0
1971 1 10.0
1971 2 240.0
1971 3 235.0
1971 4 42.0
1971 5 284.0
1971 6 253.0
1971 7 270.0
1971 8 155.0
1971 9 1001.0
1971 10 247.0
1971 11 490.0
1971 12 850.0
1972 1 192.0
1972 2 732.0
1972 3 596.0
1972 4 459.0
1972 5 421.0
1972 6 825.0
1972 7 367.0
1972 8 527.0
1972 9 301.0
1972 10 1604.0
1972 11 759.0
1972 12 652.0
1973 1 507.0
1973 2 430.0
1973 3 825.0
1973 4 514.0
1973 5 48.0
1973 6 56.0
1973 7 243.0
1973 8 558.0
1973 9 21.0
1973 10 367.0
1973 11 184.0
1973 12 481.0
1974 1 25.0
1974 2 297.0
1974 3 441.0
1974 4 272.0
1974 5 194.0
1974 6 57.0
1974 7 251.0
1974 8 132.0
1974 9 92.0
1974 10 122.0
1974 11 152.0
1974 12 88.0
1975 1 284.0
1975 2 301.0
1975 3 318.0
1975 4 393.0
1975 5 65.0
1975 6 60.0
1975 7 314.0
1975 8 241.0
1975 9 56.0
1975 10 268.0
1975 11 451.0
1975 12 60.0
1976 1 155.0
1976 2 87.0
1976 3 281.0
1976 4 764.0
1976 5 132.0
1976 6 265.0
1976 7 85.0
1976 8 133.0
1976 9 448.0
1976 10 89.0
1976 11 534.0
1976 12 620.0
1977 1 119.0
1977 2 1040.0
1977 3 481.0
1977 4 533.0
1977 5 947.0
1977 6 1156.0
1977 7 661.0
1977 8 495.0
1977 9 742.0
1977 10 810.0
1977 11 467.0
1977 12 426.0
1978 1 273.0
1978 2 1039.0
1978 3 2057.0
1978 4 991.0
1978 5 810.0
1978 6 1269.0
1978 7 424.0
1978 8 308.0
1978 9 187.0
1978 10 1162.0
1978 11 241.0
1978 12 462.0
1979 1 620.0
1979 2 571.0
1979 3 464.0
1979 4 747.0
1979 5 453.0
1979 6 570.0
1979 7 507.0
1979 8 812.0
1979 9 700.0
1979 10 496.0
1979 11 237.0
1979 12 543.0
1980 1 75.0
1980 2 474.0
1980 3 279.0
1980 4 202.0
1980 5 432.0
1980 6 278.0
1980 7 661.0
1980 8 424.0
1980 9 441.0
1980 10 403.0
1980 11 346.0
1980 12 138.0
1981 1 91.0
1981 2 151.0
1981 3 274.0
1981 4 452.0
1981 5 940.0
1981 6 668.0
1981 7 49.0
1981 8 462.0
1981 9 122.0
1981 10 291.0
1981 11 226.0
1981 12 64.0
1982 1 309.0
1982 2 17.0
1982 3 808.0
1982 4 98.0
1982 5 154.0
1982 6 438.0
1982 7 209.0
1982 8 112.0
1982 9 73.0
1982 10 99.0
1982 11 116.0
1982 12 492.0
1983 1 273.0
1983 2 573.0
1983 3 893.0
1983 4 594.0
1983 5 287.0
1983 6 166.0
1983 7 736.0
1983 8 654.0
1983 9 989.0
1983 10 633.0
1983 11 721.0
1983 12 271.0
1984 1 366.0
1984 2 745.0
1984 3 204.0
1984 4 233.0
1984 5 449.0
1984 6 59.0
1984 7 146.0
1984 8 512.0
1984 9 472.0
1984 10 716.0
1984 11 462.0
1984 12 451.0
1985 1 501.0
1985 2 258.0
1985 3 563.0
1985 4 914.0
1985 5 291.0
1985 6 179.0
1985 7 775.0
1985 8 216.0
1985 9 119.0
1985 10 126.0
1985 11 530.0
1985 12 950.0
1986 1 119.0
1986 2 434.0
1986 3 1014.0
1986 4 895.0
1986 5 378.0
1986 6 877.0
1986 7 143.0
1986 8 81.0
1986 9 538.0
1986 10 101.0
1986 11 558.0
1986 12 226.0
1987 1 247.0
1987 2 397.0
1987 3 357.0
1987 4 97.0
1987 5 782.0
1987 6 20.0
1987 7 578.0
1987 8 986.0
1987 9 1105.0
1987 10 331.0
1987 11 384.0
1987 12 337.0
1988 1 467.0
1988 2 914.0
1988 3 2113.0
1988 4 1353.0
1988 5 2509.0
1988 6 1129.0
1988 7 713.0
1988 8 2193.0
1988 9 1451.0
1988 10 699.0
1988 11 1883.0
1988 12 1891.0
1989 1 979.0
1989 2 1023.0
1989 3 1338.0
1989 4 706.0
1989 5 994.0
1989 6 2609.0
1989 7 653.0
1989 8 731.0
1989 9 713.0
1989 10 567.0
1989 11 909.0
1989 12 955.0
1990 1 1513.0
1990 2 833.0
1990 3 1164.0
1990 4 952.0
1990 5 529.0
1990 6 1056.0
1990 7 701.0
1990 8 1482.0
1990 9 570.0
1990 10 328.0
1990 11 221.0
1990 12 234.0
1991 1 400.0
1991 2 108.0
1991 3 466.0
1991 4 590.0
1991 5 1271.0
1991 6 945.0
1991 7 308.0
1991 8 182.0
1991 9 86.0
1991 10 545.0
1991 11 324.0
1991 12 358.0
1992 1 587.0
1992 2 35.0
1992 3 492.0
1992 4 170.0
1992 5 200.0
1992 6 419.0
1992 7 324.0
1992 8 370.0
1992 9 153.0
1992 10 49.0
1992 11 91.0
1992 12 139.0
1993 1 38.0
1993 2 76.0
1993 3 200.0
1993 4 205.0
1993 5 456.0
1993 6 361.0
1993 7 190.0
1993 8 231.0
1993 9 311.0
1993 10 72.0
1993 11 493.0
1993 12 683.0
1994 1 610.0
1994 2 248.0
1994 3 780.0
1994 4 561.0
1994 5 279.0
1994 6 1301.0
1994 7 311.0
1994 8 565.0
1994 9 479.0
1994 10 1142.0
1994 11 191.0
1994 12 1030.0
1995 1 655.0
1995 2 420.0
1995 3 270.0
1995 4 853.0
1995 5 843.0
1995 6 996.0
1995 7 968.0
1995 8 1357.0
1995 9 1470.0
1995 10 567.0
1995 11 704.0
1995 12 283.0
1996 1 812.0
1996 2 1554.0
1996 3 1085.0
1996 4 193.0
1996 5 666.0
1996 6 1415.0
1996 7 2574.0
1996 8 702.0
1996 9 722.0
1996 10 869.0
1996 11 514.0
1996 12 1383.0
1997 1 878.0
1997 2 670.0
1997 3 382.0
1997 4 709.0
1997 5 1483.0
1997 6 698.0
1997 7 715.0
1997 8 651.0
1997 9 886.0
1997 10 393.0
1997 11 1162.0
1997 12 825.0
1998 1 1176.0
1998 2 1101.0
1998 3 1344.0
1998 4 1410.0
1998 5 1379.0
1998 6 370.0
1998 7 93.0
1998 8 621.0
1998 9 474.0
1998 10 918.0
1998 11 267.0
1998 12 1612.0
1999 1 717.0
1999 2 707.0
1999 3 948.0
1999 4 270.0
1999 5 177.0
1999 6 1368.0
1999 7 431.0
1999 8 330.0
1999 9 587.0
1999 10 220.0
1999 11 278.0
1999 12 350.0
2000 1 436.0
2000 2 552.0
2000 3 114.0
2000 4 804.0
2000 5 308.0
2000 6 1276.0
2000 7 572.0
2000 8 432.0
2000 9 209.0
2000 10 724.0
2000 11 675.0
2000 12 378.0
2001 1 1277.0
2001 2 805.0
2001 3 1670.0
2001 4 1282.0
2001 5 370.0
2001 6 347.0
2001 7 79.0
2001 8 800.0
2001 9 352.0
2001 10 473.0
2001 11 457.0
2001 12 434.0
2002 1 757.0
2002 2 582.0
2002 3 468.0
2002 4 555.0
2002 5 1011.0
2002 6 652.0
2002 7 740.0
2002 8 157.0
2002 9 748.0
2002 10 56.0
2002 11 1182.0
2002 12 625.0
2003 1 466.0
2003 2 1408.0
2003 3 784.0
2003 4 415.0
2003 5 405.0
2003 6 528.0
2003 7 1072.0
2003 8 908.0
2003 9 941.0
2003 10 854.0
2003 11 535.0
2003 12 809.0
2004 1 376.0
2004 2 602.0
2004 3 175.0
2004 4 180.0
2004 5 426.0
2004 6 389.0
2004 7 146.0
2004 8 71.0
2004 9 566.0
2004 10 296.0
2004 11 135.0
2004 12 170.0
2005 1 266.0
2005 2 330.0
2005 3 277.0
2005 4 1156.0
2005 5 446.0
2005 6 1322.0
2005 7 635.0
2005 8 685.0
2005 9 1416.0
2005 10 180.0
2005 11 1186.0
2005 12 641.0
2006 1 366.0
2006 2 507.0
2006 3 2102.0
2006 4 461.0
2006 5 1166.0
2006 6 998.0
2006 7 601.0
2006 8 630.0
2006 9 436.0
2006 10 569.0
2006 11 163.0
2006 12 947.0
2007 1 128.0
2007 2 376.0
2007 3 71.0
2007 4 257.0
2007 5 67.0
2007 6 426.0
2007 7 45.0
2007 8 1579.0
2007 9 2239.0
2007 10 3510.0
2007 11 831.0
2007 12 458.0
2008 1 835.0
2008 2 1212.0
2008 3 128.0
2008 4 159.0
2008 5 387.0
2008 6 1584.0
2008 7 476.0
2008 8 1389.0
2008 9 554.0
2008 10 576.0
2008 11 82.0
2008 12 328.0
2009 1 25.0
2009 2 42.0
2009 3 498.0
2009 4 66.0
2009 5 123.0
2009 6 484.0
2009 7 404.5
2009 8 325.0
2009 9 230.0
2009 10 96.0
2009 11 35.0
2009 12 75.5
2010 1 116.0
2010 2 95.0
2010 3 114.0
2010 4 133.0
2010 5 191.5
2010 6 250.0
2010 7 127.5
2010 8 5.0
2010 9 5.0
2010 10 107.0
2010 11 142.5
2010 12 178.0
2011 1 338.0
2011 2 22.0
2011 3 68.0
2011 4 72.0
2011 5 88.0
2011 6 590.0
2011 7 312.0
2011 8 34.0
2011 9 45.75
2011 10 57.5
2011 11 69.25
2011 12 81.0
2012 1 141.0
2012 2 168.0
2012 3 328.0
2012 4 17.0
2012 5 10.0
2012 6 330.0
2012 7 36.0
2012 8 132.5
2012 9 229.0
2012 10 6.0
2012 11 117.0
2012 12 96.0
2013 1 10.0
2013 2 43.0
2013 3 123.0
2013 4 244.0
2013 5 264.0
2013 6 555.0
2013 7 460.5
2013 8 366.0
2013 9 128.0
2013 10 40.0
2013 11 85.0
2013 12 34.0
2014 1 85.0
2014 2 350.0
2014 3 388.0
2014 4 438.0
2014 5 264.0
2014 6 95.0
2014 7 391.0
2014 8 450.0
2014 9 442.0
2014 10 427.0
2014 11 589.0
2014 12 214.0
2015 1 70.0
2015 2 631.0
2015 3 151.0
2015 4 112.0
2015 5 516.0
2015 6 365.0
2015 7 312.0
2015 8 174.0
2015 9 270.0
2015 10 366.0
2015 11 486.0
2015 12 228.0
2016 1 514.0
2016 2 1180.0
2016 3 283.0
2016 4 449.0
2016 5 914.0
2016 6 316.0
2016 7 364.0
2016 8 272.0
2016 9 170.0
2016 10 164.0
2016 11 111.0
2016 12 1083.0
2017 1 489.0
2017 2 115.0
2017 3 204.0
2017 4 655.0
2017 5 489.0
2017 6 557.0
2017 7 346.0
2017 8 762.0
2017 9 115.0
2017 10 482.0
2017 11 1026.0
2017 12 468.0
2018 1 97.0
2018 2 475.0
2018 3 287.0
2018 4 307.0
2018 5 778.0
2018 6 96.0
2018 7 76.0
2018 8 220.0
2018 9 225.0
2018 10 686.0
2018 11 712.0
2018 12 419.0
2019 1 384.0
2019 2 275.0
2019 3 102.0
2019 4 256.0
2019 5 664.0
2019 6 1139.0
2019 7 331.0
2019 8 406.0
2019 9 492.0
2019 10 568.0
2019 11 298.0
2019 12 433.0
2020 1 216.0
2020 2 521.0
2020 3 412.0
2020 4 280.0
2020 5 490.0
2020 6 358.0
2020 7 268.0
2020 8 212.0
2020 9 565.0
2020 10 316.0
2020 11 731.0
2020 12 487.0
2021 1 562.0
2021 2 740.0
2021 3 681.0
2021 4 754.0
2021 5 239.0
2021 6 204.0
2021 7 555.0
2021 8 517.0
2021 9 283.0
2021 10 493.0
2021 11 879.0
2021 12 324.0
2022 1 1168.0
2022 2 212.0
2022 3 570.0
2022 4 1136.0
2022 5 336.0
2022 6 824.0
2022 7 449.0
2022 8 368.0
2022 9 841.0
2022 10 494.0
2022 11 550.0
2022 12 359.0
2023 1 865.0
2023 2 237.0
2023 3 181.0
2023 4 245.0
2023 5 824.0
2023 6 185.0
2023 7 468.0
2023 8 207.0
2023 9 202.0
2023 10 803.0
2023 11 262.0
2023 12 495.0
2024 1 133.0
2024 2 600.0
2024 3 185.0
2024 4 191.0
2024 5 469.0
2024 6 565.0
2024 7 119.0
2024 8 349.0
