1960 5 425.0
1960 6 490.0
1960 7 500.0
1960 8 354.0
1960 9 530.0
1960 10 306.0
1960 11 456.0
1960 12 312.0
1961 1 541.0
1961 2 452.0
1961 3 637.0
1961 4 434.0
1961 5 473.0
1961 6 650.0
1961 7 693.0
1961 8 836.0
1961 9 614.0
1961 10 647.0
1961 11 691.0
1961 12 646.0
1962 1 712.0
1962 2 1429.0
1962 3 838.0
1962 4 1819.0
1962 5 1291.0
1962 6 1432.0
1962 7 1117.0
1962 8 1483.0
1962 9 1988.0
1962 10 1703.0
1962 11 1686.0
1962 12 2100.0
1963 1 1669.0
1963 2 1705.0
1963 3 1259.0
1963 4 2098.0
1963 5 2126.0
1963 6 636.0
1963 7 867.0
1963 8 880.0
1963 9 766.0
1963 10 810.0
1963 11 744.0
1963 12 490.0
1964 1 827.0
1964 2 360.0
1964 3 484.0
1964 4 641.0
1964 5 538.0
1964 6 391.0
1964 7 407.0
1964 8 456.0
1964 9 331.0
1964 10 494.0
1964 11 254.0
1964 12 241.0
1965 1 472.0
1965 2 260.0
1965 3 408.0
1965 4 436.0
1965 5 877.0
1965 6 363.0
1965 7 407.0
1965 8 219.0
1965 9 342.0
1965 10 220.0
1965 11 174.0
1965 12 194.0
1966 1 125.0
1966 2 115.0
1966 3 232.0
1966 4 168.0
1966 5 196.0
1966 6 193.0
1966 7 82.0
1966 8 104.0
1966 9 89.0
1966 10 166.0
1966 11 94.0
1966 12 49.0
1967 1 62.0
1967 2 80.0
1967 3 164.0
1967 4 79.0
1967 5 164.0
1967 6 148.0
1967 7 84.0
1967 8 197.0
1967 9 145.0
1967 10 152.0
1967 11 133.0
1967 12 232.0
1968 1 187.0
1968 2 229.0
1968 3 239.0
1968 4 283.0
1968 5 252.0
1968 6 266.0
1968 7 333.0
1968 8 226.0
1968 9 278.0
1968 10 292.0
1968 11 362.0
1968 12 334.0
1969 1 307.0
1969 2 517.0
1969 3 407.0
1969 4 561.0
1969 5 493.0
1969 6 247.0
1969 7 454.0
1969 8 323.0
1969 9 395.0
1969 10 629.0
1969 11 292.0
1969 12 459.0
1970 1 684.0
1970 2 518.0
1970 3 876.0
1970 4 1167.0
1970 5 575.0
1970 6 375.0
1970 7 643.0
1970 8 640.0
1970 9 542.0
1970 10 606.0
1970 11 541.0
1970 12 1330.0
1971 1 678.0
1971 2 867.0
1971 3 1017.0
1971 4 669.0
1971 5 1064.0
1971 6 1107.0
1971 7 883.0
1971 8 1053.0
1971 9 1868.0
1971 10 666.0
1971 11 1057.0
1971 12 1812.0
1972 1 776.0
1972 2 1442.0
1972 3 1536.0
1972 4 1160.0
1972 5 1443.0
1972 6 1770.0
1972 7 1193.0
1972 8 1138.0
1972 9 1039.0
1972 10 2256.0
1972 11 1595.0
1972 12 1316.0
1973 1 1173.0
1973 2 1213.0
1973 3 1760.0
1973 4 1410.0
1973 5 934.0
1973 6 704.0
1973 7 1359.0
1973 8 1290.0
1973 9 858.0
1973 10 816.0
1973 11 701.0
1973 12 731.0
1974 1 400.0
1974 2 557.0
1974 3 962.0
1974 4 776.0
1974 5 545.0
1974 6 323.0
1974 7 594.0
1974 8 376.0
1974 9 270.0
1974 10 212.0
1974 11 406.0
1974 12 356.0
1975 1 504.0
1975 2 209.0
1975 3 597.0
1975 4 810.0
1975 5 553.0
1975 6 463.0
1975 7 773.0
1975 8 617.0
1975 9 520.0
1975 10 674.0
1975 11 858.0
1975 12 352.0
1976 1 563.0
1976 2 667.0
1976 3 1099.0
1976 4 1359.0
1976 5 815.0
1976 6 759.0
1976 7 741.0
1976 8 675.0
1976 9 1301.0
1976 10 626.0
1976 11 1545.0
1976 12 1266.0
1977 1 879.0
1977 2 1831.0
1977 3 1442.0
1977 4 1623.0
1977 5 1932.0
1977 6 2275.0
1977 7 1879.0
1977 8 1548.0
1977 9 2032.0
1977 10 1742.0
1977 11 1473.0
1977 12 1070.0
1978 1 1363.0
1978 2 1822.0
1978 3 3720.0
1978 4 2511.0
1978 5 2280.0
1978 6 2393.0
1978 7 2012.0
1978 8 1492.0
1978 9 1093.0
1978 10 2162.0
1978 11 1645.0
1978 12 1441.0
1979 1 1333.0
1979 2 1901.0
1979 3 1890.0
1979 4 1905.0
1979 5 1724.0
1979 6 1786.0
1979 7 1837.0
1979 8 1994.0
1979 9 1706.0
1979 10 1263.0
1979 11 727.0
1979 12 1184.0
1980 1 816.0
1980 2 954.0
1980 3 896.0
1980 4 564.0
1980 5 681.0
1980 6 1082.0
1980 7 1628.0
1980 8 1537.0
1980 9 1202.0
1980 10 1033.0
1980 11 874.0
1980 12 847.0
1981 1 400.0
1981 2 632.0
1981 3 836.0
1981 4 1312.0
1981 5 1564.0
1981 6 1260.0
1981 7 572.0
1981 8 864.0
1981 9 1521.0
1981 10 548.0
1981 11 629.0
1981 12 337.0
1982 1 433.0
1982 2 385.0
1982 3 1544.0
1982 4 488.0
1982 5 528.0
1982 6 791.0
1982 7 978.0
1982 8 739.0
1982 9 760.0
1982 10 528.0
1982 11 697.0
1982 12 1001.0
1983 1 709.0
1983 2 1372.0
1983 3 1699.0
1983 4 1300.0
1983 5 1383.0
1983 6 1775.0
1983 7 1577.0
1983 8 1516.0
1983 9 1578.0
1983 10 1326.0
1983 11 1150.0
1983 12 786.0
1984 1 1089.0
1984 2 1379.0
1984 3 1123.0
1984 4 1206.0
1984 5 1194.0
1984 6 906.0
1984 7 710.0
1984 8 1059.0
1984 9 1405.0
1984 10 1082.0
1984 11 923.0
1984 12 913.0
1985 1 963.0
1985 2 1157.0
1985 3 1195.0
1985 4 1590.0
1985 5 843.0
1985 6 693.0
1985 7 1432.0
1985 8 885.0
1985 9 833.0
1985 10 857.0
1985 11 991.0
1985 12 1689.0
1986 1 963.0
1986 2 1103.0
1986 3 1826.0
1986 4 2401.0
1986 5 1417.0
1986 6 1998.0
1986 7 967.0
1986 8 924.0
1986 9 1215.0
1986 10 881.0
1986 11 1181.0
1986 12 933.0
1987 1 1039.0
1987 2 1275.0
1987 3 1337.0
1987 4 967.0
1987 5 1619.0
1987 6 1211.0
1987 7 1608.0
1987 8 1862.0
1987 9 1859.0
1987 10 982.0
1987 11 1034.0
1987 12 1084.0
1988 1 1198.0
1988 2 1769.0
1988 3 3099.0
1988 4 2447.0
1988 5 3968.0
1988 6 1888.0
1988 7 1684.0
1988 8 3432.0
1988 9 3242.0
1988 10 1726.0
1988 11 2972.0
1988 12 3231.0
1989 1 1985.0
1989 2 2924.0
1989 3 2473.0
1989 4 2075.0
1989 5 2263.0
1989 6 4051.0
1989 7 2104.0
1989 8 2445.0
1989 9 2092.0
1989 10 1799.0
1989 11 2564.0
1989 12 2368.0
1990 1 2650.0
1990 2 1973.0
1990 3 2752.0
1990 4 2373.0
1990 5 2212.0
1990 6 2389.0
1990 7 2088.0
1990 8 3111.0
1990 9 1643.0
1990 10 1471.0
1990 11 1135.0
1990 12 1148.0
1991 1 1273.0
1991 2 912.0
1991 3 1510.0
1991 4 1941.0
1991 5 2755.0
1991 6 3087.0
1991 7 1341.0
1991 8 1317.0
1991 9 1052.0
1991 10 1663.0
1991 11 1317.0
1991 12 2448.0
1992 1 1764.0
1992 2 984.0
1992 3 1425.0
1992 4 1466.0
1992 5 1266.0
1992 6 1424.0
1992 7 1628.0
1992 8 1712.0
1992 9 1337.0
1992 10 1513.0
1992 11 1241.0
1992 12 1125.0
1993 1 866.0
1993 2 1552.0
1993 3 1662.0
1993 4 1988.0
1993 5 2175.0
1993 6 2041.0
1993 7 2056.0
1993 8 2220.0
1993 9 2366.0
1993 10 1856.0
1993 11 2120.0
1993 12 2471.0
1994 1 2138.0
1994 2 1944.0
1994 3 3183.0
1994 4 2812.0
1994 5 2740.0
1994 6 3389.0
1994 7 2104.0
1994 8 2503.0
1994 9 2716.0
1994 10 3164.0
1994 11 1808.0
1994 12 2569.0
1995 1 2128.0
1995 2 1961.0
1995 3 2007.0
1995 4 2635.0
1995 5 3595.0
1995 6 2910.0
1995 7 2909.0
1995 8 3626.0
1995 9 3509.0
1995 10 2628.0
1995 11 2277.0
1995 12 2552.0
1996 1 2874.0
1996 2 3339.0
1996 3 3070.0
1996 4 2257.0
1996 5 3194.0
1996 6 3756.0
1996 7 4923.0
1996 8 3103.0
1996 9 2979.0
1996 10 2662.0
1996 11 1977.0
1996 12 3063.0
1997 1 2477.0
1997 2 2609.0
1997 3 2399.0
1997 4 2989.0
1997 5 3640.0
1997 6 2788.0
1997 7 2965.0
1997 8 2816.0
1997 9 3351.0
1997 10 2524.0
1997 11 2608.0
1997 12 2519.0
1998 1 2949.0
1998 2 2888.0
1998 3 3650.0
1998 4 4719.0
1998 5 3113.0
1998 6 2470.0
1998 7 2053.0
1998 8 2473.0
1998 9 2856.0
1998 10 3014.0
1998 11 2109.0
1998 12 3426.0
1999 1 2093.0
1999 2 3209.0
1999 3 3264.0
1999 4 2341.0
1999 5 2341.0
1999 6 4078.0
1999 7 2576.0
1999 8 2648.0
1999 9 2769.0
1999 10 1830.0
1999 11 2177.0
1999 12 2563.0
2000 1 2312.0
2000 2 2528.0
2000 3 2459.0
2000 4 2932.0
2000 5 2462.0
2000 6 3375.0
2000 7 2409.0
2000 8 3183.0
2000 9 2237.0
2000 10 2842.0
2000 11 2849.0
2000 12 2332.0
2001 1 3146.0
2001 2 2670.0
2001 3 4128.0
2001 4 3971.0
2001 5 2810.0
2001 6 2888.0
2001 7 2385.0
2001 8 3684.0
2001 9 2634.0
2001 10 2704.0
2001 11 2480.0
2001 12 2038.0
2002 1 2607.0
2002 2 2543.0
2002 3 2902.0
2002 4 2598.0
2002 5 3269.0
2002 6 3054.0
2002 7 3173.0
2002 8 2481.0
2002 9 3139.0
2002 10 2804.0
2002 11 3382.0
2002 12 3118.0
2003 1 2679.0
2003 2 3896.0
2003 3 3353.0
2003 4 3039.0
2003 5 3275.0
2003 6 4041.0
2003 7 4322.0
2003 8 3669.0
2003 9 4229.0
2003 10 3581.0
2003 11 2666.0
2003 12 4223.0
2004 1 3184.0
2004 2 3646.0
2004 3 3673.0
2004 4 4306.0
2004 5 5453.0
2004 6 4511.0
2004 7 3802.0
2004 8 2904.0
2004 9 3584.0
2004 10 2474.0
2004 11 2664.0
2004 12 2680.0
2005 1 1996.0
2005 2 3435.0
2005 3 3708.0
2005 4 4134.0
2005 5 4172.0
2005 6 5509.0
2005 7 4256.0
2005 8 4569.0
2005 9 4958.0
2005 10 3283.0
2005 11 3955.0
2005 12 3616.0
2006 1 2997.0
2006 2 3545.0
2006 3 5889.0
2006 4 3225.0
2006 5 4224.0
2006 6 3676.0
2006 7 2716.0
2006 8 2945.0
2006 9 1815.0
2006 10 1916.0
2006 11 1262.0
2006 12 2271.0
2007 1 1538.0
2007 2 1888.0
2007 3 2292.0
2007 4 2412.0
2007 5 2237.0
2007 6 1976.0
2007 7 1257.0
2007 8 2749.0
2007 9 3114.0
2007 10 5059.0
2007 11 1654.0
2007 12 902.0
2008 1 467.0
2008 2 1750.0
2008 3 699.0
2008 4 1021.0
2008 5 1302.0
2008 6 2594.0
2008 7 1293.0
2008 8 2021.0
2008 9 1138.0
2008 10 1017.0
2008 11 346.0
2008 12 531.0
2009 1 256.0
2009 2 268.0
2009 3 821.0
2009 4 486.0
2009 5 518.0
2009 6 965.0
2009 7 593.0
2009 8 834.0
2009 9 727.0
2009 10 511.0
2009 11 364.0
2009 12 473.0
2010 1 573.0
2010 2 632.0
2010 3 864.0
2010 4 698.0
2010 5 501.0
2010 6 751.0
2010 7 455.0
2010 8 463.0
2010 9 303.0
2010 10 433.0
2010 11 240.0
2010 12 544.0
2011 1 643.0
2011 2 312.0
2011 3 541.0
2011 4 436.0
2011 5 598.0
2011 6 1190.0
2011 7 368.0
2011 8 459.0
2011 9 353.0
2011 10 289.0
2011 11 360.0
2011 12 505.0
2012 1 428.0
2012 2 557.0
2012 3 956.0
2012 4 767.0
2012 5 792.0
2012 6 1155.0
2012 7 751.0
2012 8 701.0
2012 9 854.0
2012 10 698.0
2012 11 726.0
2012 12 634.0
2013 1 758.0
2013 2 633.0
2013 3 1005.0
2013 4 1128.0
2013 5 1268.0
2013 6 1550.0
2013 7 700.0
2013 8 1315.0
2013 9 815.0
2013 10 794.0
2013 11 658.0
2013 12 591.0
2014 1 676.0
2014 2 918.0
2014 3 1100.0
2014 4 1194.0
2014 5 1145.0
2014 6 1076.0
2014 7 1487.0
2014 8 1230.0
2014 9 1163.0
2014 10 1150.0
2014 11 1158.0
2014 12 881.0
2015 1 640.0
2015 2 1485.0
2015 3 1238.0
2015 4 1132.0
2015 5 1423.0
2015 6 1464.0
2015 7 1248.0
2015 8 1026.0
2015 9 780.0
2015 10 1201.0
2015 11 1143.0
2015 12 1066.0
2016 1 1213.0
2016 2 2098.0
2016 3 1310.0
2016 4 1552.0
2016 5 2059.0
2016 6 1528.0
2016 7 1422.0
2016 8 1187.0
2016 9 1164.0
2016 10 1044.0
2016 11 932.0
2016 12 1914.0
2017 1 1314.0
2017 2 1092.0
2017 3 1437.0
2017 4 1771.0
2017 5 1812.0
2017 6 1818.0
2017 7 1576.0
2017 8 1932.0
2017 9 1043.0
2017 10 1597.0
2017 11 2032.0
2017 12 1457.0
2018 1 1189.0
2018 2 1588.0
2018 3 1577.0
2018 4 1510.0
2018 5 2080.0
2018 6 1163.0
2018 7 1236.0
2018 8 1352.0
2018 9 1118.0
2018 10 1736.0
2018 11 1632.0
2018 12 1140.0
2019 1 1204.0
2019 2 1335.0
2019 3 1100.0
2019 4 1310.0
2019 5 1673.0
2019 6 2230.0
2019 7 1865.0
2019 8 1404.0
2019 9 1378.0
2019 10 1699.0
2019 11 1087.0
2019 12 1276.0
2020 1 1610.0
2020 2 1800.0
2020 3 1712.0
2020 4 1032.0
2020 5 1122.0
2020 6 1437.0
2020 7 1962.0
2020 8 1514.0
2020 9 2006.0
2020 10 1483.0
2020 11 1943.0
2020 12 2141.0
2021 1 2029.0
2021 2 2129.0
2021 3 2184.0
2021 4 2156.0
2021 5 1712.0
2021 6 1770.0
2021 7 1795.0
2021 8 2182.0
2021 9 1666.0
2021 10 1770.0
2021 11 2266.0
2021 12 1784.0
2022 1 2608.0
2022 2 1833.0
2022 3 2263.0
2022 4 2634.0
2022 5 1641.0
2022 6 1938.0
2022 7 1174.0
2022 8 1267.0
2022 9 1659.0
2022 10 1250.0
2022 11 1171.0
2022 12 883.0
2023 1 1476.0
2023 2 1041.0
2023 3 1781.0
2023 4 1245.0
2023 5 2224.0
2023 6 1528.0
2023 7 1766.0
2023 8 1298.0
2023 9 1351.0
2023 10 1672.0
2023 11 1414.0
2023 12 1698.0
2024 1 1537.0
2024 2 1773.0
2024 3 1670.0
2024 4 1568.0
2024 5 1881.0
2024 6 1840.0
2024 7 1653.0
2024 8 1494.0
