1960 5 2.0
1960 6 6.0
1960 7 10.0
1960 8 6.0
1960 9 5.0
1960 10 4.0
1960 11 6.0
1960 12 5.0
1961 1 4.0
1961 2 3.0
1961 3 2.0
1961 4 9.0
1961 5 16.0
1961 6 9.5
1961 7 3.0
1961 8 2.5
1961 9 2.0
1961 10 2.0
1961 11 7.0
1961 12 5.75
1962 1 4.5
1962 2 3.25
1962 3 2.0
1962 4 2.0
1962 5 20.0
1962 6 6.0
1962 7 2.0
1962 8 4.0
1962 9 6.0
1962 10 8.0
1962 11 4.0
1962 12 6.0
1963 1 5.0
1963 2 4.0
1963 3 8.0
1963 4 12.0
1963 5 24.0
1963 6 4.0
1963 7 7.0
1963 8 14.0
1963 9 4.0
1963 10 6.0
1963 11 22.0
1963 12 10.0
1964 1 6.0
1964 2 4.0
1964 3 6.0
1964 4 20.0
1964 5 13.0
1964 6 8.0
1964 7 8.0
1964 8 18.0
1964 9 29.0
1964 10 40.0
1964 11 16.0
1964 12 14.0
1965 1 8.0
1965 2 12.0
1965 3 2.0
1965 4 15.0
1965 5 50.0
1965 6 14.0
1965 7 6.0
1965 8 4.0
1965 9 12.0
1965 10 4.0
1965 11 4.0
1965 12 14.0
1966 1 6.0
1966 2 16.0
1966 3 10.0
1966 4 6.0
1966 5 34.0
1966 6 20.0
1966 7 6.0
1966 8 13.0
1966 9 14.0
1966 10 6.0
1966 11 12.0
1966 12 14.0
1967 1 4.0
1967 2 31.0
1967 3 2.0
1967 4 17.0
1967 5 6.0
1967 6 18.0
1967 7 6.0
1967 8 7.0
1967 9 6.0
1967 10 20.0
1967 11 20.0
1967 12 6.0
1968 1 4.0
1968 2 34.0
1968 3 2.0
1968 4 4.0
1968 5 2.0
1968 6 8.0
1968 7 34.0
1968 8 19.0
1968 9 26.0
1968 10 38.0
1968 11 25.0
1968 12 4.0
1969 1 14.0
1969 2 8.0
1969 3 28.0
1969 4 55.0
1969 5 48.0
1969 6 24.0
1969 7 2.0
1969 8 4.0
1969 9 26.0
1969 10 26.0
1969 11 18.0
1969 12 78.0
1970 1 10.0
1970 2 16.0
1970 3 6.0
1970 4 8.0
1970 5 6.0
1970 6 4.0
1970 7 10.0
1970 8 98.0
1970 9 18.0
1970 10 16.0
1970 11 19.0
1970 12 4.0
1971 1 219.0
1971 2 8.0
1971 3 20.0
1971 4 10.0
1971 5 8.0
1971 6 32.0
1971 7 6.0
1971 8 66.0
1971 9 11.0
1971 10 32.0
1971 11 25.0
1971 12 2.0
1972 1 31.0
1972 2 4.0
1972 3 14.0
1972 4 6.0
1972 5 28.0
1972 6 26.0
1972 7 30.0
1972 8 22.0
1972 9 34.0
1972 10 30.0
1972 11 63.0
1972 12 10.0
1973 1 13.0
1973 2 16.0
1973 3 2.0
1973 4 17.0
1973 5 6.0
1973 6 13.0
1973 7 4.0
1973 8 39.0
1973 9 26.0
1973 10 12.0
1973 11 4.0
1973 12 4.0
1974 1 18.0
1974 2 2.0
1974 3 8.0
1974 4 10.0
1974 5 12.0
1974 6 5.0
1974 7 26.0
1974 8 24.0
1974 9 6.0
1974 10 4.0
1974 11 5.0
1974 12 6.0
1975 1 6.0
1975 2 5.0
1975 3 4.0
1975 4 14.0
1975 5 2.0
1975 6 52.0
1975 7 10.0
1975 8 12.0
1975 9 2.0
1975 10 12.0
1975 11 30.0
1975 12 26.0
1976 1 34.0
1976 2 24.0
1976 3 14.0
1976 4 36.0
1976 5 6.0
1976 6 35.0
1976 7 16.0
1976 8 36.0
1976 9 16.0
1976 10 8.0
1976 11 10.0
1976 12 24.0
1977 1 22.0
1977 2 34.0
1977 3 11.0
1977 4 28.0
1977 5 23.0
1977 6 14.0
1977 7 14.0
1977 8 14.0
1977 9 50.0
1977 10 16.0
1977 11 17.0
1977 12 42.0
1978 1 4.0
1978 2 2.0
1978 3 16.0
1978 4 30.0
1978 5 4.0
1978 6 32.0
1978 7 16.0
1978 8 6.0
1978 9 17.0
1978 10 67.0
1978 11 20.0
1978 12 30.0
1979 1 16.0
1979 2 11.0
1979 3 18.0
1979 4 26.0
1979 5 6.0
1979 6 21.0
1979 7 14.0
1979 8 16.0
1979 9 10.0
1979 10 33.0
1979 11 16.0
1979 12 23.0
1980 1 10.0
1980 2 10.0
1980 3 6.0
1980 4 40.0
1980 5 14.0
1980 6 12.0
1980 7 42.0
1980 8 56.0
1980 9 79.0
1980 10 24.0
1980 11 69.0
1980 12 25.0
1981 1 10.0
1981 2 33.0
1981 3 69.0
1981 4 42.0
1981 5 48.0
1981 6 26.0
1981 7 75.0
1981 8 36.0
1981 9 24.0
1981 10 28.0
1981 11 30.0
1981 12 18.0
1982 1 2.0
1982 2 14.0
1982 3 18.0
1982 4 14.0
1982 5 51.0
1982 6 10.0
1982 7 18.0
1982 8 38.0
1982 9 40.0
1982 10 28.0
1982 11 46.0
1982 12 39.0
1983 1 12.0
1983 2 16.0
1983 3 60.0
1983 4 184.0
1983 5 30.0
1983 6 45.0
1983 7 76.0
1983 8 34.0
1983 9 42.0
1983 10 68.0
1983 11 54.0
1983 12 51.0
1984 1 26.0
1984 2 54.0
1984 3 73.0
1984 4 42.0
1984 5 123.0
1984 6 45.0
1984 7 55.0
1984 8 96.0
1984 9 56.0
1984 10 98.0
1984 11 89.0
1984 12 155.0
1985 1 108.0
1985 2 64.0
1985 3 96.0
1985 4 201.0
1985 5 271.0
1985 6 131.0
1985 7 119.0
1985 8 126.0
1985 9 146.0
1985 10 96.0
1985 11 76.0
1985 12 149.0
1986 1 257.0
1986 2 74.0
1986 3 87.0
1986 4 269.0
1986 5 185.0
1986 6 392.0
1986 7 206.0
1986 8 152.0
1986 9 147.0
1986 10 104.0
1986 11 101.0
1986 12 314.0
1987 1 91.0
1987 2 107.0
1987 3 77.0
1987 4 136.0
1987 5 143.0
1987 6 145.0
1987 7 193.0
1987 8 133.0
1987 9 150.0
1987 10 180.0
1987 11 161.0
1987 12 145.0
1988 1 180.0
1988 2 226.0
1988 3 159.0
1988 4 118.0
1988 5 112.0
1988 6 114.0
1988 7 127.0
1988 8 52.0
1988 9 44.0
1988 10 87.0
1988 11 207.0
1988 12 20.0
1989 1 23.0
1989 2 19.0
1989 3 40.0
1989 4 29.0
1989 5 66.0
1989 6 70.0
1989 7 35.0
1989 8 41.0
1989 9 19.0
1989 10 24.0
1989 11 16.0
1989 12 34.0
1990 1 12.0
1990 2 55.0
1990 3 9.0
1990 4 13.0
1990 5 16.0
1990 6 14.0
1990 7 9.0
1990 8 9.0
1990 9 9.0
1990 10 9.0
1990 11 8.0
1990 12 12.0
1991 1 2.0
1991 2 7.0
1991 3 13.5
1991 4 20.0
1991 5 2.0
1991 6 3.0
1991 7 4.0
1991 8 2.0
1991 9 26.0
1991 10 2.0
1991 11 7.0
1991 12 2.0
1992 1 2.0
1992 2 14.0
1992 3 6.0
1992 4 2.0
1992 5 4.0
1992 6 21.0
1992 7 8.0
1992 8 4.0
1992 9 4.666666666666667
1992 10 5.333333333333333
1992 11 6.0
1992 12 6.0
1993 1 4.5
1993 2 3.0
1993 3 20.0
1993 4 22.0
1993 5 16.0
1993 6 10.0
1993 7 4.0
1993 8 4.0
1993 9 5.0
1993 10 2.0
1993 11 2.0
1993 12 6.0
1994 1 3.0
1994 2 3.0
1994 3 2.0
1994 4 7.0
1994 5 14.0
1994 6 7.0
1994 7 9.0
1994 8 10.0
1994 9 7.0
1994 10 20.0
1994 11 17.0
1994 12 2.0
1995 1 14.0
1995 2 12.5
1995 3 11.0
1995 4 11.0
1995 5 43.0
1995 6 8.0
1995 7 7.0
1995 8 10.0
1995 9 6.0
1995 10 11.0
1995 11 9.0
1995 12 8.0
1996 1 7.0
1996 2 10.0
1996 3 33.0
1996 4 40.0
1996 5 4.0
1996 6 10.0
1996 7 5.0
1996 8 9.0
1996 9 3.0
1996 10 15.0
1996 11 2.0
1996 12 17.0
1997 1 13.0
1997 2 5.0
1997 3 5.0
1997 4 23.0
1997 5 10.0
1997 6 12.0
1997 7 19.0
1997 8 2.0
1997 9 14.0
1997 10 16.0
1997 11 14.0
1997 12 12.0
1998 1 6.0
1998 2 10.0
1998 3 24.0
1998 4 14.0
1998 5 13.0
1998 6 23.0
1998 7 28.0
1998 8 26.0
1998 9 14.0
1998 10 7.0
1998 11 29.0
1998 12 35.0
1999 1 12.0
1999 2 31.0
1999 3 23.0
1999 4 27.0
1999 5 27.0
1999 6 15.0
1999 7 31.0
1999 8 18.0
1999 9 13.0
1999 10 15.0
1999 11 11.0
1999 12 17.0
2000 1 7.0
2000 2 12.5
2000 3 18.0
2000 4 12.0
2000 5 14.0
2000 6 15.0
2000 7 9.0
2000 8 17.0
2000 9 17.0
2000 10 24.0
2000 11 16.0
2000 12 3.0
2001 1 4.0
2001 2 35.0
2001 3 9.0
2001 4 40.0
2001 5 14.0
2001 6 8.0
2001 7 12.0
2001 8 16.0
2001 9 13.0
2001 10 14.0
2001 11 10.0
2001 12 15.0
2002 1 12.0
2002 2 14.0
2002 3 14.0
2002 4 21.0
2002 5 41.0
2002 6 18.0
2002 7 26.0
2002 8 22.0
2002 9 24.0
2002 10 66.0
2002 11 57.0
2002 12 74.0
2003 1 28.0
2003 2 15.0
2003 3 64.0
2003 4 46.0
2003 5 34.0
2003 6 33.0
2003 7 63.0
2003 8 46.0
2003 9 24.0
2003 10 73.0
2003 11 22.0
2003 12 47.0
2004 1 20.0
2004 2 6.0
2004 3 27.0
2004 4 38.0
2004 5 68.0
2004 6 41.0
2004 7 49.0
2004 8 43.0
2004 9 121.0
2004 10 54.0
2004 11 34.0
2004 12 29.0
2005 1 39.0
2005 2 16.0
2005 3 31.0
2005 4 45.0
2005 5 45.0
2005 6 46.0
2005 7 25.0
2005 8 29.0
2005 9 35.0
2005 10 60.0
2005 11 25.0
2005 12 11.0
2006 1 4.0
2006 2 16.0
2006 3 48.0
2006 4 31.0
2006 5 59.0
2006 6 19.0
2006 7 10.0
2006 8 23.0
2006 9 26.0
2006 10 23.0
2006 11 13.0
2006 12 15.0
2007 1 82.0
2007 2 4.0
2007 3 16.0
2007 4 7.0
2007 5 22.0
2007 6 16.0
2007 7 19.0
2007 8 16.0
2007 9 5.0
2007 10 16.0
2007 11 15.0
2007 12 2.0
2008 1 2.0
2008 2 8.0
2008 3 16.0
2008 4 4.0
2008 5 6.0
2008 6 25.0
2008 7 19.0
2008 8 7.0
2008 9 22.0
2008 10 6.0
2008 11 8.0
2008 12 28.0
2009 1 3.0
2009 2 4.0
2009 3 6.0
2009 4 14.0
2009 5 10.0
2009 6 13.0
2009 7 4.0
2009 8 15.0
2009 9 16.0
2009 10 7.0
2009 11 10.0
2009 12 25.0
2010 1 2.0
2010 2 4.0
2010 3 4.0
2010 4 19.0
2010 5 15.0
2010 6 46.0
2010 7 22.0
2010 8 18.0
2010 9 32.0
2010 10 16.0
2010 11 32.0
2010 12 17.0
2011 1 16.0
2011 2 9.0
2011 3 17.0
2011 4 12.0
2011 5 8.0
2011 6 9.0
2011 7 16.0
2011 8 15.0
2011 9 27.0
2011 10 8.0
2011 11 19.0
2011 12 2.0
2012 1 6.0
2012 2 2.0
2012 3 11.0
2012 4 19.0
2012 5 41.0
2012 6 22.0
2012 7 26.0
2012 8 24.0
2012 9 21.0
2012 10 20.0
2012 11 22.0
2012 12 34.0
2013 1 12.0
2013 2 16.0
2013 3 32.0
2013 4 4.0
2013 5 10.0
2013 6 4.0
2013 7 24.0
2013 8 6.0
2013 9 4.0
2013 10 12.0
2013 11 21.0
2013 12 14.0
2014 1 8.0
2014 2 16.0
2014 3 12.0
2014 4 16.0
2014 5 19.0
2014 6 22.0
2014 7 34.0
2014 8 14.0
2014 9 32.0
2014 10 14.0
2014 11 11.0
2014 12 10.0
2015 1 7.0
2015 2 2.0
2015 3 7.0
2015 4 28.0
2015 5 6.0
2015 6 42.0
2015 7 7.0
2015 8 18.0
2015 9 6.0
2015 10 4.0
2015 11 2.0
2015 12 29.0
2016 1 12.0
2016 2 27.0
2016 3 4.0
2016 4 20.0
2016 5 6.0
2016 6 18.0
2016 7 9.0
2016 8 46.0
2016 9 13.0
2016 10 11.0
2016 11 31.0
2016 12 29.0
2017 1 2.0
2017 2 16.0
2017 3 11.0
2017 4 58.0
2017 5 12.0
2017 6 31.0
2017 7 30.0
2017 8 9.0
2017 9 4.0
2017 10 37.0
2017 11 13.0
2017 12 9.0
2018 1 16.0
2018 2 11.0
2018 3 21.0
2018 4 6.0
2018 5 17.0
2018 6 48.0
2018 7 18.0
2018 8 46.0
2018 9 32.0
2018 10 4.0
2018 11 26.0
2018 12 12.0
2019 1 35.0
2019 2 6.0
2019 3 10.0
2019 4 42.0
2019 5 14.0
2019 6 42.0
2019 7 17.0
2019 8 10.0
2019 9 18.0
2019 10 12.0
2019 11 4.0
2019 12 8.0
2020 1 8.0
2020 2 14.0
2020 3 20.0
2020 4 10.0
2020 5 2.0
2020 6 16.0
2020 7 8.0
2020 8 14.0
2020 9 2.0
2020 10 12.0
2020 11 20.0
2020 12 12.0
2021 1 6.0
2021 2 2.0
2021 3 8.0
2021 4 19.0
2021 5 4.0
2021 6 32.0
2021 7 26.0
2021 8 15.0
2021 9 13.5
2021 10 12.0
2021 11 16.0
2021 12 12.0
2022 1 2.0
2022 2 10.0
2022 3 29.0
2022 4 27.0
2022 5 18.0
2022 6 17.0
2022 7 21.0
2022 8 26.0
2022 9 39.0
2022 10 19.0
2022 11 42.0
2022 12 50.0
2023 1 20.0
2023 2 12.0
2023 3 41.0
2023 4 45.0
2023 5 19.0
2023 6 26.0
2023 7 14.0
2023 8 35.0
2023 9 21.0
2023 10 33.0
2023 11 11.0
2023 12 8.0
2024 1 14.0
2024 2 9.0
2024 3 21.0
2024 4 43.0
2024 5 51.0
2024 6 24.0
2024 7 27.0
2024 8 84.0
