1960 5 3093.0
1960 6 3084.0
1960 7 2837.0
1960 8 3262.0
1960 9 2747.0
1960 10 3173.0
1960 11 2434.0
1960 12 1832.0
1961 1 1123.0
1961 2 1666.0
1961 3 2599.0
1961 4 2523.0
1961 5 3379.0
1961 6 3257.0
1961 7 3481.0
1961 8 3560.0
1961 9 2597.0
1961 10 3518.0
1961 11 2809.0
1961 12 2112.0
1962 1 1552.0
1962 2 1911.0
1962 3 2780.0
1962 4 3540.0
1962 5 3470.0
1962 6 3792.0
1962 7 3867.0
1962 8 2938.0
1962 9 2835.0
1962 10 3611.0
1962 11 2975.0
1962 12 2290.0
1963 1 2204.0
1963 2 1792.0
1963 3 3084.0
1963 4 4162.0
1963 5 4423.0
1963 6 3044.0
1963 7 3130.0
1963 8 2813.0
1963 9 3713.0
1963 10 4653.0
1963 11 2511.0
1963 12 3074.0
1964 1 1779.0
1964 2 1994.0
1964 3 4113.0
1964 4 5405.0
1964 5 5195.0
1964 6 6192.0
1964 7 5753.0
1964 8 4026.0
1964 9 2801.0
1964 10 3785.0
1964 11 4501.0
1964 12 3644.0
1965 1 1281.0
1965 2 1628.0
1965 3 4615.0
1965 4 3994.0
1965 5 4061.0
1965 6 5356.0
1965 7 3928.0
1965 8 3626.0
1965 9 3745.0
1965 10 3700.0
1965 11 4253.0
1965 12 3249.0
1966 1 2539.0
1966 2 2439.0
1966 3 3761.0
1966 4 4130.0
1966 5 3166.0
1966 6 3023.0
1966 7 3169.0
1966 8 2987.0
1966 9 2152.0
1966 10 1866.0
1966 11 1520.0
1966 12 1380.0
1967 1 2924.0
1967 2 1648.0
1967 3 2390.0
1967 4 2621.0
1967 5 2698.0
1967 6 3422.0
1967 7 2906.0
1967 8 2339.0
1967 9 3379.0
1967 10 2900.0
1967 11 2675.0
1967 12 1536.0
1968 1 1072.0
1968 2 1551.0
1968 3 2147.0
1968 4 3739.0
1968 5 3688.0
1968 6 3837.0
1968 7 2928.0
1968 8 3251.0
1968 9 3382.0
1968 10 4511.0
1968 11 2823.0
1968 12 2104.0
1969 1 2003.0
1969 2 2077.0
1969 3 3915.0
1969 4 3696.0
1969 5 4240.0
1969 6 3102.0
1969 7 4016.0
1969 8 3262.0
1969 9 2545.0
1969 10 2787.0
1969 11 2200.0
1969 12 2279.0
1970 1 1217.0
1970 2 1399.0
1970 3 3166.0
1970 4 3433.0
1970 5 3358.0
1970 6 4613.0
1970 7 3569.0
1970 8 2705.0
1970 9 3053.0
1970 10 3795.0
1970 11 5071.0
1970 12 3757.0
1971 1 929.0
1971 2 1278.0
1971 3 5051.0
1971 4 4053.0
1971 5 4091.0
1971 6 6234.0
1971 7 4993.0
1971 8 5875.0
1971 9 6697.0
1971 10 4651.0
1971 11 4476.0
1971 12 5620.0
1972 1 2315.0
1972 2 2937.0
1972 3 4917.0
1972 4 5709.0
1972 5 4716.0
1972 6 7137.0
1972 7 5748.0
1972 8 6057.0
1972 9 4799.0
1972 10 6061.0
1972 11 6678.0
1972 12 3621.0
1973 1 3522.0
1973 2 1907.0
1973 3 5156.0
1973 4 4200.0
1973 5 4986.0
1973 6 5109.0
1973 7 4688.0
1973 8 6260.0
1973 9 3372.0
1973 10 4044.0
1973 11 3444.0
1973 12 1588.0
1974 1 1820.0
1974 2 1514.0
1974 3 3741.0
1974 4 2823.0
1974 5 2808.0
1974 6 2658.0
1974 7 2470.0
1974 8 2467.0
1974 9 2149.0
1974 10 1884.0
1974 11 1144.0
1974 12 1182.0
1975 1 989.0
1975 2 1016.0
1975 3 1612.0
1975 4 1967.0
1975 5 2420.0
1975 6 2035.0
1975 7 2138.0
1975 8 2024.0
1975 9 2390.0
1975 10 2111.0
1975 11 1886.0
1975 12 1583.0
1976 1 822.0
1976 2 1117.0
1976 3 2454.0
1976 4 2201.0
1976 5 2082.0
1976 6 2293.0
1976 7 3084.0
1976 8 2929.0
1976 9 3327.0
1976 10 2808.0
1976 11 2770.0
1976 12 3990.0
1977 1 740.0
1977 2 659.0
1977 3 3577.0
1977 4 2809.0
1977 5 3441.0
1977 6 4714.0
1977 7 3035.0
1977 8 4192.0
1977 9 3062.0
1977 10 3783.0
1977 11 2772.0
1977 12 2262.0
1978 1 1703.0
1978 2 833.0
1978 3 2720.0
1978 4 2906.0
1978 5 3095.0
1978 6 3097.0
1978 7 3024.0
1978 8 3280.0
1978 9 2976.0
1978 10 3076.0
1978 11 3869.0
1978 12 3605.0
1979 1 2033.0
1979 2 1864.0
1979 3 2611.0
1979 4 2624.0
1979 5 3399.0
1979 6 3695.0
1979 7 2969.0
1979 8 2880.0
1979 9 3600.0
1979 10 3042.0
1979 11 3868.0
1979 12 2250.0
1980 1 1082.0
1980 2 930.0
1980 3 1556.0
1980 4 1507.0
1980 5 1186.0
1980 6 2216.0
1980 7 2364.0
1980 8 2173.0
1980 9 2637.0
1980 10 3194.0
1980 11 2394.0
1980 12 1860.0
1981 1 876.0
1981 2 1141.0
1981 3 1593.0
1981 4 1865.0
1981 5 2305.0
1981 6 2465.0
1981 7 2536.0
1981 8 3419.0
1981 9 1646.0
1981 10 2498.0
1981 11 1416.0
1981 12 1515.0
1982 1 553.0
1982 2 827.0
1982 3 2155.0
1982 4 1545.0
1982 5 1666.0
1982 6 2136.0
1982 7 1753.0
1982 8 2226.0
1982 9 2179.0
1982 10 3526.0
1982 11 2861.0
1982 12 1945.0
1983 1 1116.0
1983 2 2299.0
1983 3 2121.0
1983 4 2568.0
1983 5 3104.0
1983 6 3946.0
1983 7 4278.0
1983 8 3962.0
1983 9 3594.0
1983 10 3294.0
1983 11 2610.0
1983 12 3289.0
1984 1 1169.0
1984 2 1879.0
1984 3 2535.0
1984 4 3074.0
1984 5 5088.0
1984 6 4371.0
1984 7 3438.0
1984 8 3736.0
1984 9 3723.0
1984 10 4286.0
1984 11 5282.0
1984 12 3020.0
1985 1 2954.0
1985 2 2074.0
1985 3 3495.0
1985 4 4592.0
1985 5 5285.0
1985 6 6460.0
1985 7 5621.0
1985 8 5016.0
1985 9 4802.0
1985 10 6086.0
1985 11 4351.0
1985 12 5688.0
1986 1 3146.0
1986 2 2510.0
1986 3 4162.0
1986 4 7022.0
1986 5 6290.0
1986 6 5758.0
1986 7 5945.0
1986 8 5389.0
1986 9 6639.0
1986 10 5816.0
1986 11 3979.0
1986 12 5338.0
1987 1 3047.0
1987 2 3286.0
1987 3 4832.0
1987 4 4508.0
1987 5 4942.0
1987 6 5889.0
1987 7 5688.0
1987 8 4287.0
1987 9 4668.0
1987 10 5264.0
1987 11 4161.0
1987 12 3711.0
1988 1 2375.0
1988 2 2337.0
1988 3 5903.0
1988 4 4448.0
1988 5 4950.0
1988 6 5236.0
1988 7 3764.0
1988 8 4412.0
1988 9 3631.0
1988 10 3810.0
1988 11 2751.0
1988 12 2321.0
1989 1 2399.0
1989 2 1905.0
1989 3 2554.0
1989 4 3417.0
1989 5 4084.0
1989 6 3717.0
1989 7 2164.0
1989 8 3580.0
1989 9 3374.0
1989 10 2683.0
1989 11 2411.0
1989 12 2896.0
1990 1 2658.0
1990 2 1242.0
1990 3 2200.0
1990 4 1872.0
1990 5 1795.0
1990 6 1655.0
1990 7 1337.0
1990 8 1332.0
1990 9 1276.0
1990 10 1415.0
1990 11 1117.0
1990 12 1079.0
1991 1 783.0
1991 2 682.0
1991 3 929.0
1991 4 1447.0
1991 5 1313.0
1991 6 1515.0
1991 7 1310.0
1991 8 1894.0
1991 9 1364.0
1991 10 2061.0
1991 11 1821.0
1991 12 1377.0
1992 1 1323.0
1992 2 1130.0
1992 3 1495.0
1992 4 1466.0
1992 5 1442.0
1992 6 1263.0
1992 7 1646.0
1992 8 1140.0
1992 9 1396.0
1992 10 1164.0
1992 11 1128.0
1992 12 1094.0
1993 1 514.0
1993 2 1070.0
1993 3 1228.0
1993 4 1413.0
1993 5 1503.0
1993 6 1635.0
1993 7 1609.0
1993 8 1744.0
1993 9 2188.0
1993 10 2714.0
1993 11 2111.0
1993 12 1831.0
1994 1 1097.0
1994 2 1096.0
1994 3 2089.0
1994 4 2091.0
1994 5 2264.0
1994 6 2857.0
1994 7 2786.0
1994 8 2444.0
1994 9 1951.0
1994 10 2090.0
1994 11 2510.0
1994 12 2116.0
1995 1 1194.0
1995 2 1106.0
1995 3 1823.0
1995 4 1709.0
1995 5 2117.0
1995 6 1953.0
1995 7 1688.0
1995 8 2001.0
1995 9 2141.0
1995 10 1957.0
1995 11 1350.0
1995 12 1430.0
1996 1 1060.0
1996 2 1101.0
1996 3 1833.0
1996 4 1890.0
1996 5 2113.0
1996 6 1937.0
1996 7 2304.0
1996 8 2166.0
1996 9 1934.0
1996 10 2422.0
1996 11 2144.0
1996 12 1937.0
1997 1 1544.0
1997 2 1336.0
1997 3 2037.0
1997 4 2248.0
1997 5 2185.0
1997 6 2280.0
1997 7 2259.0
1997 8 1923.0
1997 9 2078.0
1997 10 2222.0
1997 11 1939.0
1997 12 2372.0
1998 1 1867.0
1998 2 1699.0
1998 3 2099.0
1998 4 2328.0
1998 5 2282.0
1998 6 2768.0
1998 7 2599.0
1998 8 2381.0
1998 9 2505.0
1998 10 3283.0
1998 11 2413.0
1998 12 2361.0
1999 1 1782.0
1999 2 2063.0
1999 3 2545.0
1999 4 2753.0
1999 5 2676.0
1999 6 3280.0
1999 7 2610.0
1999 8 3066.0
1999 9 2499.0
1999 10 2378.0
1999 11 2487.0
1999 12 2440.0
2000 1 3078.0
2000 2 1716.0
2000 3 2557.0
2000 4 2478.0
2000 5 2762.0
2000 6 2671.0
2000 7 2340.0
2000 8 2215.0
2000 9 2409.0
2000 10 2729.0
2000 11 3048.0
2000 12 2021.0
2001 1 2022.0
2001 2 1627.0
2001 3 2185.0
2001 4 1936.0
2001 5 2178.0
2001 6 2202.0
2001 7 2680.0
2001 8 2516.0
2001 9 2152.0
2001 10 2406.0
2001 11 2414.0
2001 12 2130.0
2002 1 2102.0
2002 2 1857.0
2002 3 1934.0
2002 4 2445.0
2002 5 2706.0
2002 6 2695.0
2002 7 2767.0
2002 8 2425.0
2002 9 2847.0
2002 10 2642.0
2002 11 2085.0
2002 12 2010.0
2003 1 1879.0
2003 2 1582.0
2003 3 2151.0
2003 4 2327.0
2003 5 2746.0
2003 6 2446.0
2003 7 2567.0
2003 8 2807.0
2003 9 2592.0
2003 10 3404.0
2003 11 2350.0
2003 12 2547.0
2004 1 2285.0
2004 2 1865.0
2004 3 3153.0
2004 4 3129.0
2004 5 2910.0
2004 6 3189.0
2004 7 2882.0
2004 8 2931.0
2004 9 3155.0
2004 10 2623.0
2004 11 2686.0
2004 12 3131.0
2005 1 2499.0
2005 2 2085.0
2005 3 3040.0
2005 4 3790.0
2005 5 3030.0
2005 6 4166.0
2005 7 3000.0
2005 8 3455.0
2005 9 2851.0
2005 10 3118.0
2005 11 2863.0
2005 12 2526.0
2006 1 2255.0
2006 2 2288.0
2006 3 2791.0
2006 4 2411.0
2006 5 2925.0
2006 6 3346.0
2006 7 2620.0
2006 8 2427.0
2006 9 2920.0
2006 10 2176.0
2006 11 3117.0
2006 12 2068.0
2007 1 1947.0
2007 2 1601.0
2007 3 1734.0
2007 4 1982.0
2007 5 2083.0
2007 6 2548.0
2007 7 1706.0
2007 8 2753.0
2007 9 1753.0
2007 10 2091.0
2007 11 2052.0
2007 12 1904.0
2008 1 1488.0
2008 2 1230.0
2008 3 2002.0
2008 4 1559.0
2008 5 1902.0
2008 6 3180.0
2008 7 1280.0
2008 8 1115.0
2008 9 1175.0
2008 10 1172.0
2008 11 826.0
2008 12 936.0
2009 1 684.0
2009 2 823.0
2009 3 766.0
2009 4 824.0
2009 5 938.0
2009 6 900.0
2009 7 763.0
2009 8 877.0
2009 9 1109.0
2009 10 996.0
2009 11 1010.0
2009 12 1312.0
2010 1 745.0
2010 2 711.0
2010 3 1087.0
2010 4 1104.0
2010 5 898.0
2010 6 1289.0
2010 7 1098.0
2010 8 1283.0
2010 9 1254.0
2010 10 1123.0
2010 11 911.0
2010 12 1349.0
2011 1 922.0
2011 2 666.0
2011 3 1231.0
2011 4 959.0
2011 5 1168.0
2011 6 1557.0
2011 7 950.0
2011 8 1124.0
2011 9 996.0
2011 10 1058.0
2011 11 1293.0
2011 12 1282.0
2012 1 950.0
2012 2 1097.0
2012 3 1291.0
2012 4 1544.0
2012 5 1279.0
2012 6 2098.0
2012 7 1909.0
2012 8 1332.0
2012 9 1596.0
2012 10 1643.0
2012 11 1160.0
2012 12 1664.0
2013 1 1752.0
2013 2 928.0
2013 3 1464.0
2013 4 1883.0
2013 5 2724.0
2013 6 1832.0
2013 7 2261.0
2013 8 2688.0
2013 9 1736.0
2013 10 1993.0
2013 11 1728.0
2013 12 2047.0
2014 1 1387.0
2014 2 1552.0
2014 3 2330.0
2014 4 1960.0
2014 5 2564.0
2014 6 2263.0
2014 7 3115.0
2014 8 2015.0
2014 9 2548.0
2014 10 1588.0
2014 11 1784.0
2014 12 1941.0
2015 1 1740.0
2015 2 1177.0
2015 3 1854.0
2015 4 3732.0
2015 5 4274.0
2015 6 4792.0
2015 7 2279.0
2015 8 2407.0
2015 9 2215.0
2015 10 2766.0
2015 11 2226.0
2015 12 3026.0
2016 1 1262.0
2016 2 2410.0
2016 3 2099.0
2016 4 2211.0
2016 5 1937.0
2016 6 2248.0
2016 7 1588.0
2016 8 2539.0
2016 9 1972.0
2016 10 1594.0
2016 11 1847.0
2016 12 2536.0
2017 1 2104.0
2017 2 1796.0
2017 3 1685.0
2017 4 1583.0
2017 5 3008.0
2017 6 2174.0
2017 7 2462.0
2017 8 2311.0
2017 9 2229.0
2017 10 2669.0
2017 11 2651.0
2017 12 2639.0
2018 1 1510.0
2018 2 2235.0
2018 3 2319.0
2018 4 1611.0
2018 5 2353.0
2018 6 2909.0
2018 7 1960.0
2018 8 2083.0
2018 9 2076.0
2018 10 2376.0
2018 11 2058.0
2018 12 1701.0
2019 1 1778.0
2019 2 1520.0
2019 3 2288.0
2019 4 1900.0
2019 5 2411.0
2019 6 2715.0
2019 7 2502.0
2019 8 4085.0
2019 9 3424.0
2019 10 3786.0
2019 11 3175.0
2019 12 2690.0
2020 1 2407.0
2020 2 1757.0
2020 3 2762.0
2020 4 1227.0
2020 5 1821.0
2020 6 3329.0
2020 7 2920.0
2020 8 2268.0
2020 9 3286.0
2020 10 3367.0
2020 11 3198.0
2020 12 3112.0
2021 1 3309.0
2021 2 2159.0
2021 3 2916.0
2021 4 3535.0
2021 5 3108.0
2021 6 2935.0
2021 7 2740.0
2021 8 3039.0
2021 9 2483.0
2021 10 3013.0
2021 11 3278.0
2021 12 4530.0
2022 1 2932.0
2022 2 2838.0
2022 3 4179.0
2022 4 3346.0
2022 5 2239.0
2022 6 3636.0
2022 7 3537.0
2022 8 2389.0
2022 9 2536.0
2022 10 1741.0
2022 11 2792.0
2022 12 3354.0
2023 1 2482.0
2023 2 1862.0
2023 3 3498.0
2023 4 2194.0
2023 5 3757.0
2023 6 2515.0
2023 7 2625.0
2023 8 3145.0
2023 9 2238.0
2023 10 2896.0
2023 11 1852.0
2023 12 2507.0
2024 1 3199.0
2024 2 3727.0
2024 3 2826.0
2024 4 3096.0
2024 5 2686.0
2024 6 2865.0
2024 7 3032.0
2024 8 3645.0
