1960 5 1093.0
1960 6 1109.0
1960 7 785.0
1960 8 885.0
1960 9 587.0
1960 10 562.0
1960 11 634.0
1960 12 504.0
1961 1 274.0
1961 2 340.0
1961 3 827.0
1961 4 871.0
1961 5 1104.0
1961 6 892.0
1961 7 696.0
1961 8 957.0
1961 9 1062.0
1961 10 1018.0
1961 11 789.0
1961 12 449.0
1962 1 955.0
1962 2 963.0
1962 3 941.0
1962 4 1228.0
1962 5 884.0
1962 6 623.0
1962 7 723.0
1962 8 656.0
1962 9 585.0
1962 10 941.0
1962 11 736.0
1962 12 722.0
1963 1 550.0
1963 2 652.0
1963 3 880.0
1963 4 944.0
1963 5 1130.0
1963 6 643.0
1963 7 520.0
1963 8 685.0
1963 9 626.0
1963 10 903.0
1963 11 682.0
1963 12 538.0
1964 1 512.0
1964 2 704.0
1964 3 735.0
1964 4 654.0
1964 5 794.0
1964 6 744.0
1964 7 658.0
1964 8 568.0
1964 9 680.0
1964 10 643.0
1964 11 638.0
1964 12 511.0
1965 1 426.0
1965 2 422.0
1965 3 732.0
1965 4 793.0
1965 5 800.0
1965 6 976.0
1965 7 651.0
1965 8 498.0
1965 9 661.0
1965 10 667.0
1965 11 654.0
1965 12 518.0
1966 1 337.0
1966 2 311.0
1966 3 922.0
1966 4 1058.0
1966 5 541.0
1966 6 782.0
1966 7 501.0
1966 8 775.0
1966 9 540.0
1966 10 416.0
1966 11 498.0
1966 12 293.0
1967 1 405.0
1967 2 353.0
1967 3 594.0
1967 4 749.0
1967 5 702.0
1967 6 727.0
1967 7 605.0
1967 8 878.0
1967 9 682.0
1967 10 784.0
1967 11 654.0
1967 12 531.0
1968 1 508.0
1968 2 414.0
1968 3 588.0
1968 4 814.0
1968 5 659.0
1968 6 702.0
1968 7 597.0
1968 8 798.0
1968 9 634.0
1968 10 786.0
1968 11 478.0
1968 12 595.0
1969 1 395.0
1969 2 391.0
1969 3 666.0
1969 4 1041.0
1969 5 688.0
1969 6 633.0
1969 7 553.0
1969 8 504.0
1969 9 408.0
1969 10 588.0
1969 11 396.0
1969 12 428.0
1970 1 194.0
1970 2 310.0
1970 3 392.0
1970 4 361.0
1970 5 433.0
1970 6 504.0
1970 7 468.0
1970 8 355.0
1970 9 372.0
1970 10 708.0
1970 11 387.0
1970 12 313.0
1971 1 294.0
1971 2 141.0
1971 3 620.0
1971 4 579.0
1971 5 692.0
1971 6 536.0
1971 7 705.0
1971 8 452.0
1971 9 608.0
1971 10 559.0
1971 11 718.0
1971 12 524.0
1972 1 250.0
1972 2 347.0
1972 3 524.0
1972 4 696.0
1972 5 596.0
1972 6 1102.0
1972 7 627.0
1972 8 516.0
1972 9 756.0
1972 10 776.0
1972 11 550.0
1972 12 700.0
1973 1 320.0
1973 2 417.0
1973 3 743.0
1973 4 560.0
1973 5 871.0
1973 6 592.0
1973 7 545.0
1973 8 512.0
1973 9 473.0
1973 10 460.0
1973 11 464.0
1973 12 239.0
1974 1 160.0
1974 2 209.0
1974 3 319.0
1974 4 440.0
1974 5 359.0
1974 6 258.0
1974 7 236.0
1974 8 289.0
1974 9 164.0
1974 10 173.0
1974 11 163.0
1974 12 153.0
1975 1 160.0
1975 2 84.0
1975 3 128.0
1975 4 672.0
1975 5 144.0
1975 6 272.0
1975 7 196.0
1975 8 284.0
1975 9 249.0
1975 10 203.0
1975 11 163.0
1975 12 223.0
1976 1 229.0
1976 2 244.0
1976 3 323.0
1976 4 265.0
1976 5 273.0
1976 6 198.0
1976 7 261.0
1976 8 224.0
1976 9 216.0
1976 10 164.0
1976 11 312.0
1976 12 105.0
1977 1 112.0
1977 2 126.0
1977 3 428.0
1977 4 255.0
1977 5 247.0
1977 6 356.0
1977 7 209.0
1977 8 274.0
1977 9 229.0
1977 10 222.0
1977 11 106.0
1977 12 150.0
1978 1 68.0
1978 2 83.0
1978 3 401.0
1978 4 186.0
1978 5 334.0
1978 6 424.0
1978 7 263.0
1978 8 371.0
1978 9 258.0
1978 10 254.0
1978 11 309.0
1978 12 189.0
1979 1 280.0
1979 2 10.0
1979 3 231.0
1979 4 283.0
1979 5 210.0
1979 6 132.0
1979 7 154.0
1979 8 427.0
1979 9 195.0
1979 10 295.0
1979 11 129.0
1979 12 120.0
1980 1 97.0
1980 2 151.0
1980 3 179.0
1980 4 192.0
1980 5 168.0
1980 6 181.0
1980 7 177.0
1980 8 178.0
1980 9 334.0
1980 10 269.0
1980 11 311.0
1980 12 234.0
1981 1 190.0
1981 2 101.0
1981 3 142.0
1981 4 156.0
1981 5 344.0
1981 6 594.0
1981 7 634.0
1981 8 172.0
1981 9 115.0
1981 10 352.0
1981 11 99.0
1981 12 165.0
1982 1 49.0
1982 2 77.0
1982 3 155.0
1982 4 167.0
1982 5 209.0
1982 6 255.0
1982 7 81.0
1982 8 237.0
1982 9 331.0
1982 10 236.0
1982 11 283.0
1982 12 263.0
1983 1 147.0
1983 2 68.0
1983 3 184.0
1983 4 594.0
1983 5 298.0
1983 6 510.0
1983 7 285.0
1983 8 465.0
1983 9 740.0
1983 10 466.0
1983 11 261.0
1983 12 406.0
1984 1 105.0
1984 2 245.0
1984 3 451.0
1984 4 662.0
1984 5 427.0
1984 6 422.0
1984 7 389.0
1984 8 360.0
1984 9 691.0
1984 10 513.0
1984 11 618.0
1984 12 604.0
1985 1 426.0
1985 2 331.0
1985 3 608.0
1985 4 556.0
1985 5 314.0
1985 6 779.0
1985 7 555.0
1985 8 764.0
1985 9 436.0
1985 10 568.0
1985 11 636.0
1985 12 329.0
1986 1 380.0
1986 2 415.0
1986 3 442.0
1986 4 528.0
1986 5 570.0
1986 6 708.0
1986 7 693.0
1986 8 473.0
1986 9 638.0
1986 10 821.0
1986 11 583.0
1986 12 399.0
1987 1 264.0
1987 2 505.0
1987 3 562.0
1987 4 715.0
1987 5 573.0
1987 6 624.0
1987 7 500.0
1987 8 593.0
1987 9 551.0
1987 10 473.0
1987 11 318.0
1987 12 316.0
1988 1 240.0
1988 2 170.0
1988 3 420.0
1988 4 497.0
1988 5 520.0
1988 6 469.0
1988 7 565.0
1988 8 462.0
1988 9 502.0
1988 10 442.0
1988 11 579.0
1988 12 463.0
1989 1 349.0
1989 2 343.0
1989 3 457.0
1989 4 470.0
1989 5 412.0
1989 6 783.0
1989 7 290.0
1989 8 314.0
1989 9 393.0
1989 10 428.0
1989 11 332.0
1989 12 410.0
1990 1 316.0
1990 2 237.0
1990 3 230.0
1990 4 300.0
1990 5 585.0
1990 6 334.0
1990 7 491.0
1990 8 377.0
1990 9 306.0
1990 10 186.0
1990 11 160.0
1990 12 127.0
1991 1 131.0
1991 2 218.0
1991 3 213.0
1991 4 392.0
1991 5 326.0
1991 6 455.0
1991 7 269.0
1991 8 300.0
1991 9 179.0
1991 10 159.0
1991 11 280.0
1991 12 285.0
1992 1 371.0
1992 2 302.0
1992 3 189.0
1992 4 146.0
1992 5 306.0
1992 6 316.0
1992 7 117.0
1992 8 247.0
1992 9 290.0
1992 10 162.0
1992 11 170.0
1992 12 258.0
1993 1 264.0
1993 2 177.0
1993 3 144.0
1993 4 99.0
1993 5 207.0
1993 6 230.0
1993 7 313.0
1993 8 199.0
1993 9 415.0
1993 10 334.0
1993 11 469.0
1993 12 291.0
1994 1 100.0
1994 2 89.0
1994 3 256.0
1994 4 266.0
1994 5 315.0
1994 6 294.0
1994 7 206.0
1994 8 436.0
1994 9 249.0
1994 10 164.0
1994 11 391.0
1994 12 325.0
1995 1 249.0
1995 2 123.0
1995 3 378.0
1995 4 387.0
1995 5 288.0
1995 6 207.0
1995 7 152.0
1995 8 289.0
1995 9 318.0
1995 10 339.0
1995 11 389.0
1995 12 316.0
1996 1 341.0
1996 2 184.0
1996 3 328.0
1996 4 588.0
1996 5 351.0
1996 6 500.0
1996 7 428.0
1996 8 169.0
1996 9 255.0
1996 10 516.0
1996 11 308.0
1996 12 227.0
1997 1 221.0
1997 2 142.0
1997 3 253.0
1997 4 307.0
1997 5 251.0
1997 6 312.0
1997 7 465.0
1997 8 346.0
1997 9 226.0
1997 10 368.0
1997 11 209.0
1997 12 393.0
1998 1 286.0
1998 2 366.0
1998 3 356.0
1998 4 347.0
1998 5 308.0
1998 6 565.0
1998 7 496.0
1998 8 613.0
1998 9 290.0
1998 10 342.0
1998 11 470.0
1998 12 538.0
1999 1 514.0
1999 2 438.0
1999 3 530.0
1999 4 477.0
1999 5 390.0
1999 6 393.0
1999 7 609.0
1999 8 635.0
1999 9 552.0
1999 10 314.0
1999 11 601.0
1999 12 532.0
2000 1 332.0
2000 2 375.0
2000 3 476.0
2000 4 619.0
2000 5 616.0
2000 6 877.0
2000 7 518.0
2000 8 586.0
2000 9 607.0
2000 10 511.0
2000 11 551.0
2000 12 510.0
2001 1 284.0
2001 2 473.0
2001 3 558.0
2001 4 778.0
2001 5 730.0
2001 6 782.0
2001 7 583.0
2001 8 868.0
2001 9 363.0
2001 10 729.0
2001 11 733.0
2001 12 801.0
2002 1 589.0
2002 2 422.0
2002 3 625.0
2002 4 501.0
2002 5 606.0
2002 6 782.0
2002 7 868.0
2002 8 975.0
2002 9 802.0
2002 10 960.0
2002 11 768.0
2002 12 763.0
2003 1 631.0
2003 2 836.0
2003 3 857.0
2003 4 837.0
2003 5 834.0
2003 6 921.0
2003 7 876.0
2003 8 815.0
2003 9 821.0
2003 10 989.0
2003 11 988.0
2003 12 608.0
2004 1 652.0
2004 2 604.0
2004 3 804.0
2004 4 823.0
2004 5 1057.0
2004 6 1318.0
2004 7 1423.0
2004 8 1178.0
2004 9 857.0
2004 10 1109.0
2004 11 816.0
2004 12 885.0
2005 1 622.0
2005 2 575.0
2005 3 910.0
2005 4 901.0
2005 5 961.0
2005 6 962.0
2005 7 875.0
2005 8 984.0
2005 9 944.0
2005 10 857.0
2005 11 910.0
2005 12 851.0
2006 1 712.0
2006 2 689.0
2006 3 874.0
2006 4 664.0
2006 5 1146.0
2006 6 1312.0
2006 7 841.0
2006 8 1134.0
2006 9 925.0
2006 10 794.0
2006 11 625.0
2006 12 594.0
2007 1 685.0
2007 2 511.0
2007 3 779.0
2007 4 960.0
2007 5 671.0
2007 6 720.0
2007 7 808.0
2007 8 559.0
2007 9 472.0
2007 10 404.0
2007 11 591.0
2007 12 600.0
2008 1 287.0
2008 2 344.0
2008 3 409.0
2008 4 302.0
2008 5 199.0
2008 6 364.0
2008 7 343.0
2008 8 241.0
2008 9 340.0
2008 10 197.0
2008 11 83.0
2008 12 88.0
2009 1 98.0
2009 2 109.0
2009 3 153.0
2009 4 133.0
2009 5 145.0
2009 6 213.0
2009 7 128.0
2009 8 148.0
2009 9 148.0
2009 10 60.0
2009 11 216.0
2009 12 102.0
2010 1 141.0
2010 2 104.0
2010 3 120.0
2010 4 138.0
2010 5 136.0
2010 6 269.0
2010 7 215.0
2010 8 161.0
2010 9 347.0
2010 10 243.0
2010 11 133.0
2010 12 229.0
2011 1 381.0
2011 2 50.0
2011 3 122.0
2011 4 172.0
2011 5 163.0
2011 6 211.0
2011 7 348.0
2011 8 415.0
2011 9 82.0
2011 10 118.0
2011 11 164.0
2011 12 101.0
2012 1 63.0
2012 2 95.0
2012 3 117.0
2012 4 83.0
2012 5 121.0
2012 6 204.0
2012 7 186.0
2012 8 166.0
2012 9 182.0
2012 10 139.0
2012 11 177.0
2012 12 127.0
2013 1 101.0
2013 2 104.0
2013 3 233.0
2013 4 126.0
2013 5 189.0
2013 6 190.0
2013 7 193.0
2013 8 147.0
2013 9 179.0
2013 10 211.0
2013 11 122.0
2013 12 159.0
2014 1 119.0
2014 2 76.0
2014 3 167.0
2014 4 207.0
2014 5 227.0
2014 6 195.0
2014 7 136.0
2014 8 137.0
2014 9 196.0
2014 10 228.0
2014 11 110.0
2014 12 177.0
2015 1 137.0
2015 2 68.0
2015 3 194.0
2015 4 239.0
2015 5 248.0
2015 6 280.0
2015 7 183.0
2015 8 200.0
2015 9 238.0
2015 10 200.0
2015 11 223.0
2015 12 191.0
2016 1 179.0
2016 2 132.0
2016 3 191.0
2016 4 199.0
2016 5 200.0
2016 6 172.0
2016 7 161.0
2016 8 235.0
2016 9 257.0
2016 10 168.0
2016 11 146.0
2016 12 168.0
2017 1 118.0
2017 2 107.0
2017 3 170.0
2017 4 178.0
2017 5 235.0
2017 6 260.0
2017 7 186.0
2017 8 272.0
2017 9 181.0
2017 10 254.0
2017 11 239.0
2017 12 184.0
2018 1 153.0
2018 2 148.0
2018 3 147.0
2018 4 146.0
2018 5 197.0
2018 6 151.0
2018 7 120.0
2018 8 185.0
2018 9 156.0
2018 10 178.0
2018 11 101.0
2018 12 156.0
2019 1 120.0
2019 2 150.0
2019 3 158.0
2019 4 150.0
2019 5 180.0
2019 6 181.0
2019 7 187.0
2019 8 158.0
2019 9 126.0
2019 10 207.0
2019 11 137.0
2019 12 144.0
2020 1 114.0
2020 2 109.0
2020 3 121.0
2020 4 34.0
2020 5 137.0
2020 6 125.0
2020 7 122.0
2020 8 179.0
2020 9 126.0
2020 10 180.0
2020 11 166.0
2020 12 145.0
2021 1 114.0
2021 2 88.0
2021 3 182.0
2021 4 135.0
2021 5 183.0
2021 6 109.0
2021 7 94.0
2021 8 117.0
2021 9 88.0
2021 10 104.0
2021 11 182.0
2021 12 138.0
2022 1 78.0
2022 2 110.0
2022 3 156.0
2022 4 86.0
2022 5 140.0
2022 6 107.0
2022 7 88.0
2022 8 110.0
2022 9 41.0
2022 10 71.0
2022 11 67.0
2022 12 51.0
2023 1 54.0
2023 2 29.0
2023 3 59.0
2023 4 71.0
2023 5 79.0
2023 6 123.0
2023 7 81.0
2023 8 124.0
2023 9 73.0
2023 10 95.0
2023 11 58.0
2023 12 38.0
2024 1 132.0
2024 2 171.0
2024 3 149.0
2024 4 189.0
2024 5 194.0
2024 6 178.0
2024 7 162.0
2024 8 189.0
