1960 5 365.0
1960 6 501.0
1960 7 460.0
1960 8 345.0
1960 9 338.0
1960 10 265.0
1960 11 272.0
1960 12 169.0
1961 1 272.0
1961 2 320.0
1961 3 386.0
1961 4 360.0
1961 5 339.0
1961 6 298.0
1961 7 264.0
1961 8 361.0
1961 9 314.0
1961 10 267.0
1961 11 254.0
1961 12 256.0
1962 1 351.0
1962 2 366.0
1962 3 376.0
1962 4 307.0
1962 5 322.0
1962 6 296.0
1962 7 312.0
1962 8 317.0
1962 9 282.0
1962 10 338.0
1962 11 269.0
1962 12 227.0
1963 1 314.0
1963 2 318.0
1963 3 415.0
1963 4 405.0
1963 5 312.0
1963 6 257.0
1963 7 357.0
1963 8 294.0
1963 9 316.0
1963 10 310.0
1963 11 318.0
1963 12 232.0
1964 1 395.0
1964 2 275.0
1964 3 371.0
1964 4 329.0
1964 5 272.0
1964 6 347.0
1964 7 246.0
1964 8 255.0
1964 9 196.0
1964 10 210.0
1964 11 186.0
1964 12 191.0
1965 1 211.0
1965 2 209.0
1965 3 299.0
1965 4 297.0
1965 5 235.0
1965 6 257.0
1965 7 241.0
1965 8 219.0
1965 9 215.0
1965 10 240.0
1965 11 191.0
1965 12 175.0
1966 1 181.0
1966 2 205.0
1966 3 240.0
1966 4 172.0
1966 5 154.0
1966 6 133.0
1966 7 119.0
1966 8 102.0
1966 9 95.0
1966 10 107.0
1966 11 87.0
1966 12 74.0
1967 1 96.0
1967 2 111.0
1967 3 152.0
1967 4 156.0
1967 5 149.0
1967 6 161.0
1967 7 130.0
1967 8 153.0
1967 9 112.0
1967 10 125.0
1967 11 101.0
1967 12 84.0
1968 1 142.0
1968 2 120.0
1968 3 144.0
1968 4 148.0
1968 5 475.0
1968 6 177.0
1968 7 169.0
1968 8 163.0
1968 9 165.0
1968 10 159.0
1968 11 116.0
1968 12 92.0
1969 1 112.0
1969 2 162.0
1969 3 144.0
1969 4 146.0
1969 5 129.0
1969 6 133.0
1969 7 178.0
1969 8 128.0
1969 9 168.0
1969 10 140.0
1969 11 118.0
1969 12 142.0
1970 1 157.0
1970 2 176.0
1970 3 255.0
1970 4 208.0
1970 5 204.0
1970 6 218.0
1970 7 292.0
1970 8 279.0
1970 9 250.0
1970 10 457.0
1970 11 411.0
1970 12 651.0
1971 1 308.0
1971 2 433.0
1971 3 627.0
1971 4 588.0
1971 5 649.0
1971 6 597.0
1971 7 552.0
1971 8 589.0
1971 9 550.0
1971 10 485.0
1971 11 474.0
1971 12 449.0
1972 1 639.0
1972 2 821.0
1972 3 789.0
1972 4 627.0
1972 5 783.0
1972 6 623.0
1972 7 653.0
1972 8 859.0
1972 9 427.0
1972 10 662.0
1972 11 623.0
1972 12 311.0
1973 1 474.0
1973 2 551.0
1973 3 577.0
1973 4 817.0
1973 5 704.0
1973 6 660.0
1973 7 519.0
1973 8 515.0
1973 9 313.0
1973 10 371.0
1973 11 288.0
1973 12 180.0
1974 1 296.0
1974 2 303.0
1974 3 459.0
1974 4 859.0
1974 5 348.0
1974 6 492.0
1974 7 496.0
1974 8 409.0
1974 9 381.0
1974 10 180.0
1974 11 290.0
1974 12 216.0
1975 1 142.0
1975 2 334.0
1975 3 478.0
1975 4 580.0
1975 5 514.0
1975 6 349.0
1975 7 514.0
1975 8 654.0
1975 9 405.0
1975 10 484.0
1975 11 300.0
1975 12 335.0
1976 1 400.0
1976 2 512.0
1976 3 636.0
1976 4 557.0
1976 5 611.0
1976 6 706.0
1976 7 701.0
1976 8 558.0
1976 9 398.0
1976 10 567.0
1976 11 610.0
1976 12 487.0
1977 1 585.0
1977 2 500.0
1977 3 900.0
1977 4 626.0
1977 5 659.0
1977 6 981.0
1977 7 559.0
1977 8 698.0
1977 9 706.0
1977 10 568.0
1977 11 446.0
1977 12 453.0
1978 1 608.0
1978 2 691.0
1978 3 887.0
1978 4 1055.0
1978 5 904.0
1978 6 866.0
1978 7 791.0
1978 8 915.0
1978 9 760.0
1978 10 434.0
1978 11 640.0
1978 12 579.0
1979 1 489.0
1979 2 540.0
1979 3 1036.0
1979 4 984.0
1979 5 1014.0
1979 6 862.0
1979 7 853.0
1979 8 859.0
1979 9 694.0
1979 10 761.0
1979 11 468.0
1979 12 278.0
1980 1 436.0
1980 2 425.0
1980 3 427.0
1980 4 396.0
1980 5 412.0
1980 6 563.0
1980 7 690.0
1980 8 726.0
1980 9 658.0
1980 10 570.0
1980 11 393.0
1980 12 314.0
1981 1 359.0
1981 2 378.0
1981 3 494.0
1981 4 628.0
1981 5 529.0
1981 6 613.0
1981 7 461.0
1981 8 519.0
1981 9 393.0
1981 10 315.0
1981 11 371.0
1981 12 291.0
1982 1 264.0
1982 2 279.0
1982 3 457.0
1982 4 436.0
1982 5 443.0
1982 6 492.0
1982 7 425.0
1982 8 515.0
1982 9 411.0
1982 10 472.0
1982 11 486.0
1982 12 435.0
1983 1 497.0
1983 2 449.0
1983 3 745.0
1983 4 751.0
1983 5 937.0
1983 6 857.0
1983 7 614.0
1983 8 741.0
1983 9 665.0
1983 10 651.0
1983 11 592.0
1983 12 427.0
1984 1 571.0
1984 2 626.0
1984 3 775.0
1984 4 870.0
1984 5 790.0
1984 6 758.0
1984 7 742.0
1984 8 667.0
1984 9 690.0
1984 10 623.0
1984 11 432.0
1984 12 344.0
1985 1 485.0
1985 2 522.0
1985 3 552.0
1985 4 655.0
1985 5 689.0
1985 6 614.0
1985 7 695.0
1985 8 715.0
1985 9 567.0
1985 10 612.0
1985 11 415.0
1985 12 374.0
1986 1 525.0
1986 2 534.0
1986 3 619.0
1986 4 753.0
1986 5 826.0
1986 6 768.0
1986 7 796.0
1986 8 755.0
1986 9 690.0
1986 10 713.0
1986 11 512.0
1986 12 556.0
1987 1 495.0
1987 2 551.0
1987 3 918.0
1987 4 872.0
1987 5 669.0
1987 6 726.0
1987 7 697.0
1987 8 598.0
1987 9 663.0
1987 10 527.0
1987 11 380.0
1987 12 310.0
1988 1 299.0
1988 2 485.0
1988 3 503.0
1988 4 522.0
1988 5 549.0
1988 6 524.0
1988 7 512.0
1988 8 437.0
1988 9 513.0
1988 10 460.0
1988 11 373.0
1988 12 312.0
1989 1 284.0
1989 2 306.0
1989 3 402.0
1989 4 503.0
1989 5 541.0
1989 6 497.0
1989 7 403.0
1989 8 470.0
1989 9 440.0
1989 10 470.0
1989 11 341.0
1989 12 299.0
1990 1 335.0
1990 2 283.0
1990 3 514.0
1990 4 538.0
1990 5 561.0
1990 6 516.0
1990 7 516.0
1990 8 536.0
1990 9 453.0
1990 10 355.0
1990 11 358.0
1990 12 239.0
1991 1 279.0
1991 2 354.0
1991 3 394.0
1991 4 464.0
1991 5 500.0
1991 6 482.0
1991 7 547.0
1991 8 439.0
1991 9 466.0
1991 10 653.0
1991 11 378.0
1991 12 277.0
1992 1 348.0
1992 2 427.0
1992 3 520.0
1992 4 653.0
1992 5 555.0
1992 6 650.0
1992 7 614.0
1992 8 565.0
1992 9 602.0
1992 10 600.0
1992 11 526.0
1992 12 420.0
1993 1 422.0
1993 2 438.0
1993 3 558.0
1993 4 665.0
1993 5 626.0
1993 6 885.0
1993 7 676.0
1993 8 841.0
1993 9 712.0
1993 10 723.0
1993 11 599.0
1993 12 546.0
1994 1 574.0
1994 2 706.0
1994 3 998.0
1994 4 950.0
1994 5 875.0
1994 6 883.0
1994 7 814.0
1994 8 807.0
1994 9 762.0
1994 10 704.0
1994 11 627.0
1994 12 563.0
1995 1 580.0
1995 2 594.0
1995 3 696.0
1995 4 708.0
1995 5 831.0
1995 6 985.0
1995 7 725.0
1995 8 857.0
1995 9 695.0
1995 10 754.0
1995 11 709.0
1995 12 575.0
1996 1 552.0
1996 2 638.0
1996 3 759.0
1996 4 825.0
1996 5 933.0
1996 6 790.0
1996 7 781.0
1996 8 781.0
1996 9 707.0
1996 10 837.0
1996 11 633.0
1996 12 644.0
1997 1 663.0
1997 2 666.0
1997 3 717.0
1997 4 849.0
1997 5 773.0
1997 6 802.0
1997 7 820.0
1997 8 688.0
1997 9 536.0
1997 10 793.0
1997 11 541.0
1997 12 575.0
1998 1 609.0
1998 2 608.0
1998 3 566.0
1998 4 906.0
1998 5 1048.0
1998 6 898.0
1998 7 838.0
1998 8 767.0
1998 9 838.0
1998 10 839.0
1998 11 641.0
1998 12 753.0
1999 1 624.0
1999 2 404.0
1999 3 945.0
1999 4 1022.0
1999 5 864.0
1999 6 1019.0
1999 7 828.0
1999 8 724.0
1999 9 694.0
1999 10 551.0
1999 11 591.0
1999 12 654.0
2000 1 597.0
2000 2 675.0
2000 3 861.0
2000 4 700.0
2000 5 783.0
2000 6 829.0
2000 7 724.0
2000 8 653.0
2000 9 668.0
2000 10 623.0
2000 11 540.0
2000 12 502.0
2001 1 435.0
2001 2 638.0
2001 3 1022.0
2001 4 928.0
2001 5 889.0
2001 6 470.0
2001 7 954.0
2001 8 836.0
2001 9 716.0
2001 10 758.0
2001 11 601.0
2001 12 266.0
2002 1 372.0
2002 2 727.0
2002 3 848.0
2002 4 928.0
2002 5 1020.0
2002 6 941.0
2002 7 1035.0
2002 8 989.0
2002 9 982.0
2002 10 912.0
2002 11 708.0
2002 12 718.0
2003 1 795.0
2003 2 783.0
2003 3 984.0
2003 4 936.0
2003 5 1016.0
2003 6 1117.0
2003 7 1048.0
2003 8 974.0
2003 9 1119.0
2003 10 1124.0
2003 11 828.0
2003 12 888.0
2004 1 825.0
2004 2 1126.0
2004 3 1163.0
2004 4 1151.0
2004 5 1173.0
2004 6 1364.0
2004 7 1041.0
2004 8 975.0
2004 9 1156.0
2004 10 1019.0
2004 11 916.0
2004 12 855.0
2005 1 881.0
2005 2 1007.0
2005 3 1129.0
2005 4 1103.0
2005 5 1334.0
2005 6 1281.0
2005 7 1094.0
2005 8 1163.0
2005 9 1160.0
2005 10 1097.0
2005 11 974.0
2005 12 953.0
2006 1 921.0
2006 2 1021.0
2006 3 1410.0
2006 4 1030.0
2006 5 1196.0
2006 6 1107.0
2006 7 894.0
2006 8 926.0
2006 9 859.0
2006 10 770.0
2006 11 613.0
2006 12 609.0
2007 1 616.0
2007 2 707.0
2007 3 880.0
2007 4 841.0
2007 5 903.0
2007 6 1041.0
2007 7 767.0
2007 8 788.0
2007 9 454.0
2007 10 547.0
2007 11 383.0
2007 12 322.0
2008 1 402.0
2008 2 453.0
2008 3 499.0
2008 4 503.0
2008 5 540.0
2008 6 542.0
2008 7 413.0
2008 8 437.0
2008 9 342.0
2008 10 337.0
2008 11 199.0
2008 12 238.0
2009 1 279.0
2009 2 216.0
2009 3 274.0
2009 4 433.0
2009 5 332.0
2009 6 381.0
2009 7 456.0
2009 8 402.0
2009 9 346.0
2009 10 335.0
2009 11 280.0
2009 12 312.0
2010 1 264.0
2010 2 331.0
2010 3 427.0
2010 4 414.0
2010 5 370.0
2010 6 424.0
2010 7 352.0
2010 8 319.0
2010 9 310.0
2010 10 273.0
2010 11 255.0
2010 12 259.0
2011 1 223.0
2011 2 201.0
2011 3 292.0
2011 4 337.0
2011 5 356.0
2011 6 371.0
2011 7 295.0
2011 8 360.0
2011 9 269.0
2011 10 252.0
2011 11 216.0
2011 12 227.0
2012 1 266.0
2012 2 275.0
2012 3 325.0
2012 4 315.0
2012 5 390.0
2012 6 333.0
2012 7 389.0
2012 8 368.0
2012 9 343.0
2012 10 332.0
2012 11 296.0
2012 12 256.0
2013 1 317.0
2013 2 314.0
2013 3 326.0
2013 4 314.0
2013 5 337.0
2013 6 317.0
2013 7 333.0
2013 8 297.0
2013 9 324.0
2013 10 288.0
2013 11 245.0
2013 12 250.0
2014 1 241.0
2014 2 272.0
2014 3 322.0
2014 4 333.0
2014 5 345.0
2014 6 329.0
2014 7 293.0
2014 8 391.0
2014 9 292.0
2014 10 369.0
2014 11 234.0
2014 12 269.0
2015 1 264.0
2015 2 242.0
2015 3 350.0
2015 4 369.0
2015 5 406.0
2015 6 427.0
2015 7 375.0
2015 8 346.0
2015 9 326.0
2015 10 291.0
2015 11 269.0
2015 12 319.0
2016 1 249.0
2016 2 309.0
2016 3 312.0
2016 4 376.0
2016 5 388.0
2016 6 445.0
2016 7 296.0
2016 8 384.0
2016 9 312.0
2016 10 291.0
2016 11 325.0
2016 12 305.0
2017 1 259.0
2017 2 316.0
2017 3 373.0
2017 4 346.0
2017 5 405.0
2017 6 390.0
2017 7 251.0
2017 8 359.0
2017 9 334.0
2017 10 344.0
2017 11 287.0
2017 12 375.0
2018 1 383.0
2018 2 417.0
2018 3 464.0
2018 4 415.0
2018 5 398.0
2018 6 465.0
2018 7 392.0
2018 8 408.0
2018 9 262.0
2018 10 339.0
2018 11 304.0
2018 12 291.0
2019 1 299.0
2019 2 299.0
2019 3 381.0
2019 4 375.0
2019 5 379.0
2019 6 402.0
2019 7 372.0
2019 8 455.0
2019 9 329.0
2019 10 432.0
2019 11 328.0
2019 12 282.0
2020 1 348.0
2020 2 355.0
2020 3 411.0
2020 4 300.0
2020 5 300.0
2020 6 447.0
2020 7 392.0
2020 8 379.0
2020 9 390.0
2020 10 409.0
2020 11 376.0
2020 12 343.0
2021 1 365.0
2021 2 419.0
2021 3 604.0
2021 4 627.0
2021 5 514.0
2021 6 516.0
2021 7 419.0
2021 8 481.0
2021 9 466.0
2021 10 377.0
2021 11 369.0
2021 12 392.0
2022 1 396.0
2022 2 439.0
2022 3 544.0
2022 4 727.0
2022 5 618.0
2022 6 705.0
2022 7 597.0
2022 8 593.0
2022 9 559.0
2022 10 571.0
2022 11 383.0
2022 12 345.0
2023 1 410.0
2023 2 381.0
2023 3 543.0
2023 4 530.0
2023 5 645.0
2023 6 716.0
2023 7 658.0
2023 8 759.0
2023 9 561.0
2023 10 533.0
2023 11 526.0
2023 12 471.0
2024 1 527.0
2024 2 640.0
2024 3 781.0
2024 4 599.0
2024 5 736.0
2024 6 727.0
2024 7 625.0
2024 8 709.0
