1960 5 16.0
1960 6 27.0
1960 7 6.0
1960 8 29.0
1960 9 34.0
1960 10 16.0
1960 11 24.0
1960 12 11.0
1961 1 10.0
1961 2 36.0
1961 3 8.0
1961 4 4.0
1961 5 14.0
1961 6 13.0
1961 7 11.0
1961 8 4.0
1961 9 5.0
1961 10 16.0
1961 11 14.5
1961 12 13.0
1962 1 12.0
1962 2 8.0
1962 3 22.0
1962 4 3.0
1962 5 4.0
1962 6 39.0
1962 7 23.0
1962 8 31.0
1962 9 43.0
1962 10 136.0
1962 11 75.0
1962 12 63.0
1963 1 75.0
1963 2 69.0
1963 3 20.0
1963 4 57.0
1963 5 39.0
1963 6 14.0
1963 7 41.0
1963 8 40.0
1963 9 74.0
1963 10 66.0
1963 11 32.0
1963 12 92.0
1964 1 71.0
1964 2 9.0
1964 3 121.0
1964 4 67.0
1964 5 60.0
1964 6 35.0
1964 7 22.0
1964 8 23.0
1964 9 38.0
1964 10 6.0
1964 11 6.0
1964 12 10.0
1965 1 82.0
1965 2 16.0
1965 3 17.0
1965 4 18.0
1965 5 8.0
1965 6 10.0
1965 7 18.0
1965 8 7.0
1965 9 8.0
1965 10 20.0
1965 11 23.0
1965 12 9.0
1966 1 14.0
1966 2 18.0
1966 3 11.0
1966 4 22.0
1966 5 8.0
1966 6 6.0
1966 7 12.0
1966 8 2.0
1966 9 3.0
1966 10 4.0
1966 11 8.0
1966 12 5.5
1967 1 3.0
1967 2 12.0
1967 3 6.0
1967 4 3.0
1967 5 8.0
1967 6 9.0
1967 7 20.0
1967 8 2.0
1967 9 8.0
1967 10 6.0
1967 11 11.0
1967 12 8.5
1968 1 6.0
1968 2 11.0
1968 3 7.0
1968 4 6.5
1968 5 6.0
1968 6 2.0
1968 7 36.0
1968 8 16.0
1968 9 8.0
1968 10 14.0
1968 11 8.0
1968 12 6.0
1969 1 31.0
1969 2 6.0
1969 3 20.0
1969 4 4.0
1969 5 12.0
1969 6 8.0
1969 7 4.0
1969 8 4.0
1969 9 19.0
1969 10 10.0
1969 11 8.0
1969 12 8.0
1970 1 8.0
1970 2 8.0
1970 3 4.0
1970 4 23.0
1970 5 22.0
1970 6 48.0
1970 7 28.5
1970 8 9.0
1970 9 39.0
1970 10 20.0
1970 11 4.0
1970 12 26.0
1971 1 4.0
1971 2 44.0
1971 3 48.0
1971 4 65.0
1971 5 36.0
1971 6 53.0
1971 7 135.0
1971 8 46.0
1971 9 21.0
1971 10 73.0
1971 11 13.0
1971 12 91.0
1972 1 79.0
1972 2 97.0
1972 3 98.0
1972 4 63.0
1972 5 36.0
1972 6 63.0
1972 7 72.0
1972 8 100.0
1972 9 58.0
1972 10 38.0
1972 11 27.0
1972 12 56.0
1973 1 41.0
1973 2 46.0
1973 3 43.0
1973 4 25.0
1973 5 34.0
1973 6 67.0
1973 7 27.0
1973 8 29.0
1973 9 8.0
1973 10 17.0
1973 11 49.0
1973 12 15.0
1974 1 11.0
1974 2 32.0
1974 3 70.0
1974 4 32.0
1974 5 16.0
1974 6 128.0
1974 7 24.0
1974 8 17.0
1974 9 10.0
1974 10 4.0
1974 11 6.0
1974 12 154.0
1975 1 32.0
1975 2 14.0
1975 3 16.0
1975 4 24.0
1975 5 16.0
1975 6 8.0
1975 7 17.0
1975 8 79.0
1975 9 15.0
1975 10 17.0
1975 11 46.0
1975 12 31.0
1976 1 37.0
1976 2 44.0
1976 3 52.0
1976 4 29.0
1976 5 2.0
1976 6 114.0
1976 7 13.0
1976 8 62.0
1976 9 34.0
1976 10 40.0
1976 11 48.0
1976 12 38.0
1977 1 77.0
1977 2 77.0
1977 3 102.0
1977 4 150.0
1977 5 61.0
1977 6 83.0
1977 7 64.0
1977 8 93.0
1977 9 72.0
1977 10 93.0
1977 11 108.0
1977 12 98.0
1978 1 31.0
1978 2 50.0
1978 3 236.0
1978 4 143.0
1978 5 150.0
1978 6 193.0
1978 7 149.0
1978 8 112.0
1978 9 131.0
1978 10 136.0
1978 11 78.0
1978 12 127.0
1979 1 109.0
1979 2 166.0
1979 3 170.0
1979 4 131.0
1979 5 82.0
1979 6 290.0
1979 7 161.0
1979 8 148.0
1979 9 243.0
1979 10 94.0
1979 11 130.0
1979 12 57.0
1980 1 66.0
1980 2 33.0
1980 3 61.0
1980 4 158.0
1980 5 72.0
1980 6 162.0
1980 7 78.0
1980 8 72.0
1980 9 139.0
1980 10 91.0
1980 11 100.0
1980 12 72.0
1981 1 98.0
1981 2 117.0
1981 3 167.0
1981 4 173.0
1981 5 78.0
1981 6 80.0
1981 7 85.0
1981 8 41.0
1981 9 22.0
1981 10 79.0
1981 11 87.0
1981 12 39.0
1982 1 33.0
1982 2 71.0
1982 3 32.0
1982 4 52.0
1982 5 78.0
1982 6 70.0
1982 7 35.0
1982 8 76.0
1982 9 9.0
1982 10 12.0
1982 11 16.0
1982 12 50.0
1983 1 48.0
1983 2 38.0
1983 3 27.0
1983 4 27.0
1983 5 110.0
1983 6 30.0
1983 7 65.0
1983 8 51.0
1983 9 89.0
1983 10 36.0
1983 11 45.0
1983 12 57.0
1984 1 65.0
1984 2 57.0
1984 3 259.0
1984 4 51.0
1984 5 99.0
1984 6 63.0
1984 7 45.0
1984 8 76.0
1984 9 24.0
1984 10 33.0
1984 11 28.0
1984 12 27.0
1985 1 76.0
1985 2 47.0
1985 3 41.0
1985 4 36.0
1985 5 79.0
1985 6 32.0
1985 7 26.0
1985 8 33.0
1985 9 14.0
1985 10 51.0
1985 11 12.0
1985 12 15.0
1986 1 18.0
1986 2 35.0
1986 3 24.0
1986 4 43.0
1986 5 47.0
1986 6 20.0
1986 7 21.0
1986 8 23.0
1986 9 18.0
1986 10 26.0
1986 11 4.0
1986 12 12.0
1987 1 30.0
1987 2 31.0
1987 3 35.0
1987 4 23.0
1987 5 2.0
1987 6 19.0
1987 7 26.0
1987 8 11.0
1987 9 6.0
1987 10 19.0
1987 11 23.0
1987 12 10.0
1988 1 4.0
1988 2 2.0
1988 3 15.0
1988 4 7.0
1988 5 8.0
1988 6 5.0
1988 7 4.0
1988 8 9.0
1988 9 14.0
1988 10 6.0
1988 11 11.0
1988 12 16.0
1989 1 5.0
1989 2 20.0
1989 3 35.0
1989 4 15.0
1989 5 46.0
1989 6 41.0
1989 7 19.0
1989 8 25.0
1989 9 31.0
1989 10 25.0
1989 11 15.0
1989 12 2.0
1990 1 4.0
1990 2 4.0
1990 3 7.0
1990 4 59.0
1990 5 7.0
1990 6 17.0
1990 7 11.0
1990 8 74.0
1990 9 8.0
1990 10 2.0
1990 11 5.0
1990 12 57.0
1991 1 10.0
1991 2 6.0
1991 3 7.0
1991 4 4.0
1991 5 5.0
1991 6 8.0
1991 7 21.0
1991 8 34.0
1991 9 10.0
1991 10 8.0
1991 11 20.0
1991 12 8.0
1992 1 2.0
1992 2 4.0
1992 3 4.0
1992 4 4.0
1992 5 4.0
1992 6 6.0
1992 7 3.0
1992 8 6.0
1992 9 8.0
1992 10 5.0
1992 11 32.0
1992 12 2.0
1993 1 56.0
1993 2 35.5
1993 3 15.0
1993 4 11.0
1993 5 7.0
1993 6 10.0
1993 7 12.5
1993 8 15.0
1993 9 17.5
1993 10 20.0
1993 11 4.0
1993 12 28.5
1994 1 53.0
1994 2 79.0
1994 3 16.0
1994 4 13.0
1994 5 13.0
1994 6 28.0
1994 7 15.0
1994 8 7.0
1994 9 10.0
1994 10 9.0
1994 11 31.0
1994 12 16.0
1995 1 14.0
1995 2 19.0
1995 3 33.0
1995 4 8.0
1995 5 10.0
1995 6 14.0
1995 7 15.0
1995 8 18.0
1995 9 8.0
1995 10 14.0
1995 11 10.0
1995 12 7.0
1996 1 6.0
1996 2 2.0
1996 3 6.0
1996 4 20.0
1996 5 6.0
1996 6 14.0
1996 7 16.0
1996 8 28.0
1996 9 6.0
1996 10 7.0
1996 11 7.0
1996 12 10.0
1997 1 10.0
1997 2 20.0
1997 3 9.0
1997 4 10.0
1997 5 14.0
1997 6 2.0
1997 7 25.0
1997 8 7.0
1997 9 20.0
1997 10 6.0
1997 11 5.0
1997 12 8.0
1998 1 3.0
1998 2 107.0
1998 3 8.0
1998 4 2.0
1998 5 21.0
1998 6 17.0
1998 7 10.0
1998 8 8.0
1998 9 4.0
1998 10 5.0
1998 11 6.0
1998 12 4.0
1999 1 6.0
1999 2 8.0
1999 3 2.0
1999 4 61.0
1999 5 8.0
1999 6 5.0
1999 7 72.0
1999 8 23.0
1999 9 18.0
1999 10 6.0
1999 11 3.0
1999 12 16.0
2000 1 4.0
2000 2 8.0
2000 3 12.0
2000 4 6.0
2000 5 20.0
2000 6 9.0
2000 7 6.0
2000 8 4.0
2000 9 14.0
2000 10 20.0
2000 11 26.0
2000 12 19.0
2001 1 12.0
2001 2 5.0
2001 3 7.0
2001 4 10.5
2001 5 14.0
2001 6 24.0
2001 7 16.0
2001 8 8.0
2001 9 3.0
2001 10 15.5
2001 11 28.0
2001 12 10.0
2002 1 8.0
2002 2 4.0
2002 3 46.0
2002 4 7.0
2002 5 12.0
2002 6 3.0
2002 7 7.0
2002 8 22.0
2002 9 6.0
2002 10 35.0
2002 11 35.0
2002 12 14.0
2003 1 19.5
2003 2 25.0
2003 3 68.0
2003 4 18.0
2003 5 13.0
2003 6 21.0
2003 7 11.0
2003 8 12.0
2003 9 12.0
2003 10 16.0
2003 11 7.0
2003 12 26.0
2004 1 13.0
2004 2 18.0
2004 3 23.0
2004 4 13.0
2004 5 15.0
2004 6 55.0
2004 7 5.0
2004 8 3.0
2004 9 11.0
2004 10 28.0
2004 11 33.0
2004 12 83.0
2005 1 66.0
2005 2 3.0
2005 3 4.0
2005 4 13.0
2005 5 4.0
2005 6 11.0
2005 7 19.0
2005 8 12.0
2005 9 9.0
2005 10 34.0
2005 11 13.0
2005 12 13.0
2006 1 35.0
2006 2 14.0
2006 3 16.0
2006 4 12.0
2006 5 8.0
2006 6 15.0
2006 7 69.0
2006 8 14.0
2006 9 8.0
2006 10 34.0
2006 11 5.0
2006 12 10.0
2007 1 7.0
2007 2 10.0
2007 3 7.0
2007 4 9.0
2007 5 27.0
2007 6 22.0
2007 7 17.0
2007 8 31.0
2007 9 27.0
2007 10 23.0
2007 11 153.0
2007 12 6.0
2008 1 11.0
2008 2 41.0
2008 3 14.0
2008 4 22.0
2008 5 13.0
2008 6 15.0
2008 7 14.0
2008 8 16.0
2008 9 9.0
2008 10 14.0
2008 11 10.0
2008 12 4.0
2009 1 3.0
2009 2 7.0
2009 3 25.0
2009 4 7.0
2009 5 5.0
2009 6 8.0
2009 7 7.0
2009 8 5.5
2009 9 4.0
2009 10 3.75
2009 11 3.5
2009 12 3.25
2010 1 3.0
2010 2 3.0
2010 3 12.0
2010 4 3.0
2010 5 3.0
2010 6 3.0
2010 7 3.0
2010 8 3.0
2010 9 3.0
2010 10 3.0
2010 11 3.0
2010 12 3.0
2011 1 3.0
2011 2 6.666666666666666
2011 3 10.333333333333332
2011 4 14.0
2011 5 3.0
2011 6 6.0
2011 7 2.0
2011 8 237.0
2011 9 13.0
2011 10 33.0
2011 11 3.0
2011 12 6.0
2012 1 6.0
2012 2 16.0
2012 3 3.0
2012 4 18.0
2012 5 11.0
2012 6 6.0
2012 7 19.0
2012 8 27.0
2012 9 5.0
2012 10 26.0
2012 11 5.0
2012 12 4.0
2013 1 22.0
2013 2 37.0
2013 3 6.0
2013 4 8.0
2013 5 7.0
2013 6 14.0
2013 7 10.0
2013 8 16.0
2013 9 13.0
2013 10 12.0
2013 11 4.0
2013 12 11.0
2014 1 9.0
2014 2 12.0
2014 3 25.0
2014 4 3.0
2014 5 4.0
2014 6 16.0
2014 7 12.0
2014 8 21.0
2014 9 11.0
2014 10 8.0
2014 11 12.0
2014 12 6.0
2015 1 6.0
2015 2 12.0
2015 3 12.0
2015 4 9.0
2015 5 13.0
2015 6 13.0
2015 7 34.0
2015 8 18.0
2015 9 2.0
2015 10 3.0
2015 11 4.0
2015 12 4.0
2016 1 4.0
2016 2 4.0
2016 3 4.0
2016 4 4.0
2016 5 9.0
2016 6 12.0
2016 7 8.0
2016 8 4.0
2016 9 12.0
2016 10 9.5
2016 11 7.0
2016 12 6.0
2017 1 4.0
2017 2 6.0
2017 3 2.0
2017 4 2.0
2017 5 2.0
2017 6 2.0
2017 7 3.0
2017 8 3.0
2017 9 3.0
2017 10 3.0
2017 11 3.0
2017 12 3.0
2018 1 3.0
2018 2 3.0
2018 3 2.0
2018 4 4.0
2018 5 4.0
2018 6 4.0
2018 7 3.5
2018 8 3.0
2018 9 12.0
2018 10 2.0
2018 11 3.0
2018 12 3.0
2019 1 4.0
2019 2 7.5
2019 3 11.0
2019 4 6.5
2019 5 2.0
2019 6 2.3333333333333335
2019 7 2.6666666666666665
2019 8 3.0
2019 9 3.0
2019 10 3.0
2019 11 3.0
2019 12 2.0
2020 1 3.0
2020 2 2.0
2020 3 2.5
2020 4 3.0
2020 5 3.0
2020 6 3.0
2020 7 5.0
2020 8 3.0
2020 9 8.0
2020 10 11.0
2020 11 3.0
2020 12 4.0
2021 1 5.0
2021 2 4.0
2021 3 12.0
2021 4 20.0
2021 5 3.0
2021 6 19.333333333333332
2021 7 35.666666666666664
2021 8 52.0
2021 9 2.0
2021 10 2.0
2021 11 2.0
2021 12 2.5
2022 1 3.0
2022 2 5.0
2022 3 7.0
2022 4 6.666666666666667
2022 5 6.333333333333333
2022 6 6.0
2022 7 6.0
2022 8 5.0
2022 9 4.0
2022 10 3.6666666666666665
2022 11 3.3333333333333335
2022 12 3.0
2023 1 2.0
2023 2 3.0
2023 3 4.0
2023 4 14.0
2023 5 6.0
2023 6 14.0
2023 7 4.0
2023 8 59.0
2023 9 8.0
2023 10 4.0
2023 11 4.0
2023 12 20.0
2024 1 27.0
2024 2 24.0
2024 3 20.0
2024 4 8.0
2024 5 4.0
2024 6 28.0
2024 7 42.0
2024 8 30.0
