1960 5 255.0
1960 6 248.0
1960 7 288.0
1960 8 169.0
1960 9 239.0
1960 10 223.0
1960 11 302.0
1960 12 253.0
1961 1 105.0
1961 2 70.0
1961 3 210.0
1961 4 261.0
1961 5 218.0
1961 6 314.0
1961 7 191.0
1961 8 245.0
1961 9 201.0
1961 10 406.0
1961 11 145.0
1961 12 232.0
1962 1 174.0
1962 2 128.0
1962 3 361.0
1962 4 292.0
1962 5 244.0
1962 6 170.0
1962 7 286.0
1962 8 224.0
1962 9 174.0
1962 10 208.0
1962 11 193.0
1962 12 166.0
1963 1 203.0
1963 2 110.0
1963 3 236.0
1963 4 308.0
1963 5 245.0
1963 6 208.0
1963 7 286.0
1963 8 375.0
1963 9 318.0
1963 10 403.0
1963 11 176.0
1963 12 169.0
1964 1 89.0
1964 2 116.0
1964 3 261.0
1964 4 304.0
1964 5 326.0
1964 6 330.0
1964 7 246.0
1964 8 300.0
1964 9 187.0
1964 10 370.0
1964 11 211.0
1964 12 206.0
1965 1 136.0
1965 2 159.0
1965 3 332.0
1965 4 350.0
1965 5 314.0
1965 6 304.0
1965 7 412.0
1965 8 211.0
1965 9 378.0
1965 10 266.0
1965 11 199.0
1965 12 298.0
1966 1 255.0
1966 2 150.0
1966 3 524.0
1966 4 432.0
1966 5 243.0
1966 6 269.0
1966 7 285.0
1966 8 140.0
1966 9 262.0
1966 10 199.0
1966 11 179.0
1966 12 120.0
1967 1 157.0
1967 2 134.0
1967 3 142.0
1967 4 164.0
1967 5 285.0
1967 6 412.0
1967 7 140.0
1967 8 344.0
1967 9 238.0
1967 10 243.0
1967 11 191.0
1967 12 286.0
1968 1 105.0
1968 2 110.0
1968 3 199.0
1968 4 237.0
1968 5 332.0
1968 6 240.0
1968 7 438.0
1968 8 186.0
1968 9 298.0
1968 10 308.0
1968 11 376.0
1968 12 179.0
1969 1 190.0
1969 2 172.0
1969 3 279.0
1969 4 286.0
1969 5 388.0
1969 6 356.0
1969 7 354.0
1969 8 213.0
1969 9 280.0
1969 10 254.0
1969 11 157.0
1969 12 224.0
1970 1 46.0
1970 2 116.0
1970 3 234.0
1970 4 147.0
1970 5 388.0
1970 6 486.0
1970 7 142.0
1970 8 176.0
1970 9 277.0
1970 10 258.0
1970 11 126.0
1970 12 238.0
1971 1 141.0
1971 2 140.0
1971 3 297.0
1971 4 450.0
1971 5 319.0
1971 6 358.0
1971 7 253.0
1971 8 417.0
1971 9 443.0
1971 10 351.0
1971 11 258.0
1971 12 282.0
1972 1 124.0
1972 2 172.0
1972 3 276.0
1972 4 519.0
1972 5 330.0
1972 6 567.0
1972 7 474.0
1972 8 311.0
1972 9 346.0
1972 10 642.0
1972 11 431.0
1972 12 391.0
1973 1 145.0
1973 2 104.0
1973 3 211.0
1973 4 301.0
1973 5 341.0
1973 6 755.0
1973 7 561.0
1973 8 167.0
1973 9 154.0
1973 10 183.0
1973 11 162.0
1973 12 75.0
1974 1 137.0
1974 2 78.0
1974 3 96.0
1974 4 115.0
1974 5 82.0
1974 6 193.0
1974 7 173.0
1974 8 126.0
1974 9 244.0
1974 10 137.0
1974 11 50.0
1974 12 38.0
1975 1 111.0
1975 2 40.0
1975 3 64.0
1975 4 204.0
1975 5 170.0
1975 6 110.0
1975 7 145.0
1975 8 133.0
1975 9 108.0
1975 10 280.0
1975 11 170.0
1975 12 84.0
1976 1 53.0
1976 2 120.0
1976 3 418.0
1976 4 147.0
1976 5 175.0
1976 6 110.0
1976 7 210.0
1976 8 98.0
1976 9 340.0
1976 10 111.0
1976 11 186.0
1976 12 264.0
1977 1 128.0
1977 2 61.0
1977 3 129.0
1977 4 200.0
1977 5 337.0
1977 6 187.0
1977 7 200.0
1977 8 236.0
1977 9 117.0
1977 10 211.0
1977 11 196.0
1977 12 104.0
1978 1 118.0
1978 2 91.0
1978 3 246.0
1978 4 308.0
1978 5 221.0
1978 6 147.0
1978 7 145.0
1978 8 146.0
1978 9 187.0
1978 10 200.0
1978 11 387.0
1978 12 130.0
1979 1 168.0
1979 2 155.0
1979 3 268.0
1979 4 170.0
1979 5 185.0
1979 6 142.0
1979 7 193.0
1979 8 126.0
1979 9 311.0
1979 10 151.0
1979 11 106.0
1979 12 351.0
1980 1 98.0
1980 2 52.0
1980 3 118.0
1980 4 148.0
1980 5 85.0
1980 6 247.0
1980 7 230.0
1980 8 126.0
1980 9 275.0
1980 10 280.0
1980 11 195.0
1980 12 119.0
1981 1 124.0
1981 2 79.0
1981 3 130.0
1981 4 183.0
1981 5 224.0
1981 6 117.0
1981 7 135.0
1981 8 215.0
1981 9 124.0
1981 10 213.0
1981 11 120.0
1981 12 137.0
1982 1 34.0
1982 2 80.0
1982 3 77.0
1982 4 72.0
1982 5 113.0
1982 6 142.0
1982 7 48.0
1982 8 151.0
1982 9 65.0
1982 10 171.0
1982 11 156.0
1982 12 188.0
1983 1 90.0
1983 2 46.0
1983 3 261.0
1983 4 141.0
1983 5 91.0
1983 6 211.0
1983 7 97.0
1983 8 167.0
1983 9 108.0
1983 10 134.0
1983 11 136.0
1983 12 147.0
1984 1 125.0
1984 2 205.0
1984 3 131.0
1984 4 157.0
1984 5 141.0
1984 6 229.0
1984 7 161.0
1984 8 104.0
1984 9 159.0
1984 10 219.0
1984 11 266.0
1984 12 220.0
1985 1 278.0
1985 2 233.0
1985 3 233.0
1985 4 373.0
1985 5 280.0
1985 6 277.0
1985 7 730.0
1985 8 205.0
1985 9 380.0
1985 10 288.0
1985 11 204.0
1985 12 173.0
1986 1 208.0
1986 2 210.0
1986 3 180.0
1986 4 329.0
1986 5 317.0
1986 6 290.0
1986 7 339.0
1986 8 217.0
1986 9 278.0
1986 10 244.0
1986 11 264.0
1986 12 267.0
1987 1 203.0
1987 2 184.0
1987 3 251.0
1987 4 226.0
1987 5 240.0
1987 6 303.0
1987 7 263.0
1987 8 185.0
1987 9 320.0
1987 10 256.0
1987 11 286.0
1987 12 229.0
1988 1 144.0
1988 2 122.0
1988 3 348.0
1988 4 143.0
1988 5 231.0
1988 6 167.0
1988 7 181.0
1988 8 226.0
1988 9 171.0
1988 10 200.0
1988 11 176.0
1988 12 136.0
1989 1 145.0
1989 2 136.0
1989 3 140.0
1989 4 123.0
1989 5 145.0
1989 6 163.0
1989 7 157.0
1989 8 148.0
1989 9 105.0
1989 10 80.0
1989 11 107.0
1989 12 91.0
1990 1 117.0
1990 2 96.0
1990 3 69.0
1990 4 81.0
1990 5 58.0
1990 6 69.0
1990 7 69.0
1990 8 111.0
1990 9 45.0
1990 10 54.0
1990 11 43.0
1990 12 59.0
1991 1 28.0
1991 2 54.0
1991 3 45.0
1991 4 19.0
1991 5 25.0
1991 6 29.0
1991 7 69.0
1991 8 52.0
1991 9 36.0
1991 10 78.0
1991 11 72.0
1991 12 67.0
1992 1 36.0
1992 2 50.0
1992 3 67.0
1992 4 42.0
1992 5 64.0
1992 6 51.0
1992 7 37.0
1992 8 32.0
1992 9 28.0
1992 10 50.0
1992 11 37.0
1992 12 30.0
1993 1 32.0
1993 2 46.0
1993 3 36.0
1993 4 58.0
1993 5 50.0
1993 6 52.0
1993 7 45.0
1993 8 54.0
1993 9 22.0
1993 10 81.0
1993 11 57.0
1993 12 77.0
1994 1 29.0
1994 2 27.0
1994 3 67.0
1994 4 61.0
1994 5 53.0
1994 6 76.0
1994 7 88.0
1994 8 77.0
1994 9 154.0
1994 10 44.0
1994 11 104.0
1994 12 63.0
1995 1 75.0
1995 2 109.0
1995 3 81.0
1995 4 100.0
1995 5 45.0
1995 6 69.0
1995 7 33.0
1995 8 43.0
1995 9 97.0
1995 10 73.0
1995 11 49.0
1995 12 84.0
1996 1 63.0
1996 2 56.0
1996 3 81.0
1996 4 103.0
1996 5 54.0
1996 6 80.0
1996 7 57.0
1996 8 88.0
1996 9 59.0
1996 10 130.0
1996 11 51.0
1996 12 156.0
1997 1 100.0
1997 2 85.0
1997 3 59.0
1997 4 146.0
1997 5 77.0
1997 6 117.0
1997 7 89.0
1997 8 68.0
1997 9 154.0
1997 10 108.0
1997 11 136.0
1997 12 144.0
1998 1 154.0
1998 2 92.0
1998 3 111.0
1998 4 139.0
1998 5 53.0
1998 6 77.0
1998 7 70.0
1998 8 87.0
1998 9 118.0
1998 10 155.0
1998 11 99.0
1998 12 185.0
1999 1 136.0
1999 2 164.0
1999 3 148.0
1999 4 199.0
1999 5 98.0
1999 6 103.0
1999 7 96.0
1999 8 109.0
1999 9 186.0
1999 10 153.0
1999 11 113.0
1999 12 118.0
2000 1 94.0
2000 2 139.0
2000 3 130.0
2000 4 106.0
2000 5 91.0
2000 6 189.0
2000 7 75.0
2000 8 115.0
2000 9 114.0
2000 10 255.0
2000 11 177.0
2000 12 103.0
2001 1 117.0
2001 2 131.0
2001 3 159.0
2001 4 227.0
2001 5 163.0
2001 6 150.0
2001 7 194.0
2001 8 295.0
2001 9 161.0
2001 10 222.0
2001 11 268.0
2001 12 194.0
2002 1 222.0
2002 2 121.0
2002 3 171.0
2002 4 201.0
2002 5 270.0
2002 6 232.0
2002 7 210.0
2002 8 251.0
2002 9 289.0
2002 10 262.0
2002 11 202.0
2002 12 215.0
2003 1 220.0
2003 2 195.0
2003 3 287.0
2003 4 227.0
2003 5 279.0
2003 6 204.0
2003 7 280.0
2003 8 300.0
2003 9 252.0
2003 10 421.0
2003 11 261.0
2003 12 248.0
2004 1 298.0
2004 2 95.0
2004 3 264.0
2004 4 323.0
2004 5 357.0
2004 6 405.0
2004 7 447.0
2004 8 375.0
2004 9 304.0
2004 10 399.0
2004 11 417.0
2004 12 521.0
2005 1 280.0
2005 2 222.0
2005 3 379.0
2005 4 453.0
2005 5 486.0
2005 6 579.0
2005 7 377.0
2005 8 287.0
2005 9 363.0
2005 10 510.0
2005 11 434.0
2005 12 316.0
2006 1 486.0
2006 2 264.0
2006 3 461.0
2006 4 322.0
2006 5 374.0
2006 6 469.0
2006 7 377.0
2006 8 326.0
2006 9 351.0
2006 10 396.0
2006 11 245.0
2006 12 281.0
2007 1 245.0
2007 2 240.0
2007 3 196.0
2007 4 251.0
2007 5 228.0
2007 6 311.0
2007 7 184.0
2007 8 362.0
2007 9 183.0
2007 10 239.0
2007 11 159.0
2007 12 261.0
2008 1 81.0
2008 2 87.0
2008 3 107.0
2008 4 144.0
2008 5 84.0
2008 6 112.0
2008 7 180.0
2008 8 42.0
2008 9 96.0
2008 10 85.0
2008 11 40.0
2008 12 47.0
2009 1 39.0
2009 2 29.0
2009 3 63.0
2009 4 47.0
2009 5 53.0
2009 6 47.0
2009 7 52.0
2009 8 41.0
2009 9 87.0
2009 10 55.0
2009 11 65.0
2009 12 54.0
2010 1 47.0
2010 2 30.0
2010 3 73.0
2010 4 79.0
2010 5 72.0
2010 6 71.0
2010 7 127.0
2010 8 62.0
2010 9 110.0
2010 10 140.0
2010 11 59.0
2010 12 83.0
2011 1 69.0
2011 2 36.0
2011 3 58.0
2011 4 37.0
2011 5 44.0
2011 6 93.0
2011 7 33.0
2011 8 64.0
2011 9 61.0
2011 10 57.0
2011 11 49.0
2011 12 53.0
2012 1 43.0
2012 2 55.0
2012 3 49.0
2012 4 70.0
2012 5 45.0
2012 6 44.0
2012 7 112.0
2012 8 148.0
2012 9 58.0
2012 10 68.0
2012 11 64.0
2012 12 72.0
2013 1 58.0
2013 2 114.0
2013 3 80.0
2013 4 67.0
2013 5 105.0
2013 6 53.0
2013 7 87.0
2013 8 73.0
2013 9 82.0
2013 10 117.0
2013 11 91.0
2013 12 100.0
2014 1 79.0
2014 2 57.0
2014 3 51.0
2014 4 91.0
2014 5 107.0
2014 6 91.0
2014 7 77.0
2014 8 78.0
2014 9 99.0
2014 10 110.0
2014 11 118.0
2014 12 117.0
2015 1 70.0
2015 2 57.0
2015 3 78.0
2015 4 104.0
2015 5 64.0
2015 6 123.0
2015 7 71.0
2015 8 62.0
2015 9 277.0
2015 10 122.0
2015 11 91.0
2015 12 97.0
2016 1 72.0
2016 2 129.0
2016 3 95.0
2016 4 92.0
2016 5 100.0
2016 6 87.0
2016 7 83.0
2016 8 107.0
2016 9 76.0
2016 10 86.0
2016 11 106.0
2016 12 97.0
2017 1 92.0
2017 2 92.0
2017 3 100.0
2017 4 80.0
2017 5 220.0
2017 6 108.0
2017 7 57.0
2017 8 210.0
2017 9 109.0
2017 10 171.0
2017 11 261.0
2017 12 109.0
2018 1 120.0
2018 2 337.0
2018 3 143.0
2018 4 75.0
2018 5 107.0
2018 6 116.0
2018 7 42.0
2018 8 114.0
2018 9 174.0
2018 10 149.0
2018 11 112.0
2018 12 126.0
2019 1 122.0
2019 2 109.0
2019 3 145.0
2019 4 156.0
2019 5 192.0
2019 6 225.0
2019 7 159.0
2019 8 199.0
2019 9 147.0
2019 10 206.0
2019 11 161.0
2019 12 123.0
2020 1 207.0
2020 2 143.0
2020 3 250.0
2020 4 114.0
2020 5 87.0
2020 6 136.0
2020 7 221.0
2020 8 154.0
2020 9 145.0
2020 10 165.0
2020 11 237.0
2020 12 112.0
2021 1 148.0
2021 2 94.0
2021 3 175.0
2021 4 116.0
2021 5 166.0
2021 6 184.0
2021 7 187.0
2021 8 186.0
2021 9 179.0
2021 10 148.0
2021 11 182.0
2021 12 227.0
2022 1 126.0
2022 2 121.0
2022 3 172.0
2022 4 157.0
2022 5 120.0
2022 6 121.0
2022 7 167.0
2022 8 154.0
2022 9 153.0
2022 10 120.0
2022 11 155.0
2022 12 249.0
2023 1 151.0
2023 2 105.0
2023 3 185.0
2023 4 112.0
2023 5 160.0
2023 6 130.0
2023 7 128.0
2023 8 205.0
2023 9 132.0
2023 10 244.0
2023 11 293.0
2023 12 117.0
2024 1 108.0
2024 2 269.0
2024 3 175.0
2024 4 372.0
2024 5 374.0
2024 6 145.0
2024 7 246.0
2024 8 248.0
