1960 5 2.0
1960 6 6.0
1960 7 10.0
1960 8 6.0
1960 9 20.0
1960 10 4.0
1960 11 6.0
1960 12 5.0
1961 1 4.0
1961 2 3.0
1961 3 2.0
1961 4 21.0
1961 5 40.0
1961 6 21.5
1961 7 3.0
1961 8 112.0
1961 9 502.0
1961 10 2.0
1961 11 7.0
1961 12 12.0
1962 1 8.666666666666666
1962 2 5.333333333333333
1962 3 2.0
1962 4 2.0
1962 5 20.0
1962 6 6.0
1962 7 2.0
1962 8 5.0
1962 9 8.0
1962 10 8.0
1962 11 4.0
1962 12 6.0
1963 1 5.0
1963 2 4.0
1963 3 72.0
1963 4 12.0
1963 5 24.0
1963 6 4.0
1963 7 18.0
1963 8 24.0
1963 9 4.0
1963 10 6.0
1963 11 22.0
1963 12 34.0
1964 1 6.0
1964 2 4.0
1964 3 47.0
1964 4 20.0
1964 5 29.0
1964 6 8.0
1964 7 15.0
1964 8 70.0
1964 9 55.0
1964 10 40.0
1964 11 59.0
1964 12 14.0
1965 1 8.0
1965 2 12.0
1965 3 26.0
1965 4 69.0
1965 5 56.0
1965 6 38.0
1965 7 6.0
1965 8 58.0
1965 9 28.0
1965 10 30.0
1965 11 16.0
1965 12 32.0
1966 1 18.0
1966 2 16.0
1966 3 10.0
1966 4 39.0
1966 5 46.0
1966 6 20.0
1966 7 18.0
1966 8 13.0
1966 9 30.0
1966 10 6.0
1966 11 12.0
1966 12 38.0
1967 1 4.0
1967 2 37.0
1967 3 20.0
1967 4 17.0
1967 5 102.0
1967 6 18.0
1967 7 70.0
1967 8 7.0
1967 9 106.0
1967 10 20.0
1967 11 47.0
1967 12 6.0
1968 1 16.0
1968 2 55.0
1968 3 16.0
1968 4 34.0
1968 5 104.0
1968 6 122.0
1968 7 158.0
1968 8 120.0
1968 9 172.0
1968 10 128.0
1968 11 37.0
1968 12 51.0
1969 1 14.0
1969 2 270.0
1969 3 50.0
1969 4 204.0
1969 5 142.0
1969 6 84.0
1969 7 35.0
1969 8 4.0
1969 9 96.0
1969 10 239.0
1969 11 84.0
1969 12 114.0
1970 1 64.0
1970 2 16.0
1970 3 274.0
1970 4 186.0
1970 5 46.0
1970 6 21.0
1970 7 299.0
1970 8 122.0
1970 9 447.0
1970 10 312.0
1970 11 107.0
1970 12 164.0
1971 1 219.0
1971 2 8.0
1971 3 294.0
1971 4 256.0
1971 5 586.0
1971 6 289.0
1971 7 462.0
1971 8 299.0
1971 9 264.0
1971 10 417.0
1971 11 333.0
1971 12 8.0
1972 1 108.0
1972 2 838.0
1972 3 221.0
1972 4 173.0
1972 5 351.0
1972 6 530.0
1972 7 741.0
1972 8 139.0
1972 9 271.0
1972 10 310.0
1972 11 163.0
1972 12 73.0
1973 1 132.0
1973 2 213.0
1973 3 95.0
1973 4 461.0
1973 5 26.0
1973 6 417.0
1973 7 304.0
1973 8 409.0
1973 9 31.0
1973 10 38.0
1973 11 219.0
1973 12 114.0
1974 1 156.0
1974 2 1163.0
1974 3 280.0
1974 4 175.0
1974 5 90.0
1974 6 72.0
1974 7 195.0
1974 8 269.0
1974 9 77.0
1974 10 56.0
1974 11 13.0
1974 12 415.0
1975 1 11.0
1975 2 60.0
1975 3 51.0
1975 4 62.0
1975 5 20.0
1975 6 52.0
1975 7 128.0
1975 8 12.0
1975 9 2.0
1975 10 18.0
1975 11 30.0
1975 12 26.0
1976 1 52.0
1976 2 122.5
1976 3 193.0
1976 4 98.0
1976 5 6.0
1976 6 35.0
1976 7 32.0
1976 8 42.0
1976 9 130.0
1976 10 122.0
1976 11 49.0
1976 12 48.0
1977 1 50.0
1977 2 34.0
1977 3 11.0
1977 4 153.0
1977 5 80.0
1977 6 215.0
1977 7 14.0
1977 8 98.0
1977 9 142.0
1977 10 508.0
1977 11 71.0
1977 12 456.0
1978 1 41.0
1978 2 82.0
1978 3 150.0
1978 4 60.0
1978 5 42.0
1978 6 119.0
1978 7 681.0
1978 8 68.0
1978 9 337.0
1978 10 90.0
1978 11 208.0
1978 12 30.0
1979 1 283.0
1979 2 53.0
1979 3 42.0
1979 4 238.0
1979 5 143.0
1979 6 281.0
1979 7 124.0
1979 8 105.0
1979 9 475.0
1979 10 356.0
1979 11 94.0
1979 12 125.0
1980 1 10.0
1980 2 10.0
1980 3 108.0
1980 4 245.0
1980 5 66.0
1980 6 100.0
1980 7 47.0
1980 8 350.0
1980 9 235.0
1980 10 152.0
1980 11 77.0
1980 12 104.0
1981 1 60.0
1981 2 83.0
1981 3 112.0
1981 4 284.0
1981 5 164.0
1981 6 67.0
1981 7 92.0
1981 8 84.0
1981 9 70.0
1981 10 114.0
1981 11 106.0
1981 12 24.0
1982 1 78.0
1982 2 76.0
1982 3 82.0
1982 4 180.0
1982 5 177.0
1982 6 21.0
1982 7 40.0
1982 8 106.0
1982 9 98.0
1982 10 102.0
1982 11 174.0
1982 12 60.0
1983 1 23.0
1983 2 112.0
1983 3 90.0
1983 4 396.0
1983 5 314.0
1983 6 341.0
1983 7 102.0
1983 8 163.0
1983 9 208.0
1983 10 97.0
1983 11 132.0
1983 12 180.0
1984 1 61.0
1984 2 214.0
1984 3 409.0
1984 4 137.0
1984 5 227.0
1984 6 144.0
1984 7 199.0
1984 8 433.0
1984 9 322.0
1984 10 438.0
1984 11 225.0
1984 12 360.0
1985 1 424.0
1985 2 233.0
1985 3 480.0
1985 4 740.0
1985 5 771.0
1985 6 543.0
1985 7 277.0
1985 8 464.0
1985 9 644.0
1985 10 534.0
1985 11 329.0
1985 12 694.0
1986 1 495.0
1986 2 313.0
1986 3 221.0
1986 4 547.0
1986 5 697.0
1986 6 666.0
1986 7 402.0
1986 8 403.0
1986 9 684.0
1986 10 541.0
1986 11 304.0
1986 12 505.0
1987 1 183.0
1987 2 171.0
1987 3 241.0
1987 4 356.0
1987 5 297.0
1987 6 288.0
1987 7 291.0
1987 8 511.0
1987 9 221.0
1987 10 279.0
1987 11 306.0
1987 12 274.0
1988 1 493.0
1988 2 601.0
1988 3 345.0
1988 4 650.0
1988 5 260.0
1988 6 299.0
1988 7 321.0
1988 8 192.0
1988 9 131.0
1988 10 232.0
1988 11 305.0
1988 12 113.0
1989 1 94.0
1989 2 110.0
1989 3 128.0
1989 4 71.0
1989 5 95.0
1989 6 150.0
1989 7 82.0
1989 8 403.0
1989 9 144.0
1989 10 104.0
1989 11 34.0
1989 12 90.0
1990 1 59.0
1990 2 86.0
1990 3 39.0
1990 4 38.0
1990 5 69.0
1990 6 120.0
1990 7 31.0
1990 8 43.0
1990 9 36.0
1990 10 265.0
1990 11 13.0
1990 12 29.0
1991 1 7.0
1991 2 12.0
1991 3 34.0
1991 4 25.0
1991 5 7.0
1991 6 8.0
1991 7 9.0
1991 8 7.0
1991 9 26.0
1991 10 7.0
1991 11 12.0
1991 12 2.0
1992 1 2.0
1992 2 44.0
1992 3 28.0
1992 4 12.0
1992 5 4.0
1992 6 61.0
1992 7 42.0
1992 8 52.0
1992 9 69.0
1992 10 5.0
1992 11 11.0
1992 12 6.0
1993 1 5.0
1993 2 8.0
1993 3 25.0
1993 4 27.0
1993 5 173.0
1993 6 15.0
1993 7 40.0
1993 8 28.0
1993 9 14.0
1993 10 64.0
1993 11 13.0
1993 12 39.0
1994 1 19.0
1994 2 16.0
1994 3 12.0
1994 4 12.0
1994 5 29.0
1994 6 75.0
1994 7 21.0
1994 8 59.0
1994 9 41.0
1994 10 70.0
1994 11 28.0
1994 12 7.0
1995 1 24.0
1995 2 20.0
1995 3 16.0
1995 4 34.0
1995 5 65.0
1995 6 13.0
1995 7 7.0
1995 8 15.0
1995 9 21.0
1995 10 21.0
1995 11 24.0
1995 12 53.0
1996 1 12.0
1996 2 25.0
1996 3 43.0
1996 4 50.0
1996 5 34.0
1996 6 33.0
1996 7 31.0
1996 8 49.0
1996 9 38.0
1996 10 328.0
1996 11 52.0
1996 12 30.0
1997 1 52.0
1997 2 19.0
1997 3 70.0
1997 4 117.0
1997 5 27.0
1997 6 123.0
1997 7 90.0
1997 8 45.0
1997 9 107.0
1997 10 55.0
1997 11 81.0
1997 12 48.0
1998 1 25.0
1998 2 27.0
1998 3 46.0
1998 4 74.0
1998 5 33.0
1998 6 96.0
1998 7 71.0
1998 8 56.0
1998 9 61.0
1998 10 93.0
1998 11 64.0
1998 12 64.0
1999 1 41.0
1999 2 45.0
1999 3 85.0
1999 4 27.0
1999 5 38.0
1999 6 35.0
1999 7 46.0
1999 8 85.0
1999 9 18.0
1999 10 34.0
1999 11 35.0
1999 12 36.0
2000 1 36.0
2000 2 10.0
2000 3 34.0
2000 4 51.0
2000 5 129.0
2000 6 45.0
2000 7 32.0
2000 8 62.0
2000 9 53.0
2000 10 35.0
2000 11 31.0
2000 12 3.0
2001 1 12.0
2001 2 53.0
2001 3 26.0
2001 4 50.0
2001 5 108.0
2001 6 28.0
2001 7 22.0
2001 8 21.0
2001 9 13.0
2001 10 133.0
2001 11 57.0
2001 12 20.0
2002 1 54.0
2002 2 60.0
2002 3 59.0
2002 4 97.0
2002 5 122.0
2002 6 38.0
2002 7 452.0
2002 8 101.0
2002 9 128.0
2002 10 121.0
2002 11 73.0
2002 12 234.0
2003 1 98.0
2003 2 30.0
2003 3 79.0
2003 4 143.0
2003 5 150.0
2003 6 227.0
2003 7 163.0
2003 8 198.0
2003 9 61.0
2003 10 249.0
2003 11 83.0
2003 12 248.0
2004 1 142.0
2004 2 210.0
2004 3 91.0
2004 4 190.0
2004 5 434.0
2004 6 187.0
2004 7 94.0
2004 8 116.0
2004 9 302.0
2004 10 128.0
2004 11 128.0
2004 12 63.0
2005 1 126.0
2005 2 52.0
2005 3 123.0
2005 4 128.0
2005 5 119.0
2005 6 164.0
2005 7 92.0
2005 8 68.0
2005 9 126.0
2005 10 260.0
2005 11 71.0
2005 12 62.0
2006 1 48.0
2006 2 39.0
2006 3 72.0
2006 4 67.0
2006 5 70.0
2006 6 70.0
2006 7 32.0
2006 8 65.0
2006 9 148.0
2006 10 100.0
2006 11 37.0
2006 12 45.0
2007 1 101.0
2007 2 16.0
2007 3 28.0
2007 4 56.0
2007 5 48.0
2007 6 26.0
2007 7 42.0
2007 8 32.0
2007 9 58.0
2007 10 112.0
2007 11 38.0
2007 12 30.0
2008 1 117.0
2008 2 39.0
2008 3 21.0
2008 4 83.0
2008 5 46.0
2008 6 151.0
2008 7 69.0
2008 8 12.0
2008 9 147.0
2008 10 58.0
2008 11 37.0
2008 12 136.0
2009 1 8.0
2009 2 9.0
2009 3 16.0
2009 4 37.0
2009 5 131.0
2009 6 35.0
2009 7 4.0
2009 8 92.0
2009 9 21.0
2009 10 32.0
2009 11 10.0
2009 12 33.0
2010 1 100.0
2010 2 265.0
2010 3 12.0
2010 4 35.0
2010 5 20.0
2010 6 82.0
2010 7 29.0
2010 8 36.0
2010 9 53.0
2010 10 56.0
2010 11 67.0
2010 12 73.0
2011 1 22.0
2011 2 234.0
2011 3 35.0
2011 4 25.0
2011 5 57.0
2011 6 29.0
2011 7 21.0
2011 8 42.0
2011 9 148.0
2011 10 8.0
2011 11 26.0
2011 12 34.0
2012 1 32.0
2012 2 2.0
2012 3 28.0
2012 4 24.0
2012 5 41.0
2012 6 48.0
2012 7 26.0
2012 8 204.0
2012 9 32.0
2012 10 68.0
2012 11 64.0
2012 12 66.0
2013 1 12.0
2013 2 16.0
2013 3 54.0
2013 4 14.0
2013 5 54.0
2013 6 173.0
2013 7 93.0
2013 8 13.0
2013 9 14.0
2013 10 38.0
2013 11 26.0
2013 12 45.0
2014 1 18.0
2014 2 26.0
2014 3 19.0
2014 4 87.0
2014 5 40.0
2014 6 197.0
2014 7 381.0
2014 8 205.0
2014 9 55.0
2014 10 92.0
2014 11 22.0
2014 12 23.0
2015 1 54.0
2015 2 77.0
2015 3 87.0
2015 4 89.0
2015 5 89.0
2015 6 166.0
2015 7 63.0
2015 8 176.0
2015 9 87.0
2015 10 56.0
2015 11 43.0
2015 12 100.0
2016 1 31.0
2016 2 48.0
2016 3 51.0
2016 4 72.0
2016 5 118.0
2016 6 49.0
2016 7 27.0
2016 8 103.0
2016 9 44.0
2016 10 96.0
2016 11 157.0
2016 12 246.0
2017 1 19.0
2017 2 125.0
2017 3 69.0
2017 4 86.0
2017 5 49.0
2017 6 42.0
2017 7 101.0
2017 8 61.0
2017 9 57.0
2017 10 52.0
2017 11 27.0
2017 12 37.0
2018 1 245.0
2018 2 135.0
2018 3 26.0
2018 4 16.0
2018 5 38.0
2018 6 176.0
2018 7 81.0
2018 8 80.0
2018 9 71.0
2018 10 237.0
2018 11 89.0
2018 12 30.0
2019 1 214.0
2019 2 11.0
2019 3 142.0
2019 4 52.0
2019 5 33.0
2019 6 82.0
2019 7 85.0
2019 8 480.0
2019 9 74.0
2019 10 83.0
2019 11 131.0
2019 12 39.0
2020 1 59.0
2020 2 82.0
2020 3 89.0
2020 4 15.0
2020 5 29.0
2020 6 70.0
2020 7 13.0
2020 8 49.0
2020 9 50.0
2020 10 45.0
2020 11 193.0
2020 12 159.0
2021 1 32.0
2021 2 51.0
2021 3 52.0
2021 4 113.0
2021 5 137.0
2021 6 97.0
2021 7 168.0
2021 8 65.0
2021 9 79.0
2021 10 51.0
2021 11 80.0
2021 12 35.0
2022 1 24.0
2022 2 96.0
2022 3 107.0
2022 4 68.0
2022 5 39.0
2022 6 110.0
2022 7 67.0
2022 8 228.0
2022 9 86.0
2022 10 55.0
2022 11 76.0
2022 12 97.0
2023 1 123.0
2023 2 67.0
2023 3 64.0
2023 4 85.0
2023 5 142.0
2023 6 167.0
2023 7 48.0
2023 8 163.0
2023 9 62.0
2023 10 97.0
2023 11 86.0
2023 12 75.0
2024 1 64.0
2024 2 98.0
2024 3 210.0
2024 4 97.0
2024 5 178.0
2024 6 129.0
2024 7 274.0
2024 8 251.0
