1960 5 6774.0
1960 6 2959.0
1960 7 4767.0
1960 8 4705.0
1960 9 4596.0
1960 10 3939.0
1960 11 4150.0
1960 12 2978.0
1961 1 2558.0
1961 2 2101.0
1961 3 3954.0
1961 4 5465.0
1961 5 5821.0
1961 6 3196.0
1961 7 5284.0
1961 8 11918.0
1961 9 4420.0
1961 10 5725.0
1961 11 5768.0
1961 12 9643.0
1962 1 4539.0
1962 2 6868.0
1962 3 5924.0
1962 4 12458.0
1962 5 5363.0
1962 6 4094.0
1962 7 3380.0
1962 8 5121.0
1962 9 3435.0
1962 10 5310.0
1962 11 8536.0
1962 12 4940.0
1963 1 3602.0
1963 2 2673.0
1963 3 3952.0
1963 4 4621.0
1963 5 4730.0
1963 6 2977.0
1963 7 2999.0
1963 8 3629.0
1963 9 5366.0
1963 10 5205.0
1963 11 4208.0
1963 12 8233.0
1964 1 1540.0
1964 2 2055.0
1964 3 2160.0
1964 4 2514.0
1964 5 1648.0
1964 6 3224.0
1964 7 1961.0
1964 8 2151.0
1964 9 1452.0
1964 10 1979.0
1964 11 1862.0
1964 12 2030.0
1965 1 1430.0
1965 2 1091.0
1965 3 3558.0
1965 4 2075.0
1965 5 3666.0
1965 6 3287.0
1965 7 1982.0
1965 8 4488.0
1965 9 4200.0
1965 10 1955.0
1965 11 3620.0
1965 12 2814.0
1966 1 2310.0
1966 2 1428.0
1966 3 4424.0
1966 4 3191.0
1966 5 3068.0
1966 6 3801.0
1966 7 1909.0
1966 8 3223.0
1966 9 1078.0
1966 10 1034.0
1966 11 4097.0
1966 12 938.0
1967 1 3893.0
1967 2 721.0
1967 3 2476.0
1967 4 4513.0
1967 5 2102.0
1967 6 3721.0
1967 7 2030.0
1967 8 3449.0
1967 9 2404.0
1967 10 2863.0
1967 11 2320.0
1967 12 2404.0
1968 1 1043.0
1968 2 1377.0
1968 3 7033.0
1968 4 3882.0
1968 5 3220.0
1968 6 5647.0
1968 7 2287.0
1968 8 3625.0
1968 9 2801.0
1968 10 3374.0
1968 11 1695.0
1968 12 3286.0
1969 1 1848.0
1969 2 1757.0
1969 3 4402.0
1969 4 5368.0
1969 5 2861.0
1969 6 2743.0
1969 7 3198.0
1969 8 1726.0
1969 9 1997.0
1969 10 3549.0
1969 11 2021.0
1969 12 1829.0
1970 1 945.0
1970 2 1043.0
1970 3 1741.0
1970 4 2638.0
1970 5 1582.0
1970 6 2988.0
1970 7 1874.0
1970 8 4757.0
1970 9 2221.0
1970 10 3871.0
1970 11 1740.0
1970 12 5621.0
1971 1 2579.0
1971 2 1283.0
1971 3 2941.0
1971 4 2649.0
1971 5 4916.0
1971 6 3374.0
1971 7 6159.0
1971 8 4689.0
1971 9 4774.0
1971 10 4695.0
1971 11 6085.0
1971 12 2804.0
1972 1 4249.0
1972 2 1466.0
1972 3 3550.0
1972 4 4606.0
1972 5 2454.0
1972 6 4358.0
1972 7 2984.0
1972 8 5973.0
1972 9 4546.0
1972 10 4725.0
1972 11 7417.0
1972 12 9974.0
1973 1 3357.0
1973 2 1242.0
1973 3 2897.0
1973 4 4740.0
1973 5 3826.0
1973 6 4999.0
1973 7 2862.0
1973 8 2628.0
1973 9 1214.0
1973 10 1601.0
1973 11 4347.0
1973 12 3117.0
1974 1 1783.0
1974 2 689.0
1974 3 931.0
1974 4 2446.0
1974 5 1676.0
1974 6 979.0
1974 7 1514.0
1974 8 944.0
1974 9 732.0
1974 10 2412.0
1974 11 1084.0
1974 12 6801.0
1975 1 279.0
1975 2 193.0
1975 3 565.0
1975 4 1278.0
1975 5 693.0
1975 6 655.0
1975 7 714.0
1975 8 660.0
1975 9 984.0
1975 10 686.0
1975 11 646.0
1975 12 1887.0
1976 1 482.0
1976 2 280.0
1976 3 453.0
1976 4 810.0
1976 5 621.0
1976 6 533.0
1976 7 314.0
1976 8 1053.0
1976 9 715.0
1976 10 399.0
1976 11 634.0
1976 12 273.0
1977 1 459.0
1977 2 166.0
1977 3 1296.0
1977 4 1322.0
1977 5 1093.0
1977 6 1494.0
1977 7 1088.0
1977 8 806.0
1977 9 840.0
1977 10 2195.0
1977 11 381.0
1977 12 1259.0
1978 1 1255.0
1978 2 576.0
1978 3 1816.0
1978 4 1288.0
1978 5 1276.0
1978 6 1829.0
1978 7 938.0
1978 8 1512.0
1978 9 3279.0
1978 10 1482.0
1978 11 1893.0
1978 12 1059.0
1979 1 1111.0
1979 2 524.0
1979 3 866.0
1979 4 553.0
1979 5 1875.0
1979 6 4286.0
1979 7 592.0
1979 8 1851.0
1979 9 1984.0
1979 10 1322.0
1979 11 475.0
1979 12 947.0
1980 1 336.0
1980 2 605.0
1980 3 366.0
1980 4 780.0
1980 5 1395.0
1980 6 892.0
1980 7 950.0
1980 8 830.0
1980 9 1159.0
1980 10 1412.0
1980 11 1005.0
1980 12 480.0
1981 1 1162.0
1981 2 321.0
1981 3 1501.0
1981 4 1031.0
1981 5 1184.0
1981 6 966.0
1981 7 1136.0
1981 8 690.0
1981 9 1574.0
1981 10 1071.0
1981 11 420.0
1981 12 1239.0
1982 1 661.0
1982 2 499.0
1982 3 755.0
1982 4 789.0
1982 5 882.0
1982 6 973.0
1982 7 1330.0
1982 8 1396.0
1982 9 1121.0
1982 10 954.0
1982 11 713.0
1982 12 735.0
1983 1 828.0
1983 2 1387.0
1983 3 786.0
1983 4 1059.0
1983 5 694.0
1983 6 2225.0
1983 7 1035.0
1983 8 2102.0
1983 9 3276.0
1983 10 1224.0
1983 11 937.0
1983 12 1083.0
1984 1 666.0
1984 2 1273.0
1984 3 1305.0
1984 4 1235.0
1984 5 2625.0
1984 6 1425.0
1984 7 753.0
1984 8 2107.0
1984 9 1242.0
1984 10 1620.0
1984 11 1549.0
1984 12 2585.0
1985 1 2224.0
1985 2 1864.0
1985 3 1382.0
1985 4 1812.0
1985 5 2196.0
1985 6 2498.0
1985 7 1806.0
1985 8 3558.0
1985 9 3366.0
1985 10 4624.0
1985 11 1940.0
1985 12 1495.0
1986 1 1573.0
1986 2 939.0
1986 3 1409.0
1986 4 1520.0
1986 5 1379.0
1986 6 1592.0
1986 7 1708.0
1986 8 1588.0
1986 9 2735.0
1986 10 1428.0
1986 11 1318.0
1986 12 2025.0
1987 1 1241.0
1987 2 986.0
1987 3 1932.0
1987 4 1821.0
1987 5 1686.0
1987 6 1831.0
1987 7 1803.0
1987 8 1631.0
1987 9 1567.0
1987 10 1292.0
1987 11 1193.0
1987 12 1053.0
1988 1 1364.0
1988 2 536.0
1988 3 995.0
1988 4 1975.0
1988 5 1774.0
1988 6 1420.0
1988 7 1424.0
1988 8 1027.0
1988 9 1406.0
1988 10 1178.0
1988 11 915.0
1988 12 1213.0
1989 1 1510.0
1989 2 512.0
1989 3 1639.0
1989 4 1055.0
1989 5 1120.0
1989 6 1719.0
1989 7 987.0
1989 8 1315.0
1989 9 1502.0
1989 10 2064.0
1989 11 792.0
1989 12 808.0
1990 1 736.0
1990 2 892.0
1990 3 586.0
1990 4 660.0
1990 5 889.0
1990 6 925.0
1990 7 712.0
1990 8 1634.0
1990 9 714.0
1990 10 428.0
1990 11 361.0
1990 12 623.0
1991 1 522.0
1991 2 384.0
1991 3 314.0
1991 4 519.0
1991 5 534.0
1991 6 617.0
1991 7 733.0
1991 8 584.0
1991 9 634.0
1991 10 801.0
1991 11 409.0
1991 12 344.0
1992 1 467.0
1992 2 451.0
1992 3 267.0
1992 4 466.0
1992 5 445.0
1992 6 1193.0
1992 7 579.0
1992 8 463.0
1992 9 594.0
1992 10 371.0
1992 11 321.0
1992 12 340.0
1993 1 463.0
1993 2 312.0
1993 3 309.0
1993 4 247.0
1993 5 487.0
1993 6 343.0
1993 7 493.0
1993 8 379.0
1993 9 783.0
1993 10 572.0
1993 11 800.0
1993 12 1990.0
1994 1 108.0
1994 2 208.0
1994 3 755.0
1994 4 808.0
1994 5 689.0
1994 6 825.0
1994 7 454.0
1994 8 1267.0
1994 9 849.0
1994 10 816.0
1994 11 528.0
1994 12 984.0
1995 1 303.0
1995 2 221.0
1995 3 780.0
1995 4 681.0
1995 5 657.0
1995 6 769.0
1995 7 486.0
1995 8 579.0
1995 9 586.0
1995 10 956.0
1995 11 1253.0
1995 12 572.0
1996 1 658.0
1996 2 330.0
1996 3 1144.0
1996 4 1383.0
1996 5 1492.0
1996 6 1474.0
1996 7 1372.0
1996 8 2202.0
1996 9 1044.0
1996 10 1614.0
1996 11 838.0
1996 12 1316.0
1997 1 963.0
1997 2 1232.0
1997 3 1122.0
1997 4 790.0
1997 5 586.0
1997 6 1443.0
1997 7 1396.0
1997 8 960.0
1997 9 1456.0
1997 10 564.0
1997 11 1356.0
1997 12 1545.0
1998 1 862.0
1998 2 860.0
1998 3 922.0
1998 4 441.0
1998 5 875.0
1998 6 1791.0
1998 7 1733.0
1998 8 1631.0
1998 9 1402.0
1998 10 2195.0
1998 11 1513.0
1998 12 1224.0
1999 1 1326.0
1999 2 743.0
1999 3 1924.0
1999 4 1134.0
1999 5 1042.0
1999 6 1908.0
1999 7 1096.0
1999 8 1708.0
1999 9 1515.0
1999 10 936.0
1999 11 1658.0
1999 12 1772.0
2000 1 961.0
2000 2 1376.0
2000 3 1463.0
2000 4 2288.0
2000 5 1593.0
2000 6 2137.0
2000 7 1730.0
2000 8 1683.0
2000 9 2308.0
2000 10 1281.0
2000 11 2172.0
2000 12 1397.0
2001 1 610.0
2001 2 2803.0
2001 3 1915.0
2001 4 1627.0
2001 5 1525.0
2001 6 1655.0
2001 7 2068.0
2001 8 2074.0
2001 9 1213.0
2001 10 1403.0
2001 11 2287.0
2001 12 2053.0
2002 1 1199.0
2002 2 1921.0
2002 3 1239.0
2002 4 1570.0
2002 5 2939.0
2002 6 2509.0
2002 7 2842.0
2002 8 2107.0
2002 9 2077.0
2002 10 1771.0
2002 11 1884.0
2002 12 2178.0
2003 1 1180.0
2003 2 1701.0
2003 3 2091.0
2003 4 1927.0
2003 5 2617.0
2003 6 2051.0
2003 7 1888.0
2003 8 3363.0
2003 9 1826.0
2003 10 2170.0
2003 11 1838.0
2003 12 3005.0
2004 1 1476.0
2004 2 1570.0
2004 3 1705.0
2004 4 2074.0
2004 5 3108.0
2004 6 4260.0
2004 7 3236.0
2004 8 2751.0
2004 9 2399.0
2004 10 2803.0
2004 11 3594.0
2004 12 2819.0
2005 1 2002.0
2005 2 2282.0
2005 3 2790.0
2005 4 3378.0
2005 5 3159.0
2005 6 4511.0
2005 7 2837.0
2005 8 2678.0
2005 9 3200.0
2005 10 1923.0
2005 11 3430.0
2005 12 3197.0
2006 1 2666.0
2006 2 2366.0
2006 3 3130.0
2006 4 2273.0
2006 5 2946.0
2006 6 3687.0
2006 7 2675.0
2006 8 4310.0
2006 9 2591.0
2006 10 2842.0
2006 11 1792.0
2006 12 3210.0
2007 1 3040.0
2007 2 1979.0
2007 3 3279.0
2007 4 3037.0
2007 5 2863.0
2007 6 4622.0
2007 7 4042.0
2007 8 2618.0
2007 9 2818.0
2007 10 3882.0
2007 11 2682.0
2007 12 3552.0
2008 1 2226.0
2008 2 1525.0
2008 3 1174.0
2008 4 2247.0
2008 5 4457.0
2008 6 18637.0
2008 7 2991.0
2008 8 1058.0
2008 9 1963.0
2008 10 1055.0
2008 11 832.0
2008 12 766.0
2009 1 551.0
2009 2 310.0
2009 3 566.0
2009 4 595.0
2009 5 409.0
2009 6 1375.0
2009 7 633.0
2009 8 563.0
2009 9 523.0
2009 10 328.0
2009 11 830.0
2009 12 865.0
2010 1 310.0
2010 2 387.0
2010 3 624.0
2010 4 768.0
2010 5 624.0
2010 6 2524.0
2010 7 836.0
2010 8 556.0
2010 9 760.0
2010 10 730.0
2010 11 367.0
2010 12 1929.0
2011 1 966.0
2011 2 629.0
2011 3 624.0
2011 4 777.0
2011 5 1807.0
2011 6 2515.0
2011 7 744.0
2011 8 1350.0
2011 9 730.0
2011 10 825.0
2011 11 1109.0
2011 12 1125.0
2012 1 1029.0
2012 2 956.0
2012 3 852.0
2012 4 1581.0
2012 5 1265.0
2012 6 1396.0
2012 7 1614.0
2012 8 1624.0
2012 9 1445.0
2012 10 1585.0
2012 11 1109.0
2012 12 1510.0
2013 1 1724.0
2013 2 921.0
2013 3 901.0
2013 4 1710.0
2013 5 1456.0
2013 6 3256.0
2013 7 1981.0
2013 8 3164.0
2013 9 1736.0
2013 10 1747.0
2013 11 1849.0
2013 12 3375.0
2014 1 680.0
2014 2 1534.0
2014 3 3808.0
2014 4 2356.0
2014 5 2219.0
2014 6 1799.0
2014 7 2669.0
2014 8 2159.0
2014 9 2906.0
2014 10 1339.0
2014 11 2107.0
2014 12 2221.0
2015 1 1849.0
2015 2 1194.0
2015 3 3982.0
2015 4 6397.0
2015 5 14495.0
2015 6 19245.0
2015 7 2696.0
2015 8 1803.0
2015 9 1315.0
2015 10 1953.0
2015 11 2341.0
2015 12 8420.0
2016 1 584.0
2016 2 1095.0
2016 3 1061.0
2016 4 1119.0
2016 5 1523.0
2016 6 3222.0
2016 7 1859.0
2016 8 2200.0
2016 9 3140.0
2016 10 1461.0
2016 11 1999.0
2016 12 2774.0
2017 1 3905.0
2017 2 1219.0
2017 3 2453.0
2017 4 3133.0
2017 5 1837.0
2017 6 2161.0
2017 7 2075.0
2017 8 2256.0
2017 9 1629.0
2017 10 2087.0
2017 11 1716.0
2017 12 3630.0
2018 1 1863.0
2018 2 1609.0
2018 3 3112.0
2018 4 1340.0
2018 5 3667.0
2018 6 2259.0
2018 7 2888.0
2018 8 1823.0
2018 9 1161.0
2018 10 1684.0
2018 11 2788.0
2018 12 2661.0
2019 1 3499.0
2019 2 2212.0
2019 3 1936.0
2019 4 2793.0
2019 5 1562.0
2019 6 2737.0
2019 7 2673.0
2019 8 2898.0
2019 9 2035.0
2019 10 3199.0
2019 11 4666.0
2019 12 3985.0
2020 1 4386.0
2020 2 1603.0
2020 3 1283.0
2020 4 664.0
2020 5 1780.0
2020 6 2725.0
2020 7 2644.0
2020 8 2112.0
2020 9 2664.0
2020 10 2308.0
2020 11 2708.0
2020 12 2895.0
2021 1 3178.0
2021 2 2361.0
2021 3 1658.0
2021 4 1879.0
2021 5 2481.0
2021 6 3340.0
2021 7 2220.0
2021 8 3669.0
2021 9 1606.0
2021 10 1921.0
2021 11 3712.0
2021 12 2632.0
2022 1 2418.0
2022 2 2107.0
2022 3 5056.0
2022 4 2704.0
2022 5 2201.0
2022 6 4488.0
2022 7 2752.0
2022 8 3288.0
2022 9 1683.0
2022 10 1472.0
2022 11 1333.0
2022 12 1786.0
2023 1 684.0
2023 2 1370.0
2023 3 3100.0
2023 4 1148.0
2023 5 1656.0
2023 6 1323.0
2023 7 1178.0
2023 8 1955.0
2023 9 491.0
2023 10 1206.0
2023 11 768.0
2023 12 753.0
2024 1 2584.0
2024 2 5493.0
2024 3 3254.0
2024 4 3091.0
2024 5 1724.0
2024 6 2599.0
2024 7 3208.0
2024 8 2346.0
