1960 5 10.0
1960 6 21.0
1960 7 25.0
1960 8 30.5
1960 9 36.0
1960 10 45.0
1960 11 5.0
1960 12 32.0
1961 1 33.0
1961 2 34.0
1961 3 35.0
1961 4 36.0
1961 5 22.0
1961 6 8.0
1961 7 21.5
1961 8 35.0
1961 9 27.0
1961 10 91.0
1961 11 155.0
1961 12 82.5
1962 1 10.0
1962 2 87.0
1962 3 82.0
1962 4 77.0
1962 5 79.0
1962 6 19.0
1962 7 28.0
1962 8 137.0
1962 9 26.0
1962 10 98.0
1962 11 69.0
1962 12 134.0
1963 1 79.0
1963 2 6.0
1963 3 340.0
1963 4 84.0
1963 5 319.0
1963 6 100.0
1963 7 166.0
1963 8 169.0
1963 9 219.0
1963 10 59.0
1963 11 16.0
1963 12 97.0
1964 1 12.0
1964 2 93.0
1964 3 116.0
1964 4 14.0
1964 5 90.0
1964 6 179.0
1964 7 364.0
1964 8 85.0
1964 9 88.0
1964 10 156.0
1964 11 167.0
1964 12 178.0
1965 1 120.0
1965 2 62.0
1965 3 223.0
1965 4 39.0
1965 5 107.0
1965 6 50.0
1965 7 27.0
1965 8 93.0
1965 9 159.0
1965 10 60.0
1965 11 44.0
1965 12 26.0
1966 1 29.0
1966 2 53.0
1966 3 89.0
1966 4 38.0
1966 5 33.333333333333336
1966 6 28.666666666666664
1966 7 24.0
1966 8 79.0
1966 9 54.0
1966 10 60.666666666666664
1966 11 67.33333333333333
1966 12 74.0
1967 1 56.0
1967 2 170.0
1967 3 82.0
1967 4 6.0
1967 5 8.0
1967 6 34.5
1967 7 61.0
1967 8 67.0
1967 9 98.0
1967 10 152.0
1967 11 7.0
1967 12 84.0
1968 1 66.0
1968 2 92.0
1968 3 235.0
1968 4 151.0
1968 5 102.0
1968 6 106.0
1968 7 201.0
1968 8 144.0
1968 9 18.0
1968 10 18.0
1968 11 104.0
1968 12 190.0
1969 1 110.0
1969 2 113.0
1969 3 26.0
1969 4 54.0
1969 5 102.66666666666666
1969 6 151.33333333333331
1969 7 200.0
1969 8 102.5
1969 9 5.0
1969 10 77.0
1969 11 10.0
1969 12 140.0
1970 1 11.0
1970 2 16.0
1970 3 240.0
1970 4 428.0
1970 5 34.0
1970 6 354.0
1970 7 280.0
1970 8 24.0
1970 9 88.0
1970 10 30.0
1970 11 10.0
1970 12 463.0
1971 1 234.0
1971 2 75.0
1971 3 62.0
1971 4 282.0
1971 5 152.0
1971 6 247.0
1971 7 900.0
1971 8 250.0
1971 9 274.0
1971 10 630.0
1971 11 1062.0
1971 12 825.0
1972 1 1035.0
1972 2 179.0
1972 3 108.0
1972 4 852.0
1972 5 41.0
1972 6 1016.0
1972 7 259.0
1972 8 222.0
1972 9 870.0
1972 10 536.0
1972 11 245.0
1972 12 881.0
1973 1 72.0
1973 2 377.0
1973 3 139.0
1973 4 600.0
1973 5 600.0
1973 6 613.0
1973 7 109.0
1973 8 300.0
1973 9 278.0
1973 10 390.0
1973 11 190.0
1973 12 170.0
1974 1 299.0
1974 2 173.0
1974 3 43.0
1974 4 140.0
1974 5 292.0
1974 6 87.0
1974 7 121.0
1974 8 29.0
1974 9 12.0
1974 10 12.0
1974 11 100.0
1974 12 58.0
1975 1 16.0
1975 2 12.0
1975 3 42.0
1975 4 66.0
1975 5 121.0
1975 6 36.0
1975 7 45.0
1975 8 19.0
1975 9 158.0
1975 10 487.0
1975 11 41.0
1975 12 55.0
1976 1 415.0
1976 2 144.0
1976 3 227.0
1976 4 6.0
1976 5 89.0
1976 6 102.0
1976 7 141.0
1976 8 56.0
1976 9 79.0
1976 10 118.0
1976 11 350.0
1976 12 257.0
1977 1 153.0
1977 2 12.0
1977 3 703.0
1977 4 155.0
1977 5 436.0
1977 6 758.0
1977 7 328.0
1977 8 393.0
1977 9 177.0
1977 10 104.0
1977 11 493.0
1977 12 222.0
1978 1 145.0
1978 2 66.0
1978 3 220.0
1978 4 151.0
1978 5 388.0
1978 6 206.0
1978 7 187.0
1978 8 280.0
1978 9 361.0
1978 10 60.0
1978 11 113.0
1978 12 36.0
1979 1 79.0
1979 2 21.0
1979 3 24.0
1979 4 37.0
1979 5 272.0
1979 6 328.0
1979 7 400.0
1979 8 329.0
1979 9 243.0
1979 10 114.0
1979 11 202.0
1979 12 211.0
1980 1 220.0
1980 2 13.0
1980 3 29.0
1980 4 54.0
1980 5 72.0
1980 6 24.0
1980 7 598.0
1980 8 6.0
1980 9 144.0
1980 10 80.0
1980 11 10.0
1980 12 76.0
1981 1 51.0
1981 2 21.0
1981 3 39.0
1981 4 204.0
1981 5 125.5
1981 6 47.0
1981 7 115.0
1981 8 110.0
1981 9 258.0
1981 10 41.0
1981 11 92.0
1981 12 31.0
1982 1 87.0
1982 2 19.0
1982 3 162.0
1982 4 286.0
1982 5 307.0
1982 6 90.0
1982 7 84.0
1982 8 254.0
1982 9 424.0
1982 10 45.0
1982 11 108.0
1982 12 220.0
1983 1 90.0
1983 2 97.0
1983 3 157.0
1983 4 127.0
1983 5 156.0
1983 6 59.0
1983 7 100.0
1983 8 151.0
1983 9 192.0
1983 10 556.0
1983 11 96.0
1983 12 71.0
1984 1 564.0
1984 2 673.0
1984 3 531.0
1984 4 807.0
1984 5 886.0
1984 6 617.0
1984 7 510.0
1984 8 924.0
1984 9 607.0
1984 10 965.0
1984 11 402.0
1984 12 461.0
1985 1 502.0
1985 2 72.0
1985 3 380.0
1985 4 892.0
1985 5 460.0
1985 6 445.0
1985 7 518.0
1985 8 52.0
1985 9 237.0
1985 10 139.0
1985 11 679.0
1985 12 321.0
1986 1 665.0
1986 2 663.0
1986 3 69.0
1986 4 252.0
1986 5 397.0
1986 6 634.0
1986 7 30.0
1986 8 283.0
1986 9 85.0
1986 10 166.0
1986 11 5.0
1986 12 46.0
1987 1 295.0
1987 2 58.0
1987 3 198.0
1987 4 26.0
1987 5 232.0
1987 6 36.0
1987 7 12.0
1987 8 60.0
1987 9 5.0
1987 10 197.0
1987 11 159.0
1987 12 448.0
1988 1 70.0
1988 2 25.0
1988 3 180.0
1988 4 23.0
1988 5 24.0
1988 6 54.66666666666667
1988 7 85.33333333333334
1988 8 116.0
1988 9 69.0
1988 10 299.0
1988 11 5.0
1988 12 14.0
1989 1 23.0
1989 2 14.0
1989 3 5.0
1989 4 295.0
1989 5 49.0
1989 6 412.0
1989 7 32.0
1989 8 24.0
1989 9 15.0
1989 10 28.0
1989 11 10.0
1989 12 223.0
1990 1 153.0
1990 2 13.0
1990 3 29.0
1990 4 18.5
1990 5 8.0
1990 6 57.0
1990 7 68.0
1990 8 79.0
1990 9 53.0
1990 10 27.0
1990 11 49.0
1990 12 22.0
1991 1 13.0
1991 2 14.0
1991 3 38.5
1991 4 63.0
1991 5 15.0
1991 6 5.0
1991 7 5.0
1991 8 13.0
1991 9 5.0
1991 10 20.0
1991 11 19.0
1991 12 10.0
1992 1 5.0
1992 2 56.0
1992 3 5.0
1992 4 73.0
1992 5 22.0
1992 6 16.0
1992 7 15.0
1992 8 22.0
1992 9 67.0
1992 10 15.0
1992 11 5.0
1992 12 52.0
1993 1 11.0
1993 2 6.0
1993 3 35.0
1993 4 11.0
1993 5 5.0
1993 6 114.0
1993 7 153.33333333333334
1993 8 192.66666666666669
1993 9 232.0
1993 10 37.0
1993 11 11.0
1993 12 6.0
1994 1 40.0
1994 2 197.33333333333334
1994 3 354.6666666666667
1994 4 512.0
1994 5 236.0
1994 6 45.0
1994 7 5.0
1994 8 686.0
1994 9 5.0
1994 10 5.0
1994 11 358.0
1994 12 117.0
1995 1 5.0
1995 2 285.0
1995 3 87.0
1995 4 213.0
1995 5 158.0
1995 6 78.0
1995 7 263.0
1995 8 673.0
1995 9 185.0
1995 10 125.0
1995 11 97.0
1995 12 307.0
1996 1 93.0
1996 2 23.0
1996 3 218.0
1996 4 167.0
1996 5 143.0
1996 6 164.0
1996 7 124.0
1996 8 10.0
1996 9 184.0
1996 10 197.0
1996 11 5.0
1996 12 228.0
1997 1 25.0
1997 2 85.0
1997 3 31.0
1997 4 209.0
1997 5 489.0
1997 6 111.0
1997 7 48.0
1997 8 280.0
1997 9 298.0
1997 10 122.0
1997 11 17.0
1997 12 150.0
1998 1 24.0
1998 2 388.0
1998 3 12.0
1998 4 33.0
1998 5 34.0
1998 6 225.0
1998 7 170.0
1998 8 28.0
1998 9 31.0
1998 10 90.0
1998 11 170.0
1998 12 90.0
1999 1 48.0
1999 2 11.0
1999 3 5.0
1999 4 13.0
1999 5 5.0
1999 6 194.0
1999 7 208.0
1999 8 76.0
1999 9 68.0
1999 10 8.0
1999 11 10.0
1999 12 5.0
2000 1 61.0
2000 2 81.0
2000 3 5.0
2000 4 67.0
2000 5 80.0
2000 6 65.0
2000 7 76.0
2000 8 51.0
2000 9 136.0
2000 10 152.5
2000 11 169.0
2000 12 37.0
2001 1 342.0
2001 2 25.0
2001 3 15.0
2001 4 5.0
2001 5 480.0
2001 6 96.0
2001 7 85.5
2001 8 75.0
2001 9 64.5
2001 10 54.0
2001 11 29.5
2001 12 5.0
2002 1 13.0
2002 2 258.0
2002 3 612.0
2002 4 20.0
2002 5 32.0
2002 6 7.0
2002 7 89.0
2002 8 5.0
2002 9 48.0
2002 10 12.0
2002 11 312.0
2002 12 144.0
2003 1 38.0
2003 2 73.0
2003 3 454.0
2003 4 161.0
2003 5 110.0
2003 6 92.0
2003 7 100.0
2003 8 151.0
2003 9 65.0
2003 10 37.0
2003 11 9.0
2003 12 90.0
2004 1 288.0
2004 2 8.0
2004 3 49.0
2004 4 136.0
2004 5 5.0
2004 6 149.0
2004 7 106.66666666666666
2004 8 64.33333333333333
2004 9 22.0
2004 10 46.0
2004 11 78.0
2004 12 81.0
2005 1 123.0
2005 2 56.0
2005 3 5.0
2005 4 54.0
2005 5 21.0
2005 6 55.0
2005 7 26.0
2005 8 28.0
2005 9 36.0
2005 10 112.0
2005 11 196.0
2005 12 24.0
2006 1 110.0
2006 2 36.0
2006 3 44.0
2006 4 24.0
2006 5 180.0
2006 6 30.0
2006 7 64.0
2006 8 8.0
2006 9 138.33333333333334
2006 10 268.6666666666667
2006 11 399.0
2006 12 25.0
2007 1 45.0
2007 2 27.0
2007 3 20.0
2007 4 70.0
2007 5 204.0
2007 6 5.0
2007 7 37.0
2007 8 83.0
2007 9 5.0
2007 10 53.0
2007 11 29.0
2007 12 5.0
2008 1 53.0
2008 2 217.0
2008 3 39.0
2008 4 33.0
2008 5 48.0
2008 6 112.0
2008 7 33.0
2008 8 44.0
2008 9 38.0
2008 10 41.0
2008 11 27.0
2008 12 37.0
2009 1 164.0
2009 2 112.0
2009 3 16.0
2009 4 11.0
2009 5 10.0
2009 6 9.0
2009 7 38.0
2009 8 12.0
2009 9 29.0
2009 10 24.0
2009 11 14.0
2009 12 9.0
2010 1 10.0
2010 2 15.0
2010 3 79.0
2010 4 19.0
2010 5 106.0
2010 6 18.0
2010 7 153.0
2010 8 22.0
2010 9 16.0
2010 10 12.0
2010 11 14.0
2010 12 58.0
2011 1 9.0
2011 2 11.0
2011 3 23.0
2011 4 18.0
2011 5 23.0
2011 6 28.0
2011 7 25.0
2011 8 53.0
2011 9 30.0
2011 10 25.0
2011 11 37.0
2011 12 28.0
2012 1 10.0
2012 2 21.0
2012 3 362.0
2012 4 20.0
2012 5 30.0
2012 6 44.0
2012 7 41.0
2012 8 37.0
2012 9 226.0
2012 10 28.0
2012 11 28.0
2012 12 45.0
2013 1 162.0
2013 2 39.0
2013 3 34.0
2013 4 22.0
2013 5 40.0
2013 6 171.0
2013 7 7.0
2013 8 241.0
2013 9 53.0
2013 10 316.0
2013 11 20.0
2013 12 20.0
2014 1 198.0
2014 2 152.5
2014 3 107.0
2014 4 56.0
2014 5 5.0
2014 6 5.0
2014 7 5.0
2014 8 16.0
2014 9 16.0
2014 10 108.0
2014 11 84.0
2014 12 77.0
2015 1 5.0
2015 2 5.0
2015 3 5.0
2015 4 146.0
2015 5 5.0
2015 6 5.0
2015 7 5.0
2015 8 5.0
2015 9 5.0
2015 10 19.666666666666664
2015 11 34.33333333333333
2015 12 49.0
2016 1 232.0
2016 2 70.0
2016 3 69.0
2016 4 23.0
2016 5 36.0
2016 6 5.0
2016 7 5.0
2016 8 26.0
2016 9 86.0
2016 10 23.0
2016 11 243.0
2016 12 24.0
2017 1 17.0
2017 2 13.0
2017 3 21.0
2017 4 38.0
2017 5 44.0
2017 6 206.0
2017 7 170.0
2017 8 71.0
2017 9 20.0
2017 10 90.0
2017 11 13.0
2017 12 12.0
2018 1 10.0
2018 2 20.0
2018 3 169.0
2018 4 10.0
2018 5 19.0
2018 6 28.0
2018 7 21.0
2018 8 5.0
2018 9 35.0
2018 10 82.0
2018 11 17.0
2018 12 55.0
2019 1 46.0
2019 2 145.0
2019 3 6.0
2019 4 109.0
2019 5 93.0
2019 6 16.0
2019 7 112.0
2019 8 10.0
2019 9 30.0
2019 10 163.0
2019 11 140.0
2019 12 24.0
2020 1 20.0
2020 2 17.0
2020 3 20.0
2020 4 58.0
2020 5 10.0
2020 6 10.0
2020 7 58.0
2020 8 109.0
2020 9 47.0
2020 10 83.0
2020 11 28.0
2020 12 48.0
2021 1 44.0
2021 2 292.0
2021 3 56.0
2021 4 77.0
2021 5 52.0
2021 6 205.0
2021 7 340.0
2021 8 62.0
2021 9 200.0
2021 10 148.0
2021 11 97.0
2021 12 367.0
2022 1 132.0
2022 2 23.0
2022 3 294.0
2022 4 278.0
2022 5 386.0
2022 6 47.0
2022 7 65.0
2022 8 23.0
2022 9 81.0
2022 10 20.0
2022 11 56.0
2022 12 123.0
2023 1 169.0
2023 2 16.0
2023 3 347.0
2023 4 136.0
2023 5 7.0
2023 6 104.0
2023 7 20.0
2023 8 33.0
2023 9 26.0
2023 10 210.0
2023 11 805.0
2023 12 56.0
2024 1 20.0
2024 2 120.0
2024 3 78.0
2024 4 5.0
2024 5 28.5
2024 6 52.0
2024 7 82.0
