1960 5 624.0
1960 6 386.0
1960 7 655.0
1960 8 1110.0
1960 9 829.0
1960 10 882.0
1960 11 662.0
1960 12 780.0
1961 1 363.0
1961 2 697.0
1961 3 639.0
1961 4 518.0
1961 5 1111.0
1961 6 1001.0
1961 7 1346.0
1961 8 1443.0
1961 9 609.0
1961 10 1533.0
1961 11 677.0
1961 12 595.0
1962 1 469.0
1962 2 1097.0
1962 3 1102.0
1962 4 868.0
1962 5 803.0
1962 6 1622.0
1962 7 1542.0
1962 8 1039.0
1962 9 945.0
1962 10 1620.0
1962 11 1313.0
1962 12 1227.0
1963 1 1365.0
1963 2 901.0
1963 3 1145.0
1963 4 1866.0
1963 5 1957.0
1963 6 1033.0
1963 7 1108.0
1963 8 861.0
1963 9 1921.0
1963 10 2548.0
1963 11 1060.0
1963 12 2002.0
1964 1 1160.0
1964 2 1140.0
1964 3 1937.0
1964 4 3472.0
1964 5 3069.0
1964 6 3809.0
1964 7 3220.0
1964 8 2418.0
1964 9 1031.0
1964 10 2056.0
1964 11 3027.0
1964 12 2483.0
1965 1 511.0
1965 2 776.0
1965 3 2505.0
1965 4 1856.0
1965 5 1874.0
1965 6 2961.0
1965 7 1857.0
1965 8 1675.0
1965 9 1814.0
1965 10 1719.0
1965 11 2449.0
1965 12 1637.0
1966 1 1600.0
1966 2 1678.0
1966 3 1555.0
1966 4 1937.0
1966 5 1255.0
1966 6 1093.0
1966 7 1487.0
1966 8 1540.0
1966 9 1002.0
1966 10 574.0
1966 11 454.0
1966 12 525.0
1967 1 2277.0
1967 2 962.0
1967 3 1119.0
1967 4 929.0
1967 5 984.0
1967 6 1461.0
1967 7 1133.0
1967 8 761.0
1967 9 2002.0
1967 10 1021.0
1967 11 1185.0
1967 12 507.0
1968 1 473.0
1968 2 400.0
1968 3 769.0
1968 4 1642.0
1968 5 1364.0
1968 6 1788.0
1968 7 1101.0
1968 8 920.0
1968 9 1415.0
1968 10 2303.0
1968 11 989.0
1968 12 794.0
1969 1 1074.0
1969 2 1201.0
1969 3 1696.0
1969 4 1199.0
1969 5 1898.0
1969 6 1026.0
1969 7 1867.0
1969 8 1468.0
1969 9 810.0
1969 10 761.0
1969 11 946.0
1969 12 925.0
1970 1 708.0
1970 2 589.0
1970 3 1563.0
1970 4 1684.0
1970 5 1330.0
1970 6 2971.0
1970 7 1878.0
1970 8 824.0
1970 9 1193.0
1970 10 1790.0
1970 11 3241.0
1970 12 2276.0
1971 1 281.0
1971 2 588.0
1971 3 2590.0
1971 4 1498.0
1971 5 1501.0
1971 6 3050.0
1971 7 1804.0
1971 8 3296.0
1971 9 4457.0
1971 10 2110.0
1971 11 2333.0
1971 12 3156.0
1972 1 805.0
1972 2 1740.0
1972 3 2368.0
1972 4 3036.0
1972 5 1747.0
1972 6 4180.0
1972 7 3119.0
1972 8 2607.0
1972 9 1983.0
1972 10 3203.0
1972 11 4135.0
1972 12 1693.0
1973 1 1458.0
1973 2 533.0
1973 3 2098.0
1973 4 1180.0
1973 5 2160.0
1973 6 2428.0
1973 7 2054.0
1973 8 3940.0
1973 9 1419.0
1973 10 1833.0
1973 11 1552.0
1973 12 352.0
1974 1 674.0
1974 2 474.0
1974 3 2123.0
1974 4 1076.0
1974 5 896.0
1974 6 769.0
1974 7 809.0
1974 8 997.0
1974 9 862.0
1974 10 499.0
1974 11 194.0
1974 12 461.0
1975 1 340.0
1975 2 384.0
1975 3 283.0
1975 4 498.0
1975 5 569.0
1975 6 432.0
1975 7 709.0
1975 8 685.0
1975 9 862.0
1975 10 448.0
1975 11 500.0
1975 12 462.0
1976 1 123.0
1976 2 233.0
1976 3 628.0
1976 4 294.0
1976 5 327.0
1976 6 514.0
1976 7 1300.0
1976 8 1062.0
1976 9 1172.0
1976 10 1029.0
1976 11 534.0
1976 12 1960.0
1977 1 290.0
1977 2 69.0
1977 3 1274.0
1977 4 633.0
1977 5 759.0
1977 6 1911.0
1977 7 706.0
1977 8 1426.0
1977 9 639.0
1977 10 1496.0
1977 11 756.0
1977 12 469.0
1978 1 636.0
1978 2 295.0
1978 3 731.0
1978 4 536.0
1978 5 503.0
1978 6 576.0
1978 7 412.0
1978 8 620.0
1978 9 285.0
1978 10 534.0
1978 11 1588.0
1978 12 1931.0
1979 1 920.0
1979 2 439.0
1979 3 687.0
1979 4 417.0
1979 5 575.0
1979 6 1660.0
1979 7 1008.0
1979 8 361.0
1979 9 1568.0
1979 10 1283.0
1979 11 2331.0
1979 12 1081.0
1980 1 143.0
1980 2 333.0
1980 3 584.0
1980 4 552.0
1980 5 385.0
1980 6 990.0
1980 7 920.0
1980 8 466.0
1980 9 949.0
1980 10 1163.0
1980 11 806.0
1980 12 280.0
1981 1 252.0
1981 2 627.0
1981 3 618.0
1981 4 409.0
1981 5 600.0
1981 6 1137.0
1981 7 758.0
1981 8 641.0
1981 9 556.0
1981 10 498.0
1981 11 380.0
1981 12 930.0
1982 1 249.0
1982 2 501.0
1982 3 859.0
1982 4 183.0
1982 5 445.0
1982 6 779.0
1982 7 294.0
1982 8 665.0
1982 9 579.0
1982 10 1151.0
1982 11 532.0
1982 12 544.0
1983 1 194.0
1983 2 1630.0
1983 3 566.0
1983 4 581.0
1983 5 555.0
1983 6 502.0
1983 7 1619.0
1983 8 991.0
1983 9 666.0
1983 10 835.0
1983 11 377.0
1983 12 955.0
1984 1 301.0
1984 2 617.0
1984 3 420.0
1984 4 559.0
1984 5 1577.0
1984 6 578.0
1984 7 689.0
1984 8 600.0
1984 9 782.0
1984 10 847.0
1984 11 2115.0
1984 12 879.0
1985 1 1041.0
1985 2 754.0
1985 3 911.0
1985 4 1271.0
1985 5 1647.0
1985 6 3129.0
1985 7 2275.0
1985 8 1023.0
1985 9 1630.0
1985 10 1680.0
1985 11 1003.0
1985 12 2715.0
1986 1 860.0
1986 2 649.0
1986 3 733.0
1986 4 1310.0
1986 5 1919.0
1986 6 932.0
1986 7 1682.0
1986 8 1380.0
1986 9 2540.0
1986 10 1337.0
1986 11 896.0
1986 12 1614.0
1987 1 826.0
1987 2 981.0
1987 3 1353.0
1987 4 1147.0
1987 5 1202.0
1987 6 1677.0
1987 7 1345.0
1987 8 1245.0
1987 9 1335.0
1987 10 1533.0
1987 11 1376.0
1987 12 839.0
1988 1 679.0
1988 2 654.0
1988 3 1506.0
1988 4 1224.0
1988 5 1290.0
1988 6 1723.0
1988 7 709.0
1988 8 964.0
1988 9 737.0
1988 10 1181.0
1988 11 616.0
1988 12 668.0
1989 1 550.0
1989 2 663.0
1989 3 947.0
1989 4 778.0
1989 5 933.0
1989 6 1007.0
1989 7 483.0
1989 8 1051.0
1989 9 901.0
1989 10 710.0
1989 11 639.0
1989 12 462.0
1990 1 878.0
1990 2 355.0
1990 3 193.0
1990 4 564.0
1990 5 322.0
1990 6 457.0
1990 7 171.0
1990 8 325.0
1990 9 468.0
1990 10 468.0
1990 11 204.0
1990 12 294.0
1991 1 98.0
1991 2 127.0
1991 3 147.0
1991 4 186.0
1991 5 66.0
1991 6 190.0
1991 7 203.0
1991 8 330.0
1991 9 200.0
1991 10 460.0
1991 11 634.0
1991 12 302.0
1992 1 323.0
1992 2 224.0
1992 3 158.0
1992 4 155.0
1992 5 286.0
1992 6 196.0
1992 7 552.0
1992 8 158.0
1992 9 227.0
1992 10 156.0
1992 11 128.0
1992 12 134.0
1993 1 74.0
1993 2 199.0
1993 3 157.0
1993 4 129.0
1993 5 270.0
1993 6 163.0
1993 7 205.0
1993 8 476.0
1993 9 188.0
1993 10 336.0
1993 11 299.0
1993 12 358.0
1994 1 144.0
1994 2 123.0
1994 3 119.0
1994 4 144.0
1994 5 153.0
1994 6 311.0
1994 7 409.0
1994 8 390.0
1994 9 291.0
1994 10 176.0
1994 11 448.0
1994 12 243.0
1995 1 216.0
1995 2 229.0
1995 3 370.0
1995 4 296.0
1995 5 441.0
1995 6 268.0
1995 7 245.0
1995 8 280.0
1995 9 634.0
1995 10 229.0
1995 11 179.0
1995 12 119.0
1996 1 162.0
1996 2 87.0
1996 3 308.0
1996 4 272.0
1996 5 278.0
1996 6 319.0
1996 7 420.0
1996 8 349.0
1996 9 221.0
1996 10 502.0
1996 11 376.0
1996 12 325.0
1997 1 302.0
1997 2 185.0
1997 3 324.0
1997 4 393.0
1997 5 370.0
1997 6 303.0
1997 7 376.0
1997 8 230.0
1997 9 340.0
1997 10 285.0
1997 11 223.0
1997 12 698.0
1998 1 385.0
1998 2 262.0
1998 3 255.0
1998 4 279.0
1998 5 402.0
1998 6 218.0
1998 7 284.0
1998 8 328.0
1998 9 611.0
1998 10 944.0
1998 11 579.0
1998 12 324.0
1999 1 298.0
1999 2 434.0
1999 3 586.0
1999 4 613.0
1999 5 394.0
1999 6 905.0
1999 7 318.0
1999 8 526.0
1999 9 530.0
1999 10 391.0
1999 11 640.0
1999 12 471.0
2000 1 1662.0
2000 2 329.0
2000 3 559.0
2000 4 779.0
2000 5 373.0
2000 6 689.0
2000 7 503.0
2000 8 432.0
2000 9 561.0
2000 10 624.0
2000 11 1184.0
2000 12 481.0
2001 1 612.0
2001 2 405.0
2001 3 552.0
2001 4 465.0
2001 5 390.0
2001 6 379.0
2001 7 742.0
2001 8 562.0
2001 9 578.0
2001 10 566.0
2001 11 645.0
2001 12 600.0
2002 1 612.0
2002 2 344.0
2002 3 404.0
2002 4 550.0
2002 5 604.0
2002 6 788.0
2002 7 643.0
2002 8 687.0
2002 9 924.0
2002 10 637.0
2002 11 583.0
2002 12 480.0
2003 1 400.0
2003 2 532.0
2003 3 524.0
2003 4 629.0
2003 5 932.0
2003 6 507.0
2003 7 734.0
2003 8 826.0
2003 9 697.0
2003 10 1299.0
2003 11 615.0
2003 12 1032.0
2004 1 965.0
2004 2 596.0
2004 3 1292.0
2004 4 1081.0
2004 5 905.0
2004 6 1081.0
2004 7 1027.0
2004 8 842.0
2004 9 1235.0
2004 10 876.0
2004 11 969.0
2004 12 1422.0
2005 1 1124.0
2005 2 831.0
2005 3 1151.0
2005 4 1985.0
2005 5 1301.0
2005 6 2234.0
2005 7 1068.0
2005 8 1589.0
2005 9 988.0
2005 10 1342.0
2005 11 1214.0
2005 12 991.0
2006 1 829.0
2006 2 1065.0
2006 3 957.0
2006 4 987.0
2006 5 1255.0
2006 6 1672.0
2006 7 1036.0
2006 8 972.0
2006 9 1640.0
2006 10 887.0
2006 11 1940.0
2006 12 1008.0
2007 1 955.0
2007 2 719.0
2007 3 577.0
2007 4 865.0
2007 5 844.0
2007 6 1276.0
2007 7 566.0
2007 8 1379.0
2007 9 885.0
2007 10 1130.0
2007 11 1203.0
2007 12 1198.0
2008 1 694.0
2008 2 581.0
2008 3 1194.0
2008 4 551.0
2008 5 1114.0
2008 6 2414.0
2008 7 463.0
2008 8 364.0
2008 9 435.0
2008 10 432.0
2008 11 334.0
2008 12 374.0
2009 1 252.0
2009 2 453.0
2009 3 264.0
2009 4 236.0
2009 5 293.0
2009 6 210.0
2009 7 150.0
2009 8 269.0
2009 9 390.0
2009 10 270.0
2009 11 391.0
2009 12 673.0
2010 1 213.0
2010 2 191.0
2010 3 367.0
2010 4 391.0
2010 5 279.0
2010 6 597.0
2010 7 373.0
2010 8 698.0
2010 9 607.0
2010 10 524.0
2010 11 336.0
2010 12 770.0
2011 1 433.0
2011 2 307.0
2011 3 562.0
2011 4 485.0
2011 5 659.0
2011 6 939.0
2011 7 461.0
2011 8 577.0
2011 9 492.0
2011 10 514.0
2011 11 699.0
2011 12 802.0
2012 1 542.0
2012 2 631.0
2012 3 697.0
2012 4 852.0
2012 5 607.0
2012 6 1423.0
2012 7 1262.0
2012 8 714.0
2012 9 1033.0
2012 10 847.0
2012 11 614.0
2012 12 1037.0
2013 1 1130.0
2013 2 421.0
2013 3 813.0
2013 4 951.0
2013 5 1748.0
2013 6 935.0
2013 7 1280.0
2013 8 1808.0
2013 9 853.0
2013 10 923.0
2013 11 856.0
2013 12 1219.0
2014 1 682.0
2014 2 913.0
2014 3 1489.0
2014 4 1060.0
2014 5 1563.0
2014 6 1346.0
2014 7 2159.0
2014 8 1188.0
2014 9 1484.0
2014 10 610.0
2014 11 968.0
2014 12 1122.0
2015 1 998.0
2015 2 621.0
2015 3 1017.0
2015 4 2891.0
2015 5 3486.0
2015 6 3776.0
2015 7 1362.0
2015 8 1515.0
2015 9 1347.0
2015 10 1955.0
2015 11 1386.0
2015 12 2123.0
2016 1 568.0
2016 2 1742.0
2016 3 1094.0
2016 4 1270.0
2016 5 1161.0
2016 6 1414.0
2016 7 812.0
2016 8 1811.0
2016 9 1225.0
2016 10 755.0
2016 11 991.0
2016 12 1753.0
2017 1 1266.0
2017 2 1088.0
2017 3 956.0
2017 4 871.0
2017 5 2238.0
2017 6 1267.0
2017 7 1623.0
2017 8 1320.0
2017 9 1349.0
2017 10 1793.0
2017 11 1857.0
2017 12 1952.0
2018 1 811.0
2018 2 1648.0
2018 3 1543.0
2018 4 824.0
2018 5 1464.0
2018 6 1922.0
2018 7 1112.0
2018 8 1241.0
2018 9 1136.0
2018 10 1262.0
2018 11 1173.0
2018 12 1050.0
2019 1 1040.0
2019 2 827.0
2019 3 1512.0
2019 4 1112.0
2019 5 1467.0
2019 6 1592.0
2019 7 1323.0
2019 8 2601.0
2019 9 2622.0
2019 10 2716.0
2019 11 1673.0
2019 12 1945.0
2020 1 1348.0
2020 2 707.0
2020 3 1644.0
2020 4 644.0
2020 5 1111.0
2020 6 2261.0
2020 7 1973.0
2020 8 1225.0
2020 9 2149.0
2020 10 2094.0
2020 11 2214.0
2020 12 2028.0
2021 1 2082.0
2021 2 1148.0
2021 3 1609.0
2021 4 2165.0
2021 5 1893.0
2021 6 1697.0
2021 7 1706.0
2021 8 1717.0
2021 9 1374.0
2021 10 1744.0
2021 11 2134.0
2021 12 3236.0
2022 1 1777.0
2022 2 1666.0
2022 3 2966.0
2022 4 2199.0
2022 5 988.0
2022 6 2507.0
2022 7 2194.0
2022 8 1239.0
2022 9 1367.0
2022 10 761.0
2022 11 1941.0
2022 12 2268.0
2023 1 1361.0
2023 2 784.0
2023 3 2196.0
2023 4 1229.0
2023 5 2584.0
2023 6 1225.0
2023 7 1638.0
2023 8 2077.0
2023 9 1134.0
2023 10 1704.0
2023 11 821.0
2023 12 1670.0
2024 1 1991.0
2024 2 2449.0
2024 3 1835.0
2024 4 1683.0
2024 5 1370.0
2024 6 1485.0
2024 7 1662.0
2024 8 2131.0
