1960 9 20.0
1960 10 20.5
1960 11 21.0
1960 12 21.5
1961 1 22.0
1961 2 22.5
1961 3 23.0
1961 4 23.5
1961 5 24.0
1961 6 53.33333333333333
1961 7 82.66666666666666
1961 8 112.0
1961 9 500.0
1961 10 337.33333333333337
1961 11 174.66666666666669
1961 12 12.0
1962 1 11.555555555555555
1962 2 11.11111111111111
1962 3 10.666666666666666
1962 4 10.222222222222221
1962 5 9.777777777777779
1962 6 9.333333333333334
1962 7 8.88888888888889
1962 8 8.444444444444445
1962 9 8.0
1962 10 18.666666666666664
1962 11 29.333333333333332
1962 12 40.0
1963 1 50.666666666666664
1963 2 61.33333333333333
1963 3 72.0
1963 4 56.75
1963 5 41.5
1963 6 26.25
1963 7 11.0
1963 8 10.0
1963 9 13.5
1963 10 17.0
1963 11 20.5
1963 12 24.0
1964 1 29.666666666666668
1964 2 35.333333333333336
1964 3 41.0
1964 4 28.5
1964 5 16.0
1964 6 11.5
1964 7 7.0
1964 8 52.0
1964 9 49.0
1964 10 46.0
1964 11 43.0
1964 12 38.25
1965 1 33.5
1965 2 28.75
1965 3 24.0
1965 4 54.0
1965 5 6.0
1965 6 24.0
1965 7 39.0
1965 8 54.0
1965 9 16.0
1965 10 26.0
1965 11 12.0
1965 12 18.0
1966 1 12.0
1966 2 19.0
1966 3 26.0
1966 4 33.0
1966 5 12.0
1966 6 12.0
1966 7 12.0
1966 8 14.0
1966 9 16.0
1966 10 18.666666666666668
1966 11 21.333333333333332
1966 12 24.0
1967 1 15.0
1967 2 6.0
1967 3 18.0
1967 4 57.0
1967 5 96.0
1967 6 80.0
1967 7 64.0
1967 8 82.0
1967 9 100.0
1967 10 63.5
1967 11 27.0
1967 12 19.5
1968 1 12.0
1968 2 21.0
1968 3 14.0
1968 4 30.0
1968 5 102.0
1968 6 114.0
1968 7 124.0
1968 8 101.0
1968 9 146.0
1968 10 90.0
1968 11 12.0
1968 12 47.0
1969 1 154.5
1969 2 262.0
1969 3 22.0
1969 4 149.0
1969 5 94.0
1969 6 60.0
1969 7 33.0
1969 8 51.5
1969 9 70.0
1969 10 213.0
1969 11 66.0
1969 12 36.0
1970 1 54.0
1970 2 161.0
1970 3 268.0
1970 4 178.0
1970 5 40.0
1970 6 17.0
1970 7 289.0
1970 8 24.0
1970 9 429.0
1970 10 296.0
1970 11 88.0
1970 12 160.0
1971 1 198.0
1971 2 236.0
1971 3 274.0
1971 4 246.0
1971 5 578.0
1971 6 257.0
1971 7 456.0
1971 8 233.0
1971 9 253.0
1971 10 385.0
1971 11 308.0
1971 12 6.0
1972 1 77.0
1972 2 834.0
1972 3 207.0
1972 4 167.0
1972 5 323.0
1972 6 504.0
1972 7 711.0
1972 8 117.0
1972 9 237.0
1972 10 280.0
1972 11 100.0
1972 12 63.0
1973 1 132.0
1973 2 197.0
1973 3 93.0
1973 4 444.0
1973 5 20.0
1973 6 404.0
1973 7 300.0
1973 8 370.0
1973 9 5.0
1973 10 26.0
1973 11 215.0
1973 12 110.0
1974 1 138.0
1974 2 1161.0
1974 3 272.0
1974 4 165.0
1974 5 78.0
1974 6 67.0
1974 7 169.0
1974 8 245.0
1974 9 71.0
1974 10 52.0
1974 11 8.0
1974 12 409.0
1975 1 5.0
1975 2 60.0
1975 3 47.0
1975 4 48.0
1975 5 18.0
1975 6 68.0
1975 7 118.0
1975 8 80.66666666666666
1975 9 43.33333333333333
1975 10 6.0
1975 11 10.0
1975 12 14.0
1976 1 18.0
1976 2 98.5
1976 3 179.0
1976 4 62.0
1976 5 46.666666666666664
1976 6 31.333333333333332
1976 7 16.0
1976 8 6.0
1976 9 114.0
1976 10 114.0
1976 11 39.0
1976 12 24.0
1977 1 28.0
1977 2 60.333333333333336
1977 3 92.66666666666667
1977 4 125.0
1977 5 57.0
1977 6 201.0
1977 7 142.5
1977 8 84.0
1977 9 92.0
1977 10 492.0
1977 11 54.0
1977 12 414.0
1978 1 37.0
1978 2 80.0
1978 3 134.0
1978 4 30.0
1978 5 38.0
1978 6 87.0
1978 7 665.0
1978 8 62.0
1978 9 320.0
1978 10 23.0
1978 11 188.0
1978 12 227.5
1979 1 267.0
1979 2 42.0
1979 3 24.0
1979 4 212.0
1979 5 137.0
1979 6 260.0
1979 7 110.0
1979 8 89.0
1979 9 465.0
1979 10 323.0
1979 11 78.0
1979 12 102.0
1980 1 102.0
1980 2 102.0
1980 3 102.0
1980 4 205.0
1980 5 52.0
1980 6 88.0
1980 7 5.0
1980 8 294.0
1980 9 156.0
1980 10 128.0
1980 11 8.0
1980 12 79.0
1981 1 50.0
1981 2 50.0
1981 3 43.0
1981 4 242.0
1981 5 116.0
1981 6 41.0
1981 7 17.0
1981 8 48.0
1981 9 46.0
1981 10 86.0
1981 11 76.0
1981 12 6.0
1982 1 76.0
1982 2 62.0
1982 3 64.0
1982 4 166.0
1982 5 126.0
1982 6 11.0
1982 7 22.0
1982 8 68.0
1982 9 58.0
1982 10 74.0
1982 11 128.0
1982 12 21.0
1983 1 11.0
1983 2 96.0
1983 3 30.0
1983 4 212.0
1983 5 284.0
1983 6 296.0
1983 7 26.0
1983 8 129.0
1983 9 166.0
1983 10 29.0
1983 11 78.0
1983 12 129.0
1984 1 35.0
1984 2 160.0
1984 3 336.0
1984 4 95.0
1984 5 104.0
1984 6 99.0
1984 7 144.0
1984 8 337.0
1984 9 266.0
1984 10 340.0
1984 11 136.0
1984 12 205.0
1985 1 316.0
1985 2 169.0
1985 3 384.0
1985 4 539.0
1985 5 500.0
1985 6 412.0
1985 7 158.0
1985 8 338.0
1985 9 498.0
1985 10 438.0
1985 11 253.0
1985 12 545.0
1986 1 238.0
1986 2 239.0
1986 3 134.0
1986 4 278.0
1986 5 512.0
1986 6 274.0
1986 7 196.0
1986 8 251.0
1986 9 537.0
1986 10 437.0
1986 11 203.0
1986 12 191.0
1987 1 92.0
1987 2 64.0
1987 3 164.0
1987 4 220.0
1987 5 154.0
1987 6 143.0
1987 7 98.0
1987 8 378.0
1987 9 71.0
1987 10 99.0
1987 11 145.0
1987 12 129.0
1988 1 313.0
1988 2 375.0
1988 3 186.0
1988 4 532.0
1988 5 148.0
1988 6 185.0
1988 7 194.0
1988 8 140.0
1988 9 87.0
1988 10 145.0
1988 11 98.0
1988 12 93.0
1989 1 71.0
1989 2 91.0
1989 3 88.0
1989 4 42.0
1989 5 29.0
1989 6 80.0
1989 7 47.0
1989 8 362.0
1989 9 125.0
1989 10 80.0
1989 11 18.0
1989 12 56.0
1990 1 47.0
1990 2 31.0
1990 3 30.0
1990 4 25.0
1990 5 53.0
1990 6 106.0
1990 7 22.0
1990 8 34.0
1990 9 27.0
1990 10 256.0
1990 11 5.0
1990 12 17.0
1991 1 5.0
1991 2 5.0
1991 3 34.0
1991 4 5.0
1991 5 5.0
1991 6 5.0
1991 7 5.0
1991 8 5.0
1991 9 5.0
1991 10 5.0
1991 11 5.0
1991 12 13.333333333333334
1992 1 21.666666666666668
1992 2 30.0
1992 3 22.0
1992 4 10.0
1992 5 25.0
1992 6 40.0
1992 7 34.0
1992 8 48.0
1992 9 69.0
1992 10 5.0
1992 11 5.0
1992 12 5.0
1993 1 5.0
1993 2 5.0
1993 3 5.0
1993 4 5.0
1993 5 173.0
1993 6 15.0
1993 7 36.0
1993 8 24.0
1993 9 9.0
1993 10 62.0
1993 11 11.0
1993 12 33.0
1994 1 16.0
1994 2 13.0
1994 3 10.0
1994 4 5.0
1994 5 15.0
1994 6 68.0
1994 7 12.0
1994 8 49.0
1994 9 34.0
1994 10 50.0
1994 11 11.0
1994 12 5.0
1995 1 10.0
1995 2 7.5
1995 3 5.0
1995 4 23.0
1995 5 22.0
1995 6 5.0
1995 7 5.0
1995 8 5.0
1995 9 15.0
1995 10 10.0
1995 11 15.0
1995 12 45.0
1996 1 5.0
1996 2 15.0
1996 3 10.0
1996 4 10.0
1996 5 30.0
1996 6 23.0
1996 7 26.0
1996 8 40.0
1996 9 35.0
1996 10 313.0
1996 11 50.0
1996 12 13.0
1997 1 39.0
1997 2 14.0
1997 3 65.0
1997 4 94.0
1997 5 17.0
1997 6 111.0
1997 7 71.0
1997 8 43.0
1997 9 93.0
1997 10 39.0
1997 11 67.0
1997 12 36.0
1998 1 19.0
1998 2 17.0
1998 3 22.0
1998 4 60.0
1998 5 20.0
1998 6 73.0
1998 7 43.0
1998 8 30.0
1998 9 47.0
1998 10 86.0
1998 11 35.0
1998 12 29.0
1999 1 29.0
1999 2 14.0
1999 3 62.0
1999 4 36.5
1999 5 11.0
1999 6 20.0
1999 7 15.0
1999 8 67.0
1999 9 5.0
1999 10 19.0
1999 11 24.0
1999 12 19.0
2000 1 29.0
2000 2 10.0
2000 3 16.0
2000 4 39.0
2000 5 115.0
2000 6 30.0
2000 7 23.0
2000 8 45.0
2000 9 36.0
2000 10 11.0
2000 11 15.0
2000 12 11.5
2001 1 8.0
2001 2 18.0
2001 3 17.0
2001 4 10.0
2001 5 94.0
2001 6 20.0
2001 7 10.0
2001 8 5.0
2001 9 62.0
2001 10 119.0
2001 11 47.0
2001 12 5.0
2002 1 42.0
2002 2 46.0
2002 3 45.0
2002 4 76.0
2002 5 81.0
2002 6 20.0
2002 7 426.0
2002 8 79.0
2002 9 104.0
2002 10 55.0
2002 11 16.0
2002 12 160.0
2003 1 70.0
2003 2 15.0
2003 3 15.0
2003 4 97.0
2003 5 116.0
2003 6 194.0
2003 7 100.0
2003 8 152.0
2003 9 37.0
2003 10 176.0
2003 11 61.0
2003 12 201.0
2004 1 122.0
2004 2 204.0
2004 3 64.0
2004 4 152.0
2004 5 366.0
2004 6 146.0
2004 7 45.0
2004 8 73.0
2004 9 181.0
2004 10 74.0
2004 11 94.0
2004 12 34.0
2005 1 87.0
2005 2 36.0
2005 3 92.0
2005 4 83.0
2005 5 74.0
2005 6 118.0
2005 7 67.0
2005 8 39.0
2005 9 91.0
2005 10 200.0
2005 11 46.0
2005 12 51.0
2006 1 44.0
2006 2 23.0
2006 3 24.0
2006 4 36.0
2006 5 11.0
2006 6 51.0
2006 7 22.0
2006 8 42.0
2006 9 122.0
2006 10 77.0
2006 11 24.0
2006 12 30.0
2007 1 19.0
2007 2 12.0
2007 3 12.0
2007 4 49.0
2007 5 26.0
2007 6 10.0
2007 7 23.0
2007 8 16.0
2007 9 53.0
2007 10 96.0
2007 11 23.0
2007 12 28.0
2008 1 115.0
2008 2 31.0
2008 3 5.0
2008 4 79.0
2008 5 40.0
2008 6 126.0
2008 7 50.0
2008 8 5.0
2008 9 125.0
2008 10 52.0
2008 11 29.0
2008 12 108.0
2009 1 5.0
2009 2 5.0
2009 3 10.0
2009 4 23.0
2009 5 121.0
2009 6 22.0
2009 7 49.5
2009 8 77.0
2009 9 5.0
2009 10 25.0
2009 11 16.5
2009 12 8.0
2010 1 98.0
2010 2 261.0
2010 3 8.0
2010 4 16.0
2010 5 5.0
2010 6 36.0
2010 7 7.0
2010 8 18.0
2010 9 21.0
2010 10 40.0
2010 11 35.0
2010 12 56.0
2011 1 6.0
2011 2 225.0
2011 3 18.0
2011 4 13.0
2011 5 49.0
2011 6 20.0
2011 7 5.0
2011 8 27.0
2011 9 121.0
2011 10 64.0
2011 11 7.0
2011 12 32.0
2012 1 26.0
2012 2 21.5
2012 3 17.0
2012 4 5.0
2012 5 15.5
2012 6 26.0
2012 7 103.0
2012 8 180.0
2012 9 11.0
2012 10 48.0
2012 11 42.0
2012 12 32.0
2013 1 28.666666666666668
2013 2 25.333333333333332
2013 3 22.0
2013 4 10.0
2013 5 44.0
2013 6 169.0
2013 7 69.0
2013 8 7.0
2013 9 10.0
2013 10 26.0
2013 11 5.0
2013 12 31.0
2014 1 10.0
2014 2 10.0
2014 3 7.0
2014 4 71.0
2014 5 21.0
2014 6 175.0
2014 7 347.0
2014 8 191.0
2014 9 23.0
2014 10 78.0
2014 11 11.0
2014 12 13.0
2015 1 47.0
2015 2 75.0
2015 3 80.0
2015 4 61.0
2015 5 83.0
2015 6 124.0
2015 7 56.0
2015 8 158.0
2015 9 81.0
2015 10 52.0
2015 11 41.0
2015 12 71.0
2016 1 19.0
2016 2 21.0
2016 3 47.0
2016 4 52.0
2016 5 112.0
2016 6 31.0
2016 7 18.0
2016 8 57.0
2016 9 31.0
2016 10 85.0
2016 11 126.0
2016 12 217.0
2017 1 17.0
2017 2 109.0
2017 3 58.0
2017 4 28.0
2017 5 37.0
2017 6 11.0
2017 7 71.0
2017 8 52.0
2017 9 53.0
2017 10 15.0
2017 11 14.0
2017 12 28.0
2018 1 229.0
2018 2 124.0
2018 3 5.0
2018 4 10.0
2018 5 21.0
2018 6 128.0
2018 7 63.0
2018 8 34.0
2018 9 39.0
2018 10 233.0
2018 11 63.0
2018 12 18.0
2019 1 179.0
2019 2 5.0
2019 3 132.0
2019 4 10.0
2019 5 19.0
2019 6 40.0
2019 7 68.0
2019 8 470.0
2019 9 56.0
2019 10 71.0
2019 11 127.0
2019 12 31.0
2020 1 51.0
2020 2 68.0
2020 3 69.0
2020 4 5.0
2020 5 27.0
2020 6 54.0
2020 7 5.0
2020 8 35.0
2020 9 48.0
2020 10 33.0
2020 11 173.0
2020 12 147.0
2021 1 26.0
2021 2 49.0
2021 3 44.0
2021 4 94.0
2021 5 133.0
2021 6 65.0
2021 7 142.0
2021 8 50.0
2021 9 79.0
2021 10 39.0
2021 11 64.0
2021 12 23.0
2022 1 22.0
2022 2 86.0
2022 3 78.0
2022 4 41.0
2022 5 21.0
2022 6 93.0
2022 7 46.0
2022 8 202.0
2022 9 47.0
2022 10 36.0
2022 11 34.0
2022 12 47.0
2023 1 103.0
2023 2 55.0
2023 3 23.0
2023 4 40.0
2023 5 123.0
2023 6 141.0
2023 7 34.0
2023 8 128.0
2023 9 41.0
2023 10 64.0
2023 11 75.0
2023 12 67.0
2024 1 50.0
2024 2 89.0
2024 3 189.0
2024 4 54.0
2024 5 127.0
2024 6 105.0
2024 7 247.0
2024 8 167.0
