1960 5 10136.0
1960 6 6267.0
1960 7 7758.0
1960 8 8093.0
1960 9 7718.0
1960 10 6715.0
1960 11 6830.0
1960 12 4651.0
1961 1 3763.0
1961 2 3072.0
1961 3 6613.0
1961 4 8527.0
1961 5 9238.0
1961 6 6918.0
1961 7 8002.0
1961 8 15067.0
1961 9 7384.0
1961 10 9150.0
1961 11 8740.0
1961 12 11701.0
1962 1 6473.0
1962 2 8492.0
1962 3 8845.0
1962 4 15959.0
1962 5 8931.0
1962 6 7418.0
1962 7 6640.0
1962 8 8297.0
1962 9 6357.0
1962 10 8606.0
1962 11 11204.0
1962 12 6896.0
1963 1 5244.0
1963 2 3750.0
1963 3 6295.0
1963 4 8015.0
1963 5 8407.0
1963 6 6224.0
1963 7 6408.0
1963 8 6849.0
1963 9 8274.0
1963 10 8846.0
1963 11 6482.0
1963 12 10077.0
1964 1 2766.0
1964 2 3654.0
1964 3 5223.0
1964 4 6108.0
1964 5 5263.0
1964 6 6606.0
1964 7 5121.0
1964 8 5140.0
1964 9 4540.0
1964 10 5382.0
1964 11 4513.0
1964 12 3939.0
1965 1 2898.0
1965 2 2590.0
1965 3 6471.0
1965 4 6064.0
1965 5 7296.0
1965 6 6851.0
1965 7 5107.0
1965 8 7674.0
1965 9 7024.0
1965 10 5629.0
1965 11 6282.0
1965 12 4881.0
1966 1 4031.0
1966 2 2589.0
1966 3 7936.0
1966 4 6774.0
1966 5 6398.0
1966 6 6659.0
1966 7 4186.0
1966 8 5516.0
1966 9 3120.0
1966 10 3065.0
1966 11 5635.0
1966 12 2274.0
1967 1 5237.0
1967 2 1902.0
1967 3 4480.0
1967 4 6891.0
1967 5 5006.0
1967 6 6609.0
1967 7 4579.0
1967 8 6199.0
1967 9 4673.0
1967 10 5464.0
1967 11 4324.0
1967 12 4089.0
1968 1 2362.0
1968 2 2468.0
1968 3 9312.0
1968 4 6794.0
1968 5 6594.0
1968 6 8370.0
1968 7 5302.0
1968 8 6694.0
1968 9 5866.0
1968 10 6518.0
1968 11 4216.0
1968 12 5322.0
1969 1 3331.0
1969 2 3138.0
1969 3 6799.0
1969 4 8579.0
1969 5 6132.0
1969 6 5502.0
1969 7 5566.0
1969 8 4175.0
1969 9 4296.0
1969 10 5941.0
1969 11 3791.0
1969 12 3587.0
1970 1 1612.0
1970 2 1914.0
1970 3 3658.0
1970 4 5105.0
1970 5 3567.0
1970 6 5407.0
1970 7 4083.0
1970 8 6713.0
1970 9 4398.0
1970 10 6352.0
1970 11 3622.0
1970 12 7434.0
1971 1 3570.0
1971 2 2073.0
1971 3 5444.0
1971 4 5911.0
1971 5 8057.0
1971 6 7027.0
1971 7 9236.0
1971 8 7571.0
1971 9 7557.0
1971 10 7314.0
1971 11 8782.0
1971 12 4708.0
1972 1 5803.0
1972 2 2890.0
1972 3 6417.0
1972 4 7746.0
1972 5 6117.0
1972 6 7833.0
1972 7 5972.0
1972 8 9303.0
1972 9 7283.0
1972 10 8207.0
1972 11 10027.0
1972 12 12401.0
1973 1 5308.0
1973 2 2867.0
1973 3 5855.0
1973 4 8060.0
1973 5 7389.0
1973 6 8309.0
1973 7 6019.0
1973 8 5813.0
1973 9 4010.0
1973 10 4130.0
1973 11 6292.0
1973 12 4629.0
1974 1 3063.0
1974 2 1876.0
1974 3 3361.0
1974 4 5021.0
1974 5 4113.0
1974 6 3447.0
1974 7 4130.0
1974 8 3042.0
1974 9 2557.0
1974 10 4219.0
1974 11 2640.0
1974 12 7797.0
1975 1 1182.0
1975 2 1069.0
1975 3 2110.0
1975 4 3320.0
1975 5 2881.0
1975 6 2584.0
1975 7 2828.0
1975 8 2601.0
1975 9 2954.0
1975 10 2988.0
1975 11 2360.0
1975 12 3258.0
1976 1 1389.0
1976 2 1389.0
1976 3 2559.0
1976 4 3045.0
1976 5 2928.0
1976 6 2865.0
1976 7 2559.0
1976 8 3375.0
1976 9 2767.0
1976 10 2334.0
1976 11 2396.0
1976 12 1664.0
1977 1 1068.0
1977 2 1420.0
1977 3 5545.0
1977 4 3449.0
1977 5 3425.0
1977 6 4177.0
1977 7 3303.0
1977 8 3175.0
1977 9 3000.0
1977 10 3995.0
1977 11 2208.0
1977 12 2470.0
1978 1 2000.0
1978 2 1242.0
1978 3 3358.0
1978 4 3346.0
1978 5 3626.0
1978 6 4614.0
1978 7 3053.0
1978 8 3718.0
1978 9 5321.0
1978 10 3518.0
1978 11 4154.0
1978 12 3316.0
1979 1 2012.0
1979 2 1060.0
1979 3 2341.0
1979 4 2600.0
1979 5 4228.0
1979 6 6621.0
1979 7 2965.0
1979 8 3918.0
1979 9 3906.0
1979 10 3040.0
1979 11 1856.0
1979 12 1907.0
1980 1 1224.0
1980 2 1347.0
1980 3 1264.0
1980 4 1935.0
1980 5 2621.0
1980 6 2136.0
1980 7 2415.0
1980 8 2237.0
1980 9 2605.0
1980 10 2894.0
1980 11 2010.0
1980 12 1319.0
1981 1 1700.0
1981 2 926.0
1981 3 2663.0
1981 4 2687.0
1981 5 2653.0
1981 6 2453.0
1981 7 2696.0
1981 8 1989.0
1981 9 2731.0
1981 10 2020.0
1981 11 1152.0
1981 12 1948.0
1982 1 1067.0
1982 2 869.0
1982 3 1604.0
1982 4 2252.0
1982 5 2243.0
1982 6 2121.0
1982 7 2405.0
1982 8 2545.0
1982 9 2371.0
1982 10 2159.0
1982 11 1869.0
1982 12 1545.0
1983 1 1502.0
1983 2 1969.0
1983 3 2208.0
1983 4 2658.0
1983 5 2759.0
1983 6 4434.0
1983 7 2894.0
1983 8 4331.0
1983 9 5247.0
1983 10 3660.0
1983 11 2545.0
1983 12 2547.0
1984 1 1649.0
1984 2 2375.0
1984 3 3046.0
1984 4 3768.0
1984 5 5357.0
1984 6 3984.0
1984 7 3072.0
1984 8 4607.0
1984 9 3162.0
1984 10 4028.0
1984 11 3408.0
1984 12 4381.0
1985 1 3553.0
1985 2 3280.0
1985 3 3952.0
1985 4 5189.0
1985 5 5902.0
1985 6 5864.0
1985 7 5299.0
1985 8 7244.0
1985 9 6331.0
1985 10 8199.0
1985 11 4900.0
1985 12 3442.0
1986 1 3223.0
1986 2 2439.0
1986 3 4440.0
1986 4 5904.0
1986 5 5714.0
1986 6 5721.0
1986 7 6707.0
1986 8 5399.0
1986 9 6515.0
1986 10 4815.0
1986 11 4179.0
1986 12 4961.0
1987 1 3040.0
1987 2 2833.0
1987 3 6015.0
1987 4 6098.0
1987 5 5493.0
1987 6 6380.0
1987 7 6154.0
1987 8 5029.0
1987 9 5345.0
1987 10 4656.0
1987 11 4215.0
1987 12 3636.0
1988 1 2804.0
1988 2 2259.0
1988 3 4716.0
1988 4 5648.0
1988 5 5557.0
1988 6 5656.0
1988 7 4786.0
1988 8 4156.0
1988 9 4174.0
1988 10 4492.0
1988 11 3473.0
1988 12 3341.0
1989 1 3172.0
1989 2 2065.0
1989 3 4243.0
1989 4 4555.0
1989 5 4382.0
1989 6 5248.0
1989 7 3656.0
1989 8 3946.0
1989 9 3842.0
1989 10 4530.0
1989 11 2856.0
1989 12 2318.0
1990 1 2272.0
1990 2 2146.0
1990 3 2623.0
1990 4 2692.0
1990 5 3302.0
1990 6 3241.0
1990 7 2702.0
1990 8 3659.0
1990 9 2450.0
1990 10 2448.0
1990 11 1822.0
1990 12 1764.0
1991 1 1278.0
1991 2 1199.0
1991 3 1676.0
1991 4 2827.0
1991 5 3104.0
1991 6 2966.0
1991 7 3029.0
1991 8 2831.0
1991 9 2491.0
1991 10 3005.0
1991 11 2008.0
1991 12 1691.0
1992 1 1661.0
1992 2 1631.0
1992 3 2109.0
1992 4 2593.0
1992 5 2662.0
1992 6 3403.0
1992 7 2879.0
1992 8 2673.0
1992 9 2596.0
1992 10 2333.0
1992 11 2101.0
1992 12 1889.0
1993 1 1652.0
1993 2 1313.0
1993 3 1657.0
1993 4 2236.0
1993 5 2931.0
1993 6 2793.0
1993 7 2848.0
1993 8 2502.0
1993 9 2814.0
1993 10 2663.0
1993 11 2536.0
1993 12 3705.0
1994 1 898.0
1994 2 973.0
1994 3 2198.0
1994 4 2910.0
1994 5 3088.0
1994 6 3396.0
1994 7 3058.0
1994 8 3601.0
1994 9 2877.0
1994 10 2700.0
1994 11 2134.0
1994 12 2639.0
1995 1 1407.0
1995 2 1052.0
1995 3 2456.0
1995 4 2639.0
1995 5 2772.0
1995 6 2953.0
1995 7 2270.0
1995 8 2572.0
1995 9 2400.0
1995 10 2927.0
1995 11 2737.0
1995 12 1916.0
1996 1 1512.0
1996 2 1379.0
1996 3 2665.0
1996 4 3438.0
1996 5 3745.0
1996 6 3456.0
1996 7 3697.0
1996 8 4145.0
1996 9 2924.0
1996 10 3352.0
1996 11 2446.0
1996 12 2523.0
1997 1 1987.0
1997 2 2123.0
1997 3 2463.0
1997 4 2652.0
1997 5 2812.0
1997 6 3375.0
1997 7 3476.0
1997 8 2791.0
1997 9 3423.0
1997 10 2584.0
1997 11 2649.0
1997 12 2956.0
1998 1 2052.0
1998 2 2026.0
1998 3 2641.0
1998 4 2542.0
1998 5 3034.0
1998 6 4324.0
1998 7 3744.0
1998 8 3594.0
1998 9 3507.0
1998 10 4302.0
1998 11 3195.0
1998 12 2988.0
1999 1 2641.0
1999 2 2211.0
1999 3 3789.0
1999 4 3562.0
1999 5 3450.0
1999 6 4420.0
1999 7 3620.0
1999 8 4178.0
1999 9 3611.0
1999 10 2914.0
1999 11 3505.0
1999 12 3256.0
2000 1 2246.0
2000 2 2690.0
2000 3 3582.0
2000 4 4511.0
2000 5 3822.0
2000 6 4551.0
2000 7 3874.0
2000 8 3901.0
2000 9 4275.0
2000 10 3534.0
2000 11 3961.0
2000 12 2937.0
2001 1 1832.0
2001 2 3877.0
2001 3 3827.0
2001 4 3843.0
2001 5 4103.0
2001 6 3999.0
2001 7 4272.0
2001 8 4367.0
2001 9 3258.0
2001 10 3763.0
2001 11 4061.0
2001 12 3676.0
2002 1 2772.0
2002 2 3453.0
2002 3 3088.0
2002 4 4070.0
2002 5 5429.0
2002 6 4988.0
2002 7 5227.0
2002 8 4181.0
2002 9 4299.0
2002 10 4052.0
2002 11 3630.0
2002 12 4175.0
2003 1 2526.0
2003 2 2732.0
2003 3 3636.0
2003 4 4050.0
2003 5 5122.0
2003 6 4615.0
2003 7 4289.0
2003 8 5590.0
2003 9 4126.0
2003 10 4660.0
2003 11 3684.0
2003 12 4682.0
2004 1 2716.0
2004 2 2898.0
2004 3 3826.0
2004 4 4468.0
2004 5 5508.0
2004 6 6631.0
2004 7 5556.0
2004 8 5125.0
2004 9 4497.0
2004 10 4831.0
2004 11 5506.0
2004 12 4822.0
2005 1 3183.0
2005 2 3356.0
2005 3 4296.0
2005 4 5566.0
2005 5 5500.0
2005 6 7136.0
2005 7 5270.0
2005 8 5093.0
2005 9 6012.0
2005 10 4029.0
2005 11 5280.0
2005 12 4649.0
2006 1 3933.0
2006 2 3680.0
2006 3 5085.0
2006 4 4267.0
2006 5 5094.0
2006 6 5735.0
2006 7 4592.0
2006 8 6134.0
2006 9 4279.0
2006 10 4602.0
2006 11 3096.0
2006 12 4409.0
2007 1 4133.0
2007 2 2741.0
2007 3 5311.0
2007 4 4748.0
2007 5 4720.0
2007 6 6179.0
2007 7 5805.0
2007 8 4242.0
2007 9 4126.0
2007 10 5538.0
2007 11 3748.0
2007 12 4366.0
2008 1 3022.0
2008 2 2259.0
2008 3 2038.0
2008 4 3464.0
2008 5 5775.0
2008 6 20015.0
2008 7 4389.0
2008 8 2387.0
2008 9 3109.0
2008 10 2087.0
2008 11 1493.0
2008 12 1429.0
2009 1 1173.0
2009 2 753.0
2009 3 1140.0
2009 4 1420.0
2009 5 1317.0
2009 6 2372.0
2009 7 1610.0
2009 8 1515.0
2009 9 1447.0
2009 10 1263.0
2009 11 1474.0
2009 12 1533.0
2010 1 848.0
2010 2 1078.0
2010 3 1500.0
2010 4 1666.0
2010 5 1617.0
2010 6 3482.0
2010 7 1753.0
2010 8 1545.0
2010 9 1570.0
2010 10 1575.0
2010 11 1310.0
2010 12 2805.0
2011 1 1454.0
2011 2 1028.0
2011 3 1179.0
2011 4 1495.0
2011 5 2576.0
2011 6 3281.0
2011 7 1469.0
2011 8 1968.0
2011 9 1541.0
2011 10 1616.0
2011 11 1803.0
2011 12 1577.0
2012 1 1478.0
2012 2 1448.0
2012 3 1591.0
2012 4 2406.0
2012 5 2235.0
2012 6 2218.0
2012 7 2394.0
2012 8 2373.0
2012 9 2181.0
2012 10 2395.0
2012 11 1696.0
2012 12 2023.0
2013 1 2188.0
2013 2 1380.0
2013 3 1572.0
2013 4 2593.0
2013 5 2422.0
2013 6 4115.0
2013 7 2847.0
2013 8 4003.0
2013 9 2681.0
2013 10 2854.0
2013 11 2618.0
2013 12 3919.0
2014 1 1222.0
2014 2 2001.0
2014 3 4492.0
2014 4 3226.0
2014 5 3195.0
2014 6 2780.0
2014 7 3683.0
2014 8 2912.0
2014 9 3886.0
2014 10 2217.0
2014 11 2853.0
2014 12 2897.0
2015 1 2353.0
2015 2 1560.0
2015 3 4692.0
2015 4 7351.0
2015 5 15491.0
2015 6 20347.0
2015 7 3800.0
2015 8 2817.0
2015 9 2516.0
2015 10 3091.0
2015 11 3193.0
2015 12 9181.0
2016 1 1079.0
2016 2 1690.0
2016 3 1871.0
2016 4 2039.0
2016 5 2715.0
2016 6 4503.0
2016 7 2941.0
2016 8 3289.0
2016 9 4386.0
2016 10 2642.0
2016 11 2773.0
2016 12 3367.0
2017 1 4548.0
2017 2 1686.0
2017 3 3310.0
2017 4 4168.0
2017 5 2881.0
2017 6 3222.0
2017 7 2990.0
2017 8 3324.0
2017 9 3626.0
2017 10 3116.0
2017 11 2568.0
2017 12 4248.0
2018 1 2382.0
2018 2 2276.0
2018 3 3841.0
2018 4 2300.0
2018 5 4844.0
2018 6 3276.0
2018 7 4095.0
2018 8 2825.0
2018 9 2122.0
2018 10 2748.0
2018 11 3575.0
2018 12 3277.0
2019 1 4036.0
2019 2 2924.0
2019 3 2699.0
2019 4 3752.0
2019 5 2599.0
2019 6 3684.0
2019 7 3694.0
2019 8 3708.0
2019 9 2873.0
2019 10 3976.0
2019 11 5323.0
2019 12 4560.0
2020 1 4991.0
2020 2 2180.0
2020 3 1949.0
2020 4 1077.0
2020 5 2500.0
2020 6 3832.0
2020 7 3775.0
2020 8 3050.0
2020 9 3996.0
2020 10 3375.0
2020 11 3682.0
2020 12 3941.0
2021 1 3951.0
2021 2 2956.0
2021 3 2759.0
2021 4 3008.0
2021 5 3573.0
2021 6 4505.0
2021 7 3007.0
2021 8 4764.0
2021 9 2653.0
2021 10 3122.0
2021 11 4462.0
2021 12 3459.0
2022 1 3085.0
2022 2 2969.0
2022 3 5928.0
2022 4 3674.0
2022 5 3325.0
2022 6 5419.0
2022 7 3702.0
2022 8 4255.0
2022 9 2684.0
2022 10 2304.0
2022 11 2140.0
2022 12 2411.0
2023 1 1258.0
2023 2 1855.0
2023 3 3888.0
2023 4 2011.0
2023 5 2586.0
2023 6 2346.0
2023 7 1912.0
2023 8 2868.0
2023 9 1269.0
2023 10 2060.0
2023 11 1528.0
2023 12 1323.0
2024 1 3302.0
2024 2 6159.0
2024 3 4060.0
2024 4 4076.0
2024 5 2771.0
2024 6 3526.0
2024 7 4144.0
2024 8 3369.0
