1960 5 3362.0
1960 6 3308.0
1960 7 2991.0
1960 8 3388.0
1960 9 3122.0
1960 10 2776.0
1960 11 2680.0
1960 12 1673.0
1961 1 1205.0
1961 2 971.0
1961 3 2659.0
1961 4 3062.0
1961 5 3417.0
1961 6 3722.0
1961 7 2718.0
1961 8 3149.0
1961 9 2964.0
1961 10 3425.0
1961 11 2972.0
1961 12 2058.0
1962 1 1934.0
1962 2 1624.0
1962 3 2921.0
1962 4 3501.0
1962 5 3568.0
1962 6 3324.0
1962 7 3260.0
1962 8 3176.0
1962 9 2922.0
1962 10 3296.0
1962 11 2668.0
1962 12 1956.0
1963 1 1642.0
1963 2 1077.0
1963 3 2343.0
1963 4 3394.0
1963 5 3677.0
1963 6 3247.0
1963 7 3409.0
1963 8 3220.0
1963 9 2908.0
1963 10 3641.0
1963 11 2274.0
1963 12 1844.0
1964 1 1226.0
1964 2 1599.0
1964 3 3063.0
1964 4 3594.0
1964 5 3615.0
1964 6 3382.0
1964 7 3160.0
1964 8 2989.0
1964 9 3088.0
1964 10 3403.0
1964 11 2651.0
1964 12 1909.0
1965 1 1468.0
1965 2 1499.0
1965 3 2913.0
1965 4 3989.0
1965 5 3630.0
1965 6 3564.0
1965 7 3125.0
1965 8 3186.0
1965 9 2824.0
1965 10 3674.0
1965 11 2662.0
1965 12 2067.0
1966 1 1721.0
1966 2 1161.0
1966 3 3512.0
1966 4 3583.0
1966 5 3330.0
1966 6 2858.0
1966 7 2277.0
1966 8 2293.0
1966 9 2042.0
1966 10 2031.0
1966 11 1538.0
1966 12 1336.0
1967 1 1344.0
1967 2 1181.0
1967 3 2004.0
1967 4 2378.0
1967 5 2904.0
1967 6 2888.0
1967 7 2549.0
1967 8 2750.0
1967 9 2269.0
1967 10 2601.0
1967 11 2004.0
1967 12 1685.0
1968 1 1319.0
1968 2 1091.0
1968 3 2279.0
1968 4 2912.0
1968 5 3374.0
1968 6 2723.0
1968 7 3015.0
1968 8 3069.0
1968 9 3065.0
1968 10 3144.0
1968 11 2521.0
1968 12 2036.0
1969 1 1483.0
1969 2 1381.0
1969 3 2397.0
1969 4 3211.0
1969 5 3271.0
1969 6 2759.0
1969 7 2368.0
1969 8 2449.0
1969 9 2299.0
1969 10 2392.0
1969 11 1770.0
1969 12 1758.0
1970 1 667.0
1970 2 871.0
1970 3 1917.0
1970 4 2467.0
1970 5 1985.0
1970 6 2419.0
1970 7 2209.0
1970 8 1956.0
1970 9 2177.0
1970 10 2481.0
1970 11 1882.0
1970 12 1813.0
1971 1 991.0
1971 2 790.0
1971 3 2503.0
1971 4 3262.0
1971 5 3141.0
1971 6 3653.0
1971 7 3077.0
1971 8 2882.0
1971 9 2783.0
1971 10 2619.0
1971 11 2697.0
1971 12 1904.0
1972 1 1554.0
1972 2 1424.0
1972 3 2867.0
1972 4 3140.0
1972 5 3663.0
1972 6 3475.0
1972 7 2988.0
1972 8 3330.0
1972 9 2737.0
1972 10 3482.0
1972 11 2610.0
1972 12 2427.0
1973 1 1951.0
1973 2 1625.0
1973 3 2958.0
1973 4 3320.0
1973 5 3563.0
1973 6 3310.0
1973 7 3157.0
1973 8 3185.0
1973 9 2796.0
1973 10 2529.0
1973 11 1945.0
1973 12 1512.0
1974 1 1280.0
1974 2 1187.0
1974 3 2430.0
1974 4 2575.0
1974 5 2437.0
1974 6 2468.0
1974 7 2616.0
1974 8 2098.0
1974 9 1825.0
1974 10 1807.0
1974 11 1556.0
1974 12 996.0
1975 1 903.0
1975 2 876.0
1975 3 1545.0
1975 4 2042.0
1975 5 2188.0
1975 6 1929.0
1975 7 2114.0
1975 8 1941.0
1975 9 1970.0
1975 10 2302.0
1975 11 1714.0
1975 12 1371.0
1976 1 907.0
1976 2 1109.0
1976 3 2106.0
1976 4 2235.0
1976 5 2307.0
1976 6 2332.0
1976 7 2245.0
1976 8 2322.0
1976 9 2052.0
1976 10 1935.0
1976 11 1762.0
1976 12 1391.0
1977 1 609.0
1977 2 1254.0
1977 3 4249.0
1977 4 2127.0
1977 5 2332.0
1977 6 2683.0
1977 7 2215.0
1977 8 2369.0
1977 9 2160.0
1977 10 1800.0
1977 11 1827.0
1977 12 1211.0
1978 1 745.0
1978 2 666.0
1978 3 1542.0
1978 4 2058.0
1978 5 2350.0
1978 6 2785.0
1978 7 2115.0
1978 8 2206.0
1978 9 2042.0
1978 10 2036.0
1978 11 2261.0
1978 12 2257.0
1979 1 901.0
1979 2 536.0
1979 3 1475.0
1979 4 2047.0
1979 5 2353.0
1979 6 2335.0
1979 7 2373.0
1979 8 2067.0
1979 9 1922.0
1979 10 1718.0
1979 11 1381.0
1979 12 960.0
1980 1 888.0
1980 2 742.0
1980 3 898.0
1980 4 1155.0
1980 5 1226.0
1980 6 1244.0
1980 7 1465.0
1980 8 1407.0
1980 9 1446.0
1980 10 1482.0
1980 11 1005.0
1980 12 839.0
1981 1 538.0
1981 2 605.0
1981 3 1162.0
1981 4 1656.0
1981 5 1469.0
1981 6 1487.0
1981 7 1560.0
1981 8 1299.0
1981 9 1157.0
1981 10 949.0
1981 11 732.0
1981 12 709.0
1982 1 406.0
1982 2 370.0
1982 3 849.0
1982 4 1463.0
1982 5 1361.0
1982 6 1148.0
1982 7 1075.0
1982 8 1149.0
1982 9 1250.0
1982 10 1205.0
1982 11 1156.0
1982 12 810.0
1983 1 674.0
1983 2 582.0
1983 3 1422.0
1983 4 1599.0
1983 5 2065.0
1983 6 2209.0
1983 7 1859.0
1983 8 2229.0
1983 9 1971.0
1983 10 2436.0
1983 11 1608.0
1983 12 1464.0
1984 1 983.0
1984 2 1102.0
1984 3 1741.0
1984 4 2533.0
1984 5 2732.0
1984 6 2559.0
1984 7 2319.0
1984 8 2500.0
1984 9 1920.0
1984 10 2408.0
1984 11 1859.0
1984 12 1796.0
1985 1 1329.0
1985 2 1416.0
1985 3 2570.0
1985 4 3377.0
1985 5 3706.0
1985 6 3366.0
1985 7 3493.0
1985 8 3686.0
1985 9 2965.0
1985 10 3575.0
1985 11 2960.0
1985 12 1947.0
1986 1 1650.0
1986 2 1500.0
1986 3 3031.0
1986 4 4384.0
1986 5 4335.0
1986 6 4129.0
1986 7 4999.0
1986 8 3811.0
1986 9 3780.0
1986 10 3387.0
1986 11 2861.0
1986 12 2936.0
1987 1 1799.0
1987 2 1847.0
1987 3 4083.0
1987 4 4277.0
1987 5 3807.0
1987 6 4549.0
1987 7 4351.0
1987 8 3398.0
1987 9 3778.0
1987 10 3364.0
1987 11 3022.0
1987 12 2583.0
1988 1 1440.0
1988 2 1723.0
1988 3 3721.0
1988 4 3673.0
1988 5 3783.0
1988 6 4236.0
1988 7 3362.0
1988 8 3129.0
1988 9 2768.0
1988 10 3314.0
1988 11 2558.0
1988 12 2128.0
1989 1 1662.0
1989 2 1553.0
1989 3 2604.0
1989 4 3500.0
1989 5 3262.0
1989 6 3529.0
1989 7 2669.0
1989 8 2631.0
1989 9 2340.0
1989 10 2466.0
1989 11 2064.0
1989 12 1510.0
1990 1 1536.0
1990 2 1254.0
1990 3 2037.0
1990 4 2032.0
1990 5 2413.0
1990 6 2316.0
1990 7 1990.0
1990 8 2025.0
1990 9 1736.0
1990 10 2020.0
1990 11 1461.0
1990 12 1141.0
1991 1 756.0
1991 2 815.0
1991 3 1362.0
1991 4 2308.0
1991 5 2570.0
1991 6 2349.0
1991 7 2296.0
1991 8 2247.0
1991 9 1857.0
1991 10 2204.0
1991 11 1599.0
1991 12 1347.0
1992 1 1194.0
1992 2 1180.0
1992 3 1842.0
1992 4 2127.0
1992 5 2217.0
1992 6 2210.0
1992 7 2300.0
1992 8 2210.0
1992 9 2002.0
1992 10 1962.0
1992 11 1780.0
1992 12 1549.0
1993 1 1189.0
1993 2 1001.0
1993 3 1348.0
1993 4 1989.0
1993 5 2444.0
1993 6 2450.0
1993 7 2355.0
1993 8 2123.0
1993 9 2031.0
1993 10 2091.0
1993 11 1736.0
1993 12 1715.0
1994 1 790.0
1994 2 765.0
1994 3 1443.0
1994 4 2102.0
1994 5 2399.0
1994 6 2571.0
1994 7 2604.0
1994 8 2334.0
1994 9 2028.0
1994 10 1884.0
1994 11 1606.0
1994 12 1655.0
1995 1 1104.0
1995 2 831.0
1995 3 1676.0
1995 4 1958.0
1995 5 2115.0
1995 6 2184.0
1995 7 1784.0
1995 8 1993.0
1995 9 1814.0
1995 10 1971.0
1995 11 1484.0
1995 12 1344.0
1996 1 854.0
1996 2 1049.0
1996 3 1521.0
1996 4 2055.0
1996 5 2253.0
1996 6 1982.0
1996 7 2325.0
1996 8 1943.0
1996 9 1880.0
1996 10 1738.0
1996 11 1608.0
1996 12 1207.0
1997 1 1024.0
1997 2 891.0
1997 3 1341.0
1997 4 1862.0
1997 5 2226.0
1997 6 1932.0
1997 7 2080.0
1997 8 1831.0
1997 9 1967.0
1997 10 2020.0
1997 11 1293.0
1997 12 1411.0
1998 1 1190.0
1998 2 1166.0
1998 3 1719.0
1998 4 2101.0
1998 5 2159.0
1998 6 2533.0
1998 7 2011.0
1998 8 1963.0
1998 9 2105.0
1998 10 2107.0
1998 11 1682.0
1998 12 1764.0
1999 1 1315.0
1999 2 1468.0
1999 3 1865.0
1999 4 2428.0
1999 5 2408.0
1999 6 2512.0
1999 7 2524.0
1999 8 2470.0
1999 9 2096.0
1999 10 1978.0
1999 11 1847.0
1999 12 1484.0
2000 1 1285.0
2000 2 1314.0
2000 3 2119.0
2000 4 2223.0
2000 5 2229.0
2000 6 2414.0
2000 7 2144.0
2000 8 2218.0
2000 9 1967.0
2000 10 2253.0
2000 11 1789.0
2000 12 1540.0
2001 1 1222.0
2001 2 1074.0
2001 3 1912.0
2001 4 2216.0
2001 5 2578.0
2001 6 2344.0
2001 7 2204.0
2001 8 2293.0
2001 9 2045.0
2001 10 2360.0
2001 11 1774.0
2001 12 1623.0
2002 1 1573.0
2002 2 1532.0
2002 3 1849.0
2002 4 2500.0
2002 5 2490.0
2002 6 2479.0
2002 7 2385.0
2002 8 2074.0
2002 9 2222.0
2002 10 2281.0
2002 11 1746.0
2002 12 1997.0
2003 1 1346.0
2003 2 1031.0
2003 3 1545.0
2003 4 2123.0
2003 5 2505.0
2003 6 2564.0
2003 7 2401.0
2003 8 2227.0
2003 9 2300.0
2003 10 2490.0
2003 11 1846.0
2003 12 1677.0
2004 1 1240.0
2004 2 1328.0
2004 3 2121.0
2004 4 2394.0
2004 5 2400.0
2004 6 2371.0
2004 7 2320.0
2004 8 2374.0
2004 9 2098.0
2004 10 2028.0
2004 11 1912.0
2004 12 2003.0
2005 1 1181.0
2005 2 1074.0
2005 3 1506.0
2005 4 2188.0
2005 5 2341.0
2005 6 2625.0
2005 7 2433.0
2005 8 2415.0
2005 9 2812.0
2005 10 2106.0
2005 11 1850.0
2005 12 1452.0
2006 1 1267.0
2006 2 1314.0
2006 3 1955.0
2006 4 1994.0
2006 5 2148.0
2006 6 2048.0
2006 7 1917.0
2006 8 1824.0
2006 9 1688.0
2006 10 1760.0
2006 11 1304.0
2006 12 1199.0
2007 1 1093.0
2007 2 762.0
2007 3 2032.0
2007 4 1711.0
2007 5 1857.0
2007 6 1557.0
2007 7 1763.0
2007 8 1624.0
2007 9 1308.0
2007 10 1656.0
2007 11 1066.0
2007 12 814.0
2008 1 796.0
2008 2 734.0
2008 3 864.0
2008 4 1217.0
2008 5 1318.0
2008 6 1378.0
2008 7 1398.0
2008 8 1329.0
2008 9 1146.0
2008 10 1032.0
2008 11 661.0
2008 12 663.0
2009 1 622.0
2009 2 443.0
2009 3 574.0
2009 4 825.0
2009 5 908.0
2009 6 997.0
2009 7 977.0
2009 8 952.0
2009 9 924.0
2009 10 935.0
2009 11 644.0
2009 12 668.0
2010 1 538.0
2010 2 691.0
2010 3 876.0
2010 4 898.0
2010 5 993.0
2010 6 958.0
2010 7 917.0
2010 8 989.0
2010 9 810.0
2010 10 845.0
2010 11 943.0
2010 12 876.0
2011 1 488.0
2011 2 399.0
2011 3 555.0
2011 4 718.0
2011 5 769.0
2011 6 766.0
2011 7 725.0
2011 8 618.0
2011 9 811.0
2011 10 791.0
2011 11 694.0
2011 12 452.0
2012 1 449.0
2012 2 492.0
2012 3 739.0
2012 4 825.0
2012 5 970.0
2012 6 822.0
2012 7 780.0
2012 8 749.0
2012 9 736.0
2012 10 810.0
2012 11 587.0
2012 12 513.0
2013 1 464.0
2013 2 459.0
2013 3 671.0
2013 4 883.0
2013 5 966.0
2013 6 859.0
2013 7 866.0
2013 8 839.0
2013 9 945.0
2013 10 1107.0
2013 11 769.0
2013 12 544.0
2014 1 542.0
2014 2 467.0
2014 3 684.0
2014 4 870.0
2014 5 976.0
2014 6 981.0
2014 7 1014.0
2014 8 753.0
2014 9 980.0
2014 10 878.0
2014 11 746.0
2014 12 676.0
2015 1 504.0
2015 2 366.0
2015 3 710.0
2015 4 954.0
2015 5 996.0
2015 6 1102.0
2015 7 1104.0
2015 8 1014.0
2015 9 1201.0
2015 10 1138.0
2015 11 852.0
2015 12 761.0
2016 1 495.0
2016 2 595.0
2016 3 810.0
2016 4 920.0
2016 5 1192.0
2016 6 1281.0
2016 7 1082.0
2016 8 1089.0
2016 9 1246.0
2016 10 1181.0
2016 11 774.0
2016 12 593.0
2017 1 643.0
2017 2 467.0
2017 3 857.0
2017 4 1035.0
2017 5 1044.0
2017 6 1061.0
2017 7 915.0
2017 8 1068.0
2017 9 1997.0
2017 10 1029.0
2017 11 852.0
2017 12 618.0
2018 1 519.0
2018 2 667.0
2018 3 729.0
2018 4 960.0
2018 5 1177.0
2018 6 1017.0
2018 7 1207.0
2018 8 1002.0
2018 9 961.0
2018 10 1064.0
2018 11 787.0
2018 12 616.0
2019 1 537.0
2019 2 712.0
2019 3 763.0
2019 4 959.0
2019 5 1037.0
2019 6 947.0
2019 7 1021.0
2019 8 810.0
2019 9 838.0
2019 10 777.0
2019 11 657.0
2019 12 575.0
2020 1 605.0
2020 2 577.0
2020 3 666.0
2020 4 413.0
2020 5 720.0
2020 6 1107.0
2020 7 1131.0
2020 8 938.0
2020 9 1332.0
2020 10 1067.0
2020 11 974.0
2020 12 1046.0
2021 1 773.0
2021 2 595.0
2021 3 1101.0
2021 4 1129.0
2021 5 1092.0
2021 6 1165.0
2021 7 787.0
2021 8 1095.0
2021 9 1047.0
2021 10 1201.0
2021 11 750.0
2021 12 827.0
2022 1 667.0
2022 2 862.0
2022 3 872.0
2022 4 970.0
2022 5 1124.0
2022 6 931.0
2022 7 950.0
2022 8 967.0
2022 9 1001.0
2022 10 832.0
2022 11 807.0
2022 12 625.0
2023 1 574.0
2023 2 485.0
2023 3 788.0
2023 4 863.0
2023 5 930.0
2023 6 1023.0
2023 7 734.0
2023 8 913.0
2023 9 778.0
2023 10 854.0
2023 11 760.0
2023 12 570.0
2024 1 718.0
2024 2 666.0
2024 3 806.0
2024 4 985.0
2024 5 1047.0
2024 6 927.0
2024 7 936.0
2024 8 1023.0
