1960 5 2469.0
1960 6 2698.0
1960 7 2182.0
1960 8 2152.0
1960 9 1918.0
1960 10 2291.0
1960 11 1772.0
1960 12 1052.0
1961 1 760.0
1961 2 969.0
1961 3 1960.0
1961 4 2005.0
1961 5 2268.0
1961 6 2256.0
1961 7 2135.0
1961 8 2117.0
1961 9 1988.0
1961 10 1985.0
1961 11 2132.0
1961 12 1517.0
1962 1 1083.0
1962 2 814.0
1962 3 1678.0
1962 4 2672.0
1962 5 2667.0
1962 6 2170.0
1962 7 2325.0
1962 8 1899.0
1962 9 1890.0
1962 10 1991.0
1962 11 1662.0
1962 12 1063.0
1963 1 839.0
1963 2 891.0
1963 3 1934.0
1963 4 2296.0
1963 5 2466.0
1963 6 2011.0
1963 7 2022.0
1963 8 1952.0
1963 9 1792.0
1963 10 2105.0
1963 11 1451.0
1963 12 1072.0
1964 1 619.0
1964 2 854.0
1964 3 2176.0
1964 4 1933.0
1964 5 2126.0
1964 6 2383.0
1964 7 2533.0
1964 8 1608.0
1964 9 1770.0
1964 10 1729.0
1964 11 1474.0
1964 12 1161.0
1965 1 770.0
1965 2 852.0
1965 3 2110.0
1965 4 2138.0
1965 5 2187.0
1965 6 2395.0
1965 7 2071.0
1965 8 1951.0
1965 9 1931.0
1965 10 1981.0
1965 11 1804.0
1965 12 1612.0
1966 1 939.0
1966 2 761.0
1966 3 2206.0
1966 4 2193.0
1966 5 1911.0
1966 6 1930.0
1966 7 1682.0
1966 8 1447.0
1966 9 1150.0
1966 10 1292.0
1966 11 1066.0
1966 12 855.0
1967 1 647.0
1967 2 686.0
1967 3 1271.0
1967 4 1692.0
1967 5 1714.0
1967 6 1961.0
1967 7 1773.0
1967 8 1578.0
1967 9 1377.0
1967 10 1879.0
1967 11 1490.0
1967 12 1029.0
1968 1 599.0
1968 2 1151.0
1968 3 1378.0
1968 4 2097.0
1968 5 2324.0
1968 6 2049.0
1968 7 1827.0
1968 8 2331.0
1968 9 1967.0
1968 10 2208.0
1968 11 1834.0
1968 12 1310.0
1969 1 929.0
1969 2 876.0
1969 3 2219.0
1969 4 2497.0
1969 5 2342.0
1969 6 2076.0
1969 7 2149.0
1969 8 1794.0
1969 9 1735.0
1969 10 2026.0
1969 11 1254.0
1969 12 1354.0
1970 1 509.0
1970 2 810.0
1970 3 1603.0
1970 4 1749.0
1970 5 2028.0
1970 6 1642.0
1970 7 1691.0
1970 8 1881.0
1970 9 1860.0
1970 10 2005.0
1970 11 1830.0
1970 12 1481.0
1971 1 648.0
1971 2 690.0
1971 3 2461.0
1971 4 2555.0
1971 5 2590.0
1971 6 3184.0
1971 7 3189.0
1971 8 2579.0
1971 9 2240.0
1971 10 2541.0
1971 11 2143.0
1971 12 2464.0
1972 1 1510.0
1972 2 1197.0
1972 3 2549.0
1972 4 2673.0
1972 5 2969.0
1972 6 2957.0
1972 7 2629.0
1972 8 3450.0
1972 9 2816.0
1972 10 2858.0
1972 11 2543.0
1972 12 1928.0
1973 1 2064.0
1973 2 1374.0
1973 3 3058.0
1973 4 3020.0
1973 5 2826.0
1973 6 2681.0
1973 7 2634.0
1973 8 2320.0
1973 9 1953.0
1973 10 2211.0
1973 11 1892.0
1973 12 1236.0
1974 1 1146.0
1974 2 1040.0
1974 3 1618.0
1974 4 1747.0
1974 5 1912.0
1974 6 1889.0
1974 7 1661.0
1974 8 1470.0
1974 9 1287.0
1974 10 1385.0
1974 11 950.0
1974 12 721.0
1975 1 649.0
1975 2 632.0
1975 3 1329.0
1975 4 1469.0
1975 5 1851.0
1975 6 1603.0
1975 7 1429.0
1975 8 1339.0
1975 9 1528.0
1975 10 1663.0
1975 11 1386.0
1975 12 1121.0
1976 1 699.0
1976 2 884.0
1976 3 1826.0
1976 4 1907.0
1976 5 1755.0
1976 6 1779.0
1976 7 1784.0
1976 8 1867.0
1976 9 2155.0
1976 10 1779.0
1976 11 2236.0
1976 12 2030.0
1977 1 450.0
1977 2 590.0
1977 3 2303.0
1977 4 2176.0
1977 5 2682.0
1977 6 2803.0
1977 7 2329.0
1977 8 2766.0
1977 9 2423.0
1977 10 2287.0
1977 11 2016.0
1977 12 1793.0
1978 1 1067.0
1978 2 538.0
1978 3 1989.0
1978 4 2370.0
1978 5 2592.0
1978 6 2521.0
1978 7 2612.0
1978 8 2660.0
1978 9 2691.0
1978 10 2542.0
1978 11 2281.0
1978 12 1674.0
1979 1 1113.0
1979 2 1425.0
1979 3 1924.0
1979 4 2207.0
1979 5 2824.0
1979 6 2035.0
1979 7 1961.0
1979 8 2519.0
1979 9 2032.0
1979 10 1759.0
1979 11 1537.0
1979 12 1169.0
1980 1 939.0
1980 2 597.0
1980 3 972.0
1980 4 955.0
1980 5 801.0
1980 6 1226.0
1980 7 1444.0
1980 8 1707.0
1980 9 1688.0
1980 10 2031.0
1980 11 1588.0
1980 12 1580.0
1981 1 624.0
1981 2 514.0
1981 3 975.0
1981 4 1456.0
1981 5 1705.0
1981 6 1328.0
1981 7 1778.0
1981 8 2778.0
1981 9 1090.0
1981 10 2000.0
1981 11 1036.0
1981 12 585.0
1982 1 304.0
1982 2 326.0
1982 3 1296.0
1982 4 1362.0
1982 5 1221.0
1982 6 1357.0
1982 7 1459.0
1982 8 1561.0
1982 9 1600.0
1982 10 2375.0
1982 11 2329.0
1982 12 1401.0
1983 1 922.0
1983 2 669.0
1983 3 1555.0
1983 4 1987.0
1983 5 2549.0
1983 6 3444.0
1983 7 2659.0
1983 8 2971.0
1983 9 2928.0
1983 10 2459.0
1983 11 2233.0
1983 12 2334.0
1984 1 868.0
1984 2 1262.0
1984 3 2115.0
1984 4 2515.0
1984 5 3511.0
1984 6 3793.0
1984 7 2749.0
1984 8 3136.0
1984 9 2941.0
1984 10 3439.0
1984 11 3167.0
1984 12 2141.0
1985 1 1913.0
1985 2 1320.0
1985 3 2584.0
1985 4 3321.0
1985 5 3638.0
1985 6 3331.0
1985 7 3346.0
1985 8 3993.0
1985 9 3172.0
1985 10 4406.0
1985 11 3348.0
1985 12 2973.0
1986 1 2286.0
1986 2 1861.0
1986 3 3429.0
1986 4 5712.0
1986 5 4371.0
1986 6 4826.0
1986 7 4263.0
1986 8 4009.0
1986 9 4099.0
1986 10 4479.0
1986 11 3083.0
1986 12 3724.0
1987 1 2221.0
1987 2 2305.0
1987 3 3479.0
1987 4 3361.0
1987 5 3740.0
1987 6 4212.0
1987 7 4343.0
1987 8 3042.0
1987 9 3333.0
1987 10 3731.0
1987 11 2785.0
1987 12 2872.0
1988 1 1696.0
1988 2 1683.0
1988 3 4397.0
1988 4 3224.0
1988 5 3660.0
1988 6 3513.0
1988 7 3055.0
1988 8 3448.0
1988 9 2894.0
1988 10 2629.0
1988 11 2135.0
1988 12 1653.0
1989 1 1849.0
1989 2 1242.0
1989 3 1607.0
1989 4 2639.0
1989 5 3151.0
1989 6 2710.0
1989 7 1681.0
1989 8 2529.0
1989 9 2473.0
1989 10 1973.0
1989 11 1772.0
1989 12 2434.0
1990 1 1780.0
1990 2 887.0
1990 3 2007.0
1990 4 1308.0
1990 5 1473.0
1990 6 1198.0
1990 7 1166.0
1990 8 1007.0
1990 9 808.0
1990 10 947.0
1990 11 913.0
1990 12 785.0
1991 1 685.0
1991 2 555.0
1991 3 782.0
1991 4 1261.0
1991 5 1247.0
1991 6 1325.0
1991 7 1107.0
1991 8 1564.0
1991 9 1164.0
1991 10 1601.0
1991 11 1187.0
1991 12 1075.0
1992 1 1000.0
1992 2 906.0
1992 3 1337.0
1992 4 1311.0
1992 5 1156.0
1992 6 1067.0
1992 7 1094.0
1992 8 982.0
1992 9 1169.0
1992 10 1008.0
1992 11 1000.0
1992 12 960.0
1993 1 440.0
1993 2 871.0
1993 3 1071.0
1993 4 1284.0
1993 5 1233.0
1993 6 1472.0
1993 7 1404.0
1993 8 1268.0
1993 9 2000.0
1993 10 2378.0
1993 11 1812.0
1993 12 1473.0
1994 1 953.0
1994 2 973.0
1994 3 1970.0
1994 4 1947.0
1994 5 2111.0
1994 6 2546.0
1994 7 2377.0
1994 8 2054.0
1994 9 1660.0
1994 10 1914.0
1994 11 2062.0
1994 12 1873.0
1995 1 978.0
1995 2 877.0
1995 3 1453.0
1995 4 1413.0
1995 5 1676.0
1995 6 1685.0
1995 7 1443.0
1995 8 1721.0
1995 9 1507.0
1995 10 1728.0
1995 11 1171.0
1995 12 1311.0
1996 1 898.0
1996 2 1014.0
1996 3 1525.0
1996 4 1618.0
1996 5 1835.0
1996 6 1618.0
1996 7 1884.0
1996 8 1817.0
1996 9 1713.0
1996 10 1920.0
1996 11 1768.0
1996 12 1612.0
1997 1 1242.0
1997 2 1151.0
1997 3 1713.0
1997 4 1855.0
1997 5 1815.0
1997 6 1977.0
1997 7 1883.0
1997 8 1693.0
1997 9 1738.0
1997 10 1937.0
1997 11 1716.0
1997 12 1674.0
1998 1 1482.0
1998 2 1437.0
1998 3 1844.0
1998 4 2049.0
1998 5 1880.0
1998 6 2550.0
1998 7 2315.0
1998 8 2053.0
1998 9 1894.0
1998 10 2339.0
1998 11 1834.0
1998 12 2037.0
1999 1 1484.0
1999 2 1629.0
1999 3 1959.0
1999 4 2140.0
1999 5 2282.0
1999 6 2375.0
1999 7 2292.0
1999 8 2540.0
1999 9 1969.0
1999 10 1987.0
1999 11 1847.0
1999 12 1969.0
2000 1 1416.0
2000 2 1387.0
2000 3 1998.0
2000 4 1699.0
2000 5 2389.0
2000 6 1982.0
2000 7 1837.0
2000 8 1783.0
2000 9 1848.0
2000 10 2105.0
2000 11 1864.0
2000 12 1540.0
2001 1 1410.0
2001 2 1222.0
2001 3 1633.0
2001 4 1471.0
2001 5 1788.0
2001 6 1823.0
2001 7 1938.0
2001 8 1954.0
2001 9 1574.0
2001 10 1840.0
2001 11 1769.0
2001 12 1530.0
2002 1 1490.0
2002 2 1513.0
2002 3 1530.0
2002 4 1895.0
2002 5 2102.0
2002 6 1907.0
2002 7 2124.0
2002 8 1738.0
2002 9 1923.0
2002 10 2005.0
2002 11 1502.0
2002 12 1530.0
2003 1 1479.0
2003 2 1050.0
2003 3 1627.0
2003 4 1698.0
2003 5 1814.0
2003 6 1939.0
2003 7 1833.0
2003 8 1981.0
2003 9 1895.0
2003 10 2105.0
2003 11 1735.0
2003 12 1515.0
2004 1 1320.0
2004 2 1269.0
2004 3 1861.0
2004 4 2048.0
2004 5 2005.0
2004 6 2108.0
2004 7 1855.0
2004 8 2089.0
2004 9 1920.0
2004 10 1747.0
2004 11 1717.0
2004 12 1709.0
2005 1 1375.0
2005 2 1254.0
2005 3 1889.0
2005 4 1805.0
2005 5 1729.0
2005 6 1932.0
2005 7 1932.0
2005 8 1866.0
2005 9 1863.0
2005 10 1776.0
2005 11 1649.0
2005 12 1535.0
2006 1 1426.0
2006 2 1223.0
2006 3 1834.0
2006 4 1424.0
2006 5 1670.0
2006 6 1674.0
2006 7 1584.0
2006 8 1455.0
2006 9 1280.0
2006 10 1289.0
2006 11 1177.0
2006 12 1060.0
2007 1 992.0
2007 2 882.0
2007 3 1157.0
2007 4 1117.0
2007 5 1239.0
2007 6 1272.0
2007 7 1140.0
2007 8 1374.0
2007 9 868.0
2007 10 961.0
2007 11 849.0
2007 12 706.0
2008 1 794.0
2008 2 649.0
2008 3 808.0
2008 4 1008.0
2008 5 788.0
2008 6 766.0
2008 7 817.0
2008 8 751.0
2008 9 740.0
2008 10 740.0
2008 11 492.0
2008 12 562.0
2009 1 432.0
2009 2 370.0
2009 3 502.0
2009 4 588.0
2009 5 645.0
2009 6 690.0
2009 7 613.0
2009 8 608.0
2009 9 719.0
2009 10 726.0
2009 11 619.0
2009 12 639.0
2010 1 532.0
2010 2 520.0
2010 3 720.0
2010 4 713.0
2010 5 619.0
2010 6 692.0
2010 7 725.0
2010 8 585.0
2010 9 647.0
2010 10 599.0
2010 11 575.0
2010 12 579.0
2011 1 489.0
2011 2 359.0
2011 3 669.0
2011 4 474.0
2011 5 509.0
2011 6 618.0
2011 7 489.0
2011 8 547.0
2011 9 504.0
2011 10 544.0
2011 11 594.0
2011 12 480.0
2012 1 408.0
2012 2 466.0
2012 3 594.0
2012 4 692.0
2012 5 672.0
2012 6 675.0
2012 7 647.0
2012 8 618.0
2012 9 563.0
2012 10 796.0
2012 11 546.0
2012 12 627.0
2013 1 622.0
2013 2 507.0
2013 3 651.0
2013 4 932.0
2013 5 976.0
2013 6 897.0
2013 7 981.0
2013 8 880.0
2013 9 883.0
2013 10 1070.0
2013 11 872.0
2013 12 828.0
2014 1 705.0
2014 2 639.0
2014 3 841.0
2014 4 900.0
2014 5 1001.0
2014 6 917.0
2014 7 956.0
2014 8 827.0
2014 9 1064.0
2014 10 978.0
2014 11 816.0
2014 12 819.0
2015 1 742.0
2015 2 556.0
2015 3 837.0
2015 4 841.0
2015 5 788.0
2015 6 1016.0
2015 7 917.0
2015 8 892.0
2015 9 868.0
2015 10 811.0
2015 11 840.0
2015 12 903.0
2016 1 694.0
2016 2 668.0
2016 3 1005.0
2016 4 941.0
2016 5 776.0
2016 6 834.0
2016 7 776.0
2016 8 728.0
2016 9 747.0
2016 10 839.0
2016 11 856.0
2016 12 783.0
2017 1 838.0
2017 2 708.0
2017 3 729.0
2017 4 712.0
2017 5 770.0
2017 6 907.0
2017 7 839.0
2017 8 991.0
2017 9 880.0
2017 10 876.0
2017 11 794.0
2017 12 687.0
2018 1 699.0
2018 2 587.0
2018 3 776.0
2018 4 787.0
2018 5 889.0
2018 6 987.0
2018 7 848.0
2018 8 842.0
2018 9 940.0
2018 10 1114.0
2018 11 885.0
2018 12 651.0
2019 1 738.0
2019 2 693.0
2019 3 776.0
2019 4 788.0
2019 5 944.0
2019 6 1123.0
2019 7 1179.0
2019 8 1484.0
2019 9 802.0
2019 10 1070.0
2019 11 1502.0
2019 12 745.0
2020 1 1059.0
2020 2 1050.0
2020 3 1118.0
2020 4 583.0
2020 5 710.0
2020 6 1068.0
2020 7 947.0
2020 8 1043.0
2020 9 1137.0
2020 10 1273.0
2020 11 984.0
2020 12 1084.0
2021 1 1227.0
2021 2 1011.0
2021 3 1307.0
2021 4 1370.0
2021 5 1215.0
2021 6 1238.0
2021 7 1034.0
2021 8 1322.0
2021 9 1109.0
2021 10 1269.0
2021 11 1144.0
2021 12 1294.0
2022 1 1155.0
2022 2 1172.0
2022 3 1213.0
2022 4 1147.0
2022 5 1251.0
2022 6 1129.0
2022 7 1343.0
2022 8 1150.0
2022 9 1169.0
2022 10 980.0
2022 11 851.0
2022 12 1086.0
2023 1 1121.0
2023 2 1078.0
2023 3 1302.0
2023 4 965.0
2023 5 1173.0
2023 6 1290.0
2023 7 987.0
2023 8 1068.0
2023 9 1104.0
2023 10 1192.0
2023 11 1031.0
2023 12 837.0
2024 1 1208.0
2024 2 1278.0
2024 3 991.0
2024 4 1413.0
2024 5 1316.0
2024 6 1380.0
2024 7 1370.0
2024 8 1514.0
