1960 5 115.0
1960 6 154.0
1960 7 147.0
1960 8 184.0
1960 9 143.0
1960 10 250.0
1960 11 129.0
1960 12 95.0
1961 1 52.0
1961 2 30.0
1961 3 74.0
1961 4 157.0
1961 5 163.0
1961 6 168.0
1961 7 111.0
1961 8 267.0
1961 9 634.0
1961 10 185.0
1961 11 138.0
1961 12 103.0
1962 1 57.0
1962 2 55.0
1962 3 79.0
1962 4 166.0
1962 5 175.0
1962 6 137.0
1962 7 141.0
1962 8 173.0
1962 9 113.0
1962 10 155.0
1962 11 142.0
1962 12 88.0
1963 1 47.0
1963 2 50.0
1963 3 136.0
1963 4 193.0
1963 5 173.0
1963 6 136.0
1963 7 136.0
1963 8 152.0
1963 9 154.0
1963 10 108.0
1963 11 113.0
1963 12 122.0
1964 1 47.0
1964 2 37.0
1964 3 155.0
1964 4 176.0
1964 5 200.0
1964 6 141.0
1964 7 131.0
1964 8 203.0
1964 9 117.0
1964 10 181.0
1964 11 160.0
1964 12 110.0
1965 1 74.0
1965 2 40.0
1965 3 145.0
1965 4 210.0
1965 5 218.0
1965 6 168.0
1965 7 135.0
1965 8 203.0
1965 9 155.0
1965 10 155.0
1965 11 173.0
1965 12 125.0
1966 1 74.0
1966 2 57.0
1966 3 120.0
1966 4 238.0
1966 5 201.0
1966 6 132.0
1966 7 151.0
1966 8 137.0
1966 9 147.0
1966 10 120.0
1966 11 177.0
1966 12 112.0
1967 1 66.0
1967 2 64.0
1967 3 139.0
1967 4 197.0
1967 5 275.0
1967 6 167.0
1967 7 224.0
1967 8 154.0
1967 9 244.0
1967 10 140.0
1967 11 188.0
1967 12 88.0
1968 1 77.0
1968 2 98.0
1968 3 126.0
1968 4 210.0
1968 5 434.0
1968 6 411.0
1968 7 432.0
1968 8 383.0
1968 9 453.0
1968 10 421.0
1968 11 276.0
1968 12 240.0
1969 1 137.0
1969 2 394.0
1969 3 177.0
1969 4 538.0
1969 5 483.0
1969 6 364.0
1969 7 306.0
1969 8 275.0
1969 9 307.0
1969 10 489.0
1969 11 280.0
1969 12 270.0
1970 1 143.0
1970 2 102.0
1970 3 450.0
1970 4 473.0
1970 5 307.0
1970 6 346.0
1970 7 553.0
1970 8 472.0
1970 9 667.0
1970 10 607.0
1970 11 416.0
1970 12 393.0
1971 1 312.0
1971 2 101.0
1971 3 491.0
1971 4 521.0
1971 5 1058.0
1971 6 599.0
1971 7 764.0
1971 8 609.0
1971 9 551.0
1971 10 709.0
1971 11 659.0
1971 12 170.0
1972 1 261.0
1972 2 970.0
1972 3 511.0
1972 4 539.0
1972 5 684.0
1972 6 945.0
1972 7 1148.0
1972 8 526.0
1972 9 632.0
1972 10 675.0
1972 11 477.0
1972 12 256.0
1973 1 370.0
1973 2 430.0
1973 3 492.0
1973 4 890.0
1973 5 371.0
1973 6 858.0
1973 7 800.0
1973 8 847.0
1973 9 415.0
1973 10 372.0
1973 11 445.0
1973 12 308.0
1974 1 306.0
1974 2 1294.0
1974 3 569.0
1974 4 520.0
1974 5 384.0
1974 6 396.0
1974 7 504.0
1974 8 543.0
1974 9 243.0
1974 10 249.0
1974 11 177.0
1974 12 520.0
1975 1 114.0
1975 2 132.0
1975 3 205.0
1975 4 330.0
1975 5 292.0
1975 6 386.0
1975 7 438.0
1975 8 283.0
1975 9 273.0
1975 10 345.0
1975 11 246.0
1975 12 185.0
1976 1 147.0
1976 2 193.0
1976 3 419.0
1976 4 492.0
1976 5 437.0
1976 6 412.0
1976 7 344.0
1976 8 390.0
1976 9 479.0
1976 10 583.0
1976 11 378.0
1976 12 408.0
1977 1 141.0
1977 2 158.0
1977 3 381.0
1977 4 638.0
1977 5 592.0
1977 6 746.0
1977 7 494.0
1977 8 716.0
1977 9 585.0
1977 10 910.0
1977 11 398.0
1977 12 721.0
1978 1 257.0
1978 2 299.0
1978 3 549.0
1978 4 624.0
1978 5 527.0
1978 6 884.0
1978 7 1126.0
1978 8 610.0
1978 9 824.0
1978 10 550.0
1978 11 559.0
1978 12 275.0
1979 1 448.0
1979 2 200.0
1979 3 406.0
1979 4 779.0
1979 5 697.0
1979 6 859.0
1979 7 631.0
1979 8 526.0
1979 9 943.0
1979 10 651.0
1979 11 349.0
1979 12 290.0
1980 1 149.0
1980 2 164.0
1980 3 328.0
1980 4 470.0
1980 5 356.0
1980 6 449.0
1980 7 424.0
1980 8 803.0
1980 9 686.0
1980 10 657.0
1980 11 337.0
1980 12 373.0
1981 1 135.0
1981 2 194.0
1981 3 460.0
1981 4 607.0
1981 5 518.0
1981 6 433.0
1981 7 394.0
1981 8 307.0
1981 9 359.0
1981 10 420.0
1981 11 271.0
1981 12 138.0
1982 1 153.0
1982 2 119.0
1982 3 255.0
1982 4 434.0
1982 5 440.0
1982 6 310.0
1982 7 295.0
1982 8 409.0
1982 9 444.0
1982 10 444.0
1982 11 501.0
1982 12 348.0
1983 1 151.0
1983 2 232.0
1983 3 433.0
1983 4 775.0
1983 5 966.0
1983 6 906.0
1983 7 575.0
1983 8 692.0
1983 9 819.0
1983 10 615.0
1983 11 524.0
1983 12 510.0
1984 1 265.0
1984 2 539.0
1984 3 827.0
1984 4 909.0
1984 5 927.0
1984 6 803.0
1984 7 716.0
1984 8 1096.0
1984 9 771.0
1984 10 1103.0
1984 11 678.0
1984 12 757.0
1985 1 850.0
1985 2 689.0
1985 3 1216.0
1985 4 1946.0
1985 5 1958.0
1985 6 1399.0
1985 7 1258.0
1985 8 1394.0
1985 9 1389.0
1985 10 1393.0
1985 11 1142.0
1985 12 1172.0
1986 1 973.0
1986 2 1084.0
1986 3 1165.0
1986 4 1754.0
1986 5 1946.0
1986 6 1693.0
1986 7 1512.0
1986 8 1398.0
1986 9 1687.0
1986 10 1711.0
1986 11 1053.0
1986 12 1149.0
1987 1 529.0
1987 2 810.0
1987 3 1176.0
1987 4 1522.0
1987 5 1485.0
1987 6 1493.0
1987 7 1215.0
1987 8 1409.0
1987 9 1313.0
1987 10 1165.0
1987 11 1064.0
1987 12 825.0
1988 1 948.0
1988 2 987.0
1988 3 1398.0
1988 4 1378.0
1988 5 1092.0
1988 6 1091.0
1988 7 988.0
1988 8 898.0
1988 9 698.0
1988 10 781.0
1988 11 869.0
1988 12 461.0
1989 1 372.0
1989 2 350.0
1989 3 580.0
1989 4 774.0
1989 5 711.0
1989 6 609.0
1989 7 466.0
1989 8 976.0
1989 9 581.0
1989 10 540.0
1989 11 345.0
1989 12 396.0
1990 1 227.0
1990 2 291.0
1990 3 338.0
1990 4 347.0
1990 5 450.0
1990 6 446.0
1990 7 312.0
1990 8 373.0
1990 9 317.0
1990 10 535.0
1990 11 217.0
1990 12 171.0
1991 1 144.0
1991 2 131.0
1991 3 186.0
1991 4 314.0
1991 5 322.0
1991 6 325.0
1991 7 273.0
1991 8 265.0
1991 9 258.0
1991 10 309.0
1991 11 208.0
1991 12 169.0
1992 1 147.0
1992 2 204.0
1992 3 273.0
1992 4 302.0
1992 5 316.0
1992 6 484.0
1992 7 361.0
1992 8 400.0
1992 9 364.0
1992 10 289.0
1992 11 303.0
1992 12 236.0
1993 1 229.0
1993 2 157.0
1993 3 287.0
1993 4 288.0
1993 5 486.0
1993 6 332.0
1993 7 423.0
1993 8 356.0
1993 9 308.0
1993 10 349.0
1993 11 280.0
1993 12 272.0
1994 1 216.0
1994 2 169.0
1994 3 308.0
1994 4 458.0
1994 5 452.0
1994 6 522.0
1994 7 405.0
1994 8 538.0
1994 9 456.0
1994 10 390.0
1994 11 360.0
1994 12 283.0
1995 1 227.0
1995 2 160.0
1995 3 320.0
1995 4 403.0
1995 5 457.0
1995 6 389.0
1995 7 377.0
1995 8 443.0
1995 9 390.0
1995 10 374.0
1995 11 309.0
1995 12 253.0
1996 1 140.0
1996 2 189.0
1996 3 318.0
1996 4 399.0
1996 5 546.0
1996 6 477.0
1996 7 443.0
1996 8 536.0
1996 9 415.0
1996 10 685.0
1996 11 334.0
1996 12 293.0
1997 1 243.0
1997 2 240.0
1997 3 364.0
1997 4 532.0
1997 5 450.0
1997 6 552.0
1997 7 517.0
1997 8 461.0
1997 9 527.0
1997 10 438.0
1997 11 475.0
1997 12 332.0
1998 1 260.0
1998 2 255.0
1998 3 464.0
1998 4 591.0
1998 5 501.0
1998 6 601.0
1998 7 606.0
1998 8 479.0
1998 9 559.0
1998 10 550.0
1998 11 445.0
1998 12 440.0
1999 1 288.0
1999 2 312.0
1999 3 519.0
1999 4 660.0
1999 5 567.0
1999 6 553.0
1999 7 585.0
1999 8 598.0
1999 9 477.0
1999 10 458.0
1999 11 440.0
1999 12 413.0
2000 1 292.0
2000 2 290.0
2000 3 501.0
2000 4 528.0
2000 5 777.0
2000 6 605.0
2000 7 574.0
2000 8 655.0
2000 9 636.0
2000 10 655.0
2000 11 443.0
2000 12 434.0
2001 1 306.0
2001 2 379.0
2001 3 427.0
2001 4 573.0
2001 5 675.0
2001 6 611.0
2001 7 588.0
2001 8 614.0
2001 9 486.0
2001 10 629.0
2001 11 533.0
2001 12 330.0
2002 1 450.0
2002 2 592.0
2002 3 513.0
2002 4 716.0
2002 5 750.0
2002 6 607.0
2002 7 1056.0
2002 8 694.0
2002 9 734.0
2002 10 741.0
2002 11 478.0
2002 12 591.0
2003 1 470.0
2003 2 306.0
2003 3 533.0
2003 4 765.0
2003 5 799.0
2003 6 840.0
2003 7 780.0
2003 8 781.0
2003 9 605.0
2003 10 841.0
2003 11 468.0
2003 12 584.0
2004 1 511.0
2004 2 554.0
2004 3 656.0
2004 4 836.0
2004 5 1044.0
2004 6 826.0
2004 7 776.0
2004 8 676.0
2004 9 848.0
2004 10 780.0
2004 11 606.0
2004 12 494.0
2005 1 497.0
2005 2 359.0
2005 3 608.0
2005 4 677.0
2005 5 882.0
2005 6 740.0
2005 7 626.0
2005 8 788.0
2005 9 756.0
2005 10 786.0
2005 11 493.0
2005 12 462.0
2006 1 343.0
2006 2 366.0
2006 3 584.0
2006 4 542.0
2006 5 623.0
2006 6 661.0
2006 7 454.0
2006 8 486.0
2006 9 546.0
2006 10 614.0
2006 11 305.0
2006 12 331.0
2007 1 405.0
2007 2 219.0
2007 3 350.0
2007 4 369.0
2007 5 477.0
2007 6 425.0
2007 7 490.0
2007 8 369.0
2007 9 388.0
2007 10 415.0
2007 11 240.0
2007 12 215.0
2008 1 346.0
2008 2 180.0
2008 3 225.0
2008 4 348.0
2008 5 269.0
2008 6 391.0
2008 7 325.0
2008 8 210.0
2008 9 350.0
2008 10 244.0
2008 11 123.0
2008 12 206.0
2009 1 73.0
2009 2 78.0
2009 3 110.0
2009 4 168.0
2009 5 280.0
2009 6 192.0
2009 7 188.0
2009 8 229.0
2009 9 205.0
2009 10 243.0
2009 11 124.0
2009 12 184.0
2010 1 202.0
2010 2 369.0
2010 3 170.0
2010 4 226.0
2010 5 226.0
2010 6 350.0
2010 7 179.0
2010 8 222.0
2010 9 195.0
2010 10 218.0
2010 11 209.0
2010 12 208.0
2011 1 103.0
2011 2 305.0
2011 3 184.0
2011 4 139.0
2011 5 247.0
2011 6 165.0
2011 7 187.0
2011 8 183.0
2011 9 309.0
2011 10 149.0
2011 11 151.0
2011 12 136.0
2012 1 124.0
2012 2 90.0
2012 3 154.0
2012 4 203.0
2012 5 289.0
2012 6 231.0
2012 7 235.0
2012 8 383.0
2012 9 190.0
2012 10 226.0
2012 11 200.0
2012 12 198.0
2013 1 153.0
2013 2 135.0
2013 3 188.0
2013 4 205.0
2013 5 281.0
2013 6 392.0
2013 7 316.0
2013 8 208.0
2013 9 243.0
2013 10 267.0
2013 11 180.0
2013 12 144.0
2014 1 109.0
2014 2 128.0
2014 3 157.0
2014 4 274.0
2014 5 241.0
2014 6 411.0
2014 7 620.0
2014 8 417.0
2014 9 275.0
2014 10 363.0
2014 11 197.0
2014 12 160.0
2015 1 134.0
2015 2 124.0
2015 3 201.0
2015 4 279.0
2015 5 306.0
2015 6 341.0
2015 7 290.0
2015 8 400.0
2015 9 323.0
2015 10 264.0
2015 11 208.0
2015 12 243.0
2016 1 166.0
2016 2 115.0
2016 3 252.0
2016 4 339.0
2016 5 370.0
2016 6 364.0
2016 7 259.0
2016 8 314.0
2016 9 334.0
2016 10 391.0
2016 11 381.0
2016 12 387.0
2017 1 172.0
2017 2 236.0
2017 3 239.0
2017 4 311.0
2017 5 296.0
2017 6 263.0
2017 7 352.0
2017 8 302.0
2017 9 376.0
2017 10 280.0
2017 11 224.0
2017 12 150.0
2018 1 332.0
2018 2 314.0
2018 3 247.0
2018 4 226.0
2018 5 377.0
2018 6 476.0
2018 7 321.0
2018 8 328.0
2018 9 253.0
2018 10 447.0
2018 11 232.0
2018 12 185.0
2019 1 338.0
2019 2 161.0
2019 3 264.0
2019 4 280.0
2019 5 251.0
2019 6 329.0
2019 7 353.0
2019 8 710.0
2019 9 252.0
2019 10 252.0
2019 11 304.0
2019 12 202.0
2020 1 231.0
2020 2 277.0
2020 3 290.0
2020 4 231.0
2020 5 242.0
2020 6 391.0
2020 7 343.0
2020 8 346.0
2020 9 394.0
2020 10 319.0
2020 11 448.0
2020 12 342.0
2021 1 216.0
2021 2 260.0
2021 3 456.0
2021 4 419.0
2021 5 571.0
2021 6 468.0
2021 7 426.0
2021 8 425.0
2021 9 342.0
2021 10 282.0
2021 11 288.0
2021 12 249.0
2022 1 231.0
2022 2 296.0
2022 3 358.0
2022 4 373.0
2022 5 369.0
2022 6 418.0
2022 7 378.0
2022 8 498.0
2022 9 397.0
2022 10 311.0
2022 11 319.0
2022 12 292.0
2023 1 269.0
2023 2 222.0
2023 3 258.0
2023 4 397.0
2023 5 472.0
2023 6 525.0
2023 7 306.0
2023 8 491.0
2023 9 328.0
2023 10 410.0
2023 11 309.0
2023 12 215.0
2024 1 249.0
2024 2 286.0
2024 3 431.0
2024 4 386.0
2024 5 462.0
2024 6 407.0
2024 7 536.0
2024 8 546.0
