1960 5 26.0
1960 6 48.0
1960 7 31.0
1960 8 29.0
1960 9 70.0
1960 10 61.0
1960 11 29.0
1960 12 43.0
1961 1 10.0
1961 2 36.0
1961 3 8.0
1961 4 40.0
1961 5 14.0
1961 6 21.0
1961 7 11.0
1961 8 39.0
1961 9 32.0
1961 10 107.0
1961 11 155.0
1961 12 13.0
1962 1 22.0
1962 2 95.0
1962 3 22.0
1962 4 80.0
1962 5 83.0
1962 6 58.0
1962 7 51.0
1962 8 168.0
1962 9 69.0
1962 10 234.0
1962 11 144.0
1962 12 197.0
1963 1 154.0
1963 2 75.0
1963 3 360.0
1963 4 141.0
1963 5 358.0
1963 6 114.0
1963 7 207.0
1963 8 209.0
1963 9 293.0
1963 10 125.0
1963 11 48.0
1963 12 189.0
1964 1 83.0
1964 2 102.0
1964 3 237.0
1964 4 81.0
1964 5 150.0
1964 6 214.0
1964 7 386.0
1964 8 108.0
1964 9 126.0
1964 10 162.0
1964 11 6.0
1964 12 188.0
1965 1 82.0
1965 2 78.0
1965 3 240.0
1965 4 57.0
1965 5 115.0
1965 6 60.0
1965 7 45.0
1965 8 7.0
1965 9 167.0
1965 10 80.0
1965 11 67.0
1965 12 35.0
1966 1 43.0
1966 2 71.0
1966 3 100.0
1966 4 60.0
1966 5 8.0
1966 6 6.0
1966 7 36.0
1966 8 81.0
1966 9 54.0
1966 10 4.0
1966 11 8.0
1966 12 74.0
1967 1 59.0
1967 2 182.0
1967 3 88.0
1967 4 9.0
1967 5 16.0
1967 6 9.0
1967 7 81.0
1967 8 69.0
1967 9 106.0
1967 10 158.0
1967 11 18.0
1967 12 84.0
1968 1 72.0
1968 2 103.0
1968 3 242.0
1968 4 151.0
1968 5 108.0
1968 6 108.0
1968 7 237.0
1968 8 160.0
1968 9 26.0
1968 10 32.0
1968 11 8.0
1968 12 196.0
1969 1 141.0
1969 2 119.0
1969 3 46.0
1969 4 58.0
1969 5 12.0
1969 6 108.0
1969 7 204.0
1969 8 4.0
1969 9 24.0
1969 10 87.0
1969 11 18.0
1969 12 140.0
1970 1 11.0
1970 2 24.0
1970 3 244.0
1970 4 451.0
1970 5 56.0
1970 6 402.0
1970 7 280.0
1970 8 33.0
1970 9 127.0
1970 10 50.0
1970 11 14.0
1970 12 489.0
1971 1 238.0
1971 2 119.0
1971 3 110.0
1971 4 347.0
1971 5 188.0
1971 6 300.0
1971 7 1035.0
1971 8 296.0
1971 9 295.0
1971 10 703.0
1971 11 1075.0
1971 12 916.0
1972 1 1114.0
1972 2 276.0
1972 3 206.0
1972 4 915.0
1972 5 77.0
1972 6 1079.0
1972 7 331.0
1972 8 322.0
1972 9 928.0
1972 10 574.0
1972 11 272.0
1972 12 937.0
1973 1 113.0
1973 2 423.0
1973 3 182.0
1973 4 625.0
1973 5 634.0
1973 6 680.0
1973 7 136.0
1973 8 329.0
1973 9 286.0
1973 10 407.0
1973 11 239.0
1973 12 185.0
1974 1 310.0
1974 2 205.0
1974 3 113.0
1974 4 172.0
1974 5 308.0
1974 6 215.0
1974 7 145.0
1974 8 29.0
1974 9 22.0
1974 10 16.0
1974 11 106.0
1974 12 154.0
1975 1 48.0
1975 2 26.0
1975 3 58.0
1975 4 90.0
1975 5 137.0
1975 6 44.0
1975 7 62.0
1975 8 98.0
1975 9 173.0
1975 10 504.0
1975 11 87.0
1975 12 86.0
1976 1 452.0
1976 2 188.0
1976 3 279.0
1976 4 35.0
1976 5 91.0
1976 6 216.0
1976 7 154.0
1976 8 118.0
1976 9 113.0
1976 10 158.0
1976 11 398.0
1976 12 295.0
1977 1 230.0
1977 2 89.0
1977 3 805.0
1977 4 305.0
1977 5 497.0
1977 6 841.0
1977 7 392.0
1977 8 486.0
1977 9 249.0
1977 10 197.0
1977 11 601.0
1977 12 320.0
1978 1 176.0
1978 2 116.0
1978 3 456.0
1978 4 294.0
1978 5 538.0
1978 6 399.0
1978 7 336.0
1978 8 392.0
1978 9 492.0
1978 10 196.0
1978 11 191.0
1978 12 163.0
1979 1 188.0
1979 2 187.0
1979 3 194.0
1979 4 168.0
1979 5 354.0
1979 6 618.0
1979 7 561.0
1979 8 477.0
1979 9 486.0
1979 10 208.0
1979 11 332.0
1979 12 57.0
1980 1 286.0
1980 2 46.0
1980 3 90.0
1980 4 212.0
1980 5 144.0
1980 6 186.0
1980 7 676.0
1980 8 78.0
1980 9 283.0
1980 10 171.0
1980 11 110.0
1980 12 148.0
1981 1 149.0
1981 2 138.0
1981 3 206.0
1981 4 377.0
1981 5 78.0
1981 6 127.0
1981 7 200.0
1981 8 151.0
1981 9 280.0
1981 10 120.0
1981 11 179.0
1981 12 70.0
1982 1 120.0
1982 2 90.0
1982 3 194.0
1982 4 338.0
1982 5 385.0
1982 6 160.0
1982 7 119.0
1982 8 330.0
1982 9 433.0
1982 10 57.0
1982 11 124.0
1982 12 270.0
1983 1 138.0
1983 2 135.0
1983 3 184.0
1983 4 154.0
1983 5 266.0
1983 6 89.0
1983 7 165.0
1983 8 202.0
1983 9 281.0
1983 10 592.0
1983 11 141.0
1983 12 128.0
1984 1 629.0
1984 2 730.0
1984 3 790.0
1984 4 858.0
1984 5 985.0
1984 6 680.0
1984 7 555.0
1984 8 1000.0
1984 9 631.0
1984 10 998.0
1984 11 430.0
1984 12 488.0
1985 1 578.0
1985 2 119.0
1985 3 421.0
1985 4 928.0
1985 5 539.0
1985 6 477.0
1985 7 544.0
1985 8 85.0
1985 9 251.0
1985 10 190.0
1985 11 691.0
1985 12 336.0
1986 1 683.0
1986 2 698.0
1986 3 93.0
1986 4 295.0
1986 5 444.0
1986 6 654.0
1986 7 51.0
1986 8 306.0
1986 9 103.0
1986 10 192.0
1986 11 9.0
1986 12 58.0
1987 1 325.0
1987 2 89.0
1987 3 233.0
1987 4 49.0
1987 5 234.0
1987 6 55.0
1987 7 38.0
1987 8 71.0
1987 9 11.0
1987 10 216.0
1987 11 182.0
1987 12 458.0
1988 1 74.0
1988 2 27.0
1988 3 195.0
1988 4 30.0
1988 5 32.0
1988 6 5.0
1988 7 4.0
1988 8 116.0
1988 9 83.0
1988 10 305.0
1988 11 5.0
1988 12 16.0
1989 1 28.0
1989 2 34.0
1989 3 40.0
1989 4 310.0
1989 5 95.0
1989 6 453.0
1989 7 51.0
1989 8 24.0
1989 9 46.0
1989 10 53.0
1989 11 25.0
1989 12 225.0
1990 1 157.0
1990 2 17.0
1990 3 36.0
1990 4 59.0
1990 5 15.0
1990 6 74.0
1990 7 11.0
1990 8 153.0
1990 9 8.0
1990 10 29.0
1990 11 54.0
1990 12 79.0
1991 1 23.0
1991 2 20.0
1991 3 7.0
1991 4 67.0
1991 5 20.0
1991 6 13.0
1991 7 5.0
1991 8 47.0
1991 9 15.0
1991 10 28.0
1991 11 39.0
1991 12 18.0
1992 1 7.0
1992 2 60.0
1992 3 5.0
1992 4 73.0
1992 5 26.0
1992 6 22.0
1992 7 18.0
1992 8 28.0
1992 9 75.0
1992 10 20.0
1992 11 37.0
1992 12 54.0
1993 1 67.0
1993 2 6.0
1993 3 50.0
1993 4 11.0
1993 5 12.0
1993 6 124.0
1993 7 69.5
1993 8 15.0
1993 9 232.0
1993 10 57.0
1993 11 15.0
1993 12 6.0
1994 1 93.0
1994 2 79.0
1994 3 16.0
1994 4 525.0
1994 5 249.0
1994 6 73.0
1994 7 20.0
1994 8 693.0
1994 9 15.0
1994 10 14.0
1994 11 389.0
1994 12 133.0
1995 1 19.0
1995 2 304.0
1995 3 120.0
1995 4 221.0
1995 5 168.0
1995 6 92.0
1995 7 278.0
1995 8 691.0
1995 9 193.0
1995 10 139.0
1995 11 107.0
1995 12 314.0
1996 1 99.0
1996 2 25.0
1996 3 224.0
1996 4 187.0
1996 5 149.0
1996 6 178.0
1996 7 140.0
1996 8 38.0
1996 9 190.0
1996 10 204.0
1996 11 12.0
1996 12 238.0
1997 1 35.0
1997 2 105.0
1997 3 40.0
1997 4 219.0
1997 5 503.0
1997 6 113.0
1997 7 73.0
1997 8 287.0
1997 9 318.0
1997 10 128.0
1997 11 22.0
1997 12 158.0
1998 1 27.0
1998 2 495.0
1998 3 20.0
1998 4 35.0
1998 5 55.0
1998 6 242.0
1998 7 180.0
1998 8 36.0
1998 9 35.0
1998 10 95.0
1998 11 176.0
1998 12 94.0
1999 1 54.0
1999 2 19.0
1999 3 7.0
1999 4 74.0
1999 5 13.0
1999 6 199.0
1999 7 280.0
1999 8 99.0
1999 9 86.0
1999 10 14.0
1999 11 13.0
1999 12 21.0
2000 1 65.0
2000 2 81.0
2000 3 17.0
2000 4 73.0
2000 5 100.0
2000 6 74.0
2000 7 82.0
2000 8 55.0
2000 9 150.0
2000 10 172.5
2000 11 195.0
2000 12 37.0
2001 1 342.0
2001 2 30.0
2001 3 7.0
2001 4 5.0
2001 5 494.0
2001 6 120.0
2001 7 64.0
2001 8 8.0
2001 9 3.0
2001 10 54.0
2001 11 28.0
2001 12 15.0
2002 1 21.0
2002 2 262.0
2002 3 658.0
2002 4 27.0
2002 5 44.0
2002 6 10.0
2002 7 96.0
2002 8 27.0
2002 9 54.0
2002 10 47.0
2002 11 347.0
2002 12 158.0
2003 1 38.0
2003 2 98.0
2003 3 522.0
2003 4 179.0
2003 5 123.0
2003 6 113.0
2003 7 111.0
2003 8 163.0
2003 9 77.0
2003 10 16.0
2003 11 16.0
2003 12 116.0
2004 1 301.0
2004 2 8.0
2004 3 72.0
2004 4 149.0
2004 5 20.0
2004 6 204.0
2004 7 5.0
2004 8 3.0
2004 9 33.0
2004 10 74.0
2004 11 111.0
2004 12 164.0
2005 1 189.0
2005 2 59.0
2005 3 9.0
2005 4 67.0
2005 5 25.0
2005 6 66.0
2005 7 45.0
2005 8 40.0
2005 9 45.0
2005 10 146.0
2005 11 209.0
2005 12 37.0
2006 1 145.0
2006 2 50.0
2006 3 60.0
2006 4 36.0
2006 5 188.0
2006 6 45.0
2006 7 133.0
2006 8 22.0
2006 9 8.0
2006 10 34.0
2006 11 404.0
2006 12 35.0
2007 1 52.0
2007 2 37.0
2007 3 27.0
2007 4 79.0
2007 5 231.0
2007 6 27.0
2007 7 54.0
2007 8 114.0
2007 9 5.0
2007 10 76.0
2007 11 153.0
2007 12 11.0
2008 1 64.0
2008 2 258.0
2008 3 53.0
2008 4 55.0
2008 5 61.0
2008 6 127.0
2008 7 47.0
2008 8 60.0
2008 9 47.0
2008 10 55.0
2008 11 37.0
2008 12 41.0
2009 1 167.0
2009 2 119.0
2009 3 41.0
2009 4 18.0
2009 5 15.0
2009 6 17.0
2009 7 45.0
2009 8 12.0
2009 9 33.0
2009 10 24.0
2009 11 14.0
2009 12 9.0
2010 1 13.0
2010 2 18.0
2010 3 91.0
2010 4 22.0
2010 5 109.0
2010 6 18.0
2010 7 156.0
2010 8 25.0
2010 9 19.0
2010 10 15.0
2010 11 17.0
2010 12 61.0
2011 1 12.0
2011 2 11.0
2011 3 23.0
2011 4 32.0
2011 5 26.0
2011 6 34.0
2011 7 27.0
2011 8 290.0
2011 9 43.0
2011 10 58.0
2011 11 40.0
2011 12 34.0
2012 1 16.0
2012 2 37.0
2012 3 365.0
2012 4 38.0
2012 5 41.0
2012 6 50.0
2012 7 60.0
2012 8 64.0
2012 9 231.0
2012 10 54.0
2012 11 33.0
2012 12 49.0
2013 1 184.0
2013 2 76.0
2013 3 40.0
2013 4 30.0
2013 5 47.0
2013 6 185.0
2013 7 17.0
2013 8 257.0
2013 9 66.0
2013 10 328.0
2013 11 24.0
2013 12 31.0
2014 1 207.0
2014 2 12.0
2014 3 132.0
2014 4 3.0
2014 5 9.0
2014 6 21.0
2014 7 17.0
2014 8 37.0
2014 9 27.0
2014 10 116.0
2014 11 96.0
2014 12 83.0
2015 1 11.0
2015 2 17.0
2015 3 17.0
2015 4 155.0
2015 5 18.0
2015 6 18.0
2015 7 39.0
2015 8 5.0
2015 9 7.0
2015 10 5.5
2015 11 4.0
2015 12 49.0
2016 1 232.0
2016 2 70.0
2016 3 69.0
2016 4 27.0
2016 5 45.0
2016 6 17.0
2016 7 5.0
2016 8 30.0
2016 9 98.0
2016 10 23.0
2016 11 250.0
2016 12 30.0
2017 1 21.0
2017 2 19.0
2017 3 23.0
2017 4 40.0
2017 5 46.0
2017 6 208.0
2017 7 173.0
2017 8 71.0
2017 9 23.0
2017 10 90.0
2017 11 13.0
2017 12 12.0
2018 1 10.0
2018 2 23.0
2018 3 171.0
2018 4 14.0
2018 5 19.0
2018 6 32.0
2018 7 21.0
2018 8 8.0
2018 9 47.0
2018 10 84.0
2018 11 20.0
2018 12 58.0
2019 1 50.0
2019 2 145.0
2019 3 17.0
2019 4 109.0
2019 5 95.0
2019 6 16.0
2019 7 112.0
2019 8 13.0
2019 9 33.0
2019 10 166.0
2019 11 143.0
2019 12 26.0
2020 1 23.0
2020 2 19.0
2020 3 20.0
2020 4 61.0
2020 5 10.0
2020 6 13.0
2020 7 63.0
2020 8 112.0
2020 9 55.0
2020 10 94.0
2020 11 31.0
2020 12 48.0
2021 1 49.0
2021 2 296.0
2021 3 56.0
2021 4 97.0
2021 5 55.0
2021 6 205.0
2021 7 340.0
2021 8 114.0
2021 9 202.0
2021 10 150.0
2021 11 99.0
2021 12 367.0
2022 1 135.0
2022 2 23.0
2022 3 301.0
2022 4 278.0
2022 5 386.0
2022 6 53.0
2022 7 71.0
2022 8 23.0
2022 9 85.0
2022 10 20.0
2022 11 56.0
2022 12 126.0
2023 1 171.0
2023 2 16.0
2023 3 351.0
2023 4 150.0
2023 5 13.0
2023 6 118.0
2023 7 24.0
2023 8 92.0
2023 9 34.0
2023 10 214.0
2023 11 809.0
2023 12 76.0
2024 1 47.0
2024 2 144.0
2024 3 98.0
2024 4 13.0
2024 5 4.0
2024 6 80.0
2024 7 124.0
2024 8 30.0
