1960 5 113.0
1960 6 154.0
1960 7 137.0
1960 8 178.0
1960 9 123.0
1960 10 246.0
1960 11 123.0
1960 12 95.0
1961 1 48.0
1961 2 30.0
1961 3 72.0
1961 4 157.0
1961 5 123.0
1961 6 168.0
1961 7 108.0
1961 8 155.0
1961 9 132.0
1961 10 183.0
1961 11 131.0
1961 12 91.0
1962 1 57.0
1962 2 55.0
1962 3 77.0
1962 4 164.0
1962 5 155.0
1962 6 131.0
1962 7 139.0
1962 8 173.0
1962 9 105.0
1962 10 147.0
1962 11 138.0
1962 12 82.0
1963 1 47.0
1963 2 46.0
1963 3 64.0
1963 4 181.0
1963 5 149.0
1963 6 132.0
1963 7 118.0
1963 8 128.0
1963 9 150.0
1963 10 102.0
1963 11 91.0
1963 12 88.0
1964 1 41.0
1964 2 33.0
1964 3 108.0
1964 4 156.0
1964 5 171.0
1964 6 133.0
1964 7 116.0
1964 8 133.0
1964 9 117.0
1964 10 141.0
1964 11 101.0
1964 12 96.0
1965 1 66.0
1965 2 28.0
1965 3 119.0
1965 4 141.0
1965 5 162.0
1965 6 130.0
1965 7 129.0
1965 8 145.0
1965 9 127.0
1965 10 125.0
1965 11 157.0
1965 12 93.0
1966 1 56.0
1966 2 41.0
1966 3 110.0
1966 4 199.0
1966 5 155.0
1966 6 112.0
1966 7 133.0
1966 8 124.0
1966 9 117.0
1966 10 114.0
1966 11 165.0
1966 12 74.0
1967 1 62.0
1967 2 27.0
1967 3 119.0
1967 4 180.0
1967 5 173.0
1967 6 149.0
1967 7 154.0
1967 8 147.0
1967 9 138.0
1967 10 120.0
1967 11 141.0
1967 12 82.0
1968 1 61.0
1968 2 43.0
1968 3 110.0
1968 4 176.0
1968 5 330.0
1968 6 289.0
1968 7 274.0
1968 8 263.0
1968 9 281.0
1968 10 293.0
1968 11 239.0
1968 12 189.0
1969 1 123.0
1969 2 124.0
1969 3 127.0
1969 4 334.0
1969 5 341.0
1969 6 280.0
1969 7 271.0
1969 8 271.0
1969 9 211.0
1969 10 250.0
1969 11 196.0
1969 12 156.0
1970 1 79.0
1970 2 86.0
1970 3 176.0
1970 4 287.0
1970 5 261.0
1970 6 325.0
1970 7 254.0
1970 8 350.0
1970 9 220.0
1970 10 295.0
1970 11 309.0
1970 12 229.0
1971 1 93.0
1971 2 93.0
1971 3 197.0
1971 4 265.0
1971 5 472.0
1971 6 310.0
1971 7 302.0
1971 8 310.0
1971 9 287.0
1971 10 292.0
1971 11 326.0
1971 12 162.0
1972 1 153.0
1972 2 132.0
1972 3 290.0
1972 4 366.0
1972 5 333.0
1972 6 415.0
1972 7 407.0
1972 8 387.0
1972 9 361.0
1972 10 365.0
1972 11 314.0
1972 12 183.0
1973 1 238.0
1973 2 217.0
1973 3 397.0
1973 4 429.0
1973 5 345.0
1973 6 441.0
1973 7 496.0
1973 8 438.0
1973 9 384.0
1973 10 334.0
1973 11 226.0
1973 12 194.0
1974 1 150.0
1974 2 131.0
1974 3 289.0
1974 4 345.0
1974 5 294.0
1974 6 324.0
1974 7 309.0
1974 8 274.0
1974 9 166.0
1974 10 193.0
1974 11 164.0
1974 12 105.0
1975 1 103.0
1975 2 72.0
1975 3 154.0
1975 4 268.0
1975 5 272.0
1975 6 334.0
1975 7 310.0
1975 8 271.0
1975 9 271.0
1975 10 327.0
1975 11 216.0
1975 12 159.0
1976 1 95.0
1976 2 193.0
1976 3 226.0
1976 4 394.0
1976 5 431.0
1976 6 377.0
1976 7 312.0
1976 8 348.0
1976 9 349.0
1976 10 461.0
1976 11 329.0
1976 12 360.0
1977 1 91.0
1977 2 124.0
1977 3 370.0
1977 4 485.0
1977 5 512.0
1977 6 531.0
1977 7 480.0
1977 8 618.0
1977 9 443.0
1977 10 402.0
1977 11 327.0
1977 12 265.0
1978 1 216.0
1978 2 217.0
1978 3 399.0
1978 4 564.0
1978 5 485.0
1978 6 765.0
1978 7 445.0
1978 8 542.0
1978 9 487.0
1978 10 460.0
1978 11 351.0
1978 12 245.0
1979 1 165.0
1979 2 147.0
1979 3 364.0
1979 4 541.0
1979 5 554.0
1979 6 578.0
1979 7 507.0
1979 8 421.0
1979 9 468.0
1979 10 295.0
1979 11 255.0
1979 12 165.0
1980 1 139.0
1980 2 154.0
1980 3 220.0
1980 4 225.0
1980 5 290.0
1980 6 349.0
1980 7 377.0
1980 8 453.0
1980 9 451.0
1980 10 505.0
1980 11 260.0
1980 12 269.0
1981 1 75.0
1981 2 111.0
1981 3 348.0
1981 4 323.0
1981 5 354.0
1981 6 366.0
1981 7 302.0
1981 8 223.0
1981 9 289.0
1981 10 306.0
1981 11 165.0
1981 12 114.0
1982 1 75.0
1982 2 43.0
1982 3 173.0
1982 4 254.0
1982 5 263.0
1982 6 289.0
1982 7 255.0
1982 8 303.0
1982 9 346.0
1982 10 342.0
1982 11 327.0
1982 12 288.0
1983 1 128.0
1983 2 120.0
1983 3 343.0
1983 4 379.0
1983 5 652.0
1983 6 565.0
1983 7 473.0
1983 8 529.0
1983 9 611.0
1983 10 518.0
1983 11 392.0
1983 12 330.0
1984 1 204.0
1984 2 325.0
1984 3 418.0
1984 4 772.0
1984 5 700.0
1984 6 659.0
1984 7 517.0
1984 8 663.0
1984 9 449.0
1984 10 665.0
1984 11 453.0
1984 12 397.0
1985 1 426.0
1985 2 456.0
1985 3 736.0
1985 4 1206.0
1985 5 1187.0
1985 6 856.0
1985 7 981.0
1985 8 930.0
1985 9 745.0
1985 10 859.0
1985 11 813.0
1985 12 478.0
1986 1 478.0
1986 2 771.0
1986 3 944.0
1986 4 1207.0
1986 5 1249.0
1986 6 1027.0
1986 7 1110.0
1986 8 995.0
1986 9 1003.0
1986 10 1170.0
1986 11 749.0
1986 12 644.0
1987 1 346.0
1987 2 639.0
1987 3 935.0
1987 4 1166.0
1987 5 1188.0
1987 6 1205.0
1987 7 924.0
1987 8 898.0
1987 9 1092.0
1987 10 886.0
1987 11 758.0
1987 12 551.0
1988 1 455.0
1988 2 386.0
1988 3 1053.0
1988 4 728.0
1988 5 832.0
1988 6 792.0
1988 7 667.0
1988 8 706.0
1988 9 567.0
1988 10 549.0
1988 11 564.0
1988 12 348.0
1989 1 278.0
1989 2 240.0
1989 3 452.0
1989 4 703.0
1989 5 616.0
1989 6 459.0
1989 7 384.0
1989 8 573.0
1989 9 437.0
1989 10 436.0
1989 11 311.0
1989 12 306.0
1990 1 168.0
1990 2 205.0
1990 3 299.0
1990 4 309.0
1990 5 381.0
1990 6 326.0
1990 7 281.0
1990 8 330.0
1990 9 281.0
1990 10 270.0
1990 11 204.0
1990 12 142.0
1991 1 137.0
1991 2 119.0
1991 3 152.0
1991 4 289.0
1991 5 315.0
1991 6 325.0
1991 7 264.0
1991 8 258.0
1991 9 232.0
1991 10 302.0
1991 11 196.0
1991 12 167.0
1992 1 145.0
1992 2 160.0
1992 3 245.0
1992 4 290.0
1992 5 312.0
1992 6 423.0
1992 7 319.0
1992 8 348.0
1992 9 295.0
1992 10 284.0
1992 11 292.0
1992 12 230.0
1993 1 224.0
1993 2 149.0
1993 3 262.0
1993 4 261.0
1993 5 313.0
1993 6 317.0
1993 7 383.0
1993 8 328.0
1993 9 294.0
1993 10 285.0
1993 11 267.0
1993 12 233.0
1994 1 197.0
1994 2 153.0
1994 3 296.0
1994 4 446.0
1994 5 423.0
1994 6 447.0
1994 7 384.0
1994 8 479.0
1994 9 415.0
1994 10 320.0
1994 11 332.0
1994 12 276.0
1995 1 203.0
1995 2 160.0
1995 3 304.0
1995 4 369.0
1995 5 392.0
1995 6 376.0
1995 7 370.0
1995 8 428.0
1995 9 369.0
1995 10 353.0
1995 11 285.0
1995 12 200.0
1996 1 128.0
1996 2 164.0
1996 3 275.0
1996 4 349.0
1996 5 512.0
1996 6 444.0
1996 7 412.0
1996 8 487.0
1996 9 377.0
1996 10 357.0
1996 11 282.0
1996 12 263.0
1997 1 191.0
1997 2 221.0
1997 3 294.0
1997 4 415.0
1997 5 423.0
1997 6 429.0
1997 7 427.0
1997 8 416.0
1997 9 420.0
1997 10 383.0
1997 11 394.0
1997 12 284.0
1998 1 235.0
1998 2 228.0
1998 3 418.0
1998 4 517.0
1998 5 468.0
1998 6 505.0
1998 7 535.0
1998 8 423.0
1998 9 498.0
1998 10 457.0
1998 11 381.0
1998 12 376.0
1999 1 247.0
1999 2 267.0
1999 3 434.0
1999 4 633.0
1999 5 529.0
1999 6 518.0
1999 7 539.0
1999 8 513.0
1999 9 459.0
1999 10 424.0
1999 11 405.0
1999 12 377.0
2000 1 256.0
2000 2 280.0
2000 3 467.0
2000 4 477.0
2000 5 648.0
2000 6 560.0
2000 7 542.0
2000 8 593.0
2000 9 583.0
2000 10 620.0
2000 11 412.0
2000 12 431.0
2001 1 294.0
2001 2 326.0
2001 3 401.0
2001 4 523.0
2001 5 567.0
2001 6 583.0
2001 7 566.0
2001 8 593.0
2001 9 473.0
2001 10 496.0
2001 11 476.0
2001 12 310.0
2002 1 396.0
2002 2 532.0
2002 3 454.0
2002 4 619.0
2002 5 628.0
2002 6 569.0
2002 7 604.0
2002 8 593.0
2002 9 606.0
2002 10 620.0
2002 11 405.0
2002 12 357.0
2003 1 372.0
2003 2 276.0
2003 3 454.0
2003 4 622.0
2003 5 649.0
2003 6 613.0
2003 7 617.0
2003 8 583.0
2003 9 544.0
2003 10 592.0
2003 11 385.0
2003 12 336.0
2004 1 369.0
2004 2 344.0
2004 3 565.0
2004 4 646.0
2004 5 610.0
2004 6 639.0
2004 7 682.0
2004 8 560.0
2004 9 546.0
2004 10 652.0
2004 11 478.0
2004 12 431.0
2005 1 371.0
2005 2 307.0
2005 3 485.0
2005 4 549.0
2005 5 763.0
2005 6 576.0
2005 7 534.0
2005 8 720.0
2005 9 630.0
2005 10 526.0
2005 11 422.0
2005 12 400.0
2006 1 295.0
2006 2 327.0
2006 3 512.0
2006 4 475.0
2006 5 553.0
2006 6 591.0
2006 7 422.0
2006 8 421.0
2006 9 398.0
2006 10 514.0
2006 11 268.0
2006 12 286.0
2007 1 304.0
2007 2 203.0
2007 3 322.0
2007 4 313.0
2007 5 429.0
2007 6 399.0
2007 7 448.0
2007 8 337.0
2007 9 330.0
2007 10 303.0
2007 11 202.0
2007 12 185.0
2008 1 229.0
2008 2 141.0
2008 3 204.0
2008 4 265.0
2008 5 223.0
2008 6 240.0
2008 7 256.0
2008 8 198.0
2008 9 203.0
2008 10 186.0
2008 11 86.0
2008 12 70.0
2009 1 65.0
2009 2 69.0
2009 3 94.0
2009 4 131.0
2009 5 149.0
2009 6 157.0
2009 7 184.0
2009 8 137.0
2009 9 184.0
2009 10 211.0
2009 11 114.0
2009 12 151.0
2010 1 102.0
2010 2 104.0
2010 3 158.0
2010 4 191.0
2010 5 206.0
2010 6 268.0
2010 7 150.0
2010 8 186.0
2010 9 142.0
2010 10 162.0
2010 11 142.0
2010 12 135.0
2011 1 81.0
2011 2 71.0
2011 3 149.0
2011 4 114.0
2011 5 190.0
2011 6 136.0
2011 7 166.0
2011 8 141.0
2011 9 161.0
2011 10 141.0
2011 11 125.0
2011 12 102.0
2012 1 92.0
2012 2 88.0
2012 3 126.0
2012 4 179.0
2012 5 248.0
2012 6 183.0
2012 7 209.0
2012 8 179.0
2012 9 158.0
2012 10 158.0
2012 11 136.0
2012 12 132.0
2013 1 141.0
2013 2 119.0
2013 3 134.0
2013 4 191.0
2013 5 227.0
2013 6 219.0
2013 7 223.0
2013 8 195.0
2013 9 229.0
2013 10 229.0
2013 11 154.0
2013 12 99.0
2014 1 91.0
2014 2 102.0
2014 3 138.0
2014 4 187.0
2014 5 201.0
2014 6 214.0
2014 7 239.0
2014 8 212.0
2014 9 220.0
2014 10 271.0
2014 11 175.0
2014 12 137.0
2015 1 80.0
2015 2 47.0
2015 3 114.0
2015 4 190.0
2015 5 217.0
2015 6 175.0
2015 7 227.0
2015 8 224.0
2015 9 236.0
2015 10 208.0
2015 11 165.0
2015 12 143.0
2016 1 135.0
2016 2 67.0
2016 3 201.0
2016 4 267.0
2016 5 252.0
2016 6 315.0
2016 7 232.0
2016 8 211.0
2016 9 290.0
2016 10 295.0
2016 11 224.0
2016 12 141.0
2017 1 153.0
2017 2 111.0
2017 3 170.0
2017 4 225.0
2017 5 247.0
2017 6 221.0
2017 7 251.0
2017 8 241.0
2017 9 319.0
2017 10 228.0
2017 11 197.0
2017 12 113.0
2018 1 87.0
2018 2 179.0
2018 3 221.0
2018 4 210.0
2018 5 339.0
2018 6 300.0
2018 7 240.0
2018 8 248.0
2018 9 182.0
2018 10 210.0
2018 11 143.0
2018 12 155.0
2019 1 124.0
2019 2 150.0
2019 3 122.0
2019 4 228.0
2019 5 218.0
2019 6 247.0
2019 7 268.0
2019 8 230.0
2019 9 178.0
2019 10 169.0
2019 11 173.0
2019 12 163.0
2020 1 172.0
2020 2 195.0
2020 3 201.0
2020 4 216.0
2020 5 213.0
2020 6 321.0
2020 7 330.0
2020 8 297.0
2020 9 344.0
2020 10 274.0
2020 11 255.0
2020 12 183.0
2021 1 184.0
2021 2 209.0
2021 3 404.0
2021 4 306.0
2021 5 434.0
2021 6 371.0
2021 7 258.0
2021 8 360.0
2021 9 263.0
2021 10 231.0
2021 11 208.0
2021 12 214.0
2022 1 207.0
2022 2 200.0
2022 3 251.0
2022 4 305.0
2022 5 330.0
2022 6 308.0
2022 7 311.0
2022 8 270.0
2022 9 311.0
2022 10 256.0
2022 11 243.0
2022 12 195.0
2023 1 146.0
2023 2 155.0
2023 3 194.0
2023 4 312.0
2023 5 330.0
2023 6 358.0
2023 7 258.0
2023 8 328.0
2023 9 266.0
2023 10 313.0
2023 11 223.0
2023 12 140.0
2024 1 185.0
2024 2 188.0
2024 3 221.0
2024 4 289.0
2024 5 284.0
2024 6 278.0
2024 7 262.0
2024 8 295.0
