1960 5 18.0
1960 6 17.0
1960 7 65.0
1960 8 27.0
1960 9 45.0
1960 10 63.0
1960 11 14.0
1960 12 2.0
1961 1 4.0
1961 2 31.0
1961 3 24.0
1961 4 38.0
1961 5 12.0
1961 6 12.0
1961 7 34.0
1961 8 32.0
1961 9 46.0
1961 10 24.0
1961 11 38.0
1961 12 14.0
1962 1 8.0
1962 2 8.0
1962 3 16.5
1962 4 25.0
1962 5 36.0
1962 6 44.0
1962 7 26.0
1962 8 27.0
1962 9 53.0
1962 10 81.0
1962 11 110.0
1962 12 30.0
1963 1 24.666666666666668
1963 2 19.333333333333336
1963 3 14.0
1963 4 86.0
1963 5 77.0
1963 6 60.0
1963 7 47.0
1963 8 47.0
1963 9 106.0
1963 10 101.0
1963 11 40.0
1963 12 26.0
1964 1 4.0
1964 2 100.0
1964 3 29.0
1964 4 76.0
1964 5 34.0
1964 6 11.0
1964 7 18.0
1964 8 66.0
1964 9 41.0
1964 10 133.0
1964 11 33.0
1964 12 4.0
1965 1 6.0
1965 2 8.0
1965 3 38.0
1965 4 17.0
1965 5 66.0
1965 6 40.0
1965 7 6.0
1965 8 77.0
1965 9 45.0
1965 10 115.0
1965 11 26.0
1965 12 15.0
1966 1 8.0
1966 2 8.0
1966 3 8.0
1966 4 57.0
1966 5 88.0
1966 6 8.0
1966 7 38.0
1966 8 40.0
1966 9 66.0
1966 10 92.0
1966 11 32.0
1966 12 25.0
1967 1 18.0
1967 2 21.0
1967 3 24.0
1967 4 53.0
1967 5 75.0
1967 6 6.0
1967 7 34.0
1967 8 83.0
1967 9 56.0
1967 10 56.0
1967 11 39.0
1967 12 27.0
1968 1 30.5
1968 2 34.0
1968 3 14.0
1968 4 86.0
1968 5 207.0
1968 6 34.0
1968 7 254.0
1968 8 75.0
1968 9 130.0
1968 10 177.0
1968 11 161.0
1968 12 39.0
1969 1 37.333333333333336
1969 2 35.666666666666664
1969 3 34.0
1969 4 70.0
1969 5 47.0
1969 6 142.0
1969 7 348.0
1969 8 118.0
1969 9 143.0
1969 10 220.0
1969 11 164.0
1969 12 133.75
1970 1 103.5
1970 2 73.25
1970 3 43.0
1970 4 70.0
1970 5 209.0
1970 6 167.0
1970 7 6.0
1970 8 112.0
1970 9 176.0
1970 10 206.0
1970 11 219.0
1970 12 117.5
1971 1 16.0
1971 2 30.0
1971 3 15.0
1971 4 103.0
1971 5 134.0
1971 6 215.0
1971 7 119.0
1971 8 195.0
1971 9 217.0
1971 10 192.0
1971 11 132.0
1971 12 40.0
1972 1 270.0
1972 2 12.0
1972 3 300.0
1972 4 378.0
1972 5 199.0
1972 6 244.0
1972 7 148.0
1972 8 254.0
1972 9 143.0
1972 10 118.0
1972 11 417.0
1972 12 34.0
1973 1 60.0
1973 2 40.0
1973 3 280.0
1973 4 199.0
1973 5 138.0
1973 6 92.0
1973 7 28.0
1973 8 414.0
1973 9 121.0
1973 10 321.0
1973 11 167.0
1973 12 96.0
1974 1 72.0
1974 2 104.0
1974 3 136.0
1974 4 196.0
1974 5 89.0
1974 6 135.0
1974 7 113.0
1974 8 339.0
1974 9 83.0
1974 10 315.0
1974 11 56.0
1974 12 46.0
1975 1 35.0
1975 2 24.0
1975 3 36.0
1975 4 341.0
1975 5 193.0
1975 6 275.0
1975 7 301.0
1975 8 246.0
1975 9 355.0
1975 10 302.0
1975 11 370.0
1975 12 80.0
1976 1 20.0
1976 2 61.0
1976 3 19.0
1976 4 523.0
1976 5 255.0
1976 6 305.0
1976 7 263.0
1976 8 186.0
1976 9 582.0
1976 10 438.0
1976 11 258.0
1976 12 195.0
1977 1 21.0
1977 2 37.0
1977 3 371.0
1977 4 324.0
1977 5 493.0
1977 6 302.0
1977 7 386.0
1977 8 176.0
1977 9 323.0
1977 10 498.0
1977 11 159.0
1977 12 91.5
1978 1 24.0
1978 2 96.0
1978 3 189.0
1978 4 299.0
1978 5 196.0
1978 6 315.0
1978 7 405.0
1978 8 185.0
1978 9 425.0
1978 10 459.0
1978 11 208.0
1978 12 98.0
1979 1 54.0
1979 2 18.0
1979 3 37.0
1979 4 156.0
1979 5 512.0
1979 6 389.0
1979 7 211.0
1979 8 181.0
1979 9 306.0
1979 10 359.0
1979 11 125.0
1979 12 68.5
1980 1 12.0
1980 2 48.0
1980 3 16.0
1980 4 49.0
1980 5 196.0
1980 6 100.0
1980 7 109.0
1980 8 240.0
1980 9 191.0
1980 10 124.0
1980 11 132.0
1980 12 148.0
1981 1 82.0
1981 2 16.0
1981 3 39.0
1981 4 131.0
1981 5 189.0
1981 6 34.0
1981 7 84.0
1981 8 44.0
1981 9 142.0
1981 10 198.0
1981 11 69.0
1981 12 48.0
1982 1 13.0
1982 2 18.5
1982 3 24.0
1982 4 53.0
1982 5 64.0
1982 6 136.0
1982 7 116.0
1982 8 35.0
1982 9 92.0
1982 10 187.0
1982 11 188.0
1982 12 38.0
1983 1 152.0
1983 2 24.0
1983 3 82.0
1983 4 394.0
1983 5 445.0
1983 6 314.0
1983 7 258.0
1983 8 152.0
1983 9 227.0
1983 10 238.0
1983 11 308.0
1983 12 26.0
1984 1 69.0
1984 2 17.0
1984 3 136.0
1984 4 191.0
1984 5 171.0
1984 6 107.0
1984 7 216.0
1984 8 133.0
1984 9 209.0
1984 10 346.0
1984 11 184.0
1984 12 27.0
1985 1 24.0
1985 2 15.0
1985 3 47.0
1985 4 177.0
1985 5 160.0
1985 6 123.0
1985 7 176.0
1985 8 246.0
1985 9 290.0
1985 10 236.0
1985 11 172.0
1985 12 239.0
1986 1 2.0
1986 2 18.0
1986 3 34.0
1986 4 143.0
1986 5 142.0
1986 6 147.0
1986 7 89.0
1986 8 118.0
1986 9 111.0
1986 10 80.0
1986 11 8.0
1986 12 43.0
1987 1 28.0
1987 2 113.0
1987 3 7.0
1987 4 72.0
1987 5 130.0
1987 6 28.0
1987 7 117.0
1987 8 113.0
1987 9 183.0
1987 10 74.0
1987 11 24.0
1987 12 66.0
1988 1 2.0
1988 2 30.0
1988 3 58.0
1988 4 175.0
1988 5 186.0
1988 6 31.0
1988 7 39.0
1988 8 185.0
1988 9 142.0
1988 10 94.0
1988 11 24.0
1988 12 6.0
1989 1 32.0
1989 2 60.5
1989 3 89.0
1989 4 116.0
1989 5 219.0
1989 6 107.0
1989 7 108.0
1989 8 401.0
1989 9 77.0
1989 10 254.0
1989 11 14.0
1989 12 44.0
1990 1 32.0
1990 2 20.0
1990 3 42.0
1990 4 85.0
1990 5 60.0
1990 6 51.0
1990 7 22.0
1990 8 125.0
1990 9 139.0
1990 10 84.0
1990 11 39.0
1990 12 4.0
1991 1 44.666666666666664
1991 2 85.33333333333333
1991 3 126.0
1991 4 138.0
1991 5 264.0
1991 6 35.0
1991 7 130.0
1991 8 57.0
1991 9 76.0
1991 10 114.0
1991 11 24.0
1991 12 83.0
1992 1 64.66666666666667
1992 2 46.333333333333336
1992 3 28.0
1992 4 397.0
1992 5 177.0
1992 6 70.0
1992 7 65.0
1992 8 30.0
1992 9 82.0
1992 10 44.0
1992 11 93.0
1992 12 114.0
1993 1 81.0
1993 2 48.0
1993 3 32.0
1993 4 125.0
1993 5 174.0
1993 6 117.0
1993 7 82.0
1993 8 199.0
1993 9 208.0
1993 10 247.0
1993 11 68.0
1993 12 22.0
1994 1 36.0
1994 2 15.0
1994 3 99.0
1994 4 119.0
1994 5 313.0
1994 6 201.0
1994 7 133.0
1994 8 183.0
1994 9 192.0
1994 10 369.0
1994 11 82.0
1994 12 139.0
1995 1 78.0
1995 2 17.0
1995 3 42.0
1995 4 143.0
1995 5 271.0
1995 6 194.0
1995 7 150.0
1995 8 81.0
1995 9 270.0
1995 10 321.0
1995 11 85.0
1995 12 32.0
1996 1 29.75
1996 2 27.5
1996 3 25.25
1996 4 23.0
1996 5 172.0
1996 6 164.0
1996 7 41.0
1996 8 83.0
1996 9 96.0
1996 10 156.0
1996 11 71.0
1996 12 47.5
1997 1 24.0
1997 2 60.0
1997 3 48.0
1997 4 128.0
1997 5 176.0
1997 6 15.0
1997 7 95.0
1997 8 170.0
1997 9 278.0
1997 10 279.0
1997 11 113.0
1997 12 123.0
1998 1 62.5
1998 2 2.0
1998 3 83.0
1998 4 98.0
1998 5 71.0
1998 6 147.0
1998 7 130.0
1998 8 151.0
1998 9 280.0
1998 10 191.0
1998 11 156.0
1998 12 47.0
1999 1 7.0
1999 2 12.0
1999 3 97.0
1999 4 234.0
1999 5 77.0
1999 6 135.0
1999 7 117.0
1999 8 168.0
1999 9 80.0
1999 10 55.0
1999 11 97.0
1999 12 70.0
2000 1 54.0
2000 2 4.0
2000 3 29.0
2000 4 224.0
2000 5 129.0
2000 6 54.0
2000 7 69.0
2000 8 36.0
2000 9 111.0
2000 10 20.0
2000 11 21.0
2000 12 55.0
2001 1 40.0
2001 2 7.0
2001 3 10.0
2001 4 135.0
2001 5 145.0
2001 6 218.0
2001 7 30.0
2001 8 160.0
2001 9 85.0
2001 10 159.0
2001 11 50.0
2001 12 24.0
2002 1 52.0
2002 2 28.0
2002 3 30.0
2002 4 177.0
2002 5 331.0
2002 6 96.0
2002 7 144.0
2002 8 296.0
2002 9 122.0
2002 10 114.0
2002 11 19.0
2002 12 29.0
2003 1 87.0
2003 2 45.5
2003 3 4.0
2003 4 131.0
2003 5 260.0
2003 6 169.0
2003 7 137.0
2003 8 201.0
2003 9 94.0
2003 10 114.0
2003 11 96.0
2003 12 10.0
2004 1 29.0
2004 2 5.0
2004 3 74.0
2004 4 367.0
2004 5 220.0
2004 6 173.0
2004 7 136.0
2004 8 109.0
2004 9 159.0
2004 10 92.0
2004 11 36.0
2004 12 28.0
2005 1 14.0
2005 2 252.0
2005 3 112.0
2005 4 147.0
2005 5 347.0
2005 6 120.0
2005 7 32.0
2005 8 77.0
2005 9 36.0
2005 10 162.0
2005 11 96.0
2005 12 257.0
2006 1 5.0
2006 2 20.0
2006 3 35.0
2006 4 75.0
2006 5 196.0
2006 6 194.0
2006 7 28.0
2006 8 168.0
2006 9 214.0
2006 10 115.0
2006 11 93.0
2006 12 121.0
2007 1 78.0
2007 2 48.0
2007 3 18.0
2007 4 90.0
2007 5 231.0
2007 6 13.0
2007 7 76.0
2007 8 54.0
2007 9 141.0
2007 10 76.0
2007 11 181.0
2007 12 8.0
2008 1 54.0
2008 2 20.0
2008 3 123.0
2008 4 113.0
2008 5 50.0
2008 6 36.0
2008 7 96.0
2008 8 329.0
2008 9 167.0
2008 10 107.0
2008 11 51.0
2008 12 4.0
2009 1 32.0
2009 2 60.0
2009 3 40.5
2009 4 21.0
2009 5 109.0
2009 6 93.0
2009 7 331.0
2009 8 163.0
2009 9 151.0
2009 10 161.0
2009 11 100.0
2009 12 60.0
2010 1 93.0
2010 2 63.0
2010 3 33.0
2010 4 4.0
2010 5 25.0
2010 6 84.0
2010 7 248.0
2010 8 274.0
2010 9 166.0
2010 10 189.0
2010 11 77.0
2010 12 237.0
2011 1 36.0
2011 2 105.0
2011 3 142.0
2011 4 20.0
2011 5 283.0
2011 6 241.0
2011 7 110.0
2011 8 350.0
2011 9 317.0
2011 10 269.0
2011 11 172.0
2011 12 106.0
2012 1 56.0
2012 2 68.0
2012 3 384.0
2012 4 269.0
2012 5 166.0
2012 6 263.0
2012 7 236.0
2012 8 270.0
2012 9 238.0
2012 10 508.0
2012 11 146.0
2012 12 569.0
2013 1 424.5
2013 2 280.0
2013 3 272.0
2013 4 230.0
2013 5 841.0
2013 6 668.0
2013 7 591.0
2013 8 469.0
2013 9 401.0
2013 10 1081.0
2013 11 261.0
2013 12 108.0
2014 1 139.5
2014 2 171.0
2014 3 412.0
2014 4 646.0
2014 5 239.0
2014 6 734.0
2014 7 628.0
2014 8 510.0
2014 9 354.0
2014 10 598.0
2014 11 345.0
2014 12 312.0
2015 1 34.0
2015 2 111.0
2015 3 327.0
2015 4 178.0
2015 5 663.0
2015 6 416.0
2015 7 539.0
2015 8 444.0
2015 9 401.0
2015 10 354.0
2015 11 344.0
2015 12 38.0
2016 1 94.0
2016 2 119.0
2016 3 117.0
2016 4 131.0
2016 5 203.0
2016 6 116.0
2016 7 336.0
2016 8 189.0
2016 9 194.0
2016 10 200.0
2016 11 159.0
2016 12 119.0
2017 1 42.0
2017 2 121.0
2017 3 137.5
2017 4 154.0
2017 5 196.0
2017 6 86.0
2017 7 82.0
2017 8 118.0
2017 9 240.0
2017 10 341.0
2017 11 14.0
2017 12 14.0
2018 1 14.0
2018 2 5.0
2018 3 10.0
2018 4 88.0
2018 5 304.0
2018 6 46.0
2018 7 113.0
2018 8 166.0
2018 9 407.0
2018 10 128.0
2018 11 18.0
2018 12 57.0
2019 1 2.0
2019 2 8.5
2019 3 15.0
2019 4 18.0
2019 5 89.0
2019 6 5.0
2019 7 120.0
2019 8 92.0
2019 9 309.0
2019 10 32.0
2019 11 100.0
2019 12 101.5
2020 1 103.0
2020 2 104.5
2020 3 106.0
2020 4 231.0
2020 5 23.0
2020 6 196.0
2020 7 241.0
2020 8 71.0
2020 9 109.0
2020 10 90.0
2020 11 144.0
2020 12 113.0
2021 1 156.0
2021 2 14.0
2021 3 44.0
2021 4 77.0
2021 5 253.0
2021 6 91.0
2021 7 140.0
2021 8 57.0
2021 9 45.0
2021 10 29.0
2021 11 114.0
2021 12 156.0
2022 1 2.0
2022 2 12.5
2022 3 23.0
2022 4 7.0
2022 5 73.0
2022 6 519.0
2022 7 244.0
2022 8 20.0
2022 9 48.0
2022 10 431.0
2022 11 63.0
2022 12 69.0
2023 1 99.0
2023 2 217.0
2023 3 113.0
2023 4 4.0
2023 5 235.0
2023 6 28.0
2023 7 151.0
2023 8 208.0
2023 9 66.0
2023 10 16.0
2023 11 2.0
2023 12 3.0
2024 1 4.0
2024 2 16.0
2024 3 11.0
2024 4 114.0
2024 5 6.0
2024 6 221.0
2024 7 44.0
2024 8 12.0
