1960 5 922.0
1960 6 1020.0
1960 7 883.0
1960 8 966.0
1960 9 887.0
1960 10 843.0
1960 11 866.0
1960 12 697.0
1961 1 703.0
1961 2 740.0
1961 3 1305.0
1961 4 936.0
1961 5 1286.0
1961 6 1213.0
1961 7 955.0
1961 8 1175.0
1961 9 827.0
1961 10 1329.0
1961 11 868.0
1961 12 1035.0
1962 1 825.0
1962 2 771.0
1962 3 1143.0
1962 4 1068.0
1962 5 1081.0
1962 6 954.0
1962 7 751.0
1962 8 1220.0
1962 9 787.0
1962 10 986.0
1962 11 741.0
1962 12 660.0
1963 1 773.0
1963 2 852.0
1963 3 894.0
1963 4 986.0
1963 5 1154.0
1963 6 790.0
1963 7 815.0
1963 8 1037.0
1963 9 903.0
1963 10 1199.0
1963 11 1030.0
1963 12 526.0
1964 1 940.0
1964 2 1045.0
1964 3 1385.0
1964 4 1144.0
1964 5 1176.0
1964 6 962.0
1964 7 1120.0
1964 8 1200.0
1964 9 1048.0
1964 10 1114.0
1964 11 793.0
1964 12 793.0
1965 1 986.0
1965 2 940.0
1965 3 1091.0
1965 4 1512.0
1965 5 1053.0
1965 6 1042.0
1965 7 1023.0
1965 8 956.0
1965 9 1074.0
1965 10 1531.0
1965 11 1195.0
1965 12 1787.0
1966 1 1091.0
1966 2 1066.0
1966 3 2021.0
1966 4 1320.0
1966 5 1672.0
1966 6 1340.0
1966 7 800.0
1966 8 1040.0
1966 9 1286.0
1966 10 926.0
1966 11 1069.0
1966 12 744.0
1967 1 847.0
1967 2 1126.0
1967 3 1097.0
1967 4 1151.0
1967 5 1858.0
1967 6 1388.0
1967 7 1355.0
1967 8 1263.0
1967 9 1394.0
1967 10 1561.0
1967 11 1824.0
1967 12 1140.0
1968 1 1392.0
1968 2 1633.0
1968 3 1568.0
1968 4 1415.0
1968 5 2370.0
1968 6 2602.0
1968 7 2898.0
1968 8 1875.0
1968 9 2523.0
1968 10 2151.0
1968 11 1684.0
1968 12 1768.0
1969 1 2404.0
1969 2 1896.0
1969 3 2195.0
1969 4 2320.0
1969 5 2368.0
1969 6 2431.0
1969 7 2211.0
1969 8 1975.0
1969 9 1579.0
1969 10 1726.0
1969 11 1263.0
1969 12 1907.0
1970 1 1256.0
1970 2 1300.0
1970 3 1994.0
1970 4 2642.0
1970 5 2753.0
1970 6 2555.0
1970 7 2080.0
1970 8 2513.0
1970 9 2373.0
1970 10 3381.0
1970 11 2538.0
1970 12 2946.0
1971 1 3540.0
1971 2 3332.0
1971 3 4010.0
1971 4 3179.0
1971 5 3113.0
1971 6 4074.0
1971 7 3376.0
1971 8 3580.0
1971 9 3617.0
1971 10 2860.0
1971 11 4006.0
1971 12 3117.0
1972 1 3032.0
1972 2 3519.0
1972 3 4157.0
1972 4 3853.0
1972 5 4704.0
1972 6 5166.0
1972 7 4126.0
1972 8 6355.0
1972 9 3439.0
1972 10 3604.0
1972 11 3678.0
1972 12 2300.0
1973 1 3697.0
1973 2 3599.0
1973 3 4023.0
1973 4 3816.0
1973 5 5192.0
1973 6 3384.0
1973 7 2836.0
1973 8 2645.0
1973 9 2791.0
1973 10 2211.0
1973 11 3313.0
1973 12 2234.0
1974 1 1915.0
1974 2 1436.0
1974 3 2990.0
1974 4 2027.0
1974 5 2380.0
1974 6 1811.0
1974 7 2019.0
1974 8 1474.0
1974 9 1583.0
1974 10 1048.0
1974 11 806.0
1974 12 903.0
1975 1 1359.0
1975 2 992.0
1975 3 1139.0
1975 4 2203.0
1975 5 1787.0
1975 6 1748.0
1975 7 1537.0
1975 8 1683.0
1975 9 1846.0
1975 10 1912.0
1975 11 1557.0
1975 12 1354.0
1976 1 1369.0
1976 2 1845.0
1976 3 2351.0
1976 4 2061.0
1976 5 2121.0
1976 6 2546.0
1976 7 3642.0
1976 8 2345.0
1976 9 2257.0
1976 10 2188.0
1976 11 2255.0
1976 12 1594.0
1977 1 1587.0
1977 2 2564.0
1977 3 3241.0
1977 4 3063.0
1977 5 3061.0
1977 6 2801.0
1977 7 2505.0
1977 8 3122.0
1977 9 2939.0
1977 10 2585.0
1977 11 2714.0
1977 12 2550.0
1978 1 1974.0
1978 2 1945.0
1978 3 3311.0
1978 4 4577.0
1978 5 3074.0
1978 6 2964.0
1978 7 2994.0
1978 8 2787.0
1978 9 2602.0
1978 10 3780.0
1978 11 2809.0
1978 12 2794.0
1979 1 2182.0
1979 2 1729.0
1979 3 3721.0
1979 4 3335.0
1979 5 3910.0
1979 6 3589.0
1979 7 2938.0
1979 8 4000.0
1979 9 2742.0
1979 10 4909.0
1979 11 2401.0
1979 12 2127.0
1980 1 1779.0
1980 2 1920.0
1980 3 1521.0
1980 4 1958.0
1980 5 2454.0
1980 6 2999.0
1980 7 3217.0
1980 8 3401.0
1980 9 4709.0
1980 10 3431.0
1980 11 2686.0
1980 12 2255.0
1981 1 2071.0
1981 2 2106.0
1981 3 3356.0
1981 4 3404.0
1981 5 3177.0
1981 6 2428.0
1981 7 2634.0
1981 8 1979.0
1981 9 2543.0
1981 10 1944.0
1981 11 1775.0
1981 12 1865.0
1982 1 1388.0
1982 2 1848.0
1982 3 2650.0
1982 4 2368.0
1982 5 3033.0
1982 6 3196.0
1982 7 2062.0
1982 8 2447.0
1982 9 2589.0
1982 10 3073.0
1982 11 2937.0
1982 12 2793.0
1983 1 2564.0
1983 2 3350.0
1983 3 4450.0
1983 4 3602.0
1983 5 4210.0
1983 6 4410.0
1983 7 4298.0
1983 8 4566.0
1983 9 4380.0
1983 10 4800.0
1983 11 5484.0
1983 12 3052.0
1984 1 4183.0
1984 2 3455.0
1984 3 4908.0
1984 4 4650.0
1984 5 4786.0
1984 6 4741.0
1984 7 3955.0
1984 8 5138.0
1984 9 4728.0
1984 10 5214.0
1984 11 5841.0
1984 12 3727.0
1985 1 4646.0
1985 2 3679.0
1985 3 5533.0
1985 4 5642.0
1985 5 6571.0
1985 6 5578.0
1985 7 6001.0
1985 8 5603.0
1985 9 6664.0
1985 10 6933.0
1985 11 4218.0
1985 12 5595.0
1986 1 5611.0
1986 2 4565.0
1986 3 6103.0
1986 4 6505.0
1986 5 6498.0
1986 6 5182.0
1986 7 5675.0
1986 8 4320.0
1986 9 5067.0
1986 10 4506.0
1986 11 4191.0
1986 12 3412.0
1987 1 3510.0
1987 2 3707.0
1987 3 6571.0
1987 4 5717.0
1987 5 5162.0
1987 6 5491.0
1987 7 4377.0
1987 8 4665.0
1987 9 4409.0
1987 10 3949.0
1987 11 3497.0
1987 12 2779.0
1988 1 1767.0
1988 2 4146.0
1988 3 5415.0
1988 4 4283.0
1988 5 5066.0
1988 6 5073.0
1988 7 3837.0
1988 8 4730.0
1988 9 4222.0
1988 10 4065.0
1988 11 3840.0
1988 12 3062.0
1989 1 3814.0
1989 2 3101.0
1989 3 3480.0
1989 4 4490.0
1989 5 4698.0
1989 6 4784.0
1989 7 4089.0
1989 8 4441.0
1989 9 3462.0
1989 10 3876.0
1989 11 3352.0
1989 12 3318.0
1990 1 4360.0
1990 2 3214.0
1990 3 4219.0
1990 4 3568.0
1990 5 3647.0
1990 6 3925.0
1990 7 3168.0
1990 8 3466.0
1990 9 3245.0
1990 10 2607.0
1990 11 2826.0
1990 12 2112.0
1991 1 2549.0
1991 2 2368.0
1991 3 3532.0
1991 4 3871.0
1991 5 3756.0
1991 6 3433.0
1991 7 3307.0
1991 8 3657.0
1991 9 3723.0
1991 10 3622.0
1991 11 3163.0
1991 12 3190.0
1992 1 4290.0
1992 2 3959.0
1992 3 4713.0
1992 4 4688.0
1992 5 4272.0
1992 6 3725.0
1992 7 4343.0
1992 8 3605.0
1992 9 4616.0
1992 10 3908.0
1992 11 3189.0
1992 12 3955.0
1993 1 3466.0
1993 2 4217.0
1993 3 4793.0
1993 4 6160.0
1993 5 3424.0
1993 6 4663.0
1993 7 4378.0
1993 8 4834.0
1993 9 4516.0
1993 10 4587.0
1993 11 5086.0
1993 12 4839.0
1994 1 3624.0
1994 2 4170.0
1994 3 5975.0
1994 4 5710.0
1994 5 5985.0
1994 6 6205.0
1994 7 4489.0
1994 8 5556.0
1994 9 6028.0
1994 10 5795.0
1994 11 5336.0
1994 12 4276.0
1995 1 3954.0
1995 2 3814.0
1995 3 5609.0
1995 4 4897.0
1995 5 5701.0
1995 6 5657.0
1995 7 4760.0
1995 8 6513.0
1995 9 4745.0
1995 10 5185.0
1995 11 5935.0
1995 12 4622.0
1996 1 4082.0
1996 2 4662.0
1996 3 5480.0
1996 4 6454.0
1996 5 7830.0
1996 6 6007.0
1996 7 5715.0
1996 8 5145.0
1996 9 5106.0
1996 10 5669.0
1996 11 5427.0
1996 12 4801.0
1997 1 4506.0
1997 2 4903.0
1997 3 5969.0
1997 4 7152.0
1997 5 6737.0
1997 6 6676.0
1997 7 6226.0
1997 8 5795.0
1997 9 6172.0
1997 10 7197.0
1997 11 5851.0
1997 12 5698.0
1998 1 4814.0
1998 2 6099.0
1998 3 7952.0
1998 4 7161.0
1998 5 6371.0
1998 6 7016.0
1998 7 6887.0
1998 8 6912.0
1998 9 7185.0
1998 10 6845.0
1998 11 5792.0
1998 12 6811.0
1999 1 6261.0
1999 2 6611.0
1999 3 7885.0
1999 4 6859.0
1999 5 7322.0
1999 6 10046.0
1999 7 7428.0
1999 8 7340.0
1999 9 5566.0
1999 10 5884.0
1999 11 5928.0
1999 12 6138.0
2000 1 4599.0
2000 2 6852.0
2000 3 7762.0
2000 4 6199.0
2000 5 6877.0
2000 6 7906.0
2000 7 5359.0
2000 8 6741.0
2000 9 5561.0
2000 10 6271.0
2000 11 5273.0
2000 12 4635.0
2001 1 7136.0
2001 2 5914.0
2001 3 6676.0
2001 4 7612.0
2001 5 7893.0
2001 6 6951.0
2001 7 6085.0
2001 8 6761.0
2001 9 6392.0
2001 10 6194.0
2001 11 6640.0
2001 12 5372.0
2002 1 5417.0
2002 2 6954.0
2002 3 6487.0
2002 4 7636.0
2002 5 7220.0
2002 6 7167.0
2002 7 6922.0
2002 8 6997.0
2002 9 6173.0
2002 10 6970.0
2002 11 5759.0
2002 12 8234.0
2003 1 6068.0
2003 2 4732.0
2003 3 6322.0
2003 4 6495.0
2003 5 6939.0
2003 6 7342.0
2003 7 6766.0
2003 8 7357.0
2003 9 6638.0
2003 10 7522.0
2003 11 5623.0
2003 12 6303.0
2004 1 6131.0
2004 2 6539.0
2004 3 9659.0
2004 4 8333.0
2004 5 8281.0
2004 6 8050.0
2004 7 8985.0
2004 8 8130.0
2004 9 7022.0
2004 10 6600.0
2004 11 6895.0
2004 12 6887.0
2005 1 6592.0
2005 2 7315.0
2005 3 8254.0
2005 4 9125.0
2005 5 8469.0
2005 6 9163.0
2005 7 8136.0
2005 8 9413.0
2005 9 8245.0
2005 10 7856.0
2005 11 7394.0
2005 12 7191.0
2006 1 8233.0
2006 2 8144.0
2006 3 10140.0
2006 4 9240.0
2006 5 9522.0
2006 6 8974.0
2006 7 7312.0
2006 8 8767.0
2006 9 7789.0
2006 10 7794.0
2006 11 6145.0
2006 12 7608.0
2007 1 7731.0
2007 2 6864.0
2007 3 8554.0
2007 4 7148.0
2007 5 8111.0
2007 6 7844.0
2007 7 6921.0
2007 8 6766.0
2007 9 6185.0
2007 10 5588.0
2007 11 5920.0
2007 12 4419.0
2008 1 5375.0
2008 2 5396.0
2008 3 5348.0
2008 4 5067.0
2008 5 4962.0
2008 6 5530.0
2008 7 6701.0
2008 8 4179.0
2008 9 3692.0
2008 10 3551.0
2008 11 2247.0
2008 12 2260.0
2009 1 2522.0
2009 2 2119.0
2009 3 2640.0
2009 4 3096.0
2009 5 3331.0
2009 6 3502.0
2009 7 2660.0
2009 8 3325.0
2009 9 3375.0
2009 10 2757.0
2009 11 2398.0
2009 12 2364.0
2010 1 2513.0
2010 2 2943.0
2010 3 3680.0
2010 4 3284.0
2010 5 3028.0
2010 6 3323.0
2010 7 3191.0
2010 8 3046.0
2010 9 2248.0
2010 10 2365.0
2010 11 2262.0
2010 12 1994.0
2011 1 2034.0
2011 2 3031.0
2011 3 3406.0
2011 4 2681.0
2011 5 2955.0
2011 6 3037.0
2011 7 2583.0
2011 8 3040.0
2011 9 2221.0
2011 10 2469.0
2011 11 3089.0
2011 12 2417.0
2012 1 3978.0
2012 2 3398.0
2012 3 3750.0
2012 4 3085.0
2012 5 5141.0
2012 6 3883.0
2012 7 4578.0
2012 8 3874.0
2012 9 2990.0
2012 10 4930.0
2012 11 4415.0
2012 12 3522.0
2013 1 3832.0
2013 2 3581.0
2013 3 3861.0
2013 4 4668.0
2013 5 4726.0
2013 6 4311.0
2013 7 3828.0
2013 8 4298.0
2013 9 3896.0
2013 10 4599.0
2013 11 3645.0
2013 12 4086.0
2014 1 3389.0
2014 2 3469.0
2014 3 4164.0
2014 4 4433.0
2014 5 4196.0
2014 6 3763.0
2014 7 4684.0
2014 8 4925.0
2014 9 4669.0
2014 10 4538.0
2014 11 3807.0
2014 12 4277.0
2015 1 3544.0
2015 2 4164.0
2015 3 4010.0
2015 4 4610.0
2015 5 4937.0
2015 6 4658.0
2015 7 4940.0
2015 8 4301.0
2015 9 3905.0
2015 10 4667.0
2015 11 3518.0
2015 12 4364.0
2016 1 2979.0
2016 2 3847.0
2016 3 4663.0
2016 4 5037.0
2016 5 4867.0
2016 6 5210.0
2016 7 5922.0
2016 8 5362.0
2016 9 5124.0
2016 10 4786.0
2016 11 4441.0
2016 12 3792.0
2017 1 4304.0
2017 2 4898.0
2017 3 6641.0
2017 4 3877.0
2017 5 5315.0
2017 6 5410.0
2017 7 6242.0
2017 8 6730.0
2017 9 5068.0
2017 10 5899.0
2017 11 5774.0
2017 12 4694.0
2018 1 6168.0
2018 2 6325.0
2018 3 5582.0
2018 4 6368.0
2018 5 6649.0
2018 6 5519.0
2018 7 6055.0
2018 8 7348.0
2018 9 4247.0
2018 10 5022.0
2018 11 4571.0
2018 12 5512.0
2019 1 4219.0
2019 2 5092.0
2019 3 5174.0
2019 4 5588.0
2019 5 7763.0
2019 6 6114.0
2019 7 5746.0
2019 8 6209.0
2019 9 5589.0
2019 10 6325.0
2019 11 5290.0
2019 12 5044.0
2020 1 5553.0
2020 2 5691.0
2020 3 6699.0
2020 4 4886.0
2020 5 5341.0
2020 6 7052.0
2020 7 6122.0
2020 8 6826.0
2020 9 5905.0
2020 10 6359.0
2020 11 7200.0
2020 12 6018.0
2021 1 6069.0
2021 2 7814.0
2021 3 8638.0
2021 4 8029.0
2021 5 6860.0
2021 6 8339.0
2021 7 7676.0
2021 8 8399.0
2021 9 7802.0
2021 10 8006.0
2021 11 7709.0
2021 12 6479.0
2022 1 8061.0
2022 2 8329.0
2022 3 8109.0
2022 4 9028.0
2022 5 8648.0
2022 6 7106.0
2022 7 6605.0
2022 8 8119.0
2022 9 6943.0
2022 10 6781.0
2022 11 7276.0
2022 12 5062.0
2023 1 7066.0
2023 2 8095.0
2023 3 8515.0
2023 4 7997.0
2023 5 9184.0
2023 6 7820.0
2023 7 7218.0
2023 8 7365.0
2023 9 8318.0
2023 10 9180.0
2023 11 6761.0
2023 12 8080.0
2024 1 7594.0
2024 2 8004.0
2024 3 7680.0
2024 4 8771.0
2024 5 8525.0
2024 6 8368.0
2024 7 8956.0
2024 8 9465.0
