1960 5 829.0
1960 6 919.0
1960 7 837.0
1960 8 852.0
1960 9 755.0
1960 10 724.0
1960 11 709.0
1960 12 596.0
1961 1 611.0
1961 2 615.0
1961 3 960.0
1961 4 740.0
1961 5 1060.0
1961 6 883.0
1961 7 695.0
1961 8 1062.0
1961 9 695.0
1961 10 866.0
1961 11 701.0
1961 12 642.0
1962 1 617.0
1962 2 651.0
1962 3 883.0
1962 4 950.0
1962 5 834.0
1962 6 740.0
1962 7 683.0
1962 8 766.0
1962 9 625.0
1962 10 768.0
1962 11 622.0
1962 12 440.0
1963 1 601.0
1963 2 583.0
1963 3 753.0
1963 4 770.0
1963 5 867.0
1963 6 703.0
1963 7 677.0
1963 8 801.0
1963 9 724.0
1963 10 756.0
1963 11 734.0
1963 12 442.0
1964 1 584.0
1964 2 784.0
1964 3 913.0
1964 4 869.0
1964 5 826.0
1964 6 743.0
1964 7 824.0
1964 8 715.0
1964 9 792.0
1964 10 636.0
1964 11 621.0
1964 12 534.0
1965 1 622.0
1965 2 590.0
1965 3 708.0
1965 4 863.0
1965 5 791.0
1965 6 779.0
1965 7 722.0
1965 8 715.0
1965 9 721.0
1965 10 860.0
1965 11 684.0
1965 12 664.0
1966 1 754.0
1966 2 589.0
1966 3 1083.0
1966 4 838.0
1966 5 718.0
1966 6 760.0
1966 7 546.0
1966 8 650.0
1966 9 472.0
1966 10 501.0
1966 11 641.0
1966 12 459.0
1967 1 641.0
1967 2 612.0
1967 3 880.0
1967 4 798.0
1967 5 1009.0
1967 6 855.0
1967 7 756.0
1967 8 866.0
1967 9 856.0
1967 10 911.0
1967 11 828.0
1967 12 482.0
1968 1 613.0
1968 2 927.0
1968 3 893.0
1968 4 889.0
1968 5 1459.0
1968 6 1287.0
1968 7 1284.0
1968 8 1292.0
1968 9 1487.0
1968 10 1360.0
1968 11 1265.0
1968 12 1069.0
1969 1 1201.0
1969 2 1180.0
1969 3 1404.0
1969 4 1431.0
1969 5 1379.0
1969 6 1399.0
1969 7 1169.0
1969 8 1288.0
1969 9 1127.0
1969 10 1240.0
1969 11 846.0
1969 12 1178.0
1970 1 806.0
1970 2 871.0
1970 3 1236.0
1970 4 1469.0
1970 5 1498.0
1970 6 1271.0
1970 7 1397.0
1970 8 1589.0
1970 9 1595.0
1970 10 1732.0
1970 11 1076.0
1970 12 1343.0
1971 1 1312.0
1971 2 1398.0
1971 3 1821.0
1971 4 1843.0
1971 5 1952.0
1971 6 1860.0
1971 7 1727.0
1971 8 1765.0
1971 9 1811.0
1971 10 1364.0
1971 11 1821.0
1971 12 1475.0
1972 1 1700.0
1972 2 1666.0
1972 3 2255.0
1972 4 2148.0
1972 5 1980.0
1972 6 1967.0
1972 7 1784.0
1972 8 2652.0
1972 9 1741.0
1972 10 1924.0
1972 11 1739.0
1972 12 1170.0
1973 1 1913.0
1973 2 2040.0
1973 3 2285.0
1973 4 2183.0
1973 5 3041.0
1973 6 2222.0
1973 7 2010.0
1973 8 1757.0
1973 9 1589.0
1973 10 1530.0
1973 11 1969.0
1973 12 820.0
1974 1 1253.0
1974 2 1244.0
1974 3 1629.0
1974 4 1707.0
1974 5 1656.0
1974 6 1342.0
1974 7 1369.0
1974 8 1191.0
1974 9 1224.0
1974 10 1020.0
1974 11 776.0
1974 12 724.0
1975 1 724.0
1975 2 796.0
1975 3 1061.0
1975 4 2032.0
1975 5 1665.0
1975 6 1524.0
1975 7 1423.0
1975 8 1616.0
1975 9 1364.0
1975 10 1676.0
1975 11 1371.0
1975 12 1128.0
1976 1 1276.0
1976 2 1661.0
1976 3 2130.0
1976 4 1907.0
1976 5 1918.0
1976 6 2085.0
1976 7 2400.0
1976 8 2219.0
1976 9 1974.0
1976 10 1849.0
1976 11 1836.0
1976 12 1413.0
1977 1 1189.0
1977 2 2163.0
1977 3 2870.0
1977 4 2223.0
1977 5 2543.0
1977 6 2302.0
1977 7 2056.0
1977 8 2545.0
1977 9 2077.0
1977 10 2013.0
1977 11 1882.0
1977 12 1662.0
1978 1 1380.0
1978 2 1653.0
1978 3 2481.0
1978 4 2654.0
1978 5 2444.0
1978 6 2547.0
1978 7 1898.0
1978 8 2336.0
1978 9 2051.0
1978 10 2451.0
1978 11 2090.0
1978 12 1599.0
1979 1 1596.0
1979 2 1338.0
1979 3 2732.0
1979 4 3016.0
1979 5 2909.0
1979 6 2800.0
1979 7 2332.0
1979 8 2731.0
1979 9 2197.0
1979 10 2340.0
1979 11 1645.0
1979 12 1316.0
1980 1 1522.0
1980 2 1531.0
1980 3 1204.0
1980 4 1551.0
1980 5 1664.0
1980 6 2020.0
1980 7 2491.0
1980 8 2249.0
1980 9 2556.0
1980 10 2486.0
1980 11 1914.0
1980 12 1663.0
1981 1 1518.0
1981 2 1497.0
1981 3 1901.0
1981 4 2214.0
1981 5 1774.0
1981 6 1725.0
1981 7 1812.0
1981 8 1510.0
1981 9 1564.0
1981 10 1315.0
1981 11 1227.0
1981 12 1258.0
1982 1 931.0
1982 2 1035.0
1982 3 1619.0
1982 4 1848.0
1982 5 1522.0
1982 6 1777.0
1982 7 1382.0
1982 8 1638.0
1982 9 1885.0
1982 10 1938.0
1982 11 2010.0
1982 12 1674.0
1983 1 1850.0
1983 2 1995.0
1983 3 3065.0
1983 4 2645.0
1983 5 3243.0
1983 6 3197.0
1983 7 2642.0
1983 8 2737.0
1983 9 2569.0
1983 10 2229.0
1983 11 2585.0
1983 12 1672.0
1984 1 2600.0
1984 2 2498.0
1984 3 3235.0
1984 4 3086.0
1984 5 3009.0
1984 6 2957.0
1984 7 2465.0
1984 8 2821.0
1984 9 2773.0
1984 10 3084.0
1984 11 2466.0
1984 12 1990.0
1985 1 2456.0
1985 2 2696.0
1985 3 3845.0
1985 4 3981.0
1985 5 4103.0
1985 6 3392.0
1985 7 3789.0
1985 8 3512.0
1985 9 3569.0
1985 10 4013.0
1985 11 2779.0
1985 12 2543.0
1986 1 3381.0
1986 2 3081.0
1986 3 3872.0
1986 4 4734.0
1986 5 4502.0
1986 6 4269.0
1986 7 4043.0
1986 8 3199.0
1986 9 3614.0
1986 10 3427.0
1986 11 2437.0
1986 12 3040.0
1987 1 2455.0
1987 2 2961.0
1987 3 4314.0
1987 4 4866.0
1987 5 3928.0
1987 6 4322.0
1987 7 3581.0
1987 8 3393.0
1987 9 3304.0
1987 10 3064.0
1987 11 2616.0
1987 12 2215.0
1988 1 1553.0
1988 2 3536.0
1988 3 4258.0
1988 4 3552.0
1988 5 3888.0
1988 6 3852.0
1988 7 2834.0
1988 8 3640.0
1988 9 3376.0
1988 10 3087.0
1988 11 2821.0
1988 12 2542.0
1989 1 2816.0
1989 2 2456.0
1989 3 3115.0
1989 4 3165.0
1989 5 3333.0
1989 6 3488.0
1989 7 3237.0
1989 8 3328.0
1989 9 2700.0
1989 10 2935.0
1989 11 2694.0
1989 12 1966.0
1990 1 2516.0
1990 2 2772.0
1990 3 3725.0
1990 4 3027.0
1990 5 3043.0
1990 6 3319.0
1990 7 2707.0
1990 8 2667.0
1990 9 2528.0
1990 10 2317.0
1990 11 2069.0
1990 12 1645.0
1991 1 1831.0
1991 2 2163.0
1991 3 2816.0
1991 4 3411.0
1991 5 3408.0
1991 6 3026.0
1991 7 3029.0
1991 8 2841.0
1991 9 2992.0
1991 10 3048.0
1991 11 2729.0
1991 12 2401.0
1992 1 3364.0
1992 2 3509.0
1992 3 4407.0
1992 4 4020.0
1992 5 3667.0
1992 6 3387.0
1992 7 3759.0
1992 8 3263.0
1992 9 3746.0
1992 10 3521.0
1992 11 2799.0
1992 12 3193.0
1993 1 3153.0
1993 2 3506.0
1993 3 4189.0
1993 4 5487.0
1993 5 3037.0
1993 6 3963.0
1993 7 3951.0
1993 8 4020.0
1993 9 3898.0
1993 10 4156.0
1993 11 4427.0
1993 12 3784.0
1994 1 3211.0
1994 2 3687.0
1994 3 5077.0
1994 4 4677.0
1994 5 4797.0
1994 6 4776.0
1994 7 3866.0
1994 8 4502.0
1994 9 4062.0
1994 10 3954.0
1994 11 3613.0
1994 12 3549.0
1995 1 3378.0
1995 2 3333.0
1995 3 4727.0
1995 4 3901.0
1995 5 4470.0
1995 6 4223.0
1995 7 4036.0
1995 8 4739.0
1995 9 4042.0
1995 10 4168.0
1995 11 3985.0
1995 12 3480.0
1996 1 3397.0
1996 2 3866.0
1996 3 4947.0
1996 4 5311.0
1996 5 5363.0
1996 6 4980.0
1996 7 4797.0
1996 8 4557.0
1996 9 3747.0
1996 10 4296.0
1996 11 3689.0
1996 12 3626.0
1997 1 3931.0
1997 2 4112.0
1997 3 4787.0
1997 4 5910.0
1997 5 5193.0
1997 6 5019.0
1997 7 4766.0
1997 8 4349.0
1997 9 4560.0
1997 10 4845.0
1997 11 4189.0
1997 12 3631.0
1998 1 3796.0
1998 2 4296.0
1998 3 6038.0
1998 4 5842.0
1998 5 5361.0
1998 6 5877.0
1998 7 5653.0
1998 8 5288.0
1998 9 5329.0
1998 10 5810.0
1998 11 4685.0
1998 12 5185.0
1999 1 4380.0
1999 2 5270.0
1999 3 6374.0
1999 4 5973.0
1999 5 5859.0
1999 6 6491.0
1999 7 5436.0
1999 8 5550.0
1999 9 4755.0
1999 10 4495.0
1999 11 4549.0
1999 12 4275.0
2000 1 3775.0
2000 2 4722.0
2000 3 6334.0
2000 4 4427.0
2000 5 5355.0
2000 6 5686.0
2000 7 4478.0
2000 8 4895.0
2000 9 4323.0
2000 10 4737.0
2000 11 4204.0
2000 12 3501.0
2001 1 4981.0
2001 2 4856.0
2001 3 5535.0
2001 4 5685.0
2001 5 5889.0
2001 6 5670.0
2001 7 5082.0
2001 8 5699.0
2001 9 4312.0
2001 10 4860.0
2001 11 4748.0
2001 12 4009.0
2002 1 4460.0
2002 2 5761.0
2002 3 5639.0
2002 4 6660.0
2002 5 6168.0
2002 6 5553.0
2002 7 5665.0
2002 8 5964.0
2002 9 5065.0
2002 10 5405.0
2002 11 4769.0
2002 12 5895.0
2003 1 4725.0
2003 2 4117.0
2003 3 5488.0
2003 4 5963.0
2003 5 5921.0
2003 6 6457.0
2003 7 5824.0
2003 8 6247.0
2003 9 5652.0
2003 10 6226.0
2003 11 4598.0
2003 12 5256.0
2004 1 5232.0
2004 2 5487.0
2004 3 7589.0
2004 4 6977.0
2004 5 6664.0
2004 6 7544.0
2004 7 6746.0
2004 8 6942.0
2004 9 5834.0
2004 10 5918.0
2004 11 5425.0
2004 12 5735.0
2005 1 5773.0
2005 2 6226.0
2005 3 7261.0
2005 4 7714.0
2005 5 7440.0
2005 6 8137.0
2005 7 7158.0
2005 8 8251.0
2005 9 7294.0
2005 10 6966.0
2005 11 6482.0
2005 12 5922.0
2006 1 6641.0
2006 2 7001.0
2006 3 8223.0
2006 4 7074.0
2006 5 8597.0
2006 6 7551.0
2006 7 6262.0
2006 8 7295.0
2006 9 6068.0
2006 10 6700.0
2006 11 5086.0
2006 12 5569.0
2007 1 6451.0
2007 2 5696.0
2007 3 7062.0
2007 4 6331.0
2007 5 6961.0
2007 6 6219.0
2007 7 5665.0
2007 8 5962.0
2007 9 4783.0
2007 10 4641.0
2007 11 4090.0
2007 12 3376.0
2008 1 4016.0
2008 2 4046.0
2008 3 3925.0
2008 4 3973.0
2008 5 4132.0
2008 6 3760.0
2008 7 3807.0
2008 8 3187.0
2008 9 3080.0
2008 10 2408.0
2008 11 1633.0
2008 12 1571.0
2009 1 1414.0
2009 2 1780.0
2009 3 2089.0
2009 4 2077.0
2009 5 2439.0
2009 6 2581.0
2009 7 2574.0
2009 8 2394.0
2009 9 2274.0
2009 10 2033.0
2009 11 1919.0
2009 12 2209.0
2010 1 2290.0
2010 2 2160.0
2010 3 3287.0
2010 4 2615.0
2010 5 2364.0
2010 6 2381.0
2010 7 2138.0
2010 8 2218.0
2010 9 1927.0
2010 10 1697.0
2010 11 1584.0
2010 12 1561.0
2011 1 1614.0
2011 2 1765.0
2011 3 2226.0
2011 4 2136.0
2011 5 2193.0
2011 6 2463.0
2011 7 1940.0
2011 8 2253.0
2011 9 2060.0
2011 10 1873.0
2011 11 1821.0
2011 12 1811.0
2012 1 1942.0
2012 2 2432.0
2012 3 2605.0
2012 4 2207.0
2012 5 2646.0
2012 6 2688.0
2012 7 2607.0
2012 8 2803.0
2012 9 2380.0
2012 10 2572.0
2012 11 2330.0
2012 12 2313.0
2013 1 2513.0
2013 2 2672.0
2013 3 3065.0
2013 4 3258.0
2013 5 3304.0
2013 6 3143.0
2013 7 3064.0
2013 8 3357.0
2013 9 2767.0
2013 10 2761.0
2013 11 2238.0
2013 12 2427.0
2014 1 2475.0
2014 2 2577.0
2014 3 2960.0
2014 4 3201.0
2014 5 3272.0
2014 6 3106.0
2014 7 3351.0
2014 8 3169.0
2014 9 2983.0
2014 10 3170.0
2014 11 2331.0
2014 12 2676.0
2015 1 2431.0
2015 2 2530.0
2015 3 3353.0
2015 4 3198.0
2015 5 3231.0
2015 6 3349.0
2015 7 3261.0
2015 8 3429.0
2015 9 2870.0
2015 10 3236.0
2015 11 2635.0
2015 12 2861.0
2016 1 2510.0
2016 2 3032.0
2016 3 3596.0
2016 4 3873.0
2016 5 3642.0
2016 6 4186.0
2016 7 3383.0
2016 8 3813.0
2016 9 3425.0
2016 10 3404.0
2016 11 3078.0
2016 12 3073.0
2017 1 3442.0
2017 2 3295.0
2017 3 4711.0
2017 4 3619.0
2017 5 4658.0
2017 6 4379.0
2017 7 4042.0
2017 8 4142.0
2017 9 3600.0
2017 10 4017.0
2017 11 3599.0
2017 12 2939.0
2018 1 3924.0
2018 2 3967.0
2018 3 4401.0
2018 4 4425.0
2018 5 4664.0
2018 6 4462.0
2018 7 4485.0
2018 8 4488.0
2018 9 2969.0
2018 10 3908.0
2018 11 3505.0
2018 12 3089.0
2019 1 3316.0
2019 2 3567.0
2019 3 4144.0
2019 4 4250.0
2019 5 5069.0
2019 6 4251.0
2019 7 4254.0
2019 8 4571.0
2019 9 3878.0
2019 10 4470.0
2019 11 3676.0
2019 12 3586.0
2020 1 4272.0
2020 2 4414.0
2020 3 4932.0
2020 4 4172.0
2020 5 4012.0
2020 6 4745.0
2020 7 5328.0
2020 8 5156.0
2020 9 5222.0
2020 10 5059.0
2020 11 4724.0
2020 12 4642.0
2021 1 4967.0
2021 2 5093.0
2021 3 6436.0
2021 4 5911.0
2021 5 5635.0
2021 6 6056.0
2021 7 5440.0
2021 8 5645.0
2021 9 4892.0
2021 10 4858.0
2021 11 5009.0
2021 12 4666.0
2022 1 5228.0
2022 2 6324.0
2022 3 7143.0
2022 4 6506.0
2022 5 6084.0
2022 6 5796.0
2022 7 4917.0
2022 8 5367.0
2022 9 4773.0
2022 10 4577.0
2022 11 4035.0
2022 12 3533.0
2023 1 4254.0
2023 2 4768.0
2023 3 6164.0
2023 4 5314.0
2023 5 6375.0
2023 6 6012.0
2023 7 5255.0
2023 8 5878.0
2023 9 5566.0
2023 10 5588.0
2023 11 5034.0
2023 12 4505.0
2024 1 5556.0
2024 2 5757.0
2024 3 6101.0
2024 4 6482.0
2024 5 6643.0
2024 6 5528.0
2024 7 6138.0
2024 8 6117.0
