1960 5 182.0
1960 6 151.0
1960 7 174.0
1960 8 157.0
1960 9 127.0
1960 10 144.0
1960 11 60.0
1960 12 13.0
1961 1 9.0
1961 2 26.0
1961 3 70.0
1961 4 109.0
1961 5 121.0
1961 6 117.0
1961 7 122.0
1961 8 132.0
1961 9 121.0
1961 10 183.0
1961 11 90.0
1961 12 19.0
1962 1 11.0
1962 2 13.0
1962 3 48.0
1962 4 123.0
1962 5 129.0
1962 6 119.0
1962 7 113.0
1962 8 155.0
1962 9 98.0
1962 10 176.0
1962 11 113.0
1962 12 46.0
1963 1 8.0
1963 2 10.0
1963 3 55.0
1963 4 131.0
1963 5 149.0
1963 6 108.0
1963 7 118.0
1963 8 112.0
1963 9 89.0
1963 10 189.0
1963 11 97.0
1963 12 35.0
1964 1 12.0
1964 2 14.0
1964 3 34.0
1964 4 117.0
1964 5 162.0
1964 6 110.0
1964 7 132.0
1964 8 93.0
1964 9 111.0
1964 10 154.0
1964 11 79.0
1964 12 10.0
1965 1 4.0
1965 2 15.0
1965 3 31.0
1965 4 109.0
1965 5 145.0
1965 6 121.0
1965 7 108.0
1965 8 97.0
1965 9 111.0
1965 10 131.0
1965 11 103.0
1965 12 38.0
1966 1 7.0
1966 2 11.0
1966 3 24.0
1966 4 96.0
1966 5 108.0
1966 6 98.0
1966 7 61.0
1966 8 64.0
1966 9 47.0
1966 10 76.0
1966 11 45.0
1966 12 11.0
1967 1 4.0
1967 2 9.0
1967 3 21.0
1967 4 100.0
1967 5 77.0
1967 6 72.0
1967 7 69.0
1967 8 72.0
1967 9 109.0
1967 10 114.0
1967 11 74.0
1967 12 30.0
1968 1 32.0
1968 2 5.0
1968 3 40.0
1968 4 119.0
1968 5 104.0
1968 6 109.0
1968 7 101.0
1968 8 128.0
1968 9 103.0
1968 10 135.0
1968 11 112.0
1968 12 28.0
1969 1 11.0
1969 2 12.0
1969 3 18.0
1969 4 89.0
1969 5 121.0
1969 6 95.0
1969 7 102.0
1969 8 62.0
1969 9 109.0
1969 10 106.0
1969 11 61.0
1969 12 27.0
1970 1 21.0
1970 2 13.0
1970 3 18.0
1970 4 73.0
1970 5 101.0
1970 6 119.0
1970 7 92.0
1970 8 145.0
1970 9 113.0
1970 10 129.0
1970 11 92.0
1970 12 66.0
1971 1 11.0
1971 2 11.0
1971 3 24.0
1971 4 178.0
1971 5 213.0
1971 6 144.0
1971 7 141.0
1971 8 259.0
1971 9 178.0
1971 10 149.0
1971 11 121.0
1971 12 17.0
1972 1 5.0
1972 2 1.0
1972 3 22.0
1972 4 170.0
1972 5 251.0
1972 6 195.0
1972 7 138.0
1972 8 106.0
1972 9 250.0
1972 10 159.0
1972 11 101.0
1972 12 13.0
1973 1 7.0
1973 2 4.0
1973 3 111.0
1973 4 242.0
1973 5 244.0
1973 6 212.0
1973 7 115.0
1973 8 219.0
1973 9 112.0
1973 10 162.0
1973 11 71.0
1973 12 36.0
1974 1 1.0
1974 2 9.0
1974 3 43.0
1974 4 170.0
1974 5 185.0
1974 6 152.0
1974 7 166.0
1974 8 179.0
1974 9 154.0
1974 10 274.0
1974 11 99.0
1974 12 62.0
1975 1 5.0
1975 2 2.0
1975 3 70.0
1975 4 114.0
1975 5 243.0
1975 6 212.0
1975 7 189.0
1975 8 250.0
1975 9 300.0
1975 10 348.0
1975 11 159.0
1975 12 42.0
1976 1 9.0
1976 2 26.0
1976 3 162.0
1976 4 322.0
1976 5 367.0
1976 6 350.0
1976 7 316.0
1976 8 278.0
1976 9 281.0
1976 10 344.0
1976 11 227.0
1976 12 32.0
1977 1 6.0
1977 2 33.0
1977 3 164.0
1977 4 451.0
1977 5 353.0
1977 6 347.0
1977 7 291.0
1977 8 366.0
1977 9 288.0
1977 10 318.0
1977 11 196.0
1977 12 27.0
1978 1 11.0
1978 2 38.0
1978 3 137.0
1978 4 385.0
1978 5 431.0
1978 6 396.0
1978 7 285.0
1978 8 360.0
1978 9 312.0
1978 10 365.0
1978 11 171.0
1978 12 22.0
1979 1 22.0
1979 2 19.0
1979 3 76.0
1979 4 206.0
1979 5 319.0
1979 6 345.0
1979 7 356.0
1979 8 257.0
1979 9 231.0
1979 10 219.0
1979 11 81.0
1979 12 25.0
1980 1 8.0
1980 2 10.0
1980 3 31.0
1980 4 118.0
1980 5 136.0
1980 6 107.0
1980 7 181.0
1980 8 213.0
1980 9 349.0
1980 10 246.0
1980 11 101.0
1980 12 21.0
1981 1 15.0
1981 2 8.0
1981 3 73.0
1981 4 95.0
1981 5 112.0
1981 6 85.0
1981 7 103.0
1981 8 76.0
1981 9 99.0
1981 10 107.0
1981 11 68.0
1981 12 21.0
1982 1 4.0
1982 2 4.0
1982 3 17.0
1982 4 92.0
1982 5 88.0
1982 6 143.0
1982 7 96.0
1982 8 131.0
1982 9 166.0
1982 10 140.0
1982 11 87.0
1982 12 13.0
1983 1 6.0
1983 2 8.0
1983 3 52.0
1983 4 138.0
1983 5 216.0
1983 6 228.0
1983 7 167.0
1983 8 176.0
1983 9 189.0
1983 10 227.0
1983 11 133.0
1983 12 34.0
1984 1 18.0
1984 2 31.0
1984 3 89.0
1984 4 199.0
1984 5 175.0
1984 6 129.0
1984 7 170.0
1984 8 87.0
1984 9 144.0
1984 10 146.0
1984 11 114.0
1984 12 25.0
1985 1 7.0
1985 2 7.0
1985 3 47.0
1985 4 124.0
1985 5 160.0
1985 6 83.0
1985 7 95.0
1985 8 80.0
1985 9 74.0
1985 10 123.0
1985 11 71.0
1985 12 12.0
1986 1 8.0
1986 2 5.0
1986 3 54.0
1986 4 77.0
1986 5 103.0
1986 6 105.0
1986 7 78.0
1986 8 99.0
1986 9 81.0
1986 10 127.0
1986 11 35.0
1986 12 25.0
1987 1 16.0
1987 2 9.0
1987 3 41.0
1987 4 143.0
1987 5 89.0
1987 6 102.0
1987 7 107.0
1987 8 101.0
1987 9 100.0
1987 10 126.0
1987 11 56.0
1987 12 34.0
1988 1 4.0
1988 2 8.0
1988 3 21.0
1988 4 109.0
1988 5 118.0
1988 6 137.0
1988 7 69.0
1988 8 89.0
1988 9 105.0
1988 10 90.0
1988 11 67.0
1988 12 17.0
1989 1 10.0
1989 2 13.0
1989 3 36.0
1989 4 85.0
1989 5 87.0
1989 6 83.0
1989 7 94.0
1989 8 78.0
1989 9 78.0
1989 10 112.0
1989 11 57.0
1989 12 12.0
1990 1 8.0
1990 2 18.0
1990 3 23.0
1990 4 98.0
1990 5 97.0
1990 6 86.0
1990 7 72.0
1990 8 84.0
1990 9 97.0
1990 10 106.0
1990 11 53.0
1990 12 12.0
1991 1 4.0
1991 2 15.0
1991 3 50.0
1991 4 133.0
1991 5 94.0
1991 6 78.0
1991 7 95.0
1991 8 110.0
1991 9 108.0
1991 10 135.0
1991 11 41.0
1991 12 23.0
1992 1 33.0
1992 2 18.0
1992 3 117.0
1992 4 178.0
1992 5 162.0
1992 6 153.0
1992 7 115.0
1992 8 135.0
1992 9 156.0
1992 10 134.0
1992 11 67.0
1992 12 26.0
1993 1 28.0
1993 2 14.0
1993 3 85.0
1993 4 200.0
1993 5 201.0
1993 6 167.0
1993 7 122.0
1993 8 171.0
1993 9 207.0
1993 10 182.0
1993 11 99.0
1993 12 22.0
1994 1 3.0
1994 2 19.0
1994 3 89.0
1994 4 220.0
1994 5 194.0
1994 6 205.0
1994 7 192.0
1994 8 125.0
1994 9 216.0
1994 10 161.0
1994 11 119.0
1994 12 34.0
1995 1 17.0
1995 2 15.0
1995 3 70.0
1995 4 152.0
1995 5 204.0
1995 6 149.0
1995 7 148.0
1995 8 169.0
1995 9 177.0
1995 10 161.0
1995 11 69.0
1995 12 29.0
1996 1 14.0
1996 2 17.0
1996 3 47.0
1996 4 190.0
1996 5 194.0
1996 6 145.0
1996 7 178.0
1996 8 185.0
1996 9 219.0
1996 10 141.0
1996 11 57.0
1996 12 14.0
1997 1 4.0
1997 2 22.0
1997 3 54.0
1997 4 102.0
1997 5 148.0
1997 6 133.0
1997 7 122.0
1997 8 106.0
1997 9 117.0
1997 10 105.0
1997 11 43.0
1997 12 28.0
1998 1 16.0
1998 2 23.0
1998 3 105.0
1998 4 234.0
1998 5 181.0
1998 6 148.0
1998 7 178.0
1998 8 149.0
1998 9 253.0
1998 10 225.0
1998 11 119.0
1998 12 95.0
1999 1 18.0
1999 2 18.0
1999 3 97.0
1999 4 215.0
1999 5 137.0
1999 6 156.0
1999 7 151.0
1999 8 212.0
1999 9 190.0
1999 10 168.0
1999 11 94.0
1999 12 44.0
2000 1 25.0
2000 2 31.0
2000 3 107.0
2000 4 119.0
2000 5 150.0
2000 6 142.0
2000 7 113.0
2000 8 99.0
2000 9 149.0
2000 10 141.0
2000 11 65.0
2000 12 16.0
2001 1 8.0
2001 2 34.0
2001 3 77.0
2001 4 184.0
2001 5 177.0
2001 6 170.0
2001 7 124.0
2001 8 134.0
2001 9 139.0
2001 10 182.0
2001 11 93.0
2001 12 32.0
2002 1 28.0
2002 2 38.0
2002 3 82.0
2002 4 195.0
2002 5 182.0
2002 6 189.0
2002 7 201.0
2002 8 214.0
2002 9 287.0
2002 10 168.0
2002 11 134.0
2002 12 27.0
2003 1 44.0
2003 2 41.0
2003 3 88.0
2003 4 270.0
2003 5 233.0
2003 6 251.0
2003 7 259.0
2003 8 339.0
2003 9 247.0
2003 10 240.0
2003 11 148.0
2003 12 45.0
2004 1 26.0
2004 2 23.0
2004 3 196.0
2004 4 302.0
2004 5 277.0
2004 6 350.0
2004 7 249.0
2004 8 266.0
2004 9 227.0
2004 10 228.0
2004 11 109.0
2004 12 105.0
2005 1 10.0
2005 2 40.0
2005 3 144.0
2005 4 277.0
2005 5 192.0
2005 6 222.0
2005 7 196.0
2005 8 285.0
2005 9 333.0
2005 10 287.0
2005 11 118.0
2005 12 36.0
2006 1 18.0
2006 2 32.0
2006 3 122.0
2006 4 278.0
2006 5 224.0
2006 6 289.0
2006 7 208.0
2006 8 239.0
2006 9 207.0
2006 10 175.0
2006 11 103.0
2006 12 63.0
2007 1 23.0
2007 2 82.0
2007 3 135.0
2007 4 264.0
2007 5 285.0
2007 6 251.0
2007 7 204.0
2007 8 233.0
2007 9 197.0
2007 10 244.0
2007 11 154.0
2007 12 44.0
2008 1 16.0
2008 2 36.0
2008 3 97.0
2008 4 289.0
2008 5 239.0
2008 6 149.0
2008 7 193.0
2008 8 157.0
2008 9 194.0
2008 10 195.0
2008 11 99.0
2008 12 45.0
2009 1 1.0
2009 2 7.0
2009 3 8.0
2009 4 122.0
2009 5 263.0
2009 6 288.0
2009 7 236.0
2009 8 251.0
2009 9 245.0
2009 10 213.0
2009 11 125.0
2009 12 40.0
2010 1 8.0
2010 2 15.0
2010 3 144.0
2010 4 417.0
2010 5 289.0
2010 6 216.0
2010 7 183.0
2010 8 177.0
2010 9 213.0
2010 10 210.0
2010 11 163.0
2010 12 38.0
2011 1 22.0
2011 2 23.0
2011 3 109.0
2011 4 296.0
2011 5 333.0
2011 6 240.0
2011 7 287.0
2011 8 286.0
2011 9 300.0
2011 10 266.0
2011 11 173.0
2011 12 124.0
2012 1 72.0
2012 2 151.0
2012 3 357.0
2012 4 365.0
2012 5 426.0
2012 6 323.0
2012 7 319.0
2012 8 415.0
2012 9 362.0
2012 10 471.0
2012 11 219.0
2012 12 98.0
2013 1 75.0
2013 2 88.0
2013 3 205.0
2013 4 510.0
2013 5 473.0
2013 6 455.0
2013 7 411.0
2013 8 519.0
2013 9 388.0
2013 10 378.0
2013 11 376.0
2013 12 143.0
2014 1 105.0
2014 2 300.0
2014 3 325.0
2014 4 461.0
2014 5 818.0
2014 6 1090.0
2014 7 1021.0
2014 8 427.0
2014 9 859.0
2014 10 957.0
2014 11 189.0
2014 12 190.0
2015 1 76.0
2015 2 34.0
2015 3 160.0
2015 4 408.0
2015 5 411.0
2015 6 447.0
2015 7 427.0
2015 8 234.0
2015 9 325.0
2015 10 424.0
2015 11 191.0
2015 12 56.0
2016 1 71.0
2016 2 56.0
2016 3 245.0
2016 4 345.0
2016 5 309.0
2016 6 265.0
2016 7 198.0
2016 8 268.0
2016 9 286.0
2016 10 281.0
2016 11 132.0
2016 12 31.0
2017 1 23.0
2017 2 50.0
2017 3 138.0
2017 4 262.0
2017 5 309.0
2017 6 251.0
2017 7 227.0
2017 8 196.0
2017 9 202.0
2017 10 271.0
2017 11 157.0
2017 12 36.0
2018 1 22.0
2018 2 39.0
2018 3 119.0
2018 4 233.0
2018 5 267.0
2018 6 258.0
2018 7 195.0
2018 8 238.0
2018 9 268.0
2018 10 214.0
2018 11 93.0
2018 12 55.0
2019 1 43.0
2019 2 32.0
2019 3 71.0
2019 4 263.0
2019 5 225.0
2019 6 214.0
2019 7 168.0
2019 8 243.0
2019 9 261.0
2019 10 171.0
2019 11 100.0
2019 12 35.0
2020 1 36.0
2020 2 47.0
2020 3 155.0
2020 4 188.0
2020 5 217.0
2020 6 237.0
2020 7 216.0
2020 8 259.0
2020 9 360.0
2020 10 250.0
2020 11 104.0
2020 12 55.0
2021 1 48.0
2021 2 55.0
2021 3 255.0
2021 4 260.0
2021 5 243.0
2021 6 198.0
2021 7 245.0
2021 8 229.0
2021 9 184.0
2021 10 163.0
2021 11 139.0
2021 12 43.0
2022 1 33.0
2022 2 61.0
2022 3 191.0
2022 4 247.0
2022 5 267.0
2022 6 201.0
2022 7 186.0
2022 8 265.0
2022 9 273.0
2022 10 134.0
2022 11 100.0
2022 12 29.0
2023 1 38.0
2023 2 36.0
2023 3 103.0
2023 4 160.0
2023 5 215.0
2023 6 176.0
2023 7 155.0
2023 8 195.0
2023 9 197.0
2023 10 159.0
2023 11 52.0
2023 12 32.0
2024 1 25.0
2024 2 38.0
2024 3 106.0
2024 4 247.0
2024 5 190.0
2024 6 197.0
2024 7 168.0
2024 8 159.0
