1960 5 200.0
1960 6 168.0
1960 7 239.0
1960 8 184.0
1960 9 172.0
1960 10 207.0
1960 11 74.0
1960 12 15.0
1961 1 13.0
1961 2 57.0
1961 3 94.0
1961 4 147.0
1961 5 133.0
1961 6 129.0
1961 7 156.0
1961 8 164.0
1961 9 167.0
1961 10 207.0
1961 11 128.0
1961 12 33.0
1962 1 19.0
1962 2 21.0
1962 3 48.0
1962 4 148.0
1962 5 165.0
1962 6 163.0
1962 7 139.0
1962 8 182.0
1962 9 151.0
1962 10 257.0
1962 11 223.0
1962 12 76.0
1963 1 8.0
1963 2 10.0
1963 3 69.0
1963 4 217.0
1963 5 226.0
1963 6 168.0
1963 7 165.0
1963 8 159.0
1963 9 195.0
1963 10 290.0
1963 11 137.0
1963 12 61.0
1964 1 16.0
1964 2 114.0
1964 3 63.0
1964 4 193.0
1964 5 196.0
1964 6 121.0
1964 7 150.0
1964 8 159.0
1964 9 152.0
1964 10 287.0
1964 11 112.0
1964 12 14.0
1965 1 10.0
1965 2 23.0
1965 3 69.0
1965 4 126.0
1965 5 211.0
1965 6 161.0
1965 7 114.0
1965 8 174.0
1965 9 156.0
1965 10 246.0
1965 11 129.0
1965 12 53.0
1966 1 15.0
1966 2 11.0
1966 3 32.0
1966 4 153.0
1966 5 196.0
1966 6 106.0
1966 7 99.0
1966 8 104.0
1966 9 47.0
1966 10 168.0
1966 11 77.0
1966 12 11.0
1967 1 22.0
1967 2 9.0
1967 3 45.0
1967 4 153.0
1967 5 152.0
1967 6 78.0
1967 7 103.0
1967 8 155.0
1967 9 165.0
1967 10 170.0
1967 11 113.0
1967 12 57.0
1968 1 32.0
1968 2 39.0
1968 3 54.0
1968 4 205.0
1968 5 311.0
1968 6 143.0
1968 7 355.0
1968 8 203.0
1968 9 233.0
1968 10 312.0
1968 11 273.0
1968 12 67.0
1969 1 11.0
1969 2 12.0
1969 3 52.0
1969 4 159.0
1969 5 168.0
1969 6 237.0
1969 7 450.0
1969 8 180.0
1969 9 252.0
1969 10 326.0
1969 11 225.0
1969 12 27.0
1970 1 21.0
1970 2 13.0
1970 3 61.0
1970 4 143.0
1970 5 310.0
1970 6 286.0
1970 7 98.0
1970 8 257.0
1970 9 289.0
1970 10 335.0
1970 11 311.0
1970 12 66.0
1971 1 27.0
1971 2 41.0
1971 3 39.0
1971 4 281.0
1971 5 347.0
1971 6 359.0
1971 7 260.0
1971 8 454.0
1971 9 395.0
1971 10 341.0
1971 11 253.0
1971 12 57.0
1972 1 275.0
1972 2 13.0
1972 3 322.0
1972 4 548.0
1972 5 450.0
1972 6 439.0
1972 7 286.0
1972 8 360.0
1972 9 393.0
1972 10 277.0
1972 11 518.0
1972 12 47.0
1973 1 67.0
1973 2 44.0
1973 3 391.0
1973 4 441.0
1973 5 382.0
1973 6 304.0
1973 7 143.0
1973 8 633.0
1973 9 233.0
1973 10 483.0
1973 11 238.0
1973 12 132.0
1974 1 73.0
1974 2 9.0
1974 3 179.0
1974 4 366.0
1974 5 274.0
1974 6 287.0
1974 7 279.0
1974 8 518.0
1974 9 237.0
1974 10 589.0
1974 11 155.0
1974 12 108.0
1975 1 5.0
1975 2 26.0
1975 3 106.0
1975 4 455.0
1975 5 436.0
1975 6 487.0
1975 7 490.0
1975 8 496.0
1975 9 655.0
1975 10 650.0
1975 11 529.0
1975 12 122.0
1976 1 29.0
1976 2 87.0
1976 3 181.0
1976 4 845.0
1976 5 622.0
1976 6 655.0
1976 7 579.0
1976 8 464.0
1976 9 863.0
1976 10 782.0
1976 11 485.0
1976 12 227.0
1977 1 27.0
1977 2 70.0
1977 3 535.0
1977 4 775.0
1977 5 846.0
1977 6 649.0
1977 7 677.0
1977 8 542.0
1977 9 611.0
1977 10 816.0
1977 11 355.0
1977 12 27.0
1978 1 35.0
1978 2 134.0
1978 3 326.0
1978 4 684.0
1978 5 627.0
1978 6 711.0
1978 7 690.0
1978 8 545.0
1978 9 737.0
1978 10 824.0
1978 11 379.0
1978 12 120.0
1979 1 76.0
1979 2 37.0
1979 3 113.0
1979 4 362.0
1979 5 831.0
1979 6 734.0
1979 7 567.0
1979 8 438.0
1979 9 537.0
1979 10 578.0
1979 11 206.0
1979 12 25.0
1980 1 20.0
1980 2 58.0
1980 3 47.0
1980 4 167.0
1980 5 332.0
1980 6 207.0
1980 7 290.0
1980 8 453.0
1980 9 540.0
1980 10 370.0
1980 11 233.0
1980 12 169.0
1981 1 15.0
1981 2 24.0
1981 3 112.0
1981 4 226.0
1981 5 301.0
1981 6 119.0
1981 7 187.0
1981 8 120.0
1981 9 241.0
1981 10 305.0
1981 11 137.0
1981 12 69.0
1982 1 17.0
1982 2 4.0
1982 3 41.0
1982 4 145.0
1982 5 152.0
1982 6 279.0
1982 7 212.0
1982 8 166.0
1982 9 258.0
1982 10 327.0
1982 11 275.0
1982 12 51.0
1983 1 158.0
1983 2 32.0
1983 3 134.0
1983 4 532.0
1983 5 661.0
1983 6 542.0
1983 7 425.0
1983 8 328.0
1983 9 416.0
1983 10 465.0
1983 11 441.0
1983 12 60.0
1984 1 87.0
1984 2 48.0
1984 3 225.0
1984 4 390.0
1984 5 346.0
1984 6 236.0
1984 7 386.0
1984 8 220.0
1984 9 353.0
1984 10 492.0
1984 11 298.0
1984 12 52.0
1985 1 31.0
1985 2 22.0
1985 3 94.0
1985 4 301.0
1985 5 320.0
1985 6 206.0
1985 7 271.0
1985 8 326.0
1985 9 364.0
1985 10 359.0
1985 11 243.0
1985 12 251.0
1986 1 10.0
1986 2 5.0
1986 3 88.0
1986 4 220.0
1986 5 245.0
1986 6 252.0
1986 7 167.0
1986 8 217.0
1986 9 192.0
1986 10 207.0
1986 11 43.0
1986 12 68.0
1987 1 44.0
1987 2 122.0
1987 3 48.0
1987 4 215.0
1987 5 219.0
1987 6 130.0
1987 7 224.0
1987 8 214.0
1987 9 283.0
1987 10 200.0
1987 11 80.0
1987 12 100.0
1988 1 6.0
1988 2 8.0
1988 3 79.0
1988 4 284.0
1988 5 304.0
1988 6 168.0
1988 7 108.0
1988 8 274.0
1988 9 247.0
1988 10 184.0
1988 11 91.0
1988 12 23.0
1989 1 42.0
1989 2 13.0
1989 3 125.0
1989 4 201.0
1989 5 306.0
1989 6 190.0
1989 7 202.0
1989 8 479.0
1989 9 155.0
1989 10 366.0
1989 11 71.0
1989 12 56.0
1990 1 8.0
1990 2 38.0
1990 3 65.0
1990 4 183.0
1990 5 157.0
1990 6 137.0
1990 7 94.0
1990 8 209.0
1990 9 236.0
1990 10 190.0
1990 11 92.0
1990 12 16.0
1991 1 4.0
1991 2 15.0
1991 3 176.0
1991 4 271.0
1991 5 358.0
1991 6 113.0
1991 7 225.0
1991 8 167.0
1991 9 184.0
1991 10 249.0
1991 11 65.0
1991 12 106.0
1992 1 33.0
1992 2 18.0
1992 3 145.0
1992 4 575.0
1992 5 339.0
1992 6 223.0
1992 7 180.0
1992 8 165.0
1992 9 238.0
1992 10 178.0
1992 11 160.0
1992 12 140.0
1993 1 28.0
1993 2 62.0
1993 3 117.0
1993 4 325.0
1993 5 375.0
1993 6 284.0
1993 7 204.0
1993 8 370.0
1993 9 415.0
1993 10 429.0
1993 11 167.0
1993 12 44.0
1994 1 39.0
1994 2 34.0
1994 3 188.0
1994 4 339.0
1994 5 507.0
1994 6 406.0
1994 7 325.0
1994 8 308.0
1994 9 408.0
1994 10 530.0
1994 11 201.0
1994 12 173.0
1995 1 17.0
1995 2 32.0
1995 3 112.0
1995 4 295.0
1995 5 475.0
1995 6 343.0
1995 7 298.0
1995 8 250.0
1995 9 447.0
1995 10 482.0
1995 11 154.0
1995 12 61.0
1996 1 14.0
1996 2 17.0
1996 3 47.0
1996 4 213.0
1996 5 366.0
1996 6 309.0
1996 7 219.0
1996 8 268.0
1996 9 315.0
1996 10 297.0
1996 11 128.0
1996 12 14.0
1997 1 28.0
1997 2 82.0
1997 3 102.0
1997 4 230.0
1997 5 324.0
1997 6 148.0
1997 7 217.0
1997 8 276.0
1997 9 395.0
1997 10 384.0
1997 11 156.0
1997 12 151.0
1998 1 16.0
1998 2 25.0
1998 3 188.0
1998 4 332.0
1998 5 252.0
1998 6 295.0
1998 7 308.0
1998 8 300.0
1998 9 533.0
1998 10 416.0
1998 11 275.0
1998 12 142.0
1999 1 25.0
1999 2 30.0
1999 3 194.0
1999 4 449.0
1999 5 214.0
1999 6 291.0
1999 7 268.0
1999 8 380.0
1999 9 270.0
1999 10 223.0
1999 11 191.0
1999 12 114.0
2000 1 79.0
2000 2 35.0
2000 3 136.0
2000 4 343.0
2000 5 279.0
2000 6 196.0
2000 7 182.0
2000 8 135.0
2000 9 260.0
2000 10 161.0
2000 11 86.0
2000 12 71.0
2001 1 48.0
2001 2 41.0
2001 3 87.0
2001 4 319.0
2001 5 322.0
2001 6 388.0
2001 7 154.0
2001 8 294.0
2001 9 224.0
2001 10 341.0
2001 11 143.0
2001 12 56.0
2002 1 80.0
2002 2 66.0
2002 3 112.0
2002 4 372.0
2002 5 513.0
2002 6 285.0
2002 7 345.0
2002 8 510.0
2002 9 409.0
2002 10 282.0
2002 11 153.0
2002 12 56.0
2003 1 131.0
2003 2 41.0
2003 3 92.0
2003 4 401.0
2003 5 493.0
2003 6 420.0
2003 7 396.0
2003 8 540.0
2003 9 341.0
2003 10 354.0
2003 11 244.0
2003 12 55.0
2004 1 55.0
2004 2 28.0
2004 3 270.0
2004 4 669.0
2004 5 497.0
2004 6 523.0
2004 7 385.0
2004 8 375.0
2004 9 386.0
2004 10 320.0
2004 11 145.0
2004 12 133.0
2005 1 24.0
2005 2 292.0
2005 3 256.0
2005 4 424.0
2005 5 539.0
2005 6 342.0
2005 7 228.0
2005 8 362.0
2005 9 369.0
2005 10 449.0
2005 11 214.0
2005 12 293.0
2006 1 23.0
2006 2 32.0
2006 3 157.0
2006 4 353.0
2006 5 420.0
2006 6 483.0
2006 7 236.0
2006 8 407.0
2006 9 421.0
2006 10 290.0
2006 11 196.0
2006 12 184.0
2007 1 101.0
2007 2 82.0
2007 3 153.0
2007 4 354.0
2007 5 516.0
2007 6 264.0
2007 7 280.0
2007 8 287.0
2007 9 338.0
2007 10 320.0
2007 11 335.0
2007 12 52.0
2008 1 70.0
2008 2 56.0
2008 3 220.0
2008 4 402.0
2008 5 289.0
2008 6 185.0
2008 7 289.0
2008 8 486.0
2008 9 361.0
2008 10 302.0
2008 11 150.0
2008 12 49.0
2009 1 1.0
2009 2 67.0
2009 3 8.0
2009 4 143.0
2009 5 372.0
2009 6 381.0
2009 7 567.0
2009 8 414.0
2009 9 396.0
2009 10 374.0
2009 11 225.0
2009 12 100.0
2010 1 101.0
2010 2 15.0
2010 3 177.0
2010 4 421.0
2010 5 314.0
2010 6 300.0
2010 7 431.0
2010 8 451.0
2010 9 379.0
2010 10 399.0
2010 11 240.0
2010 12 275.0
2011 1 58.0
2011 2 128.0
2011 3 251.0
2011 4 316.0
2011 5 616.0
2011 6 481.0
2011 7 397.0
2011 8 636.0
2011 9 617.0
2011 10 535.0
2011 11 345.0
2011 12 230.0
2012 1 128.0
2012 2 219.0
2012 3 741.0
2012 4 634.0
2012 5 592.0
2012 6 586.0
2012 7 555.0
2012 8 685.0
2012 9 600.0
2012 10 979.0
2012 11 365.0
2012 12 667.0
2013 1 75.0
2013 2 368.0
2013 3 477.0
2013 4 740.0
2013 5 1314.0
2013 6 1123.0
2013 7 1002.0
2013 8 988.0
2013 9 789.0
2013 10 1459.0
2013 11 637.0
2013 12 251.0
2014 1 105.0
2014 2 471.0
2014 3 737.0
2014 4 1107.0
2014 5 1057.0
2014 6 1824.0
2014 7 1649.0
2014 8 937.0
2014 9 1213.0
2014 10 1555.0
2014 11 534.0
2014 12 502.0
2015 1 110.0
2015 2 145.0
2015 3 487.0
2015 4 586.0
2015 5 1074.0
2015 6 863.0
2015 7 966.0
2015 8 678.0
2015 9 726.0
2015 10 778.0
2015 11 535.0
2015 12 94.0
2016 1 165.0
2016 2 175.0
2016 3 362.0
2016 4 476.0
2016 5 512.0
2016 6 381.0
2016 7 534.0
2016 8 457.0
2016 9 480.0
2016 10 481.0
2016 11 291.0
2016 12 150.0
2017 1 65.0
2017 2 171.0
2017 3 138.0
2017 4 416.0
2017 5 505.0
2017 6 337.0
2017 7 309.0
2017 8 314.0
2017 9 442.0
2017 10 612.0
2017 11 171.0
2017 12 36.0
2018 1 36.0
2018 2 44.0
2018 3 129.0
2018 4 321.0
2018 5 571.0
2018 6 304.0
2018 7 308.0
2018 8 404.0
2018 9 675.0
2018 10 342.0
2018 11 111.0
2018 12 112.0
2019 1 45.0
2019 2 32.0
2019 3 86.0
2019 4 281.0
2019 5 314.0
2019 6 219.0
2019 7 288.0
2019 8 335.0
2019 9 570.0
2019 10 203.0
2019 11 200.0
2019 12 35.0
2020 1 36.0
2020 2 47.0
2020 3 261.0
2020 4 419.0
2020 5 240.0
2020 6 433.0
2020 7 457.0
2020 8 330.0
2020 9 469.0
2020 10 340.0
2020 11 248.0
2020 12 168.0
2021 1 204.0
2021 2 69.0
2021 3 299.0
2021 4 337.0
2021 5 496.0
2021 6 289.0
2021 7 385.0
2021 8 286.0
2021 9 229.0
2021 10 192.0
2021 11 253.0
2021 12 199.0
2022 1 35.0
2022 2 61.0
2022 3 214.0
2022 4 254.0
2022 5 340.0
2022 6 720.0
2022 7 430.0
2022 8 285.0
2022 9 321.0
2022 10 565.0
2022 11 163.0
2022 12 98.0
2023 1 137.0
2023 2 253.0
2023 3 216.0
2023 4 164.0
2023 5 450.0
2023 6 204.0
2023 7 306.0
2023 8 403.0
2023 9 263.0
2023 10 175.0
2023 11 54.0
2023 12 32.0
2024 1 29.0
2024 2 54.0
2024 3 117.0
2024 4 361.0
2024 5 196.0
2024 6 418.0
2024 7 212.0
2024 8 171.0
