1960 5 93.0
1960 6 101.0
1960 7 46.0
1960 8 114.0
1960 9 132.0
1960 10 119.0
1960 11 157.0
1960 12 101.0
1961 1 92.0
1961 2 125.0
1961 3 345.0
1961 4 196.0
1961 5 226.0
1961 6 330.0
1961 7 260.0
1961 8 113.0
1961 9 132.0
1961 10 463.0
1961 11 167.0
1961 12 393.0
1962 1 208.0
1962 2 120.0
1962 3 260.0
1962 4 118.0
1962 5 247.0
1962 6 214.0
1962 7 68.0
1962 8 454.0
1962 9 162.0
1962 10 218.0
1962 11 119.0
1962 12 220.0
1963 1 172.0
1963 2 269.0
1963 3 141.0
1963 4 216.0
1963 5 287.0
1963 6 87.0
1963 7 138.0
1963 8 236.0
1963 9 179.0
1963 10 443.0
1963 11 296.0
1963 12 84.0
1964 1 356.0
1964 2 261.0
1964 3 472.0
1964 4 275.0
1964 5 350.0
1964 6 219.0
1964 7 296.0
1964 8 485.0
1964 9 256.0
1964 10 478.0
1964 11 172.0
1964 12 259.0
1965 1 364.0
1965 2 350.0
1965 3 383.0
1965 4 649.0
1965 5 262.0
1965 6 263.0
1965 7 301.0
1965 8 241.0
1965 9 353.0
1965 10 671.0
1965 11 511.0
1965 12 1123.0
1966 1 337.0
1966 2 477.0
1966 3 938.0
1966 4 482.0
1966 5 954.0
1966 6 580.0
1966 7 254.0
1966 8 390.0
1966 9 814.0
1966 10 425.0
1966 11 428.0
1966 12 285.0
1967 1 206.0
1967 2 514.0
1967 3 217.0
1967 4 353.0
1967 5 849.0
1967 6 533.0
1967 7 599.0
1967 8 397.0
1967 9 538.0
1967 10 650.0
1967 11 996.0
1967 12 658.0
1968 1 779.0
1968 2 706.0
1968 3 675.0
1968 4 526.0
1968 5 911.0
1968 6 1315.0
1968 7 1614.0
1968 8 583.0
1968 9 1036.0
1968 10 791.0
1968 11 419.0
1968 12 699.0
1969 1 1203.0
1969 2 716.0
1969 3 791.0
1969 4 889.0
1969 5 989.0
1969 6 1032.0
1969 7 1042.0
1969 8 687.0
1969 9 452.0
1969 10 486.0
1969 11 417.0
1969 12 729.0
1970 1 450.0
1970 2 429.0
1970 3 758.0
1970 4 1173.0
1970 5 1255.0
1970 6 1284.0
1970 7 683.0
1970 8 924.0
1970 9 778.0
1970 10 1649.0
1970 11 1462.0
1970 12 1603.0
1971 1 2228.0
1971 2 1934.0
1971 3 2189.0
1971 4 1336.0
1971 5 1161.0
1971 6 2214.0
1971 7 1649.0
1971 8 1815.0
1971 9 1806.0
1971 10 1496.0
1971 11 2185.0
1971 12 1642.0
1972 1 1332.0
1972 2 1853.0
1972 3 1902.0
1972 4 1705.0
1972 5 2724.0
1972 6 3199.0
1972 7 2342.0
1972 8 3703.0
1972 9 1698.0
1972 10 1680.0
1972 11 1939.0
1972 12 1130.0
1973 1 1784.0
1973 2 1559.0
1973 3 1738.0
1973 4 1633.0
1973 5 2151.0
1973 6 1162.0
1973 7 826.0
1973 8 888.0
1973 9 1202.0
1973 10 681.0
1973 11 1344.0
1973 12 1414.0
1974 1 662.0
1974 2 192.0
1974 3 1361.0
1974 4 320.0
1974 5 724.0
1974 6 469.0
1974 7 650.0
1974 8 283.0
1974 9 359.0
1974 10 28.0
1974 11 30.0
1974 12 179.0
1975 1 635.0
1975 2 196.0
1975 3 78.0
1975 4 171.0
1975 5 122.0
1975 6 224.0
1975 7 114.0
1975 8 67.0
1975 9 482.0
1975 10 236.0
1975 11 186.0
1975 12 226.0
1976 1 93.0
1976 2 184.0
1976 3 221.0
1976 4 154.0
1976 5 203.0
1976 6 461.0
1976 7 1242.0
1976 8 126.0
1976 9 283.0
1976 10 339.0
1976 11 419.0
1976 12 181.0
1977 1 398.0
1977 2 401.0
1977 3 371.0
1977 4 840.0
1977 5 518.0
1977 6 499.0
1977 7 449.0
1977 8 577.0
1977 9 862.0
1977 10 572.0
1977 11 832.0
1977 12 888.0
1978 1 594.0
1978 2 292.0
1978 3 830.0
1978 4 1923.0
1978 5 630.0
1978 6 417.0
1978 7 1096.0
1978 8 451.0
1978 9 551.0
1978 10 1329.0
1978 11 719.0
1978 12 1195.0
1979 1 586.0
1979 2 391.0
1979 3 989.0
1979 4 319.0
1979 5 1001.0
1979 6 789.0
1979 7 606.0
1979 8 1269.0
1979 9 545.0
1979 10 2569.0
1979 11 756.0
1979 12 811.0
1980 1 257.0
1980 2 389.0
1980 3 317.0
1980 4 407.0
1980 5 790.0
1980 6 979.0
1980 7 726.0
1980 8 1152.0
1980 9 2153.0
1980 10 945.0
1980 11 772.0
1980 12 592.0
1981 1 553.0
1981 2 609.0
1981 3 1455.0
1981 4 1190.0
1981 5 1403.0
1981 6 703.0
1981 7 822.0
1981 8 469.0
1981 9 979.0
1981 10 629.0
1981 11 548.0
1981 12 607.0
1982 1 457.0
1982 2 813.0
1982 3 1031.0
1982 4 520.0
1982 5 1511.0
1982 6 1419.0
1982 7 680.0
1982 8 809.0
1982 9 704.0
1982 10 1135.0
1982 11 927.0
1982 12 1119.0
1983 1 714.0
1983 2 1355.0
1983 3 1385.0
1983 4 957.0
1983 5 967.0
1983 6 1213.0
1983 7 1656.0
1983 8 1829.0
1983 9 1811.0
1983 10 2571.0
1983 11 2899.0
1983 12 1380.0
1984 1 1583.0
1984 2 957.0
1984 3 1673.0
1984 4 1564.0
1984 5 1777.0
1984 6 1784.0
1984 7 1490.0
1984 8 2317.0
1984 9 1955.0
1984 10 2130.0
1984 11 3375.0
1984 12 1737.0
1985 1 2190.0
1985 2 983.0
1985 3 1688.0
1985 4 1661.0
1985 5 2468.0
1985 6 2186.0
1985 7 2212.0
1985 8 2091.0
1985 9 3095.0
1985 10 2920.0
1985 11 1439.0
1985 12 3052.0
1986 1 2230.0
1986 2 1484.0
1986 3 2231.0
1986 4 1771.0
1986 5 1996.0
1986 6 913.0
1986 7 1632.0
1986 8 1121.0
1986 9 1453.0
1986 10 1079.0
1986 11 1754.0
1986 12 372.0
1987 1 1055.0
1987 2 746.0
1987 3 2257.0
1987 4 851.0
1987 5 1234.0
1987 6 1169.0
1987 7 796.0
1987 8 1272.0
1987 9 1105.0
1987 10 885.0
1987 11 881.0
1987 12 564.0
1988 1 214.0
1988 2 610.0
1988 3 1157.0
1988 4 731.0
1988 5 1178.0
1988 6 1221.0
1988 7 1003.0
1988 8 1090.0
1988 9 846.0
1988 10 978.0
1988 11 1019.0
1988 12 520.0
1989 1 998.0
1989 2 645.0
1989 3 365.0
1989 4 1325.0
1989 5 1365.0
1989 6 1296.0
1989 7 852.0
1989 8 1113.0
1989 9 762.0
1989 10 941.0
1989 11 658.0
1989 12 1352.0
1990 1 1844.0
1990 2 442.0
1990 3 494.0
1990 4 541.0
1990 5 604.0
1990 6 606.0
1990 7 461.0
1990 8 799.0
1990 9 717.0
1990 10 290.0
1990 11 757.0
1990 12 467.0
1991 1 718.0
1991 2 205.0
1991 3 716.0
1991 4 460.0
1991 5 348.0
1991 6 407.0
1991 7 278.0
1991 8 816.0
1991 9 731.0
1991 10 574.0
1991 11 434.0
1991 12 789.0
1992 1 926.0
1992 2 450.0
1992 3 306.0
1992 4 668.0
1992 5 605.0
1992 6 338.0
1992 7 584.0
1992 8 342.0
1992 9 870.0
1992 10 387.0
1992 11 390.0
1992 12 762.0
1993 1 313.0
1993 2 711.0
1993 3 604.0
1993 4 673.0
1993 5 387.0
1993 6 700.0
1993 7 427.0
1993 8 814.0
1993 9 618.0
1993 10 431.0
1993 11 659.0
1993 12 1055.0
1994 1 413.0
1994 2 483.0
1994 3 898.0
1994 4 1033.0
1994 5 1188.0
1994 6 1429.0
1994 7 623.0
1994 8 1054.0
1994 9 1966.0
1994 10 1841.0
1994 11 1723.0
1994 12 727.0
1995 1 576.0
1995 2 481.0
1995 3 882.0
1995 4 996.0
1995 5 1231.0
1995 6 1434.0
1995 7 724.0
1995 8 1774.0
1995 9 703.0
1995 10 1017.0
1995 11 1950.0
1995 12 1142.0
1996 1 685.0
1996 2 796.0
1996 3 533.0
1996 4 1143.0
1996 5 2467.0
1996 6 1027.0
1996 7 918.0
1996 8 588.0
1996 9 1359.0
1996 10 1373.0
1996 11 1738.0
1996 12 1175.0
1997 1 575.0
1997 2 791.0
1997 3 1182.0
1997 4 1242.0
1997 5 1544.0
1997 6 1657.0
1997 7 1460.0
1997 8 1446.0
1997 9 1612.0
1997 10 2352.0
1997 11 1662.0
1997 12 2067.0
1998 1 1018.0
1998 2 1803.0
1998 3 1914.0
1998 4 1319.0
1998 5 1010.0
1998 6 1139.0
1998 7 1234.0
1998 8 1624.0
1998 9 1856.0
1998 10 1035.0
1998 11 1107.0
1998 12 1626.0
1999 1 1881.0
1999 2 1341.0
1999 3 1511.0
1999 4 886.0
1999 5 1463.0
1999 6 3555.0
1999 7 1992.0
1999 8 1790.0
1999 9 811.0
1999 10 1389.0
1999 11 1379.0
1999 12 1863.0
2000 1 824.0
2000 2 2130.0
2000 3 1428.0
2000 4 1772.0
2000 5 1522.0
2000 6 2220.0
2000 7 881.0
2000 8 1846.0
2000 9 1238.0
2000 10 1534.0
2000 11 1069.0
2000 12 1134.0
2001 1 2155.0
2001 2 1058.0
2001 3 1141.0
2001 4 1927.0
2001 5 2004.0
2001 6 1281.0
2001 7 1003.0
2001 8 1062.0
2001 9 2080.0
2001 10 1334.0
2001 11 1892.0
2001 12 1363.0
2002 1 957.0
2002 2 1193.0
2002 3 848.0
2002 4 976.0
2002 5 1052.0
2002 6 1614.0
2002 7 1257.0
2002 8 1033.0
2002 9 1108.0
2002 10 1565.0
2002 11 990.0
2002 12 2339.0
2003 1 1343.0
2003 2 615.0
2003 3 834.0
2003 4 532.0
2003 5 1018.0
2003 6 885.0
2003 7 942.0
2003 8 1110.0
2003 9 986.0
2003 10 1296.0
2003 11 1025.0
2003 12 1047.0
2004 1 899.0
2004 2 1052.0
2004 3 2070.0
2004 4 1356.0
2004 5 1617.0
2004 6 506.0
2004 7 2239.0
2004 8 1188.0
2004 9 1188.0
2004 10 682.0
2004 11 1470.0
2004 12 1152.0
2005 1 819.0
2005 2 1089.0
2005 3 993.0
2005 4 1411.0
2005 5 1029.0
2005 6 1026.0
2005 7 978.0
2005 8 1162.0
2005 9 951.0
2005 10 890.0
2005 11 912.0
2005 12 1269.0
2006 1 1592.0
2006 2 1143.0
2006 3 1917.0
2006 4 2166.0
2006 5 925.0
2006 6 1423.0
2006 7 1050.0
2006 8 1472.0
2006 9 1721.0
2006 10 1094.0
2006 11 1059.0
2006 12 2039.0
2007 1 1280.0
2007 2 1168.0
2007 3 1492.0
2007 4 817.0
2007 5 1150.0
2007 6 1625.0
2007 7 1256.0
2007 8 804.0
2007 9 1402.0
2007 10 947.0
2007 11 1830.0
2007 12 1043.0
2008 1 1359.0
2008 2 1350.0
2008 3 1423.0
2008 4 1094.0
2008 5 830.0
2008 6 1770.0
2008 7 2894.0
2008 8 992.0
2008 9 612.0
2008 10 1143.0
2008 11 614.0
2008 12 689.0
2009 1 1108.0
2009 2 339.0
2009 3 551.0
2009 4 1019.0
2009 5 892.0
2009 6 921.0
2009 7 86.0
2009 8 931.0
2009 9 1101.0
2009 10 724.0
2009 11 479.0
2009 12 155.0
2010 1 223.0
2010 2 783.0
2010 3 393.0
2010 4 669.0
2010 5 664.0
2010 6 942.0
2010 7 1053.0
2010 8 828.0
2010 9 321.0
2010 10 668.0
2010 11 678.0
2010 12 433.0
2011 1 420.0
2011 2 1266.0
2011 3 1180.0
2011 4 545.0
2011 5 762.0
2011 6 574.0
2011 7 643.0
2011 8 787.0
2011 9 161.0
2011 10 596.0
2011 11 1268.0
2011 12 606.0
2012 1 2036.0
2012 2 966.0
2012 3 1145.0
2012 4 878.0
2012 5 2495.0
2012 6 1195.0
2012 7 1971.0
2012 8 1071.0
2012 9 610.0
2012 10 2358.0
2012 11 2085.0
2012 12 1209.0
2013 1 1319.0
2013 2 909.0
2013 3 796.0
2013 4 1410.0
2013 5 1422.0
2013 6 1168.0
2013 7 764.0
2013 8 941.0
2013 9 1129.0
2013 10 1838.0
2013 11 1407.0
2013 12 1659.0
2014 1 914.0
2014 2 892.0
2014 3 1204.0
2014 4 1232.0
2014 5 924.0
2014 6 657.0
2014 7 1333.0
2014 8 1756.0
2014 9 1686.0
2014 10 1368.0
2014 11 1476.0
2014 12 1601.0
2015 1 1113.0
2015 2 1634.0
2015 3 657.0
2015 4 1412.0
2015 5 1706.0
2015 6 1309.0
2015 7 1679.0
2015 8 872.0
2015 9 1035.0
2015 10 1431.0
2015 11 883.0
2015 12 1503.0
2016 1 469.0
2016 2 815.0
2016 3 1067.0
2016 4 1164.0
2016 5 1225.0
2016 6 1024.0
2016 7 2539.0
2016 8 1549.0
2016 9 1699.0
2016 10 1382.0
2016 11 1363.0
2016 12 719.0
2017 1 862.0
2017 2 1603.0
2017 3 1930.0
2017 4 258.0
2017 5 657.0
2017 6 1031.0
2017 7 2200.0
2017 8 2588.0
2017 9 1468.0
2017 10 1882.0
2017 11 2175.0
2017 12 1755.0
2018 1 2244.0
2018 2 2358.0
2018 3 1181.0
2018 4 1943.0
2018 5 1985.0
2018 6 1057.0
2018 7 1570.0
2018 8 2860.0
2018 9 1278.0
2018 10 1114.0
2018 11 1066.0
2018 12 2423.0
2019 1 903.0
2019 2 1525.0
2019 3 1030.0
2019 4 1338.0
2019 5 2694.0
2019 6 1863.0
2019 7 1492.0
2019 8 1638.0
2019 9 1711.0
2019 10 1855.0
2019 11 1614.0
2019 12 1458.0
2020 1 1281.0
2020 2 1277.0
2020 3 1767.0
2020 4 714.0
2020 5 1329.0
2020 6 2307.0
2020 7 794.0
2020 8 1670.0
2020 9 683.0
2020 10 1300.0
2020 11 2476.0
2020 12 1376.0
2021 1 1102.0
2021 2 2721.0
2021 3 2202.0
2021 4 2118.0
2021 5 1225.0
2021 6 2283.0
2021 7 2236.0
2021 8 2754.0
2021 9 2910.0
2021 10 3148.0
2021 11 2700.0
2021 12 1813.0
2022 1 2833.0
2022 2 2005.0
2022 3 966.0
2022 4 2522.0
2022 5 2564.0
2022 6 1310.0
2022 7 1688.0
2022 8 2752.0
2022 9 2170.0
2022 10 2204.0
2022 11 3241.0
2022 12 1529.0
2023 1 2812.0
2023 2 3327.0
2023 3 2351.0
2023 4 2683.0
2023 5 2809.0
2023 6 1808.0
2023 7 1963.0
2023 8 1487.0
2023 9 2752.0
2023 10 3592.0
2023 11 1727.0
2023 12 3575.0
2024 1 2038.0
2024 2 2247.0
2024 3 1579.0
2024 4 2289.0
2024 5 1882.0
2024 6 2840.0
2024 7 2818.0
2024 8 3348.0
