1960 5 38.0
1960 6 34.0
1960 7 10.0
1960 8 64.0
1960 9 66.0
1960 10 54.0
1960 11 71.0
1960 12 42.0
1961 1 55.0
1961 2 68.0
1961 3 208.0
1961 4 127.0
1961 5 143.0
1961 6 245.0
1961 7 183.0
1961 8 53.0
1961 9 45.0
1961 10 351.0
1961 11 98.0
1961 12 337.0
1962 1 146.0
1962 2 91.0
1962 3 160.0
1962 4 95.0
1962 5 145.0
1962 6 181.0
1962 7 43.0
1962 8 405.0
1962 9 98.0
1962 10 175.0
1962 11 56.0
1962 12 188.0
1963 1 140.0
1963 2 213.0
1963 3 89.0
1963 4 123.0
1963 5 247.0
1963 6 51.0
1963 7 108.0
1963 8 158.0
1963 9 118.0
1963 10 351.0
1963 11 208.0
1963 12 53.0
1964 1 260.0
1964 2 191.0
1964 3 266.0
1964 4 236.0
1964 5 286.0
1964 6 121.0
1964 7 181.0
1964 8 447.0
1964 9 183.0
1964 10 386.0
1964 11 94.0
1964 12 198.0
1965 1 233.0
1965 2 289.0
1965 3 261.0
1965 4 553.0
1965 5 191.0
1965 6 198.0
1965 7 195.0
1965 8 170.0
1965 9 284.0
1965 10 627.0
1965 11 434.0
1965 12 824.0
1966 1 236.0
1966 2 423.0
1966 3 826.0
1966 4 347.0
1966 5 902.0
1966 6 532.0
1966 7 205.0
1966 8 357.0
1966 9 551.0
1966 10 341.0
1966 11 402.0
1966 12 136.0
1967 1 126.0
1967 2 488.0
1967 3 175.0
1967 4 301.0
1967 5 757.0
1967 6 440.0
1967 7 492.0
1967 8 327.0
1967 9 448.0
1967 10 558.0
1967 11 911.0
1967 12 609.0
1968 1 665.0
1968 2 473.0
1968 3 616.0
1968 4 286.0
1968 5 774.0
1968 6 1017.0
1968 7 1550.0
1968 8 508.0
1968 9 844.0
1968 10 689.0
1968 11 239.0
1968 12 521.0
1969 1 1103.0
1969 2 621.0
1969 3 601.0
1969 4 815.0
1969 5 786.0
1969 6 799.0
1969 7 859.0
1969 8 421.0
1969 9 384.0
1969 10 366.0
1969 11 339.0
1969 12 669.0
1970 1 378.0
1970 2 357.0
1970 3 400.0
1970 4 959.0
1970 5 1073.0
1970 6 909.0
1970 7 603.0
1970 8 778.0
1970 9 640.0
1970 10 1549.0
1970 11 1229.0
1970 12 1458.0
1971 1 1786.0
1971 2 1598.0
1971 3 1929.0
1971 4 1238.0
1971 5 1034.0
1971 6 1553.0
1971 7 1567.0
1971 8 1650.0
1971 9 1716.0
1971 10 1431.0
1971 11 2089.0
1971 12 1582.0
1972 1 1213.0
1972 2 1451.0
1972 3 1802.0
1972 4 1283.0
1972 5 2541.0
1972 6 3025.0
1972 7 2196.0
1972 8 3595.0
1972 9 1441.0
1972 10 1476.0
1972 11 1726.0
1972 12 1042.0
1973 1 1710.0
1973 2 1378.0
1973 3 1527.0
1973 4 1561.0
1973 5 2042.0
1973 6 1089.0
1973 7 738.0
1973 8 718.0
1973 9 1156.0
1973 10 641.0
1973 11 1256.0
1973 12 1372.0
1974 1 583.0
1974 2 164.0
1974 3 1209.0
1974 4 154.0
1974 5 558.0
1974 6 357.0
1974 7 524.0
1974 8 186.0
1974 9 315.0
1974 10 14.0
1974 11 89.5
1974 12 165.0
1975 1 519.0
1975 2 30.0
1975 3 25.0
1975 4 115.0
1975 5 8.0
1975 6 155.0
1975 7 58.0
1975 8 10.0
1975 9 424.0
1975 10 180.0
1975 11 148.0
1975 12 201.0
1976 1 72.0
1976 2 155.0
1976 3 191.0
1976 4 97.0
1976 5 167.0
1976 6 361.0
1976 7 1195.0
1976 8 90.0
1976 9 152.0
1976 10 205.0
1976 11 333.0
1976 12 142.0
1977 1 356.0
1977 2 338.0
1977 3 300.0
1977 4 778.0
1977 5 476.0
1977 6 338.0
1977 7 231.0
1977 8 472.0
1977 9 784.0
1977 10 538.0
1977 11 702.0
1977 12 859.0
1978 1 501.0
1978 2 102.0
1978 3 691.0
1978 4 1710.0
1978 5 423.0
1978 6 313.0
1978 7 889.0
1978 8 315.0
1978 9 395.0
1978 10 1166.0
1978 11 630.0
1978 12 1016.0
1979 1 532.0
1979 2 336.0
1979 3 728.0
1979 4 213.0
1979 5 834.0
1979 6 463.0
1979 7 369.0
1979 8 963.0
1979 9 438.0
1979 10 1964.0
1979 11 563.0
1979 12 598.0
1980 1 70.0
1980 2 160.0
1980 3 164.0
1980 4 259.0
1980 5 653.0
1980 6 705.0
1980 7 395.0
1980 8 839.0
1980 9 1634.0
1980 10 629.0
1980 11 462.0
1980 12 331.0
1981 1 322.0
1981 2 398.0
1981 3 1169.0
1981 4 882.0
1981 5 1180.0
1981 6 440.0
1981 7 520.0
1981 8 207.0
1981 9 631.0
1981 10 458.0
1981 11 405.0
1981 12 392.0
1982 1 361.0
1982 2 664.0
1982 3 893.0
1982 4 332.0
1982 5 628.0
1982 6 1053.0
1982 7 449.0
1982 8 477.0
1982 9 310.0
1982 10 969.0
1982 11 661.0
1982 12 868.0
1983 1 430.0
1983 2 1068.0
1983 3 1155.0
1983 4 626.0
1983 5 656.0
1983 6 744.0
1983 7 1244.0
1983 8 1396.0
1983 9 1416.0
1983 10 2274.0
1983 11 2676.0
1983 12 1022.0
1984 1 997.0
1984 2 650.0
1984 3 1144.0
1984 4 1247.0
1984 5 1061.0
1984 6 1287.0
1984 7 1167.0
1984 8 1480.0
1984 9 1586.0
1984 10 1662.0
1984 11 2714.0
1984 12 1463.0
1985 1 1941.0
1985 2 706.0
1985 3 1235.0
1985 4 1319.0
1985 5 2005.0
1985 6 1915.0
1985 7 1850.0
1985 8 1790.0
1985 9 2810.0
1985 10 2546.0
1985 11 1199.0
1985 12 2733.0
1986 1 1968.0
1986 2 1287.0
1986 3 1718.0
1986 4 1391.0
1986 5 1628.0
1986 6 656.0
1986 7 1395.0
1986 8 895.0
1986 9 1223.0
1986 10 876.0
1986 11 1623.0
1986 12 211.0
1987 1 893.0
1987 2 594.0
1987 3 2001.0
1987 4 597.0
1987 5 1000.0
1987 6 980.0
1987 7 621.0
1987 8 969.0
1987 9 927.0
1987 10 734.0
1987 11 705.0
1987 12 477.0
1988 1 121.0
1988 2 447.0
1988 3 948.0
1988 4 542.0
1988 5 991.0
1988 6 1019.0
1988 7 889.0
1988 8 956.0
1988 9 642.0
1988 10 833.0
1988 11 624.0
1988 12 337.0
1989 1 883.0
1989 2 553.0
1989 3 259.0
1989 4 1183.0
1989 5 1155.0
1989 6 1192.0
1989 7 775.0
1989 8 983.0
1989 9 589.0
1989 10 794.0
1989 11 510.0
1989 12 1157.0
1990 1 1727.0
1990 2 282.0
1990 3 357.0
1990 4 401.0
1990 5 440.0
1990 6 500.0
1990 7 292.0
1990 8 655.0
1990 9 606.0
1990 10 160.0
1990 11 654.0
1990 12 381.0
1991 1 546.0
1991 2 125.0
1991 3 568.0
1991 4 280.0
1991 5 124.0
1991 6 220.0
1991 7 145.0
1991 8 692.0
1991 9 600.0
1991 10 442.0
1991 11 261.0
1991 12 643.0
1992 1 819.0
1992 2 141.0
1992 3 170.0
1992 4 450.0
1992 5 328.0
1992 6 222.0
1992 7 418.0
1992 8 229.0
1992 9 786.0
1992 10 225.0
1992 11 293.0
1992 12 641.0
1993 1 229.0
1993 2 625.0
1993 3 436.0
1993 4 353.0
1993 5 296.0
1993 6 635.0
1993 7 310.0
1993 8 625.0
1993 9 478.0
1993 10 318.0
1993 11 532.0
1993 12 939.0
1994 1 347.0
1994 2 417.0
1994 3 752.0
1994 4 890.0
1994 5 1014.0
1994 6 1275.0
1994 7 551.0
1994 8 908.0
1994 9 1861.0
1994 10 1689.0
1994 11 1641.0
1994 12 578.0
1995 1 453.0
1995 2 382.0
1995 3 584.0
1995 4 815.0
1995 5 1111.0
1995 6 1308.0
1995 7 637.0
1995 8 1663.0
1995 9 562.0
1995 10 865.0
1995 11 1741.0
1995 12 1035.0
1996 1 617.0
1996 2 624.0
1996 3 367.0
1996 4 946.0
1996 5 2306.0
1996 6 863.0
1996 7 765.0
1996 8 454.0
1996 9 1282.0
1996 10 1258.0
1996 11 1603.0
1996 12 1022.0
1997 1 478.0
1997 2 638.0
1997 3 1072.0
1997 4 1015.0
1997 5 1388.0
1997 6 1420.0
1997 7 1291.0
1997 8 1309.0
1997 9 1460.0
1997 10 2163.0
1997 11 1533.0
1997 12 1857.0
1998 1 896.0
1998 2 1632.0
1998 3 1750.0
1998 4 1133.0
1998 5 811.0
1998 6 968.0
1998 7 1045.0
1998 8 1486.0
1998 9 1755.0
1998 10 809.0
1998 11 978.0
1998 12 1475.0
1999 1 1789.0
1999 2 1081.0
1999 3 1280.0
1999 4 658.0
1999 5 1280.0
1999 6 3377.0
1999 7 1838.0
1999 8 1666.0
1999 9 671.0
1999 10 1210.0
1999 11 1215.0
1999 12 1647.0
2000 1 768.0
2000 2 1996.0
2000 3 1265.0
2000 4 1651.0
2000 5 1384.0
2000 6 2087.0
2000 7 732.0
2000 8 1704.0
2000 9 1077.0
2000 10 1363.0
2000 11 892.0
2000 12 1041.0
2001 1 1932.0
2001 2 907.0
2001 3 1015.0
2001 4 1725.0
2001 5 1797.0
2001 6 1129.0
2001 7 908.0
2001 8 970.0
2001 9 1945.0
2001 10 1115.0
2001 11 1693.0
2001 12 1228.0
2002 1 803.0
2002 2 998.0
2002 3 727.0
2002 4 776.0
2002 5 853.0
2002 6 1393.0
2002 7 1090.0
2002 8 945.0
2002 9 993.0
2002 10 1358.0
2002 11 793.0
2002 12 1981.0
2003 1 1183.0
2003 2 551.0
2003 3 695.0
2003 4 393.0
2003 5 856.0
2003 6 717.0
2003 7 790.0
2003 8 960.0
2003 9 857.0
2003 10 1126.0
2003 11 836.0
2003 12 896.0
2004 1 810.0
2004 2 907.0
2004 3 1900.0
2004 4 1179.0
2004 5 1367.0
2004 6 343.0
2004 7 1928.0
2004 8 1039.0
2004 9 1054.0
2004 10 591.0
2004 11 1280.0
2004 12 1020.0
2005 1 608.0
2005 2 955.0
2005 3 733.0
2005 4 1278.0
2005 5 929.0
2005 6 820.0
2005 7 816.0
2005 8 979.0
2005 9 751.0
2005 10 676.0
2005 11 790.0
2005 12 1088.0
2006 1 1454.0
2006 2 854.0
2006 3 1718.0
2006 4 2057.0
2006 5 704.0
2006 6 1289.0
2006 7 876.0
2006 8 1223.0
2006 9 1428.0
2006 10 1022.0
2006 11 944.0
2006 12 1775.0
2007 1 1096.0
2007 2 1045.0
2007 3 1323.0
2007 4 724.0
2007 5 923.0
2007 6 1524.0
2007 7 1153.0
2007 8 649.0
2007 9 1370.0
2007 10 821.0
2007 11 1756.0
2007 12 966.0
2008 1 1252.0
2008 2 1319.0
2008 3 1335.0
2008 4 1026.0
2008 5 725.0
2008 6 1642.0
2008 7 2841.0
2008 8 879.0
2008 9 557.0
2008 10 1097.0
2008 11 505.0
2008 12 666.0
2009 1 1064.0
2009 2 322.0
2009 3 525.0
2009 4 975.0
2009 5 852.0
2009 6 820.0
2009 7 65.0
2009 8 839.0
2009 9 1013.0
2009 10 656.0
2009 11 451.0
2009 12 134.0
2010 1 186.0
2010 2 743.0
2010 3 283.0
2010 4 519.0
2010 5 595.0
2010 6 927.0
2010 7 1033.0
2010 8 796.0
2010 9 296.0
2010 10 623.0
2010 11 609.0
2010 12 389.0
2011 1 331.0
2011 2 1202.0
2011 3 1144.0
2011 4 482.0
2011 5 603.0
2011 6 539.0
2011 7 619.0
2011 8 624.0
2011 9 130.0
2011 10 485.0
2011 11 1216.0
2011 12 575.0
2012 1 1977.0
2012 2 887.0
2012 3 1069.0
2012 4 801.0
2012 5 2424.0
2012 6 1128.0
2012 7 1927.0
2012 8 1019.0
2012 9 526.0
2012 10 2256.0
2012 11 2009.0
2012 12 1157.0
2013 1 1288.0
2013 2 795.0
2013 3 788.0
2013 4 1374.0
2013 5 1374.0
2013 6 1154.0
2013 7 743.0
2013 8 931.0
2013 9 1115.0
2013 10 1763.0
2013 11 1357.0
2013 12 1620.0
2014 1 854.0
2014 2 845.0
2014 3 1196.0
2014 4 1210.0
2014 5 886.0
2014 6 627.0
2014 7 1314.0
2014 8 1698.0
2014 9 1627.0
2014 10 1331.0
2014 11 1439.0
2014 12 1574.0
2015 1 1092.0
2015 2 1580.0
2015 3 643.0
2015 4 1366.0
2015 5 1690.0
2015 6 1245.0
2015 7 1613.0
2015 8 841.0
2015 9 1023.0
2015 10 1408.0
2015 11 861.0
2015 12 1493.0
2016 1 457.0
2016 2 790.0
2016 3 1053.0
2016 4 1148.0
2016 5 1200.0
2016 6 1018.0
2016 7 2531.0
2016 8 1492.0
2016 9 1667.0
2016 10 1342.0
2016 11 1345.0
2016 12 695.0
2017 1 836.0
2017 2 1584.0
2017 3 1920.0
2017 4 244.0
2017 5 603.0
2017 6 997.0
2017 7 2086.0
2017 8 2534.0
2017 9 1431.0
2017 10 1840.0
2017 11 2123.0
2017 12 1723.0
2018 1 2194.0
2018 2 2344.0
2018 3 1165.0
2018 4 1785.0
2018 5 1955.0
2018 6 1013.0
2018 7 1556.0
2018 8 2811.0
2018 9 1254.0
2018 10 1068.0
2018 11 957.0
2018 12 2365.0
2019 1 874.0
2019 2 1487.0
2019 3 992.0
2019 4 1224.0
2019 5 2636.0
2019 6 1834.0
2019 7 1430.0
2019 8 1523.0
2019 9 1685.0
2019 10 1803.0
2019 11 1584.0
2019 12 1442.0
2020 1 1265.0
2020 2 1244.0
2020 3 1739.0
2020 4 676.0
2020 5 1312.0
2020 6 2285.0
2020 7 704.0
2020 8 1590.0
2020 9 623.0
2020 10 1161.0
2020 11 2463.0
2020 12 1316.0
2021 1 1065.0
2021 2 2652.0
2021 3 2128.0
2021 4 2010.0
2021 5 1153.0
2021 6 2177.0
2021 7 2223.0
2021 8 2665.0
2021 9 2866.0
2021 10 3129.0
2021 11 2692.0
2021 12 1778.0
2022 1 2779.0
2022 2 1965.0
2022 3 900.0
2022 4 2476.0
2022 5 2519.0
2022 6 1203.0
2022 7 1627.0
2022 8 2697.0
2022 9 2102.0
2022 10 2143.0
2022 11 3144.0
2022 12 1420.0
2023 1 2727.0
2023 2 3265.0
2023 3 2255.0
2023 4 2616.0
2023 5 2667.0
2023 6 1680.0
2023 7 1872.0
2023 8 1347.0
2023 9 2683.0
2023 10 3505.0
2023 11 1670.0
2023 12 3532.0
2024 1 1975.0
2024 2 2156.0
2024 3 1520.0
2024 4 2181.0
2024 5 1769.0
2024 6 2740.0
2024 7 2709.0
2024 8 3163.0
