1960 5 55.0
1960 6 67.0
1960 7 36.0
1960 8 50.0
1960 9 66.0
1960 10 65.0
1960 11 86.0
1960 12 59.0
1961 1 92.0
1961 2 57.0
1961 3 137.0
1961 4 69.0
1961 5 83.0
1961 6 85.0
1961 7 77.0
1961 8 60.0
1961 9 87.0
1961 10 112.0
1961 11 69.0
1961 12 56.0
1962 1 62.0
1962 2 29.0
1962 3 100.0
1962 4 23.0
1962 5 102.0
1962 6 33.0
1962 7 25.0
1962 8 49.0
1962 9 64.0
1962 10 43.0
1962 11 63.0
1962 12 32.0
1963 1 32.0
1963 2 56.0
1963 3 52.0
1963 4 93.0
1963 5 40.0
1963 6 36.0
1963 7 30.0
1963 8 78.0
1963 9 61.0
1963 10 92.0
1963 11 88.0
1963 12 31.0
1964 1 96.0
1964 2 70.0
1964 3 206.0
1964 4 39.0
1964 5 64.0
1964 6 98.0
1964 7 115.0
1964 8 38.0
1964 9 73.0
1964 10 92.0
1964 11 78.0
1964 12 61.0
1965 1 131.0
1965 2 61.0
1965 3 122.0
1965 4 96.0
1965 5 71.0
1965 6 65.0
1965 7 106.0
1965 8 71.0
1965 9 69.0
1965 10 44.0
1965 11 77.0
1965 12 299.0
1966 1 101.0
1966 2 54.0
1966 3 112.0
1966 4 135.0
1966 5 52.0
1966 6 48.0
1966 7 49.0
1966 8 33.0
1966 9 263.0
1966 10 84.0
1966 11 26.0
1966 12 149.0
1967 1 80.0
1967 2 26.0
1967 3 42.0
1967 4 52.0
1967 5 92.0
1967 6 93.0
1967 7 107.0
1967 8 70.0
1967 9 90.0
1967 10 92.0
1967 11 85.0
1967 12 49.0
1968 1 114.0
1968 2 233.0
1968 3 59.0
1968 4 240.0
1968 5 137.0
1968 6 298.0
1968 7 64.0
1968 8 75.0
1968 9 192.0
1968 10 102.0
1968 11 180.0
1968 12 178.0
1969 1 100.0
1969 2 95.0
1969 3 190.0
1969 4 74.0
1969 5 203.0
1969 6 233.0
1969 7 183.0
1969 8 266.0
1969 9 68.0
1969 10 120.0
1969 11 78.0
1969 12 60.0
1970 1 72.0
1970 2 72.0
1970 3 358.0
1970 4 214.0
1970 5 182.0
1970 6 375.0
1970 7 80.0
1970 8 146.0
1970 9 138.0
1970 10 100.0
1970 11 233.0
1970 12 145.0
1971 1 442.0
1971 2 336.0
1971 3 260.0
1971 4 98.0
1971 5 127.0
1971 6 661.0
1971 7 82.0
1971 8 165.0
1971 9 90.0
1971 10 65.0
1971 11 96.0
1971 12 60.0
1972 1 119.0
1972 2 402.0
1972 3 100.0
1972 4 422.0
1972 5 183.0
1972 6 174.0
1972 7 146.0
1972 8 108.0
1972 9 257.0
1972 10 204.0
1972 11 213.0
1972 12 88.0
1973 1 74.0
1973 2 181.0
1973 3 211.0
1973 4 72.0
1973 5 109.0
1973 6 73.0
1973 7 88.0
1973 8 170.0
1973 9 46.0
1973 10 40.0
1973 11 88.0
1973 12 42.0
1974 1 79.0
1974 2 28.0
1974 3 152.0
1974 4 166.0
1974 5 166.0
1974 6 112.0
1974 7 126.0
1974 8 97.0
1974 9 44.0
1974 10 14.0
1974 11 30.0
1974 12 14.0
1975 1 116.0
1975 2 166.0
1975 3 53.0
1975 4 56.0
1975 5 114.0
1975 6 69.0
1975 7 56.0
1975 8 57.0
1975 9 58.0
1975 10 56.0
1975 11 38.0
1975 12 25.0
1976 1 21.0
1976 2 29.0
1976 3 30.0
1976 4 57.0
1976 5 36.0
1976 6 100.0
1976 7 47.0
1976 8 36.0
1976 9 131.0
1976 10 134.0
1976 11 86.0
1976 12 39.0
1977 1 42.0
1977 2 63.0
1977 3 71.0
1977 4 62.0
1977 5 42.0
1977 6 161.0
1977 7 218.0
1977 8 105.0
1977 9 78.0
1977 10 34.0
1977 11 130.0
1977 12 29.0
1978 1 93.0
1978 2 190.0
1978 3 139.0
1978 4 213.0
1978 5 207.0
1978 6 104.0
1978 7 207.0
1978 8 136.0
1978 9 156.0
1978 10 163.0
1978 11 89.0
1978 12 179.0
1979 1 54.0
1979 2 55.0
1979 3 261.0
1979 4 106.0
1979 5 167.0
1979 6 326.0
1979 7 237.0
1979 8 306.0
1979 9 107.0
1979 10 605.0
1979 11 193.0
1979 12 213.0
1980 1 187.0
1980 2 229.0
1980 3 153.0
1980 4 148.0
1980 5 137.0
1980 6 274.0
1980 7 331.0
1980 8 313.0
1980 9 519.0
1980 10 316.0
1980 11 310.0
1980 12 261.0
1981 1 231.0
1981 2 211.0
1981 3 286.0
1981 4 308.0
1981 5 223.0
1981 6 263.0
1981 7 302.0
1981 8 262.0
1981 9 348.0
1981 10 171.0
1981 11 143.0
1981 12 215.0
1982 1 96.0
1982 2 149.0
1982 3 138.0
1982 4 188.0
1982 5 883.0
1982 6 366.0
1982 7 231.0
1982 8 332.0
1982 9 394.0
1982 10 166.0
1982 11 266.0
1982 12 251.0
1983 1 284.0
1983 2 287.0
1983 3 230.0
1983 4 331.0
1983 5 311.0
1983 6 469.0
1983 7 412.0
1983 8 433.0
1983 9 395.0
1983 10 297.0
1983 11 223.0
1983 12 358.0
1984 1 586.0
1984 2 307.0
1984 3 529.0
1984 4 317.0
1984 5 716.0
1984 6 497.0
1984 7 323.0
1984 8 837.0
1984 9 369.0
1984 10 468.0
1984 11 661.0
1984 12 274.0
1985 1 249.0
1985 2 277.0
1985 3 453.0
1985 4 342.0
1985 5 463.0
1985 6 271.0
1985 7 362.0
1985 8 301.0
1985 9 285.0
1985 10 374.0
1985 11 240.0
1985 12 319.0
1986 1 262.0
1986 2 197.0
1986 3 513.0
1986 4 380.0
1986 5 368.0
1986 6 257.0
1986 7 237.0
1986 8 226.0
1986 9 230.0
1986 10 203.0
1986 11 131.0
1986 12 161.0
1987 1 162.0
1987 2 152.0
1987 3 256.0
1987 4 254.0
1987 5 234.0
1987 6 189.0
1987 7 175.0
1987 8 303.0
1987 9 178.0
1987 10 151.0
1987 11 176.0
1987 12 87.0
1988 1 93.0
1988 2 163.0
1988 3 209.0
1988 4 189.0
1988 5 187.0
1988 6 202.0
1988 7 114.0
1988 8 134.0
1988 9 204.0
1988 10 145.0
1988 11 395.0
1988 12 183.0
1989 1 115.0
1989 2 92.0
1989 3 106.0
1989 4 142.0
1989 5 210.0
1989 6 104.0
1989 7 77.0
1989 8 130.0
1989 9 173.0
1989 10 147.0
1989 11 148.0
1989 12 195.0
1990 1 117.0
1990 2 160.0
1990 3 137.0
1990 4 140.0
1990 5 164.0
1990 6 106.0
1990 7 169.0
1990 8 144.0
1990 9 111.0
1990 10 130.0
1990 11 103.0
1990 12 86.0
1991 1 172.0
1991 2 80.0
1991 3 148.0
1991 4 180.0
1991 5 224.0
1991 6 187.0
1991 7 133.0
1991 8 124.0
1991 9 131.0
1991 10 132.0
1991 11 173.0
1991 12 146.0
1992 1 107.0
1992 2 309.0
1992 3 136.0
1992 4 218.0
1992 5 277.0
1992 6 116.0
1992 7 166.0
1992 8 113.0
1992 9 84.0
1992 10 162.0
1992 11 97.0
1992 12 121.0
1993 1 84.0
1993 2 86.0
1993 3 168.0
1993 4 320.0
1993 5 91.0
1993 6 65.0
1993 7 117.0
1993 8 189.0
1993 9 140.0
1993 10 113.0
1993 11 127.0
1993 12 116.0
1994 1 66.0
1994 2 66.0
1994 3 146.0
1994 4 143.0
1994 5 174.0
1994 6 154.0
1994 7 72.0
1994 8 146.0
1994 9 105.0
1994 10 152.0
1994 11 82.0
1994 12 149.0
1995 1 123.0
1995 2 99.0
1995 3 298.0
1995 4 181.0
1995 5 120.0
1995 6 126.0
1995 7 87.0
1995 8 111.0
1995 9 141.0
1995 10 152.0
1995 11 209.0
1995 12 107.0
1996 1 68.0
1996 2 172.0
1996 3 166.0
1996 4 197.0
1996 5 161.0
1996 6 164.0
1996 7 153.0
1996 8 134.0
1996 9 77.0
1996 10 115.0
1996 11 135.0
1996 12 153.0
1997 1 97.0
1997 2 153.0
1997 3 110.0
1997 4 227.0
1997 5 156.0
1997 6 237.0
1997 7 169.0
1997 8 137.0
1997 9 152.0
1997 10 189.0
1997 11 129.0
1997 12 210.0
1998 1 122.0
1998 2 171.0
1998 3 164.0
1998 4 186.0
1998 5 199.0
1998 6 171.0
1998 7 189.0
1998 8 138.0
1998 9 101.0
1998 10 226.0
1998 11 129.0
1998 12 151.0
1999 1 92.0
1999 2 260.0
1999 3 231.0
1999 4 228.0
1999 5 183.0
1999 6 178.0
1999 7 154.0
1999 8 124.0
1999 9 140.0
1999 10 179.0
1999 11 164.0
1999 12 216.0
2000 1 56.0
2000 2 134.0
2000 3 163.0
2000 4 121.0
2000 5 138.0
2000 6 133.0
2000 7 149.0
2000 8 142.0
2000 9 161.0
2000 10 171.0
2000 11 177.0
2000 12 93.0
2001 1 223.0
2001 2 151.0
2001 3 126.0
2001 4 202.0
2001 5 207.0
2001 6 152.0
2001 7 95.0
2001 8 92.0
2001 9 135.0
2001 10 219.0
2001 11 199.0
2001 12 135.0
2002 1 154.0
2002 2 195.0
2002 3 121.0
2002 4 200.0
2002 5 199.0
2002 6 221.0
2002 7 167.0
2002 8 88.0
2002 9 115.0
2002 10 207.0
2002 11 197.0
2002 12 358.0
2003 1 160.0
2003 2 64.0
2003 3 139.0
2003 4 139.0
2003 5 162.0
2003 6 168.0
2003 7 152.0
2003 8 150.0
2003 9 129.0
2003 10 170.0
2003 11 189.0
2003 12 151.0
2004 1 89.0
2004 2 145.0
2004 3 170.0
2004 4 177.0
2004 5 250.0
2004 6 163.0
2004 7 311.0
2004 8 149.0
2004 9 134.0
2004 10 91.0
2004 11 190.0
2004 12 132.0
2005 1 211.0
2005 2 134.0
2005 3 260.0
2005 4 133.0
2005 5 100.0
2005 6 206.0
2005 7 162.0
2005 8 183.0
2005 9 200.0
2005 10 214.0
2005 11 122.0
2005 12 181.0
2006 1 138.0
2006 2 289.0
2006 3 199.0
2006 4 109.0
2006 5 221.0
2006 6 134.0
2006 7 174.0
2006 8 249.0
2006 9 293.0
2006 10 72.0
2006 11 115.0
2006 12 264.0
2007 1 184.0
2007 2 123.0
2007 3 169.0
2007 4 93.0
2007 5 227.0
2007 6 101.0
2007 7 103.0
2007 8 155.0
2007 9 32.0
2007 10 126.0
2007 11 74.0
2007 12 77.0
2008 1 107.0
2008 2 31.0
2008 3 88.0
2008 4 68.0
2008 5 105.0
2008 6 128.0
2008 7 53.0
2008 8 113.0
2008 9 55.0
2008 10 46.0
2008 11 109.0
2008 12 23.0
2009 1 44.0
2009 2 17.0
2009 3 26.0
2009 4 44.0
2009 5 40.0
2009 6 101.0
2009 7 21.0
2009 8 92.0
2009 9 88.0
2009 10 68.0
2009 11 28.0
2009 12 21.0
2010 1 37.0
2010 2 40.0
2010 3 110.0
2010 4 150.0
2010 5 69.0
2010 6 15.0
2010 7 20.0
2010 8 32.0
2010 9 25.0
2010 10 45.0
2010 11 69.0
2010 12 44.0
2011 1 89.0
2011 2 64.0
2011 3 36.0
2011 4 63.0
2011 5 159.0
2011 6 35.0
2011 7 24.0
2011 8 163.0
2011 9 31.0
2011 10 111.0
2011 11 52.0
2011 12 31.0
2012 1 59.0
2012 2 79.0
2012 3 76.0
2012 4 77.0
2012 5 71.0
2012 6 67.0
2012 7 44.0
2012 8 52.0
2012 9 84.0
2012 10 102.0
2012 11 76.0
2012 12 52.0
2013 1 31.0
2013 2 114.0
2013 3 8.0
2013 4 36.0
2013 5 48.0
2013 6 14.0
2013 7 21.0
2013 8 10.0
2013 9 14.0
2013 10 75.0
2013 11 50.0
2013 12 39.0
2014 1 60.0
2014 2 47.0
2014 3 8.0
2014 4 22.0
2014 5 38.0
2014 6 30.0
2014 7 19.0
2014 8 58.0
2014 9 59.0
2014 10 37.0
2014 11 37.0
2014 12 27.0
2015 1 21.0
2015 2 54.0
2015 3 14.0
2015 4 46.0
2015 5 16.0
2015 6 64.0
2015 7 66.0
2015 8 31.0
2015 9 12.0
2015 10 23.0
2015 11 22.0
2015 12 10.0
2016 1 12.0
2016 2 25.0
2016 3 14.0
2016 4 16.0
2016 5 25.0
2016 6 6.0
2016 7 8.0
2016 8 57.0
2016 9 32.0
2016 10 40.0
2016 11 18.0
2016 12 24.0
2017 1 26.0
2017 2 19.0
2017 3 10.0
2017 4 14.0
2017 5 54.0
2017 6 34.0
2017 7 114.0
2017 8 54.0
2017 9 37.0
2017 10 42.0
2017 11 52.0
2017 12 32.0
2018 1 50.0
2018 2 14.0
2018 3 16.0
2018 4 158.0
2018 5 30.0
2018 6 44.0
2018 7 14.0
2018 8 49.0
2018 9 24.0
2018 10 46.0
2018 11 109.0
2018 12 58.0
2019 1 29.0
2019 2 38.0
2019 3 38.0
2019 4 114.0
2019 5 58.0
2019 6 29.0
2019 7 62.0
2019 8 115.0
2019 9 26.0
2019 10 52.0
2019 11 30.0
2019 12 16.0
2020 1 16.0
2020 2 33.0
2020 3 28.0
2020 4 38.0
2020 5 17.0
2020 6 22.0
2020 7 90.0
2020 8 80.0
2020 9 60.0
2020 10 139.0
2020 11 13.0
2020 12 60.0
2021 1 37.0
2021 2 69.0
2021 3 74.0
2021 4 108.0
2021 5 72.0
2021 6 106.0
2021 7 13.0
2021 8 89.0
2021 9 44.0
2021 10 19.0
2021 11 8.0
2021 12 35.0
2022 1 54.0
2022 2 40.0
2022 3 66.0
2022 4 46.0
2022 5 45.0
2022 6 107.0
2022 7 61.0
2022 8 55.0
2022 9 68.0
2022 10 61.0
2022 11 97.0
2022 12 109.0
2023 1 85.0
2023 2 62.0
2023 3 96.0
2023 4 67.0
2023 5 142.0
2023 6 128.0
2023 7 91.0
2023 8 140.0
2023 9 69.0
2023 10 87.0
2023 11 57.0
2023 12 43.0
2024 1 63.0
2024 2 91.0
2024 3 59.0
2024 4 108.0
2024 5 113.0
2024 6 100.0
2024 7 109.0
2024 8 185.0
