1960 5 12.0
1960 6 11.0
1960 7 46.0
1960 8 17.0
1960 9 26.0
1960 10 39.0
1960 11 14.0
1960 12 2.0
1961 1 4.0
1961 2 8.0
1961 3 13.0
1961 4 10.0
1961 5 12.0
1961 6 12.0
1961 7 8.0
1961 8 12.0
1961 9 14.0
1961 10 24.0
1961 11 26.0
1961 12 6.0
1962 1 7.0
1962 2 8.0
1962 3 12.5
1962 4 17.0
1962 5 28.0
1962 6 10.0
1962 7 18.0
1962 8 27.0
1962 9 45.0
1962 10 10.0
1962 11 8.0
1962 12 6.0
1963 1 8.666666666666666
1963 2 11.333333333333332
1963 3 14.0
1963 4 57.0
1963 5 8.0
1963 6 13.0
1963 7 14.0
1963 8 47.0
1963 9 14.0
1963 10 29.0
1963 11 12.0
1963 12 2.0
1964 1 4.0
1964 2 4.0
1964 3 24.0
1964 4 22.0
1964 5 34.0
1964 6 11.0
1964 7 6.0
1964 8 12.0
1964 9 18.0
1964 10 11.0
1964 11 16.0
1964 12 4.0
1965 1 3.0
1965 2 2.0
1965 3 14.0
1965 4 11.0
1965 5 16.0
1965 6 6.0
1965 7 6.0
1965 8 10.0
1965 9 16.0
1965 10 18.0
1965 11 12.0
1965 12 10.0
1966 1 9.5
1966 2 9.0
1966 3 8.5
1966 4 8.0
1966 5 13.0
1966 6 8.0
1966 7 14.0
1966 8 4.0
1966 9 6.0
1966 10 8.0
1966 11 7.5
1966 12 7.0
1967 1 6.5
1967 2 6.0
1967 3 5.5
1967 4 5.0
1967 5 10.0
1967 6 6.0
1967 7 4.0
1967 8 10.0
1967 9 8.0
1967 10 8.0
1967 11 2.0
1967 12 3.0
1968 1 4.0
1968 2 5.0
1968 3 6.0
1968 4 20.0
1968 5 76.0
1968 6 4.0
1968 7 136.0
1968 8 10.0
1968 9 8.0
1968 10 21.0
1968 11 26.0
1968 12 2.0
1969 1 2.6666666666666665
1969 2 3.333333333333333
1969 3 4.0
1969 4 14.0
1969 5 4.0
1969 6 2.0
1969 7 39.0
1969 8 6.0
1969 9 16.0
1969 10 28.0
1969 11 48.0
1969 12 41.2
1970 1 34.4
1970 2 27.6
1970 3 20.8
1970 4 14.0
1970 5 18.0
1970 6 19.0
1970 7 6.0
1970 8 15.0
1970 9 36.0
1970 10 57.0
1970 11 52.0
1970 12 41.5
1971 1 31.0
1971 2 20.5
1971 3 10.0
1971 4 25.0
1971 5 12.0
1971 6 53.0
1971 7 23.0
1971 8 64.0
1971 9 50.0
1971 10 26.0
1971 11 82.0
1971 12 65.5
1972 1 49.0
1972 2 32.5
1972 3 16.0
1972 4 50.0
1972 5 89.0
1972 6 14.0
1972 7 34.0
1972 8 69.0
1972 9 125.0
1972 10 56.0
1972 11 30.0
1972 12 4.0
1973 1 4.0
1973 2 4.0
1973 3 17.0
1973 4 28.0
1973 5 56.0
1973 6 70.0
1973 7 28.0
1973 8 15.0
1973 9 30.0
1973 10 46.0
1973 11 32.0
1973 12 25.5
1974 1 19.0
1974 2 12.5
1974 3 6.0
1974 4 43.0
1974 5 35.0
1974 6 34.0
1974 7 19.0
1974 8 61.0
1974 9 39.0
1974 10 72.0
1974 11 12.0
1974 12 14.0
1975 1 21.333333333333332
1975 2 28.666666666666664
1975 3 36.0
1975 4 25.0
1975 5 64.0
1975 6 31.0
1975 7 52.0
1975 8 52.0
1975 9 74.0
1975 10 61.0
1975 11 80.0
1975 12 42.0
1976 1 4.0
1976 2 6.0
1976 3 4.0
1976 4 64.0
1976 5 58.0
1976 6 36.0
1976 7 77.0
1976 8 44.0
1976 9 63.0
1976 10 120.0
1976 11 60.0
1976 12 10.0
1977 1 8.0
1977 2 31.0
1977 3 72.0
1977 4 74.0
1977 5 76.0
1977 6 60.0
1977 7 40.0
1977 8 22.0
1977 9 57.0
1977 10 90.0
1977 11 51.0
1977 12 37.5
1978 1 24.0
1978 2 4.0
1978 3 20.0
1978 4 66.0
1978 5 60.0
1978 6 89.0
1978 7 58.0
1978 8 62.0
1978 9 80.0
1978 10 114.0
1978 11 28.0
1978 12 26.0
1979 1 4.0
1979 2 6.0
1979 3 12.0
1979 4 50.0
1979 5 72.0
1979 6 46.0
1979 7 64.0
1979 8 62.0
1979 9 102.0
1979 10 148.0
1979 11 22.0
1979 12 22.666666666666668
1980 1 23.333333333333332
1980 2 24.0
1980 3 4.0
1980 4 34.0
1980 5 28.0
1980 6 20.0
1980 7 14.0
1980 8 23.0
1980 9 48.0
1980 10 48.0
1980 11 34.0
1980 12 26.0
1981 1 15.0
1981 2 4.0
1981 3 16.0
1981 4 27.0
1981 5 20.0
1981 6 26.0
1981 7 16.0
1981 8 14.0
1981 9 46.0
1981 10 32.0
1981 11 26.0
1981 12 4.0
1982 1 7.25
1982 2 10.5
1982 3 13.75
1982 4 17.0
1982 5 22.0
1982 6 27.0
1982 7 10.0
1982 8 17.0
1982 9 25.0
1982 10 32.0
1982 11 50.0
1982 12 29.0
1983 1 8.0
1983 2 5.0
1983 3 2.0
1983 4 44.0
1983 5 67.0
1983 6 50.0
1983 7 49.0
1983 8 24.0
1983 9 85.0
1983 10 60.0
1983 11 56.0
1983 12 2.0
1984 1 3.0
1984 2 2.0
1984 3 17.0
1984 4 32.0
1984 5 36.0
1984 6 35.0
1984 7 45.0
1984 8 21.0
1984 9 22.0
1984 10 46.0
1984 11 74.0
1984 12 12.0
1985 1 20.666666666666664
1985 2 29.333333333333332
1985 3 38.0
1985 4 20.0
1985 5 42.0
1985 6 17.0
1985 7 43.0
1985 8 62.0
1985 9 48.0
1985 10 44.0
1985 11 16.0
1985 12 20.0
1986 1 2.0
1986 2 18.0
1986 3 34.0
1986 4 70.0
1986 5 26.0
1986 6 53.0
1986 7 29.0
1986 8 48.0
1986 9 40.0
1986 10 29.0
1986 11 8.0
1986 12 4.0
1987 1 4.0
1987 2 2.0
1987 3 2.0
1987 4 6.0
1987 5 16.0
1987 6 22.0
1987 7 10.0
1987 8 8.0
1987 9 11.0
1987 10 18.0
1987 11 8.0
1987 12 5.0
1988 1 2.0
1988 2 5.0
1988 3 8.0
1988 4 15.0
1988 5 4.0
1988 6 10.0
1988 7 6.0
1988 8 8.0
1988 9 10.0
1988 10 14.0
1988 11 12.0
1988 12 6.0
1989 1 5.0
1989 2 4.0
1989 3 3.0
1989 4 32.0
1989 5 15.0
1989 6 2.0
1989 7 6.0
1989 8 14.0
1989 9 2.0
1989 10 6.0
1989 11 2.0
1989 12 4.0
1990 1 12.0
1990 2 20.0
1990 3 12.0
1990 4 4.0
1990 5 3.6666666666666665
1990 6 3.3333333333333335
1990 7 3.0
1990 8 4.0
1990 9 6.0
1990 10 6.0
1990 11 3.0
1990 12 4.0
1991 1 3.5
1991 2 3.0
1991 3 2.5
1991 4 2.0
1991 5 4.0
1991 6 6.0
1991 7 4.0
1991 8 13.0
1991 9 8.5
1991 10 4.0
1991 11 4.0
1991 12 4.0
1992 1 4.0
1992 2 4.0
1992 3 4.0
1992 4 3.0
1992 5 2.0
1992 6 7.0
1992 7 8.0
1992 8 6.0
1992 9 4.0
1992 10 14.0
1992 11 13.166666666666666
1992 12 12.333333333333334
1993 1 11.5
1993 2 10.666666666666666
1993 3 9.833333333333332
1993 4 9.0
1993 5 2.0
1993 6 14.0
1993 7 16.0
1993 8 28.0
1993 9 22.0
1993 10 7.0
1993 11 8.0
1993 12 4.0
1994 1 4.0
1994 2 7.333333333333334
1994 3 10.666666666666668
1994 4 14.0
1994 5 22.0
1994 6 12.0
1994 7 10.0
1994 8 6.0
1994 9 18.0
1994 10 13.0
1994 11 7.0
1994 12 4.0
1995 1 6.75
1995 2 9.5
1995 3 12.25
1995 4 15.0
1995 5 2.0
1995 6 15.0
1995 7 4.0
1995 8 10.0
1995 9 16.0
1995 10 22.0
1995 11 4.0
1995 12 3.8333333333333335
1996 1 3.6666666666666665
1996 2 3.5
1996 3 3.3333333333333335
1996 4 3.166666666666667
1996 5 3.0
1996 6 7.0
1996 7 11.0
1996 8 2.0
1996 9 4.0
1996 10 33.0
1996 11 8.0
1996 12 5.0
1997 1 2.0
1997 2 6.0
1997 3 10.0
1997 4 14.0
1997 5 2.0
1997 6 10.0
1997 7 6.0
1997 8 24.0
1997 9 28.0
1997 10 20.0
1997 11 10.0
1997 12 4.0
1998 1 3.0
1998 2 2.0
1998 3 6.0
1998 4 8.0
1998 5 50.0
1998 6 29.0
1998 7 37.0
1998 8 34.0
1998 9 6.0
1998 10 8.0
1998 11 4.0
1998 12 5.0
1999 1 4.0
1999 2 3.0
1999 3 2.0
1999 4 19.0
1999 5 16.0
1999 6 15.0
1999 7 2.0
1999 8 7.0
1999 9 13.0
1999 10 11.0
1999 11 14.0
1999 12 16.0
2000 1 10.0
2000 2 4.0
2000 3 2.0
2000 4 23.0
2000 5 30.0
2000 6 30.0
2000 7 20.0
2000 8 12.0
2000 9 36.0
2000 10 20.0
2000 11 14.0
2000 12 10.0
2001 1 6.0
2001 2 2.0
2001 3 4.0
2001 4 4.0
2001 5 28.0
2001 6 29.0
2001 7 8.0
2001 8 32.0
2001 9 19.0
2001 10 10.0
2001 11 21.0
2001 12 12.5
2002 1 4.0
2002 2 4.0
2002 3 6.0
2002 4 20.0
2002 5 16.0
2002 6 20.0
2002 7 38.0
2002 8 26.0
2002 9 26.0
2002 10 24.0
2002 11 6.0
2002 12 13.0
2003 1 20.0
2003 2 12.0
2003 3 4.0
2003 4 12.0
2003 5 21.0
2003 6 8.0
2003 7 6.0
2003 8 45.0
2003 9 48.0
2003 10 10.0
2003 11 10.0
2003 12 10.0
2004 1 8.0
2004 2 6.0
2004 3 4.0
2004 4 14.0
2004 5 22.0
2004 6 10.0
2004 7 8.0
2004 8 6.0
2004 9 22.0
2004 10 22.0
2004 11 6.0
2004 12 6.0
2005 1 3.0
2005 2 6.5
2005 3 10.0
2005 4 17.0
2005 5 101.0
2005 6 6.0
2005 7 8.0
2005 8 4.0
2005 9 16.0
2005 10 4.0
2005 11 10.0
2005 12 7.5
2006 1 5.0
2006 2 14.0
2006 3 23.0
2006 4 11.0
2006 5 13.0
2006 6 28.0
2006 7 2.0
2006 8 11.0
2006 9 26.0
2006 10 24.0
2006 11 10.0
2006 12 12.0
2007 1 14.0
2007 2 16.0
2007 3 18.0
2007 4 18.0
2007 5 12.0
2007 6 8.0
2007 7 8.0
2007 8 8.0
2007 9 17.0
2007 10 10.0
2007 11 41.0
2007 12 28.0
2008 1 15.0
2008 2 2.0
2008 3 4.0
2008 4 8.0
2008 5 10.0
2008 6 10.0
2008 7 10.0
2008 8 21.0
2008 9 40.0
2008 10 12.0
2008 11 8.0
2008 12 4.0
2009 1 3.75
2009 2 3.5
2009 3 3.25
2009 4 3.0
2009 5 4.0
2009 6 10.0
2009 7 6.0
2009 8 4.0
2009 9 2.0
2009 10 6.0
2009 11 11.0
2009 12 16.0
2010 1 11.666666666666668
2010 2 7.333333333333334
2010 3 3.0
2010 4 4.0
2010 5 2.0
2010 6 9.0
2010 7 16.0
2010 8 10.0
2010 9 4.0
2010 10 6.0
2010 11 8.0
2010 12 3.0
2011 1 3.75
2011 2 4.5
2011 3 5.25
2011 4 6.0
2011 5 6.0
2011 6 5.0
2011 7 20.0
2011 8 8.0
2011 9 66.0
2011 10 3.0
2011 11 5.0
2011 12 4.25
2012 1 3.5
2012 2 2.75
2012 3 2.0
2012 4 28.0
2012 5 19.0
2012 6 52.0
2012 7 44.0
2012 8 8.0
2012 9 54.0
2012 10 16.0
2012 11 17.0
2012 12 18.0
2013 1 19.0
2013 2 20.0
2013 3 21.0
2013 4 22.0
2013 5 28.0
2013 6 12.0
2013 7 20.0
2013 8 16.0
2013 9 33.0
2013 10 21.0
2013 11 5.0
2013 12 8.0
2014 1 8.0
2014 2 8.0
2014 3 78.0
2014 4 2.0
2014 5 2.0
2014 6 6.0
2014 7 5.0
2014 8 4.0
2014 9 8.0
2014 10 4.0
2014 11 3.5
2014 12 3.0
2015 1 5.0
2015 2 2.0
2015 3 3.0
2015 4 32.0
2015 5 12.0
2015 6 12.0
2015 7 8.0
2015 8 6.0
2015 9 6.0
2015 10 4.0
2015 11 8.0
2015 12 2.0
2016 1 2.0
2016 2 2.0
2016 3 8.0
2016 4 2.0
2016 5 22.0
2016 6 41.0
2016 7 2.0
2016 8 2.0
2016 9 2.0
2016 10 6.0
2016 11 5.0
2016 12 2.0
2017 1 3.0
2017 2 4.0
2017 3 3.3333333333333335
2017 4 2.666666666666667
2017 5 2.0
2017 6 33.0
2017 7 19.0
2017 8 5.0
2017 9 16.0
2017 10 11.0
2017 11 2.0
2017 12 2.0
2018 1 2.0
2018 2 2.0
2018 3 2.0
2018 4 4.0
2018 5 4.0
2018 6 8.0
2018 7 6.0
2018 8 7.0
2018 9 48.0
2018 10 24.0
2018 11 2.0
2018 12 2.0
2019 1 2.0
2019 2 3.5
2019 3 5.0
2019 4 6.5
2019 5 8.0
2019 6 7.0
2019 7 6.0
2019 8 2.0
2019 9 2.0
2019 10 32.0
2019 11 8.0
2019 12 10.0
2020 1 12.0
2020 2 14.0
2020 3 16.0
2020 4 4.0
2020 5 11.5
2020 6 19.0
2020 7 24.0
2020 8 8.0
2020 9 57.0
2020 10 40.0
2020 11 8.0
2020 12 16.0
2021 1 4.0
2021 2 14.0
2021 3 6.0
2021 4 32.0
2021 5 2.0
2021 6 34.0
2021 7 20.0
2021 8 52.0
2021 9 40.0
2021 10 24.0
2021 11 114.0
2021 12 18.0
2022 1 2.0
2022 2 10.0
2022 3 18.0
2022 4 2.0
2022 5 21.0
2022 6 20.0
2022 7 16.0
2022 8 15.0
2022 9 2.0
2022 10 65.0
2022 11 53.0
2022 12 28.0
2023 1 3.0
2023 2 2.0
2023 3 8.0
2023 4 4.0
2023 5 24.0
2023 6 10.0
2023 7 10.0
2023 8 30.0
2023 9 12.0
2023 10 16.0
2023 11 2.0
2023 12 3.0
2024 1 4.0
2024 2 16.0
2024 3 6.0
2024 4 4.0
2024 5 6.0
2024 6 4.0
2024 7 44.0
2024 8 12.0
