1960 5 4534.0
1960 6 3730.0
1960 7 3522.0
1960 8 4686.0
1960 9 3137.0
1960 10 3327.0
1960 11 2439.0
1960 12 1695.0
1961 1 1192.0
1961 2 1290.0
1961 3 2480.0
1961 4 2829.0
1961 5 3821.0
1961 6 3462.0
1961 7 3574.0
1961 8 3382.0
1961 9 3084.0
1961 10 3552.0
1961 11 2278.0
1961 12 1438.0
1962 1 1079.0
1962 2 1466.0
1962 3 2812.0
1962 4 3472.0
1962 5 4049.0
1962 6 3349.0
1962 7 3237.0
1962 8 3266.0
1962 9 2509.0
1962 10 2661.0
1962 11 2173.0
1962 12 1001.0
1963 1 805.0
1963 2 989.0
1963 3 1895.0
1963 4 3358.0
1963 5 3131.0
1963 6 3179.0
1963 7 2958.0
1963 8 2839.0
1963 9 2487.0
1963 10 3046.0
1963 11 2116.0
1963 12 1072.0
1964 1 887.0
1964 2 1311.0
1964 3 2504.0
1964 4 2796.0
1964 5 2822.0
1964 6 2952.0
1964 7 2726.0
1964 8 2592.0
1964 9 2732.0
1964 10 2324.0
1964 11 1839.0
1964 12 1057.0
1965 1 904.0
1965 2 1058.0
1965 3 2336.0
1965 4 2897.0
1965 5 2706.0
1965 6 2997.0
1965 7 2583.0
1965 8 2630.0
1965 9 2275.0
1965 10 2140.0
1965 11 2011.0
1965 12 1382.0
1966 1 974.0
1966 2 1116.0
1966 3 2732.0
1966 4 2622.0
1966 5 2462.0
1966 6 2532.0
1966 7 1868.0
1966 8 1962.0
1966 9 1495.0
1966 10 1284.0
1966 11 1119.0
1966 12 780.0
1967 1 877.0
1967 2 1046.0
1967 3 1801.0
1967 4 2233.0
1967 5 2232.0
1967 6 2431.0
1967 7 2320.0
1967 8 2565.0
1967 9 2222.0
1967 10 2410.0
1967 11 1765.0
1967 12 1198.0
1968 1 1154.0
1968 2 1363.0
1968 3 2182.0
1968 4 2715.0
1968 5 3300.0
1968 6 3089.0
1968 7 3097.0
1968 8 3232.0
1968 9 2814.0
1968 10 2948.0
1968 11 2357.0
1968 12 1551.0
1969 1 1264.0
1969 2 2016.0
1969 3 2813.0
1969 4 3383.0
1969 5 2996.0
1969 6 2696.0
1969 7 2575.0
1969 8 2216.0
1969 9 2475.0
1969 10 2386.0
1969 11 1651.0
1969 12 1234.0
1970 1 845.0
1970 2 1124.0
1970 3 1915.0
1970 4 2488.0
1970 5 2664.0
1970 6 2590.0
1970 7 2428.0
1970 8 2400.0
1970 9 2771.0
1970 10 2706.0
1970 11 2168.0
1970 12 1573.0
1971 1 1549.0
1971 2 1270.0
1971 3 3089.0
1971 4 3812.0
1971 5 3661.0
1971 6 4102.0
1971 7 3519.0
1971 8 3922.0
1971 9 3028.0
1971 10 3387.0
1971 11 2730.0
1971 12 2125.0
1972 1 1706.0
1972 2 2125.0
1972 3 3759.0
1972 4 4044.0
1972 5 4881.0
1972 6 5102.0
1972 7 3890.0
1972 8 4577.0
1972 9 4179.0
1972 10 3142.0
1972 11 2097.0
1972 12 1471.0
1973 1 1886.0
1973 2 2078.0
1973 3 3586.0
1973 4 3636.0
1973 5 3968.0
1973 6 3919.0
1973 7 3388.0
1973 8 3168.0
1973 9 2268.0
1973 10 2813.0
1973 11 1947.0
1973 12 1188.0
1974 1 1207.0
1974 2 1866.0
1974 3 2907.0
1974 4 3445.0
1974 5 3475.0
1974 6 2826.0
1974 7 2990.0
1974 8 2430.0
1974 9 2025.0
1974 10 2199.0
1974 11 1339.0
1974 12 950.0
1975 1 994.0
1975 2 1152.0
1975 3 1658.0
1975 4 2738.0
1975 5 3046.0
1975 6 3150.0
1975 7 4320.0
1975 8 2502.0
1975 9 2561.0
1975 10 2544.0
1975 11 1828.0
1975 12 1327.0
1976 1 1018.0
1976 2 1509.0
1976 3 3160.0
1976 4 3401.0
1976 5 3414.0
1976 6 3592.0
1976 7 3246.0
1976 8 3004.0
1976 9 3153.0
1976 10 2952.0
1976 11 2618.0
1976 12 1719.0
1977 1 820.0
1977 2 1293.0
1977 3 3955.0
1977 4 4261.0
1977 5 4570.0
1977 6 5046.0
1977 7 4032.0
1977 8 4357.0
1977 9 3676.0
1977 10 3325.0
1977 11 2941.0
1977 12 1409.0
1978 1 854.0
1978 2 1200.0
1978 3 3122.0
1978 4 4131.0
1978 5 4311.0
1978 6 4411.0
1978 7 3365.0
1978 8 3754.0
1978 9 3009.0
1978 10 3009.0
1978 11 2455.0
1978 12 1457.0
1979 1 888.0
1979 2 763.0
1979 3 2721.0
1979 4 3498.0
1979 5 3832.0
1979 6 3207.0
1979 7 2626.0
1979 8 2640.0
1979 9 2216.0
1979 10 2453.0
1979 11 1395.0
1979 12 885.0
1980 1 652.0
1980 2 579.0
1980 3 1106.0
1980 4 1480.0
1980 5 1046.0
1980 6 1105.0
1980 7 1617.0
1980 8 1874.0
1980 9 1941.0
1980 10 1935.0
1980 11 1466.0
1980 12 761.0
1981 1 599.0
1981 2 467.0
1981 3 1220.0
1981 4 1548.0
1981 5 1230.0
1981 6 1255.0
1981 7 1062.0
1981 8 919.0
1981 9 824.0
1981 10 673.0
1981 11 443.0
1981 12 456.0
1982 1 218.0
1982 2 266.0
1982 3 658.0
1982 4 810.0
1982 5 905.0
1982 6 929.0
1982 7 806.0
1982 8 975.0
1982 9 948.0
1982 10 948.0
1982 11 894.0
1982 12 600.0
1983 1 545.0
1983 2 706.0
1983 3 1411.0
1983 4 1476.0
1983 5 1710.0
1983 6 1831.0
1983 7 1624.0
1983 8 1766.0
1983 9 1840.0
1983 10 1495.0
1983 11 1138.0
1983 12 723.0
1984 1 571.0
1984 2 732.0
1984 3 1237.0
1984 4 1707.0
1984 5 2058.0
1984 6 1885.0
1984 7 1554.0
1984 8 1602.0
1984 9 1354.0
1984 10 1409.0
1984 11 991.0
1984 12 691.0
1985 1 494.0
1985 2 579.0
1985 3 1509.0
1985 4 1882.0
1985 5 2138.0
1985 6 1979.0
1985 7 2175.0
1985 8 2058.0
1985 9 1789.0
1985 10 1903.0
1985 11 1136.0
1985 12 841.0
1986 1 836.0
1986 2 820.0
1986 3 1908.0
1986 4 2762.0
1986 5 2830.0
1986 6 2673.0
1986 7 2723.0
1986 8 2530.0
1986 9 2615.0
1986 10 2385.0
1986 11 1583.0
1986 12 1367.0
1987 1 1146.0
1987 2 1420.0
1987 3 2694.0
1987 4 3293.0
1987 5 2902.0
1987 6 3211.0
1987 7 2997.0
1987 8 2764.0
1987 9 2782.0
1987 10 2464.0
1987 11 1974.0
1987 12 1465.0
1988 1 935.0
1988 2 1245.0
1988 3 2652.0
1988 4 2888.0
1988 5 3119.0
1988 6 3301.0
1988 7 2786.0
1988 8 2811.0
1988 9 2383.0
1988 10 2272.0
1988 11 1825.0
1988 12 1545.0
1989 1 1279.0
1989 2 1303.0
1989 3 2773.0
1989 4 2909.0
1989 5 2794.0
1989 6 2671.0
1989 7 2469.0
1989 8 2713.0
1989 9 2522.0
1989 10 2697.0
1989 11 2115.0
1989 12 1082.0
1990 1 1533.0
1990 2 1732.0
1990 3 3103.0
1990 4 3029.0
1990 5 3175.0
1990 6 3018.0
1990 7 2651.0
1990 8 2668.0
1990 9 2139.0
1990 10 2314.0
1990 11 1514.0
1990 12 1042.0
1991 1 954.0
1991 2 1346.0
1991 3 2203.0
1991 4 2968.0
1991 5 3186.0
1991 6 2946.0
1991 7 2899.0
1991 8 2677.0
1991 9 2353.0
1991 10 2805.0
1991 11 1962.0
1991 12 1446.0
1992 1 1533.0
1992 2 1933.0
1992 3 3043.0
1992 4 3293.0
1992 5 3595.0
1992 6 3450.0
1992 7 3287.0
1992 8 2946.0
1992 9 3022.0
1992 10 2947.0
1992 11 2533.0
1992 12 2348.0
1993 1 1742.0
1993 2 1880.0
1993 3 2869.0
1993 4 3405.0
1993 5 3267.0
1993 6 3872.0
1993 7 3376.0
1993 8 3371.0
1993 9 3322.0
1993 10 3037.0
1993 11 2880.0
1993 12 2267.0
1994 1 1570.0
1994 2 1900.0
1994 3 3701.0
1994 4 3706.0
1994 5 3873.0
1994 6 3864.0
1994 7 3376.0
1994 8 3274.0
1994 9 2994.0
1994 10 2926.0
1994 11 2655.0
1994 12 2017.0
1995 1 1309.0
1995 2 1493.0
1995 3 3010.0
1995 4 2896.0
1995 5 3432.0
1995 6 3403.0
1995 7 2896.0
1995 8 3349.0
1995 9 2826.0
1995 10 3279.0
1995 11 2623.0
1995 12 1708.0
1996 1 1427.0
1996 2 2060.0
1996 3 3308.0
1996 4 4078.0
1996 5 3900.0
1996 6 3514.0
1996 7 3888.0
1996 8 3534.0
1996 9 2857.0
1996 10 3234.0
1996 11 2290.0
1996 12 1838.0
1997 1 1509.0
1997 2 1698.0
1997 3 2782.0
1997 4 3483.0
1997 5 3297.0
1997 6 3067.0
1997 7 3127.0
1997 8 3062.0
1997 9 2944.0
1997 10 2929.0
1997 11 2156.0
1997 12 2674.0
1998 1 1867.0
1998 2 2252.0
1998 3 3145.0
1998 4 3748.0
1998 5 3567.0
1998 6 3624.0
1998 7 3384.0
1998 8 3394.0
1998 9 3229.0
1998 10 3986.0
1998 11 2890.0
1998 12 2443.0
1999 1 1676.0
1999 2 2350.0
1999 3 3646.0
1999 4 4085.0
1999 5 4019.0
1999 6 4135.0
1999 7 4070.0
1999 8 3761.0
1999 9 3663.0
1999 10 3413.0
1999 11 2989.0
1999 12 2287.0
2000 1 1937.0
2000 2 2362.0
2000 3 3574.0
2000 4 3653.0
2000 5 3932.0
2000 6 3467.0
2000 7 3460.0
2000 8 3334.0
2000 9 3350.0
2000 10 3231.0
2000 11 2796.0
2000 12 1918.0
2001 1 2141.0
2001 2 2242.0
2001 3 3621.0
2001 4 3896.0
2001 5 4179.0
2001 6 4105.0
2001 7 3728.0
2001 8 3671.0
2001 9 2952.0
2001 10 3288.0
2001 11 2941.0
2001 12 2362.0
2002 1 2396.0
2002 2 2528.0
2002 3 3432.0
2002 4 4119.0
2002 5 4190.0
2002 6 3719.0
2002 7 3684.0
2002 8 3442.0
2002 9 3240.0
2002 10 3807.0
2002 11 3056.0
2002 12 2658.0
2003 1 2265.0
2003 2 2282.0
2003 3 3529.0
2003 4 4358.0
2003 5 3907.0
2003 6 4000.0
2003 7 4148.0
2003 8 3947.0
2003 9 4106.0
2003 10 4181.0
2003 11 2979.0
2003 12 2617.0
2004 1 2153.0
2004 2 2493.0
2004 3 4190.0
2004 4 4213.0
2004 5 3816.0
2004 6 4122.0
2004 7 3657.0
2004 8 3913.0
2004 9 3622.0
2004 10 3376.0
2004 11 2899.0
2004 12 2408.0
2005 1 2109.0
2005 2 2740.0
2005 3 3995.0
2005 4 4569.0
2005 5 4333.0
2005 6 4505.0
2005 7 4165.0
2005 8 4352.0
2005 9 4207.0
2005 10 4069.0
2005 11 3592.0
2005 12 2413.0
2006 1 2092.0
2006 2 2424.0
2006 3 3657.0
2006 4 3539.0
2006 5 3891.0
2006 6 3462.0
2006 7 2929.0
2006 8 2964.0
2006 9 2982.0
2006 10 2901.0
2006 11 2191.0
2006 12 1615.0
2007 1 1714.0
2007 2 1367.0
2007 3 2418.0
2007 4 2460.0
2007 5 3192.0
2007 6 2751.0
2007 7 2468.0
2007 8 2382.0
2007 9 1877.0
2007 10 2048.0
2007 11 1739.0
2007 12 1125.0
2008 1 1150.0
2008 2 917.0
2008 3 1249.0
2008 4 1907.0
2008 5 1786.0
2008 6 1861.0
2008 7 1584.0
2008 8 1394.0
2008 9 1417.0
2008 10 1384.0
2008 11 907.0
2008 12 638.0
2009 1 514.0
2009 2 598.0
2009 3 799.0
2009 4 1058.0
2009 5 988.0
2009 6 1087.0
2009 7 1179.0
2009 8 1008.0
2009 9 890.0
2009 10 888.0
2009 11 751.0
2009 12 713.0
2010 1 619.0
2010 2 747.0
2010 3 1170.0
2010 4 1142.0
2010 5 950.0
2010 6 1058.0
2010 7 1148.0
2010 8 896.0
2010 9 797.0
2010 10 861.0
2010 11 630.0
2010 12 543.0
2011 1 538.0
2011 2 555.0
2011 3 936.0
2011 4 891.0
2011 5 904.0
2011 6 912.0
2011 7 778.0
2011 8 1008.0
2011 9 842.0
2011 10 808.0
2011 11 660.0
2011 12 500.0
2012 1 486.0
2012 2 542.0
2012 3 940.0
2012 4 947.0
2012 5 1063.0
2012 6 1055.0
2012 7 1034.0
2012 8 1082.0
2012 9 942.0
2012 10 1127.0
2012 11 856.0
2012 12 911.0
2013 1 711.0
2013 2 792.0
2013 3 1044.0
2013 4 1286.0
2013 5 1331.0
2013 6 1203.0
2013 7 1401.0
2013 8 1216.0
2013 9 1066.0
2013 10 1152.0
2013 11 873.0
2013 12 707.0
2014 1 634.0
2014 2 671.0
2014 3 1088.0
2014 4 1139.0
2014 5 1222.0
2014 6 1275.0
2014 7 1176.0
2014 8 1194.0
2014 9 1099.0
2014 10 1195.0
2014 11 952.0
2014 12 740.0
2015 1 615.0
2015 2 598.0
2015 3 1056.0
2015 4 1218.0
2015 5 1311.0
2015 6 1310.0
2015 7 1322.0
2015 8 1256.0
2015 9 1242.0
2015 10 1106.0
2015 11 1059.0
2015 12 1003.0
2016 1 672.0
2016 2 1086.0
2016 3 1337.0
2016 4 1348.0
2016 5 1454.0
2016 6 1574.0
2016 7 1302.0
2016 8 1466.0
2016 9 1325.0
2016 10 1274.0
2016 11 1303.0
2016 12 997.0
2017 1 963.0
2017 2 1037.0
2017 3 1462.0
2017 4 1481.0
2017 5 1656.0
2017 6 1634.0
2017 7 1479.0
2017 8 1590.0
2017 9 1378.0
2017 10 1492.0
2017 11 1136.0
2017 12 1087.0
2018 1 985.0
2018 2 1154.0
2018 3 1328.0
2018 4 1511.0
2018 5 1813.0
2018 6 1569.0
2018 7 1595.0
2018 8 1455.0
2018 9 1257.0
2018 10 1393.0
2018 11 1265.0
2018 12 730.0
2019 1 872.0
2019 2 898.0
2019 3 1181.0
2019 4 1568.0
2019 5 1517.0
2019 6 1361.0
2019 7 1391.0
2019 8 1341.0
2019 9 1472.0
2019 10 1568.0
2019 11 1210.0
2019 12 1088.0
2020 1 1065.0
2020 2 1121.0
2020 3 1299.0
2020 4 1420.0
2020 5 1335.0
2020 6 1644.0
2020 7 1824.0
2020 8 1829.0
2020 9 1829.0
2020 10 1860.0
2020 11 1524.0
2020 12 1572.0
2021 1 1303.0
2021 2 1397.0
2021 3 2174.0
2021 4 2113.0
2021 5 1775.0
2021 6 1973.0
2021 7 1869.0
2021 8 1632.0
2021 9 1634.0
2021 10 1619.0
2021 11 1457.0
2021 12 1408.0
2022 1 1223.0
2022 2 1184.0
2022 3 1734.0
2022 4 1838.0
2022 5 1723.0
2022 6 1656.0
2022 7 1474.0
2022 8 1622.0
2022 9 1390.0
2022 10 1531.0
2022 11 1056.0
2022 12 994.0
2023 1 795.0
2023 2 1019.0
2023 3 1454.0
2023 4 1360.0
2023 5 1516.0
2023 6 1723.0
2023 7 1353.0
2023 8 1568.0
2023 9 1369.0
2023 10 1548.0
2023 11 1239.0
2023 12 1052.0
2024 1 1162.0
2024 2 1355.0
2024 3 1668.0
2024 4 1629.0
2024 5 1513.0
2024 6 1483.0
2024 7 1607.0
2024 8 1468.0
