1960 5 1012.0
1960 6 750.0
1960 7 317.0
1960 8 754.0
1960 9 822.0
1960 10 971.0
1960 11 728.0
1960 12 312.0
1961 1 246.0
1961 2 435.0
1961 3 697.0
1961 4 658.0
1961 5 752.0
1961 6 1227.0
1961 7 565.0
1961 8 792.0
1961 9 914.0
1961 10 1401.0
1961 11 1044.0
1961 12 655.0
1962 1 457.0
1962 2 553.0
1962 3 1019.0
1962 4 1319.0
1962 5 2917.0
1962 6 1197.0
1962 7 1802.0
1962 8 1884.0
1962 9 1242.0
1962 10 2320.0
1962 11 1155.0
1962 12 950.0
1963 1 1340.0
1963 2 711.0
1963 3 1841.0
1963 4 2314.0
1963 5 2537.0
1963 6 2186.0
1963 7 2502.0
1963 8 3591.0
1963 9 3081.0
1963 10 2131.0
1963 11 2512.0
1963 12 1329.0
1964 1 2281.0
1964 2 847.0
1964 3 1690.0
1964 4 1744.0
1964 5 1903.0
1964 6 2363.0
1964 7 1747.0
1964 8 1944.0
1964 9 2602.0
1964 10 2801.0
1964 11 1561.0
1964 12 730.0
1965 1 1268.0
1965 2 952.0
1965 3 1314.0
1965 4 1846.0
1965 5 2381.0
1965 6 3020.0
1965 7 1934.0
1965 8 1753.0
1965 9 1590.0
1965 10 1869.0
1965 11 1546.0
1965 12 2641.0
1966 1 1380.0
1966 2 903.0
1966 3 1718.0
1966 4 2249.0
1966 5 1967.0
1966 6 2147.0
1966 7 1269.0
1966 8 1042.0
1966 9 1208.0
1966 10 1103.0
1966 11 584.0
1966 12 486.0
1967 1 910.0
1967 2 706.0
1967 3 1643.0
1967 4 1827.0
1967 5 1980.0
1967 6 1719.0
1967 7 2017.0
1967 8 2512.0
1967 9 3553.0
1967 10 2727.0
1967 11 2001.0
1967 12 2208.0
1968 1 1103.0
1968 2 869.0
1968 3 1689.0
1968 4 2381.0
1968 5 3155.0
1968 6 2406.0
1968 7 2323.0
1968 8 4074.0
1968 9 4236.0
1968 10 3575.0
1968 11 2557.0
1968 12 1909.0
1969 1 2398.0
1969 2 2218.0
1969 3 2629.0
1969 4 2534.0
1969 5 3150.0
1969 6 2172.0
1969 7 2961.0
1969 8 3169.0
1969 9 2379.0
1969 10 2588.0
1969 11 2252.0
1969 12 2181.0
1970 1 724.0
1970 2 1349.0
1970 3 1343.0
1970 4 2455.0
1970 5 1489.0
1970 6 3797.0
1970 7 3580.0
1970 8 3274.0
1970 9 2553.0
1970 10 3691.0
1970 11 3281.0
1970 12 3479.0
1971 1 1950.0
1971 2 1870.0
1971 3 3561.0
1971 4 3676.0
1971 5 4407.0
1971 6 6186.0
1971 7 3767.0
1971 8 5490.0
1971 9 3918.0
1971 10 6000.0
1971 11 3285.0
1971 12 4609.0
1972 1 2251.0
1972 2 2006.0
1972 3 3022.0
1972 4 5425.0
1972 5 4196.0
1972 6 5111.0
1972 7 3439.0
1972 8 5023.0
1972 9 5370.0
1972 10 2798.0
1972 11 2498.0
1972 12 2313.0
1973 1 2989.0
1973 2 1588.0
1973 3 1522.0
1973 4 3919.0
1973 5 2620.0
1973 6 1994.0
1973 7 2408.0
1973 8 2394.0
1973 9 1450.0
1973 10 1410.0
1973 11 1712.0
1973 12 1570.0
1974 1 2270.0
1974 2 847.0
1974 3 2046.0
1974 4 1434.0
1974 5 1266.0
1974 6 1651.0
1974 7 915.0
1974 8 769.0
1974 9 1252.0
1974 10 750.0
1974 11 743.0
1974 12 599.0
1975 1 343.0
1975 2 348.0
1975 3 317.0
1975 4 1317.0
1975 5 1081.0
1975 6 1264.0
1975 7 2110.0
1975 8 1002.0
1975 9 791.0
1975 10 886.0
1975 11 794.0
1975 12 796.0
1976 1 483.0
1976 2 647.0
1976 3 1308.0
1976 4 1381.0
1976 5 903.0
1976 6 1460.0
1976 7 1287.0
1976 8 1608.0
1976 9 1982.0
1976 10 1685.0
1976 11 1402.0
1976 12 2028.0
1977 1 489.0
1977 2 1310.0
1977 3 1321.0
1977 4 2617.0
1977 5 1905.0
1977 6 1646.0
1977 7 2037.0
1977 8 2384.0
1977 9 1867.0
1977 10 1665.0
1977 11 2143.0
1977 12 913.0
1978 1 904.0
1978 2 1103.0
1978 3 2622.0
1978 4 1897.0
1978 5 1472.0
1978 6 2109.0
1978 7 2016.0
1978 8 2344.0
1978 9 2475.0
1978 10 2561.0
1978 11 2338.0
1978 12 644.0
1979 1 1264.0
1979 2 808.0
1979 3 1290.0
1979 4 2068.0
1979 5 2291.0
1979 6 1904.0
1979 7 1300.0
1979 8 2345.0
1979 9 2326.0
1979 10 2368.0
1979 11 1652.0
1979 12 612.0
1980 1 339.0
1980 2 519.0
1980 3 682.0
1980 4 1067.0
1980 5 1095.0
1980 6 1075.0
1980 7 1155.0
1980 8 1375.0
1980 9 1730.0
1980 10 2419.0
1980 11 1494.0
1980 12 663.0
1981 1 537.0
1981 2 1015.0
1981 3 1289.0
1981 4 1353.0
1981 5 831.0
1981 6 2358.0
1981 7 1193.0
1981 8 607.0
1981 9 1513.0
1981 10 910.0
1981 11 791.0
1981 12 188.0
1982 1 90.0
1982 2 287.0
1982 3 582.0
1982 4 630.0
1982 5 645.0
1982 6 826.0
1982 7 1091.0
1982 8 610.0
1982 9 1022.0
1982 10 1150.0
1982 11 428.0
1982 12 534.0
1983 1 246.0
1983 2 376.0
1983 3 580.0
1983 4 571.0
1983 5 645.0
1983 6 1181.0
1983 7 520.0
1983 8 1564.0
1983 9 1232.0
1983 10 1605.0
1983 11 1200.0
1983 12 478.0
1984 1 301.0
1984 2 1161.0
1984 3 584.0
1984 4 860.0
1984 5 788.0
1984 6 1099.0
1984 7 1054.0
1984 8 1454.0
1984 9 1047.0
1984 10 1519.0
1984 11 2035.0
1984 12 1334.0
1985 1 729.0
1985 2 319.0
1985 3 740.0
1985 4 1064.0
1985 5 1587.0
1985 6 1181.0
1985 7 1706.0
1985 8 1873.0
1985 9 1285.0
1985 10 2348.0
1985 11 1408.0
1985 12 2162.0
1986 1 930.0
1986 2 1350.0
1986 3 1022.0
1986 4 1707.0
1986 5 1509.0
1986 6 1758.0
1986 7 1918.0
1986 8 1269.0
1986 9 1284.0
1986 10 1591.0
1986 11 1460.0
1986 12 1837.0
1987 1 717.0
1987 2 696.0
1987 3 1375.0
1987 4 1647.0
1987 5 1239.0
1987 6 1650.0
1987 7 1661.0
1987 8 1782.0
1987 9 1643.0
1987 10 1832.0
1987 11 918.0
1987 12 1310.0
1988 1 407.0
1988 2 699.0
1988 3 1596.0
1988 4 2078.0
1988 5 1838.0
1988 6 2195.0
1988 7 1698.0
1988 8 1159.0
1988 9 1158.0
1988 10 1399.0
1988 11 1179.0
1988 12 1308.0
1989 1 608.0
1989 2 867.0
1989 3 1044.0
1989 4 1624.0
1989 5 1787.0
1989 6 1209.0
1989 7 870.0
1989 8 1604.0
1989 9 994.0
1989 10 1090.0
1989 11 800.0
1989 12 741.0
1990 1 2062.0
1990 2 593.0
1990 3 709.0
1990 4 1490.0
1990 5 860.0
1990 6 788.0
1990 7 745.0
1990 8 966.0
1990 9 826.0
1990 10 751.0
1990 11 824.0
1990 12 329.0
1991 1 979.0
1991 2 233.0
1991 3 764.0
1991 4 591.0
1991 5 790.0
1991 6 866.0
1991 7 802.0
1991 8 916.0
1991 9 824.0
1991 10 946.0
1991 11 886.0
1991 12 677.0
1992 1 617.0
1992 2 807.0
1992 3 867.0
1992 4 992.0
1992 5 916.0
1992 6 725.0
1992 7 913.0
1992 8 1469.0
1992 9 1959.0
1992 10 606.0
1992 11 1098.0
1992 12 830.0
1993 1 329.0
1993 2 413.0
1993 3 887.0
1993 4 627.0
1993 5 1073.0
1993 6 1146.0
1993 7 821.0
1993 8 1099.0
1993 9 1054.0
1993 10 1086.0
1993 11 666.0
1993 12 699.0
1994 1 467.0
1994 2 351.0
1994 3 731.0
1994 4 839.0
1994 5 1233.0
1994 6 1644.0
1994 7 1149.0
1994 8 848.0
1994 9 1589.0
1994 10 732.0
1994 11 999.0
1994 12 653.0
1995 1 845.0
1995 2 486.0
1995 3 1000.0
1995 4 782.0
1995 5 1443.0
1995 6 1086.0
1995 7 960.0
1995 8 1183.0
1995 9 1119.0
1995 10 1139.0
1995 11 732.0
1995 12 1145.0
1996 1 603.0
1996 2 433.0
1996 3 821.0
1996 4 884.0
1996 5 780.0
1996 6 688.0
1996 7 1232.0
1996 8 1182.0
1996 9 1499.0
1996 10 1493.0
1996 11 1797.0
1996 12 809.0
1997 1 806.0
1997 2 836.0
1997 3 895.0
1997 4 1010.0
1997 5 1092.0
1997 6 1228.0
1997 7 986.0
1997 8 1284.0
1997 9 1236.0
1997 10 1392.0
1997 11 1021.0
1997 12 959.0
1998 1 744.0
1998 2 568.0
1998 3 813.0
1998 4 824.0
1998 5 1025.0
1998 6 1034.0
1998 7 1464.0
1998 8 1205.0
1998 9 1390.0
1998 10 1102.0
1998 11 832.0
1998 12 935.0
1999 1 638.0
1999 2 640.0
1999 3 1692.0
1999 4 1296.0
1999 5 1211.0
1999 6 868.0
1999 7 800.0
1999 8 916.0
1999 9 1494.0
1999 10 1342.0
1999 11 1722.0
1999 12 803.0
2000 1 478.0
2000 2 754.0
2000 3 1626.0
2000 4 1170.0
2000 5 1357.0
2000 6 947.0
2000 7 1288.0
2000 8 1295.0
2000 9 1007.0
2000 10 2059.0
2000 11 953.0
2000 12 600.0
2001 1 545.0
2001 2 679.0
2001 3 1197.0
2001 4 750.0
2001 5 1318.0
2001 6 1542.0
2001 7 946.0
2001 8 915.0
2001 9 912.0
2001 10 895.0
2001 11 948.0
2001 12 1095.0
2002 1 552.0
2002 2 617.0
2002 3 757.0
2002 4 987.0
2002 5 1087.0
2002 6 1002.0
2002 7 1084.0
2002 8 1039.0
2002 9 1098.0
2002 10 1558.0
2002 11 639.0
2002 12 1335.0
2003 1 1011.0
2003 2 283.0
2003 3 677.0
2003 4 964.0
2003 5 1116.0
2003 6 1145.0
2003 7 1006.0
2003 8 736.0
2003 9 1067.0
2003 10 1050.0
2003 11 660.0
2003 12 1094.0
2004 1 127.0
2004 2 479.0
2004 3 606.0
2004 4 1075.0
2004 5 949.0
2004 6 712.0
2004 7 525.0
2004 8 613.0
2004 9 1424.0
2004 10 1019.0
2004 11 1336.0
2004 12 594.0
2005 1 359.0
2005 2 352.0
2005 3 526.0
2005 4 793.0
2005 5 801.0
2005 6 1229.0
2005 7 1213.0
2005 8 1181.0
2005 9 1072.0
2005 10 893.0
2005 11 973.0
2005 12 548.0
2006 1 569.0
2006 2 805.0
2006 3 613.0
2006 4 511.0
2006 5 668.0
2006 6 767.0
2006 7 491.0
2006 8 687.0
2006 9 661.0
2006 10 394.0
2006 11 520.0
2006 12 292.0
2007 1 411.0
2007 2 811.0
2007 3 497.0
2007 4 491.0
2007 5 337.0
2007 6 622.0
2007 7 593.0
2007 8 521.0
2007 9 577.0
2007 10 494.0
2007 11 628.0
2007 12 576.0
2008 1 302.0
2008 2 229.0
2008 3 276.0
2008 4 424.0
2008 5 254.0
2008 6 505.0
2008 7 466.0
2008 8 567.0
2008 9 597.0
2008 10 731.0
2008 11 297.0
2008 12 299.0
2009 1 259.0
2009 2 140.0
2009 3 70.0
2009 4 205.0
2009 5 281.0
2009 6 283.0
2009 7 173.0
2009 8 162.0
2009 9 335.0
2009 10 227.0
2009 11 215.0
2009 12 396.0
2010 1 259.0
2010 2 109.0
2010 3 418.0
2010 4 476.0
2010 5 117.0
2010 6 117.0
2010 7 421.0
2010 8 259.0
2010 9 248.0
2010 10 543.0
2010 11 112.0
2010 12 105.0
2011 1 149.0
2011 2 164.0
2011 3 354.0
2011 4 216.0
2011 5 341.0
2011 6 419.0
2011 7 427.0
2011 8 436.0
2011 9 343.0
2011 10 988.0
2011 11 427.0
2011 12 860.0
2012 1 595.0
2012 2 237.0
2012 3 369.0
2012 4 504.0
2012 5 580.0
2012 6 322.0
2012 7 596.0
2012 8 483.0
2012 9 474.0
2012 10 545.0
2012 11 1013.0
2012 12 374.0
2013 1 966.0
2013 2 399.0
2013 3 272.0
2013 4 1018.0
2013 5 830.0
2013 6 433.0
2013 7 887.0
2013 8 1212.0
2013 9 1064.0
2013 10 994.0
2013 11 393.0
2013 12 599.0
2014 1 286.0
2014 2 232.0
2014 3 697.0
2014 4 514.0
2014 5 692.0
2014 6 598.0
2014 7 1255.0
2014 8 1266.0
2014 9 522.0
2014 10 692.0
2014 11 518.0
2014 12 594.0
2015 1 416.0
2015 2 159.0
2015 3 299.0
2015 4 413.0
2015 5 524.0
2015 6 205.0
2015 7 484.0
2015 8 724.0
2015 9 1175.0
2015 10 1029.0
2015 11 628.0
2015 12 407.0
2016 1 318.0
2016 2 95.0
2016 3 496.0
2016 4 941.0
2016 5 457.0
2016 6 655.0
2016 7 520.0
2016 8 960.0
2016 9 1120.0
2016 10 537.0
2016 11 401.0
2016 12 304.0
2017 1 1074.0
2017 2 347.0
2017 3 295.0
2017 4 280.0
2017 5 374.0
2017 6 1452.0
2017 7 450.0
2017 8 1300.0
2017 9 672.0
2017 10 601.0
2017 11 468.0
2017 12 164.0
2018 1 502.0
2018 2 391.0
2018 3 471.0
2018 4 578.0
2018 5 1334.0
2018 6 168.0
2018 7 1008.0
2018 8 507.0
2018 9 221.0
2018 10 774.0
2018 11 605.0
2018 12 425.0
2019 1 223.0
2019 2 608.0
2019 3 692.0
2019 4 565.0
2019 5 242.0
2019 6 546.0
2019 7 448.0
2019 8 1161.0
2019 9 867.0
2019 10 302.0
2019 11 1196.0
2019 12 296.0
2020 1 1559.0
2020 2 577.0
2020 3 150.0
2020 4 480.0
2020 5 807.0
2020 6 842.0
2020 7 1107.0
2020 8 604.0
2020 9 737.0
2020 10 1514.0
2020 11 730.0
2020 12 926.0
2021 1 270.0
2021 2 874.0
2021 3 320.0
2021 4 808.0
2021 5 1157.0
2021 6 780.0
2021 7 507.0
2021 8 1894.0
2021 9 846.0
2021 10 1193.0
2021 11 1029.0
2021 12 868.0
2022 1 946.0
2022 2 737.0
2022 3 946.0
2022 4 730.0
2022 5 582.0
2022 6 769.0
2022 7 1041.0
2022 8 1145.0
2022 9 1145.0
2022 10 2628.0
2022 11 2066.0
2022 12 489.0
2023 1 355.0
2023 2 586.0
2023 3 1893.0
2023 4 485.0
2023 5 811.0
2023 6 1329.0
2023 7 759.0
2023 8 1409.0
2023 9 1116.0
2023 10 498.0
2023 11 998.0
2023 12 492.0
2024 1 967.0
2024 2 1006.0
2024 3 585.0
2024 4 896.0
2024 5 1332.0
2024 6 1794.0
2024 7 849.0
2024 8 840.0
