1960 5 769.0
1960 6 481.0
1960 7 147.0
1960 8 566.0
1960 9 684.0
1960 10 741.0
1960 11 537.0
1960 12 177.0
1961 1 161.0
1961 2 301.0
1961 3 503.0
1961 4 451.0
1961 5 450.0
1961 6 870.0
1961 7 371.0
1961 8 514.0
1961 9 710.0
1961 10 1091.0
1961 11 761.0
1961 12 387.0
1962 1 337.0
1962 2 320.0
1962 3 582.0
1962 4 923.0
1962 5 2594.0
1962 6 905.0
1962 7 1468.0
1962 8 1323.0
1962 9 888.0
1962 10 1938.0
1962 11 801.0
1962 12 813.0
1963 1 1205.0
1963 2 584.0
1963 3 1585.0
1963 4 1872.0
1963 5 2121.0
1963 6 1860.0
1963 7 2044.0
1963 8 3205.0
1963 9 2814.0
1963 10 1797.0
1963 11 2230.0
1963 12 1077.0
1964 1 2020.0
1964 2 705.0
1964 3 1482.0
1964 4 1350.0
1964 5 1647.0
1964 6 2037.0
1964 7 1448.0
1964 8 1676.0
1964 9 2302.0
1964 10 2555.0
1964 11 1346.0
1964 12 636.0
1965 1 1126.0
1965 2 877.0
1965 3 1068.0
1965 4 1469.0
1965 5 2149.0
1965 6 2688.0
1965 7 1706.0
1965 8 1352.0
1965 9 1310.0
1965 10 1656.0
1965 11 1344.0
1965 12 2430.0
1966 1 1222.0
1966 2 735.0
1966 3 1447.0
1966 4 1952.0
1966 5 1729.0
1966 6 1858.0
1966 7 1097.0
1966 8 800.0
1966 9 1030.0
1966 10 903.0
1966 11 469.0
1966 12 420.0
1967 1 791.0
1967 2 526.0
1967 3 1345.0
1967 4 1575.0
1967 5 1740.0
1967 6 1420.0
1967 7 1780.0
1967 8 2105.0
1967 9 3173.0
1967 10 2507.0
1967 11 1697.0
1967 12 1971.0
1968 1 987.0
1968 2 722.0
1968 3 1289.0
1968 4 2060.0
1968 5 2795.0
1968 6 2106.0
1968 7 2002.0
1968 8 3745.0
1968 9 3595.0
1968 10 3216.0
1968 11 2323.0
1968 12 1689.0
1969 1 2162.0
1969 2 1883.0
1969 3 2104.0
1969 4 2259.0
1969 5 2803.0
1969 6 1857.0
1969 7 2532.0
1969 8 2858.0
1969 9 2127.0
1969 10 2243.0
1969 11 1852.0
1969 12 1704.0
1970 1 603.0
1970 2 1189.0
1970 3 1060.0
1970 4 2132.0
1970 5 1233.0
1970 6 3245.0
1970 7 3256.0
1970 8 2798.0
1970 9 2188.0
1970 10 3089.0
1970 11 2832.0
1970 12 3161.0
1971 1 1806.0
1971 2 1685.0
1971 3 3180.0
1971 4 3207.0
1971 5 3789.0
1971 6 5476.0
1971 7 3381.0
1971 8 4688.0
1971 9 3371.0
1971 10 5187.0
1971 11 2809.0
1971 12 4179.0
1972 1 1938.0
1972 2 1765.0
1972 3 2351.0
1972 4 4961.0
1972 5 3632.0
1972 6 4135.0
1972 7 2910.0
1972 8 4066.0
1972 9 4484.0
1972 10 2167.0
1972 11 2118.0
1972 12 1948.0
1973 1 2596.0
1973 2 1396.0
1973 3 1152.0
1973 4 2934.0
1973 5 2100.0
1973 6 1526.0
1973 7 1940.0
1973 8 1867.0
1973 9 1092.0
1973 10 1084.0
1973 11 1579.0
1973 12 1379.0
1974 1 2027.0
1974 2 719.0
1974 3 1633.0
1974 4 1082.0
1974 5 977.0
1974 6 1403.0
1974 7 706.0
1974 8 509.0
1974 9 1166.0
1974 10 664.0
1974 11 592.0
1974 12 461.0
1975 1 233.0
1975 2 237.0
1975 3 185.0
1975 4 1013.0
1975 5 703.0
1975 6 994.0
1975 7 1548.0
1975 8 740.0
1975 9 504.0
1975 10 607.0
1975 11 483.0
1975 12 651.0
1976 1 348.0
1976 2 513.0
1976 3 1052.0
1976 4 1126.0
1976 5 770.0
1976 6 1239.0
1976 7 919.0
1976 8 1378.0
1976 9 1709.0
1976 10 1396.0
1976 11 896.0
1976 12 1852.0
1977 1 409.0
1977 2 1187.0
1977 3 1013.0
1977 4 2209.0
1977 5 1555.0
1977 6 1162.0
1977 7 1461.0
1977 8 1856.0
1977 9 1509.0
1977 10 1135.0
1977 11 1709.0
1977 12 796.0
1978 1 806.0
1978 2 1017.0
1978 3 2187.0
1978 4 1460.0
1978 5 913.0
1978 6 1563.0
1978 7 1637.0
1978 8 1710.0
1978 9 1992.0
1978 10 1791.0
1978 11 1963.0
1978 12 315.0
1979 1 512.0
1979 2 676.0
1979 3 896.0
1979 4 1312.0
1979 5 1571.0
1979 6 1333.0
1979 7 696.0
1979 8 1631.0
1979 9 1770.0
1979 10 1741.0
1979 11 1316.0
1979 12 380.0
1980 1 206.0
1980 2 359.0
1980 3 501.0
1980 4 853.0
1980 5 925.0
1980 6 669.0
1980 7 745.0
1980 8 890.0
1980 9 906.0
1980 10 1479.0
1980 11 1125.0
1980 12 430.0
1981 1 501.0
1981 2 641.0
1981 3 902.0
1981 4 913.0
1981 5 582.0
1981 6 2069.0
1981 7 862.0
1981 8 435.0
1981 9 747.0
1981 10 667.0
1981 11 696.0
1981 12 114.0
1982 1 29.0
1982 2 237.0
1982 3 407.0
1982 4 471.0
1982 5 496.0
1982 6 682.0
1982 7 1031.0
1982 8 481.0
1982 9 920.0
1982 10 921.0
1982 11 322.0
1982 12 387.0
1983 1 208.0
1983 2 240.0
1983 3 399.0
1983 4 259.0
1983 5 404.0
1983 6 825.0
1983 7 315.0
1983 8 1308.0
1983 9 988.0
1983 10 999.0
1983 11 1013.0
1983 12 361.0
1984 1 223.0
1984 2 992.0
1984 3 450.0
1984 4 539.0
1984 5 502.0
1984 6 578.0
1984 7 662.0
1984 8 1114.0
1984 9 732.0
1984 10 1223.0
1984 11 1665.0
1984 12 1201.0
1985 1 618.0
1985 2 268.0
1985 3 528.0
1985 4 881.0
1985 5 1224.0
1985 6 884.0
1985 7 1409.0
1985 8 1545.0
1985 9 895.0
1985 10 2032.0
1985 11 1249.0
1985 12 2058.0
1986 1 796.0
1986 2 1127.0
1986 3 827.0
1986 4 1452.0
1986 5 1205.0
1986 6 1404.0
1986 7 1574.0
1986 8 816.0
1986 9 1054.0
1986 10 1291.0
1986 11 1208.0
1986 12 1607.0
1987 1 578.0
1987 2 550.0
1987 3 1201.0
1987 4 1448.0
1987 5 958.0
1987 6 1454.0
1987 7 1423.0
1987 8 1483.0
1987 9 1308.0
1987 10 1640.0
1987 11 725.0
1987 12 1213.0
1988 1 330.0
1988 2 597.0
1988 3 1112.0
1988 4 1743.0
1988 5 1609.0
1988 6 1857.0
1988 7 1472.0
1988 8 947.0
1988 9 892.0
1988 10 1205.0
1988 11 1017.0
1988 12 1023.0
1989 1 467.0
1989 2 365.0
1989 3 708.0
1989 4 1385.0
1989 5 1559.0
1989 6 980.0
1989 7 613.0
1989 8 1263.0
1989 9 802.0
1989 10 925.0
1989 11 654.0
1989 12 662.0
1990 1 1960.0
1990 2 512.0
1990 3 556.0
1990 4 1169.0
1990 5 702.0
1990 6 622.0
1990 7 487.0
1990 8 814.0
1990 9 709.0
1990 10 566.0
1990 11 708.0
1990 12 233.0
1991 1 813.0
1991 2 142.0
1991 3 597.0
1991 4 412.0
1991 5 550.0
1991 6 611.0
1991 7 560.0
1991 8 423.0
1991 9 548.0
1991 10 709.0
1991 11 753.0
1991 12 427.0
1992 1 544.0
1992 2 666.0
1992 3 665.0
1992 4 751.0
1992 5 684.0
1992 6 416.0
1992 7 668.0
1992 8 1187.0
1992 9 1774.0
1992 10 411.0
1992 11 505.0
1992 12 598.0
1993 1 151.0
1993 2 317.0
1993 3 583.0
1993 4 297.0
1993 5 739.0
1993 6 820.0
1993 7 498.0
1993 8 738.0
1993 9 684.0
1993 10 692.0
1993 11 382.0
1993 12 436.0
1994 1 308.0
1994 2 207.0
1994 3 441.0
1994 4 517.0
1994 5 890.0
1994 6 1123.0
1994 7 925.0
1994 8 511.0
1994 9 1215.0
1994 10 377.0
1994 11 755.0
1994 12 410.0
1995 1 744.0
1995 2 356.0
1995 3 711.0
1995 4 570.0
1995 5 976.0
1995 6 624.0
1995 7 697.0
1995 8 819.0
1995 9 750.0
1995 10 645.0
1995 11 363.0
1995 12 938.0
1996 1 379.0
1996 2 292.0
1996 3 545.0
1996 4 486.0
1996 5 460.0
1996 6 411.0
1996 7 944.0
1996 8 811.0
1996 9 974.0
1996 10 890.0
1996 11 1455.0
1996 12 584.0
1997 1 659.0
1997 2 530.0
1997 3 498.0
1997 4 610.0
1997 5 610.0
1997 6 777.0
1997 7 638.0
1997 8 926.0
1997 9 641.0
1997 10 811.0
1997 11 654.0
1997 12 546.0
1998 1 498.0
1998 2 268.0
1998 3 562.0
1998 4 477.0
1998 5 672.0
1998 6 656.0
1998 7 1005.0
1998 8 799.0
1998 9 688.0
1998 10 639.0
1998 11 542.0
1998 12 592.0
1999 1 387.0
1999 2 471.0
1999 3 1405.0
1999 4 920.0
1999 5 833.0
1999 6 571.0
1999 7 466.0
1999 8 744.0
1999 9 1257.0
1999 10 1021.0
1999 11 1416.0
1999 12 667.0
2000 1 353.0
2000 2 483.0
2000 3 1269.0
2000 4 932.0
2000 5 1101.0
2000 6 694.0
2000 7 976.0
2000 8 1008.0
2000 9 885.0
2000 10 1731.0
2000 11 594.0
2000 12 479.0
2001 1 448.0
2001 2 585.0
2001 3 948.0
2001 4 453.0
2001 5 945.0
2001 6 1198.0
2001 7 653.0
2001 8 560.0
2001 9 695.0
2001 10 622.0
2001 11 708.0
2001 12 806.0
2002 1 462.0
2002 2 492.0
2002 3 498.0
2002 4 692.0
2002 5 810.0
2002 6 698.0
2002 7 772.0
2002 8 756.0
2002 9 639.0
2002 10 1262.0
2002 11 481.0
2002 12 1093.0
2003 1 283.0
2003 2 138.0
2003 3 463.0
2003 4 600.0
2003 5 719.0
2003 6 957.0
2003 7 726.0
2003 8 489.0
2003 9 662.0
2003 10 827.0
2003 11 373.0
2003 12 777.0
2004 1 32.0
2004 2 407.0
2004 3 386.0
2004 4 697.0
2004 5 722.0
2004 6 440.0
2004 7 252.0
2004 8 390.0
2004 9 1150.0
2004 10 638.0
2004 11 963.0
2004 12 222.0
2005 1 298.0
2005 2 137.0
2005 3 273.0
2005 4 503.0
2005 5 395.0
2005 6 733.0
2005 7 672.0
2005 8 652.0
2005 9 756.0
2005 10 606.0
2005 11 631.0
2005 12 363.0
2006 1 330.0
2006 2 680.0
2006 3 405.0
2006 4 319.0
2006 5 337.0
2006 6 521.0
2006 7 315.0
2006 8 501.0
2006 9 479.0
2006 10 183.0
2006 11 401.0
2006 12 171.0
2007 1 361.0
2007 2 675.0
2007 3 306.0
2007 4 380.0
2007 5 262.0
2007 6 489.0
2007 7 403.0
2007 8 426.0
2007 9 291.0
2007 10 386.0
2007 11 498.0
2007 12 316.0
2008 1 275.0
2008 2 153.0
2008 3 245.0
2008 4 275.0
2008 5 190.0
2008 6 460.0
2008 7 337.0
2008 8 425.0
2008 9 499.0
2008 10 613.0
2008 11 244.0
2008 12 259.0
2009 1 252.0
2009 2 130.0
2009 3 51.0
2009 4 169.0
2009 5 271.0
2009 6 232.0
2009 7 136.0
2009 8 97.0
2009 9 319.0
2009 10 208.0
2009 11 172.0
2009 12 357.0
2010 1 249.0
2010 2 97.0
2010 3 313.0
2010 4 445.0
2010 5 80.0
2010 6 60.0
2010 7 303.0
2010 8 205.0
2010 9 237.0
2010 10 489.0
2010 11 66.0
2010 12 101.0
2011 1 133.0
2011 2 114.0
2011 3 321.0
2011 4 173.0
2011 5 312.0
2011 6 288.0
2011 7 340.0
2011 8 337.0
2011 9 274.0
2011 10 626.0
2011 11 390.0
2011 12 773.0
2012 1 579.0
2012 2 201.0
2012 3 317.0
2012 4 460.0
2012 5 550.0
2012 6 266.0
2012 7 563.0
2012 8 321.0
2012 9 348.0
2012 10 511.0
2012 11 913.0
2012 12 320.0
2013 1 888.0
2013 2 380.0
2013 3 244.0
2013 4 946.0
2013 5 780.0
2013 6 371.0
2013 7 809.0
2013 8 1081.0
2013 9 944.0
2013 10 889.0
2013 11 342.0
2013 12 541.0
2014 1 262.0
2014 2 190.0
2014 3 608.0
2014 4 429.0
2014 5 656.0
2014 6 465.0
2014 7 1051.0
2014 8 1187.0
2014 9 481.0
2014 10 562.0
2014 11 475.0
2014 12 498.0
2015 1 375.0
2015 2 151.0
2015 3 275.0
2015 4 385.0
2015 5 278.0
2015 6 180.0
2015 7 417.0
2015 8 514.0
2015 9 1119.0
2015 10 953.0
2015 11 576.0
2015 12 349.0
2016 1 293.0
2016 2 77.0
2016 3 421.0
2016 4 870.0
2016 5 408.0
2016 6 554.0
2016 7 416.0
2016 8 833.0
2016 9 1019.0
2016 10 438.0
2016 11 330.0
2016 12 166.0
2017 1 1050.0
2017 2 321.0
2017 3 189.0
2017 4 202.0
2017 5 338.0
2017 6 1301.0
2017 7 394.0
2017 8 1218.0
2017 9 644.0
2017 10 473.0
2017 11 427.0
2017 12 75.0
2018 1 434.0
2018 2 315.0
2018 3 383.0
2018 4 527.0
2018 5 1229.0
2018 6 88.0
2018 7 927.0
2018 8 432.0
2018 9 173.0
2018 10 645.0
2018 11 543.0
2018 12 368.0
2019 1 176.0
2019 2 554.0
2019 3 659.0
2019 4 503.0
2019 5 160.0
2019 6 446.0
2019 7 374.0
2019 8 1131.0
2019 9 739.0
2019 10 217.0
2019 11 1167.0
2019 12 274.0
2020 1 1504.0
2020 2 557.0
2020 3 99.0
2020 4 420.0
2020 5 735.0
2020 6 692.0
2020 7 996.0
2020 8 408.0
2020 9 633.0
2020 10 1453.0
2020 11 687.0
2020 12 829.0
2021 1 204.0
2021 2 833.0
2021 3 245.0
2021 4 707.0
2021 5 1027.0
2021 6 608.0
2021 7 414.0
2021 8 1849.0
2021 9 813.0
2021 10 1089.0
2021 11 956.0
2021 12 802.0
2022 1 895.0
2022 2 650.0
2022 3 761.0
2022 4 656.0
2022 5 418.0
2022 6 627.0
2022 7 944.0
2022 8 1068.0
2022 9 1010.0
2022 10 2226.0
2022 11 1834.0
2022 12 431.0
2023 1 289.0
2023 2 455.0
2023 3 1765.0
2023 4 344.0
2023 5 704.0
2023 6 1184.0
2023 7 614.0
2023 8 1315.0
2023 9 976.0
2023 10 373.0
2023 11 838.0
2023 12 423.0
2024 1 865.0
2024 2 893.0
2024 3 476.0
2024 4 792.0
2024 5 1190.0
2024 6 1652.0
2024 7 739.0
2024 8 704.0
