1960 5 243.0
1960 6 269.0
1960 7 170.0
1960 8 188.0
1960 9 138.0
1960 10 230.0
1960 11 191.0
1960 12 135.0
1961 1 85.0
1961 2 134.0
1961 3 194.0
1961 4 207.0
1961 5 302.0
1961 6 357.0
1961 7 194.0
1961 8 278.0
1961 9 204.0
1961 10 310.0
1961 11 283.0
1961 12 268.0
1962 1 120.0
1962 2 233.0
1962 3 437.0
1962 4 396.0
1962 5 323.0
1962 6 292.0
1962 7 334.0
1962 8 561.0
1962 9 354.0
1962 10 382.0
1962 11 354.0
1962 12 137.0
1963 1 135.0
1963 2 127.0
1963 3 256.0
1963 4 442.0
1963 5 416.0
1963 6 326.0
1963 7 458.0
1963 8 386.0
1963 9 267.0
1963 10 334.0
1963 11 282.0
1963 12 252.0
1964 1 261.0
1964 2 142.0
1964 3 208.0
1964 4 394.0
1964 5 256.0
1964 6 326.0
1964 7 299.0
1964 8 268.0
1964 9 300.0
1964 10 246.0
1964 11 215.0
1964 12 94.0
1965 1 142.0
1965 2 75.0
1965 3 246.0
1965 4 377.0
1965 5 232.0
1965 6 332.0
1965 7 228.0
1965 8 401.0
1965 9 280.0
1965 10 213.0
1965 11 202.0
1965 12 211.0
1966 1 158.0
1966 2 168.0
1966 3 271.0
1966 4 297.0
1966 5 238.0
1966 6 289.0
1966 7 172.0
1966 8 242.0
1966 9 178.0
1966 10 200.0
1966 11 115.0
1966 12 66.0
1967 1 119.0
1967 2 180.0
1967 3 298.0
1967 4 252.0
1967 5 240.0
1967 6 299.0
1967 7 237.0
1967 8 407.0
1967 9 380.0
1967 10 220.0
1967 11 304.0
1967 12 237.0
1968 1 116.0
1968 2 147.0
1968 3 400.0
1968 4 321.0
1968 5 360.0
1968 6 300.0
1968 7 321.0
1968 8 329.0
1968 9 641.0
1968 10 359.0
1968 11 234.0
1968 12 220.0
1969 1 236.0
1969 2 335.0
1969 3 525.0
1969 4 275.0
1969 5 347.0
1969 6 315.0
1969 7 429.0
1969 8 311.0
1969 9 252.0
1969 10 345.0
1969 11 400.0
1969 12 477.0
1970 1 121.0
1970 2 160.0
1970 3 283.0
1970 4 323.0
1970 5 256.0
1970 6 552.0
1970 7 324.0
1970 8 476.0
1970 9 365.0
1970 10 602.0
1970 11 449.0
1970 12 318.0
1971 1 144.0
1971 2 185.0
1971 3 381.0
1971 4 469.0
1971 5 618.0
1971 6 710.0
1971 7 386.0
1971 8 802.0
1971 9 547.0
1971 10 813.0
1971 11 476.0
1971 12 430.0
1972 1 313.0
1972 2 241.0
1972 3 671.0
1972 4 464.0
1972 5 564.0
1972 6 976.0
1972 7 529.0
1972 8 957.0
1972 9 886.0
1972 10 631.0
1972 11 380.0
1972 12 365.0
1973 1 393.0
1973 2 192.0
1973 3 370.0
1973 4 985.0
1973 5 520.0
1973 6 468.0
1973 7 468.0
1973 8 527.0
1973 9 358.0
1973 10 326.0
1973 11 133.0
1973 12 191.0
1974 1 243.0
1974 2 128.0
1974 3 413.0
1974 4 352.0
1974 5 289.0
1974 6 248.0
1974 7 209.0
1974 8 260.0
1974 9 86.0
1974 10 86.0
1974 11 151.0
1974 12 138.0
1975 1 110.0
1975 2 111.0
1975 3 132.0
1975 4 304.0
1975 5 378.0
1975 6 270.0
1975 7 562.0
1975 8 262.0
1975 9 287.0
1975 10 279.0
1975 11 311.0
1975 12 145.0
1976 1 135.0
1976 2 134.0
1976 3 256.0
1976 4 255.0
1976 5 133.0
1976 6 221.0
1976 7 368.0
1976 8 230.0
1976 9 273.0
1976 10 289.0
1976 11 506.0
1976 12 176.0
1977 1 80.0
1977 2 123.0
1977 3 308.0
1977 4 408.0
1977 5 350.0
1977 6 484.0
1977 7 576.0
1977 8 528.0
1977 9 358.0
1977 10 530.0
1977 11 434.0
1977 12 117.0
1978 1 98.0
1978 2 86.0
1978 3 435.0
1978 4 437.0
1978 5 559.0
1978 6 546.0
1978 7 379.0
1978 8 634.0
1978 9 483.0
1978 10 770.0
1978 11 375.0
1978 12 329.0
1979 1 752.0
1979 2 132.0
1979 3 394.0
1979 4 756.0
1979 5 720.0
1979 6 571.0
1979 7 604.0
1979 8 714.0
1979 9 556.0
1979 10 627.0
1979 11 336.0
1979 12 232.0
1980 1 133.0
1980 2 160.0
1980 3 181.0
1980 4 214.0
1980 5 170.0
1980 6 406.0
1980 7 410.0
1980 8 485.0
1980 9 824.0
1980 10 940.0
1980 11 369.0
1980 12 233.0
1981 1 36.0
1981 2 374.0
1981 3 387.0
1981 4 440.0
1981 5 249.0
1981 6 289.0
1981 7 331.0
1981 8 172.0
1981 9 766.0
1981 10 243.0
1981 11 95.0
1981 12 74.0
1982 1 61.0
1982 2 50.0
1982 3 175.0
1982 4 159.0
1982 5 149.0
1982 6 144.0
1982 7 60.0
1982 8 129.0
1982 9 102.0
1982 10 229.0
1982 11 106.0
1982 12 147.0
1983 1 38.0
1983 2 136.0
1983 3 181.0
1983 4 312.0
1983 5 241.0
1983 6 356.0
1983 7 205.0
1983 8 256.0
1983 9 244.0
1983 10 606.0
1983 11 187.0
1983 12 117.0
1984 1 78.0
1984 2 169.0
1984 3 134.0
1984 4 321.0
1984 5 286.0
1984 6 521.0
1984 7 392.0
1984 8 340.0
1984 9 315.0
1984 10 296.0
1984 11 370.0
1984 12 133.0
1985 1 111.0
1985 2 51.0
1985 3 212.0
1985 4 183.0
1985 5 363.0
1985 6 297.0
1985 7 297.0
1985 8 328.0
1985 9 390.0
1985 10 316.0
1985 11 159.0
1985 12 104.0
1986 1 134.0
1986 2 223.0
1986 3 195.0
1986 4 255.0
1986 5 304.0
1986 6 354.0
1986 7 344.0
1986 8 453.0
1986 9 230.0
1986 10 300.0
1986 11 252.0
1986 12 230.0
1987 1 139.0
1987 2 146.0
1987 3 174.0
1987 4 199.0
1987 5 281.0
1987 6 196.0
1987 7 238.0
1987 8 299.0
1987 9 335.0
1987 10 192.0
1987 11 193.0
1987 12 97.0
1988 1 77.0
1988 2 102.0
1988 3 484.0
1988 4 335.0
1988 5 229.0
1988 6 338.0
1988 7 226.0
1988 8 212.0
1988 9 266.0
1988 10 194.0
1988 11 162.0
1988 12 285.0
1989 1 141.0
1989 2 502.0
1989 3 336.0
1989 4 239.0
1989 5 228.0
1989 6 229.0
1989 7 257.0
1989 8 341.0
1989 9 192.0
1989 10 165.0
1989 11 146.0
1989 12 79.0
1990 1 102.0
1990 2 81.0
1990 3 153.0
1990 4 321.0
1990 5 158.0
1990 6 166.0
1990 7 258.0
1990 8 152.0
1990 9 117.0
1990 10 185.0
1990 11 116.0
1990 12 96.0
1991 1 166.0
1991 2 91.0
1991 3 167.0
1991 4 179.0
1991 5 240.0
1991 6 255.0
1991 7 242.0
1991 8 493.0
1991 9 276.0
1991 10 237.0
1991 11 133.0
1991 12 250.0
1992 1 73.0
1992 2 141.0
1992 3 202.0
1992 4 241.0
1992 5 232.0
1992 6 309.0
1992 7 245.0
1992 8 282.0
1992 9 185.0
1992 10 195.0
1992 11 593.0
1992 12 232.0
1993 1 178.0
1993 2 96.0
1993 3 304.0
1993 4 330.0
1993 5 334.0
1993 6 326.0
1993 7 323.0
1993 8 361.0
1993 9 370.0
1993 10 394.0
1993 11 284.0
1993 12 263.0
1994 1 159.0
1994 2 144.0
1994 3 290.0
1994 4 322.0
1994 5 343.0
1994 6 521.0
1994 7 224.0
1994 8 337.0
1994 9 374.0
1994 10 355.0
1994 11 244.0
1994 12 243.0
1995 1 101.0
1995 2 130.0
1995 3 289.0
1995 4 212.0
1995 5 467.0
1995 6 462.0
1995 7 263.0
1995 8 364.0
1995 9 369.0
1995 10 494.0
1995 11 369.0
1995 12 207.0
1996 1 224.0
1996 2 141.0
1996 3 276.0
1996 4 398.0
1996 5 320.0
1996 6 277.0
1996 7 288.0
1996 8 371.0
1996 9 525.0
1996 10 603.0
1996 11 342.0
1996 12 225.0
1997 1 147.0
1997 2 306.0
1997 3 397.0
1997 4 400.0
1997 5 482.0
1997 6 451.0
1997 7 348.0
1997 8 358.0
1997 9 595.0
1997 10 581.0
1997 11 367.0
1997 12 413.0
1998 1 246.0
1998 2 300.0
1998 3 251.0
1998 4 347.0
1998 5 353.0
1998 6 378.0
1998 7 459.0
1998 8 406.0
1998 9 702.0
1998 10 463.0
1998 11 290.0
1998 12 343.0
1999 1 251.0
1999 2 169.0
1999 3 287.0
1999 4 376.0
1999 5 378.0
1999 6 297.0
1999 7 334.0
1999 8 172.0
1999 9 237.0
1999 10 321.0
1999 11 306.0
1999 12 136.0
2000 1 125.0
2000 2 271.0
2000 3 357.0
2000 4 238.0
2000 5 256.0
2000 6 253.0
2000 7 312.0
2000 8 287.0
2000 9 122.0
2000 10 328.0
2000 11 359.0
2000 12 121.0
2001 1 97.0
2001 2 94.0
2001 3 249.0
2001 4 297.0
2001 5 373.0
2001 6 344.0
2001 7 293.0
2001 8 355.0
2001 9 217.0
2001 10 273.0
2001 11 240.0
2001 12 289.0
2002 1 90.0
2002 2 125.0
2002 3 259.0
2002 4 295.0
2002 5 277.0
2002 6 304.0
2002 7 312.0
2002 8 283.0
2002 9 459.0
2002 10 296.0
2002 11 158.0
2002 12 242.0
2003 1 728.0
2003 2 145.0
2003 3 214.0
2003 4 364.0
2003 5 397.0
2003 6 188.0
2003 7 280.0
2003 8 247.0
2003 9 405.0
2003 10 223.0
2003 11 287.0
2003 12 317.0
2004 1 95.0
2004 2 72.0
2004 3 220.0
2004 4 378.0
2004 5 227.0
2004 6 272.0
2004 7 273.0
2004 8 223.0
2004 9 274.0
2004 10 381.0
2004 11 373.0
2004 12 372.0
2005 1 61.0
2005 2 215.0
2005 3 253.0
2005 4 290.0
2005 5 406.0
2005 6 496.0
2005 7 541.0
2005 8 529.0
2005 9 316.0
2005 10 287.0
2005 11 342.0
2005 12 185.0
2006 1 239.0
2006 2 125.0
2006 3 208.0
2006 4 192.0
2006 5 331.0
2006 6 246.0
2006 7 176.0
2006 8 186.0
2006 9 182.0
2006 10 211.0
2006 11 119.0
2006 12 121.0
2007 1 50.0
2007 2 136.0
2007 3 191.0
2007 4 111.0
2007 5 75.0
2007 6 133.0
2007 7 190.0
2007 8 95.0
2007 9 286.0
2007 10 108.0
2007 11 130.0
2007 12 260.0
2008 1 27.0
2008 2 76.0
2008 3 31.0
2008 4 149.0
2008 5 64.0
2008 6 45.0
2008 7 129.0
2008 8 142.0
2008 9 98.0
2008 10 118.0
2008 11 53.0
2008 12 40.0
2009 1 7.0
2009 2 10.0
2009 3 19.0
2009 4 36.0
2009 5 10.0
2009 6 51.0
2009 7 37.0
2009 8 65.0
2009 9 16.0
2009 10 19.0
2009 11 43.0
2009 12 39.0
2010 1 10.0
2010 2 12.0
2010 3 105.0
2010 4 31.0
2010 5 37.0
2010 6 57.0
2010 7 118.0
2010 8 54.0
2010 9 11.0
2010 10 54.0
2010 11 46.0
2010 12 4.0
2011 1 16.0
2011 2 50.0
2011 3 33.0
2011 4 43.0
2011 5 29.0
2011 6 131.0
2011 7 87.0
2011 8 99.0
2011 9 69.0
2011 10 362.0
2011 11 37.0
2011 12 87.0
2012 1 16.0
2012 2 36.0
2012 3 52.0
2012 4 44.0
2012 5 30.0
2012 6 56.0
2012 7 33.0
2012 8 162.0
2012 9 126.0
2012 10 34.0
2012 11 100.0
2012 12 54.0
2013 1 78.0
2013 2 19.0
2013 3 28.0
2013 4 72.0
2013 5 50.0
2013 6 62.0
2013 7 78.0
2013 8 131.0
2013 9 120.0
2013 10 105.0
2013 11 51.0
2013 12 58.0
2014 1 24.0
2014 2 42.0
2014 3 89.0
2014 4 85.0
2014 5 36.0
2014 6 133.0
2014 7 204.0
2014 8 79.0
2014 9 41.0
2014 10 130.0
2014 11 43.0
2014 12 96.0
2015 1 41.0
2015 2 8.0
2015 3 24.0
2015 4 28.0
2015 5 246.0
2015 6 25.0
2015 7 67.0
2015 8 210.0
2015 9 56.0
2015 10 76.0
2015 11 52.0
2015 12 58.0
2016 1 25.0
2016 2 18.0
2016 3 75.0
2016 4 71.0
2016 5 49.0
2016 6 101.0
2016 7 104.0
2016 8 127.0
2016 9 101.0
2016 10 99.0
2016 11 71.0
2016 12 138.0
2017 1 24.0
2017 2 26.0
2017 3 106.0
2017 4 78.0
2017 5 36.0
2017 6 151.0
2017 7 56.0
2017 8 82.0
2017 9 28.0
2017 10 128.0
2017 11 41.0
2017 12 89.0
2018 1 68.0
2018 2 76.0
2018 3 88.0
2018 4 51.0
2018 5 105.0
2018 6 80.0
2018 7 81.0
2018 8 75.0
2018 9 48.0
2018 10 129.0
2018 11 62.0
2018 12 57.0
2019 1 47.0
2019 2 54.0
2019 3 33.0
2019 4 62.0
2019 5 82.0
2019 6 100.0
2019 7 74.0
2019 8 30.0
2019 9 128.0
2019 10 85.0
2019 11 29.0
2019 12 22.0
2020 1 55.0
2020 2 20.0
2020 3 51.0
2020 4 60.0
2020 5 72.0
2020 6 150.0
2020 7 111.0
2020 8 196.0
2020 9 104.0
2020 10 61.0
2020 11 43.0
2020 12 97.0
2021 1 66.0
2021 2 41.0
2021 3 75.0
2021 4 101.0
2021 5 130.0
2021 6 172.0
2021 7 93.0
2021 8 45.0
2021 9 33.0
2021 10 104.0
2021 11 73.0
2021 12 66.0
2022 1 51.0
2022 2 87.0
2022 3 185.0
2022 4 74.0
2022 5 164.0
2022 6 142.0
2022 7 97.0
2022 8 77.0
2022 9 135.0
2022 10 402.0
2022 11 232.0
2022 12 58.0
2023 1 66.0
2023 2 131.0
2023 3 128.0
2023 4 141.0
2023 5 107.0
2023 6 145.0
2023 7 145.0
2023 8 94.0
2023 9 140.0
2023 10 125.0
2023 11 160.0
2023 12 69.0
2024 1 102.0
2024 2 113.0
2024 3 109.0
2024 4 104.0
2024 5 142.0
2024 6 142.0
2024 7 110.0
2024 8 136.0
