1960 5 5546.0
1960 6 4480.0
1960 7 3839.0
1960 8 5440.0
1960 9 3959.0
1960 10 4298.0
1960 11 3167.0
1960 12 2007.0
1961 1 1438.0
1961 2 1725.0
1961 3 3177.0
1961 4 3487.0
1961 5 4573.0
1961 6 4689.0
1961 7 4139.0
1961 8 4174.0
1961 9 3998.0
1961 10 4953.0
1961 11 3322.0
1961 12 2093.0
1962 1 1536.0
1962 2 2019.0
1962 3 3831.0
1962 4 4791.0
1962 5 6966.0
1962 6 4546.0
1962 7 5039.0
1962 8 5150.0
1962 9 3751.0
1962 10 4981.0
1962 11 3328.0
1962 12 1954.0
1963 1 2145.0
1963 2 1700.0
1963 3 3736.0
1963 4 5672.0
1963 5 5668.0
1963 6 5365.0
1963 7 5460.0
1963 8 6430.0
1963 9 5568.0
1963 10 5177.0
1963 11 4628.0
1963 12 2401.0
1964 1 3168.0
1964 2 2158.0
1964 3 4194.0
1964 4 4540.0
1964 5 4725.0
1964 6 5315.0
1964 7 4473.0
1964 8 4536.0
1964 9 5334.0
1964 10 5125.0
1964 11 3400.0
1964 12 1787.0
1965 1 2172.0
1965 2 2010.0
1965 3 3650.0
1965 4 4743.0
1965 5 5087.0
1965 6 6017.0
1965 7 4517.0
1965 8 4383.0
1965 9 3865.0
1965 10 4009.0
1965 11 3557.0
1965 12 4023.0
1966 1 2354.0
1966 2 2019.0
1966 3 4450.0
1966 4 4871.0
1966 5 4429.0
1966 6 4679.0
1966 7 3137.0
1966 8 3004.0
1966 9 2703.0
1966 10 2387.0
1966 11 1703.0
1966 12 1266.0
1967 1 1787.0
1967 2 1752.0
1967 3 3444.0
1967 4 4060.0
1967 5 4212.0
1967 6 4150.0
1967 7 4337.0
1967 8 5077.0
1967 9 5775.0
1967 10 5137.0
1967 11 3766.0
1967 12 3406.0
1968 1 2257.0
1968 2 2232.0
1968 3 3871.0
1968 4 5096.0
1968 5 6455.0
1968 6 5495.0
1968 7 5420.0
1968 8 7306.0
1968 9 7050.0
1968 10 6523.0
1968 11 4914.0
1968 12 3460.0
1969 1 3662.0
1969 2 4234.0
1969 3 5442.0
1969 4 5917.0
1969 5 6146.0
1969 6 4868.0
1969 7 5536.0
1969 8 5385.0
1969 9 4854.0
1969 10 4974.0
1969 11 3903.0
1969 12 3415.0
1970 1 1569.0
1970 2 2473.0
1970 3 3258.0
1970 4 4943.0
1970 5 4153.0
1970 6 6387.0
1970 7 6008.0
1970 8 5674.0
1970 9 5324.0
1970 10 6397.0
1970 11 5449.0
1970 12 5052.0
1971 1 3499.0
1971 2 3140.0
1971 3 6650.0
1971 4 7488.0
1971 5 8068.0
1971 6 10288.0
1971 7 7286.0
1971 8 9412.0
1971 9 6946.0
1971 10 9387.0
1971 11 6015.0
1971 12 6734.0
1972 1 3957.0
1972 2 4131.0
1972 3 6781.0
1972 4 9469.0
1972 5 9077.0
1972 6 10213.0
1972 7 7329.0
1972 8 9600.0
1972 9 9549.0
1972 10 5940.0
1972 11 4595.0
1972 12 3784.0
1973 1 4875.0
1973 2 3666.0
1973 3 5108.0
1973 4 7555.0
1973 5 6588.0
1973 6 5913.0
1973 7 5796.0
1973 8 5562.0
1973 9 3718.0
1973 10 4223.0
1973 11 3659.0
1973 12 2758.0
1974 1 3477.0
1974 2 2713.0
1974 3 4953.0
1974 4 4879.0
1974 5 4741.0
1974 6 4477.0
1974 7 3905.0
1974 8 3199.0
1974 9 3277.0
1974 10 2949.0
1974 11 2082.0
1974 12 1549.0
1975 1 1337.0
1975 2 1500.0
1975 3 1975.0
1975 4 4055.0
1975 5 4127.0
1975 6 4414.0
1975 7 6430.0
1975 8 3504.0
1975 9 3352.0
1975 10 3430.0
1975 11 2622.0
1975 12 2123.0
1976 1 1501.0
1976 2 2156.0
1976 3 4468.0
1976 4 4782.0
1976 5 4317.0
1976 6 5052.0
1976 7 4533.0
1976 8 4612.0
1976 9 5135.0
1976 10 4637.0
1976 11 4020.0
1976 12 3747.0
1977 1 1309.0
1977 2 2603.0
1977 3 5276.0
1977 4 6878.0
1977 5 6475.0
1977 6 6692.0
1977 7 6069.0
1977 8 6741.0
1977 9 5543.0
1977 10 4990.0
1977 11 5084.0
1977 12 2322.0
1978 1 1758.0
1978 2 2303.0
1978 3 5744.0
1978 4 6028.0
1978 5 5783.0
1978 6 6520.0
1978 7 5381.0
1978 8 6098.0
1978 9 5484.0
1978 10 5570.0
1978 11 4793.0
1978 12 2101.0
1979 1 2152.0
1979 2 1571.0
1979 3 4011.0
1979 4 5566.0
1979 5 6123.0
1979 6 5111.0
1979 7 3926.0
1979 8 4985.0
1979 9 4542.0
1979 10 4821.0
1979 11 3047.0
1979 12 1497.0
1980 1 991.0
1980 2 1098.0
1980 3 1788.0
1980 4 2547.0
1980 5 2141.0
1980 6 2180.0
1980 7 2772.0
1980 8 3249.0
1980 9 3671.0
1980 10 4354.0
1980 11 2960.0
1980 12 1424.0
1981 1 1136.0
1981 2 1482.0
1981 3 2509.0
1981 4 2901.0
1981 5 2061.0
1981 6 3613.0
1981 7 2255.0
1981 8 1526.0
1981 9 2337.0
1981 10 1583.0
1981 11 1234.0
1981 12 644.0
1982 1 308.0
1982 2 553.0
1982 3 1240.0
1982 4 1440.0
1982 5 1550.0
1982 6 1755.0
1982 7 1897.0
1982 8 1585.0
1982 9 1970.0
1982 10 2098.0
1982 11 1322.0
1982 12 1134.0
1983 1 791.0
1983 2 1082.0
1983 3 1991.0
1983 4 2047.0
1983 5 2355.0
1983 6 3012.0
1983 7 2144.0
1983 8 3330.0
1983 9 3072.0
1983 10 3100.0
1983 11 2338.0
1983 12 1201.0
1984 1 872.0
1984 2 1893.0
1984 3 1821.0
1984 4 2567.0
1984 5 2846.0
1984 6 2984.0
1984 7 2608.0
1984 8 3056.0
1984 9 2401.0
1984 10 2928.0
1984 11 3026.0
1984 12 2025.0
1985 1 1223.0
1985 2 898.0
1985 3 2249.0
1985 4 2946.0
1985 5 3725.0
1985 6 3160.0
1985 7 3881.0
1985 8 3931.0
1985 9 3074.0
1985 10 4251.0
1985 11 2544.0
1985 12 3003.0
1986 1 1766.0
1986 2 2170.0
1986 3 2930.0
1986 4 4469.0
1986 5 4339.0
1986 6 4431.0
1986 7 4641.0
1986 8 3799.0
1986 9 3899.0
1986 10 3976.0
1986 11 3043.0
1986 12 3204.0
1987 1 1863.0
1987 2 2116.0
1987 3 4069.0
1987 4 4940.0
1987 5 4141.0
1987 6 4861.0
1987 7 4658.0
1987 8 4546.0
1987 9 4425.0
1987 10 4296.0
1987 11 2892.0
1987 12 2775.0
1988 1 1342.0
1988 2 1944.0
1988 3 4248.0
1988 4 4966.0
1988 5 4957.0
1988 6 5496.0
1988 7 4484.0
1988 8 3970.0
1988 9 3541.0
1988 10 3671.0
1988 11 3004.0
1988 12 2853.0
1989 1 1887.0
1989 2 2170.0
1989 3 3817.0
1989 4 4533.0
1989 5 4581.0
1989 6 3880.0
1989 7 3339.0
1989 8 4317.0
1989 9 3516.0
1989 10 3787.0
1989 11 2915.0
1989 12 1823.0
1990 1 3595.0
1990 2 2325.0
1990 3 3812.0
1990 4 4519.0
1990 5 4035.0
1990 6 3806.0
1990 7 3396.0
1990 8 3634.0
1990 9 2965.0
1990 10 3065.0
1990 11 2338.0
1990 12 1371.0
1991 1 1933.0
1991 2 1579.0
1991 3 2967.0
1991 4 3559.0
1991 5 3976.0
1991 6 3812.0
1991 7 3701.0
1991 8 3593.0
1991 9 3177.0
1991 10 3751.0
1991 11 2848.0
1991 12 2123.0
1992 1 2150.0
1992 2 2740.0
1992 3 3910.0
1992 4 4285.0
1992 5 4511.0
1992 6 4175.0
1992 7 4200.0
1992 8 4415.0
1992 9 4981.0
1992 10 3553.0
1992 11 3631.0
1992 12 3178.0
1993 1 2071.0
1993 2 2293.0
1993 3 3756.0
1993 4 4032.0
1993 5 4340.0
1993 6 5018.0
1993 7 4197.0
1993 8 4470.0
1993 9 4376.0
1993 10 4123.0
1993 11 3546.0
1993 12 2966.0
1994 1 2037.0
1994 2 2251.0
1994 3 4432.0
1994 4 4545.0
1994 5 5106.0
1994 6 5508.0
1994 7 4525.0
1994 8 4122.0
1994 9 4583.0
1994 10 3658.0
1994 11 3654.0
1994 12 2670.0
1995 1 2154.0
1995 2 1979.0
1995 3 4010.0
1995 4 3678.0
1995 5 4875.0
1995 6 4489.0
1995 7 3856.0
1995 8 4532.0
1995 9 3945.0
1995 10 4418.0
1995 11 3355.0
1995 12 2853.0
1996 1 2030.0
1996 2 2493.0
1996 3 4129.0
1996 4 4962.0
1996 5 4680.0
1996 6 4202.0
1996 7 5120.0
1996 8 4716.0
1996 9 4356.0
1996 10 4727.0
1996 11 4087.0
1996 12 2647.0
1997 1 2315.0
1997 2 2534.0
1997 3 3677.0
1997 4 4493.0
1997 5 4389.0
1997 6 4295.0
1997 7 4113.0
1997 8 4346.0
1997 9 4180.0
1997 10 4321.0
1997 11 3177.0
1997 12 3633.0
1998 1 2611.0
1998 2 2820.0
1998 3 3958.0
1998 4 4572.0
1998 5 4592.0
1998 6 4658.0
1998 7 4848.0
1998 8 4599.0
1998 9 4619.0
1998 10 5088.0
1998 11 3722.0
1998 12 3378.0
1999 1 2314.0
1999 2 2990.0
1999 3 5338.0
1999 4 5381.0
1999 5 5230.0
1999 6 5003.0
1999 7 4870.0
1999 8 4677.0
1999 9 5157.0
1999 10 4755.0
1999 11 4711.0
1999 12 3090.0
2000 1 2415.0
2000 2 3116.0
2000 3 5200.0
2000 4 4823.0
2000 5 5289.0
2000 6 4414.0
2000 7 4748.0
2000 8 4629.0
2000 9 4357.0
2000 10 5290.0
2000 11 3749.0
2000 12 2518.0
2001 1 2686.0
2001 2 2921.0
2001 3 4818.0
2001 4 4646.0
2001 5 5497.0
2001 6 5647.0
2001 7 4674.0
2001 8 4586.0
2001 9 3864.0
2001 10 4183.0
2001 11 3889.0
2001 12 3457.0
2002 1 2948.0
2002 2 3145.0
2002 3 4189.0
2002 4 5106.0
2002 5 5277.0
2002 6 4721.0
2002 7 4768.0
2002 8 4481.0
2002 9 4338.0
2002 10 5365.0
2002 11 3695.0
2002 12 3993.0
2003 1 3276.0
2003 2 2565.0
2003 3 4206.0
2003 4 5322.0
2003 5 5023.0
2003 6 5145.0
2003 7 5154.0
2003 8 4683.0
2003 9 5173.0
2003 10 5231.0
2003 11 3639.0
2003 12 3711.0
2004 1 2280.0
2004 2 2972.0
2004 3 4796.0
2004 4 5288.0
2004 5 4765.0
2004 6 4834.0
2004 7 4182.0
2004 8 4526.0
2004 9 5046.0
2004 10 4395.0
2004 11 4235.0
2004 12 3002.0
2005 1 2468.0
2005 2 3092.0
2005 3 4521.0
2005 4 5362.0
2005 5 5134.0
2005 6 5734.0
2005 7 5378.0
2005 8 5533.0
2005 9 5279.0
2005 10 4962.0
2005 11 4565.0
2005 12 2961.0
2006 1 2661.0
2006 2 3229.0
2006 3 4270.0
2006 4 4050.0
2006 5 4559.0
2006 6 4229.0
2006 7 3420.0
2006 8 3651.0
2006 9 3643.0
2006 10 3295.0
2006 11 2711.0
2006 12 1907.0
2007 1 2125.0
2007 2 2178.0
2007 3 2915.0
2007 4 2951.0
2007 5 3529.0
2007 6 3373.0
2007 7 3061.0
2007 8 2903.0
2007 9 2454.0
2007 10 2542.0
2007 11 2367.0
2007 12 1701.0
2008 1 1452.0
2008 2 1146.0
2008 3 1525.0
2008 4 2331.0
2008 5 2040.0
2008 6 2366.0
2008 7 2050.0
2008 8 1961.0
2008 9 2014.0
2008 10 2115.0
2008 11 1204.0
2008 12 937.0
2009 1 773.0
2009 2 738.0
2009 3 869.0
2009 4 1263.0
2009 5 1269.0
2009 6 1370.0
2009 7 1352.0
2009 8 1170.0
2009 9 1225.0
2009 10 1115.0
2009 11 966.0
2009 12 1109.0
2010 1 878.0
2010 2 856.0
2010 3 1588.0
2010 4 1618.0
2010 5 1067.0
2010 6 1175.0
2010 7 1569.0
2010 8 1155.0
2010 9 1045.0
2010 10 1404.0
2010 11 742.0
2010 12 648.0
2011 1 687.0
2011 2 719.0
2011 3 1290.0
2011 4 1107.0
2011 5 1245.0
2011 6 1331.0
2011 7 1205.0
2011 8 1444.0
2011 9 1185.0
2011 10 1796.0
2011 11 1087.0
2011 12 1360.0
2012 1 1081.0
2012 2 779.0
2012 3 1309.0
2012 4 1451.0
2012 5 1643.0
2012 6 1377.0
2012 7 1630.0
2012 8 1565.0
2012 9 1416.0
2012 10 1672.0
2012 11 1869.0
2012 12 1285.0
2013 1 1677.0
2013 2 1191.0
2013 3 1316.0
2013 4 2304.0
2013 5 2161.0
2013 6 1636.0
2013 7 2288.0
2013 8 2428.0
2013 9 2130.0
2013 10 2146.0
2013 11 1266.0
2013 12 1306.0
2014 1 920.0
2014 2 903.0
2014 3 1785.0
2014 4 1653.0
2014 5 1914.0
2014 6 1873.0
2014 7 2431.0
2014 8 2460.0
2014 9 1621.0
2014 10 1887.0
2014 11 1470.0
2014 12 1334.0
2015 1 1031.0
2015 2 757.0
2015 3 1355.0
2015 4 1631.0
2015 5 1835.0
2015 6 1515.0
2015 7 1806.0
2015 8 1980.0
2015 9 2417.0
2015 10 2135.0
2015 11 1687.0
2015 12 1410.0
2016 1 990.0
2016 2 1181.0
2016 3 1833.0
2016 4 2289.0
2016 5 1911.0
2016 6 2229.0
2016 7 1822.0
2016 8 2426.0
2016 9 2445.0
2016 10 1811.0
2016 11 1704.0
2016 12 1301.0
2017 1 2037.0
2017 2 1384.0
2017 3 1757.0
2017 4 1761.0
2017 5 2030.0
2017 6 3086.0
2017 7 1929.0
2017 8 2890.0
2017 9 2050.0
2017 10 2093.0
2017 11 1604.0
2017 12 1251.0
2018 1 1487.0
2018 2 1545.0
2018 3 1799.0
2018 4 2089.0
2018 5 3147.0
2018 6 1737.0
2018 7 2603.0
2018 8 1962.0
2018 9 1478.0
2018 10 2167.0
2018 11 1870.0
2018 12 1155.0
2019 1 1095.0
2019 2 1506.0
2019 3 1873.0
2019 4 2133.0
2019 5 1759.0
2019 6 1907.0
2019 7 1839.0
2019 8 2502.0
2019 9 2339.0
2019 10 1870.0
2019 11 2406.0
2019 12 1384.0
2020 1 2624.0
2020 2 1698.0
2020 3 1449.0
2020 4 1900.0
2020 5 2142.0
2020 6 2486.0
2020 7 2931.0
2020 8 2433.0
2020 9 2566.0
2020 10 3374.0
2020 11 2254.0
2020 12 2498.0
2021 1 1573.0
2021 2 2271.0
2021 3 2494.0
2021 4 2921.0
2021 5 2932.0
2021 6 2753.0
2021 7 2376.0
2021 8 3526.0
2021 9 2480.0
2021 10 2812.0
2021 11 2486.0
2021 12 2276.0
2022 1 2169.0
2022 2 1921.0
2022 3 2680.0
2022 4 2568.0
2022 5 2305.0
2022 6 2425.0
2022 7 2515.0
2022 8 2767.0
2022 9 2535.0
2022 10 4159.0
2022 11 3122.0
2022 12 1483.0
2023 1 1150.0
2023 2 1605.0
2023 3 3347.0
2023 4 1845.0
2023 5 2327.0
2023 6 3052.0
2023 7 2112.0
2023 8 2977.0
2023 9 2485.0
2023 10 2046.0
2023 11 2237.0
2023 12 1544.0
2024 1 2129.0
2024 2 2361.0
2024 3 2253.0
2024 4 2525.0
2024 5 2845.0
2024 6 3277.0
2024 7 2456.0
2024 8 2308.0
