1960 5 44.0
1960 6 17.0
1960 7 17.0
1960 8 11.0
1960 9 10.0
1960 10 22.0
1960 11 4.0
1960 12 4.0
1961 1 16.0
1961 2 11.0
1961 3 26.0
1961 4 18.0
1961 5 14.0
1961 6 9.0
1961 7 17.0
1961 8 17.0
1961 9 12.0
1961 10 38.0
1961 11 36.0
1961 12 10.0
1962 1 44.0
1962 2 10.0
1962 3 24.0
1962 4 15.0
1962 5 22.0
1962 6 48.0
1962 7 33.0
1962 8 12.0
1962 9 19.0
1962 10 12.0
1962 11 18.0
1962 12 12.0
1963 1 10.0
1963 2 55.0
1963 3 32.0
1963 4 30.0
1963 5 16.0
1963 6 2.0
1963 7 20.0
1963 8 22.0
1963 9 38.0
1963 10 40.0
1963 11 30.0
1963 12 52.0
1964 1 28.0
1964 2 16.0
1964 3 18.0
1964 4 32.0
1964 5 4.0
1964 6 22.0
1964 7 42.0
1964 8 14.0
1964 9 81.0
1964 10 33.0
1964 11 40.0
1964 12 22.0
1965 1 80.0
1965 2 48.0
1965 3 52.0
1965 4 35.0
1965 5 40.0
1965 6 74.0
1965 7 20.0
1965 8 36.0
1965 9 52.0
1965 10 50.0
1965 11 60.0
1965 12 20.0
1966 1 188.0
1966 2 52.0
1966 3 121.0
1966 4 26.0
1966 5 104.0
1966 6 33.0
1966 7 6.0
1966 8 61.0
1966 9 9.0
1966 10 32.0
1966 11 26.0
1966 12 12.0
1967 1 11.0
1967 2 50.0
1967 3 54.0
1967 4 19.0
1967 5 48.0
1967 6 68.0
1967 7 28.0
1967 8 44.0
1967 9 70.0
1967 10 67.0
1967 11 52.0
1967 12 34.0
1968 1 269.0
1968 2 34.0
1968 3 116.0
1968 4 36.0
1968 5 24.0
1968 6 60.0
1968 7 10.0
1968 8 85.0
1968 9 70.0
1968 10 82.0
1968 11 30.0
1968 12 55.0
1969 1 50.0
1969 2 130.0
1969 3 56.0
1969 4 32.0
1969 5 50.0
1969 6 121.0
1969 7 34.0
1969 8 42.0
1969 9 23.0
1969 10 24.0
1969 11 56.0
1969 12 4.0
1970 1 28.0
1970 2 26.0
1970 3 45.0
1970 4 41.0
1970 5 28.0
1970 6 14.0
1970 7 106.0
1970 8 46.0
1970 9 58.0
1970 10 46.0
1970 11 58.0
1970 12 212.0
1971 1 57.0
1971 2 62.0
1971 3 135.0
1971 4 78.0
1971 5 38.0
1971 6 74.0
1971 7 62.0
1971 8 36.0
1971 9 196.0
1971 10 49.0
1971 11 88.0
1971 12 28.0
1972 1 30.0
1972 2 48.0
1972 3 73.0
1972 4 100.0
1972 5 106.0
1972 6 141.0
1972 7 28.0
1972 8 78.0
1972 9 24.0
1972 10 136.0
1972 11 70.0
1972 12 70.0
1973 1 30.0
1973 2 77.0
1973 3 276.0
1973 4 32.0
1973 5 84.0
1973 6 28.0
1973 7 96.0
1973 8 92.0
1973 9 22.0
1973 10 38.0
1973 11 17.0
1973 12 22.0
1974 1 20.0
1974 2 8.0
1974 3 22.0
1974 4 26.0
1974 5 155.0
1974 6 12.0
1974 7 18.0
1974 8 10.0
1974 9 72.0
1974 10 33.0
1974 11 12.0
1974 12 41.0
1975 1 56.0
1975 2 24.0
1975 3 14.0
1975 4 10.0
1975 5 114.0
1975 6 16.0
1975 7 2.0
1975 8 24.0
1975 9 4.0
1975 10 32.0
1975 11 10.0
1975 12 82.0
1976 1 21.0
1976 2 166.0
1976 3 46.0
1976 4 42.0
1976 5 32.0
1976 6 20.0
1976 7 34.0
1976 8 10.0
1976 9 24.0
1976 10 30.0
1976 11 66.0
1976 12 62.0
1977 1 36.0
1977 2 54.0
1977 3 66.0
1977 4 63.0
1977 5 44.0
1977 6 59.0
1977 7 78.0
1977 8 95.0
1977 9 103.0
1977 10 66.0
1977 11 56.0
1977 12 72.0
1978 1 24.0
1978 2 103.0
1978 3 173.0
1978 4 116.0
1978 5 84.0
1978 6 145.0
1978 7 88.0
1978 8 81.0
1978 9 131.0
1978 10 157.0
1978 11 88.0
1978 12 74.0
1979 1 37.0
1979 2 61.0
1979 3 103.0
1979 4 99.0
1979 5 182.0
1979 6 141.0
1979 7 165.0
1979 8 202.0
1979 9 78.0
1979 10 226.0
1979 11 83.0
1979 12 37.0
1980 1 48.0
1980 2 66.0
1980 3 128.0
1980 4 150.0
1980 5 64.0
1980 6 101.0
1980 7 107.0
1980 8 182.0
1980 9 367.0
1980 10 152.0
1980 11 171.0
1980 12 222.0
1981 1 113.0
1981 2 84.0
1981 3 108.0
1981 4 137.0
1981 5 86.0
1981 6 78.0
1981 7 224.0
1981 8 136.0
1981 9 110.0
1981 10 187.0
1981 11 102.0
1981 12 303.0
1982 1 101.0
1982 2 135.0
1982 3 234.0
1982 4 276.0
1982 5 196.0
1982 6 224.0
1982 7 252.0
1982 8 144.0
1982 9 195.0
1982 10 359.0
1982 11 223.0
1982 12 192.0
1983 1 241.0
1983 2 207.0
1983 3 272.0
1983 4 212.0
1983 5 197.0
1983 6 274.0
1983 7 140.0
1983 8 54.0
1983 9 523.0
1983 10 192.0
1983 11 122.0
1983 12 86.0
1984 1 146.0
1984 2 181.0
1984 3 292.0
1984 4 66.0
1984 5 102.0
1984 6 139.0
1984 7 46.0
1984 8 181.0
1984 9 95.0
1984 10 10.0
1984 11 55.0
1984 12 42.0
1985 1 56.0
1985 2 29.0
1985 3 34.0
1985 4 20.0
1985 5 31.0
1985 6 19.0
1985 7 34.0
1985 8 25.0
1985 9 5.0
1985 10 30.0
1985 11 12.0
1985 12 8.0
1986 1 53.0
1986 2 18.0
1986 3 42.0
1986 4 18.0
1986 5 12.0
1986 6 8.0
1986 7 19.0
1986 8 10.0
1986 9 38.0
1986 10 6.0
1986 11 2.0
1986 12 2.0
1987 1 3.0
1987 2 4.0
1987 3 8.0
1987 4 2.0
1987 5 4.0
1987 6 7.0
1987 7 6.0
1987 8 4.0
1987 9 2.0
1987 10 2.0
1987 11 9.0
1987 12 44.0
1988 1 2.0
1988 2 10.0
1988 3 21.0
1988 4 4.0
1988 5 4.0
1988 6 41.0
1988 7 2.0
1988 8 7.0
1988 9 10.0
1988 10 2.0
1988 11 2.0
1988 12 2.0
1989 1 6.0
1989 2 4.0
1989 3 2.0
1989 4 18.0
1989 5 8.0
1989 6 24.0
1989 7 25.0
1989 8 26.0
1989 9 10.0
1989 10 28.0
1989 11 19.0
1989 12 10.0
1990 1 7.5
1990 2 5.0
1990 3 2.0
1990 4 6.0
1990 5 7.0
1990 6 7.333333333333333
1990 7 7.666666666666667
1990 8 8.0
1990 9 2.0
1990 10 3.0
1990 11 5.333333333333334
1990 12 7.666666666666667
1991 1 10.0
1991 2 4.0
1991 3 3.0
1991 4 2.0
1991 5 2.2
1991 6 2.4
1991 7 2.6
1991 8 2.8
1991 9 3.0
1991 10 2.0
1991 11 4.0
1991 12 8.0
1992 1 6.0
1992 2 4.0
1992 3 2.0
1992 4 6.5
1992 5 11.0
1992 6 10.0
1992 7 2.0
1992 8 6.0
1992 9 6.0
1992 10 6.0
1992 11 5.333333333333333
1992 12 4.666666666666667
1993 1 4.0
1993 2 6.0
1993 3 8.0
1993 4 10.0
1993 5 6.0
1993 6 22.0
1993 7 4.0
1993 8 8.0
1993 9 56.0
1993 10 20.0
1993 11 9.0
1993 12 20.5
1994 1 32.0
1994 2 10.0
1994 3 104.0
1994 4 54.0
1994 5 148.0
1994 6 174.0
1994 7 42.0
1994 8 12.0
1994 9 82.0
1994 10 82.0
1994 11 22.0
1994 12 42.0
1995 1 64.0
1995 2 9.0
1995 3 80.0
1995 4 30.0
1995 5 58.0
1995 6 22.0
1995 7 18.0
1995 8 35.0
1995 9 80.0
1995 10 10.0
1995 11 30.0
1995 12 10.0
1996 1 48.0
1996 2 86.0
1996 3 8.0
1996 4 20.0
1996 5 16.0
1996 6 53.0
1996 7 70.0
1996 8 18.0
1996 9 13.0
1996 10 14.0
1996 11 60.0
1996 12 16.0
1997 1 22.0
1997 2 8.0
1997 3 32.0
1997 4 12.0
1997 5 34.0
1997 6 20.0
1997 7 28.0
1997 8 29.0
1997 9 66.0
1997 10 26.0
1997 11 12.0
1997 12 10.0
1998 1 22.0
1998 2 46.0
1998 3 46.0
1998 4 43.0
1998 5 35.0
1998 6 30.0
1998 7 18.0
1998 8 8.0
1998 9 10.0
1998 10 16.0
1998 11 12.0
1998 12 12.0
1999 1 48.0
1999 2 28.0
1999 3 16.0
1999 4 26.0
1999 5 4.0
1999 6 20.0
1999 7 12.0
1999 8 56.0
1999 9 15.0
1999 10 10.0
1999 11 8.0
1999 12 14.0
2000 1 6.0
2000 2 29.0
2000 3 24.0
2000 4 14.0
2000 5 18.0
2000 6 12.0
2000 7 15.0
2000 8 10.0
2000 9 16.0
2000 10 2.0
2000 11 2.0
2000 12 4.0
2001 1 16.0
2001 2 20.0
2001 3 18.0
2001 4 2.0
2001 5 16.0
2001 6 12.0
2001 7 44.0
2001 8 101.0
2001 9 10.0
2001 10 16.0
2001 11 63.0
2001 12 6.0
2002 1 74.0
2002 2 16.0
2002 3 21.0
2002 4 16.0
2002 5 36.0
2002 6 7.0
2002 7 11.0
2002 8 4.0
2002 9 5.0
2002 10 6.0
2002 11 71.0
2002 12 73.0
2003 1 17.0
2003 2 20.0
2003 3 10.0
2003 4 13.0
2003 5 12.0
2003 6 46.0
2003 7 64.0
2003 8 214.0
2003 9 62.0
2003 10 25.0
2003 11 21.0
2003 12 48.0
2004 1 33.0
2004 2 24.0
2004 3 152.0
2004 4 20.0
2004 5 32.0
2004 6 13.0
2004 7 20.0
2004 8 12.0
2004 9 104.0
2004 10 11.0
2004 11 18.0
2004 12 94.0
2005 1 18.0
2005 2 54.0
2005 3 20.0
2005 4 56.0
2005 5 27.0
2005 6 68.0
2005 7 44.0
2005 8 121.0
2005 9 14.0
2005 10 10.0
2005 11 102.0
2005 12 25.0
2006 1 32.0
2006 2 61.0
2006 3 136.0
2006 4 17.0
2006 5 20.0
2006 6 28.0
2006 7 14.0
2006 8 50.0
2006 9 18.0
2006 10 22.0
2006 11 50.0
2006 12 24.0
2007 1 18.0
2007 2 26.0
2007 3 13.0
2007 4 24.0
2007 5 48.0
2007 6 73.0
2007 7 33.0
2007 8 12.0
2007 9 84.0
2007 10 38.0
2007 11 36.0
2007 12 32.0
2008 1 118.0
2008 2 36.0
2008 3 10.0
2008 4 32.0
2008 5 44.0
2008 6 51.0
2008 7 10.0
2008 8 19.0
2008 9 24.0
2008 10 17.0
2008 11 42.0
2008 12 30.0
2009 1 18.0
2009 2 8.0
2009 3 28.0
2009 4 14.0
2009 5 47.0
2009 6 29.0
2009 7 15.0
2009 8 12.0
2009 9 4.0
2009 10 22.0
2009 11 41.0
2009 12 2.0
2010 1 32.0
2010 2 36.0
2010 3 28.0
2010 4 10.0
2010 5 4.0
2010 6 8.0
2010 7 4.0
2010 8 17.0
2010 9 15.0
2010 10 12.0
2010 11 14.0
2010 12 123.0
2011 1 6.0
2011 2 2.0
2011 3 10.0
2011 4 95.0
2011 5 40.0
2011 6 57.0
2011 7 33.0
2011 8 13.0
2011 9 6.0
2011 10 6.0
2011 11 10.0
2011 12 50.0
2012 1 22.0
2012 2 44.0
2012 3 18.0
2012 4 18.0
2012 5 32.0
2012 6 28.0
2012 7 21.0
2012 8 43.0
2012 9 8.0
2012 10 6.0
2012 11 21.0
2012 12 6.0
2013 1 84.0
2013 2 64.0
2013 3 24.0
2013 4 14.0
2013 5 40.0
2013 6 2.0
2013 7 14.0
2013 8 12.0
2013 9 52.0
2013 10 21.0
2013 11 19.0
2013 12 9.0
2014 1 18.0
2014 2 49.0
2014 3 27.0
2014 4 18.0
2014 5 50.0
2014 6 30.0
2014 7 28.0
2014 8 36.0
2014 9 58.0
2014 10 14.0
2014 11 57.0
2014 12 4.0
2015 1 12.0
2015 2 23.0
2015 3 6.0
2015 4 8.0
2015 5 36.0
2015 6 20.0
2015 7 60.0
2015 8 36.0
2015 9 51.0
2015 10 87.0
2015 11 21.0
2015 12 34.0
2016 1 15.0
2016 2 29.0
2016 3 18.0
2016 4 95.0
2016 5 30.0
2016 6 24.0
2016 7 68.0
2016 8 77.0
2016 9 31.0
2016 10 44.0
2016 11 32.0
2016 12 17.0
2017 1 26.0
2017 2 31.0
2017 3 17.0
2017 4 50.0
2017 5 53.0
2017 6 27.0
2017 7 33.0
2017 8 52.0
2017 9 18.0
2017 10 28.0
2017 11 24.0
2017 12 24.0
2018 1 110.0
2018 2 20.0
2018 3 67.0
2018 4 23.0
2018 5 41.0
2018 6 24.0
2018 7 24.0
2018 8 21.0
2018 9 20.0
2018 10 30.0
2018 11 25.0
2018 12 22.0
2019 1 30.0
2019 2 63.0
2019 3 27.0
2019 4 41.0
2019 5 42.0
2019 6 54.0
2019 7 39.0
2019 8 42.0
2019 9 87.0
2019 10 74.0
2019 11 32.0
2019 12 74.0
2020 1 20.0
2020 2 45.0
2020 3 63.0
2020 4 31.0
2020 5 35.0
2020 6 45.0
2020 7 36.0
2020 8 38.0
2020 9 22.0
2020 10 53.0
2020 11 18.0
2020 12 30.0
2021 1 91.0
2021 2 54.0
2021 3 81.0
2021 4 54.0
2021 5 27.0
2021 6 24.0
2021 7 49.0
2021 8 30.0
2021 9 87.0
2021 10 31.0
2021 11 41.0
2021 12 28.0
2022 1 43.0
2022 2 73.0
2022 3 52.0
2022 4 72.0
2022 5 70.0
2022 6 69.0
2022 7 74.0
2022 8 93.0
2022 9 57.0
2022 10 25.0
2022 11 33.0
2022 12 54.0
2023 1 37.0
2023 2 75.0
2023 3 72.0
2023 4 73.0
2023 5 121.0
2023 6 45.0
2023 7 111.0
2023 8 166.0
2023 9 125.0
2023 10 118.0
2023 11 35.0
2023 12 58.0
2024 1 46.0
2024 2 56.0
2024 3 62.0
2024 4 119.0
2024 5 88.0
2024 6 68.0
2024 7 96.0
2024 8 80.0
