1960 5 1027.0
1960 6 779.0
1960 7 667.0
1960 8 796.0
1960 9 774.0
1960 10 602.0
1960 11 527.0
1960 12 449.0
1961 1 643.0
1961 2 530.0
1961 3 718.0
1961 4 824.0
1961 5 728.0
1961 6 885.0
1961 7 867.0
1961 8 813.0
1961 9 748.0
1961 10 654.0
1961 11 634.0
1961 12 367.0
1962 1 634.0
1962 2 580.0
1962 3 925.0
1962 4 971.0
1962 5 754.0
1962 6 880.0
1962 7 923.0
1962 8 1044.0
1962 9 759.0
1962 10 661.0
1962 11 545.0
1962 12 411.0
1963 1 598.0
1963 2 685.0
1963 3 803.0
1963 4 887.0
1963 5 1406.0
1963 6 986.0
1963 7 959.0
1963 8 949.0
1963 9 854.0
1963 10 1123.0
1963 11 790.0
1963 12 668.0
1964 1 656.0
1964 2 1275.0
1964 3 1005.0
1964 4 1036.0
1964 5 1634.0
1964 6 965.0
1964 7 972.0
1964 8 894.0
1964 9 886.0
1964 10 1013.0
1964 11 698.0
1964 12 515.0
1965 1 581.0
1965 2 655.0
1965 3 1346.0
1965 4 1151.0
1965 5 976.0
1965 6 1160.0
1965 7 1113.0
1965 8 891.0
1965 9 1064.0
1965 10 706.0
1965 11 822.0
1965 12 813.0
1966 1 925.0
1966 2 775.0
1966 3 1395.0
1966 4 1175.0
1966 5 990.0
1966 6 826.0
1966 7 672.0
1966 8 648.0
1966 9 643.0
1966 10 878.0
1966 11 482.0
1966 12 485.0
1967 1 597.0
1967 2 721.0
1967 3 857.0
1967 4 1045.0
1967 5 1203.0
1967 6 1284.0
1967 7 1002.0
1967 8 1312.0
1967 9 850.0
1967 10 873.0
1967 11 873.0
1967 12 991.0
1968 1 921.0
1968 2 1268.0
1968 3 1297.0
1968 4 1122.0
1968 5 1469.0
1968 6 1158.0
1968 7 1656.0
1968 8 1203.0
1968 9 1176.0
1968 10 1386.0
1968 11 861.0
1968 12 936.0
1969 1 822.0
1969 2 1237.0
1969 3 1866.0
1969 4 1384.0
1969 5 1862.0
1969 6 1906.0
1969 7 1295.0
1969 8 1140.0
1969 9 1227.0
1969 10 819.0
1969 11 1124.0
1969 12 685.0
1970 1 763.0
1970 2 812.0
1970 3 1028.0
1970 4 1199.0
1970 5 1476.0
1970 6 1557.0
1970 7 1899.0
1970 8 1436.0
1970 9 1418.0
1970 10 1437.0
1970 11 1432.0
1970 12 1136.0
1971 1 1366.0
1971 2 1555.0
1971 3 2022.0
1971 4 2599.0
1971 5 3113.0
1971 6 2587.0
1971 7 2059.0
1971 8 2698.0
1971 9 2256.0
1971 10 2237.0
1971 11 1859.0
1971 12 1510.0
1972 1 1753.0
1972 2 2520.0
1972 3 2680.0
1972 4 1924.0
1972 5 2677.0
1972 6 3963.0
1972 7 2399.0
1972 8 2657.0
1972 9 1869.0
1972 10 2334.0
1972 11 2111.0
1972 12 1161.0
1973 1 1409.0
1973 2 2039.0
1973 3 2765.0
1973 4 2182.0
1973 5 2432.0
1973 6 1755.0
1973 7 1503.0
1973 8 1779.0
1973 9 1791.0
1973 10 1443.0
1973 11 1042.0
1973 12 902.0
1974 1 863.0
1974 2 1055.0
1974 3 1282.0
1974 4 1975.0
1974 5 2072.0
1974 6 1936.0
1974 7 1085.0
1974 8 1047.0
1974 9 1010.0
1974 10 760.0
1974 11 688.0
1974 12 763.0
1975 1 776.0
1975 2 905.0
1975 3 1200.0
1975 4 1491.0
1975 5 1842.0
1975 6 1789.0
1975 7 2098.0
1975 8 1647.0
1975 9 1492.0
1975 10 1585.0
1975 11 959.0
1975 12 1365.0
1976 1 1164.0
1976 2 1643.0
1976 3 2068.0
1976 4 2609.0
1976 5 2147.0
1976 6 2188.0
1976 7 2738.0
1976 8 2371.0
1976 9 2771.0
1976 10 2448.0
1976 11 2273.0
1976 12 2094.0
1977 1 2001.0
1977 2 2879.0
1977 3 3462.0
1977 4 3242.0
1977 5 3161.0
1977 6 3943.0
1977 7 3194.0
1977 8 3763.0
1977 9 3099.0
1977 10 3228.0
1977 11 2594.0
1977 12 2622.0
1978 1 2763.0
1978 2 3156.0
1978 3 4002.0
1978 4 4131.0
1978 5 3726.0
1978 6 3385.0
1978 7 2483.0
1978 8 3174.0
1978 9 2883.0
1978 10 2719.0
1978 11 2653.0
1978 12 2573.0
1979 1 1521.0
1979 2 1892.0
1979 3 3023.0
1979 4 2668.0
1979 5 3427.0
1979 6 2955.0
1979 7 2836.0
1979 8 3319.0
1979 9 2135.0
1979 10 2198.0
1979 11 1661.0
1979 12 1469.0
1980 1 1422.0
1980 2 1501.0
1980 3 1534.0
1980 4 1621.0
1980 5 1353.0
1980 6 1539.0
1980 7 2125.0
1980 8 2022.0
1980 9 1724.0
1980 10 2354.0
1980 11 1693.0
1980 12 1120.0
1981 1 957.0
1981 2 958.0
1981 3 1389.0
1981 4 1652.0
1981 5 1152.0
1981 6 1243.0
1981 7 1938.0
1981 8 1137.0
1981 9 1490.0
1981 10 623.0
1981 11 462.0
1981 12 537.0
1982 1 340.0
1982 2 431.0
1982 3 649.0
1982 4 697.0
1982 5 508.0
1982 6 812.0
1982 7 875.0
1982 8 524.0
1982 9 729.0
1982 10 616.0
1982 11 410.0
1982 12 479.0
1983 1 755.0
1983 2 378.0
1983 3 879.0
1983 4 881.0
1983 5 917.0
1983 6 934.0
1983 7 777.0
1983 8 896.0
1983 9 837.0
1983 10 642.0
1983 11 550.0
1983 12 326.0
1984 1 526.0
1984 2 648.0
1984 3 885.0
1984 4 804.0
1984 5 800.0
1984 6 817.0
1984 7 809.0
1984 8 870.0
1984 9 709.0
1984 10 729.0
1984 11 403.0
1984 12 510.0
1985 1 990.0
1985 2 601.0
1985 3 641.0
1985 4 969.0
1985 5 891.0
1985 6 1129.0
1985 7 1040.0
1985 8 944.0
1985 9 1924.0
1985 10 770.0
1985 11 660.0
1985 12 460.0
1986 1 456.0
1986 2 676.0
1986 3 1200.0
1986 4 875.0
1986 5 1244.0
1986 6 1117.0
1986 7 859.0
1986 8 981.0
1986 9 834.0
1986 10 946.0
1986 11 484.0
1986 12 828.0
1987 1 580.0
1987 2 746.0
1987 3 991.0
1987 4 1029.0
1987 5 696.0
1987 6 1350.0
1987 7 1010.0
1987 8 1279.0
1987 9 1136.0
1987 10 967.0
1987 11 923.0
1987 12 1043.0
1988 1 568.0
1988 2 721.0
1988 3 1091.0
1988 4 1062.0
1988 5 1140.0
1988 6 1643.0
1988 7 1115.0
1988 8 1544.0
1988 9 1644.0
1988 10 1085.0
1988 11 909.0
1988 12 1382.0
1989 1 1528.0
1989 2 1425.0
1989 3 1223.0
1989 4 1210.0
1989 5 2895.0
1989 6 3206.0
1989 7 1457.0
1989 8 1889.0
1989 9 2421.0
1989 10 1781.0
1989 11 1760.0
1989 12 1579.0
1990 1 2024.0
1990 2 1014.0
1990 3 2212.0
1990 4 1997.0
1990 5 1862.0
1990 6 2921.0
1990 7 2301.0
1990 8 2454.0
1990 9 1342.0
1990 10 1472.0
1990 11 1003.0
1990 12 860.0
1991 1 773.0
1991 2 928.0
1991 3 1156.0
1991 4 1517.0
1991 5 1602.0
1991 6 1696.0
1991 7 1410.0
1991 8 1556.0
1991 9 1091.0
1991 10 1805.0
1991 11 951.0
1991 12 1893.0
1992 1 1163.0
1992 2 1074.0
1992 3 1437.0
1992 4 1446.0
1992 5 1614.0
1992 6 1714.0
1992 7 1488.0
1992 8 1585.0
1992 9 1557.0
1992 10 1478.0
1992 11 1173.0
1992 12 1293.0
1993 1 1078.0
1993 2 1430.0
1993 3 1428.0
1993 4 1741.0
1993 5 1777.0
1993 6 2027.0
1993 7 1678.0
1993 8 2124.0
1993 9 1817.0
1993 10 1773.0
1993 11 1506.0
1993 12 1450.0
1994 1 1719.0
1994 2 1638.0
1994 3 1719.0
1994 4 2257.0
1994 5 2339.0
1994 6 2233.0
1994 7 1980.0
1994 8 2053.0
1994 9 3124.0
1994 10 2455.0
1994 11 1414.0
1994 12 1452.0
1995 1 1262.0
1995 2 1860.0
1995 3 1698.0
1995 4 2032.0
1995 5 2265.0
1995 6 3718.0
1995 7 2467.0
1995 8 2110.0
1995 9 2756.0
1995 10 2388.0
1995 11 1740.0
1995 12 2308.0
1996 1 1940.0
1996 2 2045.0
1996 3 2220.0
1996 4 2140.0
1996 5 2341.0
1996 6 2756.0
1996 7 3083.0
1996 8 2582.0
1996 9 2638.0
1996 10 2417.0
1996 11 1562.0
1996 12 1595.0
1997 1 1829.0
1997 2 2012.0
1997 3 3052.0
1997 4 2198.0
1997 5 2117.0
1997 6 2532.0
1997 7 2282.0
1997 8 1984.0
1997 9 2943.0
1997 10 3002.0
1997 11 1720.0
1997 12 2354.0
1998 1 1546.0
1998 2 2199.0
1998 3 2154.0
1998 4 2441.0
1998 5 2213.0
1998 6 2126.0
1998 7 3064.0
1998 8 2361.0
1998 9 2233.0
1998 10 1811.0
1998 11 1886.0
1998 12 1691.0
1999 1 1557.0
1999 2 1561.0
1999 3 2375.0
1999 4 2120.0
1999 5 2100.0
1999 6 2297.0
1999 7 2123.0
1999 8 2018.0
1999 9 1611.0
1999 10 1865.0
1999 11 1346.0
1999 12 1216.0
2000 1 1177.0
2000 2 1523.0
2000 3 1810.0
2000 4 1824.0
2000 5 1764.0
2000 6 1900.0
2000 7 1467.0
2000 8 1874.0
2000 9 1766.0
2000 10 1507.0
2000 11 1745.0
2000 12 1350.0
2001 1 1573.0
2001 2 1647.0
2001 3 1838.0
2001 4 1834.0
2001 5 1881.0
2001 6 1754.0
2001 7 1615.0
2001 8 2120.0
2001 9 2122.0
2001 10 1886.0
2001 11 1436.0
2001 12 1083.0
2002 1 1545.0
2002 2 1647.0
2002 3 1758.0
2002 4 2251.0
2002 5 2378.0
2002 6 1851.0
2002 7 2137.0
2002 8 1796.0
2002 9 2149.0
2002 10 2021.0
2002 11 1489.0
2002 12 1536.0
2003 1 2558.0
2003 2 1699.0
2003 3 1901.0
2003 4 2394.0
2003 5 2637.0
2003 6 2104.0
2003 7 2174.0
2003 8 2055.0
2003 9 2504.0
2003 10 2400.0
2003 11 1272.0
2003 12 1742.0
2004 1 1572.0
2004 2 1567.0
2004 3 2214.0
2004 4 2455.0
2004 5 2699.0
2004 6 2673.0
2004 7 3077.0
2004 8 2985.0
2004 9 2294.0
2004 10 2430.0
2004 11 1649.0
2004 12 2197.0
2005 1 2096.0
2005 2 2147.0
2005 3 3053.0
2005 4 2886.0
2005 5 2724.0
2005 6 2826.0
2005 7 2712.0
2005 8 2959.0
2005 9 2861.0
2005 10 2696.0
2005 11 2116.0
2005 12 2181.0
2006 1 2040.0
2006 2 2101.0
2006 3 2440.0
2006 4 2769.0
2006 5 3201.0
2006 6 2925.0
2006 7 2107.0
2006 8 2194.0
2006 9 2096.0
2006 10 1987.0
2006 11 1814.0
2006 12 1197.0
2007 1 2017.0
2007 2 2384.0
2007 3 2142.0
2007 4 1948.0
2007 5 2349.0
2007 6 1816.0
2007 7 1997.0
2007 8 1931.0
2007 9 1628.0
2007 10 1342.0
2007 11 995.0
2007 12 1093.0
2008 1 656.0
2008 2 1459.0
2008 3 1170.0
2008 4 1049.0
2008 5 1354.0
2008 6 1289.0
2008 7 1446.0
2008 8 1181.0
2008 9 924.0
2008 10 763.0
2008 11 515.0
2008 12 460.0
2009 1 994.0
2009 2 407.0
2009 3 559.0
2009 4 672.0
2009 5 734.0
2009 6 625.0
2009 7 705.0
2009 8 580.0
2009 9 531.0
2009 10 683.0
2009 11 474.0
2009 12 682.0
2010 1 488.0
2010 2 550.0
2010 3 693.0
2010 4 728.0
2010 5 605.0
2010 6 883.0
2010 7 537.0
2010 8 864.0
2010 9 568.0
2010 10 494.0
2010 11 463.0
2010 12 720.0
2011 1 466.0
2011 2 481.0
2011 3 933.0
2011 4 707.0
2011 5 523.0
2011 6 686.0
2011 7 868.0
2011 8 582.0
2011 9 762.0
2011 10 810.0
2011 11 548.0
2011 12 668.0
2012 1 641.0
2012 2 609.0
2012 3 721.0
2012 4 937.0
2012 5 1223.0
2012 6 797.0
2012 7 1160.0
2012 8 1152.0
2012 9 1135.0
2012 10 1149.0
2012 11 721.0
2012 12 839.0
2013 1 1029.0
2013 2 1363.0
2013 3 1141.0
2013 4 1552.0
2013 5 1102.0
2013 6 1187.0
2013 7 1633.0
2013 8 1274.0
2013 9 877.0
2013 10 1320.0
2013 11 823.0
2013 12 1029.0
2014 1 1236.0
2014 2 749.0
2014 3 1098.0
2014 4 1529.0
2014 5 2109.0
2014 6 1273.0
2014 7 1445.0
2014 8 1050.0
2014 9 1286.0
2014 10 2097.0
2014 11 969.0
2014 12 1013.0
2015 1 798.0
2015 2 1319.0
2015 3 974.0
2015 4 1146.0
2015 5 1233.0
2015 6 1765.0
2015 7 1449.0
2015 8 1426.0
2015 9 1674.0
2015 10 1863.0
2015 11 1371.0
2015 12 1352.0
2016 1 1233.0
2016 2 1258.0
2016 3 1851.0
2016 4 1529.0
2016 5 1830.0
2016 6 1271.0
2016 7 2128.0
2016 8 1982.0
2016 9 1520.0
2016 10 1529.0
2016 11 1514.0
2016 12 1066.0
2017 1 1464.0
2017 2 1114.0
2017 3 1541.0
2017 4 1071.0
2017 5 1798.0
2017 6 1873.0
2017 7 1800.0
2017 8 2692.0
2017 9 1670.0
2017 10 1643.0
2017 11 1701.0
2017 12 1726.0
2018 1 1905.0
2018 2 1694.0
2018 3 1661.0
2018 4 1595.0
2018 5 1416.0
2018 6 1347.0
2018 7 1345.0
2018 8 1706.0
2018 9 1433.0
2018 10 2008.0
2018 11 1824.0
2018 12 1495.0
2019 1 1255.0
2019 2 1544.0
2019 3 2252.0
2019 4 1820.0
2019 5 1658.0
2019 6 1283.0
2019 7 1749.0
2019 8 1919.0
2019 9 2013.0
2019 10 2405.0
2019 11 1124.0
2019 12 1821.0
2020 1 1058.0
2020 2 888.0
2020 3 2143.0
2020 4 1800.0
2020 5 1268.0
2020 6 1511.0
2020 7 1421.0
2020 8 1697.0
2020 9 1004.0
2020 10 1681.0
2020 11 1377.0
2020 12 1564.0
2021 1 1072.0
2021 2 1474.0
2021 3 2452.0
2021 4 2070.0
2021 5 1819.0
2021 6 1555.0
2021 7 2132.0
2021 8 1722.0
2021 9 1509.0
2021 10 1560.0
2021 11 1629.0
2021 12 1601.0
2022 1 1333.0
2022 2 1962.0
2022 3 1690.0
2022 4 1801.0
2022 5 1448.0
2022 6 1927.0
2022 7 2064.0
2022 8 1446.0
2022 9 2335.0
2022 10 1211.0
2022 11 946.0
2022 12 1735.0
2023 1 1484.0
2023 2 1519.0
2023 3 1442.0
2023 4 1840.0
2023 5 1602.0
2023 6 1513.0
2023 7 1525.0
2023 8 1654.0
2023 9 1173.0
2023 10 1301.0
2023 11 1328.0
2023 12 895.0
2024 1 852.0
2024 2 873.0
2024 3 1357.0
2024 4 1221.0
2024 5 1304.0
2024 6 1757.0
2024 7 1276.0
2024 8 1154.0
