1960 5 53.0
1960 6 61.0
1960 7 74.0
1960 8 79.0
1960 9 93.0
1960 10 51.0
1960 11 72.0
1960 12 48.0
1961 1 107.0
1961 2 64.0
1961 3 87.0
1961 4 67.0
1961 5 50.0
1961 6 64.0
1961 7 27.0
1961 8 71.0
1961 9 80.0
1961 10 33.0
1961 11 73.0
1961 12 61.0
1962 1 72.0
1962 2 95.0
1962 3 102.0
1962 4 142.0
1962 5 41.0
1962 6 61.0
1962 7 84.0
1962 8 201.0
1962 9 58.0
1962 10 76.0
1962 11 50.0
1962 12 57.0
1963 1 86.0
1963 2 86.0
1963 3 85.0
1963 4 47.0
1963 5 76.0
1963 6 107.0
1963 7 76.0
1963 8 118.0
1963 9 70.0
1963 10 104.0
1963 11 52.0
1963 12 61.0
1964 1 72.0
1964 2 130.0
1964 3 89.0
1964 4 99.0
1964 5 96.0
1964 6 78.0
1964 7 71.0
1964 8 89.0
1964 9 50.0
1964 10 68.0
1964 11 86.0
1964 12 54.0
1965 1 55.0
1965 2 78.0
1965 3 162.0
1965 4 124.0
1965 5 94.0
1965 6 127.0
1965 7 91.0
1965 8 108.0
1965 9 53.0
1965 10 79.0
1965 11 94.0
1965 12 128.0
1966 1 110.0
1966 2 116.0
1966 3 155.0
1966 4 85.0
1966 5 99.0
1966 6 68.0
1966 7 54.0
1966 8 66.0
1966 9 83.0
1966 10 82.0
1966 11 46.0
1966 12 141.0
1967 1 91.0
1967 2 84.0
1967 3 138.0
1967 4 120.0
1967 5 75.0
1967 6 171.0
1967 7 116.0
1967 8 211.0
1967 9 103.0
1967 10 149.0
1967 11 187.0
1967 12 134.0
1968 1 203.0
1968 2 281.0
1968 3 286.0
1968 4 129.0
1968 5 200.0
1968 6 142.0
1968 7 233.0
1968 8 142.0
1968 9 165.0
1968 10 223.0
1968 11 182.0
1968 12 197.0
1969 1 200.0
1969 2 179.0
1969 3 175.0
1969 4 118.0
1969 5 169.0
1969 6 262.0
1969 7 148.0
1969 8 129.0
1969 9 154.0
1969 10 86.0
1969 11 65.0
1969 12 31.0
1970 1 122.0
1970 2 106.0
1970 3 107.0
1970 4 121.0
1970 5 308.0
1970 6 216.0
1970 7 362.0
1970 8 272.0
1970 9 289.0
1970 10 180.0
1970 11 219.0
1970 12 193.0
1971 1 207.0
1971 2 191.0
1971 3 337.0
1971 4 431.0
1971 5 606.0
1971 6 435.0
1971 7 295.0
1971 8 552.0
1971 9 384.0
1971 10 241.0
1971 11 396.0
1971 12 339.0
1972 1 294.0
1972 2 410.0
1972 3 392.0
1972 4 282.0
1972 5 463.0
1972 6 573.0
1972 7 432.0
1972 8 436.0
1972 9 245.0
1972 10 298.0
1972 11 460.0
1972 12 272.0
1973 1 217.0
1973 2 189.0
1973 3 301.0
1973 4 312.0
1973 5 306.0
1973 6 310.0
1973 7 278.0
1973 8 194.0
1973 9 159.0
1973 10 224.0
1973 11 88.0
1973 12 78.0
1974 1 177.0
1974 2 171.0
1974 3 188.0
1974 4 187.0
1974 5 146.0
1974 6 281.0
1974 7 145.0
1974 8 103.0
1974 9 124.0
1974 10 57.0
1974 11 70.0
1974 12 58.0
1975 1 109.0
1975 2 148.0
1975 3 166.0
1975 4 208.0
1975 5 227.0
1975 6 307.0
1975 7 325.0
1975 8 218.0
1975 9 170.0
1975 10 174.0
1975 11 100.0
1975 12 198.0
1976 1 177.0
1976 2 176.0
1976 3 260.0
1976 4 425.0
1976 5 291.0
1976 6 298.0
1976 7 515.0
1976 8 325.0
1976 9 363.0
1976 10 287.0
1976 11 320.0
1976 12 362.0
1977 1 331.0
1977 2 405.0
1977 3 644.0
1977 4 363.0
1977 5 544.0
1977 6 659.0
1977 7 444.0
1977 8 669.0
1977 9 470.0
1977 10 550.0
1977 11 565.0
1977 12 387.0
1978 1 464.0
1978 2 453.0
1978 3 623.0
1978 4 502.0
1978 5 559.0
1978 6 354.0
1978 7 396.0
1978 8 324.0
1978 9 432.0
1978 10 425.0
1978 11 314.0
1978 12 305.0
1979 1 296.0
1979 2 145.0
1979 3 341.0
1979 4 371.0
1979 5 506.0
1979 6 502.0
1979 7 457.0
1979 8 630.0
1979 9 301.0
1979 10 299.0
1979 11 180.0
1979 12 167.0
1980 1 181.0
1980 2 164.0
1980 3 221.0
1980 4 134.0
1980 5 97.0
1980 6 133.0
1980 7 243.0
1980 8 309.0
1980 9 187.0
1980 10 271.0
1980 11 225.0
1980 12 82.0
1981 1 91.0
1981 2 83.0
1981 3 121.0
1981 4 137.0
1981 5 116.0
1981 6 87.0
1981 7 135.0
1981 8 64.0
1981 9 187.0
1981 10 31.0
1981 11 32.0
1981 12 24.0
1982 1 36.0
1982 2 42.0
1982 3 38.0
1982 4 68.0
1982 5 91.0
1982 6 32.0
1982 7 34.0
1982 8 20.0
1982 9 44.0
1982 10 55.0
1982 11 40.0
1982 12 8.0
1983 1 23.0
1983 2 27.0
1983 3 50.0
1983 4 134.0
1983 5 138.0
1983 6 25.0
1983 7 35.0
1983 8 21.0
1983 9 115.0
1983 10 35.0
1983 11 62.0
1983 12 26.0
1984 1 19.0
1984 2 35.0
1984 3 112.0
1984 4 66.0
1984 5 60.0
1984 6 34.0
1984 7 29.0
1984 8 209.0
1984 9 13.0
1984 10 46.0
1984 11 35.0
1984 12 15.0
1985 1 118.0
1985 2 16.0
1985 3 55.0
1985 4 33.0
1985 5 33.0
1985 6 39.0
1985 7 16.0
1985 8 48.0
1985 9 559.0
1985 10 72.0
1985 11 75.0
1985 12 38.0
1986 1 2.0
1986 2 8.0
1986 3 41.0
1986 4 62.0
1986 5 102.0
1986 6 72.0
1986 7 51.0
1986 8 67.0
1986 9 24.0
1986 10 63.0
1986 11 42.0
1986 12 160.0
1987 1 30.0
1987 2 82.0
1987 3 44.0
1987 4 16.0
1987 5 22.0
1987 6 17.0
1987 7 22.0
1987 8 18.0
1987 9 158.0
1987 10 58.0
1987 11 30.0
1987 12 45.0
1988 1 20.0
1988 2 13.0
1988 3 68.0
1988 4 78.0
1988 5 71.0
1988 6 59.0
1988 7 74.0
1988 8 86.0
1988 9 50.0
1988 10 70.0
1988 11 32.0
1988 12 39.0
1989 1 36.0
1989 2 128.0
1989 3 41.0
1989 4 175.0
1989 5 135.0
1989 6 126.0
1989 7 34.0
1989 8 242.0
1989 9 176.0
1989 10 45.0
1989 11 56.0
1989 12 194.0
1990 1 144.0
1990 2 37.0
1990 3 269.0
1990 4 88.0
1990 5 206.0
1990 6 138.0
1990 7 191.0
1990 8 112.0
1990 9 47.0
1990 10 44.0
1990 11 48.0
1990 12 33.0
1991 1 69.0
1991 2 21.0
1991 3 86.0
1991 4 34.0
1991 5 45.0
1991 6 211.0
1991 7 89.0
1991 8 65.0
1991 9 43.0
1991 10 74.0
1991 11 100.0
1991 12 84.0
1992 1 93.0
1992 2 22.0
1992 3 55.0
1992 4 118.0
1992 5 96.0
1992 6 99.0
1992 7 90.0
1992 8 172.0
1992 9 82.0
1992 10 52.0
1992 11 45.0
1992 12 102.0
1993 1 118.0
1993 2 45.0
1993 3 97.0
1993 4 94.0
1993 5 102.0
1993 6 136.0
1993 7 77.0
1993 8 94.0
1993 9 138.0
1993 10 139.0
1993 11 81.0
1993 12 79.0
1994 1 60.0
1994 2 65.0
1994 3 128.0
1994 4 287.0
1994 5 165.0
1994 6 204.0
1994 7 149.0
1994 8 173.0
1994 9 193.0
1994 10 561.0
1994 11 151.0
1994 12 100.0
1995 1 130.0
1995 2 110.0
1995 3 143.0
1995 4 211.0
1995 5 149.0
1995 6 303.0
1995 7 172.0
1995 8 263.0
1995 9 238.0
1995 10 235.0
1995 11 131.0
1995 12 195.0
1996 1 114.0
1996 2 130.0
1996 3 212.0
1996 4 223.0
1996 5 146.0
1996 6 366.0
1996 7 190.0
1996 8 201.0
1996 9 126.0
1996 10 205.0
1996 11 119.0
1996 12 137.0
1997 1 130.0
1997 2 177.0
1997 3 562.0
1997 4 192.0
1997 5 238.0
1997 6 323.0
1997 7 236.0
1997 8 173.0
1997 9 238.0
1997 10 237.0
1997 11 157.0
1997 12 129.0
1998 1 156.0
1998 2 188.0
1998 3 234.0
1998 4 94.0
1998 5 147.0
1998 6 211.0
1998 7 151.0
1998 8 193.0
1998 9 152.0
1998 10 197.0
1998 11 80.0
1998 12 110.0
1999 1 162.0
1999 2 122.0
1999 3 164.0
1999 4 222.0
1999 5 181.0
1999 6 195.0
1999 7 109.0
1999 8 108.0
1999 9 116.0
1999 10 204.0
1999 11 150.0
1999 12 102.0
2000 1 91.0
2000 2 139.0
2000 3 110.0
2000 4 133.0
2000 5 99.0
2000 6 106.0
2000 7 45.0
2000 8 138.0
2000 9 71.0
2000 10 93.0
2000 11 66.0
2000 12 68.0
2001 1 120.0
2001 2 130.0
2001 3 60.0
2001 4 55.0
2001 5 119.0
2001 6 126.0
2001 7 75.0
2001 8 157.0
2001 9 196.0
2001 10 76.0
2001 11 33.0
2001 12 90.0
2002 1 73.0
2002 2 60.0
2002 3 87.0
2002 4 150.0
2002 5 74.0
2002 6 111.0
2002 7 90.0
2002 8 151.0
2002 9 98.0
2002 10 96.0
2002 11 87.0
2002 12 78.0
2003 1 73.0
2003 2 90.0
2003 3 169.0
2003 4 206.0
2003 5 199.0
2003 6 136.0
2003 7 154.0
2003 8 144.0
2003 9 418.0
2003 10 199.0
2003 11 93.0
2003 12 107.0
2004 1 116.0
2004 2 142.0
2004 3 134.0
2004 4 205.0
2004 5 165.0
2004 6 165.0
2004 7 213.0
2004 8 190.0
2004 9 117.0
2004 10 155.0
2004 11 110.0
2004 12 348.0
2005 1 216.0
2005 2 241.0
2005 3 143.0
2005 4 119.0
2005 5 139.0
2005 6 121.0
2005 7 120.0
2005 8 172.0
2005 9 234.0
2005 10 146.0
2005 11 100.0
2005 12 44.0
2006 1 150.0
2006 2 116.0
2006 3 95.0
2006 4 96.0
2006 5 76.0
2006 6 101.0
2006 7 174.0
2006 8 94.0
2006 9 50.0
2006 10 119.0
2006 11 89.0
2006 12 67.0
2007 1 97.0
2007 2 89.0
2007 3 104.0
2007 4 78.0
2007 5 72.0
2007 6 60.0
2007 7 104.0
2007 8 88.0
2007 9 127.0
2007 10 24.0
2007 11 61.0
2007 12 22.0
2008 1 10.0
2008 2 38.0
2008 3 39.0
2008 4 54.0
2008 5 20.0
2008 6 15.0
2008 7 63.0
2008 8 25.0
2008 9 43.0
2008 10 18.0
2008 11 34.0
2008 12 5.0
2009 1 11.0
2009 2 18.0
2009 3 19.0
2009 4 26.0
2009 5 31.0
2009 6 4.0
2009 7 34.0
2009 8 13.0
2009 9 4.0
2009 10 4.0
2009 11 6.0
2009 12 12.0
2010 1 22.0
2010 2 13.0
2010 3 10.0
2010 4 32.0
2010 5 8.0
2010 6 46.0
2010 7 18.0
2010 8 20.0
2010 9 8.0
2010 10 26.0
2010 11 4.0
2010 12 31.0
2011 1 4.0
2011 2 9.0
2011 3 8.0
2011 4 12.0
2011 5 44.0
2011 6 28.0
2011 7 14.0
2011 8 6.0
2011 9 21.0
2011 10 9.0
2011 11 4.0
2011 12 14.0
2012 1 24.0
2012 2 45.0
2012 3 15.0
2012 4 75.0
2012 5 45.0
2012 6 43.0
2012 7 23.0
2012 8 10.0
2012 9 26.0
2012 10 38.0
2012 11 28.0
2012 12 18.0
2013 1 22.0
2013 2 28.0
2013 3 28.0
2013 4 24.0
2013 5 35.0
2013 6 41.0
2013 7 54.0
2013 8 17.0
2013 9 21.0
2013 10 29.0
2013 11 35.0
2013 12 12.0
2014 1 22.0
2014 2 12.0
2014 3 37.0
2014 4 40.0
2014 5 24.0
2014 6 53.0
2014 7 69.0
2014 8 8.0
2014 9 48.0
2014 10 42.0
2014 11 12.0
2014 12 8.0
2015 1 13.0
2015 2 42.0
2015 3 28.0
2015 4 20.0
2015 5 28.0
2015 6 44.0
2015 7 51.0
2015 8 30.0
2015 9 124.0
2015 10 82.0
2015 11 20.0
2015 12 38.0
2016 1 66.0
2016 2 120.0
2016 3 32.0
2016 4 21.0
2016 5 43.0
2016 6 61.0
2016 7 60.0
2016 8 105.0
2016 9 22.0
2016 10 23.0
2016 11 36.0
2016 12 16.0
2017 1 22.0
2017 2 12.0
2017 3 34.0
2017 4 20.0
2017 5 44.0
2017 6 60.0
2017 7 35.0
2017 8 90.0
2017 9 47.0
2017 10 60.0
2017 11 47.0
2017 12 62.0
2018 1 44.0
2018 2 57.0
2018 3 40.0
2018 4 70.0
2018 5 50.0
2018 6 72.0
2018 7 31.0
2018 8 19.0
2018 9 36.0
2018 10 28.0
2018 11 39.0
2018 12 41.0
2019 1 44.0
2019 2 70.0
2019 3 76.0
2019 4 253.0
2019 5 63.0
2019 6 45.0
2019 7 62.0
2019 8 43.0
2019 9 35.0
2019 10 30.0
2019 11 24.0
2019 12 33.0
2020 1 33.0
2020 2 42.0
2020 3 37.0
2020 4 37.0
2020 5 20.0
2020 6 59.0
2020 7 43.0
2020 8 54.0
2020 9 51.0
2020 10 54.0
2020 11 26.0
2020 12 28.0
2021 1 33.0
2021 2 23.0
2021 3 57.0
2021 4 57.0
2021 5 25.0
2021 6 52.0
2021 7 76.0
2021 8 76.0
2021 9 47.0
2021 10 51.0
2021 11 37.0
2021 12 54.0
2022 1 62.0
2022 2 64.0
2022 3 40.0
2022 4 64.0
2022 5 56.0
2022 6 42.0
2022 7 27.0
2022 8 40.0
2022 9 41.0
2022 10 24.0
2022 11 25.0
2022 12 72.0
2023 1 91.0
2023 2 62.0
2023 3 58.0
2023 4 43.0
2023 5 70.0
2023 6 67.0
2023 7 53.0
2023 8 55.0
2023 9 62.0
2023 10 29.0
2023 11 53.0
2023 12 47.0
2024 1 48.0
2024 2 27.0
2024 3 45.0
2024 4 62.0
2024 5 85.0
2024 6 57.0
2024 7 65.0
2024 8 16.0
