1960 5 483.0
1960 6 181.0
1960 7 158.0
1960 8 209.0
1960 9 266.0
1960 10 121.0
1960 11 115.0
1960 12 92.0
1961 1 251.0
1961 2 116.0
1961 3 165.0
1961 4 164.0
1961 5 135.0
1961 6 168.0
1961 7 200.0
1961 8 210.0
1961 9 190.0
1961 10 90.0
1961 11 142.0
1961 12 84.0
1962 1 163.0
1962 2 126.0
1962 3 325.0
1962 4 375.0
1962 5 125.0
1962 6 213.0
1962 7 257.0
1962 8 340.0
1962 9 211.0
1962 10 243.0
1962 11 161.0
1962 12 111.0
1963 1 167.0
1963 2 261.0
1963 3 221.0
1963 4 323.0
1963 5 768.0
1963 6 390.0
1963 7 279.0
1963 8 310.0
1963 9 354.0
1963 10 563.0
1963 11 359.0
1963 12 264.0
1964 1 223.0
1964 2 673.0
1964 3 401.0
1964 4 356.0
1964 5 986.0
1964 6 293.0
1964 7 318.0
1964 8 308.0
1964 9 266.0
1964 10 403.0
1964 11 286.0
1964 12 189.0
1965 1 196.0
1965 2 194.0
1965 3 622.0
1965 4 519.0
1965 5 330.0
1965 6 467.0
1965 7 447.0
1965 8 255.0
1965 9 506.0
1965 10 209.0
1965 11 399.0
1965 12 415.0
1966 1 525.0
1966 2 248.0
1966 3 786.0
1966 4 570.0
1966 5 374.0
1966 6 317.0
1966 7 256.0
1966 8 191.0
1966 9 271.0
1966 10 542.0
1966 11 177.0
1966 12 245.0
1967 1 231.0
1967 2 310.0
1967 3 331.0
1967 4 526.0
1967 5 557.0
1967 6 634.0
1967 7 503.0
1967 8 685.0
1967 9 368.0
1967 10 414.0
1967 11 385.0
1967 12 616.0
1968 1 566.0
1968 2 761.0
1968 3 682.0
1968 4 500.0
1968 5 661.0
1968 6 472.0
1968 7 877.0
1968 8 545.0
1968 9 495.0
1968 10 790.0
1968 11 388.0
1968 12 506.0
1969 1 499.0
1969 2 641.0
1969 3 1014.0
1969 4 623.0
1969 5 1133.0
1969 6 1003.0
1969 7 561.0
1969 8 496.0
1969 9 440.0
1969 10 213.0
1969 11 659.0
1969 12 307.0
1970 1 380.0
1970 2 252.0
1970 3 313.0
1970 4 505.0
1970 5 685.0
1970 6 774.0
1970 7 978.0
1970 8 641.0
1970 9 636.0
1970 10 635.0
1970 11 850.0
1970 12 611.0
1971 1 571.0
1971 2 752.0
1971 3 1193.0
1971 4 1469.0
1971 5 1732.0
1971 6 1396.0
1971 7 996.0
1971 8 1547.0
1971 9 1333.0
1971 10 1268.0
1971 11 905.0
1971 12 765.0
1972 1 985.0
1972 2 1492.0
1972 3 1439.0
1972 4 850.0
1972 5 1373.0
1972 6 2473.0
1972 7 1214.0
1972 8 1381.0
1972 9 767.0
1972 10 1122.0
1972 11 1241.0
1972 12 582.0
1973 1 591.0
1973 2 950.0
1973 3 1445.0
1973 4 747.0
1973 5 1063.0
1973 6 572.0
1973 7 500.0
1973 8 686.0
1973 9 995.0
1973 10 530.0
1973 11 474.0
1973 12 243.0
1974 1 320.0
1974 2 315.0
1974 3 365.0
1974 4 716.0
1974 5 847.0
1974 6 698.0
1974 7 235.0
1974 8 239.0
1974 9 224.0
1974 10 81.0
1974 11 120.0
1974 12 252.0
1975 1 184.0
1975 2 236.0
1975 3 306.0
1975 4 397.0
1975 5 573.0
1975 6 509.0
1975 7 883.0
1975 8 443.0
1975 9 318.0
1975 10 366.0
1975 11 183.0
1975 12 441.0
1976 1 261.0
1976 2 479.0
1976 3 459.0
1976 4 944.0
1976 5 624.0
1976 6 613.0
1976 7 1128.0
1976 8 736.0
1976 9 1090.0
1976 10 785.0
1976 11 747.0
1976 12 727.0
1977 1 516.0
1977 2 952.0
1977 3 1408.0
1977 4 1171.0
1977 5 925.0
1977 6 1498.0
1977 7 1028.0
1977 8 1290.0
1977 9 1057.0
1977 10 1346.0
1977 11 793.0
1977 12 1026.0
1978 1 1102.0
1978 2 1202.0
1978 3 1593.0
1978 4 1971.0
1978 5 1362.0
1978 6 1090.0
1978 7 649.0
1978 8 900.0
1978 9 881.0
1978 10 837.0
1978 11 863.0
1978 12 943.0
1979 1 415.0
1979 2 514.0
1979 3 877.0
1979 4 858.0
1979 5 1176.0
1979 6 1174.0
1979 7 1099.0
1979 8 1531.0
1979 9 744.0
1979 10 685.0
1979 11 657.0
1979 12 559.0
1980 1 548.0
1980 2 468.0
1980 3 475.0
1980 4 466.0
1980 5 174.0
1980 6 350.0
1980 7 363.0
1980 8 536.0
1980 9 291.0
1980 10 985.0
1980 11 818.0
1980 12 309.0
1981 1 194.0
1981 2 227.0
1981 3 208.0
1981 4 581.0
1981 5 296.0
1981 6 314.0
1981 7 1120.0
1981 8 433.0
1981 9 844.0
1981 10 118.0
1981 11 66.0
1981 12 129.0
1982 1 79.0
1982 2 97.0
1982 3 181.0
1982 4 290.0
1982 5 150.0
1982 6 265.0
1982 7 382.0
1982 8 79.0
1982 9 285.0
1982 10 102.0
1982 11 55.0
1982 12 164.0
1983 1 101.0
1983 2 32.0
1983 3 246.0
1983 4 270.0
1983 5 234.0
1983 6 136.0
1983 7 192.0
1983 8 163.0
1983 9 242.0
1983 10 41.0
1983 11 146.0
1983 12 31.0
1984 1 72.0
1984 2 165.0
1984 3 191.0
1984 4 136.0
1984 5 188.0
1984 6 106.0
1984 7 203.0
1984 8 256.0
1984 9 188.0
1984 10 276.0
1984 11 115.0
1984 12 212.0
1985 1 571.0
1985 2 145.0
1985 3 97.0
1985 4 423.0
1985 5 251.0
1985 6 520.0
1985 7 453.0
1985 8 330.0
1985 9 1367.0
1985 10 203.0
1985 11 282.0
1985 12 135.0
1986 1 34.0
1986 2 271.0
1986 3 653.0
1986 4 269.0
1986 5 491.0
1986 6 388.0
1986 7 140.0
1986 8 319.0
1986 9 235.0
1986 10 359.0
1986 11 94.0
1986 12 401.0
1987 1 118.0
1987 2 251.0
1987 3 294.0
1987 4 293.0
1987 5 64.0
1987 6 572.0
1987 7 224.0
1987 8 515.0
1987 9 445.0
1987 10 338.0
1987 11 479.0
1987 12 649.0
1988 1 128.0
1988 2 132.0
1988 3 310.0
1988 4 261.0
1988 5 282.0
1988 6 698.0
1988 7 268.0
1988 8 655.0
1988 9 955.0
1988 10 296.0
1988 11 268.0
1988 12 773.0
1989 1 862.0
1989 2 826.0
1989 3 398.0
1989 4 238.0
1989 5 1708.0
1989 6 2079.0
1989 7 535.0
1989 8 800.0
1989 9 1412.0
1989 10 781.0
1989 11 924.0
1989 12 744.0
1990 1 1068.0
1990 2 213.0
1990 3 846.0
1990 4 673.0
1990 5 473.0
1990 6 1530.0
1990 7 1029.0
1990 8 1152.0
1990 9 400.0
1990 10 329.0
1990 11 341.0
1990 12 391.0
1991 1 146.0
1991 2 247.0
1991 3 304.0
1991 4 362.0
1991 5 406.0
1991 6 598.0
1991 7 213.0
1991 8 412.0
1991 9 165.0
1991 10 679.0
1991 11 144.0
1991 12 829.0
1992 1 317.0
1992 2 265.0
1992 3 298.0
1992 4 175.0
1992 5 408.0
1992 6 263.0
1992 7 239.0
1992 8 426.0
1992 9 281.0
1992 10 256.0
1992 11 239.0
1992 12 329.0
1993 1 228.0
1993 2 371.0
1993 3 162.0
1993 4 258.0
1993 5 356.0
1993 6 362.0
1993 7 372.0
1993 8 729.0
1993 9 464.0
1993 10 522.0
1993 11 355.0
1993 12 372.0
1994 1 582.0
1994 2 444.0
1994 3 218.0
1994 4 677.0
1994 5 839.0
1994 6 599.0
1994 7 600.0
1994 8 509.0
1994 9 1868.0
1994 10 1133.0
1994 11 484.0
1994 12 393.0
1995 1 252.0
1995 2 826.0
1995 3 341.0
1995 4 691.0
1995 5 685.0
1995 6 2205.0
1995 7 1044.0
1995 8 678.0
1995 9 1482.0
1995 10 948.0
1995 11 593.0
1995 12 1261.0
1996 1 762.0
1996 2 693.0
1996 3 725.0
1996 4 617.0
1996 5 637.0
1996 6 1122.0
1996 7 1427.0
1996 8 996.0
1996 9 1429.0
1996 10 924.0
1996 11 553.0
1996 12 559.0
1997 1 617.0
1997 2 758.0
1997 3 1581.0
1997 4 536.0
1997 5 538.0
1997 6 836.0
1997 7 631.0
1997 8 669.0
1997 9 1543.0
1997 10 1759.0
1997 11 871.0
1997 12 1159.0
1998 1 523.0
1998 2 921.0
1998 3 536.0
1998 4 867.0
1998 5 769.0
1998 6 531.0
1998 7 1306.0
1998 8 847.0
1998 9 854.0
1998 10 346.0
1998 11 799.0
1998 12 597.0
1999 1 459.0
1999 2 415.0
1999 3 832.0
1999 4 392.0
1999 5 667.0
1999 6 655.0
1999 7 666.0
1999 8 587.0
1999 9 248.0
1999 10 514.0
1999 11 216.0
1999 12 175.0
2000 1 252.0
2000 2 521.0
2000 3 252.0
2000 4 460.0
2000 5 235.0
2000 6 336.0
2000 7 210.0
2000 8 302.0
2000 9 386.0
2000 10 270.0
2000 11 544.0
2000 12 337.0
2001 1 371.0
2001 2 415.0
2001 3 243.0
2001 4 195.0
2001 5 263.0
2001 6 217.0
2001 7 124.0
2001 8 705.0
2001 9 944.0
2001 10 565.0
2001 11 352.0
2001 12 184.0
2002 1 351.0
2002 2 403.0
2002 3 317.0
2002 4 616.0
2002 5 570.0
2002 6 300.0
2002 7 465.0
2002 8 236.0
2002 9 592.0
2002 10 282.0
2002 11 415.0
2002 12 252.0
2003 1 1140.0
2003 2 235.0
2003 3 320.0
2003 4 617.0
2003 5 1004.0
2003 6 422.0
2003 7 429.0
2003 8 367.0
2003 9 873.0
2003 10 619.0
2003 11 217.0
2003 12 558.0
2004 1 362.0
2004 2 242.0
2004 3 322.0
2004 4 538.0
2004 5 781.0
2004 6 594.0
2004 7 1159.0
2004 8 844.0
2004 9 306.0
2004 10 792.0
2004 11 187.0
2004 12 512.0
2005 1 443.0
2005 2 426.0
2005 3 884.0
2005 4 551.0
2005 5 491.0
2005 6 441.0
2005 7 592.0
2005 8 542.0
2005 9 687.0
2005 10 697.0
2005 11 499.0
2005 12 723.0
2006 1 510.0
2006 2 423.0
2006 3 398.0
2006 4 822.0
2006 5 942.0
2006 6 815.0
2006 7 317.0
2006 8 421.0
2006 9 463.0
2006 10 490.0
2006 11 606.0
2006 12 181.0
2007 1 748.0
2007 2 1029.0
2007 3 531.0
2007 4 294.0
2007 5 539.0
2007 6 304.0
2007 7 312.0
2007 8 479.0
2007 9 613.0
2007 10 214.0
2007 11 241.0
2007 12 513.0
2008 1 38.0
2008 2 727.0
2008 3 440.0
2008 4 152.0
2008 5 453.0
2008 6 427.0
2008 7 629.0
2008 8 526.0
2008 9 293.0
2008 10 293.0
2008 11 214.0
2008 12 209.0
2009 1 708.0
2009 2 135.0
2009 3 54.0
2009 4 153.0
2009 5 170.0
2009 6 35.0
2009 7 151.0
2009 8 13.0
2009 9 4.0
2009 10 200.0
2009 11 142.0
2009 12 272.0
2010 1 78.0
2010 2 34.0
2010 3 61.0
2010 4 155.0
2010 5 62.0
2010 6 399.0
2010 7 42.0
2010 8 350.0
2010 9 63.0
2010 10 81.0
2010 11 75.0
2010 12 377.0
2011 1 26.0
2011 2 151.0
2011 3 449.0
2011 4 325.0
2011 5 93.0
2011 6 178.0
2011 7 364.0
2011 8 24.0
2011 9 310.0
2011 10 397.0
2011 11 168.0
2011 12 308.0
2012 1 246.0
2012 2 162.0
2012 3 185.0
2012 4 404.0
2012 5 532.0
2012 6 199.0
2012 7 478.0
2012 8 537.0
2012 9 574.0
2012 10 421.0
2012 11 253.0
2012 12 418.0
2013 1 441.0
2013 2 690.0
2013 3 378.0
2013 4 718.0
2013 5 289.0
2013 6 346.0
2013 7 754.0
2013 8 427.0
2013 9 189.0
2013 10 496.0
2013 11 301.0
2013 12 475.0
2014 1 584.0
2014 2 193.0
2014 3 353.0
2014 4 781.0
2014 5 1320.0
2014 6 418.0
2014 7 601.0
2014 8 402.0
2014 9 509.0
2014 10 1343.0
2014 11 450.0
2014 12 418.0
2015 1 173.0
2015 2 635.0
2015 3 153.0
2015 4 182.0
2015 5 257.0
2015 6 689.0
2015 7 529.0
2015 8 524.0
2015 9 752.0
2015 10 1056.0
2015 11 663.0
2015 12 758.0
2016 1 558.0
2016 2 349.0
2016 3 900.0
2016 4 560.0
2016 5 906.0
2016 6 273.0
2016 7 1238.0
2016 8 980.0
2016 9 675.0
2016 10 585.0
2016 11 694.0
2016 12 364.0
2017 1 779.0
2017 2 349.0
2017 3 581.0
2017 4 177.0
2017 5 774.0
2017 6 958.0
2017 7 950.0
2017 8 1750.0
2017 9 941.0
2017 10 824.0
2017 11 944.0
2017 12 1038.0
2018 1 1106.0
2018 2 888.0
2018 3 844.0
2018 4 764.0
2018 5 403.0
2018 6 446.0
2018 7 431.0
2018 8 715.0
2018 9 503.0
2018 10 1090.0
2018 11 1075.0
2018 12 831.0
2019 1 466.0
2019 2 1010.0
2019 3 1400.0
2019 4 904.0
2019 5 719.0
2019 6 314.0
2019 7 846.0
2019 8 958.0
2019 9 1084.0
2019 10 1486.0
2019 11 432.0
2019 12 1137.0
2020 1 323.0
2020 2 152.0
2020 3 1263.0
2020 4 1157.0
2020 5 533.0
2020 6 621.0
2020 7 471.0
2020 8 713.0
2020 9 185.0
2020 10 514.0
2020 11 434.0
2020 12 566.0
2021 1 204.0
2021 2 541.0
2021 3 1171.0
2021 4 896.0
2021 5 810.0
2021 6 589.0
2021 7 1088.0
2021 8 615.0
2021 9 540.0
2021 10 701.0
2021 11 875.0
2021 12 848.0
2022 1 453.0
2022 2 990.0
2022 3 560.0
2022 4 766.0
2022 5 415.0
2022 6 898.0
2022 7 1295.0
2022 8 621.0
2022 9 1552.0
2022 10 417.0
2022 11 280.0
2022 12 1216.0
2023 1 854.0
2023 2 887.0
2023 3 536.0
2023 4 1030.0
2023 5 651.0
2023 6 544.0
2023 7 652.0
2023 8 683.0
2023 9 344.0
2023 10 461.0
2023 11 544.0
2023 12 262.0
2024 1 144.0
2024 2 106.0
2024 3 418.0
2024 4 262.0
2024 5 383.0
2024 6 927.0
2024 7 448.0
2024 8 232.0
