1960 5 288.0
1960 6 163.0
1960 7 342.0
1960 8 137.0
1960 9 344.0
1960 10 504.0
1960 11 462.0
1960 12 657.0
1961 1 239.0
1961 2 753.0
1961 3 489.0
1961 4 905.0
1961 5 1241.0
1961 6 231.0
1961 7 579.0
1961 8 666.0
1961 9 994.0
1961 10 1015.0
1961 11 488.0
1961 12 64.0
1962 1 361.0
1962 2 204.0
1962 3 868.0
1962 4 1259.0
1962 5 1461.0
1962 6 2549.0
1962 7 812.0
1962 8 946.0
1962 9 1288.0
1962 10 680.0
1962 11 677.0
1962 12 352.0
1963 1 553.0
1963 2 370.0
1963 3 456.0
1963 4 1199.0
1963 5 668.0
1963 6 658.0
1963 7 997.0
1963 8 805.0
1963 9 853.0
1963 10 751.0
1963 11 943.0
1963 12 528.0
1964 1 602.0
1964 2 362.0
1964 3 1590.0
1964 4 1061.0
1964 5 1464.0
1964 6 805.0
1964 7 885.0
1964 8 706.0
1964 9 627.0
1964 10 1191.0
1964 11 786.0
1964 12 2307.0
1965 1 1019.0
1965 2 624.0
1965 3 1362.0
1965 4 1309.0
1965 5 1398.0
1965 6 750.0
1965 7 1397.0
1965 8 918.0
1965 9 1184.0
1965 10 1079.0
1965 11 1377.0
1965 12 1904.0
1966 1 929.0
1966 2 480.0
1966 3 1415.0
1966 4 1204.0
1966 5 1635.0
1966 6 1066.0
1966 7 2046.0
1966 8 1233.0
1966 9 879.0
1966 10 610.0
1966 11 359.0
1966 12 969.0
1967 1 287.0
1967 2 824.0
1967 3 1149.0
1967 4 1433.0
1967 5 1443.0
1967 6 1200.0
1967 7 1021.0
1967 8 1799.0
1967 9 1301.0
1967 10 1640.0
1967 11 980.0
1967 12 1395.0
1968 1 305.0
1968 2 540.0
1968 3 936.0
1968 4 1480.0
1968 5 1774.0
1968 6 1272.0
1968 7 2998.0
1968 8 2169.0
1968 9 1282.0
1968 10 1425.0
1968 11 1455.0
1968 12 1282.0
1969 1 1448.0
1969 2 1338.0
1969 3 1427.0
1969 4 3172.0
1969 5 3300.0
1969 6 1983.0
1969 7 1268.0
1969 8 968.0
1969 9 1652.0
1969 10 1564.0
1969 11 833.0
1969 12 873.0
1970 1 423.0
1970 2 780.0
1970 3 886.0
1970 4 1248.0
1970 5 1374.0
1970 6 2250.0
1970 7 3320.0
1970 8 1135.0
1970 9 1885.0
1970 10 1372.0
1970 11 2099.0
1970 12 1183.0
1971 1 2053.0
1971 2 1783.0
1971 3 1560.0
1971 4 3074.0
1971 5 3076.0
1971 6 2128.0
1971 7 1056.0
1971 8 1560.0
1971 9 981.0
1971 10 2497.0
1971 11 2181.0
1971 12 957.0
1972 1 1796.0
1972 2 2037.0
1972 3 1496.0
1972 4 1914.0
1972 5 2595.0
1972 6 1684.0
1972 7 2131.0
1972 8 2822.0
1972 9 1908.0
1972 10 1962.0
1972 11 2055.0
1972 12 2479.0
1973 1 933.0
1973 2 2217.0
1973 3 2419.0
1973 4 1201.0
1973 5 951.0
1973 6 2418.0
1973 7 1795.0
1973 8 1724.0
1973 9 924.0
1973 10 868.0
1973 11 1737.0
1973 12 532.0
1974 1 1036.0
1974 2 271.0
1974 3 935.0
1974 4 1288.0
1974 5 1299.0
1974 6 696.0
1974 7 536.0
1974 8 466.0
1974 9 904.0
1974 10 1906.0
1974 11 3038.0
1974 12 538.0
1975 1 68.0
1975 2 113.0
1975 3 632.0
1975 4 933.0
1975 5 138.0
1975 6 525.0
1975 7 718.0
1975 8 695.0
1975 9 595.0
1975 10 864.0
1975 11 1353.0
1975 12 198.0
1976 1 1076.0
1976 2 104.0
1976 3 540.0
1976 4 573.0
1976 5 643.0
1976 6 405.0
1976 7 529.0
1976 8 1224.0
1976 9 729.0
1976 10 2273.0
1976 11 1609.0
1976 12 900.0
1977 1 1914.0
1977 2 253.0
1977 3 596.0
1977 4 783.0
1977 5 911.0
1977 6 1944.0
1977 7 257.0
1977 8 1151.0
1977 9 1055.0
1977 10 342.0
1977 11 1108.0
1977 12 469.0
1978 1 597.0
1978 2 659.0
1978 3 1628.0
1978 4 462.0
1978 5 868.0
1978 6 731.0
1978 7 1767.0
1978 8 1485.0
1978 9 723.0
1978 10 754.0
1978 11 636.0
1978 12 261.0
1979 1 600.0
1979 2 190.0
1979 3 505.0
1979 4 158.0
1979 5 466.0
1979 6 781.0
1979 7 1090.0
1979 8 614.0
1979 9 2334.0
1979 10 436.0
1979 11 774.0
1979 12 1384.0
1980 1 175.0
1980 2 355.0
1980 3 980.0
1980 4 415.0
1980 5 184.0
1980 6 726.0
1980 7 385.0
1980 8 221.0
1980 9 816.0
1980 10 541.0
1980 11 348.0
1980 12 347.0
1981 1 498.0
1981 2 93.0
1981 3 922.0
1981 4 201.0
1981 5 193.0
1981 6 94.0
1981 7 284.0
1981 8 233.0
1981 9 822.0
1981 10 989.0
1981 11 735.0
1981 12 597.0
1982 1 178.0
1982 2 39.0
1982 3 237.0
1982 4 527.0
1982 5 298.0
1982 6 468.0
1982 7 646.0
1982 8 492.0
1982 9 571.0
1982 10 379.0
1982 11 568.0
1982 12 374.0
1983 1 386.0
1983 2 304.0
1983 3 716.0
1983 4 1236.0
1983 5 329.0
1983 6 531.0
1983 7 425.0
1983 8 785.0
1983 9 536.0
1983 10 444.0
1983 11 503.0
1983 12 375.0
1984 1 291.0
1984 2 352.0
1984 3 242.0
1984 4 285.0
1984 5 439.0
1984 6 485.0
1984 7 565.0
1984 8 469.0
1984 9 745.0
1984 10 781.0
1984 11 374.0
1984 12 393.0
1985 1 256.0
1985 2 181.0
1985 3 472.0
1985 4 633.0
1985 5 955.0
1985 6 485.0
1985 7 270.0
1985 8 779.0
1985 9 611.0
1985 10 565.0
1985 11 177.0
1985 12 347.0
1986 1 294.0
1986 2 100.0
1986 3 281.0
1986 4 733.0
1986 5 416.0
1986 6 317.0
1986 7 1105.0
1986 8 886.0
1986 9 1151.0
1986 10 632.0
1986 11 236.0
1986 12 387.0
1987 1 570.0
1987 2 415.0
1987 3 709.0
1987 4 429.0
1987 5 551.0
1987 6 440.0
1987 7 765.0
1987 8 380.0
1987 9 434.0
1987 10 551.0
1987 11 544.0
1987 12 781.0
1988 1 321.0
1988 2 578.0
1988 3 620.0
1988 4 1446.0
1988 5 315.0
1988 6 743.0
1988 7 263.0
1988 8 321.0
1988 9 427.0
1988 10 592.0
1988 11 275.0
1988 12 576.0
1989 1 281.0
1989 2 345.0
1989 3 417.0
1989 4 394.0
1989 5 627.0
1989 6 835.0
1989 7 446.0
1989 8 593.0
1989 9 742.0
1989 10 465.0
1989 11 545.0
1989 12 302.0
1990 1 577.0
1990 2 343.0
1990 3 293.0
1990 4 317.0
1990 5 432.0
1990 6 321.0
1990 7 186.0
1990 8 187.0
1990 9 252.0
1990 10 376.0
1990 11 429.0
1990 12 242.0
1991 1 442.0
1991 2 354.0
1991 3 768.0
1991 4 288.0
1991 5 233.0
1991 6 260.0
1991 7 586.0
1991 8 436.0
1991 9 208.0
1991 10 345.0
1991 11 195.0
1991 12 448.0
1992 1 98.0
1992 2 80.0
1992 3 272.0
1992 4 193.0
1992 5 148.0
1992 6 225.0
1992 7 377.0
1992 8 323.0
1992 9 357.0
1992 10 80.0
1992 11 112.0
1992 12 144.0
1993 1 66.0
1993 2 68.0
1993 3 249.0
1993 4 150.0
1993 5 321.0
1993 6 306.0
1993 7 190.0
1993 8 397.0
1993 9 127.0
1993 10 350.0
1993 11 329.0
1993 12 524.0
1994 1 124.0
1994 2 76.0
1994 3 135.0
1994 4 119.0
1994 5 140.0
1994 6 248.0
1994 7 359.0
1994 8 142.0
1994 9 105.0
1994 10 142.0
1994 11 103.0
1994 12 530.0
1995 1 122.0
1995 2 220.0
1995 3 138.0
1995 4 242.0
1995 5 99.0
1995 6 420.0
1995 7 261.0
1995 8 185.0
1995 9 146.0
1995 10 451.0
1995 11 243.0
1995 12 152.0
1996 1 144.0
1996 2 149.0
1996 3 299.0
1996 4 240.0
1996 5 495.0
1996 6 240.0
1996 7 292.0
1996 8 443.0
1996 9 516.0
1996 10 901.0
1996 11 528.0
1996 12 359.0
1997 1 201.0
1997 2 738.0
1997 3 524.0
1997 4 323.0
1997 5 504.0
1997 6 577.0
1997 7 172.0
1997 8 690.0
1997 9 303.0
1997 10 379.0
1997 11 468.0
1997 12 180.0
1998 1 532.0
1998 2 162.0
1998 3 242.0
1998 4 386.0
1998 5 202.0
1998 6 559.0
1998 7 377.0
1998 8 160.0
1998 9 617.0
1998 10 555.0
1998 11 879.0
1998 12 765.0
1999 1 217.0
1999 2 160.0
1999 3 426.0
1999 4 386.0
1999 5 191.0
1999 6 1252.0
1999 7 188.0
1999 8 302.0
1999 9 275.0
1999 10 424.0
1999 11 569.0
1999 12 218.0
2000 1 409.0
2000 2 472.0
2000 3 491.0
2000 4 144.0
2000 5 512.0
2000 6 907.0
2000 7 319.0
2000 8 466.0
2000 9 454.0
2000 10 414.0
2000 11 342.0
2000 12 224.0
2001 1 113.0
2001 2 122.0
2001 3 522.0
2001 4 972.0
2001 5 194.0
2001 6 842.0
2001 7 338.0
2001 8 235.0
2001 9 282.0
2001 10 1058.0
2001 11 163.0
2001 12 169.0
2002 1 346.0
2002 2 393.0
2002 3 216.0
2002 4 365.0
2002 5 267.0
2002 6 268.0
2002 7 431.0
2002 8 565.0
2002 9 334.0
2002 10 768.0
2002 11 312.0
2002 12 143.0
2003 1 242.0
2003 2 968.0
2003 3 188.0
2003 4 378.0
2003 5 378.0
2003 6 311.0
2003 7 334.0
2003 8 572.0
2003 9 210.0
2003 10 885.0
2003 11 869.0
2003 12 773.0
2004 1 197.0
2004 2 276.0
2004 3 1898.0
2004 4 306.0
2004 5 345.0
2004 6 480.0
2004 7 795.0
2004 8 396.0
2004 9 1090.0
2004 10 245.0
2004 11 257.0
2004 12 464.0
2005 1 187.0
2005 2 785.0
2005 3 614.0
2005 4 465.0
2005 5 333.0
2005 6 524.0
2005 7 614.0
2005 8 321.0
2005 9 283.0
2005 10 583.0
2005 11 797.0
2005 12 457.0
2006 1 430.0
2006 2 401.0
2006 3 709.0
2006 4 468.0
2006 5 188.0
2006 6 551.0
2006 7 496.0
2006 8 205.0
2006 9 145.0
2006 10 297.0
2006 11 111.0
2006 12 487.0
2007 1 465.0
2007 2 219.0
2007 3 659.0
2007 4 290.0
2007 5 189.0
2007 6 413.0
2007 7 199.0
2007 8 1101.0
2007 9 349.0
2007 10 306.0
2007 11 139.0
2007 12 194.0
2008 1 341.0
2008 2 148.0
2008 3 302.0
2008 4 389.0
2008 5 410.0
2008 6 715.0
2008 7 221.0
2008 8 112.0
2008 9 211.0
2008 10 423.0
2008 11 213.0
2008 12 172.0
2009 1 106.0
2009 2 237.0
2009 3 238.0
2009 4 178.0
2009 5 38.0
2009 6 46.0
2009 7 59.0
2009 8 284.0
2009 9 289.0
2009 10 310.0
2009 11 86.0
2009 12 935.0
2010 1 198.0
2010 2 76.0
2010 3 148.0
2010 4 114.0
2010 5 268.0
2010 6 204.0
2010 7 111.0
2010 8 498.0
2010 9 643.0
2010 10 645.0
2010 11 111.0
2010 12 64.0
2011 1 26.0
2011 2 152.0
2011 3 147.0
2011 4 146.0
2011 5 600.0
2011 6 314.0
2011 7 109.0
2011 8 223.0
2011 9 399.0
2011 10 256.0
2011 11 411.0
2011 12 197.0
2012 1 610.0
2012 2 75.0
2012 3 208.0
2012 4 348.0
2012 5 90.0
2012 6 839.0
2012 7 608.0
2012 8 272.0
2012 9 348.0
2012 10 143.0
2012 11 114.0
2012 12 614.0
2013 1 350.0
2013 2 109.0
2013 3 583.0
2013 4 266.0
2013 5 379.0
2013 6 501.0
2013 7 832.0
2013 8 190.0
2013 9 314.0
2013 10 546.0
2013 11 371.0
2013 12 243.0
2014 1 566.0
2014 2 71.0
2014 3 518.0
2014 4 919.0
2014 5 376.0
2014 6 857.0
2014 7 592.0
2014 8 349.0
2014 9 982.0
2014 10 517.0
2014 11 603.0
2014 12 330.0
2015 1 102.0
2015 2 713.0
2015 3 138.0
2015 4 1535.0
2015 5 598.0
2015 6 999.0
2015 7 421.0
2015 8 302.0
2015 9 753.0
2015 10 710.0
2015 11 497.0
2015 12 816.0
2016 1 309.0
2016 2 399.0
2016 3 337.0
2016 4 152.0
2016 5 471.0
2016 6 537.0
2016 7 242.0
2016 8 344.0
2016 9 816.0
2016 10 597.0
2016 11 489.0
2016 12 266.0
2017 1 333.0
2017 2 392.0
2017 3 1061.0
2017 4 367.0
2017 5 680.0
2017 6 438.0
2017 7 295.0
2017 8 85.0
2017 9 348.0
2017 10 362.0
2017 11 429.0
2017 12 653.0
2018 1 254.0
2018 2 187.0
2018 3 518.0
2018 4 595.0
2018 5 612.0
2018 6 386.0
2018 7 1058.0
2018 8 342.0
2018 9 166.0
2018 10 596.0
2018 11 260.0
2018 12 195.0
2019 1 267.0
2019 2 697.0
2019 3 317.0
2019 4 516.0
2019 5 263.0
2019 6 872.0
2019 7 482.0
2019 8 883.0
2019 9 409.0
2019 10 263.0
2019 11 261.0
2019 12 1138.0
2020 1 786.0
2020 2 630.0
2020 3 342.0
2020 4 90.0
2020 5 387.0
2020 6 339.0
2020 7 882.0
2020 8 257.0
2020 9 384.0
2020 10 294.0
2020 11 660.0
2020 12 728.0
2021 1 1901.0
2021 2 1495.0
2021 3 1770.0
2021 4 593.0
2021 5 903.0
2021 6 622.0
2021 7 572.0
2021 8 728.0
2021 9 518.0
2021 10 413.0
2021 11 561.0
2021 12 10470.0
2022 1 373.0
2022 2 461.0
2022 3 940.0
2022 4 579.0
2022 5 449.0
2022 6 643.0
2022 7 534.0
2022 8 416.0
2022 9 409.0
2022 10 763.0
2022 11 1044.0
2022 12 839.0
2023 1 238.0
2023 2 342.0
2023 3 799.0
2023 4 556.0
2023 5 716.0
2023 6 645.0
2023 7 420.0
2023 8 336.0
2023 9 882.0
2023 10 1510.0
2023 11 553.0
2023 12 308.0
2024 1 361.0
2024 2 651.0
2024 3 894.0
2024 4 517.0
2024 5 673.0
2024 6 612.0
2024 7 481.0
2024 8 582.0
