1960 5 2348.0
1960 6 2237.0
1960 7 1989.0
1960 8 1794.0
1960 9 1678.0
1960 10 1538.0
1960 11 1527.0
1960 12 751.0
1961 1 729.0
1961 2 653.0
1961 3 1502.0
1961 4 1634.0
1961 5 1980.0
1961 6 2000.0
1961 7 1835.0
1961 8 1692.0
1961 9 1548.0
1961 10 1643.0
1961 11 1335.0
1961 12 848.0
1962 1 661.0
1962 2 537.0
1962 3 1901.0
1962 4 2005.0
1962 5 1851.0
1962 6 1576.0
1962 7 1657.0
1962 8 1595.0
1962 9 1509.0
1962 10 1577.0
1962 11 910.0
1962 12 640.0
1963 1 596.0
1963 2 492.0
1963 3 1355.0
1963 4 1871.0
1963 5 1659.0
1963 6 1664.0
1963 7 1591.0
1963 8 1367.0
1963 9 1171.0
1963 10 1282.0
1963 11 966.0
1963 12 514.0
1964 1 426.0
1964 2 926.0
1964 3 1443.0
1964 4 1540.0
1964 5 1712.0
1964 6 1465.0
1964 7 1305.0
1964 8 1347.0
1964 9 1255.0
1964 10 1172.0
1964 11 896.0
1964 12 798.0
1965 1 472.0
1965 2 798.0
1965 3 1504.0
1965 4 1807.0
1965 5 1491.0
1965 6 1529.0
1965 7 1332.0
1965 8 1539.0
1965 9 1217.0
1965 10 1375.0
1965 11 1250.0
1965 12 883.0
1966 1 730.0
1966 2 609.0
1966 3 1586.0
1966 4 1716.0
1966 5 1214.0
1966 6 1318.0
1966 7 1154.0
1966 8 1024.0
1966 9 1004.0
1966 10 816.0
1966 11 684.0
1966 12 572.0
1967 1 531.0
1967 2 591.0
1967 3 1173.0
1967 4 1272.0
1967 5 1279.0
1967 6 1784.0
1967 7 1126.0
1967 8 1173.0
1967 9 1203.0
1967 10 1481.0
1967 11 247.0
1967 12 712.0
1968 1 530.0
1968 2 694.0
1968 3 1139.0
1968 4 1454.0
1968 5 2707.0
1968 6 2392.0
1968 7 2547.0
1968 8 2154.0
1968 9 2240.0
1968 10 2087.0
1968 11 1609.0
1968 12 997.0
1969 1 1035.0
1969 2 1391.0
1969 3 2127.0
1969 4 2424.0
1969 5 2248.0
1969 6 2123.0
1969 7 2044.0
1969 8 2063.0
1969 9 1670.0
1969 10 1804.0
1969 11 1185.0
1969 12 953.0
1970 1 655.0
1970 2 762.0
1970 3 1664.0
1970 4 1852.0
1970 5 2085.0
1970 6 2032.0
1970 7 2071.0
1970 8 2021.0
1970 9 1791.0
1970 10 2159.0
1970 11 1607.0
1970 12 1671.0
1971 1 949.0
1971 2 1391.0
1971 3 2105.0
1971 4 2381.0
1971 5 3585.0
1971 6 2759.0
1971 7 2856.0
1971 8 3163.0
1971 9 2037.0
1971 10 2374.0
1971 11 1761.0
1971 12 1485.0
1972 1 1278.0
1972 2 1634.0
1972 3 2892.0
1972 4 2982.0
1972 5 2992.0
1972 6 2678.0
1972 7 2439.0
1972 8 2979.0
1972 9 2293.0
1972 10 2898.0
1972 11 2695.0
1972 12 1777.0
1973 1 2260.0
1973 2 2055.0
1973 3 3149.0
1973 4 3866.0
1973 5 3519.0
1973 6 3593.0
1973 7 2892.0
1973 8 2472.0
1973 9 1989.0
1973 10 2617.0
1973 11 1644.0
1973 12 1395.0
1974 1 1490.0
1974 2 1365.0
1974 3 2712.0
1974 4 2557.0
1974 5 2912.0
1974 6 2560.0
1974 7 2362.0
1974 8 2259.0
1974 9 1702.0
1974 10 1879.0
1974 11 1607.0
1974 12 875.0
1975 1 858.0
1975 2 1372.0
1975 3 1666.0
1975 4 2565.0
1975 5 2945.0
1975 6 2854.0
1975 7 2229.0
1975 8 2387.0
1975 9 2383.0
1975 10 2726.0
1975 11 1925.0
1975 12 1639.0
1976 1 1193.0
1976 2 1457.0
1976 3 2981.0
1976 4 3293.0
1976 5 3039.0
1976 6 3334.0
1976 7 3089.0
1976 8 2929.0
1976 9 2944.0
1976 10 2555.0
1976 11 2443.0
1976 12 1479.0
1977 1 894.0
1977 2 1536.0
1977 3 4142.0
1977 4 4227.0
1977 5 3713.0
1977 6 4190.0
1977 7 3222.0
1977 8 3658.0
1977 9 3761.0
1977 10 3461.0
1977 11 2676.0
1977 12 1519.0
1978 1 1110.0
1978 2 1208.0
1978 3 2611.0
1978 4 4192.0
1978 5 4279.0
1978 6 3627.0
1978 7 3384.0
1978 8 3501.0
1978 9 3108.0
1978 10 3187.0
1978 11 2895.0
1978 12 2034.0
1979 1 1293.0
1979 2 912.0
1979 3 2937.0
1979 4 3936.0
1979 5 4144.0
1979 6 3413.0
1979 7 3394.0
1979 8 3060.0
1979 9 2707.0
1979 10 2447.0
1979 11 2100.0
1979 12 1049.0
1980 1 829.0
1980 2 831.0
1980 3 2620.0
1980 4 1729.0
1980 5 1603.0
1980 6 1741.0
1980 7 2190.0
1980 8 1926.0
1980 9 2669.0
1980 10 2212.0
1980 11 1624.0
1980 12 1079.0
1981 1 566.0
1981 2 661.0
1981 3 1610.0
1981 4 2378.0
1981 5 2005.0
1981 6 1869.0
1981 7 1740.0
1981 8 1493.0
1981 9 1172.0
1981 10 1328.0
1981 11 834.0
1981 12 526.0
1982 1 325.0
1982 2 387.0
1982 3 1170.0
1982 4 1363.0
1982 5 1485.0
1982 6 1392.0
1982 7 1338.0
1982 8 1288.0
1982 9 1391.0
1982 10 1479.0
1982 11 1289.0
1982 12 1013.0
1983 1 703.0
1983 2 776.0
1983 3 1965.0
1983 4 2285.0
1983 5 2632.0
1983 6 2978.0
1983 7 2876.0
1983 8 2772.0
1983 9 2503.0
1983 10 2296.0
1983 11 1813.0
1983 12 1494.0
1984 1 895.0
1984 2 1519.0
1984 3 2331.0
1984 4 2917.0
1984 5 3404.0
1984 6 2831.0
1984 7 2955.0
1984 8 2716.0
1984 9 2438.0
1984 10 2542.0
1984 11 2039.0
1984 12 1485.0
1985 1 1327.0
1985 2 1334.0
1985 3 3301.0
1985 4 4027.0
1985 5 4282.0
1985 6 3561.0
1985 7 3399.0
1985 8 3439.0
1985 9 3461.0
1985 10 3669.0
1985 11 2660.0
1985 12 2358.0
1986 1 1877.0
1986 2 1621.0
1986 3 3298.0
1986 4 4646.0
1986 5 4912.0
1986 6 4794.0
1986 7 5134.0
1986 8 4243.0
1986 9 4788.0
1986 10 4280.0
1986 11 3342.0
1986 12 2653.0
1987 1 1964.0
1987 2 2356.0
1987 3 4611.0
1987 4 5161.0
1987 5 5176.0
1987 6 5504.0
1987 7 4978.0
1987 8 4598.0
1987 9 4586.0
1987 10 4217.0
1987 11 3439.0
1987 12 3110.0
1988 1 2294.0
1988 2 2382.0
1988 3 5419.0
1988 4 4599.0
1988 5 4800.0
1988 6 5001.0
1988 7 3833.0
1988 8 4494.0
1988 9 3754.0
1988 10 3693.0
1988 11 3388.0
1988 12 2735.0
1989 1 2073.0
1989 2 2291.0
1989 3 3284.0
1989 4 4597.0
1989 5 4121.0
1989 6 3631.0
1989 7 3408.0
1989 8 3629.0
1989 9 3169.0
1989 10 3246.0
1989 11 2534.0
1989 12 2267.0
1990 1 1866.0
1990 2 2067.0
1990 3 3298.0
1990 4 3262.0
1990 5 3350.0
1990 6 3236.0
1990 7 2863.0
1990 8 2643.0
1990 9 1931.0
1990 10 2780.0
1990 11 1920.0
1990 12 1348.0
1991 1 1214.0
1991 2 1383.0
1991 3 2411.0
1991 4 3272.0
1991 5 3172.0
1991 6 3244.0
1991 7 3178.0
1991 8 2876.0
1991 9 2727.0
1991 10 3257.0
1991 11 2408.0
1991 12 1822.0
1992 1 1835.0
1992 2 2030.0
1992 3 3191.0
1992 4 3357.0
1992 5 3806.0
1992 6 3433.0
1992 7 3521.0
1992 8 3045.0
1992 9 2982.0
1992 10 3149.0
1992 11 2843.0
1992 12 2499.0
1993 1 2287.0
1993 2 2071.0
1993 3 2741.0
1993 4 3491.0
1993 5 3486.0
1993 6 4136.0
1993 7 3540.0
1993 8 3550.0
1993 9 3385.0
1993 10 3461.0
1993 11 3020.0
1993 12 2702.0
1994 1 1184.0
1994 2 1654.0
1994 3 2880.0
1994 4 3506.0
1994 5 4552.0
1994 6 4110.0
1994 7 3857.0
1994 8 3522.0
1994 9 3155.0
1994 10 2986.0
1994 11 2837.0
1994 12 2326.0
1995 1 1768.0
1995 2 1450.0
1995 3 2642.0
1995 4 2879.0
1995 5 3356.0
1995 6 2996.0
1995 7 2878.0
1995 8 3157.0
1995 9 2767.0
1995 10 2863.0
1995 11 2335.0
1995 12 1774.0
1996 1 1237.0
1996 2 1515.0
1996 3 2746.0
1996 4 3444.0
1996 5 3598.0
1996 6 3202.0
1996 7 3121.0
1996 8 2948.0
1996 9 2666.0
1996 10 2887.0
1996 11 2199.0
1996 12 1729.0
1997 1 1787.0
1997 2 1751.0
1997 3 2866.0
1997 4 3094.0
1997 5 3091.0
1997 6 2974.0
1997 7 3081.0
1997 8 2584.0
1997 9 2756.0
1997 10 2925.0
1997 11 2186.0
1997 12 2094.0
1998 1 1904.0
1998 2 2037.0
1998 3 2948.0
1998 4 3403.0
1998 5 2919.0
1998 6 3427.0
1998 7 3099.0
1998 8 2961.0
1998 9 3072.0
1998 10 2950.0
1998 11 2719.0
1998 12 2228.0
1999 1 1735.0
1999 2 2286.0
1999 3 3163.0
1999 4 3517.0
1999 5 3583.0
1999 6 3734.0
1999 7 3235.0
1999 8 2972.0
1999 9 2597.0
1999 10 2621.0
1999 11 2587.0
1999 12 2249.0
2000 1 1934.0
2000 2 1878.0
2000 3 3255.0
2000 4 2927.0
2000 5 3560.0
2000 6 3151.0
2000 7 2813.0
2000 8 3067.0
2000 9 2711.0
2000 10 3052.0
2000 11 2461.0
2000 12 1794.0
2001 1 1827.0
2001 2 1903.0
2001 3 2774.0
2001 4 2772.0
2001 5 3431.0
2001 6 3137.0
2001 7 3107.0
2001 8 3193.0
2001 9 2276.0
2001 10 3017.0
2001 11 2333.0
2001 12 2122.0
2002 1 1997.0
2002 2 2442.0
2002 3 2740.0
2002 4 3475.0
2002 5 3599.0
2002 6 3473.0
2002 7 3154.0
2002 8 2969.0
2002 9 3039.0
2002 10 3423.0
2002 11 2573.0
2002 12 2541.0
2003 1 2024.0
2003 2 1735.0
2003 3 2575.0
2003 4 3228.0
2003 5 3226.0
2003 6 3277.0
2003 7 3609.0
2003 8 3210.0
2003 9 3231.0
2003 10 3327.0
2003 11 2502.0
2003 12 2623.0
2004 1 2003.0
2004 2 2163.0
2004 3 4323.0
2004 4 4859.0
2004 5 3716.0
2004 6 4262.0
2004 7 3099.0
2004 8 2835.0
2004 9 2711.0
2004 10 2655.0
2004 11 2595.0
2004 12 2200.0
2005 1 1825.0
2005 2 2053.0
2005 3 2580.0
2005 4 3235.0
2005 5 3524.0
2005 6 4017.0
2005 7 3686.0
2005 8 3756.0
2005 9 3718.0
2005 10 3360.0
2005 11 2991.0
2005 12 2204.0
2006 1 2585.0
2006 2 2285.0
2006 3 3517.0
2006 4 3475.0
2006 5 3373.0
2006 6 3214.0
2006 7 2598.0
2006 8 3094.0
2006 9 2549.0
2006 10 3033.0
2006 11 2040.0
2006 12 1917.0
2007 1 2143.0
2007 2 1498.0
2007 3 2347.0
2007 4 3216.0
2007 5 2975.0
2007 6 3016.0
2007 7 2784.0
2007 8 2839.0
2007 9 2281.0
2007 10 2367.0
2007 11 1666.0
2007 12 1364.0
2008 1 1379.0
2008 2 1511.0
2008 3 1682.0
2008 4 1945.0
2008 5 1932.0
2008 6 1611.0
2008 7 1736.0
2008 8 1777.0
2008 9 1576.0
2008 10 1398.0
2008 11 908.0
2008 12 788.0
2009 1 811.0
2009 2 669.0
2009 3 1081.0
2009 4 1221.0
2009 5 1149.0
2009 6 1467.0
2009 7 1627.0
2009 8 1430.0
2009 9 1438.0
2009 10 1310.0
2009 11 1114.0
2009 12 1367.0
2010 1 1094.0
2010 2 1207.0
2010 3 1480.0
2010 4 1451.0
2010 5 1452.0
2010 6 1702.0
2010 7 1307.0
2010 8 1269.0
2010 9 1522.0
2010 10 1208.0
2010 11 1146.0
2010 12 2831.0
2011 1 1329.0
2011 2 822.0
2011 3 906.0
2011 4 1006.0
2011 5 1062.0
2011 6 1102.0
2011 7 1015.0
2011 8 1121.0
2011 9 1158.0
2011 10 1045.0
2011 11 1069.0
2011 12 845.0
2012 1 739.0
2012 2 1036.0
2012 3 1170.0
2012 4 1350.0
2012 5 1390.0
2012 6 1382.0
2012 7 1248.0
2012 8 1211.0
2012 9 1220.0
2012 10 1349.0
2012 11 1015.0
2012 12 973.0
2013 1 855.0
2013 2 992.0
2013 3 1386.0
2013 4 1689.0
2013 5 1647.0
2013 6 1541.0
2013 7 1645.0
2013 8 1415.0
2013 9 1466.0
2013 10 1363.0
2013 11 1362.0
2013 12 1134.0
2014 1 852.0
2014 2 739.0
2014 3 1238.0
2014 4 1400.0
2014 5 1656.0
2014 6 1302.0
2014 7 1399.0
2014 8 1186.0
2014 9 1227.0
2014 10 1427.0
2014 11 1049.0
2014 12 1027.0
2015 1 806.0
2015 2 620.0
2015 3 936.0
2015 4 1191.0
2015 5 1133.0
2015 6 1369.0
2015 7 1374.0
2015 8 1232.0
2015 9 1176.0
2015 10 1128.0
2015 11 1024.0
2015 12 915.0
2016 1 853.0
2016 2 940.0
2016 3 1181.0
2016 4 1482.0
2016 5 1405.0
2016 6 1753.0
2016 7 1056.0
2016 8 1305.0
2016 9 1331.0
2016 10 1334.0
2016 11 1288.0
2016 12 1079.0
2017 1 896.0
2017 2 890.0
2017 3 1386.0
2017 4 1329.0
2017 5 1726.0
2017 6 1691.0
2017 7 1496.0
2017 8 1484.0
2017 9 1660.0
2017 10 1251.0
2017 11 1198.0
2017 12 1106.0
2018 1 919.0
2018 2 1094.0
2018 3 1366.0
2018 4 1408.0
2018 5 1838.0
2018 6 1589.0
2018 7 1489.0
2018 8 1382.0
2018 9 1437.0
2018 10 2032.0
2018 11 1227.0
2018 12 1223.0
2019 1 976.0
2019 2 896.0
2019 3 1409.0
2019 4 1220.0
2019 5 1391.0
2019 6 1485.0
2019 7 1394.0
2019 8 1238.0
2019 9 1186.0
2019 10 1394.0
2019 11 955.0
2019 12 996.0
2020 1 1283.0
2020 2 1144.0
2020 3 1246.0
2020 4 579.0
2020 5 1465.0
2020 6 1603.0
2020 7 1743.0
2020 8 1478.0
2020 9 1767.0
2020 10 1310.0
2020 11 1507.0
2020 12 1479.0
2021 1 1719.0
2021 2 1868.0
2021 3 2011.0
2021 4 2056.0
2021 5 1602.0
2021 6 1920.0
2021 7 1850.0
2021 8 1736.0
2021 9 1360.0
2021 10 1369.0
2021 11 1532.0
2021 12 2051.0
2022 1 1363.0
2022 2 1268.0
2022 3 1524.0
2022 4 1402.0
2022 5 1564.0
2022 6 1427.0
2022 7 1425.0
2022 8 1379.0
2022 9 1326.0
2022 10 1052.0
2022 11 1059.0
2022 12 1023.0
2023 1 944.0
2023 2 878.0
2023 3 1145.0
2023 4 1291.0
2023 5 1651.0
2023 6 1674.0
2023 7 1337.0
2023 8 1455.0
2023 9 1299.0
2023 10 1347.0
2023 11 1211.0
2023 12 1089.0
2024 1 1260.0
2024 2 1172.0
2024 3 1334.0
2024 4 1504.0
2024 5 1650.0
2024 6 1609.0
2024 7 1462.0
2024 8 1489.0
