1960 5 359.0
1960 6 366.0
1960 7 308.0
1960 8 360.0
1960 9 312.0
1960 10 311.0
1960 11 361.0
1960 12 228.0
1961 1 107.0
1961 2 74.0
1961 3 323.0
1961 4 344.0
1961 5 367.0
1961 6 341.0
1961 7 303.0
1961 8 264.0
1961 9 341.0
1961 10 339.0
1961 11 285.0
1961 12 251.0
1962 1 155.0
1962 2 66.0
1962 3 320.0
1962 4 412.0
1962 5 411.0
1962 6 367.0
1962 7 327.0
1962 8 318.0
1962 9 331.0
1962 10 567.0
1962 11 338.0
1962 12 202.0
1963 1 136.0
1963 2 146.0
1963 3 237.0
1963 4 418.0
1963 5 391.0
1963 6 418.0
1963 7 428.0
1963 8 349.0
1963 9 386.0
1963 10 468.0
1963 11 279.0
1963 12 259.0
1964 1 166.0
1964 2 126.0
1964 3 382.0
1964 4 429.0
1964 5 423.0
1964 6 333.0
1964 7 509.0
1964 8 296.0
1964 9 561.0
1964 10 497.0
1964 11 353.0
1964 12 303.0
1965 1 246.0
1965 2 98.0
1965 3 448.0
1965 4 432.0
1965 5 416.0
1965 6 421.0
1965 7 398.0
1965 8 344.0
1965 9 399.0
1965 10 496.0
1965 11 445.0
1965 12 534.0
1966 1 201.0
1966 2 125.0
1966 3 595.0
1966 4 395.0
1966 5 451.0
1966 6 355.0
1966 7 294.0
1966 8 277.0
1966 9 238.0
1966 10 277.0
1966 11 258.0
1966 12 427.0
1967 1 196.0
1967 2 338.0
1967 3 229.0
1967 4 338.0
1967 5 410.0
1967 6 304.0
1967 7 285.0
1967 8 354.0
1967 9 371.0
1967 10 320.0
1967 11 348.0
1967 12 228.0
1968 1 203.0
1968 2 181.0
1968 3 310.0
1968 4 525.0
1968 5 498.0
1968 6 281.0
1968 7 408.0
1968 8 462.0
1968 9 256.0
1968 10 433.0
1968 11 345.0
1968 12 367.0
1969 1 142.0
1969 2 126.0
1969 3 221.0
1969 4 437.0
1969 5 455.0
1969 6 700.0
1969 7 335.0
1969 8 229.0
1969 9 275.0
1969 10 312.0
1969 11 316.0
1969 12 484.0
1970 1 74.0
1970 2 153.0
1970 3 171.0
1970 4 225.0
1970 5 241.0
1970 6 193.0
1970 7 268.0
1970 8 217.0
1970 9 334.0
1970 10 951.0
1970 11 730.0
1970 12 513.0
1971 1 129.0
1971 2 145.0
1971 3 612.0
1971 4 526.0
1971 5 707.0
1971 6 844.0
1971 7 463.0
1971 8 1085.0
1971 9 799.0
1971 10 694.0
1971 11 615.0
1971 12 671.0
1972 1 383.0
1972 2 456.0
1972 3 1019.0
1972 4 517.0
1972 5 725.0
1972 6 477.0
1972 7 445.0
1972 8 754.0
1972 9 564.0
1972 10 886.0
1972 11 940.0
1972 12 1015.0
1973 1 482.0
1973 2 608.0
1973 3 562.0
1973 4 635.0
1973 5 511.0
1973 6 442.0
1973 7 926.0
1973 8 599.0
1973 9 367.0
1973 10 386.0
1973 11 526.0
1973 12 397.0
1974 1 149.0
1974 2 244.0
1974 3 215.0
1974 4 342.0
1974 5 479.0
1974 6 283.0
1974 7 367.0
1974 8 293.0
1974 9 226.0
1974 10 194.0
1974 11 196.0
1974 12 289.0
1975 1 138.0
1975 2 78.0
1975 3 191.0
1975 4 295.0
1975 5 273.0
1975 6 297.0
1975 7 337.0
1975 8 486.0
1975 9 228.0
1975 10 214.0
1975 11 256.0
1975 12 257.0
1976 1 127.0
1976 2 139.0
1976 3 623.0
1976 4 319.0
1976 5 498.0
1976 6 306.0
1976 7 626.0
1976 8 396.0
1976 9 355.0
1976 10 352.0
1976 11 319.0
1976 12 550.0
1977 1 71.0
1977 2 106.0
1977 3 245.0
1977 4 483.0
1977 5 537.0
1977 6 523.0
1977 7 668.0
1977 8 467.0
1977 9 434.0
1977 10 553.0
1977 11 575.0
1977 12 517.0
1978 1 501.0
1978 2 285.0
1978 3 388.0
1978 4 666.0
1978 5 380.0
1978 6 399.0
1978 7 486.0
1978 8 329.0
1978 9 721.0
1978 10 416.0
1978 11 690.0
1978 12 216.0
1979 1 702.0
1979 2 161.0
1979 3 370.0
1979 4 353.0
1979 5 454.0
1979 6 420.0
1979 7 411.0
1979 8 548.0
1979 9 489.0
1979 10 437.0
1979 11 600.0
1979 12 278.0
1980 1 271.0
1980 2 194.0
1980 3 134.0
1980 4 148.0
1980 5 213.0
1980 6 391.0
1980 7 292.0
1980 8 195.0
1980 9 350.0
1980 10 283.0
1980 11 139.0
1980 12 168.0
1981 1 45.0
1981 2 70.0
1981 3 323.0
1981 4 315.0
1981 5 312.0
1981 6 343.0
1981 7 158.0
1981 8 158.0
1981 9 522.0
1981 10 236.0
1981 11 166.0
1981 12 521.0
1982 1 63.0
1982 2 49.0
1982 3 127.0
1982 4 138.0
1982 5 319.0
1982 6 350.0
1982 7 315.0
1982 8 137.0
1982 9 225.0
1982 10 214.0
1982 11 466.0
1982 12 150.0
1983 1 333.0
1983 2 114.0
1983 3 307.0
1983 4 302.0
1983 5 301.0
1983 6 356.0
1983 7 389.0
1983 8 363.0
1983 9 436.0
1983 10 349.0
1983 11 330.0
1983 12 331.0
1984 1 236.0
1984 2 196.0
1984 3 320.0
1984 4 317.0
1984 5 356.0
1984 6 368.0
1984 7 431.0
1984 8 370.0
1984 9 403.0
1984 10 453.0
1984 11 399.0
1984 12 325.0
1985 1 218.0
1985 2 148.0
1985 3 361.0
1985 4 423.0
1985 5 459.0
1985 6 482.0
1985 7 504.0
1985 8 520.0
1985 9 484.0
1985 10 649.0
1985 11 700.0
1985 12 430.0
1986 1 589.0
1986 2 307.0
1986 3 452.0
1986 4 573.0
1986 5 512.0
1986 6 606.0
1986 7 660.0
1986 8 607.0
1986 9 903.0
1986 10 703.0
1986 11 458.0
1986 12 470.0
1987 1 338.0
1987 2 296.0
1987 3 634.0
1987 4 545.0
1987 5 571.0
1987 6 738.0
1987 7 581.0
1987 8 725.0
1987 9 782.0
1987 10 657.0
1987 11 471.0
1987 12 363.0
1988 1 293.0
1988 2 522.0
1988 3 609.0
1988 4 508.0
1988 5 419.0
1988 6 760.0
1988 7 440.0
1988 8 440.0
1988 9 389.0
1988 10 451.0
1988 11 366.0
1988 12 351.0
1989 1 245.0
1989 2 315.0
1989 3 335.0
1989 4 410.0
1989 5 381.0
1989 6 425.0
1989 7 339.0
1989 8 384.0
1989 9 359.0
1989 10 320.0
1989 11 386.0
1989 12 232.0
1990 1 200.0
1990 2 271.0
1990 3 295.0
1990 4 253.0
1990 5 287.0
1990 6 260.0
1990 7 297.0
1990 8 247.0
1990 9 204.0
1990 10 215.0
1990 11 263.0
1990 12 265.0
1991 1 125.0
1991 2 97.0
1991 3 163.0
1991 4 270.0
1991 5 226.0
1991 6 261.0
1991 7 284.0
1991 8 230.0
1991 9 264.0
1991 10 276.0
1991 11 194.0
1991 12 206.0
1992 1 254.0
1992 2 106.0
1992 3 220.0
1992 4 218.0
1992 5 208.0
1992 6 225.0
1992 7 285.0
1992 8 203.0
1992 9 210.0
1992 10 240.0
1992 11 234.0
1992 12 192.0
1993 1 136.0
1993 2 153.0
1993 3 200.0
1993 4 203.0
1993 5 210.0
1993 6 332.0
1993 7 211.0
1993 8 219.0
1993 9 254.0
1993 10 287.0
1993 11 208.0
1993 12 191.0
1994 1 155.0
1994 2 81.0
1994 3 188.0
1994 4 208.0
1994 5 206.0
1994 6 308.0
1994 7 231.0
1994 8 234.0
1994 9 260.0
1994 10 214.0
1994 11 256.0
1994 12 198.0
1995 1 141.0
1995 2 86.0
1995 3 192.0
1995 4 225.0
1995 5 200.0
1995 6 223.0
1995 7 183.0
1995 8 233.0
1995 9 229.0
1995 10 199.0
1995 11 212.0
1995 12 182.0
1996 1 111.0
1996 2 133.0
1996 3 201.0
1996 4 210.0
1996 5 211.0
1996 6 221.0
1996 7 219.0
1996 8 233.0
1996 9 187.0
1996 10 297.0
1996 11 175.0
1996 12 169.0
1997 1 179.0
1997 2 136.0
1997 3 202.0
1997 4 218.0
1997 5 210.0
1997 6 241.0
1997 7 277.0
1997 8 230.0
1997 9 256.0
1997 10 224.0
1997 11 347.0
1997 12 205.0
1998 1 189.0
1998 2 142.0
1998 3 240.0
1998 4 265.0
1998 5 196.0
1998 6 247.0
1998 7 260.0
1998 8 221.0
1998 9 187.0
1998 10 274.0
1998 11 236.0
1998 12 198.0
1999 1 180.0
1999 2 179.0
1999 3 224.0
1999 4 275.0
1999 5 253.0
1999 6 266.0
1999 7 347.0
1999 8 345.0
1999 9 216.0
1999 10 534.0
1999 11 264.0
1999 12 206.0
2000 1 264.0
2000 2 164.0
2000 3 225.0
2000 4 266.0
2000 5 237.0
2000 6 236.0
2000 7 231.0
2000 8 196.0
2000 9 196.0
2000 10 196.0
2000 11 194.0
2000 12 225.0
2001 1 181.0
2001 2 147.0
2001 3 165.0
2001 4 218.0
2001 5 220.0
2001 6 236.0
2001 7 203.0
2001 8 218.0
2001 9 190.0
2001 10 213.0
2001 11 203.0
2001 12 208.0
2002 1 232.0
2002 2 146.0
2002 3 189.0
2002 4 205.0
2002 5 231.0
2002 6 312.0
2002 7 177.0
2002 8 217.0
2002 9 188.0
2002 10 348.0
2002 11 189.0
2002 12 168.0
2003 1 111.0
2003 2 101.0
2003 3 163.0
2003 4 205.0
2003 5 216.0
2003 6 212.0
2003 7 214.0
2003 8 222.0
2003 9 251.0
2003 10 406.0
2003 11 249.0
2003 12 158.0
2004 1 141.0
2004 2 130.0
2004 3 194.0
2004 4 387.0
2004 5 196.0
2004 6 206.0
2004 7 187.0
2004 8 267.0
2004 9 265.0
2004 10 156.0
2004 11 224.0
2004 12 160.0
2005 1 128.0
2005 2 124.0
2005 3 192.0
2005 4 184.0
2005 5 207.0
2005 6 277.0
2005 7 238.0
2005 8 209.0
2005 9 337.0
2005 10 190.0
2005 11 237.0
2005 12 639.0
2006 1 195.0
2006 2 146.0
2006 3 279.0
2006 4 162.0
2006 5 201.0
2006 6 216.0
2006 7 129.0
2006 8 192.0
2006 9 130.0
2006 10 243.0
2006 11 199.0
2006 12 137.0
2007 1 190.0
2007 2 176.0
2007 3 164.0
2007 4 165.0
2007 5 153.0
2007 6 152.0
2007 7 119.0
2007 8 154.0
2007 9 130.0
2007 10 118.0
2007 11 157.0
2007 12 139.0
2008 1 82.0
2008 2 57.0
2008 3 98.0
2008 4 125.0
2008 5 119.0
2008 6 140.0
2008 7 107.0
2008 8 69.0
2008 9 89.0
2008 10 105.0
2008 11 58.0
2008 12 109.0
2009 1 33.0
2009 2 23.0
2009 3 97.0
2009 4 66.0
2009 5 130.0
2009 6 70.0
2009 7 66.0
2009 8 69.0
2009 9 85.0
2009 10 101.0
2009 11 115.0
2009 12 90.0
2010 1 56.0
2010 2 46.0
2010 3 70.0
2010 4 69.0
2010 5 70.0
2010 6 109.0
2010 7 58.0
2010 8 77.0
2010 9 97.0
2010 10 96.0
2010 11 66.0
2010 12 108.0
2011 1 30.0
2011 2 25.0
2011 3 75.0
2011 4 64.0
2011 5 69.0
2011 6 63.0
2011 7 71.0
2011 8 69.0
2011 9 76.0
2011 10 56.0
2011 11 92.0
2011 12 56.0
2012 1 49.0
2012 2 26.0
2012 3 58.0
2012 4 61.0
2012 5 62.0
2012 6 62.0
2012 7 76.0
2012 8 95.0
2012 9 73.0
2012 10 64.0
2012 11 75.0
2012 12 82.0
2013 1 58.0
2013 2 68.0
2013 3 70.0
2013 4 84.0
2013 5 79.0
2013 6 75.0
2013 7 76.0
2013 8 82.0
2013 9 58.0
2013 10 93.0
2013 11 73.0
2013 12 73.0
2014 1 49.0
2014 2 26.0
2014 3 94.0
2014 4 76.0
2014 5 89.0
2014 6 89.0
2014 7 102.0
2014 8 82.0
2014 9 73.0
2014 10 98.0
2014 11 60.0
2014 12 93.0
2015 1 45.0
2015 2 17.0
2015 3 71.0
2015 4 70.0
2015 5 80.0
2015 6 110.0
2015 7 79.0
2015 8 83.0
2015 9 98.0
2015 10 85.0
2015 11 91.0
2015 12 76.0
2016 1 58.0
2016 2 49.0
2016 3 94.0
2016 4 74.0
2016 5 113.0
2016 6 83.0
2016 7 71.0
2016 8 112.0
2016 9 91.0
2016 10 99.0
2016 11 96.0
2016 12 109.0
2017 1 84.0
2017 2 63.0
2017 3 105.0
2017 4 65.0
2017 5 113.0
2017 6 109.0
2017 7 106.0
2017 8 164.0
2017 9 94.0
2017 10 99.0
2017 11 82.0
2017 12 79.0
2018 1 59.0
2018 2 89.0
2018 3 118.0
2018 4 93.0
2018 5 152.0
2018 6 88.0
2018 7 99.0
2018 8 187.0
2018 9 72.0
2018 10 91.0
2018 11 80.0
2018 12 64.0
2019 1 67.0
2019 2 70.0
2019 3 66.0
2019 4 86.0
2019 5 107.0
2019 6 102.0
2019 7 113.0
2019 8 84.0
2019 9 137.0
2019 10 102.0
2019 11 91.0
2019 12 113.0
2020 1 91.0
2020 2 89.0
2020 3 97.0
2020 4 74.0
2020 5 98.0
2020 6 151.0
2020 7 89.0
2020 8 122.0
2020 9 136.0
2020 10 115.0
2020 11 117.0
2020 12 119.0
2021 1 103.0
2021 2 96.0
2021 3 131.0
2021 4 152.0
2021 5 120.0
2021 6 182.0
2021 7 104.0
2021 8 141.0
2021 9 87.0
2021 10 114.0
2021 11 131.0
2021 12 137.0
2022 1 98.0
2022 2 88.0
2022 3 84.0
2022 4 121.0
2022 5 128.0
2022 6 100.0
2022 7 92.0
2022 8 123.0
2022 9 136.0
2022 10 84.0
2022 11 66.0
2022 12 85.0
2023 1 79.0
2023 2 87.0
2023 3 101.0
2023 4 88.0
2023 5 131.0
2023 6 140.0
2023 7 82.0
2023 8 73.0
2023 9 71.0
2023 10 80.0
2023 11 76.0
2023 12 54.0
2024 1 92.0
2024 2 115.0
2024 3 100.0
2024 4 82.0
2024 5 97.0
2024 6 92.0
2024 7 151.0
2024 8 94.0
