1960 5 20.0
1960 6 2.0
1960 7 17.0
1960 8 22.0
1960 9 19.0
1960 10 12.0
1960 11 16.0
1960 12 7.0
1961 1 13.0
1961 2 16.0
1961 3 20.0
1961 4 18.0
1961 5 4.0
1961 6 24.0
1961 7 12.0
1961 8 2.0
1961 9 49.0
1961 10 22.0
1961 11 28.0
1961 12 8.0
1962 1 29.0
1962 2 8.0
1962 3 8.0
1962 4 22.0
1962 5 27.0
1962 6 10.0
1962 7 24.0
1962 8 61.0
1962 9 16.0
1962 10 28.0
1962 11 34.0
1962 12 19.0
1963 1 41.0
1963 2 28.0
1963 3 46.0
1963 4 10.0
1963 5 24.0
1963 6 18.0
1963 7 80.0
1963 8 34.0
1963 9 34.0
1963 10 26.0
1963 11 250.0
1963 12 8.0
1964 1 34.0
1964 2 7.0
1964 3 26.0
1964 4 24.0
1964 5 44.0
1964 6 22.0
1964 7 112.0
1964 8 181.0
1964 9 50.0
1964 10 38.0
1964 11 26.0
1964 12 43.0
1965 1 266.0
1965 2 86.0
1965 3 57.0
1965 4 82.0
1965 5 12.0
1965 6 39.0
1965 7 27.0
1965 8 30.0
1965 9 11.0
1965 10 478.0
1965 11 38.0
1965 12 23.0
1966 1 391.0
1966 2 113.0
1966 3 61.0
1966 4 61.0
1966 5 86.0
1966 6 57.0
1966 7 15.0
1966 8 17.0
1966 9 46.0
1966 10 36.0
1966 11 26.0
1966 12 4.0
1967 1 20.0
1967 2 61.0
1967 3 113.0
1967 4 55.0
1967 5 143.0
1967 6 110.0
1967 7 184.0
1967 8 556.0
1967 9 211.0
1967 10 67.0
1967 11 181.0
1967 12 521.0
1968 1 125.0
1968 2 26.0
1968 3 24.0
1968 4 23.0
1968 5 530.0
1968 6 153.0
1968 7 235.0
1968 8 47.0
1968 9 245.0
1968 10 146.0
1968 11 392.0
1968 12 188.0
1969 1 227.0
1969 2 348.0
1969 3 71.0
1969 4 197.0
1969 5 207.0
1969 6 519.0
1969 7 214.0
1969 8 322.0
1969 9 395.0
1969 10 529.0
1969 11 47.0
1969 12 357.0
1970 1 165.0
1970 2 630.0
1970 3 403.0
1970 4 459.0
1970 5 1324.0
1970 6 594.0
1970 7 85.0
1970 8 47.0
1970 9 169.0
1970 10 142.0
1970 11 339.0
1970 12 419.0
1971 1 397.0
1971 2 319.0
1971 3 480.0
1971 4 316.0
1971 5 418.0
1971 6 380.0
1971 7 1374.0
1971 8 1646.0
1971 9 257.0
1971 10 418.0
1971 11 883.0
1971 12 1332.0
1972 1 515.0
1972 2 936.0
1972 3 460.0
1972 4 1644.0
1972 5 401.0
1972 6 889.0
1972 7 173.0
1972 8 688.0
1972 9 1756.0
1972 10 544.0
1972 11 980.0
1972 12 1290.0
1973 1 1056.0
1973 2 788.0
1973 3 972.0
1973 4 604.0
1973 5 628.0
1973 6 647.0
1973 7 345.0
1973 8 676.0
1973 9 586.0
1973 10 654.0
1973 11 520.0
1973 12 244.0
1974 1 371.0
1974 2 54.0
1974 3 333.0
1974 4 235.0
1974 5 107.0
1974 6 165.0
1974 7 142.0
1974 8 137.0
1974 9 60.0
1974 10 327.0
1974 11 319.0
1974 12 30.0
1975 1 435.0
1975 2 123.0
1975 3 12.0
1975 4 255.0
1975 5 22.0
1975 6 88.0
1975 7 149.0
1975 8 14.0
1975 9 527.0
1975 10 119.0
1975 11 108.0
1975 12 583.0
1976 1 63.0
1976 2 48.0
1976 3 116.0
1976 4 75.0
1976 5 147.0
1976 6 122.0
1976 7 222.0
1976 8 48.0
1976 9 278.0
1976 10 75.0
1976 11 483.0
1976 12 401.0
1977 1 113.0
1977 2 235.0
1977 3 242.0
1977 4 356.0
1977 5 477.0
1977 6 279.0
1977 7 202.0
1977 8 123.0
1977 9 190.0
1977 10 566.0
1977 11 451.0
1977 12 155.0
1978 1 694.0
1978 2 487.0
1978 3 508.0
1978 4 550.0
1978 5 294.0
1978 6 278.0
1978 7 267.0
1978 8 499.0
1978 9 413.0
1978 10 677.0
1978 11 252.0
1978 12 303.0
1979 1 360.0
1979 2 398.0
1979 3 438.0
1979 4 765.0
1979 5 1313.0
1979 6 500.0
1979 7 484.0
1979 8 204.0
1979 9 1030.0
1979 10 471.0
1979 11 495.0
1979 12 809.0
1980 1 418.0
1980 2 270.0
1980 3 535.0
1980 4 515.0
1980 5 340.0
1980 6 735.0
1980 7 674.0
1980 8 366.0
1980 9 799.0
1980 10 581.0
1980 11 157.0
1980 12 261.0
1981 1 647.0
1981 2 998.0
1981 3 1164.0
1981 4 492.0
1981 5 1160.0
1981 6 539.0
1981 7 294.0
1981 8 150.0
1981 9 410.0
1981 10 949.0
1981 11 98.0
1981 12 162.0
1982 1 239.0
1982 2 225.0
1982 3 730.0
1982 4 480.0
1982 5 520.0
1982 6 818.0
1982 7 1021.0
1982 8 375.0
1982 9 737.0
1982 10 541.0
1982 11 480.0
1982 12 540.0
1983 1 356.0
1983 2 636.0
1983 3 714.0
1983 4 613.0
1983 5 1259.0
1983 6 892.0
1983 7 689.0
1983 8 1012.0
1983 9 1208.0
1983 10 1429.0
1983 11 1392.0
1983 12 1147.0
1984 1 893.0
1984 2 1779.0
1984 3 1371.0
1984 4 1036.0
1984 5 780.0
1984 6 2105.0
1984 7 1357.0
1984 8 1607.0
1984 9 1151.0
1984 10 2008.0
1984 11 665.0
1984 12 795.0
1985 1 1342.0
1985 2 766.0
1985 3 704.0
1985 4 1201.0
1985 5 2273.0
1985 6 789.0
1985 7 848.0
1985 8 895.0
1985 9 1334.0
1985 10 1580.0
1985 11 1803.0
1985 12 675.0
1986 1 804.0
1986 2 581.0
1986 3 286.0
1986 4 826.0
1986 5 855.0
1986 6 1171.0
1986 7 576.0
1986 8 337.0
1986 9 781.0
1986 10 405.0
1986 11 1083.0
1986 12 512.0
1987 1 249.0
1987 2 580.0
1987 3 295.0
1987 4 385.0
1987 5 326.0
1987 6 413.0
1987 7 426.0
1987 8 237.0
1987 9 368.0
1987 10 604.0
1987 11 217.0
1987 12 278.0
1988 1 193.0
1988 2 448.0
1988 3 200.0
1988 4 308.0
1988 5 206.0
1988 6 500.0
1988 7 632.0
1988 8 381.0
1988 9 329.0
1988 10 622.0
1988 11 975.0
1988 12 963.0
1989 1 581.0
1989 2 781.0
1989 3 277.0
1989 4 357.0
1989 5 424.0
1989 6 146.0
1989 7 320.0
1989 8 287.0
1989 9 171.0
1989 10 368.0
1989 11 141.0
1989 12 99.0
1990 1 795.0
1990 2 124.0
1990 3 256.0
1990 4 81.0
1990 5 243.0
1990 6 584.0
1990 7 164.0
1990 8 183.0
1990 9 162.0
1990 10 63.0
1990 11 60.0
1990 12 364.0
1991 1 137.0
1991 2 140.0
1991 3 363.0
1991 4 288.0
1991 5 177.0
1991 6 817.0
1991 7 129.0
1991 8 94.0
1991 9 177.0
1991 10 127.0
1991 11 631.0
1991 12 44.0
1992 1 87.0
1992 2 85.0
1992 3 161.0
1992 4 112.0
1992 5 95.0
1992 6 290.0
1992 7 139.0
1992 8 96.0
1992 9 328.0
1992 10 313.0
1992 11 164.0
1992 12 115.0
1993 1 73.0
1993 2 49.0
1993 3 77.0
1993 4 38.0
1993 5 39.0
1993 6 195.0
1993 7 159.0
1993 8 142.0
1993 9 271.0
1993 10 77.0
1993 11 126.0
1993 12 318.0
1994 1 291.0
1994 2 153.0
1994 3 300.0
1994 4 422.0
1994 5 248.0
1994 6 557.0
1994 7 355.0
1994 8 187.0
1994 9 298.0
1994 10 744.0
1994 11 425.0
1994 12 725.0
1995 1 189.0
1995 2 235.0
1995 3 618.0
1995 4 332.0
1995 5 407.0
1995 6 464.0
1995 7 552.0
1995 8 326.0
1995 9 264.0
1995 10 817.0
1995 11 330.0
1995 12 610.0
1996 1 663.0
1996 2 556.0
1996 3 432.0
1996 4 311.0
1996 5 492.0
1996 6 386.0
1996 7 874.0
1996 8 549.0
1996 9 266.0
1996 10 699.0
1996 11 750.0
1996 12 705.0
1997 1 427.0
1997 2 302.0
1997 3 746.0
1997 4 648.0
1997 5 558.0
1997 6 613.0
1997 7 1003.0
1997 8 1087.0
1997 9 782.0
1997 10 694.0
1997 11 472.0
1997 12 600.0
1998 1 415.0
1998 2 513.0
1998 3 598.0
1998 4 534.0
1998 5 545.0
1998 6 872.0
1998 7 1440.0
1998 8 677.0
1998 9 494.0
1998 10 862.0
1998 11 327.0
1998 12 775.0
1999 1 1108.0
1999 2 878.0
1999 3 815.0
1999 4 675.0
1999 5 516.0
1999 6 1147.0
1999 7 717.0
1999 8 1058.0
1999 9 363.0
1999 10 838.0
1999 11 516.0
1999 12 192.0
2000 1 1481.0
2000 2 492.0
2000 3 810.0
2000 4 481.0
2000 5 517.0
2000 6 889.0
2000 7 518.0
2000 8 453.0
2000 9 904.0
2000 10 248.0
2000 11 221.0
2000 12 804.0
2001 1 320.0
2001 2 255.0
2001 3 685.0
2001 4 239.0
2001 5 530.0
2001 6 583.0
2001 7 621.0
2001 8 917.0
2001 9 519.0
2001 10 373.0
2001 11 662.0
2001 12 292.0
2002 1 383.0
2002 2 587.0
2002 3 455.0
2002 4 455.0
2002 5 329.0
2002 6 369.0
2002 7 303.0
2002 8 503.0
2002 9 413.0
2002 10 273.0
2002 11 152.0
2002 12 276.0
2003 1 493.0
2003 2 350.0
2003 3 343.0
2003 4 345.0
2003 5 421.0
2003 6 431.0
2003 7 1076.0
2003 8 287.0
2003 9 331.0
2003 10 454.0
2003 11 350.0
2003 12 283.0
2004 1 234.0
2004 2 610.0
2004 3 451.0
2004 4 512.0
2004 5 670.0
2004 6 672.0
2004 7 693.0
2004 8 316.0
2004 9 756.0
2004 10 593.0
2004 11 599.0
2004 12 1398.0
2005 1 1069.0
2005 2 828.0
2005 3 1019.0
2005 4 488.0
2005 5 630.0
2005 6 1040.0
2005 7 800.0
2005 8 829.0
2005 9 819.0
2005 10 720.0
2005 11 862.0
2005 12 604.0
2006 1 1147.0
2006 2 933.0
2006 3 955.0
2006 4 348.0
2006 5 709.0
2006 6 558.0
2006 7 486.0
2006 8 680.0
2006 9 1101.0
2006 10 448.0
2006 11 655.0
2006 12 833.0
2007 1 604.0
2007 2 413.0
2007 3 534.0
2007 4 942.0
2007 5 1625.0
2007 6 468.0
2007 7 237.0
2007 8 248.0
2007 9 414.0
2007 10 266.0
2007 11 688.0
2007 12 1154.0
2008 1 732.0
2008 2 316.0
2008 3 542.0
2008 4 528.0
2008 5 265.0
2008 6 587.0
2008 7 1191.0
2008 8 413.0
2008 9 441.0
2008 10 501.0
2008 11 81.0
2008 12 143.0
2009 1 439.0
2009 2 173.0
2009 3 94.0
2009 4 95.0
2009 5 104.0
2009 6 146.0
2009 7 74.0
2009 8 332.0
2009 9 83.0
2009 10 373.0
2009 11 121.0
2009 12 89.0
2010 1 100.0
2010 2 138.0
2010 3 237.0
2010 4 70.0
2010 5 86.0
2010 6 97.0
2010 7 140.0
2010 8 201.0
2010 9 99.0
2010 10 133.0
2010 11 81.0
2010 12 62.0
2011 1 73.0
2011 2 152.0
2011 3 313.0
2011 4 318.0
2011 5 110.0
2011 6 112.0
2011 7 193.0
2011 8 67.0
2011 9 68.0
2011 10 653.0
2011 11 140.0
2011 12 616.0
2012 1 346.0
2012 2 313.0
2012 3 220.0
2012 4 155.0
2012 5 1037.0
2012 6 282.0
2012 7 116.0
2012 8 141.0
2012 9 389.0
2012 10 211.0
2012 11 285.0
2012 12 243.0
2013 1 403.0
2013 2 178.0
2013 3 299.0
2013 4 134.0
2013 5 402.0
2013 6 297.0
2013 7 453.0
2013 8 143.0
2013 9 812.0
2013 10 432.0
2013 11 217.0
2013 12 309.0
2014 1 798.0
2014 2 1004.0
2014 3 396.0
2014 4 523.0
2014 5 253.0
2014 6 165.0
2014 7 226.0
2014 8 253.0
2014 9 655.0
2014 10 681.0
2014 11 246.0
2014 12 705.0
2015 1 132.0
2015 2 803.0
2015 3 244.0
2015 4 1190.0
2015 5 826.0
2015 6 286.0
2015 7 667.0
2015 8 573.0
2015 9 1009.0
2015 10 410.0
2015 11 289.0
2015 12 297.0
2016 1 244.0
2016 2 228.0
2016 3 223.0
2016 4 482.0
2016 5 610.0
2016 6 670.0
2016 7 906.0
2016 8 518.0
2016 9 622.0
2016 10 247.0
2016 11 547.0
2016 12 166.0
2017 1 448.0
2017 2 331.0
2017 3 227.0
2017 4 227.0
2017 5 502.0
2017 6 484.0
2017 7 926.0
2017 8 370.0
2017 9 573.0
2017 10 247.0
2017 11 478.0
2017 12 409.0
2018 1 485.0
2018 2 162.0
2018 3 580.0
2018 4 643.0
2018 5 331.0
2018 6 675.0
2018 7 299.0
2018 8 905.0
2018 9 545.0
2018 10 314.0
2018 11 525.0
2018 12 782.0
2019 1 1062.0
2019 2 426.0
2019 3 434.0
2019 4 530.0
2019 5 719.0
2019 6 165.0
2019 7 247.0
2019 8 406.0
2019 9 292.0
2019 10 256.0
2019 11 280.0
2019 12 214.0
2020 1 266.0
2020 2 199.0
2020 3 258.0
2020 4 223.0
2020 5 526.0
2020 6 646.0
2020 7 669.0
2020 8 234.0
2020 9 224.0
2020 10 607.0
2020 11 979.0
2020 12 576.0
2021 1 280.0
2021 2 456.0
2021 3 311.0
2021 4 301.0
2021 5 394.0
2021 6 1171.0
2021 7 268.0
2021 8 453.0
2021 9 611.0
2021 10 774.0
2021 11 1041.0
2021 12 384.0
2022 1 939.0
2022 2 464.0
2022 3 924.0
2022 4 827.0
2022 5 645.0
2022 6 507.0
2022 7 610.0
2022 8 553.0
2022 9 534.0
2022 10 849.0
2022 11 458.0
2022 12 678.0
2023 1 618.0
2023 2 430.0
2023 3 445.0
2023 4 537.0
2023 5 738.0
2023 6 273.0
2023 7 407.0
2023 8 656.0
2023 9 356.0
2023 10 484.0
2023 11 296.0
2023 12 215.0
2024 1 357.0
2024 2 504.0
2024 3 268.0
2024 4 287.0
2024 5 672.0
2024 6 850.0
2024 7 910.0
2024 8 498.0
