1960 8 10.0
1960 9 10.0
1960 10 6.0
1960 11 29.0
1960 12 12.0
1961 1 16.0
1961 2 7.0
1961 3 6.5
1961 4 6.0
1961 5 8.6
1961 6 11.2
1961 7 13.8
1961 8 16.4
1961 9 19.0
1961 10 13.5
1961 11 8.0
1961 12 8.5
1962 1 9.0
1962 2 9.5
1962 3 10.0
1962 4 14.0
1962 5 19.5
1962 6 25.0
1962 7 23.5
1962 8 22.0
1962 9 20.5
1962 10 19.0
1962 11 27.0
1962 12 30.0
1963 1 20.0
1963 2 10.0
1963 3 9.0
1963 4 18.0
1963 5 27.0
1963 6 30.333333333333332
1963 7 33.666666666666664
1963 8 37.0
1963 9 16.0
1963 10 10.0
1963 11 78.0
1963 12 45.0
1964 1 12.0
1964 2 10.666666666666666
1964 3 9.333333333333334
1964 4 8.0
1964 5 7.0
1964 6 6.0
1964 7 12.0
1964 8 13.0
1964 9 14.0
1964 10 6.0
1964 11 63.0
1964 12 94.0
1965 1 125.0
1965 2 156.0
1965 3 82.0
1965 4 112.0
1965 5 18.0
1965 6 18.0
1965 7 18.0
1965 8 35.0
1965 9 12.0
1965 10 46.0
1965 11 50.0
1965 12 8.0
1966 1 15.5
1966 2 23.0
1966 3 59.0
1966 4 42.0
1966 5 24.0
1966 6 6.0
1966 7 9.0
1966 8 12.0
1966 9 11.0
1966 10 10.0
1966 11 9.0
1966 12 8.0
1967 1 7.0
1967 2 6.0
1967 3 5.0
1967 4 38.0
1967 5 71.0
1967 6 53.0
1967 7 35.0
1967 8 31.0
1967 9 27.0
1967 10 20.0
1967 11 200.0
1967 12 136.0
1968 1 72.0
1968 2 8.0
1968 3 135.0
1968 4 42.0
1968 5 76.5
1968 6 111.0
1968 7 28.0
1968 8 31.5
1968 9 35.0
1968 10 22.0
1968 11 17.0
1968 12 12.0
1969 1 42.75
1969 2 73.5
1969 3 104.25
1969 4 135.0
1969 5 96.0
1969 6 81.0
1969 7 66.0
1969 8 104.0
1969 9 142.0
1969 10 18.0
1969 11 74.0
1969 12 22.0
1970 1 89.33333333333333
1970 2 156.66666666666666
1970 3 224.0
1970 4 102.0
1970 5 42.0
1970 6 105.0
1970 7 36.0
1970 8 124.0
1970 9 8.0
1970 10 32.0
1970 11 539.0
1970 12 8.0
1971 1 26.0
1971 2 20.0
1971 3 14.0
1971 4 341.0
1971 5 140.0
1971 6 23.0
1971 7 36.0
1971 8 74.0
1971 9 260.0
1971 10 125.0
1971 11 13.0
1971 12 26.5
1972 1 40.0
1972 2 53.5
1972 3 67.0
1972 4 82.0
1972 5 204.0
1972 6 260.0
1972 7 282.0
1972 8 152.0
1972 9 74.0
1972 10 141.0
1972 11 160.0
1972 12 48.0
1973 1 80.0
1973 2 41.0
1973 3 300.0
1973 4 52.0
1973 5 146.0
1973 6 76.0
1973 7 178.0
1973 8 63.0
1973 9 8.0
1973 10 111.0
1973 11 212.0
1973 12 13.0
1974 1 28.0
1974 2 38.0
1974 3 48.0
1974 4 98.0
1974 5 105.0
1974 6 38.0
1974 7 174.0
1974 8 84.0
1974 9 29.0
1974 10 66.0
1974 11 144.0
1974 12 36.0
1975 1 32.0
1975 2 44.0
1975 3 54.0
1975 4 63.0
1975 5 62.0
1975 6 147.0
1975 7 98.0
1975 8 140.0
1975 9 30.0
1975 10 68.0
1975 11 48.0
1975 12 80.0
1976 1 40.0
1976 2 26.0
1976 3 96.0
1976 4 110.0
1976 5 134.0
1976 6 117.0
1976 7 200.0
1976 8 214.0
1976 9 460.0
1976 10 287.0
1976 11 436.0
1976 12 28.0
1977 1 16.0
1977 2 204.0
1977 3 225.0
1977 4 201.0
1977 5 286.0
1977 6 235.0
1977 7 247.0
1977 8 349.0
1977 9 165.0
1977 10 506.0
1977 11 56.0
1977 12 175.0
1978 1 21.0
1978 2 12.0
1978 3 243.0
1978 4 182.0
1978 5 83.0
1978 6 184.0
1978 7 65.0
1978 8 72.0
1978 9 76.0
1978 10 85.0
1978 11 17.0
1978 12 29.5
1979 1 42.0
1979 2 49.5
1979 3 57.0
1979 4 38.0
1979 5 190.0
1979 6 199.0
1979 7 128.0
1979 8 392.0
1979 9 31.0
1979 10 146.0
1979 11 58.0
1979 12 16.0
1980 1 23.0
1980 2 8.0
1980 3 54.0
1980 4 36.0
1980 5 6.0
1980 6 32.0
1980 7 92.0
1980 8 191.0
1980 9 44.0
1980 10 22.0
1980 11 53.0
1980 12 59.0
1981 1 42.0
1981 2 25.0
1981 3 16.0
1981 4 16.0
1981 5 32.0
1981 6 23.0
1981 7 14.0
1981 8 55.0
1981 9 6.0
1981 10 34.0
1981 11 11.0
1981 12 84.0
1982 1 71.25
1982 2 58.5
1982 3 45.75
1982 4 33.0
1982 5 107.0
1982 6 16.0
1982 7 16.0
1982 8 24.0
1982 9 32.0
1982 10 40.0
1982 11 76.0
1982 12 23.0
1983 1 17.5
1983 2 12.0
1983 3 8.0
1983 4 16.0
1983 5 24.0
1983 6 56.0
1983 7 12.0
1983 8 22.0
1983 9 165.0
1983 10 173.0
1983 11 32.0
1983 12 211.0
1984 1 84.0
1984 2 72.0
1984 3 87.0
1984 4 101.0
1984 5 133.0
1984 6 58.0
1984 7 210.0
1984 8 121.0
1984 9 72.0
1984 10 199.0
1984 11 246.0
1984 12 90.0
1985 1 64.0
1985 2 8.0
1985 3 46.0
1985 4 92.0
1985 5 107.0
1985 6 27.0
1985 7 41.0
1985 8 163.0
1985 9 104.0
1985 10 26.0
1985 11 27.0
1985 12 28.0
1986 1 7.0
1986 2 48.0
1986 3 17.0
1986 4 54.0
1986 5 236.0
1986 6 8.0
1986 7 60.0
1986 8 75.5
1986 9 91.0
1986 10 50.0
1986 11 32.5
1986 12 15.0
1987 1 34.5
1987 2 54.0
1987 3 45.0
1987 4 79.0
1987 5 60.0
1987 6 37.0
1987 7 60.0
1987 8 8.0
1987 9 104.0
1987 10 63.0
1987 11 41.0
1987 12 26.0
1988 1 48.0
1988 2 57.0
1988 3 88.0
1988 4 24.0
1988 5 7.0
1988 6 24.0
1988 7 112.0
1988 8 50.0
1988 9 33.0
1988 10 46.0
1988 11 58.0
1988 12 148.0
1989 1 18.0
1989 2 8.0
1989 3 22.0
1989 4 8.0
1989 5 228.0
1989 6 41.0
1989 7 39.0
1989 8 37.0
1989 9 30.0
1989 10 71.0
1989 11 138.0
1989 12 120.0
1990 1 24.0
1990 2 24.0
1990 3 8.0
1990 4 48.0
1990 5 192.0
1990 6 62.0
1990 7 39.0
1990 8 83.0
1990 9 125.0
1990 10 106.0
1990 11 20.0
1990 12 35.0
1991 1 50.0
1991 2 72.0
1991 3 96.0
1991 4 44.0
1991 5 70.0
1991 6 65.0
1991 7 60.0
1991 8 125.0
1991 9 112.0
1991 10 12.0
1991 11 28.0
1991 12 98.0
1992 1 5.0
1992 2 51.0
1992 3 5.0
1992 4 54.0
1992 5 103.0
1992 6 55.0
1992 7 53.0
1992 8 25.0
1992 9 198.0
1992 10 118.0
1992 11 143.0
1992 12 22.0
1993 1 30.0
1993 2 54.0
1993 3 412.0
1993 4 27.0
1993 5 42.0
1993 6 15.0
1993 7 72.5
1993 8 130.0
1993 9 218.0
1993 10 74.0
1993 11 30.0
1993 12 37.0
1994 1 96.0
1994 2 37.0
1994 3 163.0
1994 4 82.0
1994 5 148.0
1994 6 297.0
1994 7 178.0
1994 8 116.0
1994 9 138.0
1994 10 416.0
1994 11 213.0
1994 12 171.5
1995 1 130.0
1995 2 205.0
1995 3 280.0
1995 4 164.0
1995 5 89.0
1995 6 192.0
1995 7 91.0
1995 8 231.0
1995 9 83.0
1995 10 105.0
1995 11 184.0
1995 12 34.0
1996 1 11.0
1996 2 26.0
1996 3 210.0
1996 4 95.0
1996 5 50.0
1996 6 124.0
1996 7 106.0
1996 8 178.0
1996 9 143.0
1996 10 140.0
1996 11 142.0
1996 12 107.0
1997 1 51.0
1997 2 25.0
1997 3 32.0
1997 4 32.0
1997 5 29.0
1997 6 52.0
1997 7 6.0
1997 8 78.0
1997 9 136.0
1997 10 17.0
1997 11 350.0
1997 12 95.0
1998 1 16.0
1998 2 13.0
1998 3 5.0
1998 4 21.0
1998 5 71.0
1998 6 13.0
1998 7 8.0
1998 8 78.0
1998 9 23.0
1998 10 81.0
1998 11 53.0
1998 12 105.0
1999 1 96.0
1999 2 87.0
1999 3 22.0
1999 4 119.0
1999 5 41.0
1999 6 33.0
1999 7 59.0
1999 8 150.0
1999 9 76.0
1999 10 77.0
1999 11 93.0
1999 12 20.0
2000 1 66.0
2000 2 67.0
2000 3 167.0
2000 4 5.0
2000 5 72.0
2000 6 81.0
2000 7 13.0
2000 8 68.0
2000 9 181.0
2000 10 84.0
2000 11 29.0
2000 12 72.0
2001 1 55.0
2001 2 27.0
2001 3 11.0
2001 4 98.0
2001 5 5.0
2001 6 36.0
2001 7 189.0
2001 8 91.0
2001 9 113.0
2001 10 121.0
2001 11 23.0
2001 12 111.0
2002 1 82.0
2002 2 53.0
2002 3 24.0
2002 4 136.0
2002 5 46.0
2002 6 70.0
2002 7 37.0
2002 8 79.5
2002 9 122.0
2002 10 29.0
2002 11 44.0
2002 12 88.5
2003 1 133.0
2003 2 106.0
2003 3 79.0
2003 4 52.0
2003 5 128.0
2003 6 36.0
2003 7 179.0
2003 8 9.0
2003 9 5.0
2003 10 12.0
2003 11 8.5
2003 12 5.0
2004 1 147.0
2004 2 5.0
2004 3 37.0
2004 4 5.0
2004 5 188.0
2004 6 16.0
2004 7 192.0
2004 8 81.0
2004 9 24.0
2004 10 24.0
2004 11 27.0
2004 12 73.0
2005 1 6.0
2005 2 34.0
2005 3 60.0
2005 4 89.0
2005 5 68.0
2005 6 49.0
2005 7 26.0
2005 8 10.0
2005 9 95.0
2005 10 13.0
2005 11 33.0
2005 12 36.0
2006 1 605.0
2006 2 300.0
2006 3 5.0
2006 4 22.5
2006 5 40.0
2006 6 98.0
2006 7 52.0
2006 8 77.0
2006 9 33.0
2006 10 25.0
2006 11 17.0
2006 12 46.5
2007 1 76.0
2007 2 5.0
2007 3 84.0
2007 4 79.0
2007 5 444.0
2007 6 5.0
2007 7 33.0
2007 8 77.0
2007 9 42.0
2007 10 37.0
2007 11 107.0
2007 12 5.0
2008 1 5.0
2008 2 15.0
2008 3 28.0
2008 4 62.0
2008 5 38.0
2008 6 165.0
2008 7 130.0
2008 8 157.0
2008 9 112.0
2008 10 49.0
2008 11 110.0
2008 12 66.0
2009 1 133.0
2009 2 53.0
2009 3 117.0
2009 4 23.0
2009 5 65.0
2009 6 85.0
2009 7 47.0
2009 8 13.0
2009 9 48.0
2009 10 53.0
2009 11 102.0
2009 12 121.0
2010 1 63.0
2010 2 5.0
2010 3 7.0
2010 4 258.0
2010 5 64.0
2010 6 15.0
2010 7 56.0
2010 8 70.0
2010 9 27.0
2010 10 25.0
2010 11 16.0
2010 12 13.0
2011 1 10.0
2011 2 60.0
2011 3 52.0
2011 4 13.0
2011 5 121.0
2011 6 21.0
2011 7 69.0
2011 8 92.0
2011 9 131.0
2011 10 64.0
2011 11 9.0
2011 12 5.0
2012 1 64.0
2012 2 12.0
2012 3 39.0
2012 4 28.0
2012 5 17.0
2012 6 207.0
2012 7 126.0
2012 8 38.0
2012 9 272.0
2012 10 119.0
2012 11 160.0
2012 12 42.0
2013 1 194.0
2013 2 19.0
2013 3 314.0
2013 4 160.0
2013 5 94.0
2013 6 131.0
2013 7 89.0
2013 8 364.0
2013 9 350.0
2013 10 64.0
2013 11 15.0
2013 12 109.0
2014 1 166.0
2014 2 29.0
2014 3 323.0
2014 4 298.0
2014 5 194.0
2014 6 39.0
2014 7 57.0
2014 8 137.0
2014 9 17.0
2014 10 186.0
2014 11 269.5
2014 12 353.0
2015 1 39.0
2015 2 87.0
2015 3 163.0
2015 4 97.0
2015 5 128.0
2015 6 52.0
2015 7 309.0
2015 8 33.0
2015 9 26.0
2015 10 183.0
2015 11 48.0
2015 12 77.0
2016 1 162.0
2016 2 355.0
2016 3 60.0
2016 4 222.0
2016 5 472.0
2016 6 255.0
2016 7 77.0
2016 8 149.0
2016 9 204.0
2016 10 116.0
2016 11 113.0
2016 12 157.0
2017 1 152.0
2017 2 139.0
2017 3 112.0
2017 4 138.0
2017 5 63.0
2017 6 141.0
2017 7 106.0
2017 8 89.0
2017 9 445.0
2017 10 199.0
2017 11 192.0
2017 12 98.0
2018 1 31.0
2018 2 234.0
2018 3 144.0
2018 4 101.0
2018 5 226.0
2018 6 27.0
2018 7 90.0
2018 8 310.0
2018 9 84.0
2018 10 175.0
2018 11 106.5
2018 12 38.0
2019 1 63.0
2019 2 44.0
2019 3 89.0
2019 4 161.0
2019 5 105.0
2019 6 55.0
2019 7 79.0
2019 8 149.0
2019 9 54.0
2019 10 279.0
2019 11 121.0
2019 12 141.0
2020 1 27.0
2020 2 44.0
2020 3 200.0
2020 4 126.0
2020 5 184.0
2020 6 225.0
2020 7 261.0
2020 8 151.0
2020 9 286.0
2020 10 538.0
2020 11 557.0
2020 12 76.0
2021 1 385.0
2021 2 338.0
2021 3 291.0
2021 4 275.0
2021 5 242.0
2021 6 156.0
2021 7 193.0
2021 8 414.0
2021 9 324.0
2021 10 275.0
2021 11 206.0
2021 12 291.0
2022 1 172.0
2022 2 44.0
2022 3 838.0
2022 4 382.0
2022 5 1208.0
2022 6 227.0
2022 7 949.0
2022 8 596.0
2022 9 404.0
2022 10 82.0
2022 11 103.0
2022 12 113.0
2023 1 148.0
2023 2 11.0
2023 3 892.0
2023 4 334.0
2023 5 370.0
2023 6 206.0
2023 7 86.0
2023 8 307.0
2023 9 556.0
2023 10 188.0
2023 11 315.0
2023 12 163.0
2024 1 197.0
2024 2 103.0
2024 3 342.0
2024 4 66.0
2024 5 167.0
2024 6 121.0
2024 7 159.0
2024 8 695.0
