1960 5 6.0
1960 6 14.0
1960 7 2.0
1960 8 14.0
1960 9 18.0
1960 10 10.0
1960 11 33.0
1960 12 12.0
1961 1 26.0
1961 2 7.0
1961 3 18.5
1961 4 30.0
1961 5 6.0
1961 6 10.0
1961 7 23.0
1961 8 8.0
1961 9 25.0
1961 10 16.0
1961 11 26.0
1961 12 10.0
1962 1 12.5
1962 2 15.0
1962 3 20.0
1962 4 20.0
1962 5 15.0
1962 6 33.0
1962 7 2.0
1962 8 8.0
1962 9 6.0
1962 10 29.0
1962 11 33.0
1962 12 32.0
1963 1 2.0
1963 2 12.0
1963 3 11.0
1963 4 32.0
1963 5 43.0
1963 6 41.666666666666664
1963 7 40.333333333333336
1963 8 39.0
1963 9 33.0
1963 10 26.0
1963 11 86.0
1963 12 49.0
1964 1 12.0
1964 2 2.0
1964 3 2.0
1964 4 25.0
1964 5 6.0
1964 6 14.0
1964 7 24.0
1964 8 6.0
1964 9 27.0
1964 10 13.0
1964 11 67.0
1964 12 2.0
1965 1 79.0
1965 2 156.0
1965 3 86.0
1965 4 130.0
1965 5 34.0
1965 6 36.0
1965 7 36.0
1965 8 45.0
1965 9 30.0
1965 10 67.0
1965 11 60.0
1965 12 22.0
1966 1 2.0
1966 2 27.0
1966 3 63.0
1966 4 44.0
1966 5 11.0
1966 6 16.0
1966 7 8.0
1966 8 18.0
1966 9 14.0
1966 10 10.0
1966 11 6.0
1966 12 2.0
1967 1 2.0
1967 2 3.5
1967 3 5.0
1967 4 3.0
1967 5 87.0
1967 6 23.0
1967 7 42.0
1967 8 36.5
1967 9 31.0
1967 10 26.0
1967 11 206.0
1967 12 111.0
1968 1 16.0
1968 2 8.0
1968 3 165.0
1968 4 46.0
1968 5 50.0
1968 6 143.0
1968 7 28.0
1968 8 36.5
1968 9 45.0
1968 10 25.0
1968 11 4.0
1968 12 16.0
1969 1 9.0
1969 2 2.0
1969 3 2.0
1969 4 145.0
1969 5 96.0
1969 6 3.0
1969 7 66.0
1969 8 4.0
1969 9 154.0
1969 10 18.0
1969 11 76.0
1969 12 25.0
1970 1 93.33333333333333
1970 2 161.66666666666666
1970 3 230.0
1970 4 138.0
1970 5 51.0
1970 6 115.0
1970 7 42.0
1970 8 140.0
1970 9 14.0
1970 10 57.0
1970 11 551.0
1970 12 8.0
1971 1 32.0
1971 2 12.0
1971 3 31.0
1971 4 354.0
1971 5 164.0
1971 6 29.0
1971 7 92.0
1971 8 76.0
1971 9 280.0
1971 10 134.0
1971 11 17.0
1971 12 56.0
1972 1 64.0
1972 2 72.0
1972 3 80.0
1972 4 102.0
1972 5 220.0
1972 6 264.0
1972 7 296.0
1972 8 164.0
1972 9 147.0
1972 10 194.0
1972 11 180.0
1972 12 67.0
1973 1 84.0
1973 2 50.0
1973 3 367.0
1973 4 70.0
1973 5 161.0
1973 6 125.0
1973 7 182.0
1973 8 63.0
1973 9 23.0
1973 10 155.0
1973 11 265.0
1973 12 39.0
1974 1 28.0
1974 2 2.0
1974 3 48.0
1974 4 121.0
1974 5 319.0
1974 6 66.0
1974 7 182.0
1974 8 102.0
1974 9 45.0
1974 10 91.0
1974 11 148.0
1974 12 40.0
1975 1 74.0
1975 2 56.0
1975 3 58.0
1975 4 79.0
1975 5 75.0
1975 6 155.0
1975 7 112.0
1975 8 150.0
1975 9 47.0
1975 10 70.0
1975 11 74.0
1975 12 83.0
1976 1 44.0
1976 2 28.0
1976 3 126.0
1976 4 130.0
1976 5 156.0
1976 6 129.0
1976 7 238.0
1976 8 244.0
1976 9 506.0
1976 10 407.0
1976 11 488.0
1976 12 38.0
1977 1 32.0
1977 2 216.0
1977 3 341.0
1977 4 274.0
1977 5 306.0
1977 6 271.0
1977 7 317.0
1977 8 394.0
1977 9 227.0
1977 10 527.0
1977 11 65.0
1977 12 185.0
1978 1 31.0
1978 2 24.0
1978 3 281.0
1978 4 226.0
1978 5 114.0
1978 6 250.0
1978 7 67.0
1978 8 108.0
1978 9 133.0
1978 10 121.0
1978 11 40.0
1978 12 45.0
1979 1 50.0
1979 2 55.5
1979 3 61.0
1979 4 54.0
1979 5 238.0
1979 6 213.0
1979 7 136.0
1979 8 564.0
1979 9 125.0
1979 10 222.0
1979 11 62.0
1979 12 18.0
1980 1 25.0
1980 2 8.0
1980 3 58.0
1980 4 40.0
1980 5 12.0
1980 6 40.0
1980 7 96.0
1980 8 197.0
1980 9 46.0
1980 10 65.0
1980 11 71.0
1980 12 59.0
1981 1 10.0
1981 2 25.0
1981 3 18.0
1981 4 24.0
1981 5 36.0
1981 6 2.0
1981 7 14.0
1981 8 61.0
1981 9 8.0
1981 10 48.0
1981 11 21.0
1981 12 84.0
1982 1 56.66666666666667
1982 2 29.333333333333336
1982 3 2.0
1982 4 38.0
1982 5 117.0
1982 6 20.0
1982 7 22.0
1982 8 6.0
1982 9 10.0
1982 10 46.0
1982 11 76.0
1982 12 33.0
1983 1 22.5
1983 2 12.0
1983 3 8.0
1983 4 4.0
1983 5 44.0
1983 6 58.0
1983 7 27.0
1983 8 26.0
1983 9 174.0
1983 10 177.0
1983 11 54.0
1983 12 211.0
1984 1 104.0
1984 2 100.0
1984 3 90.0
1984 4 105.0
1984 5 147.0
1984 6 69.0
1984 7 217.0
1984 8 139.0
1984 9 84.0
1984 10 214.0
1984 11 248.0
1984 12 94.0
1985 1 64.0
1985 2 10.0
1985 3 58.0
1985 4 92.0
1985 5 122.0
1985 6 38.0
1985 7 51.0
1985 8 173.0
1985 9 104.0
1985 10 45.0
1985 11 5.0
1985 12 34.0
1986 1 9.0
1986 2 52.0
1986 3 29.0
1986 4 79.0
1986 5 242.0
1986 6 17.0
1986 7 66.0
1986 8 10.0
1986 9 95.0
1986 10 63.0
1986 11 12.0
1986 12 15.0
1987 1 2.0
1987 2 54.0
1987 3 55.0
1987 4 79.0
1987 5 62.0
1987 6 50.0
1987 7 62.0
1987 8 11.0
1987 9 135.0
1987 10 69.0
1987 11 41.0
1987 12 29.0
1988 1 51.0
1988 2 57.0
1988 3 88.0
1988 4 31.0
1988 5 55.0
1988 6 29.0
1988 7 126.0
1988 8 58.0
1988 9 41.0
1988 10 53.0
1988 11 65.0
1988 12 152.0
1989 1 20.0
1989 2 8.0
1989 3 31.0
1989 4 13.0
1989 5 238.0
1989 6 102.0
1989 7 12.0
1989 8 72.0
1989 9 35.0
1989 10 76.0
1989 11 138.0
1989 12 127.0
1990 1 823.0
1990 2 24.0
1990 3 38.0
1990 4 54.0
1990 5 197.0
1990 6 80.0
1990 7 47.0
1990 8 91.0
1990 9 131.0
1990 10 144.0
1990 11 22.0
1990 12 8.0
1991 1 50.0
1991 2 78.0
1991 3 96.0
1991 4 54.0
1991 5 76.0
1991 6 71.5
1991 7 67.0
1991 8 130.0
1991 9 122.0
1991 10 66.0
1991 11 34.0
1991 12 108.0
1992 1 5.0
1992 2 51.0
1992 3 13.0
1992 4 6.0
1992 5 114.0
1992 6 66.0
1992 7 57.0
1992 8 37.0
1992 9 203.0
1992 10 141.0
1992 11 165.0
1992 12 27.0
1993 1 36.0
1993 2 56.0
1993 3 430.0
1993 4 31.0
1993 5 52.0
1993 6 33.0
1993 7 6.0
1993 8 142.0
1993 9 234.0
1993 10 92.0
1993 11 56.0
1993 12 57.0
1994 1 96.0
1994 2 37.0
1994 3 216.0
1994 4 108.0
1994 5 180.0
1994 6 309.0
1994 7 194.0
1994 8 154.0
1994 9 148.0
1994 10 428.0
1994 11 229.0
1994 12 14.0
1995 1 135.0
1995 2 7.0
1995 3 293.0
1995 4 175.0
1995 5 150.0
1995 6 208.0
1995 7 117.0
1995 8 246.0
1995 9 93.0
1995 10 137.0
1995 11 193.0
1995 12 34.0
1996 1 14.0
1996 2 34.0
1996 3 266.0
1996 4 256.0
1996 5 73.0
1996 6 143.0
1996 7 291.0
1996 8 198.0
1996 9 168.0
1996 10 159.0
1996 11 149.0
1996 12 120.0
1997 1 53.0
1997 2 25.0
1997 3 41.0
1997 4 40.0
1997 5 38.0
1997 6 58.0
1997 7 18.0
1997 8 117.0
1997 9 290.0
1997 10 36.0
1997 11 360.0
1997 12 339.0
1998 1 52.0
1998 2 13.0
1998 3 9.0
1998 4 34.0
1998 5 149.0
1998 6 25.0
1998 7 19.0
1998 8 142.0
1998 9 40.0
1998 10 81.0
1998 11 64.0
1998 12 107.0
1999 1 34.0
1999 2 124.0
1999 3 72.0
1999 4 174.0
1999 5 56.0
1999 6 43.0
1999 7 66.0
1999 8 158.0
1999 9 80.0
1999 10 95.0
1999 11 125.0
1999 12 40.0
2000 1 66.0
2000 2 86.0
2000 3 201.0
2000 4 9.0
2000 5 100.0
2000 6 92.0
2000 7 22.0
2000 8 79.0
2000 9 220.0
2000 10 95.0
2000 11 75.0
2000 12 72.0
2001 1 59.0
2001 2 29.0
2001 3 18.0
2001 4 111.0
2001 5 10.0
2001 6 78.0
2001 7 199.0
2001 8 107.0
2001 9 129.0
2001 10 179.0
2001 11 36.0
2001 12 125.0
2002 1 4.0
2002 2 2.0
2002 3 35.0
2002 4 142.0
2002 5 54.0
2002 6 79.0
2002 7 49.0
2002 8 10.0
2002 9 141.0
2002 10 67.0
2002 11 58.0
2002 12 4.0
2003 1 133.0
2003 2 4.0
2003 3 16.0
2003 4 82.0
2003 5 138.0
2003 6 44.0
2003 7 196.0
2003 8 43.0
2003 9 34.0
2003 10 27.0
2003 11 24.0
2003 12 8.0
2004 1 239.0
2004 2 20.0
2004 3 61.0
2004 4 46.0
2004 5 201.0
2004 6 28.0
2004 7 239.0
2004 8 96.0
2004 9 73.0
2004 10 44.0
2004 11 52.0
2004 12 82.0
2005 1 32.0
2005 2 53.0
2005 3 90.0
2005 4 119.0
2005 5 84.0
2005 6 57.0
2005 7 44.0
2005 8 30.0
2005 9 101.0
2005 10 49.0
2005 11 93.0
2005 12 135.0
2006 1 612.0
2006 2 308.0
2006 3 33.0
2006 4 23.0
2006 5 92.0
2006 6 110.0
2006 7 73.0
2006 8 87.0
2006 9 67.0
2006 10 24.0
2006 11 47.0
2006 12 20.0
2007 1 78.0
2007 2 25.0
2007 3 101.0
2007 4 107.0
2007 5 458.0
2007 6 43.0
2007 7 87.0
2007 8 128.0
2007 9 68.0
2007 10 67.0
2007 11 154.0
2007 12 23.0
2008 1 17.0
2008 2 31.0
2008 3 48.0
2008 4 110.0
2008 5 56.0
2008 6 179.0
2008 7 154.0
2008 8 173.0
2008 9 152.0
2008 10 95.0
2008 11 112.0
2008 12 76.0
2009 1 137.0
2009 2 57.0
2009 3 121.0
2009 4 45.0
2009 5 79.0
2009 6 102.0
2009 7 69.0
2009 8 49.0
2009 9 70.0
2009 10 63.0
2009 11 113.0
2009 12 125.0
2010 1 4.0
2010 2 5.0
2010 3 14.0
2010 4 290.0
2010 5 94.0
2010 6 23.0
2010 7 60.0
2010 8 82.0
2010 9 42.0
2010 10 45.0
2010 11 31.0
2010 12 3.0
2011 1 12.0
2011 2 60.0
2011 3 56.0
2011 4 25.0
2011 5 131.0
2011 6 23.0
2011 7 81.0
2011 8 96.0
2011 9 187.0
2011 10 70.0
2011 11 21.0
2011 12 17.0
2012 1 64.0
2012 2 12.0
2012 3 39.0
2012 4 55.0
2012 5 25.0
2012 6 217.0
2012 7 142.0
2012 8 44.0
2012 9 277.0
2012 10 141.0
2012 11 170.0
2012 12 48.0
2013 1 200.0
2013 2 21.0
2013 3 332.0
2013 4 193.0
2013 5 94.0
2013 6 145.0
2013 7 93.0
2013 8 366.0
2013 9 388.0
2013 10 68.0
2013 11 21.0
2013 12 112.0
2014 1 170.0
2014 2 41.0
2014 3 361.0
2014 4 356.0
2014 5 242.0
2014 6 54.0
2014 7 68.0
2014 8 145.0
2014 9 21.0
2014 10 229.0
2014 11 30.0
2014 12 361.0
2015 1 43.0
2015 2 87.0
2015 3 165.0
2015 4 110.0
2015 5 154.0
2015 6 93.0
2015 7 356.0
2015 8 150.0
2015 9 107.0
2015 10 262.0
2015 11 56.0
2015 12 79.0
2016 1 174.0
2016 2 355.0
2016 3 76.0
2016 4 268.0
2016 5 478.0
2016 6 270.0
2016 7 85.0
2016 8 189.0
2016 9 244.0
2016 10 120.0
2016 11 119.0
2016 12 165.0
2017 1 159.0
2017 2 143.0
2017 3 160.0
2017 4 154.0
2017 5 69.0
2017 6 161.0
2017 7 136.0
2017 8 102.0
2017 9 460.0
2017 10 201.0
2017 11 197.0
2017 12 104.0
2018 1 39.0
2018 2 236.0
2018 3 183.0
2018 4 128.0
2018 5 241.0
2018 6 43.0
2018 7 95.0
2018 8 333.0
2018 9 130.0
2018 10 188.0
2018 11 5.0
2018 12 60.0
2019 1 70.0
2019 2 54.0
2019 3 105.0
2019 4 176.0
2019 5 114.0
2019 6 84.0
2019 7 97.0
2019 8 158.0
2019 9 76.0
2019 10 298.0
2019 11 127.0
2019 12 154.0
2020 1 36.0
2020 2 44.0
2020 3 224.0
2020 4 137.0
2020 5 197.0
2020 6 239.0
2020 7 269.0
2020 8 194.0
2020 9 324.0
2020 10 544.0
2020 11 592.0
2020 12 95.0
2021 1 393.0
2021 2 4.0
2021 3 323.0
2021 4 325.0
2021 5 257.0
2021 6 208.0
2021 7 246.0
2021 8 463.0
2021 9 352.0
2021 10 297.0
2021 11 241.0
2021 12 322.0
2022 1 184.0
2022 2 90.0
2022 3 876.0
2022 4 414.0
2022 5 1309.0
2022 6 241.0
2022 7 1013.0
2022 8 651.0
2022 9 425.0
2022 10 117.0
2022 11 109.0
2022 12 123.0
2023 1 166.0
2023 2 29.0
2023 3 907.0
2023 4 393.0
2023 5 423.0
2023 6 255.0
2023 7 109.0
2023 8 372.0
2023 9 617.0
2023 10 219.0
2023 11 334.0
2023 12 175.0
2024 1 202.0
2024 2 116.0
2024 3 368.0
2024 4 81.0
2024 5 200.0
2024 6 145.0
2024 7 185.0
2024 8 752.0
