1960 9 10.0
1960 10 8.0
1960 11 6.0
1960 12 5.666666666666667
1961 1 5.333333333333333
1961 2 5.0
1961 3 6.5
1961 4 8.0
1961 5 14.0
1961 6 20.0
1961 7 16.5
1961 8 13.0
1961 9 9.5
1961 10 6.0
1961 11 20.0
1961 12 6.0
1962 1 7.0
1962 2 6.666666666666667
1962 3 6.333333333333333
1962 4 6.0
1962 5 12.25
1962 6 18.5
1962 7 24.75
1962 8 31.0
1962 9 8.0
1962 10 10.5
1962 11 13.0
1962 12 6.0
1963 1 14.0
1963 2 11.0
1963 3 8.0
1963 4 8.0
1963 5 8.0
1963 6 8.0
1963 7 40.0
1963 8 32.666666666666664
1963 9 25.333333333333336
1963 10 18.0
1963 11 230.0
1963 12 121.0
1964 1 12.0
1964 2 14.0
1964 3 16.0
1964 4 12.0
1964 5 12.0
1964 6 5.0
1964 7 63.0
1964 8 162.0
1964 9 8.0
1964 10 13.0
1964 11 22.0
1964 12 6.0
1965 1 234.0
1965 2 6.0
1965 3 33.0
1965 4 56.0
1965 5 37.5
1965 6 19.0
1965 7 13.5
1965 8 8.0
1965 9 237.0
1965 10 466.0
1965 11 10.0
1965 12 139.5
1966 1 269.0
1966 2 20.0
1966 3 28.0
1966 4 32.0
1966 5 78.0
1966 6 42.0
1966 7 5.0
1966 8 13.0
1966 9 30.0
1966 10 22.0
1966 11 11.0
1966 12 11.5
1967 1 12.0
1967 2 20.0
1967 3 18.0
1967 4 16.0
1967 5 132.0
1967 6 99.0
1967 7 130.0
1967 8 524.0
1967 9 199.0
1967 10 8.0
1967 11 154.0
1967 12 512.0
1968 1 345.33333333333337
1968 2 178.66666666666669
1968 3 12.0
1968 4 14.0
1968 5 395.0
1968 6 141.0
1968 7 219.0
1968 8 24.0
1968 9 228.0
1968 10 70.0
1968 11 342.0
1968 12 128.0
1969 1 166.0
1969 2 323.0
1969 3 46.0
1969 4 165.0
1969 5 174.0
1969 6 440.0
1969 7 165.0
1969 8 290.0
1969 9 273.0
1969 10 328.0
1969 11 16.0
1969 12 311.0
1970 1 126.0
1970 2 222.0
1970 3 321.0
1970 4 410.0
1970 5 1185.0
1970 6 542.0
1970 7 40.0
1970 8 19.0
1970 9 139.0
1970 10 26.0
1970 11 251.0
1970 12 370.0
1971 1 351.0
1971 2 276.0
1971 3 428.0
1971 4 242.0
1971 5 387.0
1971 6 330.0
1971 7 1312.0
1971 8 1518.0
1971 9 115.0
1971 10 356.0
1971 11 648.0
1971 12 1149.0
1972 1 485.0
1972 2 800.0
1972 3 374.0
1972 4 1544.0
1972 5 298.0
1972 6 803.0
1972 7 129.0
1972 8 611.0
1972 9 1692.0
1972 10 332.0
1972 11 860.0
1972 12 1274.0
1973 1 984.0
1973 2 732.0
1973 3 829.0
1973 4 566.0
1973 5 520.0
1973 6 585.0
1973 7 248.0
1973 8 652.0
1973 9 538.0
1973 10 516.0
1973 11 474.0
1973 12 214.0
1974 1 197.0
1974 2 31.0
1974 3 314.0
1974 4 207.0
1974 5 103.0
1974 6 151.0
1974 7 120.0
1974 8 123.0
1974 9 32.0
1974 10 253.0
1974 11 307.0
1974 12 22.0
1975 1 293.0
1975 2 100.0
1975 3 151.5
1975 4 203.0
1975 5 131.5
1975 6 60.0
1975 7 110.0
1975 8 306.5
1975 9 503.0
1975 10 72.0
1975 11 88.0
1975 12 506.0
1976 1 17.0
1976 2 24.0
1976 3 61.0
1976 4 40.0
1976 5 101.0
1976 6 65.0
1976 7 178.0
1976 8 26.0
1976 9 186.0
1976 10 34.0
1976 11 442.0
1976 12 351.0
1977 1 55.0
1977 2 193.0
1977 3 184.0
1977 4 313.0
1977 5 432.0
1977 6 212.0
1977 7 173.0
1977 8 65.0
1977 9 138.0
1977 10 509.0
1977 11 396.0
1977 12 111.0
1978 1 535.0
1978 2 379.0
1978 3 341.0
1978 4 454.0
1978 5 246.0
1978 6 132.0
1978 7 217.0
1978 8 358.0
1978 9 322.0
1978 10 512.0
1978 11 180.0
1978 12 200.0
1979 1 270.0
1979 2 336.0
1979 3 369.0
1979 4 656.0
1979 5 1180.0
1979 6 324.0
1979 7 396.0
1979 8 78.0
1979 9 845.0
1979 10 377.0
1979 11 266.0
1979 12 725.0
1980 1 363.0
1980 2 174.0
1980 3 335.0
1980 4 416.0
1980 5 205.0
1980 6 650.0
1980 7 517.0
1980 8 246.0
1980 9 682.0
1980 10 383.0
1980 11 61.0
1980 12 157.0
1981 1 369.0
1981 2 864.0
1981 3 1096.0
1981 4 425.0
1981 5 1030.0
1981 6 441.0
1981 7 227.0
1981 8 114.0
1981 9 306.0
1981 10 890.0
1981 11 41.0
1981 12 121.0
1982 1 200.0
1982 2 171.0
1982 3 664.0
1982 4 342.0
1982 5 362.0
1982 6 700.0
1982 7 884.0
1982 8 210.0
1982 9 622.0
1982 10 435.0
1982 11 400.0
1982 12 325.0
1983 1 228.0
1983 2 564.0
1983 3 380.0
1983 4 395.0
1983 5 1020.0
1983 6 674.0
1983 7 269.0
1983 8 497.0
1983 9 1052.0
1983 10 1144.0
1983 11 1207.0
1983 12 982.0
1984 1 594.0
1984 2 1464.0
1984 3 999.0
1984 4 892.0
1984 5 590.0
1984 6 1679.0
1984 7 1104.0
1984 8 1336.0
1984 9 1021.0
1984 10 1557.0
1984 11 455.0
1984 12 645.0
1985 1 956.0
1985 2 654.0
1985 3 558.0
1985 4 874.0
1985 5 1861.0
1985 6 586.0
1985 7 764.0
1985 8 798.0
1985 9 1042.0
1985 10 1417.0
1985 11 1638.0
1985 12 625.0
1986 1 662.0
1986 2 448.0
1986 3 233.0
1986 4 570.0
1986 5 690.0
1986 6 963.0
1986 7 462.0
1986 8 226.0
1986 9 663.0
1986 10 290.0
1986 11 1053.0
1986 12 457.0
1987 1 203.0
1987 2 483.0
1987 3 189.0
1987 4 319.0
1987 5 243.0
1987 6 357.0
1987 7 375.0
1987 8 150.0
1987 9 294.0
1987 10 350.0
1987 11 151.0
1987 12 226.0
1988 1 145.0
1988 2 348.0
1988 3 131.0
1988 4 272.0
1988 5 114.0
1988 6 403.0
1988 7 556.0
1988 8 298.0
1988 9 295.0
1988 10 505.0
1988 11 916.0
1988 12 664.0
1989 1 529.0
1989 2 405.0
1989 3 193.0
1989 4 298.0
1989 5 309.0
1989 6 110.0
1989 7 267.0
1989 8 200.0
1989 9 54.0
1989 10 324.0
1989 11 89.0
1989 12 59.0
1990 1 773.0
1990 2 79.0
1990 3 223.0
1990 4 31.0
1990 5 193.0
1990 6 423.0
1990 7 115.0
1990 8 114.0
1990 9 101.0
1990 10 28.0
1990 11 40.0
1990 12 328.0
1991 1 115.0
1991 2 94.0
1991 3 278.0
1991 4 251.0
1991 5 98.0
1991 6 773.0
1991 7 43.0
1991 8 63.0
1991 9 84.0
1991 10 85.0
1991 11 179.0
1991 12 26.0
1992 1 41.0
1992 2 61.0
1992 3 108.0
1992 4 50.0
1992 5 64.0
1992 6 257.0
1992 7 123.0
1992 8 55.0
1992 9 305.0
1992 10 229.0
1992 11 118.0
1992 12 96.0
1993 1 43.0
1993 2 25.0
1993 3 21.0
1993 4 8.0
1993 5 23.0
1993 6 169.0
1993 7 119.0
1993 8 107.0
1993 9 203.0
1993 10 56.0
1993 11 108.0
1993 12 281.0
1994 1 254.0
1994 2 99.0
1994 3 242.0
1994 4 384.0
1994 5 171.0
1994 6 505.0
1994 7 324.0
1994 8 151.0
1994 9 282.0
1994 10 676.0
1994 11 363.0
1994 12 697.0
1995 1 156.0
1995 2 179.0
1995 3 552.0
1995 4 268.0
1995 5 308.0
1995 6 440.0
1995 7 502.0
1995 8 284.0
1995 9 234.0
1995 10 780.0
1995 11 294.0
1995 12 587.0
1996 1 632.0
1996 2 511.0
1996 3 403.0
1996 4 267.0
1996 5 438.0
1996 6 332.0
1996 7 706.0
1996 8 503.0
1996 9 164.0
1996 10 657.0
1996 11 690.0
1996 12 645.0
1997 1 362.0
1997 2 241.0
1997 3 692.0
1997 4 589.0
1997 5 486.0
1997 6 522.0
1997 7 938.0
1997 8 1028.0
1997 9 732.0
1997 10 639.0
1997 11 405.0
1997 12 473.0
1998 1 359.0
1998 2 485.0
1998 3 526.0
1998 4 434.0
1998 5 452.0
1998 6 772.0
1998 7 1203.0
1998 8 595.0
1998 9 394.0
1998 10 682.0
1998 11 247.0
1998 12 699.0
1999 1 982.0
1999 2 816.0
1999 3 724.0
1999 4 578.0
1999 5 419.0
1999 6 1074.0
1999 7 587.0
1999 8 985.0
1999 9 288.0
1999 10 720.0
1999 11 399.0
1999 12 151.0
2000 1 1398.0
2000 2 384.0
2000 3 738.0
2000 4 398.0
2000 5 449.0
2000 6 819.0
2000 7 490.0
2000 8 367.0
2000 9 664.0
2000 10 169.0
2000 11 184.0
2000 12 770.0
2001 1 277.0
2001 2 170.0
2001 3 570.0
2001 4 188.0
2001 5 491.0
2001 6 531.0
2001 7 565.0
2001 8 867.0
2001 9 447.0
2001 10 248.0
2001 11 613.0
2001 12 250.0
2002 1 312.0
2002 2 479.0
2002 3 386.0
2002 4 400.0
2002 5 283.0
2002 6 311.0
2002 7 247.0
2002 8 448.0
2002 9 368.0
2002 10 216.0
2002 11 94.0
2002 12 229.0
2003 1 457.0
2003 2 309.0
2003 3 302.0
2003 4 266.0
2003 5 359.0
2003 6 332.0
2003 7 998.0
2003 8 225.0
2003 9 254.0
2003 10 415.0
2003 11 315.0
2003 12 243.0
2004 1 186.0
2004 2 562.0
2004 3 386.0
2004 4 444.0
2004 5 627.0
2004 6 569.0
2004 7 637.0
2004 8 255.0
2004 9 675.0
2004 10 483.0
2004 11 530.0
2004 12 1274.0
2005 1 1003.0
2005 2 730.0
2005 3 903.0
2005 4 426.0
2005 5 594.0
2005 6 946.0
2005 7 773.0
2005 8 740.0
2005 9 776.0
2005 10 671.0
2005 11 763.0
2005 12 552.0
2006 1 1072.0
2006 2 884.0
2006 3 863.0
2006 4 313.0
2006 5 588.0
2006 6 542.0
2006 7 462.0
2006 8 664.0
2006 9 1085.0
2006 10 419.0
2006 11 630.0
2006 12 818.0
2007 1 551.0
2007 2 388.0
2007 3 516.0
2007 4 930.0
2007 5 1601.0
2007 6 450.0
2007 7 209.0
2007 8 220.0
2007 9 395.0
2007 10 244.0
2007 11 662.0
2007 12 1132.0
2008 1 643.0
2008 2 278.0
2008 3 514.0
2008 4 503.0
2008 5 240.0
2008 6 560.0
2008 7 1177.0
2008 8 394.0
2008 9 425.0
2008 10 501.0
2008 11 63.0
2008 12 116.0
2009 1 435.0
2009 2 169.0
2009 3 89.0
2009 4 84.0
2009 5 88.0
2009 6 146.0
2009 7 28.0
2009 8 329.0
2009 9 83.0
2009 10 359.0
2009 11 101.0
2009 12 77.0
2010 1 90.0
2010 2 136.0
2010 3 215.0
2010 4 66.0
2010 5 80.0
2010 6 93.0
2010 7 129.0
2010 8 197.0
2010 9 59.0
2010 10 111.0
2010 11 74.0
2010 12 22.0
2011 1 56.0
2011 2 146.0
2011 3 309.0
2011 4 312.0
2011 5 106.0
2011 6 108.0
2011 7 185.0
2011 8 63.0
2011 9 64.0
2011 10 639.0
2011 11 136.0
2011 12 608.0
2012 1 342.0
2012 2 307.0
2012 3 210.0
2012 4 149.0
2012 5 1007.0
2012 6 270.0
2012 7 110.0
2012 8 119.0
2012 9 364.0
2012 10 170.0
2012 11 261.0
2012 12 233.0
2013 1 387.0
2013 2 156.0
2013 3 272.0
2013 4 111.0
2013 5 295.0
2013 6 290.0
2013 7 438.0
2013 8 134.0
2013 9 804.0
2013 10 414.0
2013 11 212.0
2013 12 298.0
2014 1 793.0
2014 2 993.0
2014 3 389.0
2014 4 518.0
2014 5 249.0
2014 6 133.0
2014 7 216.0
2014 8 242.0
2014 9 613.0
2014 10 670.0
2014 11 242.0
2014 12 689.0
2015 1 128.0
2015 2 793.0
2015 3 176.0
2015 4 1184.0
2015 5 745.0
2015 6 271.0
2015 7 629.0
2015 8 558.0
2015 9 997.0
2015 10 399.0
2015 11 285.0
2015 12 278.0
2016 1 216.0
2016 2 219.0
2016 3 203.0
2016 4 457.0
2016 5 582.0
2016 6 624.0
2016 7 872.0
2016 8 504.0
2016 9 599.0
2016 10 237.0
2016 11 539.0
2016 12 154.0
2017 1 433.0
2017 2 317.0
2017 3 219.0
2017 4 223.0
2017 5 474.0
2017 6 480.0
2017 7 882.0
2017 8 338.0
2017 9 568.0
2017 10 240.0
2017 11 465.0
2017 12 398.0
2018 1 478.0
2018 2 162.0
2018 3 573.0
2018 4 615.0
2018 5 327.0
2018 6 671.0
2018 7 294.0
2018 8 901.0
2018 9 535.0
2018 10 312.0
2018 11 519.0
2018 12 768.0
2019 1 1048.0
2019 2 421.0
2019 3 415.0
2019 4 493.0
2019 5 717.0
2019 6 154.0
2019 7 224.0
2019 8 381.0
2019 9 273.0
2019 10 220.0
2019 11 262.0
2019 12 199.0
2020 1 227.0
2020 2 197.0
2020 3 226.0
2020 4 221.0
2020 5 483.0
2020 6 591.0
2020 7 622.0
2020 8 205.0
2020 9 197.0
2020 10 588.0
2020 11 954.0
2020 12 487.0
2021 1 265.0
2021 2 436.0
2021 3 282.0
2021 4 272.0
2021 5 361.0
2021 6 1092.0
2021 7 258.0
2021 8 443.0
2021 9 593.0
2021 10 691.0
2021 11 1005.0
2021 12 320.0
2022 1 910.0
2022 2 440.0
2022 3 825.0
2022 4 615.0
2022 5 548.0
2022 6 470.0
2022 7 594.0
2022 8 518.0
2022 9 485.0
2022 10 829.0
2022 11 393.0
2022 12 667.0
2023 1 554.0
2023 2 416.0
2023 3 398.0
2023 4 485.0
2023 5 666.0
2023 6 188.0
2023 7 311.0
2023 8 568.0
2023 9 223.0
2023 10 392.0
2023 11 231.0
2023 12 130.0
2024 1 285.0
2024 2 468.0
2024 3 235.0
2024 4 200.0
2024 5 578.0
2024 6 730.0
2024 7 833.0
2024 8 423.0
