1960 5 149.0
1960 6 155.0
1960 7 105.0
1960 8 122.0
1960 9 128.0
1960 10 157.0
1960 11 192.0
1960 12 68.0
1961 1 81.0
1961 2 52.0
1961 3 125.0
1961 4 211.0
1961 5 164.0
1961 6 145.0
1961 7 166.0
1961 8 179.0
1961 9 159.0
1961 10 163.0
1961 11 169.0
1961 12 48.0
1962 1 52.0
1962 2 60.0
1962 3 70.0
1962 4 175.0
1962 5 121.0
1962 6 146.0
1962 7 90.0
1962 8 90.0
1962 9 99.0
1962 10 171.0
1962 11 133.0
1962 12 107.0
1963 1 31.0
1963 2 29.0
1963 3 70.0
1963 4 193.0
1963 5 149.0
1963 6 82.0
1963 7 107.0
1963 8 146.0
1963 9 143.0
1963 10 147.0
1963 11 191.0
1963 12 34.0
1964 1 54.0
1964 2 31.0
1964 3 78.0
1964 4 126.0
1964 5 111.0
1964 6 95.0
1964 7 113.0
1964 8 83.0
1964 9 110.0
1964 10 122.0
1964 11 150.0
1964 12 28.0
1965 1 15.0
1965 2 171.0
1965 3 122.0
1965 4 232.0
1965 5 113.0
1965 6 130.0
1965 7 109.0
1965 8 128.0
1965 9 112.0
1965 10 146.0
1965 11 150.0
1965 12 76.0
1966 1 17.0
1966 2 38.0
1966 3 101.0
1966 4 126.0
1966 5 82.0
1966 6 67.0
1966 7 66.0
1966 8 64.0
1966 9 41.0
1966 10 63.0
1966 11 35.0
1966 12 25.0
1967 1 12.0
1967 2 6.0
1967 3 44.0
1967 4 52.0
1967 5 147.0
1967 6 72.0
1967 7 92.0
1967 8 53.0
1967 9 72.0
1967 10 93.0
1967 11 256.0
1967 12 32.0
1968 1 34.0
1968 2 23.0
1968 3 205.0
1968 4 100.0
1968 5 175.0
1968 6 241.0
1968 7 130.0
1968 8 64.0
1968 9 107.0
1968 10 131.0
1968 11 62.0
1968 12 43.0
1969 1 3.0
1969 2 6.0
1969 3 116.0
1969 4 237.0
1969 5 213.0
1969 6 111.0
1969 7 184.0
1969 8 67.0
1969 9 231.0
1969 10 148.0
1969 11 144.0
1969 12 49.0
1970 1 5.0
1970 2 17.0
1970 3 266.0
1970 4 234.0
1970 5 174.0
1970 6 231.0
1970 7 138.0
1970 8 228.0
1970 9 173.0
1970 10 232.0
1970 11 675.0
1970 12 54.0
1971 1 47.0
1971 2 27.0
1971 3 81.0
1971 4 485.0
1971 5 294.0
1971 6 165.0
1971 7 199.0
1971 8 203.0
1971 9 417.0
1971 10 265.0
1971 11 192.0
1971 12 100.0
1972 1 44.0
1972 2 13.0
1972 3 201.0
1972 4 289.0
1972 5 335.0
1972 6 470.0
1972 7 402.0
1972 8 311.0
1972 9 351.0
1972 10 380.0
1972 11 309.0
1972 12 128.0
1973 1 192.0
1973 2 112.0
1973 3 522.0
1973 4 264.0
1973 5 393.0
1973 6 319.0
1973 7 311.0
1973 8 198.0
1973 9 149.0
1973 10 305.0
1973 11 375.0
1973 12 92.0
1974 1 44.0
1974 2 32.0
1974 3 193.0
1974 4 344.0
1974 5 489.0
1974 6 192.0
1974 7 349.0
1974 8 217.0
1974 9 222.0
1974 10 209.0
1974 11 285.0
1974 12 98.0
1975 1 108.0
1975 2 79.0
1975 3 153.0
1975 4 257.0
1975 5 269.0
1975 6 367.0
1975 7 340.0
1975 8 313.0
1975 9 208.0
1975 10 306.0
1975 11 242.0
1975 12 184.0
1976 1 78.0
1976 2 136.0
1976 3 300.0
1976 4 415.0
1976 5 368.0
1976 6 372.0
1976 7 431.0
1976 8 425.0
1976 9 718.0
1976 10 597.0
1976 11 668.0
1976 12 125.0
1977 1 104.0
1977 2 318.0
1977 3 535.0
1977 4 587.0
1977 5 598.0
1977 6 514.0
1977 7 558.0
1977 8 644.0
1977 9 478.0
1977 10 855.0
1977 11 302.0
1977 12 291.0
1978 1 103.0
1978 2 56.0
1978 3 471.0
1978 4 580.0
1978 5 467.0
1978 6 611.0
1978 7 317.0
1978 8 379.0
1978 9 369.0
1978 10 436.0
1978 11 199.0
1978 12 45.0
1979 1 202.0
1979 2 21.0
1979 3 214.0
1979 4 329.0
1979 5 667.0
1979 6 510.0
1979 7 367.0
1979 8 806.0
1979 9 301.0
1979 10 528.0
1979 11 201.0
1979 12 99.0
1980 1 83.0
1980 2 62.0
1980 3 139.0
1980 4 271.0
1980 5 249.0
1980 6 304.0
1980 7 394.0
1980 8 569.0
1980 9 288.0
1980 10 361.0
1980 11 258.0
1980 12 150.0
1981 1 106.0
1981 2 112.0
1981 3 153.0
1981 4 186.0
1981 5 160.0
1981 6 113.0
1981 7 180.0
1981 8 181.0
1981 9 103.0
1981 10 126.0
1981 11 65.0
1981 12 103.0
1982 1 19.0
1982 2 10.0
1982 3 54.0
1982 4 135.0
1982 5 220.0
1982 6 95.0
1982 7 140.0
1982 8 95.0
1982 9 177.0
1982 10 204.0
1982 11 131.0
1982 12 70.0
1983 1 58.0
1983 2 62.0
1983 3 93.0
1983 4 177.0
1983 5 211.0
1983 6 237.0
1983 7 234.0
1983 8 179.0
1983 9 328.0
1983 10 371.0
1983 11 182.0
1983 12 252.0
1984 1 148.0
1984 2 208.0
1984 3 223.0
1984 4 263.0
1984 5 377.0
1984 6 248.0
1984 7 412.0
1984 8 333.0
1984 9 230.0
1984 10 471.0
1984 11 423.0
1984 12 170.0
1985 1 102.0
1985 2 48.0
1985 3 385.0
1985 4 233.0
1985 5 246.0
1985 6 147.0
1985 7 180.0
1985 8 300.0
1985 9 218.0
1985 10 163.0
1985 11 50.0
1985 12 65.0
1986 1 39.0
1986 2 85.0
1986 3 107.0
1986 4 204.0
1986 5 382.0
1986 6 142.0
1986 7 213.0
1986 8 136.0
1986 9 245.0
1986 10 211.0
1986 11 93.0
1986 12 77.0
1987 1 60.0
1987 2 108.0
1987 3 148.0
1987 4 209.0
1987 5 167.0
1987 6 188.0
1987 7 183.0
1987 8 149.0
1987 9 243.0
1987 10 170.0
1987 11 149.0
1987 12 70.0
1988 1 93.0
1988 2 88.0
1988 3 167.0
1988 4 144.0
1988 5 160.0
1988 6 156.0
1988 7 234.0
1988 8 182.0
1988 9 146.0
1988 10 173.0
1988 11 126.0
1988 12 199.0
1989 1 51.0
1989 2 24.0
1989 3 100.0
1989 4 133.0
1989 5 394.0
1989 6 200.0
1989 7 122.0
1989 8 172.0
1989 9 142.0
1989 10 260.0
1989 11 304.0
1989 12 158.0
1990 1 935.0
1990 2 62.0
1990 3 162.0
1990 4 172.0
1990 5 339.0
1990 6 204.0
1990 7 172.0
1990 8 218.0
1990 9 239.0
1990 10 269.0
1990 11 133.0
1990 12 47.0
1991 1 88.0
1991 2 127.0
1991 3 218.0
1991 4 210.0
1991 5 241.0
1991 6 163.0
1991 7 232.0
1991 8 279.0
1991 9 300.0
1991 10 248.0
1991 11 132.0
1991 12 173.0
1992 1 91.0
1992 2 152.0
1992 3 204.0
1992 4 197.0
1992 5 333.0
1992 6 268.0
1992 7 193.0
1992 8 205.0
1992 9 408.0
1992 10 341.0
1992 11 329.0
1992 12 147.0
1993 1 96.0
1993 2 116.0
1993 3 608.0
1993 4 238.0
1993 5 259.0
1993 6 253.0
1993 7 188.0
1993 8 353.0
1993 9 438.0
1993 10 315.0
1993 11 212.0
1993 12 161.0
1994 1 147.0
1994 2 112.0
1994 3 492.0
1994 4 315.0
1994 5 448.0
1994 6 606.0
1994 7 434.0
1994 8 421.0
1994 9 371.0
1994 10 652.0
1994 11 440.0
1994 12 79.0
1995 1 198.0
1995 2 96.0
1995 3 447.0
1995 4 367.0
1995 5 459.0
1995 6 443.0
1995 7 311.0
1995 8 480.0
1995 9 341.0
1995 10 350.0
1995 11 367.0
1995 12 190.0
1996 1 85.0
1996 2 113.0
1996 3 476.0
1996 4 516.0
1996 5 349.0
1996 6 480.0
1996 7 612.0
1996 8 451.0
1996 9 430.0
1996 10 397.0
1996 11 284.0
1996 12 198.0
1997 1 89.0
1997 2 103.0
1997 3 205.0
1997 4 268.0
1997 5 330.0
1997 6 366.0
1997 7 280.0
1997 8 351.0
1997 9 530.0
1997 10 313.0
1997 11 516.0
1997 12 462.0
1998 1 118.0
1998 2 119.0
1998 3 186.0
1998 4 321.0
1998 5 442.0
1998 6 342.0
1998 7 306.0
1998 8 437.0
1998 9 296.0
1998 10 351.0
1998 11 293.0
1998 12 277.0
1999 1 119.0
1999 2 256.0
1999 3 353.0
1999 4 478.0
1999 5 347.0
1999 6 384.0
1999 7 402.0
1999 8 418.0
1999 9 370.0
1999 10 385.0
1999 11 349.0
1999 12 175.0
2000 1 209.0
2000 2 254.0
2000 3 498.0
2000 4 339.0
2000 5 415.0
2000 6 452.0
2000 7 389.0
2000 8 433.0
2000 9 517.0
2000 10 405.0
2000 11 279.0
2000 12 165.0
2001 1 205.0
2001 2 147.0
2001 3 277.0
2001 4 469.0
2001 5 387.0
2001 6 468.0
2001 7 524.0
2001 8 418.0
2001 9 440.0
2001 10 495.0
2001 11 293.0
2001 12 271.0
2002 1 143.0
2002 2 369.0
2002 3 238.0
2002 4 485.0
2002 5 411.0
2002 6 445.0
2002 7 393.0
2002 8 332.0
2002 9 435.0
2002 10 410.0
2002 11 293.0
2002 12 329.0
2003 1 326.0
2003 2 130.0
2003 3 293.0
2003 4 446.0
2003 5 577.0
2003 6 430.0
2003 7 650.0
2003 8 396.0
2003 9 459.0
2003 10 420.0
2003 11 313.0
2003 12 227.0
2004 1 449.0
2004 2 218.0
2004 3 581.0
2004 4 639.0
2004 5 575.0
2004 6 444.0
2004 7 670.0
2004 8 497.0
2004 9 386.0
2004 10 494.0
2004 11 460.0
2004 12 306.0
2005 1 202.0
2005 2 249.0
2005 3 541.0
2005 4 665.0
2005 5 539.0
2005 6 492.0
2005 7 510.0
2005 8 468.0
2005 9 650.0
2005 10 438.0
2005 11 524.0
2005 12 354.0
2006 1 837.0
2006 2 495.0
2006 3 492.0
2006 4 572.0
2006 5 572.0
2006 6 571.0
2006 7 465.0
2006 8 468.0
2006 9 470.0
2006 10 391.0
2006 11 280.0
2006 12 195.0
2007 1 234.0
2007 2 177.0
2007 3 466.0
2007 4 565.0
2007 5 871.0
2007 6 403.0
2007 7 407.0
2007 8 519.0
2007 9 395.0
2007 10 372.0
2007 11 473.0
2007 12 154.0
2008 1 112.0
2008 2 144.0
2008 3 275.0
2008 4 612.0
2008 5 466.0
2008 6 522.0
2008 7 554.0
2008 8 372.0
2008 9 471.0
2008 10 281.0
2008 11 216.0
2008 12 143.0
2009 1 204.0
2009 2 113.0
2009 3 251.0
2009 4 280.0
2009 5 412.0
2009 6 375.0
2009 7 326.0
2009 8 383.0
2009 9 315.0
2009 10 297.0
2009 11 359.0
2009 12 217.0
2010 1 88.0
2010 2 117.0
2010 3 247.0
2010 4 585.0
2010 5 300.0
2010 6 315.0
2010 7 257.0
2010 8 290.0
2010 9 279.0
2010 10 285.0
2010 11 178.0
2010 12 79.0
2011 1 57.0
2011 2 121.0
2011 3 204.0
2011 4 267.0
2011 5 383.0
2011 6 285.0
2011 7 273.0
2011 8 374.0
2011 9 466.0
2011 10 268.0
2011 11 106.0
2011 12 77.0
2012 1 140.0
2012 2 128.0
2012 3 298.0
2012 4 425.0
2012 5 338.0
2012 6 551.0
2012 7 391.0
2012 8 346.0
2012 9 559.0
2012 10 539.0
2012 11 386.0
2012 12 175.0
2013 1 294.0
2013 2 142.0
2013 3 602.0
2013 4 709.0
2013 5 405.0
2013 6 405.0
2013 7 402.0
2013 8 705.0
2013 9 769.0
2013 10 366.0
2013 11 218.0
2013 12 195.0
2014 1 264.0
2014 2 116.0
2014 3 564.0
2014 4 745.0
2014 5 539.0
2014 6 419.0
2014 7 382.0
2014 8 391.0
2014 9 364.0
2014 10 531.0
2014 11 164.0
2014 12 477.0
2015 1 151.0
2015 2 215.0
2015 3 449.0
2015 4 404.0
2015 5 427.0
2015 6 337.0
2015 7 625.0
2015 8 366.0
2015 9 367.0
2015 10 486.0
2015 11 197.0
2015 12 171.0
2016 1 267.0
2016 2 486.0
2016 3 373.0
2016 4 596.0
2016 5 778.0
2016 6 625.0
2016 7 334.0
2016 8 526.0
2016 9 545.0
2016 10 454.0
2016 11 347.0
2016 12 249.0
2017 1 257.0
2017 2 299.0
2017 3 466.0
2017 4 535.0
2017 5 414.0
2017 6 539.0
2017 7 362.0
2017 8 435.0
2017 9 790.0
2017 10 559.0
2017 11 418.0
2017 12 258.0
2018 1 166.0
2018 2 353.0
2018 3 418.0
2018 4 467.0
2018 5 604.0
2018 6 342.0
2018 7 365.0
2018 8 624.0
2018 9 455.0
2018 10 457.0
2018 11 190.0
2018 12 171.0
2019 1 182.0
2019 2 124.0
2019 3 269.0
2019 4 450.0
2019 5 400.0
2019 6 395.0
2019 7 414.0
2019 8 427.0
2019 9 426.0
2019 10 688.0
2019 11 314.0
2019 12 304.0
2020 1 135.0
2020 2 207.0
2020 3 493.0
2020 4 405.0
2020 5 514.0
2020 6 741.0
2020 7 602.0
2020 8 576.0
2020 9 762.0
2020 10 872.0
2020 11 854.0
2020 12 348.0
2021 1 595.0
2021 2 245.0
2021 3 746.0
2021 4 811.0
2021 5 662.0
2021 6 604.0
2021 7 617.0
2021 8 797.0
2021 9 770.0
2021 10 706.0
2021 11 512.0
2021 12 522.0
2022 1 352.0
2022 2 301.0
2022 3 1344.0
2022 4 926.0
2022 5 1780.0
2022 6 628.0
2022 7 1347.0
2022 8 1023.0
2022 9 743.0
2022 10 411.0
2022 11 297.0
2022 12 239.0
2023 1 261.0
2023 2 151.0
2023 3 1120.0
2023 4 717.0
2023 5 761.0
2023 6 623.0
2023 7 445.0
2023 8 758.0
2023 9 1067.0
2023 10 508.0
2023 11 522.0
2023 12 324.0
2024 1 309.0
2024 2 313.0
2024 3 639.0
2024 4 417.0
2024 5 548.0
2024 6 443.0
2024 7 533.0
2024 8 1105.0
