1960 5 908.0
1960 6 940.0
1960 7 817.0
1960 8 818.0
1960 9 998.0
1960 10 821.0
1960 11 649.0
1960 12 517.0
1961 1 700.0
1961 2 635.0
1961 3 885.0
1961 4 859.0
1961 5 1175.0
1961 6 975.0
1961 7 839.0
1961 8 994.0
1961 9 947.0
1961 10 957.0
1961 11 739.0
1961 12 505.0
1962 1 551.0
1962 2 784.0
1962 3 999.0
1962 4 866.0
1962 5 926.0
1962 6 868.0
1962 7 811.0
1962 8 856.0
1962 9 727.0
1962 10 787.0
1962 11 644.0
1962 12 684.0
1963 1 614.0
1963 2 656.0
1963 3 1076.0
1963 4 1079.0
1963 5 882.0
1963 6 873.0
1963 7 844.0
1963 8 872.0
1963 9 753.0
1963 10 776.0
1963 11 573.0
1963 12 744.0
1964 1 552.0
1964 2 764.0
1964 3 927.0
1964 4 1043.0
1964 5 938.0
1964 6 929.0
1964 7 813.0
1964 8 810.0
1964 9 716.0
1964 10 917.0
1964 11 657.0
1964 12 824.0
1965 1 725.0
1965 2 679.0
1965 3 918.0
1965 4 1134.0
1965 5 909.0
1965 6 916.0
1965 7 907.0
1965 8 823.0
1965 9 868.0
1965 10 829.0
1965 11 794.0
1965 12 669.0
1966 1 648.0
1966 2 688.0
1966 3 1002.0
1966 4 886.0
1966 5 793.0
1966 6 825.0
1966 7 695.0
1966 8 644.0
1966 9 563.0
1966 10 631.0
1966 11 597.0
1966 12 605.0
1967 1 688.0
1967 2 692.0
1967 3 1121.0
1967 4 944.0
1967 5 940.0
1967 6 1050.0
1967 7 856.0
1967 8 937.0
1967 9 876.0
1967 10 1015.0
1967 11 745.0
1967 12 621.0
1968 1 683.0
1968 2 772.0
1968 3 979.0
1968 4 999.0
1968 5 1160.0
1968 6 918.0
1968 7 1089.0
1968 8 1103.0
1968 9 902.0
1968 10 1190.0
1968 11 926.0
1968 12 678.0
1969 1 653.0
1969 2 905.0
1969 3 973.0
1969 4 1152.0
1969 5 934.0
1969 6 776.0
1969 7 980.0
1969 8 810.0
1969 9 755.0
1969 10 832.0
1969 11 689.0
1969 12 634.0
1970 1 390.0
1970 2 725.0
1970 3 1098.0
1970 4 1033.0
1970 5 937.0
1970 6 1158.0
1970 7 1139.0
1970 8 1237.0
1970 9 1026.0
1970 10 1085.0
1970 11 925.0
1970 12 2432.0
1971 1 1102.0
1971 2 774.0
1971 3 1248.0
1971 4 1351.0
1971 5 1690.0
1971 6 1493.0
1971 7 1301.0
1971 8 1430.0
1971 9 1341.0
1971 10 1340.0
1971 11 1615.0
1971 12 2141.0
1972 1 1232.0
1972 2 1356.0
1972 3 1628.0
1972 4 1461.0
1972 5 1829.0
1972 6 1485.0
1972 7 1284.0
1972 8 1606.0
1972 9 1336.0
1972 10 1431.0
1972 11 1297.0
1972 12 1147.0
1973 1 977.0
1973 2 1195.0
1973 3 1545.0
1973 4 1650.0
1973 5 1660.0
1973 6 1419.0
1973 7 1254.0
1973 8 1432.0
1973 9 1039.0
1973 10 1005.0
1973 11 752.0
1973 12 584.0
1974 1 622.0
1974 2 1014.0
1974 3 1184.0
1974 4 1314.0
1974 5 1053.0
1974 6 1043.0
1974 7 1078.0
1974 8 829.0
1974 9 719.0
1974 10 608.0
1974 11 446.0
1974 12 433.0
1975 1 460.0
1975 2 633.0
1975 3 633.0
1975 4 1127.0
1975 5 1171.0
1975 6 920.0
1975 7 1040.0
1975 8 957.0
1975 9 1020.0
1975 10 901.0
1975 11 716.0
1975 12 777.0
1976 1 902.0
1976 2 1025.0
1976 3 1380.0
1976 4 1319.0
1976 5 1275.0
1976 6 1586.0
1976 7 1108.0
1976 8 1284.0
1976 9 1329.0
1976 10 1185.0
1976 11 980.0
1976 12 1084.0
1977 1 571.0
1977 2 1382.0
1977 3 1789.0
1977 4 1794.0
1977 5 1607.0
1977 6 1705.0
1977 7 1360.0
1977 8 1844.0
1977 9 1430.0
1977 10 1515.0
1977 11 1262.0
1977 12 1076.0
1978 1 654.0
1978 2 1148.0
1978 3 1973.0
1978 4 2089.0
1978 5 1629.0
1978 6 1606.0
1978 7 1455.0
1978 8 1643.0
1978 9 1450.0
1978 10 1441.0
1978 11 1133.0
1978 12 772.0
1979 1 672.0
1979 2 771.0
1979 3 1465.0
1979 4 1633.0
1979 5 1796.0
1979 6 1670.0
1979 7 1507.0
1979 8 1562.0
1979 9 1399.0
1979 10 1275.0
1979 11 987.0
1979 12 654.0
1980 1 818.0
1980 2 825.0
1980 3 811.0
1980 4 860.0
1980 5 1054.0
1980 6 1199.0
1980 7 1487.0
1980 8 1497.0
1980 9 1284.0
1980 10 1309.0
1980 11 802.0
1980 12 753.0
1981 1 606.0
1981 2 706.0
1981 3 982.0
1981 4 821.0
1981 5 802.0
1981 6 761.0
1981 7 660.0
1981 8 516.0
1981 9 567.0
1981 10 488.0
1981 11 375.0
1981 12 351.0
1982 1 286.0
1982 2 443.0
1982 3 739.0
1982 4 622.0
1982 5 611.0
1982 6 640.0
1982 7 524.0
1982 8 617.0
1982 9 861.0
1982 10 820.0
1982 11 834.0
1982 12 639.0
1983 1 837.0
1983 2 841.0
1983 3 1512.0
1983 4 1199.0
1983 5 1347.0
1983 6 1523.0
1983 7 1209.0
1983 8 1289.0
1983 9 1176.0
1983 10 1144.0
1983 11 982.0
1983 12 634.0
1984 1 824.0
1984 2 1262.0
1984 3 1351.0
1984 4 1329.0
1984 5 1305.0
1984 6 1252.0
1984 7 1112.0
1984 8 1070.0
1984 9 1013.0
1984 10 1061.0
1984 11 1043.0
1984 12 864.0
1985 1 1170.0
1985 2 899.0
1985 3 2021.0
1985 4 1660.0
1985 5 1651.0
1985 6 1686.0
1985 7 1687.0
1985 8 1637.0
1985 9 1674.0
1985 10 1933.0
1985 11 1296.0
1985 12 1015.0
1986 1 1914.0
1986 2 1155.0
1986 3 2042.0
1986 4 2435.0
1986 5 2015.0
1986 6 2064.0
1986 7 2392.0
1986 8 1864.0
1986 9 2076.0
1986 10 2362.0
1986 11 1366.0
1986 12 1129.0
1987 1 1514.0
1987 2 1973.0
1987 3 2345.0
1987 4 2346.0
1987 5 2146.0
1987 6 1916.0
1987 7 2112.0
1987 8 1967.0
1987 9 2092.0
1987 10 1668.0
1987 11 1450.0
1987 12 1361.0
1988 1 972.0
1988 2 1706.0
1988 3 2257.0
1988 4 2190.0
1988 5 2199.0
1988 6 2090.0
1988 7 1629.0
1988 8 1821.0
1988 9 1672.0
1988 10 1502.0
1988 11 1537.0
1988 12 1095.0
1989 1 1484.0
1989 2 1293.0
1989 3 1897.0
1989 4 1772.0
1989 5 1825.0
1989 6 1655.0
1989 7 1622.0
1989 8 1902.0
1989 9 1695.0
1989 10 1744.0
1989 11 1535.0
1989 12 980.0
1990 1 1599.0
1990 2 1407.0
1990 3 1954.0
1990 4 1791.0
1990 5 1871.0
1990 6 1783.0
1990 7 1538.0
1990 8 1486.0
1990 9 1346.0
1990 10 1350.0
1990 11 1037.0
1990 12 783.0
1991 1 941.0
1991 2 1097.0
1991 3 1612.0
1991 4 1813.0
1991 5 1787.0
1991 6 2562.0
1991 7 1738.0
1991 8 1596.0
1991 9 1541.0
1991 10 1638.0
1991 11 1221.0
1991 12 1211.0
1992 1 1502.0
1992 2 1877.0
1992 3 2236.0
1992 4 2145.0
1992 5 1854.0
1992 6 2025.0
1992 7 1971.0
1992 8 1970.0
1992 9 2115.0
1992 10 2080.0
1992 11 1593.0
1992 12 1898.0
1993 1 1897.0
1993 2 1919.0
1993 3 2304.0
1993 4 2679.0
1993 5 2282.0
1993 6 2756.0
1993 7 2516.0
1993 8 2613.0
1993 9 2657.0
1993 10 2751.0
1993 11 2253.0
1993 12 2111.0
1994 1 1691.0
1994 2 2199.0
1994 3 3029.0
1994 4 2766.0
1994 5 2717.0
1994 6 2806.0
1994 7 2160.0
1994 8 2729.0
1994 9 2273.0
1994 10 2314.0
1994 11 2252.0
1994 12 1948.0
1995 1 1836.0
1995 2 1876.0
1995 3 2614.0
1995 4 2398.0
1995 5 2558.0
1995 6 2618.0
1995 7 2624.0
1995 8 2998.0
1995 9 2629.0
1995 10 2582.0
1995 11 2197.0
1995 12 2024.0
1996 1 2241.0
1996 2 2210.0
1996 3 2764.0
1996 4 3014.0
1996 5 2943.0
1996 6 3170.0
1996 7 2589.0
1996 8 2591.0
1996 9 2295.0
1996 10 2392.0
1996 11 1815.0
1996 12 2196.0
1997 1 2039.0
1997 2 2190.0
1997 3 2678.0
1997 4 3102.0
1997 5 2615.0
1997 6 2702.0
1997 7 2655.0
1997 8 2389.0
1997 9 2502.0
1997 10 2478.0
1997 11 1977.0
1997 12 1817.0
1998 1 2016.0
1998 2 2188.0
1998 3 2878.0
1998 4 2802.0
1998 5 2852.0
1998 6 2949.0
1998 7 2683.0
1998 8 2678.0
1998 9 2637.0
1998 10 2529.0
1998 11 2132.0
1998 12 2162.0
1999 1 1811.0
1999 2 2751.0
1999 3 3129.0
1999 4 2906.0
1999 5 2820.0
1999 6 2925.0
1999 7 2763.0
1999 8 2791.0
1999 9 2543.0
1999 10 2671.0
1999 11 2404.0
1999 12 1854.0
2000 1 2025.0
2000 2 2444.0
2000 3 2707.0
2000 4 2312.0
2000 5 2517.0
2000 6 2406.0
2000 7 2085.0
2000 8 2505.0
2000 9 1995.0
2000 10 2092.0
2000 11 1690.0
2000 12 1415.0
2001 1 2003.0
2001 2 2016.0
2001 3 2782.0
2001 4 2685.0
2001 5 2541.0
2001 6 2670.0
2001 7 2303.0
2001 8 2631.0
2001 9 1906.0
2001 10 2136.0
2001 11 1816.0
2001 12 1773.0
2002 1 1982.0
2002 2 2610.0
2002 3 2419.0
2002 4 2899.0
2002 5 2733.0
2002 6 2777.0
2002 7 2684.0
2002 8 2618.0
2002 9 2356.0
2002 10 2659.0
2002 11 2009.0
2002 12 1876.0
2003 1 2213.0
2003 2 2011.0
2003 3 2997.0
2003 4 3166.0
2003 5 2621.0
2003 6 3075.0
2003 7 3001.0
2003 8 3074.0
2003 9 2788.0
2003 10 3274.0
2003 11 2094.0
2003 12 2344.0
2004 1 2597.0
2004 2 2788.0
2004 3 3788.0
2004 4 3426.0
2004 5 3212.0
2004 6 3410.0
2004 7 3399.0
2004 8 3258.0
2004 9 3034.0
2004 10 2911.0
2004 11 2644.0
2004 12 2739.0
2005 1 2839.0
2005 2 2800.0
2005 3 3608.0
2005 4 3451.0
2005 5 3390.0
2005 6 3718.0
2005 7 3193.0
2005 8 3874.0
2005 9 3338.0
2005 10 3081.0
2005 11 3273.0
2005 12 2644.0
2006 1 3264.0
2006 2 3176.0
2006 3 3903.0
2006 4 2908.0
2006 5 3717.0
2006 6 3488.0
2006 7 3160.0
2006 8 3401.0
2006 9 2671.0
2006 10 2813.0
2006 11 2771.0
2006 12 2514.0
2007 1 2426.0
2007 2 2545.0
2007 3 3172.0
2007 4 2852.0
2007 5 2963.0
2007 6 2532.0
2007 7 2772.0
2007 8 2576.0
2007 9 1744.0
2007 10 2115.0
2007 11 1479.0
2007 12 1249.0
2008 1 1392.0
2008 2 1405.0
2008 3 1613.0
2008 4 1775.0
2008 5 1675.0
2008 6 1537.0
2008 7 1329.0
2008 8 1205.0
2008 9 1403.0
2008 10 970.0
2008 11 526.0
2008 12 627.0
2009 1 598.0
2009 2 895.0
2009 3 1057.0
2009 4 1026.0
2009 5 959.0
2009 6 1221.0
2009 7 1148.0
2009 8 1212.0
2009 9 936.0
2009 10 969.0
2009 11 897.0
2009 12 953.0
2010 1 896.0
2010 2 850.0
2010 3 1502.0
2010 4 1230.0
2010 5 1407.0
2010 6 1062.0
2010 7 916.0
2010 8 902.0
2010 9 804.0
2010 10 802.0
2010 11 672.0
2010 12 623.0
2011 1 649.0
2011 2 827.0
2011 3 1111.0
2011 4 945.0
2011 5 936.0
2011 6 1043.0
2011 7 849.0
2011 8 1134.0
2011 9 905.0
2011 10 824.0
2011 11 832.0
2011 12 999.0
2012 1 843.0
2012 2 1073.0
2012 3 1177.0
2012 4 1148.0
2012 5 1191.0
2012 6 1206.0
2012 7 1118.0
2012 8 1173.0
2012 9 1033.0
2012 10 1316.0
2012 11 1054.0
2012 12 889.0
2013 1 1167.0
2013 2 1211.0
2013 3 1404.0
2013 4 1511.0
2013 5 1752.0
2013 6 1353.0
2013 7 1478.0
2013 8 1361.0
2013 9 1291.0
2013 10 1562.0
2013 11 1085.0
2013 12 1005.0
2014 1 1084.0
2014 2 1329.0
2014 3 1534.0
2014 4 1679.0
2014 5 1389.0
2014 6 1574.0
2014 7 1537.0
2014 8 1740.0
2014 9 1451.0
2014 10 1490.0
2014 11 1088.0
2014 12 1264.0
2015 1 1489.0
2015 2 1451.0
2015 3 1951.0
2015 4 2172.0
2015 5 1989.0
2015 6 2181.0
2015 7 1925.0
2015 8 2002.0
2015 9 1939.0
2015 10 1916.0
2015 11 1622.0
2015 12 1730.0
2016 1 1523.0
2016 2 1982.0
2016 3 2334.0
2016 4 2337.0
2016 5 2271.0
2016 6 2254.0
2016 7 2032.0
2016 8 2330.0
2016 9 2197.0
2016 10 2222.0
2016 11 1878.0
2016 12 1881.0
2017 1 2136.0
2017 2 2209.0
2017 3 2738.0
2017 4 2137.0
2017 5 2790.0
2017 6 2829.0
2017 7 2368.0
2017 8 2737.0
2017 9 2058.0
2017 10 2237.0
2017 11 2008.0
2017 12 1900.0
2018 1 2111.0
2018 2 2254.0
2018 3 2590.0
2018 4 2939.0
2018 5 2834.0
2018 6 2469.0
2018 7 2622.0
2018 8 2795.0
2018 9 2061.0
2018 10 2255.0
2018 11 2014.0
2018 12 1682.0
2019 1 1984.0
2019 2 1910.0
2019 3 2447.0
2019 4 2522.0
2019 5 2981.0
2019 6 2500.0
2019 7 2483.0
2019 8 2944.0
2019 9 2575.0
2019 10 2985.0
2019 11 2334.0
2019 12 2019.0
2020 1 2701.0
2020 2 2323.0
2020 3 2797.0
2020 4 2448.0
2020 5 2365.0
2020 6 2818.0
2020 7 3261.0
2020 8 3192.0
2020 9 2971.0
2020 10 3068.0
2020 11 2696.0
2020 12 2937.0
2021 1 2958.0
2021 2 2586.0
2021 3 4058.0
2021 4 3346.0
2021 5 3756.0
2021 6 3242.0
2021 7 2939.0
2021 8 3250.0
2021 9 2849.0
2021 10 2960.0
2021 11 3046.0
2021 12 2630.0
2022 1 3037.0
2022 2 3053.0
2022 3 3949.0
2022 4 3292.0
2022 5 3191.0
2022 6 3141.0
2022 7 2612.0
2022 8 2486.0
2022 9 2537.0
2022 10 1992.0
2022 11 1992.0
2022 12 1523.0
2023 1 1904.0
2023 2 2230.0
2023 3 2744.0
2023 4 2699.0
2023 5 3064.0
2023 6 3190.0
2023 7 2804.0
2023 8 2973.0
2023 9 2519.0
2023 10 2815.0
2023 11 2371.0
2023 12 2166.0
2024 1 2559.0
2024 2 3053.0
2024 3 2782.0
2024 4 3079.0
2024 5 3193.0
2024 6 2860.0
2024 7 2976.0
2024 8 2900.0
