1960 5 121.0
1960 6 100.0
1960 7 98.0
1960 8 77.0
1960 9 100.0
1960 10 103.0
1960 11 47.0
1960 12 66.0
1961 1 69.0
1961 2 96.0
1961 3 99.0
1961 4 74.0
1961 5 68.0
1961 6 101.0
1961 7 42.0
1961 8 60.0
1961 9 67.0
1961 10 101.0
1961 11 53.0
1961 12 37.0
1962 1 47.0
1962 2 25.0
1962 3 69.0
1962 4 90.0
1962 5 82.0
1962 6 76.0
1962 7 60.0
1962 8 139.0
1962 9 79.0
1962 10 119.0
1962 11 70.0
1962 12 24.0
1963 1 99.0
1963 2 67.0
1963 3 73.0
1963 4 81.0
1963 5 100.0
1963 6 98.0
1963 7 121.0
1963 8 110.0
1963 9 95.0
1963 10 88.0
1963 11 92.0
1963 12 73.0
1964 1 59.0
1964 2 103.0
1964 3 88.0
1964 4 93.0
1964 5 149.0
1964 6 57.0
1964 7 87.0
1964 8 86.0
1964 9 118.0
1964 10 130.0
1964 11 87.0
1964 12 91.0
1965 1 93.0
1965 2 115.0
1965 3 157.0
1965 4 133.0
1965 5 132.0
1965 6 158.0
1965 7 155.0
1965 8 126.0
1965 9 117.0
1965 10 173.0
1965 11 119.0
1965 12 108.0
1966 1 96.0
1966 2 123.0
1966 3 175.0
1966 4 60.0
1966 5 76.0
1966 6 75.0
1966 7 76.0
1966 8 67.0
1966 9 68.0
1966 10 90.0
1966 11 50.0
1966 12 95.0
1967 1 116.0
1967 2 62.0
1967 3 144.0
1967 4 181.0
1967 5 112.0
1967 6 194.0
1967 7 86.0
1967 8 202.0
1967 9 101.0
1967 10 94.0
1967 11 123.0
1967 12 66.0
1968 1 163.0
1968 2 164.0
1968 3 123.0
1968 4 109.0
1968 5 96.0
1968 6 519.0
1968 7 83.0
1968 8 61.0
1968 9 95.0
1968 10 109.0
1968 11 159.0
1968 12 157.0
1969 1 70.0
1969 2 104.0
1969 3 78.0
1969 4 107.0
1969 5 135.0
1969 6 134.0
1969 7 279.0
1969 8 465.0
1969 9 124.0
1969 10 165.0
1969 11 353.0
1969 12 54.0
1970 1 106.0
1970 2 227.0
1970 3 134.0
1970 4 129.0
1970 5 62.0
1970 6 110.0
1970 7 116.0
1970 8 642.0
1970 9 93.0
1970 10 158.0
1970 11 68.0
1970 12 102.0
1971 1 54.0
1971 2 110.0
1971 3 98.0
1971 4 222.0
1971 5 367.0
1971 6 142.0
1971 7 224.0
1971 8 215.0
1971 9 143.0
1971 10 161.0
1971 11 569.0
1971 12 123.0
1972 1 172.0
1972 2 184.0
1972 3 146.0
1972 4 168.0
1972 5 138.0
1972 6 394.0
1972 7 179.0
1972 8 139.0
1972 9 146.0
1972 10 262.0
1972 11 140.0
1972 12 135.0
1973 1 159.0
1973 2 100.0
1973 3 100.0
1973 4 294.0
1973 5 91.0
1973 6 80.0
1973 7 246.0
1973 8 89.0
1973 9 58.0
1973 10 60.0
1973 11 41.0
1973 12 50.0
1974 1 132.0
1974 2 85.0
1974 3 64.0
1974 4 93.0
1974 5 74.0
1974 6 32.0
1974 7 111.0
1974 8 42.0
1974 9 52.0
1974 10 79.0
1974 11 76.0
1974 12 54.0
1975 1 46.0
1975 2 105.0
1975 3 78.0
1975 4 150.0
1975 5 112.0
1975 6 64.0
1975 7 112.0
1975 8 66.0
1975 9 63.0
1975 10 168.0
1975 11 46.0
1975 12 23.0
1976 1 19.0
1976 2 87.0
1976 3 62.0
1976 4 99.0
1976 5 50.0
1976 6 89.0
1976 7 32.0
1976 8 54.0
1976 9 24.0
1976 10 31.0
1976 11 38.0
1976 12 66.0
1977 1 40.0
1977 2 45.0
1977 3 143.0
1977 4 44.0
1977 5 184.0
1977 6 131.0
1977 7 98.0
1977 8 60.0
1977 9 146.0
1977 10 92.0
1977 11 124.0
1977 12 56.0
1978 1 46.0
1978 2 122.0
1978 3 148.0
1978 4 133.0
1978 5 128.0
1978 6 214.0
1978 7 201.0
1978 8 95.0
1978 9 143.0
1978 10 317.0
1978 11 153.0
1978 12 136.0
1979 1 68.0
1979 2 59.0
1979 3 234.0
1979 4 143.0
1979 5 159.0
1979 6 188.0
1979 7 255.0
1979 8 350.0
1979 9 220.0
1979 10 108.0
1979 11 209.0
1979 12 138.0
1980 1 141.0
1980 2 194.0
1980 3 155.0
1980 4 215.0
1980 5 157.0
1980 6 294.0
1980 7 203.0
1980 8 173.0
1980 9 161.0
1980 10 217.0
1980 11 76.0
1980 12 116.0
1981 1 74.0
1981 2 74.0
1981 3 174.0
1981 4 220.0
1981 5 116.0
1981 6 129.0
1981 7 294.0
1981 8 79.0
1981 9 53.0
1981 10 66.0
1981 11 150.0
1981 12 75.0
1982 1 76.0
1982 2 149.0
1982 3 228.0
1982 4 193.0
1982 5 83.0
1982 6 621.0
1982 7 98.0
1982 8 110.0
1982 9 332.0
1982 10 206.0
1982 11 213.0
1982 12 139.0
1983 1 204.0
1983 2 158.0
1983 3 399.0
1983 4 325.0
1983 5 260.0
1983 6 389.0
1983 7 205.0
1983 8 355.0
1983 9 327.0
1983 10 668.0
1983 11 531.0
1983 12 191.0
1984 1 373.0
1984 2 537.0
1984 3 768.0
1984 4 322.0
1984 5 926.0
1984 6 254.0
1984 7 507.0
1984 8 456.0
1984 9 474.0
1984 10 335.0
1984 11 397.0
1984 12 267.0
1985 1 263.0
1985 2 228.0
1985 3 407.0
1985 4 307.0
1985 5 450.0
1985 6 329.0
1985 7 410.0
1985 8 312.0
1985 9 225.0
1985 10 469.0
1985 11 179.0
1985 12 234.0
1986 1 264.0
1986 2 223.0
1986 3 316.0
1986 4 307.0
1986 5 195.0
1986 6 288.0
1986 7 233.0
1986 8 342.0
1986 9 229.0
1986 10 238.0
1986 11 121.0
1986 12 161.0
1987 1 172.0
1987 2 239.0
1987 3 227.0
1987 4 425.0
1987 5 138.0
1987 6 76.0
1987 7 133.0
1987 8 100.0
1987 9 147.0
1987 10 203.0
1987 11 179.0
1987 12 421.0
1988 1 49.0
1988 2 66.0
1988 3 133.0
1988 4 158.0
1988 5 159.0
1988 6 113.0
1988 7 135.0
1988 8 110.0
1988 9 198.0
1988 10 136.0
1988 11 114.0
1988 12 83.0
1989 1 99.0
1989 2 111.0
1989 3 124.0
1989 4 158.0
1989 5 272.0
1989 6 47.0
1989 7 61.0
1989 8 66.0
1989 9 124.0
1989 10 73.0
1989 11 60.0
1989 12 31.0
1990 1 50.0
1990 2 99.0
1990 3 97.0
1990 4 89.0
1990 5 97.0
1990 6 55.0
1990 7 111.0
1990 8 68.0
1990 9 59.0
1990 10 67.0
1990 11 78.0
1990 12 72.0
1991 1 31.0
1991 2 55.0
1991 3 135.0
1991 4 17.0
1991 5 72.0
1991 6 160.0
1991 7 44.0
1991 8 56.0
1991 9 313.0
1991 10 49.0
1991 11 271.0
1991 12 72.0
1992 1 48.0
1992 2 124.0
1992 3 75.0
1992 4 96.0
1992 5 105.0
1992 6 143.0
1992 7 69.0
1992 8 126.0
1992 9 131.0
1992 10 80.0
1992 11 65.0
1992 12 88.0
1993 1 38.0
1993 2 80.0
1993 3 57.0
1993 4 225.0
1993 5 165.0
1993 6 123.0
1993 7 55.0
1993 8 168.0
1993 9 58.0
1993 10 114.0
1993 11 70.0
1993 12 78.0
1994 1 85.0
1994 2 168.0
1994 3 222.0
1994 4 127.0
1994 5 141.0
1994 6 115.0
1994 7 152.0
1994 8 269.0
1994 9 117.0
1994 10 156.0
1994 11 129.0
1994 12 130.0
1995 1 208.0
1995 2 190.0
1995 3 229.0
1995 4 119.0
1995 5 107.0
1995 6 207.0
1995 7 184.0
1995 8 196.0
1995 9 243.0
1995 10 111.0
1995 11 126.0
1995 12 156.0
1996 1 53.0
1996 2 78.0
1996 3 80.0
1996 4 155.0
1996 5 203.0
1996 6 321.0
1996 7 120.0
1996 8 118.0
1996 9 253.0
1996 10 186.0
1996 11 230.0
1996 12 84.0
1997 1 81.0
1997 2 50.0
1997 3 125.0
1997 4 146.0
1997 5 169.0
1997 6 126.0
1997 7 141.0
1997 8 80.0
1997 9 213.0
1997 10 158.0
1997 11 46.0
1997 12 217.0
1998 1 71.0
1998 2 121.0
1998 3 88.0
1998 4 50.0
1998 5 80.0
1998 6 162.0
1998 7 62.0
1998 8 119.0
1998 9 95.0
1998 10 42.0
1998 11 59.0
1998 12 67.0
1999 1 35.0
1999 2 87.0
1999 3 71.0
1999 4 64.0
1999 5 86.0
1999 6 75.0
1999 7 53.0
1999 8 42.0
1999 9 127.0
1999 10 145.0
1999 11 63.0
1999 12 47.0
2000 1 45.0
2000 2 135.0
2000 3 111.0
2000 4 28.0
2000 5 51.0
2000 6 72.0
2000 7 119.0
2000 8 94.0
2000 9 199.0
2000 10 87.0
2000 11 197.0
2000 12 18.0
2001 1 66.0
2001 2 290.0
2001 3 175.0
2001 4 74.0
2001 5 120.0
2001 6 134.0
2001 7 36.0
2001 8 30.0
2001 9 177.0
2001 10 84.0
2001 11 67.0
2001 12 32.0
2002 1 122.0
2002 2 134.0
2002 3 123.0
2002 4 76.0
2002 5 143.0
2002 6 50.0
2002 7 90.0
2002 8 74.0
2002 9 89.0
2002 10 59.0
2002 11 53.0
2002 12 40.0
2003 1 76.0
2003 2 50.0
2003 3 106.0
2003 4 65.0
2003 5 152.0
2003 6 65.0
2003 7 49.0
2003 8 43.0
2003 9 136.0
2003 10 59.0
2003 11 98.0
2003 12 65.0
2004 1 33.0
2004 2 65.0
2004 3 115.0
2004 4 103.0
2004 5 84.0
2004 6 115.0
2004 7 304.0
2004 8 68.0
2004 9 50.0
2004 10 62.0
2004 11 178.0
2004 12 116.0
2005 1 89.0
2005 2 71.0
2005 3 167.0
2005 4 145.0
2005 5 121.0
2005 6 171.0
2005 7 130.0
2005 8 180.0
2005 9 100.0
2005 10 142.0
2005 11 198.0
2005 12 83.0
2006 1 93.0
2006 2 74.0
2006 3 197.0
2006 4 114.0
2006 5 57.0
2006 6 152.0
2006 7 99.0
2006 8 162.0
2006 9 83.0
2006 10 128.0
2006 11 109.0
2006 12 200.0
2007 1 170.0
2007 2 54.0
2007 3 173.0
2007 4 107.0
2007 5 80.0
2007 6 120.0
2007 7 21.0
2007 8 109.0
2007 9 75.0
2007 10 66.0
2007 11 109.0
2007 12 59.0
2008 1 73.0
2008 2 28.0
2008 3 89.0
2008 4 40.0
2008 5 69.0
2008 6 81.0
2008 7 61.0
2008 8 154.0
2008 9 119.0
2008 10 28.0
2008 11 44.0
2008 12 20.0
2009 1 34.0
2009 2 39.0
2009 3 48.0
2009 4 38.0
2009 5 60.0
2009 6 19.0
2009 7 37.0
2009 8 26.0
2009 9 55.0
2009 10 20.0
2009 11 76.0
2009 12 21.0
2010 1 21.0
2010 2 23.0
2010 3 63.0
2010 4 40.0
2010 5 19.0
2010 6 18.0
2010 7 31.0
2010 8 40.0
2010 9 23.0
2010 10 24.0
2010 11 30.0
2010 12 48.0
2011 1 26.0
2011 2 40.0
2011 3 59.0
2011 4 66.0
2011 5 52.0
2011 6 13.0
2011 7 39.0
2011 8 34.0
2011 9 99.0
2011 10 19.0
2011 11 24.0
2011 12 68.0
2012 1 26.0
2012 2 37.0
2012 3 18.0
2012 4 41.0
2012 5 41.0
2012 6 38.0
2012 7 35.0
2012 8 371.0
2012 9 34.0
2012 10 127.0
2012 11 79.0
2012 12 32.0
2013 1 72.0
2013 2 182.0
2013 3 93.0
2013 4 64.0
2013 5 39.0
2013 6 50.0
2013 7 14.0
2013 8 61.0
2013 9 33.0
2013 10 36.0
2013 11 129.0
2013 12 16.0
2014 1 20.0
2014 2 34.0
2014 3 9.0
2014 4 64.0
2014 5 21.0
2014 6 71.0
2014 7 12.0
2014 8 22.0
2014 9 23.0
2014 10 46.0
2014 11 22.0
2014 12 35.0
2015 1 20.0
2015 2 111.0
2015 3 56.0
2015 4 72.0
2015 5 97.0
2015 6 180.0
2015 7 8.0
2015 8 127.0
2015 9 123.0
2015 10 68.0
2015 11 2.0
2015 12 117.0
2016 1 146.0
2016 2 37.0
2016 3 113.0
2016 4 105.0
2016 5 51.0
2016 6 46.0
2016 7 16.0
2016 8 154.0
2016 9 59.0
2016 10 140.0
2016 11 45.0
2016 12 60.0
2017 1 58.0
2017 2 32.0
2017 3 251.0
2017 4 36.0
2017 5 142.0
2017 6 53.0
2017 7 173.0
2017 8 50.0
2017 9 122.0
2017 10 68.0
2017 11 62.0
2017 12 66.0
2018 1 126.0
2018 2 98.0
2018 3 101.0
2018 4 258.0
2018 5 103.0
2018 6 25.0
2018 7 74.0
2018 8 120.0
2018 9 144.0
2018 10 47.0
2018 11 57.0
2018 12 69.0
2019 1 104.0
2019 2 46.0
2019 3 5.0
2019 4 120.0
2019 5 60.0
2019 6 110.0
2019 7 61.0
2019 8 101.0
2019 9 39.0
2019 10 94.0
2019 11 81.0
2019 12 186.0
2020 1 48.0
2020 2 98.0
2020 3 94.0
2020 4 116.0
2020 5 139.0
2020 6 111.0
2020 7 60.0
2020 8 99.0
2020 9 36.0
2020 10 153.0
2020 11 59.0
2020 12 125.0
2021 1 83.0
2021 2 38.0
2021 3 76.0
2021 4 167.0
2021 5 63.0
2021 6 158.0
2021 7 112.0
2021 8 26.0
2021 9 160.0
2021 10 70.0
2021 11 26.0
2021 12 120.0
2022 1 73.0
2022 2 88.0
2022 3 97.0
2022 4 93.0
2022 5 97.0
2022 6 79.0
2022 7 328.0
2022 8 56.0
2022 9 106.0
2022 10 72.0
2022 11 58.0
2022 12 67.0
2023 1 69.0
2023 2 125.0
2023 3 46.0
2023 4 75.0
2023 5 89.0
2023 6 85.0
2023 7 40.0
2023 8 87.0
2023 9 119.0
2023 10 110.0
2023 11 82.0
2023 12 88.0
2024 1 84.0
2024 2 91.0
2024 3 57.0
2024 4 112.0
2024 5 107.0
2024 6 84.0
2024 7 97.0
2024 8 109.0
