1960 5 1240.0
1960 6 1136.0
1960 7 982.0
1960 8 1226.0
1960 9 1272.0
1960 10 1013.0
1960 11 875.0
1960 12 872.0
1961 1 854.0
1961 2 836.0
1961 3 1308.0
1961 4 1422.0
1961 5 1431.0
1961 6 1174.0
1961 7 1079.0
1961 8 1182.0
1961 9 1347.0
1961 10 1171.0
1961 11 1013.0
1961 12 787.0
1962 1 707.0
1962 2 905.0
1962 3 1230.0
1962 4 1106.0
1962 5 1308.0
1962 6 1272.0
1962 7 1103.0
1962 8 1248.0
1962 9 926.0
1962 10 1170.0
1962 11 860.0
1962 12 793.0
1963 1 976.0
1963 2 1358.0
1963 3 1592.0
1963 4 1820.0
1963 5 1333.0
1963 6 1192.0
1963 7 1273.0
1963 8 1477.0
1963 9 1246.0
1963 10 1054.0
1963 11 1451.0
1963 12 948.0
1964 1 933.0
1964 2 1276.0
1964 3 1071.0
1964 4 1951.0
1964 5 1697.0
1964 6 1351.0
1964 7 1841.0
1964 8 1007.0
1964 9 2052.0
1964 10 1438.0
1964 11 1612.0
1964 12 1054.0
1965 1 942.0
1965 2 1841.0
1965 3 1669.0
1965 4 1440.0
1965 5 1376.0
1965 6 1327.0
1965 7 1830.0
1965 8 1354.0
1965 9 1361.0
1965 10 1818.0
1965 11 1269.0
1965 12 1660.0
1966 1 1025.0
1966 2 1227.0
1966 3 1970.0
1966 4 1790.0
1966 5 1352.0
1966 6 1638.0
1966 7 1430.0
1966 8 888.0
1966 9 1139.0
1966 10 958.0
1966 11 1092.0
1966 12 1461.0
1967 1 1296.0
1967 2 916.0
1967 3 2001.0
1967 4 1759.0
1967 5 1517.0
1967 6 2568.0
1967 7 1868.0
1967 8 1444.0
1967 9 1511.0
1967 10 1903.0
1967 11 1861.0
1967 12 1675.0
1968 1 1614.0
1968 2 2306.0
1968 3 3132.0
1968 4 1621.0
1968 5 2969.0
1968 6 2011.0
1968 7 2400.0
1968 8 2328.0
1968 9 1433.0
1968 10 1872.0
1968 11 1215.0
1968 12 1593.0
1969 1 1397.0
1969 2 1518.0
1969 3 2011.0
1969 4 1856.0
1969 5 1840.0
1969 6 1054.0
1969 7 1770.0
1969 8 2583.0
1969 9 1463.0
1969 10 1318.0
1969 11 1682.0
1969 12 2913.0
1970 1 704.0
1970 2 1335.0
1970 3 1566.0
1970 4 1445.0
1970 5 2741.0
1970 6 2356.0
1970 7 1545.0
1970 8 2273.0
1970 9 1514.0
1970 10 1408.0
1970 11 1635.0
1970 12 3118.0
1971 1 2343.0
1971 2 1517.0
1971 3 1947.0
1971 4 1986.0
1971 5 3973.0
1971 6 2642.0
1971 7 3765.0
1971 8 2022.0
1971 9 3749.0
1971 10 3433.0
1971 11 3645.0
1971 12 4010.0
1972 1 3002.0
1972 2 3078.0
1972 3 3765.0
1972 4 4296.0
1972 5 3266.0
1972 6 4737.0
1972 7 3476.0
1972 8 5813.0
1972 9 2588.0
1972 10 3321.0
1972 11 2523.0
1972 12 4352.0
1973 1 3806.0
1973 2 3790.0
1973 3 3245.0
1973 4 3970.0
1973 5 3317.0
1973 6 3180.0
1973 7 2886.0
1973 8 4024.0
1973 9 2316.0
1973 10 2557.0
1973 11 2508.0
1973 12 2402.0
1974 1 1513.0
1974 2 1331.0
1974 3 2519.0
1974 4 2082.0
1974 5 1324.0
1974 6 1972.0
1974 7 1819.0
1974 8 1123.0
1974 9 1148.0
1974 10 848.0
1974 11 661.0
1974 12 553.0
1975 1 545.0
1975 2 749.0
1975 3 774.0
1975 4 1676.0
1975 5 1291.0
1975 6 1428.0
1975 7 1184.0
1975 8 1046.0
1975 9 1674.0
1975 10 1270.0
1975 11 847.0
1975 12 944.0
1976 1 949.0
1976 2 1159.0
1976 3 1699.0
1976 4 1534.0
1976 5 1454.0
1976 6 1688.0
1976 7 1191.0
1976 8 1841.0
1976 9 1602.0
1976 10 1646.0
1976 11 1159.0
1976 12 2525.0
1977 1 1563.0
1977 2 1730.0
1977 3 1969.0
1977 4 2702.0
1977 5 2456.0
1977 6 2117.0
1977 7 2345.0
1977 8 3313.0
1977 9 2882.0
1977 10 1848.0
1977 11 1758.0
1977 12 1458.0
1978 1 1276.0
1978 2 1739.0
1978 3 2635.0
1978 4 2939.0
1978 5 2046.0
1978 6 2717.0
1978 7 1736.0
1978 8 2475.0
1978 9 2897.0
1978 10 2904.0
1978 11 1445.0
1978 12 1106.0
1979 1 1145.0
1979 2 1141.0
1979 3 2006.0
1979 4 2524.0
1979 5 2284.0
1979 6 2552.0
1979 7 2231.0
1979 8 2363.0
1979 9 2037.0
1979 10 1869.0
1979 11 1749.0
1979 12 1238.0
1980 1 1311.0
1980 2 1299.0
1980 3 1220.0
1980 4 1681.0
1980 5 1335.0
1980 6 1748.0
1980 7 2124.0
1980 8 1996.0
1980 9 3913.0
1980 10 1642.0
1980 11 1152.0
1980 12 1722.0
1981 1 709.0
1981 2 811.0
1981 3 1341.0
1981 4 1177.0
1981 5 1055.0
1981 6 1113.0
1981 7 1285.0
1981 8 720.0
1981 9 1061.0
1981 10 664.0
1981 11 865.0
1981 12 752.0
1982 1 688.0
1982 2 826.0
1982 3 1655.0
1982 4 1118.0
1982 5 1155.0
1982 6 1394.0
1982 7 824.0
1982 8 833.0
1982 9 2014.0
1982 10 1520.0
1982 11 1520.0
1982 12 1014.0
1983 1 1487.0
1983 2 1291.0
1983 3 2347.0
1983 4 2035.0
1983 5 2522.0
1983 6 2739.0
1983 7 4948.0
1983 8 3539.0
1983 9 2487.0
1983 10 2694.0
1983 11 2209.0
1983 12 1951.0
1984 1 2732.0
1984 2 2470.0
1984 3 2818.0
1984 4 3042.0
1984 5 4145.0
1984 6 3800.0
1984 7 3192.0
1984 8 2306.0
1984 9 2654.0
1984 10 3610.0
1984 11 3157.0
1984 12 2423.0
1985 1 2508.0
1985 2 1253.0
1985 3 3996.0
1985 4 3529.0
1985 5 3979.0
1985 6 3548.0
1985 7 3809.0
1985 8 3842.0
1985 9 3092.0
1985 10 4432.0
1985 11 2519.0
1985 12 3124.0
1986 1 3448.0
1986 2 1599.0
1986 3 3200.0
1986 4 3976.0
1986 5 2700.0
1986 6 3677.0
1986 7 3716.0
1986 8 2610.0
1986 9 2872.0
1986 10 4004.0
1986 11 2766.0
1986 12 2021.0
1987 1 2646.0
1987 2 2648.0
1987 3 3102.0
1987 4 3768.0
1987 5 2723.0
1987 6 2648.0
1987 7 2343.0
1987 8 2109.0
1987 9 3095.0
1987 10 2041.0
1987 11 2329.0
1987 12 2320.0
1988 1 1095.0
1988 2 2702.0
1988 3 2486.0
1988 4 2784.0
1988 5 3171.0
1988 6 2660.0
1988 7 2517.0
1988 8 2310.0
1988 9 2417.0
1988 10 1751.0
1988 11 2145.0
1988 12 1753.0
1989 1 2890.0
1989 2 1634.0
1989 3 2270.0
1989 4 3020.0
1989 5 2689.0
1989 6 2003.0
1989 7 1951.0
1989 8 2245.0
1989 9 1872.0
1989 10 1961.0
1989 11 1896.0
1989 12 1444.0
1990 1 2532.0
1990 2 1538.0
1990 3 2812.0
1990 4 2151.0
1990 5 2043.0
1990 6 1898.0
1990 7 2055.0
1990 8 1916.0
1990 9 1478.0
1990 10 1531.0
1990 11 1174.0
1990 12 893.0
1991 1 997.0
1991 2 1242.0
1991 3 1795.0
1991 4 1872.0
1991 5 1942.0
1991 6 2740.0
1991 7 1891.0
1991 8 1731.0
1991 9 1875.0
1991 10 1924.0
1991 11 1606.0
1991 12 1430.0
1992 1 1560.0
1992 2 2060.0
1992 3 2357.0
1992 4 2294.0
1992 5 2237.0
1992 6 2234.0
1992 7 2084.0
1992 8 2484.0
1992 9 2359.0
1992 10 2232.0
1992 11 1666.0
1992 12 2034.0
1993 1 1956.0
1993 2 2190.0
1993 3 2494.0
1993 4 2974.0
1993 5 2475.0
1993 6 2991.0
1993 7 2592.0
1993 8 2994.0
1993 9 3005.0
1993 10 3017.0
1993 11 2467.0
1993 12 2571.0
1994 1 1978.0
1994 2 2925.0
1994 3 3546.0
1994 4 3564.0
1994 5 3112.0
1994 6 3173.0
1994 7 2495.0
1994 8 3364.0
1994 9 2855.0
1994 10 2628.0
1994 11 2670.0
1994 12 2492.0
1995 1 2469.0
1995 2 2742.0
1995 3 3200.0
1995 4 2780.0
1995 5 3027.0
1995 6 3141.0
1995 7 3252.0
1995 8 3892.0
1995 9 3224.0
1995 10 3688.0
1995 11 2676.0
1995 12 2650.0
1996 1 2948.0
1996 2 2745.0
1996 3 3211.0
1996 4 3794.0
1996 5 4788.0
1996 6 4270.0
1996 7 3954.0
1996 8 3159.0
1996 9 4926.0
1996 10 3504.0
1996 11 3036.0
1996 12 2902.0
1997 1 2828.0
1997 2 2800.0
1997 3 3420.0
1997 4 3898.0
1997 5 3221.0
1997 6 3506.0
1997 7 3218.0
1997 8 3098.0
1997 9 3771.0
1997 10 3848.0
1997 11 2386.0
1997 12 2469.0
1998 1 2533.0
1998 2 3173.0
1998 3 3436.0
1998 4 3282.0
1998 5 3356.0
1998 6 3403.0
1998 7 3369.0
1998 8 3364.0
1998 9 3377.0
1998 10 2932.0
1998 11 2951.0
1998 12 2546.0
1999 1 2153.0
1999 2 3248.0
1999 3 3464.0
1999 4 3691.0
1999 5 3053.0
1999 6 3695.0
1999 7 3248.0
1999 8 3034.0
1999 9 2756.0
1999 10 3873.0
1999 11 2870.0
1999 12 2660.0
2000 1 2888.0
2000 2 3032.0
2000 3 3667.0
2000 4 2889.0
2000 5 3408.0
2000 6 2693.0
2000 7 3017.0
2000 8 2805.0
2000 9 2708.0
2000 10 2965.0
2000 11 2434.0
2000 12 1989.0
2001 1 2742.0
2001 2 2845.0
2001 3 3256.0
2001 4 3134.0
2001 5 3124.0
2001 6 3438.0
2001 7 2473.0
2001 8 3748.0
2001 9 2270.0
2001 10 2324.0
2001 11 2004.0
2001 12 1916.0
2002 1 2394.0
2002 2 3095.0
2002 3 2670.0
2002 4 3130.0
2002 5 3152.0
2002 6 2956.0
2002 7 2935.0
2002 8 2931.0
2002 9 3519.0
2002 10 2978.0
2002 11 2347.0
2002 12 2336.0
2003 1 2500.0
2003 2 2154.0
2003 3 3342.0
2003 4 3413.0
2003 5 3011.0
2003 6 3447.0
2003 7 3286.0
2003 8 3497.0
2003 9 3083.0
2003 10 4099.0
2003 11 2290.0
2003 12 3356.0
2004 1 2957.0
2004 2 3162.0
2004 3 5382.0
2004 4 3949.0
2004 5 3649.0
2004 6 3884.0
2004 7 3898.0
2004 8 3934.0
2004 9 3631.0
2004 10 3282.0
2004 11 2947.0
2004 12 3554.0
2005 1 3326.0
2005 2 3118.0
2005 3 3852.0
2005 4 4068.0
2005 5 3716.0
2005 6 4553.0
2005 7 3715.0
2005 8 4850.0
2005 9 3797.0
2005 10 3500.0
2005 11 3596.0
2005 12 3273.0
2006 1 3782.0
2006 2 3608.0
2006 3 5000.0
2006 4 3263.0
2006 5 4111.0
2006 6 4147.0
2006 7 3479.0
2006 8 4812.0
2006 9 3402.0
2006 10 3067.0
2006 11 3033.0
2006 12 2918.0
2007 1 3319.0
2007 2 2868.0
2007 3 3565.0
2007 4 3163.0
2007 5 3648.0
2007 6 2919.0
2007 7 3302.0
2007 8 3322.0
2007 9 2481.0
2007 10 2199.0
2007 11 2925.0
2007 12 1669.0
2008 1 1749.0
2008 2 1671.0
2008 3 2439.0
2008 4 1946.0
2008 5 1797.0
2008 6 1804.0
2008 7 1969.0
2008 8 1632.0
2008 9 2082.0
2008 10 1193.0
2008 11 822.0
2008 12 1263.0
2009 1 934.0
2009 2 984.0
2009 3 1287.0
2009 4 1104.0
2009 5 1125.0
2009 6 1735.0
2009 7 1257.0
2009 8 1280.0
2009 9 1228.0
2009 10 1200.0
2009 11 987.0
2009 12 1147.0
2010 1 1185.0
2010 2 1729.0
2010 3 1899.0
2010 4 1323.0
2010 5 1603.0
2010 6 1617.0
2010 7 985.0
2010 8 1677.0
2010 9 1249.0
2010 10 931.0
2010 11 750.0
2010 12 914.0
2011 1 697.0
2011 2 950.0
2011 3 1475.0
2011 4 1078.0
2011 5 1049.0
2011 6 1397.0
2011 7 949.0
2011 8 1189.0
2011 9 1678.0
2011 10 908.0
2011 11 1397.0
2011 12 1446.0
2012 1 1266.0
2012 2 1209.0
2012 3 2033.0
2012 4 1378.0
2012 5 1722.0
2012 6 1848.0
2012 7 1204.0
2012 8 1767.0
2012 9 1437.0
2012 10 1655.0
2012 11 1469.0
2012 12 1812.0
2013 1 1491.0
2013 2 1536.0
2013 3 1734.0
2013 4 2148.0
2013 5 2486.0
2013 6 1872.0
2013 7 2017.0
2013 8 1820.0
2013 9 1862.0
2013 10 2434.0
2013 11 1431.0
2013 12 1608.0
2014 1 2422.0
2014 2 1959.0
2014 3 2030.0
2014 4 2445.0
2014 5 2045.0
2014 6 2050.0
2014 7 1748.0
2014 8 1840.0
2014 9 1796.0
2014 10 3395.0
2014 11 1802.0
2014 12 1981.0
2015 1 2027.0
2015 2 1846.0
2015 3 3055.0
2015 4 3135.0
2015 5 3219.0
2015 6 2728.0
2015 7 2571.0
2015 8 3025.0
2015 9 2246.0
2015 10 3352.0
2015 11 3432.0
2015 12 2706.0
2016 1 2892.0
2016 2 3677.0
2016 3 3832.0
2016 4 3347.0
2016 5 2909.0
2016 6 2816.0
2016 7 2910.0
2016 8 3078.0
2016 9 2704.0
2016 10 2923.0
2016 11 2230.0
2016 12 3304.0
2017 1 2322.0
2017 2 2911.0
2017 3 3919.0
2017 4 2799.0
2017 5 3711.0
2017 6 4173.0
2017 7 3192.0
2017 8 4197.0
2017 9 3423.0
2017 10 3259.0
2017 11 2321.0
2017 12 2724.0
2018 1 2760.0
2018 2 2423.0
2018 3 3022.0
2018 4 3658.0
2018 5 3665.0
2018 6 3616.0
2018 7 3744.0
2018 8 3737.0
2018 9 3799.0
2018 10 3956.0
2018 11 2679.0
2018 12 2139.0
2019 1 2733.0
2019 2 2502.0
2019 3 3877.0
2019 4 2948.0
2019 5 4487.0
2019 6 3046.0
2019 7 3696.0
2019 8 3943.0
2019 9 3329.0
2019 10 4778.0
2019 11 3237.0
2019 12 3190.0
2020 1 3560.0
2020 2 3399.0
2020 3 3210.0
2020 4 3743.0
2020 5 3699.0
2020 6 3994.0
2020 7 5636.0
2020 8 5181.0
2020 9 4018.0
2020 10 4267.0
2020 11 4114.0
2020 12 3879.0
2021 1 3818.0
2021 2 3530.0
2021 3 6526.0
2021 4 5298.0
2021 5 5384.0
2021 6 5653.0
2021 7 4457.0
2021 8 4957.0
2021 9 3910.0
2021 10 4722.0
2021 11 4807.0
2021 12 4776.0
2022 1 4811.0
2022 2 4150.0
2022 3 4543.0
2022 4 4300.0
2022 5 3775.0
2022 6 3817.0
2022 7 3634.0
2022 8 2800.0
2022 9 3367.0
2022 10 2383.0
2022 11 2302.0
2022 12 2104.0
2023 1 2367.0
2023 2 4633.0
2023 3 3458.0
2023 4 5084.0
2023 5 3964.0
2023 6 3788.0
2023 7 3798.0
2023 8 5993.0
2023 9 2991.0
2023 10 3903.0
2023 11 3624.0
2023 12 2934.0
2024 1 3147.0
2024 2 4296.0
2024 3 3207.0
2024 4 4127.0
2024 5 4981.0
2024 6 3218.0
2024 7 3564.0
2024 8 4465.0
