1960 5 4243.0
1960 6 4113.0
1960 7 3313.0
1960 8 3927.0
1960 9 3492.0
1960 10 3160.0
1960 11 2939.0
1960 12 2519.0
1961 1 3472.0
1961 2 3543.0
1961 3 4774.0
1961 4 4168.0
1961 5 4302.0
1961 6 3943.0
1961 7 4080.0
1961 8 5114.0
1961 9 4043.0
1961 10 3679.0
1961 11 3505.0
1961 12 2947.0
1962 1 3900.0
1962 2 4164.0
1962 3 4558.0
1962 4 4590.0
1962 5 4388.0
1962 6 3789.0
1962 7 3619.0
1962 8 3693.0
1962 9 2926.0
1962 10 3282.0
1962 11 2694.0
1962 12 2395.0
1963 1 3249.0
1963 2 3488.0
1963 3 4317.0
1963 4 4681.0
1963 5 3545.0
1963 6 2972.0
1963 7 3475.0
1963 8 3343.0
1963 9 3130.0
1963 10 3326.0
1963 11 2496.0
1963 12 2197.0
1964 1 3297.0
1964 2 3018.0
1964 3 3670.0
1964 4 3663.0
1964 5 3118.0
1964 6 3410.0
1964 7 3135.0
1964 8 3038.0
1964 9 2786.0
1964 10 2929.0
1964 11 2379.0
1964 12 2267.0
1965 1 3004.0
1965 2 2722.0
1965 3 3517.0
1965 4 3432.0
1965 5 2741.0
1965 6 3250.0
1965 7 3040.0
1965 8 2875.0
1965 9 2774.0
1965 10 2459.0
1965 11 2452.0
1965 12 2121.0
1966 1 2788.0
1966 2 2938.0
1966 3 3540.0
1966 4 2723.0
1966 5 2607.0
1966 6 2438.0
1966 7 2105.0
1966 8 1899.0
1966 9 1748.0
1966 10 1596.0
1966 11 1495.0
1966 12 1459.0
1967 1 2257.0
1967 2 2553.0
1967 3 3053.0
1967 4 2668.0
1967 5 3168.0
1967 6 3039.0
1967 7 2691.0
1967 8 3098.0
1967 9 2374.0
1967 10 2704.0
1967 11 2443.0
1967 12 1940.0
1968 1 2438.0
1968 2 2777.0
1968 3 2914.0
1968 4 3116.0
1968 5 3460.0
1968 6 2904.0
1968 7 3370.0
1968 8 3194.0
1968 9 2996.0
1968 10 3378.0
1968 11 2982.0
1968 12 2428.0
1969 1 3184.0
1969 2 3030.0
1969 3 3142.0
1969 4 3384.0
1969 5 2934.0
1969 6 2857.0
1969 7 2545.0
1969 8 2415.0
1969 9 2457.0
1969 10 2444.0
1969 11 2089.0
1969 12 2146.0
1970 1 2205.0
1970 2 2736.0
1970 3 2852.0
1970 4 3517.0
1970 5 3254.0
1970 6 3674.0
1970 7 3576.0
1970 8 3391.0
1970 9 3229.0
1970 10 2902.0
1970 11 2612.0
1970 12 3204.0
1971 1 3581.0
1971 2 4082.0
1971 3 4938.0
1971 4 4776.0
1971 5 4540.0
1971 6 5346.0
1971 7 5063.0
1971 8 4612.0
1971 9 4344.0
1971 10 3772.0
1971 11 4187.0
1971 12 3733.0
1972 1 4569.0
1972 2 4903.0
1972 3 6234.0
1972 4 4875.0
1972 5 4772.0
1972 6 5236.0
1972 7 4229.0
1972 8 4938.0
1972 9 4009.0
1972 10 4363.0
1972 11 3613.0
1972 12 2914.0
1973 1 4111.0
1973 2 4314.0
1973 3 4849.0
1973 4 4320.0
1973 5 4609.0
1973 6 3947.0
1973 7 3451.0
1973 8 3375.0
1973 9 2017.0
1973 10 2406.0
1973 11 2321.0
1973 12 1932.0
1974 1 2384.0
1974 2 3243.0
1974 3 3690.0
1974 4 3754.0
1974 5 3579.0
1974 6 3188.0
1974 7 3212.0
1974 8 2631.0
1974 9 1846.0
1974 10 2343.0
1974 11 1946.0
1974 12 2053.0
1975 1 2127.0
1975 2 2265.0
1975 3 2916.0
1975 4 3793.0
1975 5 3820.0
1975 6 3662.0
1975 7 3829.0
1975 8 3592.0
1975 9 3191.0
1975 10 3659.0
1975 11 3109.0
1975 12 3337.0
1976 1 3898.0
1976 2 4636.0
1976 3 4986.0
1976 4 4810.0
1976 5 4302.0
1976 6 4787.0
1976 7 4469.0
1976 8 4602.0
1976 9 4502.0
1976 10 4473.0
1976 11 3710.0
1976 12 4134.0
1977 1 4303.0
1977 2 5169.0
1977 3 6680.0
1977 4 6212.0
1977 5 6335.0
1977 6 6566.0
1977 7 6212.0
1977 8 6484.0
1977 9 5710.0
1977 10 5485.0
1977 11 5310.0
1977 12 5815.0
1978 1 5031.0
1978 2 4895.0
1978 3 7499.0
1978 4 6616.0
1978 5 6527.0
1978 6 5760.0
1978 7 5308.0
1978 8 5931.0
1978 9 5128.0
1978 10 5538.0
1978 11 4477.0
1978 12 4743.0
1979 1 3562.0
1979 2 4369.0
1979 3 5297.0
1979 4 7212.0
1979 5 7299.0
1979 6 6806.0
1979 7 6944.0
1979 8 8122.0
1979 9 6366.0
1979 10 7190.0
1979 11 4404.0
1979 12 3848.0
1980 1 4737.0
1980 2 5458.0
1980 3 4666.0
1980 4 3933.0
1980 5 4332.0
1980 6 6516.0
1980 7 7587.0
1980 8 6752.0
1980 9 7115.0
1980 10 6706.0
1980 11 4691.0
1980 12 4206.0
1981 1 5054.0
1981 2 6151.0
1981 3 7173.0
1981 4 7836.0
1981 5 6253.0
1981 6 5510.0
1981 7 5943.0
1981 8 4776.0
1981 9 4522.0
1981 10 3527.0
1981 11 3377.0
1981 12 4656.0
1982 1 5156.0
1982 2 5572.0
1982 3 6717.0
1982 4 6349.0
1982 5 6367.0
1982 6 7036.0
1982 7 6368.0
1982 8 6245.0
1982 9 6659.0
1982 10 6727.0
1982 11 7390.0
1982 12 6739.0
1983 1 7634.0
1983 2 7828.0
1983 3 11015.0
1983 4 9801.0
1983 5 10103.0
1983 6 10765.0
1983 7 8309.0
1983 8 8143.0
1983 9 6743.0
1983 10 7285.0
1983 11 6926.0
1983 12 5962.0
1984 1 7227.0
1984 2 8117.0
1984 3 9651.0
1984 4 9036.0
1984 5 9045.0
1984 6 7256.0
1984 7 6660.0
1984 8 6390.0
1984 9 5179.0
1984 10 5422.0
1984 11 4670.0
1984 12 3967.0
1985 1 5165.0
1985 2 5811.0
1985 3 7058.0
1985 4 7299.0
1985 5 7095.0
1985 6 5954.0
1985 7 6741.0
1985 8 6175.0
1985 9 5309.0
1985 10 5186.0
1985 11 3720.0
1985 12 3795.0
1986 1 5141.0
1986 2 5339.0
1986 3 5865.0
1986 4 6782.0
1986 5 6144.0
1986 6 5331.0
1986 7 5440.0
1986 8 4311.0
1986 9 4217.0
1986 10 3608.0
1986 11 2513.0
1986 12 2642.0
1987 1 3227.0
1987 2 3812.0
1987 3 4909.0
1987 4 5074.0
1987 5 4565.0
1987 6 4241.0
1987 7 3851.0
1987 8 3504.0
1987 9 3222.0
1987 10 3106.0
1987 11 2314.0
1987 12 2236.0
1988 1 2173.0
1988 2 2705.0
1988 3 3539.0
1988 4 3379.0
1988 5 3396.0
1988 6 3480.0
1988 7 2804.0
1988 8 3274.0
1988 9 2949.0
1988 10 2751.0
1988 11 2503.0
1988 12 2615.0
1989 1 2665.0
1989 2 2640.0
1989 3 3723.0
1989 4 3412.0
1989 5 3480.0
1989 6 3360.0
1989 7 2954.0
1989 8 3394.0
1989 9 2819.0
1989 10 2969.0
1989 11 2466.0
1989 12 2230.0
1990 1 2888.0
1990 2 2759.0
1990 3 3417.0
1990 4 3356.0
1990 5 4201.0
1990 6 3647.0
1990 7 3010.0
1990 8 3455.0
1990 9 2761.0
1990 10 3135.0
1990 11 2311.0
1990 12 2013.0
1991 1 2496.0
1991 2 2767.0
1991 3 3385.0
1991 4 3962.0
1991 5 4084.0
1991 6 3579.0
1991 7 4024.0
1991 8 3705.0
1991 9 3461.0
1991 10 3736.0
1991 11 2853.0
1991 12 2813.0
1992 1 3591.0
1992 2 4317.0
1992 3 4937.0
1992 4 5104.0
1992 5 4450.0
1992 6 4862.0
1992 7 4651.0
1992 8 4374.0
1992 9 4735.0
1992 10 4483.0
1992 11 3620.0
1992 12 3982.0
1993 1 3948.0
1993 2 4333.0
1993 3 5584.0
1993 4 5608.0
1993 5 5225.0
1993 6 5188.0
1993 7 5311.0
1993 8 5326.0
1993 9 5477.0
1993 10 4848.0
1993 11 4604.0
1993 12 4594.0
1994 1 5698.0
1994 2 5744.0
1994 3 7808.0
1994 4 7160.0
1994 5 6770.0
1994 6 6691.0
1994 7 5514.0
1994 8 6220.0
1994 9 5531.0
1994 10 4849.0
1994 11 4696.0
1994 12 4747.0
1995 1 4813.0
1995 2 5019.0
1995 3 6083.0
1995 4 5704.0
1995 5 6266.0
1995 6 6320.0
1995 7 5904.0
1995 8 6748.0
1995 9 6102.0
1995 10 5964.0
1995 11 5376.0
1995 12 5034.0
1996 1 6850.0
1996 2 6817.0
1996 3 7890.0
1996 4 8372.0
1996 5 8071.0
1996 6 6954.0
1996 7 7092.0
1996 8 7095.0
1996 9 6103.0
1996 10 6323.0
1996 11 5010.0
1996 12 5186.0
1997 1 5764.0
1997 2 5780.0
1997 3 6553.0
1997 4 7615.0
1997 5 7248.0
1997 6 7311.0
1997 7 7283.0
1997 8 6926.0
1997 9 7133.0
1997 10 6949.0
1997 11 5467.0
1997 12 5845.0
1998 1 6579.0
1998 2 7458.0
1998 3 8677.0
1998 4 8953.0
1998 5 8971.0
1998 6 9094.0
1998 7 9024.0
1998 8 8901.0
1998 9 7895.0
1998 10 7877.0
1998 11 6811.0
1998 12 7308.0
1999 1 7139.0
1999 2 7822.0
1999 3 10249.0
1999 4 9364.0
1999 5 9007.0
1999 6 9504.0
1999 7 8801.0
1999 8 8995.0
1999 9 7991.0
1999 10 7182.0
1999 11 6980.0
1999 12 6565.0
2000 1 7537.0
2000 2 8878.0
2000 3 10638.0
2000 4 8747.0
2000 5 9933.0
2000 6 9564.0
2000 7 8669.0
2000 8 9571.0
2000 9 8305.0
2000 10 8813.0
2000 11 7490.0
2000 12 7175.0
2001 1 8609.0
2001 2 8369.0
2001 3 10311.0
2001 4 9804.0
2001 5 11023.0
2001 6 10630.0
2001 7 9603.0
2001 8 9587.0
2001 9 8005.0
2001 10 9008.0
2001 11 7337.0
2001 12 7457.0
2002 1 9014.0
2002 2 8901.0
2002 3 10112.0
2002 4 11753.0
2002 5 11654.0
2002 6 10778.0
2002 7 10861.0
2002 8 10857.0
2002 9 9288.0
2002 10 10649.0
2002 11 8336.0
2002 12 8156.0
2003 1 9453.0
2003 2 9461.0
2003 3 11430.0
2003 4 11807.0
2003 5 11917.0
2003 6 12235.0
2003 7 12699.0
2003 8 12087.0
2003 9 11296.0
2003 10 11254.0
2003 11 8361.0
2003 12 9567.0
2004 1 10148.0
2004 2 10772.0
2004 3 14021.0
2004 4 13682.0
2004 5 12909.0
2004 6 13423.0
2004 7 12472.0
2004 8 12742.0
2004 9 11482.0
2004 10 11223.0
2004 11 9544.0
2004 12 10070.0
2005 1 10880.0
2005 2 12083.0
2005 3 14280.0
2005 4 14645.0
2005 5 14307.0
2005 6 15241.0
2005 7 14104.0
2005 8 15680.0
2005 9 13343.0
2005 10 13876.0
2005 11 12742.0
2005 12 12373.0
2006 1 13392.0
2006 2 13122.0
2006 3 16804.0
2006 4 14312.0
2006 5 16399.0
2006 6 16246.0
2006 7 13041.0
2006 8 14631.0
2006 9 11356.0
2006 10 11543.0
2006 11 9702.0
2006 12 9008.0
2007 1 9843.0
2007 2 10915.0
2007 3 12726.0
2007 4 11485.0
2007 5 12014.0
2007 6 10661.0
2007 7 10439.0
2007 8 10147.0
2007 9 7891.0
2007 10 8201.0
2007 11 6822.0
2007 12 5664.0
2008 1 6736.0
2008 2 7501.0
2008 3 7666.0
2008 4 8473.0
2008 5 8006.0
2008 6 7876.0
2008 7 7624.0
2008 8 6584.0
2008 9 5544.0
2008 10 5151.0
2008 11 3416.0
2008 12 3579.0
2009 1 3680.0
2009 2 4372.0
2009 3 5835.0
2009 4 5407.0
2009 5 5596.0
2009 6 6910.0
2009 7 7131.0
2009 8 6451.0
2009 9 5748.0
2009 10 5097.0
2009 11 4523.0
2009 12 5201.0
2010 1 4987.0
2010 2 5857.0
2010 3 7988.0
2010 4 6762.0
2010 5 5992.0
2010 6 6225.0
2010 7 5396.0
2010 8 5255.0
2010 9 4479.0
2010 10 3955.0
2010 11 4169.0
2010 12 4386.0
2011 1 4371.0
2011 2 4368.0
2011 3 6411.0
2011 4 5763.0
2011 5 5865.0
2011 6 6061.0
2011 7 5130.0
2011 8 6148.0
2011 9 5362.0
2011 10 4871.0
2011 11 4663.0
2011 12 4608.0
2012 1 5722.0
2012 2 5887.0
2012 3 6380.0
2012 4 6915.0
2012 5 7496.0
2012 6 6914.0
2012 7 6864.0
2012 8 7421.0
2012 9 6052.0
2012 10 6798.0
2012 11 6047.0
2012 12 5177.0
2013 1 6970.0
2013 2 6720.0
2013 3 7811.0
2013 4 8944.0
2013 5 8408.0
2013 6 7956.0
2013 7 8367.0
2013 8 8143.0
2013 9 6668.0
2013 10 7436.0
2013 11 6294.0
2013 12 6039.0
2014 1 7369.0
2014 2 7639.0
2014 3 8293.0
2014 4 9172.0
2014 5 8848.0
2014 6 9065.0
2014 7 9329.0
2014 8 8408.0
2014 9 7919.0
2014 10 8407.0
2014 11 6406.0
2014 12 7685.0
2015 1 8093.0
2015 2 7938.0
2015 3 9371.0
2015 4 10056.0
2015 5 9015.0
2015 6 10060.0
2015 7 9239.0
2015 8 8465.0
2015 9 8601.0
2015 10 8739.0
2015 11 6992.0
2015 12 7603.0
2016 1 7301.0
2016 2 8500.0
2016 3 9954.0
2016 4 9487.0
2016 5 9721.0
2016 6 10296.0
2016 7 8835.0
2016 8 9689.0
2016 9 8552.0
2016 10 8600.0
2016 11 7671.0
2016 12 8030.0
2017 1 9250.0
2017 2 9205.0
2017 3 11873.0
2017 4 10035.0
2017 5 10785.0
2017 6 11398.0
2017 7 9984.0
2017 8 9468.0
2017 9 8999.0
2017 10 9285.0
2017 11 8904.0
2017 12 8178.0
2018 1 10119.0
2018 2 9681.0
2018 3 10898.0
2018 4 10897.0
2018 5 11553.0
2018 6 11564.0
2018 7 11348.0
2018 8 11294.0
2018 9 9340.0
2018 10 9841.0
2018 11 8906.0
2018 12 7560.0
2019 1 8978.0
2019 2 9085.0
2019 3 10968.0
2019 4 10949.0
2019 5 11216.0
2019 6 10136.0
2019 7 10963.0
2019 8 11932.0
2019 9 10625.0
2019 10 11765.0
2019 11 9668.0
2019 12 9699.0
2020 1 11577.0
2020 2 11661.0
2020 3 12801.0
2020 4 9775.0
2020 5 9887.0
2020 6 12380.0
2020 7 14331.0
2020 8 14602.0
2020 9 14268.0
2020 10 14720.0
2020 11 12675.0
2020 12 14885.0
2021 1 14165.0
2021 2 12575.0
2021 3 17163.0
2021 4 16705.0
2021 5 16687.0
2021 6 16006.0
2021 7 14235.0
2021 8 13917.0
2021 9 13186.0
2021 10 13234.0
2021 11 12349.0
2021 12 12988.0
2022 1 14886.0
2022 2 14749.0
2022 3 17812.0
2022 4 16261.0
2022 5 14832.0
2022 6 14797.0
2022 7 11417.0
2022 8 12478.0
2022 9 10934.0
2022 10 9967.0
2022 11 8416.0
2022 12 7363.0
2023 1 8155.0
2023 2 9644.0
2023 3 12541.0
2023 4 12849.0
2023 5 13585.0
2023 6 13878.0
2023 7 12162.0
2023 8 14287.0
2023 9 11201.0
2023 10 12716.0
2023 11 10835.0
2023 12 9983.0
2024 1 12707.0
2024 2 13596.0
2024 3 14013.0
2024 4 15688.0
2024 5 14921.0
2024 6 12693.0
2024 7 13288.0
2024 8 13550.0
