1960 5 4835.0
1960 6 4751.0
1960 7 3848.0
1960 8 4700.0
1960 9 4278.0
1960 10 3880.0
1960 11 3651.0
1960 12 3256.0
1961 1 4404.0
1961 2 4143.0
1961 3 5964.0
1961 4 5503.0
1961 5 5136.0
1961 6 5032.0
1961 7 5085.0
1961 8 6414.0
1961 9 5192.0
1961 10 5514.0
1961 11 4768.0
1961 12 3929.0
1962 1 5783.0
1962 2 5576.0
1962 3 7302.0
1962 4 7129.0
1962 5 5699.0
1962 6 6647.0
1962 7 6558.0
1962 8 7425.0
1962 9 6199.0
1962 10 6608.0
1962 11 6202.0
1962 12 5134.0
1963 1 6606.0
1963 2 6448.0
1963 3 7926.0
1963 4 6959.0
1963 5 8379.0
1963 6 5882.0
1963 7 7560.0
1963 8 6798.0
1963 9 5568.0
1963 10 6001.0
1963 11 5508.0
1963 12 5307.0
1964 1 6565.0
1964 2 6068.0
1964 3 7994.0
1964 4 6450.0
1964 5 5725.0
1964 6 5846.0
1964 7 6898.0
1964 8 5637.0
1964 9 5680.0
1964 10 4852.0
1964 11 4127.0
1964 12 4157.0
1965 1 4627.0
1965 2 4113.0
1965 3 5692.0
1965 4 5202.0
1965 5 4608.0
1965 6 5307.0
1965 7 5226.0
1965 8 3971.0
1965 9 4582.0
1965 10 4003.0
1965 11 4707.0
1965 12 4533.0
1966 1 5023.0
1966 2 5063.0
1966 3 5987.0
1966 4 4606.0
1966 5 5196.0
1966 6 4415.0
1966 7 4018.0
1966 8 3332.0
1966 9 2442.0
1966 10 3226.0
1966 11 2327.0
1966 12 2798.0
1967 1 3942.0
1967 2 4295.0
1967 3 6250.0
1967 4 4725.0
1967 5 6251.0
1967 6 6080.0
1967 7 4770.0
1967 8 6612.0
1967 9 5120.0
1967 10 6554.0
1967 11 6444.0
1967 12 6003.0
1968 1 6498.0
1968 2 8747.0
1968 3 7585.0
1968 4 7221.0
1968 5 7752.0
1968 6 9432.0
1968 7 8765.0
1968 8 7631.0
1968 9 8823.0
1968 10 9992.0
1968 11 7653.0
1968 12 7852.0
1969 1 9220.0
1969 2 9217.0
1969 3 8497.0
1969 4 10996.0
1969 5 8624.0
1969 6 7669.0
1969 7 7285.0
1969 8 6760.0
1969 9 5766.0
1969 10 6173.0
1969 11 6210.0
1969 12 4638.0
1970 1 5307.0
1970 2 6247.0
1970 3 6377.0
1970 4 8638.0
1970 5 8274.0
1970 6 9760.0
1970 7 7979.0
1970 8 7089.0
1970 9 9155.0
1970 10 7037.0
1970 11 8255.0
1970 12 9617.0
1971 1 8044.0
1971 2 11332.0
1971 3 12349.0
1971 4 10417.0
1971 5 10696.0
1971 6 10933.0
1971 7 10189.0
1971 8 10727.0
1971 9 9031.0
1971 10 9997.0
1971 11 10472.0
1971 12 10095.0
1972 1 8812.0
1972 2 11249.0
1972 3 13047.0
1972 4 9371.0
1972 5 12004.0
1972 6 12415.0
1972 7 8780.0
1972 8 11116.0
1972 9 8534.0
1972 10 10094.0
1972 11 10211.0
1972 12 11477.0
1973 1 11825.0
1973 2 10140.0
1973 3 12174.0
1973 4 9924.0
1973 5 9753.0
1973 6 8116.0
1973 7 7277.0
1973 8 8523.0
1973 9 6199.0
1973 10 6305.0
1973 11 7822.0
1973 12 4690.0
1974 1 7310.0
1974 2 7011.0
1974 3 8108.0
1974 4 9974.0
1974 5 6881.0
1974 6 5050.0
1974 7 4651.0
1974 8 4892.0
1974 9 2266.0
1974 10 3403.0
1974 11 3665.0
1974 12 3630.0
1975 1 3585.0
1975 2 3234.0
1975 3 4395.0
1975 4 5863.0
1975 5 4969.0
1975 6 5130.0
1975 7 6602.0
1975 8 5785.0
1975 9 5412.0
1975 10 7095.0
1975 11 4606.0
1975 12 6654.0
1976 1 7477.0
1976 2 7338.0
1976 3 7885.0
1976 4 8864.0
1976 5 8811.0
1976 6 8454.0
1976 7 7663.0
1976 8 8250.0
1976 9 10442.0
1976 10 7730.0
1976 11 7241.0
1976 12 9382.0
1977 1 6975.0
1977 2 8839.0
1977 3 12787.0
1977 4 12575.0
1977 5 12828.0
1977 6 13401.0
1977 7 10411.0
1977 8 14488.0
1977 9 11884.0
1977 10 10674.0
1977 11 11865.0
1977 12 12432.0
1978 1 10024.0
1978 2 8271.0
1978 3 13574.0
1978 4 13828.0
1978 5 12964.0
1978 6 11231.0
1978 7 9929.0
1978 8 10244.0
1978 9 10080.0
1978 10 11106.0
1978 11 9092.0
1978 12 9803.0
1979 1 7063.0
1979 2 9911.0
1979 3 11051.0
1979 4 11678.0
1979 5 13828.0
1979 6 15786.0
1979 7 12370.0
1979 8 15817.0
1979 9 11788.0
1979 10 16069.0
1979 11 11013.0
1979 12 7530.0
1980 1 9421.0
1980 2 10042.0
1980 3 10128.0
1980 4 7726.0
1980 5 7166.0
1980 6 10793.0
1980 7 10843.0
1980 8 12669.0
1980 9 14688.0
1980 10 11015.0
1980 11 9756.0
1980 12 12123.0
1981 1 11601.0
1981 2 10611.0
1981 3 12441.0
1981 4 13213.0
1981 5 11523.0
1981 6 11808.0
1981 7 11331.0
1981 8 9922.0
1981 9 12129.0
1981 10 8862.0
1981 11 9233.0
1981 12 12720.0
1982 1 12493.0
1982 2 12906.0
1982 3 16862.0
1982 4 18532.0
1982 5 14057.0
1982 6 16867.0
1982 7 17981.0
1982 8 15965.0
1982 9 17403.0
1982 10 16215.0
1982 11 18339.0
1982 12 21840.0
1983 1 18101.0
1983 2 21920.0
1983 3 29543.0
1983 4 24569.0
1983 5 22413.0
1983 6 29930.0
1983 7 24025.0
1983 8 21097.0
1983 9 19767.0
1983 10 23223.0
1983 11 19089.0
1983 12 17944.0
1984 1 19628.0
1984 2 19107.0
1984 3 18122.0
1984 4 23265.0
1984 5 19920.0
1984 6 18288.0
1984 7 15689.0
1984 8 13354.0
1984 9 11165.0
1984 10 12496.0
1984 11 9930.0
1984 12 12097.0
1985 1 9599.0
1985 2 13592.0
1985 3 12942.0
1985 4 14387.0
1985 5 14736.0
1985 6 12386.0
1985 7 13260.0
1985 8 13834.0
1985 9 9283.0
1985 10 9907.0
1985 11 8172.0
1985 12 10115.0
1986 1 11481.0
1986 2 9827.0
1986 3 10451.0
1986 4 10784.0
1986 5 8971.0
1986 6 7709.0
1986 7 6341.0
1986 8 6380.0
1986 9 5735.0
1986 10 5159.0
1986 11 3637.0
1986 12 5011.0
1987 1 4203.0
1987 2 4006.0
1987 3 5670.0
1987 4 5403.0
1987 5 5071.0
1987 6 5619.0
1987 7 4060.0
1987 8 3907.0
1987 9 3734.0
1987 10 3772.0
1987 11 2588.0
1987 12 2302.0
1988 1 2470.0
1988 2 3016.0
1988 3 3899.0
1988 4 3800.0
1988 5 3698.0
1988 6 4052.0
1988 7 3253.0
1988 8 3683.0
1988 9 3354.0
1988 10 3134.0
1988 11 2927.0
1988 12 2719.0
1989 1 2725.0
1989 2 2734.0
1989 3 4948.0
1989 4 3539.0
1989 5 3771.0
1989 6 3482.0
1989 7 3040.0
1989 8 4269.0
1989 9 2917.0
1989 10 3340.0
1989 11 2974.0
1989 12 3177.0
1990 1 6203.0
1990 2 3241.0
1990 3 3564.0
1990 4 4233.0
1990 5 4308.0
1990 6 4636.0
1990 7 3860.0
1990 8 4231.0
1990 9 3219.0
1990 10 3388.0
1990 11 2914.0
1990 12 2319.0
1991 1 3139.0
1991 2 3333.0
1991 3 3809.0
1991 4 4362.0
1991 5 5027.0
1991 6 4792.0
1991 7 4535.0
1991 8 4453.0
1991 9 4888.0
1991 10 5644.0
1991 11 3959.0
1991 12 3333.0
1992 1 3716.0
1992 2 4854.0
1992 3 5431.0
1992 4 6762.0
1992 5 4851.0
1992 6 6239.0
1992 7 5418.0
1992 8 5231.0
1992 9 5174.0
1992 10 5780.0
1992 11 3958.0
1992 12 4605.0
1993 1 5338.0
1993 2 4759.0
1993 3 6673.0
1993 4 6987.0
1993 5 6512.0
1993 6 6283.0
1993 7 6146.0
1993 8 6826.0
1993 9 7052.0
1993 10 6072.0
1993 11 5193.0
1993 12 8303.0
1994 1 7636.0
1994 2 6522.0
1994 3 11256.0
1994 4 11559.0
1994 5 8264.0
1994 6 8528.0
1994 7 7137.0
1994 8 8790.0
1994 9 11483.0
1994 10 7164.0
1994 11 7427.0
1994 12 7517.0
1995 1 7381.0
1995 2 8497.0
1995 3 7869.0
1995 4 7932.0
1995 5 9508.0
1995 6 8896.0
1995 7 8752.0
1995 8 8612.0
1995 9 10631.0
1995 10 9218.0
1995 11 7699.0
1995 12 6971.0
1996 1 9023.0
1996 2 8416.0
1996 3 9095.0
1996 4 10636.0
1996 5 11265.0
1996 6 9867.0
1996 7 10710.0
1996 8 9586.0
1996 9 9351.0
1996 10 9032.0
1996 11 8844.0
1996 12 10940.0
1997 1 8240.0
1997 2 8708.0
1997 3 10056.0
1997 4 11862.0
1997 5 10027.0
1997 6 10862.0
1997 7 10716.0
1997 8 10069.0
1997 9 13961.0
1997 10 10956.0
1997 11 8382.0
1997 12 9808.0
1998 1 8549.0
1998 2 10869.0
1998 3 15840.0
1998 4 13242.0
1998 5 14228.0
1998 6 14299.0
1998 7 14029.0
1998 8 13197.0
1998 9 14141.0
1998 10 14026.0
1998 11 9300.0
1998 12 11007.0
1999 1 12287.0
1999 2 12455.0
1999 3 13218.0
1999 4 12379.0
1999 5 12064.0
1999 6 12171.0
1999 7 13726.0
1999 8 12372.0
1999 9 11432.0
1999 10 11960.0
1999 11 10091.0
1999 12 10193.0
2000 1 9506.0
2000 2 10913.0
2000 3 12139.0
2000 4 10654.0
2000 5 12642.0
2000 6 12899.0
2000 7 10662.0
2000 8 11037.0
2000 9 11891.0
2000 10 12030.0
2000 11 10123.0
2000 12 8447.0
2001 1 11804.0
2001 2 10858.0
2001 3 12754.0
2001 4 12875.0
2001 5 14203.0
2001 6 12240.0
2001 7 11912.0
2001 8 11218.0
2001 9 10821.0
2001 10 12153.0
2001 11 11401.0
2001 12 12045.0
2002 1 11570.0
2002 2 11437.0
2002 3 14160.0
2002 4 14053.0
2002 5 15450.0
2002 6 14403.0
2002 7 13319.0
2002 8 14286.0
2002 9 11785.0
2002 10 13400.0
2002 11 11490.0
2002 12 13690.0
2003 1 12044.0
2003 2 14534.0
2003 3 14146.0
2003 4 15085.0
2003 5 16036.0
2003 6 16787.0
2003 7 14504.0
2003 8 14877.0
2003 9 15115.0
2003 10 15084.0
2003 11 11155.0
2003 12 12988.0
2004 1 12889.0
2004 2 12788.0
2004 3 16644.0
2004 4 16483.0
2004 5 17849.0
2004 6 16719.0
2004 7 15238.0
2004 8 15836.0
2004 9 14814.0
2004 10 14552.0
2004 11 12049.0
2004 12 12148.0
2005 1 15847.0
2005 2 15303.0
2005 3 18053.0
2005 4 18168.0
2005 5 17325.0
2005 6 18544.0
2005 7 18154.0
2005 8 20567.0
2005 9 16718.0
2005 10 17033.0
2005 11 14295.0
2005 12 15743.0
2006 1 18734.0
2006 2 16159.0
2006 3 21795.0
2006 4 19299.0
2006 5 19679.0
2006 6 21784.0
2006 7 17279.0
2006 8 17962.0
2006 9 14992.0
2006 10 15544.0
2006 11 14479.0
2006 12 14157.0
2007 1 13270.0
2007 2 15111.0
2007 3 16433.0
2007 4 14143.0
2007 5 18291.0
2007 6 16656.0
2007 7 16459.0
2007 8 15249.0
2007 9 11531.0
2007 10 12599.0
2007 11 12006.0
2007 12 10707.0
2008 1 11666.0
2008 2 11216.0
2008 3 13041.0
2008 4 12875.0
2008 5 12707.0
2008 6 10680.0
2008 7 11695.0
2008 8 12221.0
2008 9 9198.0
2008 10 8552.0
2008 11 5402.0
2008 12 6663.0
2009 1 6121.0
2009 2 6587.0
2009 3 7422.0
2009 4 7239.0
2009 5 6564.0
2009 6 8318.0
2009 7 7721.0
2009 8 7702.0
2009 9 7307.0
2009 10 5307.0
2009 11 5622.0
2009 12 6194.0
2010 1 6137.0
2010 2 6265.0
2010 3 9741.0
2010 4 8056.0
2010 5 7631.0
2010 6 8184.0
2010 7 7343.0
2010 8 7690.0
2010 9 6364.0
2010 10 5015.0
2010 11 5801.0
2010 12 5613.0
2011 1 5310.0
2011 2 6406.0
2011 3 8381.0
2011 4 8184.0
2011 5 7414.0
2011 6 9943.0
2011 7 8316.0
2011 8 9822.0
2011 9 7789.0
2011 10 8174.0
2011 11 5953.0
2011 12 8115.0
2012 1 8766.0
2012 2 8778.0
2012 3 10969.0
2012 4 10178.0
2012 5 11942.0
2012 6 11176.0
2012 7 12003.0
2012 8 13682.0
2012 9 9627.0
2012 10 11773.0
2012 11 10121.0
2012 12 10825.0
2013 1 10962.0
2013 2 11695.0
2013 3 12121.0
2013 4 13600.0
2013 5 12725.0
2013 6 11311.0
2013 7 12780.0
2013 8 10699.0
2013 9 12323.0
2013 10 15256.0
2013 11 10349.0
2013 12 12733.0
2014 1 12373.0
2014 2 12156.0
2014 3 11650.0
2014 4 17725.0
2014 5 15440.0
2014 6 12948.0
2014 7 14717.0
2014 8 15316.0
2014 9 13610.0
2014 10 13597.0
2014 11 10456.0
2014 12 15468.0
2015 1 11515.0
2015 2 14075.0
2015 3 14027.0
2015 4 15352.0
2015 5 12351.0
2015 6 17580.0
2015 7 15556.0
2015 8 14814.0
2015 9 13189.0
2015 10 14789.0
2015 11 13240.0
2015 12 14515.0
2016 1 11879.0
2016 2 12591.0
2016 3 14376.0
2016 4 12426.0
2016 5 14641.0
2016 6 15477.0
2016 7 13977.0
2016 8 14614.0
2016 9 13805.0
2016 10 12128.0
2016 11 12680.0
2016 12 11678.0
2017 1 15236.0
2017 2 13247.0
2017 3 16550.0
2017 4 13677.0
2017 5 15578.0
2017 6 17188.0
2017 7 12493.0
2017 8 15857.0
2017 9 12233.0
2017 10 15098.0
2017 11 13140.0
2017 12 11348.0
2018 1 15207.0
2018 2 12204.0
2018 3 15486.0
2018 4 19795.0
2018 5 16526.0
2018 6 19086.0
2018 7 16171.0
2018 8 15564.0
2018 9 13362.0
2018 10 13241.0
2018 11 15265.0
2018 12 14984.0
2019 1 14258.0
2019 2 14511.0
2019 3 15852.0
2019 4 15895.0
2019 5 19081.0
2019 6 15176.0
2019 7 17515.0
2019 8 19405.0
2019 9 16452.0
2019 10 19861.0
2019 11 16880.0
2019 12 14714.0
2020 1 17885.0
2020 2 16275.0
2020 3 19293.0
2020 4 16518.0
2020 5 15919.0
2020 6 17601.0
2020 7 20183.0
2020 8 18613.0
2020 9 21319.0
2020 10 19374.0
2020 11 17953.0
2020 12 20635.0
2021 1 22260.0
2021 2 18184.0
2021 3 23649.0
2021 4 24127.0
2021 5 21683.0
2021 6 23679.0
2021 7 20762.0
2021 8 23304.0
2021 9 18003.0
2021 10 18064.0
2021 11 18004.0
2021 12 20891.0
2022 1 23155.0
2022 2 20417.0
2022 3 26723.0
2022 4 25518.0
2022 5 22918.0
2022 6 26082.0
2022 7 23914.0
2022 8 20950.0
2022 9 19444.0
2022 10 21363.0
2022 11 15117.0
2022 12 15629.0
2023 1 16847.0
2023 2 17363.0
2023 3 18896.0
2023 4 17346.0
2023 5 21978.0
2023 6 20444.0
2023 7 18897.0
2023 8 21723.0
2023 9 17073.0
2023 10 20830.0
2023 11 14955.0
2023 12 14180.0
2024 1 19218.0
2024 2 17198.0
2024 3 18550.0
2024 4 21893.0
2024 5 18401.0
2024 6 18062.0
2024 7 19859.0
2024 8 20105.0
