1960 5 137.0
1960 6 189.0
1960 7 83.0
1960 8 108.0
1960 9 45.0
1960 10 69.0
1960 11 90.0
1960 12 85.0
1961 1 141.0
1961 2 121.0
1961 3 81.0
1961 4 116.0
1961 5 114.0
1961 6 77.0
1961 7 80.0
1961 8 134.0
1961 9 71.0
1961 10 120.0
1961 11 109.0
1961 12 69.0
1962 1 124.0
1962 2 124.0
1962 3 164.0
1962 4 115.0
1962 5 197.0
1962 6 145.0
1962 7 144.0
1962 8 180.0
1962 9 160.0
1962 10 106.0
1962 11 96.0
1962 12 149.0
1963 1 237.0
1963 2 394.0
1963 3 241.0
1963 4 203.0
1963 5 184.0
1963 6 147.0
1963 7 175.0
1963 8 159.0
1963 9 301.0
1963 10 239.0
1963 11 253.0
1963 12 114.0
1964 1 123.0
1964 2 306.0
1964 3 231.0
1964 4 314.0
1964 5 123.0
1964 6 216.0
1964 7 224.0
1964 8 143.0
1964 9 248.0
1964 10 172.0
1964 11 128.0
1964 12 147.0
1965 1 225.0
1965 2 151.0
1965 3 239.0
1965 4 239.0
1965 5 181.0
1965 6 211.0
1965 7 159.0
1965 8 213.0
1965 9 414.0
1965 10 200.0
1965 11 244.0
1965 12 138.0
1966 1 170.0
1966 2 178.0
1966 3 290.0
1966 4 184.0
1966 5 168.0
1966 6 157.0
1966 7 71.0
1966 8 120.0
1966 9 70.0
1966 10 119.0
1966 11 127.0
1966 12 76.0
1967 1 186.0
1967 2 161.0
1967 3 257.0
1967 4 241.0
1967 5 205.0
1967 6 268.0
1967 7 219.0
1967 8 205.0
1967 9 190.0
1967 10 437.0
1967 11 351.0
1967 12 355.0
1968 1 227.0
1968 2 479.0
1968 3 244.0
1968 4 271.0
1968 5 289.0
1968 6 366.0
1968 7 355.0
1968 8 177.0
1968 9 208.0
1968 10 288.0
1968 11 309.0
1968 12 234.0
1969 1 345.0
1969 2 344.0
1969 3 414.0
1969 4 372.0
1969 5 214.0
1969 6 314.0
1969 7 429.0
1969 8 423.0
1969 9 148.0
1969 10 201.0
1969 11 155.0
1969 12 89.0
1970 1 147.0
1970 2 182.0
1970 3 116.0
1970 4 162.0
1970 5 434.0
1970 6 211.0
1970 7 488.0
1970 8 219.0
1970 9 850.0
1970 10 308.0
1970 11 304.0
1970 12 310.0
1971 1 495.0
1971 2 834.0
1971 3 404.0
1971 4 351.0
1971 5 336.0
1971 6 404.0
1971 7 278.0
1971 8 519.0
1971 9 398.0
1971 10 282.0
1971 11 400.0
1971 12 545.0
1972 1 409.0
1972 2 390.0
1972 3 508.0
1972 4 286.0
1972 5 569.0
1972 6 418.0
1972 7 424.0
1972 8 341.0
1972 9 338.0
1972 10 730.0
1972 11 329.0
1972 12 565.0
1973 1 243.0
1973 2 331.0
1973 3 312.0
1973 4 293.0
1973 5 299.0
1973 6 163.0
1973 7 223.0
1973 8 131.0
1973 9 321.0
1973 10 83.0
1973 11 68.0
1973 12 258.0
1974 1 170.0
1974 2 146.0
1974 3 291.0
1974 4 186.0
1974 5 316.0
1974 6 172.0
1974 7 136.0
1974 8 77.0
1974 9 36.0
1974 10 401.0
1974 11 256.0
1974 12 32.0
1975 1 130.0
1975 2 107.0
1975 3 88.0
1975 4 148.0
1975 5 158.0
1975 6 300.0
1975 7 226.0
1975 8 275.0
1975 9 126.0
1975 10 387.0
1975 11 244.0
1975 12 229.0
1976 1 235.0
1976 2 243.0
1976 3 328.0
1976 4 361.0
1976 5 475.0
1976 6 263.0
1976 7 266.0
1976 8 222.0
1976 9 413.0
1976 10 391.0
1976 11 282.0
1976 12 339.0
1977 1 346.0
1977 2 316.0
1977 3 486.0
1977 4 1004.0
1977 5 657.0
1977 6 633.0
1977 7 856.0
1977 8 504.0
1977 9 646.0
1977 10 477.0
1977 11 453.0
1977 12 416.0
1978 1 308.0
1978 2 294.0
1978 3 581.0
1978 4 563.0
1978 5 612.0
1978 6 605.0
1978 7 332.0
1978 8 392.0
1978 9 553.0
1978 10 597.0
1978 11 562.0
1978 12 280.0
1979 1 323.0
1979 2 181.0
1979 3 340.0
1979 4 503.0
1979 5 452.0
1979 6 746.0
1979 7 315.0
1979 8 710.0
1979 9 731.0
1979 10 812.0
1979 11 496.0
1979 12 250.0
1980 1 526.0
1980 2 530.0
1980 3 576.0
1980 4 395.0
1980 5 523.0
1980 6 592.0
1980 7 659.0
1980 8 668.0
1980 9 1151.0
1980 10 1103.0
1980 11 752.0
1980 12 764.0
1981 1 1039.0
1981 2 685.0
1981 3 1064.0
1981 4 1100.0
1981 5 798.0
1981 6 981.0
1981 7 812.0
1981 8 1217.0
1981 9 1057.0
1981 10 1156.0
1981 11 625.0
1981 12 531.0
1982 1 774.0
1982 2 888.0
1982 3 2009.0
1982 4 1442.0
1982 5 1123.0
1982 6 1066.0
1982 7 1037.0
1982 8 1059.0
1982 9 1098.0
1982 10 792.0
1982 11 1067.0
1982 12 1417.0
1983 1 1020.0
1983 2 1121.0
1983 3 2143.0
1983 4 1791.0
1983 5 1464.0
1983 6 1694.0
1983 7 1197.0
1983 8 1412.0
1983 9 1535.0
1983 10 1341.0
1983 11 1224.0
1983 12 1181.0
1984 1 1343.0
1984 2 1000.0
1984 3 1759.0
1984 4 1970.0
1984 5 1520.0
1984 6 1576.0
1984 7 1005.0
1984 8 1251.0
1984 9 792.0
1984 10 808.0
1984 11 1241.0
1984 12 631.0
1985 1 740.0
1985 2 780.0
1985 3 697.0
1985 4 874.0
1985 5 1133.0
1985 6 1016.0
1985 7 800.0
1985 8 872.0
1985 9 710.0
1985 10 566.0
1985 11 582.0
1985 12 414.0
1986 1 517.0
1986 2 590.0
1986 3 512.0
1986 4 400.0
1986 5 363.0
1986 6 253.0
1986 7 329.0
1986 8 189.0
1986 9 295.0
1986 10 591.0
1986 11 139.0
1986 12 190.0
1987 1 133.0
1987 2 132.0
1987 3 229.0
1987 4 130.0
1987 5 176.0
1987 6 83.0
1987 7 44.0
1987 8 71.0
1987 9 71.0
1987 10 45.0
1987 11 38.0
1987 12 46.0
1988 1 138.0
1988 2 43.0
1988 3 102.0
1988 4 43.0
1988 5 50.0
1988 6 66.0
1988 7 46.0
1988 8 86.0
1988 9 264.0
1988 10 101.0
1988 11 87.0
1988 12 95.0
1989 1 19.0
1989 2 29.0
1989 3 461.0
1989 4 18.0
1989 5 24.0
1989 6 69.0
1989 7 71.0
1989 8 169.0
1989 9 10.0
1989 10 83.0
1989 11 50.0
1989 12 30.0
1990 1 73.0
1990 2 39.0
1990 3 109.0
1990 4 21.0
1990 5 75.0
1990 6 41.0
1990 7 21.0
1990 8 64.0
1990 9 103.0
1990 10 75.0
1990 11 25.0
1990 12 24.0
1991 1 7.0
1991 2 82.0
1991 3 60.0
1991 4 51.0
1991 5 37.0
1991 6 95.0
1991 7 49.0
1991 8 66.0
1991 9 72.0
1991 10 461.0
1991 11 70.0
1991 12 77.0
1992 1 78.0
1992 2 64.0
1992 3 65.0
1992 4 122.0
1992 5 69.0
1992 6 139.0
1992 7 69.0
1992 8 32.0
1992 9 48.0
1992 10 493.0
1992 11 14.0
1992 12 108.0
1993 1 25.0
1993 2 76.0
1993 3 117.0
1993 4 151.0
1993 5 146.0
1993 6 63.0
1993 7 165.0
1993 8 124.0
1993 9 164.0
1993 10 205.0
1993 11 179.0
1993 12 157.0
1994 1 151.0
1994 2 349.0
1994 3 135.0
1994 4 188.0
1994 5 220.0
1994 6 150.0
1994 7 97.0
1994 8 97.0
1994 9 54.0
1994 10 126.0
1994 11 148.0
1994 12 269.0
1995 1 146.0
1995 2 99.0
1995 3 166.0
1995 4 194.0
1995 5 163.0
1995 6 204.0
1995 7 260.0
1995 8 254.0
1995 9 449.0
1995 10 293.0
1995 11 199.0
1995 12 132.0
1996 1 164.0
1996 2 175.0
1996 3 197.0
1996 4 433.0
1996 5 284.0
1996 6 189.0
1996 7 239.0
1996 8 272.0
1996 9 170.0
1996 10 502.0
1996 11 299.0
1996 12 103.0
1997 1 125.0
1997 2 173.0
1997 3 248.0
1997 4 307.0
1997 5 220.0
1997 6 501.0
1997 7 480.0
1997 8 122.0
1997 9 277.0
1997 10 408.0
1997 11 108.0
1997 12 534.0
1998 1 501.0
1998 2 423.0
1998 3 1021.0
1998 4 394.0
1998 5 509.0
1998 6 674.0
1998 7 595.0
1998 8 656.0
1998 9 252.0
1998 10 365.0
1998 11 88.0
1998 12 140.0
1999 1 594.0
1999 2 189.0
1999 3 465.0
1999 4 401.0
1999 5 182.0
1999 6 291.0
1999 7 497.0
1999 8 393.0
1999 9 273.0
1999 10 530.0
1999 11 313.0
1999 12 189.0
2000 1 234.0
2000 2 332.0
2000 3 363.0
2000 4 158.0
2000 5 462.0
2000 6 197.0
2000 7 122.0
2000 8 339.0
2000 9 468.0
2000 10 559.0
2000 11 465.0
2000 12 86.0
2001 1 363.0
2001 2 369.0
2001 3 362.0
2001 4 413.0
2001 5 320.0
2001 6 732.0
2001 7 424.0
2001 8 518.0
2001 9 587.0
2001 10 362.0
2001 11 178.0
2001 12 461.0
2002 1 430.0
2002 2 415.0
2002 3 468.0
2002 4 856.0
2002 5 566.0
2002 6 1253.0
2002 7 435.0
2002 8 283.0
2002 9 658.0
2002 10 369.0
2002 11 195.0
2002 12 411.0
2003 1 256.0
2003 2 578.0
2003 3 354.0
2003 4 669.0
2003 5 354.0
2003 6 628.0
2003 7 302.0
2003 8 354.0
2003 9 540.0
2003 10 309.0
2003 11 268.0
2003 12 265.0
2004 1 483.0
2004 2 411.0
2004 3 579.0
2004 4 682.0
2004 5 478.0
2004 6 827.0
2004 7 434.0
2004 8 518.0
2004 9 294.0
2004 10 708.0
2004 11 289.0
2004 12 354.0
2005 1 416.0
2005 2 497.0
2005 3 543.0
2005 4 356.0
2005 5 419.0
2005 6 809.0
2005 7 612.0
2005 8 553.0
2005 9 488.0
2005 10 388.0
2005 11 280.0
2005 12 420.0
2006 1 836.0
2006 2 366.0
2006 3 465.0
2006 4 779.0
2006 5 577.0
2006 6 359.0
2006 7 307.0
2006 8 385.0
2006 9 379.0
2006 10 608.0
2006 11 472.0
2006 12 527.0
2007 1 285.0
2007 2 406.0
2007 3 568.0
2007 4 312.0
2007 5 454.0
2007 6 237.0
2007 7 770.0
2007 8 354.0
2007 9 213.0
2007 10 289.0
2007 11 314.0
2007 12 331.0
2008 1 548.0
2008 2 226.0
2008 3 329.0
2008 4 268.0
2008 5 307.0
2008 6 355.0
2008 7 258.0
2008 8 176.0
2008 9 167.0
2008 10 143.0
2008 11 70.0
2008 12 174.0
2009 1 147.0
2009 2 104.0
2009 3 81.0
2009 4 42.0
2009 5 78.0
2009 6 129.0
2009 7 193.0
2009 8 66.0
2009 9 121.0
2009 10 143.0
2009 11 141.0
2009 12 51.0
2010 1 132.0
2010 2 73.0
2010 3 382.0
2010 4 88.0
2010 5 35.0
2010 6 85.0
2010 7 87.0
2010 8 253.0
2010 9 69.0
2010 10 96.0
2010 11 225.0
2010 12 267.0
2011 1 76.0
2011 2 119.0
2011 3 184.0
2011 4 78.0
2011 5 98.0
2011 6 85.0
2011 7 88.0
2011 8 82.0
2011 9 71.0
2011 10 120.0
2011 11 91.0
2011 12 275.0
2012 1 140.0
2012 2 133.0
2012 3 209.0
2012 4 152.0
2012 5 199.0
2012 6 125.0
2012 7 438.0
2012 8 142.0
2012 9 118.0
2012 10 217.0
2012 11 86.0
2012 12 125.0
2013 1 204.0
2013 2 409.0
2013 3 151.0
2013 4 263.0
2013 5 225.0
2013 6 103.0
2013 7 268.0
2013 8 222.0
2013 9 295.0
2013 10 221.0
2013 11 215.0
2013 12 392.0
2014 1 244.0
2014 2 149.0
2014 3 168.0
2014 4 238.0
2014 5 214.0
2014 6 177.0
2014 7 261.0
2014 8 333.0
2014 9 251.0
2014 10 521.0
2014 11 189.0
2014 12 185.0
2015 1 190.0
2015 2 199.0
2015 3 198.0
2015 4 239.0
2015 5 308.0
2015 6 312.0
2015 7 314.0
2015 8 274.0
2015 9 327.0
2015 10 314.0
2015 11 127.0
2015 12 378.0
2016 1 349.0
2016 2 253.0
2016 3 376.0
2016 4 347.0
2016 5 233.0
2016 6 220.0
2016 7 194.0
2016 8 270.0
2016 9 194.0
2016 10 133.0
2016 11 428.0
2016 12 209.0
2017 1 290.0
2017 2 281.0
2017 3 291.0
2017 4 202.0
2017 5 219.0
2017 6 380.0
2017 7 275.0
2017 8 208.0
2017 9 224.0
2017 10 196.0
2017 11 223.0
2017 12 289.0
2018 1 585.0
2018 2 314.0
2018 3 301.0
2018 4 349.0
2018 5 298.0
2018 6 303.0
2018 7 210.0
2018 8 253.0
2018 9 264.0
2018 10 206.0
2018 11 364.0
2018 12 195.0
2019 1 324.0
2019 2 240.0
2019 3 262.0
2019 4 353.0
2019 5 238.0
2019 6 452.0
2019 7 412.0
2019 8 349.0
2019 9 296.0
2019 10 536.0
2019 11 281.0
2019 12 367.0
2020 1 342.0
2020 2 398.0
2020 3 569.0
2020 4 294.0
2020 5 425.0
2020 6 409.0
2020 7 336.0
2020 8 495.0
2020 9 393.0
2020 10 1083.0
2020 11 379.0
2020 12 479.0
2021 1 504.0
2021 2 480.0
2021 3 860.0
2021 4 449.0
2021 5 558.0
2021 6 412.0
2021 7 543.0
2021 8 410.0
2021 9 451.0
2021 10 411.0
2021 11 324.0
2021 12 656.0
2022 1 479.0
2022 2 568.0
2022 3 573.0
2022 4 483.0
2022 5 579.0
2022 6 731.0
2022 7 518.0
2022 8 449.0
2022 9 555.0
2022 10 672.0
2022 11 579.0
2022 12 486.0
2023 1 805.0
2023 2 540.0
2023 3 1097.0
2023 4 762.0
2023 5 1125.0
2023 6 605.0
2023 7 596.0
2023 8 891.0
2023 9 499.0
2023 10 632.0
2023 11 435.0
2023 12 712.0
2024 1 677.0
2024 2 549.0
2024 3 635.0
2024 4 1006.0
2024 5 748.0
2024 6 671.0
2024 7 717.0
2024 8 623.0
