1960 5 93670.0
1960 6 85700.0
1960 7 76985.0
1960 8 85087.0
1960 9 77663.0
1960 10 75028.0
1960 11 67124.0
1960 12 54828.0
1961 1 55757.0
1961 2 54937.0
1961 3 84917.0
1961 4 84579.0
1961 5 95977.0
1961 6 92634.0
1961 7 84047.0
1961 8 98849.0
1961 9 82062.0
1961 10 90482.0
1961 11 78176.0
1961 12 66172.0
1962 1 68249.0
1962 2 69705.0
1962 3 94020.0
1962 4 110023.0
1962 5 106722.0
1962 6 97456.0
1962 7 95824.0
1962 8 101078.0
1962 9 85557.0
1962 10 97849.0
1962 11 87475.0
1962 12 70427.0
1963 1 77240.0
1963 2 69845.0
1963 3 95887.0
1963 4 113478.0
1963 5 119455.0
1963 6 100589.0
1963 7 107244.0
1963 8 101125.0
1963 9 100000.0
1963 10 113643.0
1963 11 85471.0
1963 12 88170.0
1964 1 79173.0
1964 2 79757.0
1964 3 104482.0
1964 4 110068.0
1964 5 105537.0
1964 6 107088.0
1964 7 102911.0
1964 8 91131.0
1964 9 87962.0
1964 10 92069.0
1964 11 78563.0
1964 12 70663.0
1965 1 64307.0
1965 2 63901.0
1965 3 101268.0
1965 4 101856.0
1965 5 96457.0
1965 6 102985.0
1965 7 89941.0
1965 8 91410.0
1965 9 88678.0
1965 10 89762.0
1965 11 83709.0
1965 12 77480.0
1966 1 67053.0
1966 2 64064.0
1966 3 101068.0
1966 4 95670.0
1966 5 86374.0
1966 6 77861.0
1966 7 63299.0
1966 8 64187.0
1966 9 52925.0
1966 10 51672.0
1966 11 47406.0
1966 12 41311.0
1967 1 48223.0
1967 2 46945.0
1967 3 73585.0
1967 4 79312.0
1967 5 91282.0
1967 6 92611.0
1967 7 77916.0
1967 8 90080.0
1967 9 85129.0
1967 10 92367.0
1967 11 81592.0
1967 12 70711.0
1968 1 63264.0
1968 2 77788.0
1968 3 98898.0
1968 4 107774.0
1968 5 130467.0
1968 6 113945.0
1968 7 118009.0
1968 8 113604.0
1968 9 116295.0
1968 10 127640.0
1968 11 104349.0
1968 12 95882.0
1969 1 92733.0
1969 2 94627.0
1969 3 119371.0
1969 4 146446.0
1969 5 126192.0
1969 6 123233.0
1969 7 111817.0
1969 8 104049.0
1969 9 104714.0
1969 10 109071.0
1969 11 82930.0
1969 12 84370.0
1970 1 66474.0
1970 2 71493.0
1970 3 97651.0
1970 4 123264.0
1970 5 119703.0
1970 6 126134.0
1970 7 115695.0
1970 8 111642.0
1970 9 119049.0
1970 10 133061.0
1970 11 110515.0
1970 12 129501.0
1971 1 97006.0
1971 2 102782.0
1971 3 154646.0
1971 4 172290.0
1971 5 176808.0
1971 6 182536.0
1971 7 173566.0
1971 8 170202.0
1971 9 164602.0
1971 10 165004.0
1971 11 161653.0
1971 12 163654.0
1972 1 131874.0
1972 2 142305.0
1972 3 183112.0
1972 4 182950.0
1972 5 197545.0
1972 6 204593.0
1972 7 171336.0
1972 8 197046.0
1972 9 182227.0
1972 10 191976.0
1972 11 168614.0
1972 12 166756.0
1973 1 147921.0
1973 2 142114.0
1973 3 179357.0
1973 4 180403.0
1973 5 187062.0
1973 6 188231.0
1973 7 153413.0
1973 8 158889.0
1973 9 122094.0
1973 10 119698.0
1973 11 104084.0
1973 12 88631.0
1974 1 85937.0
1974 2 85528.0
1974 3 117988.0
1974 4 128084.0
1974 5 114043.0
1974 6 99878.0
1974 7 93606.0
1974 8 80050.0
1974 9 65469.0
1974 10 69719.0
1974 11 54048.0
1974 12 59026.0
1975 1 42819.0
1975 2 44655.0
1975 3 59770.0
1975 4 87933.0
1975 5 89853.0
1975 6 92440.0
1975 7 96911.0
1975 8 83933.0
1975 9 89254.0
1975 10 93714.0
1975 11 71998.0
1975 12 71156.0
1976 1 67052.0
1976 2 72752.0
1976 3 109325.0
1976 4 115603.0
1976 5 111364.0
1976 6 121392.0
1976 7 112510.0
1976 8 115370.0
1976 9 124000.0
1976 10 115890.0
1976 11 112599.0
1976 12 102679.0
1977 1 75498.0
1977 2 97584.0
1977 3 157849.0
1977 4 158526.0
1977 5 160387.0
1977 6 173723.0
1977 7 144124.0
1977 8 164195.0
1977 9 144104.0
1977 10 145196.0
1977 11 136352.0
1977 12 119033.0
1978 1 88371.0
1978 2 96202.0
1978 3 156531.0
1978 4 161203.0
1978 5 163866.0
1978 6 183642.0
1978 7 140518.0
1978 8 145574.0
1978 9 140998.0
1978 10 147886.0
1978 11 128859.0
1978 12 103888.0
1979 1 81278.0
1979 2 83957.0
1979 3 140903.0
1979 4 146122.0
1979 5 162144.0
1979 6 158803.0
1979 7 137615.0
1979 8 151598.0
1979 9 140008.0
1979 10 140927.0
1979 11 97876.0
1979 12 80816.0
1980 1 74500.0
1980 2 76143.0
1980 3 81848.0
1980 4 77061.0
1980 5 77297.0
1980 6 101308.0
1980 7 113324.0
1980 8 115915.0
1980 9 142645.0
1980 10 127332.0
1980 11 95235.0
1980 12 88292.0
1981 1 69880.0
1981 2 72637.0
1981 3 100636.0
1981 4 110583.0
1981 5 101066.0
1981 6 95162.0
1981 7 84653.0
1981 8 75294.0
1981 9 81379.0
1981 10 66385.0
1981 11 54145.0
1981 12 57201.0
1982 1 47373.0
1982 2 50392.0
1982 3 78741.0
1982 4 82299.0
1982 5 81054.0
1982 6 89016.0
1982 7 90763.0
1982 8 79863.0
1982 9 99615.0
1982 10 99935.0
1982 11 91190.0
1982 12 94833.0
1983 1 84204.0
1983 2 93110.0
1983 3 134783.0
1983 4 138045.0
1983 5 149022.0
1983 6 171063.0
1983 7 147031.0
1983 8 153104.0
1983 9 147801.0
1983 10 140227.0
1983 11 124710.0
1983 12 107170.0
1984 1 110604.0
1984 2 124966.0
1984 3 146911.0
1984 4 156962.0
1984 5 165347.0
1984 6 166419.0
1984 7 139967.0
1984 8 141490.0
1984 9 127546.0
1984 10 135438.0
1984 11 120222.0
1984 12 103042.0
1985 1 104108.0
1985 2 101350.0
1985 3 143839.0
1985 4 160648.0
1985 5 170685.0
1985 6 156317.0
1985 7 158097.0
1985 8 158822.0
1985 9 166822.0
1985 10 157960.0
1985 11 120305.0
1985 12 127579.0
1986 1 118496.0
1986 2 108994.0
1986 3 151605.0
1986 4 180005.0
1986 5 170417.0
1986 6 173263.0
1986 7 164996.0
1986 8 144072.0
1986 9 151929.0
1986 10 145384.0
1986 11 109235.0
1986 12 131514.0
1987 1 98172.0
1987 2 100492.0
1987 3 152123.0
1987 4 156957.0
1987 5 136368.0
1987 6 155698.0
1987 7 140500.0
1987 8 128039.0
1987 9 136532.0
1987 10 124498.0
1987 11 101367.0
1987 12 93723.0
1988 1 70437.0
1988 2 92375.0
1988 3 139959.0
1988 4 137440.0
1988 5 137196.0
1988 6 154074.0
1988 7 121280.0
1988 8 137121.0
1988 9 124991.0
1988 10 123744.0
1988 11 110674.0
1988 12 102202.0
1989 1 88901.0
1989 2 86378.0
1989 3 116062.0
1989 4 121474.0
1989 5 133927.0
1989 6 135468.0
1989 7 108848.0
1989 8 125316.0
1989 9 112132.0
1989 10 116363.0
1989 11 97230.0
1989 12 90028.0
1990 1 111845.0
1990 2 79512.0
1990 3 109456.0
1990 4 104530.0
1990 5 106438.0
1990 6 109922.0
1990 7 95903.0
1990 8 98935.0
1990 9 78560.0
1990 10 81490.0
1990 11 66041.0
1990 12 53201.0
1991 1 50379.0
1991 2 54475.0
1991 3 78919.0
1991 4 92276.0
1991 5 97820.0
1991 6 95290.0
1991 7 93665.0
1991 8 86203.0
1991 9 82286.0
1991 10 92653.0
1991 11 68423.0
1991 12 68621.0
1992 1 68392.0
1992 2 72976.0
1992 3 97932.0
1992 4 105079.0
1992 5 97146.0
1992 6 108281.0
1992 7 101548.0
1992 8 93371.0
1992 9 99912.0
1992 10 96392.0
1992 11 75863.0
1992 12 80186.0
1993 1 67665.0
1993 2 73026.0
1993 3 98208.0
1993 4 107681.0
1993 5 103712.0
1993 6 118392.0
1993 7 104782.0
1993 8 113466.0
1993 9 112280.0
1993 10 107518.0
1993 11 98489.0
1993 12 100802.0
1994 1 80757.0
1994 2 81878.0
1994 3 126669.0
1994 4 128577.0
1994 5 132185.0
1994 6 139255.0
1994 7 115117.0
1994 8 131970.0
1994 9 127445.0
1994 10 117459.0
1994 11 100205.0
1994 12 94802.0
1995 1 79113.0
1995 2 81316.0
1995 3 113412.0
1995 4 110174.0
1995 5 122725.0
1995 6 129283.0
1995 7 116382.0
1995 8 132261.0
1995 9 121600.0
1995 10 121094.0
1995 11 107224.0
1995 12 96672.0
1996 1 87252.0
1996 2 94878.0
1996 3 119851.0
1996 4 139388.0
1996 5 140506.0
1996 6 130569.0
1996 7 135721.0
1996 8 129821.0
1996 9 121035.0
1996 10 126023.0
1996 11 101659.0
1996 12 99946.0
1997 1 88877.0
1997 2 92816.0
1997 3 120083.0
1997 4 136963.0
1997 5 131759.0
1997 6 131560.0
1997 7 132456.0
1997 8 124167.0
1997 9 134564.0
1997 10 135261.0
1997 11 99758.0
1997 12 107642.0
1998 1 93510.0
1998 2 105641.0
1998 3 138031.0
1998 4 144713.0
1998 5 137450.0
1998 6 151766.0
1998 7 146766.0
1998 8 142157.0
1998 9 140245.0
1998 10 147569.0
1998 11 118246.0
1998 12 125273.0
1999 1 105347.0
1999 2 113335.0
1999 3 152097.0
1999 4 149148.0
1999 5 141656.0
1999 6 165596.0
1999 7 145491.0
1999 8 147421.0
1999 9 133041.0
1999 10 133142.0
1999 11 121125.0
1999 12 117120.0
2000 1 104827.0
2000 2 115107.0
2000 3 146983.0
2000 4 135082.0
2000 5 145295.0
2000 6 151893.0
2000 7 128318.0
2000 8 141135.0
2000 9 129120.0
2000 10 134497.0
2000 11 119569.0
2000 12 100607.0
2001 1 114849.0
2001 2 111773.0
2001 3 144685.0
2001 4 142963.0
2001 5 155786.0
2001 6 151077.0
2001 7 138349.0
2001 8 148486.0
2001 9 123000.0
2001 10 133335.0
2001 11 119964.0
2001 12 109792.0
2002 1 115139.0
2002 2 120964.0
2002 3 139592.0
2002 4 154493.0
2002 5 161048.0
2002 6 156025.0
2002 7 157340.0
2002 8 150447.0
2002 9 143526.0
2002 10 159493.0
2002 11 124513.0
2002 12 132716.0
2003 1 121584.0
2003 2 124159.0
2003 3 143525.0
2003 4 161789.0
2003 5 167081.0
2003 6 172066.0
2003 7 165662.0
2003 8 165014.0
2003 9 163135.0
2003 10 179449.0
2003 11 127189.0
2003 12 145185.0
2004 1 127647.0
2004 2 131204.0
2004 3 183559.0
2004 4 186704.0
2004 5 184844.0
2004 6 190997.0
2004 7 181654.0
2004 8 176475.0
2004 9 172865.0
2004 10 167854.0
2004 11 151399.0
2004 12 152432.0
2005 1 138159.0
2005 2 145426.0
2005 3 185587.0
2005 4 192245.0
2005 5 189883.0
2005 6 207948.0
2005 7 182916.0
2005 8 201179.0
2005 9 191304.0
2005 10 172625.0
2005 11 159813.0
2005 12 147560.0
2006 1 149070.0
2006 2 151950.0
2006 3 191266.0
2006 4 164884.0
2006 5 184470.0
2006 6 180178.0
2006 7 145463.0
2006 8 158815.0
2006 9 133636.0
2006 10 131878.0
2006 11 110370.0
2006 12 113085.0
2007 1 112344.0
2007 2 109891.0
2007 3 139222.0
2007 4 128055.0
2007 5 144440.0
2007 6 131908.0
2007 7 120126.0
2007 8 122290.0
2007 9 97722.0
2007 10 102187.0
2007 11 86110.0
2007 12 74457.0
2008 1 75933.0
2008 2 73386.0
2008 3 77385.0
2008 4 89524.0
2008 5 90255.0
2008 6 108093.0
2008 7 83546.0
2008 8 73900.0
2008 9 68790.0
2008 10 61747.0
2008 11 40242.0
2008 12 39831.0
2009 1 36250.0
2009 2 37965.0
2009 3 44022.0
2009 4 46536.0
2009 5 48175.0
2009 6 59489.0
2009 7 54687.0
2009 8 52414.0
2009 9 51336.0
2009 10 46525.0
2009 11 40747.0
2009 12 47379.0
2010 1 39479.0
2010 2 44057.0
2010 3 62068.0
2010 4 56330.0
2010 5 51023.0
2010 6 58862.0
2010 7 50420.0
2010 8 53191.0
2010 9 47099.0
2010 10 44043.0
2010 11 39638.0
2010 12 46701.0
2011 1 35985.0
2011 2 37232.0
2011 3 53650.0
2011 4 49872.0
2011 5 56272.0
2011 6 62436.0
2011 7 51248.0
2011 8 60945.0
2011 9 51836.0
2011 10 50495.0
2011 11 50328.0
2011 12 49939.0
2012 1 46278.0
2012 2 51927.0
2012 3 67380.0
2012 4 62462.0
2012 5 75407.0
2012 6 73834.0
2012 7 72056.0
2012 8 77745.0
2012 9 71383.0
2012 10 75295.0
2012 11 66545.0
2012 12 65125.0
2013 1 63738.0
2013 2 65979.0
2013 3 75846.0
2013 4 90536.0
2013 5 94859.0
2013 6 83925.0
2013 7 88145.0
2013 8 85235.0
2013 9 81336.0
2013 10 90341.0
2013 11 71721.0
2013 12 75485.0
2014 1 64965.0
2014 2 70506.0
2014 3 83719.0
2014 4 94689.0
2014 5 92226.0
2014 6 92305.0
2014 7 97628.0
2014 8 87166.0
2014 9 90696.0
2014 10 96364.0
2014 11 71250.0
2014 12 83457.0
2015 1 70025.0
2015 2 77539.0
2015 3 91335.0
2015 4 104825.0
2015 5 111135.0
2015 6 134090.0
2015 7 102024.0
2015 8 97198.0
2015 9 97213.0
2015 10 98213.0
2015 11 90073.0
2015 12 96833.0
2016 1 74776.0
2016 2 84477.0
2016 3 97717.0
2016 4 99688.0
2016 5 107676.0
2016 6 114394.0
2016 7 95125.0
2016 8 108421.0
2016 9 107723.0
2016 10 100702.0
2016 11 91254.0
2016 12 91410.0
2017 1 87327.0
2017 2 84772.0
2017 3 112499.0
2017 4 102633.0
2017 5 112996.0
2017 6 127877.0
2017 7 101005.0
2017 8 119585.0
2017 9 101400.0
2017 10 114013.0
2017 11 96966.0
2017 12 93054.0
2018 1 96674.0
2018 2 92091.0
2018 3 117572.0
2018 4 119860.0
2018 5 125034.0
2018 6 121639.0
2018 7 113033.0
2018 8 116933.0
2018 9 99380.0
2018 10 112566.0
2018 11 100999.0
2018 12 95351.0
2019 1 94439.0
2019 2 89694.0
2019 3 105729.0
2019 4 118711.0
2019 5 124331.0
2019 6 111010.0
2019 7 118777.0
2019 8 127752.0
2019 9 114920.0
2019 10 131729.0
2019 11 107538.0
2019 12 107300.0
2020 1 112849.0
2020 2 100240.0
2020 3 115908.0
2020 4 95951.0
2020 5 104432.0
2020 6 123999.0
2020 7 135416.0
2020 8 126203.0
2020 9 133313.0
2020 10 132920.0
2020 11 119985.0
2020 12 133600.0
2021 1 128837.0
2021 2 120099.0
2021 3 157568.0
2021 4 157894.0
2021 5 142251.0
2021 6 154500.0
2021 7 139154.0
2021 8 154559.0
2021 9 134584.0
2021 10 136353.0
2021 11 131802.0
2021 12 153150.0
2022 1 132316.0
2022 2 131455.0
2022 3 168996.0
2022 4 156589.0
2022 5 148984.0
2022 6 157198.0
2022 7 134413.0
2022 8 138965.0
2022 9 129579.0
2022 10 120838.0
2022 11 102461.0
2022 12 104420.0
2023 1 100998.0
2023 2 110878.0
2023 3 131310.0
2023 4 117601.0
2023 5 139585.0
2023 6 135692.0
2023 7 118742.0
2023 8 141799.0
2023 9 116711.0
2023 10 125279.0
2023 11 108831.0
2023 12 104944.0
2024 1 114776.0
2024 2 119125.0
2024 3 124318.0
2024 4 132325.0
2024 5 132413.0
2024 6 125656.0
2024 7 126531.0
2024 8 131857.0
