1960 5 67656.0
1960 6 66523.0
1960 7 58119.0
1960 8 62957.0
1960 9 55843.0
1960 10 53532.0
1960 11 46260.0
1960 12 35476.0
1961 1 38051.0
1961 2 37104.0
1961 3 57980.0
1961 4 57701.0
1961 5 65904.0
1961 6 63869.0
1961 7 58168.0
1961 8 63295.0
1961 9 54904.0
1961 10 60206.0
1961 11 49634.0
1961 12 37482.0
1962 1 40282.0
1962 2 41066.0
1962 3 57080.0
1962 4 66130.0
1962 5 65841.0
1962 6 59537.0
1962 7 59069.0
1962 8 60282.0
1962 9 49936.0
1962 10 56534.0
1962 11 45221.0
1962 12 34360.0
1963 1 37415.0
1963 2 37674.0
1963 3 53533.0
1963 4 66811.0
1963 5 64682.0
1963 6 57960.0
1963 7 59744.0
1963 8 56021.0
1963 9 53315.0
1963 10 57748.0
1963 11 42478.0
1963 12 34477.0
1964 1 36501.0
1964 2 40038.0
1964 3 56239.0
1964 4 59429.0
1964 5 57573.0
1964 6 57819.0
1964 7 55297.0
1964 8 49417.0
1964 9 49989.0
1964 10 49537.0
1964 11 41215.0
1964 12 35210.0
1965 1 33302.0
1965 2 34035.0
1965 3 54158.0
1965 4 58563.0
1965 5 55498.0
1965 6 56657.0
1965 7 51419.0
1965 8 51556.0
1965 9 48466.0
1965 10 49285.0
1965 11 43259.0
1965 12 36050.0
1966 1 33497.0
1966 2 32568.0
1966 3 57108.0
1966 4 53305.0
1966 5 46881.0
1966 6 44791.0
1966 7 35662.0
1966 8 36247.0
1966 9 30901.0
1966 10 28604.0
1966 11 25814.0
1966 12 21072.0
1967 1 24709.0
1967 2 27555.0
1967 3 41839.0
1967 4 43591.0
1967 5 51705.0
1967 6 50863.0
1967 7 43873.0
1967 8 48226.0
1967 9 43793.0
1967 10 46603.0
1967 11 39319.0
1967 12 29343.0
1968 1 30795.0
1968 2 35988.0
1968 3 47892.0
1968 4 53983.0
1968 5 69543.0
1968 6 59171.0
1968 7 63257.0
1968 8 61137.0
1968 9 59756.0
1968 10 63938.0
1968 11 51060.0
1968 12 41919.0
1969 1 39520.0
1969 2 42099.0
1969 3 57742.0
1969 4 68638.0
1969 5 63508.0
1969 6 60762.0
1969 7 54304.0
1969 8 49454.0
1969 9 50458.0
1969 10 52699.0
1969 11 39444.0
1969 12 38348.0
1970 1 27340.0
1970 2 33961.0
1970 3 50265.0
1970 4 62719.0
1970 5 57515.0
1970 6 61910.0
1970 7 58848.0
1970 8 57607.0
1970 9 60080.0
1970 10 61424.0
1970 11 50724.0
1970 12 56467.0
1971 1 43729.0
1971 2 47648.0
1971 3 77793.0
1971 4 88559.0
1971 5 88907.0
1971 6 91910.0
1971 7 84727.0
1971 8 81619.0
1971 9 77188.0
1971 10 74973.0
1971 11 72231.0
1971 12 64957.0
1972 1 59392.0
1972 2 62358.0
1972 3 90265.0
1972 4 90448.0
1972 5 98097.0
1972 6 99076.0
1972 7 84837.0
1972 8 96507.0
1972 9 80522.0
1972 10 93520.0
1972 11 73037.0
1972 12 58283.0
1973 1 63551.0
1973 2 64911.0
1973 3 89760.0
1973 4 92805.0
1973 5 100190.0
1973 6 90243.0
1973 7 81188.0
1973 8 76599.0
1973 9 60650.0
1973 10 59283.0
1973 11 48940.0
1973 12 37010.0
1974 1 38251.0
1974 2 44249.0
1974 3 65642.0
1974 4 75658.0
1974 5 72162.0
1974 6 62711.0
1974 7 60768.0
1974 8 55770.0
1974 9 46205.0
1974 10 47420.0
1974 11 35905.0
1974 12 29889.0
1975 1 29611.0
1975 2 32286.0
1975 3 45125.0
1975 4 64491.0
1975 5 67371.0
1975 6 67545.0
1975 7 68570.0
1975 8 63104.0
1975 9 64687.0
1975 10 67186.0
1975 11 50875.0
1975 12 47025.0
1976 1 46553.0
1976 2 53850.0
1976 3 81528.0
1976 4 87206.0
1976 5 81245.0
1976 6 89118.0
1976 7 82570.0
1976 8 80721.0
1976 9 78575.0
1976 10 77388.0
1976 11 73961.0
1976 12 61930.0
1977 1 50224.0
1977 2 67330.0
1977 3 111494.0
1977 4 106974.0
1977 5 112416.0
1977 6 118012.0
1977 7 99192.0
1977 8 111059.0
1977 9 97271.0
1977 10 94984.0
1977 11 87791.0
1977 12 68311.0
1978 1 56709.0
1978 2 61534.0
1978 3 101080.0
1978 4 109216.0
1978 5 113201.0
1978 6 117819.0
1978 7 92567.0
1978 8 97895.0
1978 9 89081.0
1978 10 94620.0
1978 11 80211.0
1978 12 63086.0
1979 1 49343.0
1979 2 50851.0
1979 3 91799.0
1979 4 101661.0
1979 5 109846.0
1979 6 100039.0
1979 7 92596.0
1979 8 96982.0
1979 9 78486.0
1979 10 83037.0
1979 11 56261.0
1979 12 44380.0
1980 1 44250.0
1980 2 46539.0
1980 3 48126.0
1980 4 47956.0
1980 5 49106.0
1980 6 60597.0
1980 7 74005.0
1980 8 74883.0
1980 9 79908.0
1980 10 75825.0
1980 11 55204.0
1980 12 47600.0
1981 1 38820.0
1981 2 41858.0
1981 3 60273.0
1981 4 68225.0
1981 5 60608.0
1981 6 56624.0
1981 7 51643.0
1981 8 44494.0
1981 9 41377.0
1981 10 35477.0
1981 11 28767.0
1981 12 29319.0
1982 1 24584.0
1982 2 27156.0
1982 3 42767.0
1982 4 45805.0
1982 5 45115.0
1982 6 50325.0
1982 7 46291.0
1982 8 46505.0
1982 9 51537.0
1982 10 55092.0
1982 11 53903.0
1982 12 48443.0
1983 1 48156.0
1983 2 50332.0
1983 3 78995.0
1983 4 80902.0
1983 5 92013.0
1983 6 100412.0
1983 7 81324.0
1983 8 84581.0
1983 9 76629.0
1983 10 74507.0
1983 11 67660.0
1983 12 55642.0
1984 1 57660.0
1984 2 67807.0
1984 3 85708.0
1984 4 90859.0
1984 5 94575.0
1984 6 87776.0
1984 7 76711.0
1984 8 77014.0
1984 9 68940.0
1984 10 73961.0
1984 11 61468.0
1984 12 48239.0
1985 1 54555.0
1985 2 56512.0
1985 3 84689.0
1985 4 94428.0
1985 5 97484.0
1985 6 88346.0
1985 7 92687.0
1985 8 89808.0
1985 9 81689.0
1985 10 88790.0
1985 11 65283.0
1985 12 59152.0
1986 1 65306.0
1986 2 60615.0
1986 3 89724.0
1986 4 114023.0
1986 5 109577.0
1986 6 110287.0
1986 7 105300.0
1986 8 90512.0
1986 9 93417.0
1986 10 92388.0
1986 11 65719.0
1986 12 73858.0
1987 1 61822.0
1987 2 68963.0
1987 3 102957.0
1987 4 107773.0
1987 5 96358.0
1987 6 109776.0
1987 7 95782.0
1987 8 88366.0
1987 9 87232.0
1987 10 83029.0
1987 11 66376.0
1987 12 61072.0
1988 1 50065.0
1988 2 62557.0
1988 3 99297.0
1988 4 94166.0
1988 5 98572.0
1988 6 106235.0
1988 7 86252.0
1988 8 97187.0
1988 9 84772.0
1988 10 82758.0
1988 11 73286.0
1988 12 64414.0
1989 1 61259.0
1989 2 59522.0
1989 3 84096.0
1989 4 89021.0
1989 5 94337.0
1989 6 92479.0
1989 7 79347.0
1989 8 89053.0
1989 9 78725.0
1989 10 81465.0
1989 11 68404.0
1989 12 56549.0
1990 1 60971.0
1990 2 58853.0
1990 3 82999.0
1990 4 78720.0
1990 5 82582.0
1990 6 79462.0
1990 7 70882.0
1990 8 72958.0
1990 9 57870.0
1990 10 62445.0
1990 11 47013.0
1990 12 37280.0
1991 1 37564.0
1991 2 43391.0
1991 3 61839.0
1991 4 76934.0
1991 5 78820.0
1991 6 74366.0
1991 7 75485.0
1991 8 70283.0
1991 9 64836.0
1991 10 71023.0
1991 11 52676.0
1991 12 51548.0
1992 1 55373.0
1992 2 60814.0
1992 3 82119.0
1992 4 88929.0
1992 5 82856.0
1992 6 91408.0
1992 7 83588.0
1992 8 76717.0
1992 9 80430.0
1992 10 80839.0
1992 11 63507.0
1992 12 66420.0
1993 1 55678.0
1993 2 61774.0
1993 3 84012.0
1993 4 92483.0
1993 5 86439.0
1993 6 98043.0
1993 7 89079.0
1993 8 92843.0
1993 9 91265.0
1993 10 89745.0
1993 11 81026.0
1993 12 75899.0
1994 1 64026.0
1994 2 69707.0
1994 3 104537.0
1994 4 102683.0
1994 5 108104.0
1994 6 109303.0
1994 7 90627.0
1994 8 100499.0
1994 9 90966.0
1994 10 85177.0
1994 11 74172.0
1994 12 68189.0
1995 1 58921.0
1995 2 60287.0
1995 3 85984.0
1995 4 83197.0
1995 5 95381.0
1995 6 97537.0
1995 7 88471.0
1995 8 100966.0
1995 9 89494.0
1995 10 90343.0
1995 11 77820.0
1995 12 68399.0
1996 1 65502.0
1996 2 73629.0
1996 3 95142.0
1996 4 109389.0
1996 5 109700.0
1996 6 100683.0
1996 7 101427.0
1996 8 98434.0
1996 9 86030.0
1996 10 91798.0
1996 11 71560.0
1996 12 66296.0
1997 1 65974.0
1997 2 70172.0
1997 3 88481.0
1997 4 103808.0
1997 5 100506.0
1997 6 99618.0
1997 7 98185.0
1997 8 90606.0
1997 9 94036.0
1997 10 96432.0
1997 11 71681.0
1997 12 72711.0
1998 1 68341.0
1998 2 76593.0
1998 3 103838.0
1998 4 112935.0
1998 5 105891.0
1998 6 115237.0
1998 7 109923.0
1998 8 103260.0
1998 9 102063.0
1998 10 103361.0
1998 11 85563.0
1998 12 89109.0
1999 1 73742.0
1999 2 85831.0
1999 3 117680.0
1999 4 118329.0
1999 5 114106.0
1999 6 125731.0
1999 7 112421.0
1999 8 110330.0
1999 9 100912.0
1999 10 95442.0
1999 11 88216.0
1999 12 82808.0
2000 1 76666.0
2000 2 85939.0
2000 3 116308.0
2000 4 104140.0
2000 5 115966.0
2000 6 112445.0
2000 7 96422.0
2000 8 108933.0
2000 9 94930.0
2000 10 101625.0
2000 11 86213.0
2000 12 72207.0
2001 1 84168.0
2001 2 83436.0
2001 3 110559.0
2001 4 113629.0
2001 5 121728.0
2001 6 116653.0
2001 7 108118.0
2001 8 113786.0
2001 9 90326.0
2001 10 101272.0
2001 11 87865.0
2001 12 78156.0
2002 1 87884.0
2002 2 94556.0
2002 3 108336.0
2002 4 124054.0
2002 5 126249.0
2002 6 118175.0
2002 7 120107.0
2002 8 117514.0
2002 9 107435.0
2002 10 121802.0
2002 11 94791.0
2002 12 93101.0
2003 1 95334.0
2003 2 91186.0
2003 3 114106.0
2003 4 130190.0
2003 5 129498.0
2003 6 135521.0
2003 7 134938.0
2003 8 128565.0
2003 9 127316.0
2003 10 135659.0
2003 11 97684.0
2003 12 107924.0
2004 1 98834.0
2004 2 103476.0
2004 3 147368.0
2004 4 148399.0
2004 5 145026.0
2004 6 153455.0
2004 7 141836.0
2004 8 140465.0
2004 9 132043.0
2004 10 125223.0
2004 11 112015.0
2004 12 110706.0
2005 1 105147.0
2005 2 112999.0
2005 3 147583.0
2005 4 151654.0
2005 5 153673.0
2005 6 164094.0
2005 7 143651.0
2005 8 159349.0
2005 9 150029.0
2005 10 137531.0
2005 11 123430.0
2005 12 110859.0
2006 1 112620.0
2006 2 114629.0
2006 3 145369.0
2006 4 129393.0
2006 5 145063.0
2006 6 137024.0
2006 7 111149.0
2006 8 119611.0
2006 9 97462.0
2006 10 98593.0
2006 11 81807.0
2006 12 75231.0
2007 1 79552.0
2007 2 78382.0
2007 3 103185.0
2007 4 97691.0
2007 5 105295.0
2007 6 96083.0
2007 7 88995.0
2007 8 86451.0
2007 9 66219.0
2007 10 69444.0
2007 11 54267.0
2007 12 43932.0
2008 1 47533.0
2008 2 47530.0
2008 3 53567.0
2008 4 62732.0
2008 5 61147.0
2008 6 58704.0
2008 7 55025.0
2008 8 47409.0
2008 9 45298.0
2008 10 39883.0
2008 11 25866.0
2008 12 24245.0
2009 1 21824.0
2009 2 25942.0
2009 3 32254.0
2009 4 37269.0
2009 5 38841.0
2009 6 46231.0
2009 7 46112.0
2009 8 42201.0
2009 9 40042.0
2009 10 37899.0
2009 11 31376.0
2009 12 34152.0
2010 1 30806.0
2010 2 34970.0
2010 3 49871.0
2010 4 46276.0
2010 5 40099.0
2010 6 43008.0
2010 7 37509.0
2010 8 37212.0
2010 9 34473.0
2010 10 31770.0
2010 11 29391.0
2010 12 30212.0
2011 1 26267.0
2011 2 26469.0
2011 3 37592.0
2011 4 36910.0
2011 5 39215.0
2011 6 40870.0
2011 7 35250.0
2011 8 40778.0
2011 9 35579.0
2011 10 33623.0
2011 11 30912.0
2011 12 29136.0
2012 1 29885.0
2012 2 35086.0
2012 3 42217.0
2012 4 43897.0
2012 5 49621.0
2012 6 47553.0
2012 7 46842.0
2012 8 49357.0
2012 9 42971.0
2012 10 49198.0
2012 11 40110.0
2012 12 36101.0
2013 1 40468.0
2013 2 42032.0
2013 3 51395.0
2013 4 59745.0
2013 5 62413.0
2013 6 57026.0
2013 7 58322.0
2013 8 57588.0
2013 9 50160.0
2013 10 54003.0
2013 11 43469.0
2013 12 39881.0
2014 1 41079.0
2014 2 41237.0
2014 3 51351.0
2014 4 57580.0
2014 5 59144.0
2014 6 61084.0
2014 7 60168.0
2014 8 55038.0
2014 9 54305.0
2014 10 56857.0
2014 11 41072.0
2014 12 45932.0
2015 1 43481.0
2015 2 43505.0
2015 3 57474.0
2015 4 64154.0
2015 5 62282.0
2015 6 69967.0
2015 7 64931.0
2015 8 61099.0
2015 9 59443.0
2015 10 59419.0
2015 11 49283.0
2015 12 50550.0
2016 1 45679.0
2016 2 53044.0
2016 3 67487.0
2016 4 67959.0
2016 5 70156.0
2016 6 74650.0
2016 7 61043.0
2016 8 71140.0
2016 9 63305.0
2016 10 61563.0
2016 11 55887.0
2016 12 55437.0
2017 1 53648.0
2017 2 57793.0
2017 3 77088.0
2017 4 69232.0
2017 5 78342.0
2017 6 81789.0
2017 7 69133.0
2017 8 76568.0
2017 9 66618.0
2017 10 70921.0
2017 11 61971.0
2017 12 56488.0
2018 1 61767.0
2018 2 62157.0
2018 3 75811.0
2018 4 79078.0
2018 5 84361.0
2018 6 81663.0
2018 7 77753.0
2018 8 78488.0
2018 9 65016.0
2018 10 73910.0
2018 11 60886.0
2018 12 53351.0
2019 1 58086.0
2019 2 57379.0
2019 3 68997.0
2019 4 75680.0
2019 5 80597.0
2019 6 75091.0
2019 7 78219.0
2019 8 79094.0
2019 9 70661.0
2019 10 79757.0
2019 11 63773.0
2019 12 63002.0
2020 1 70386.0
2020 2 70845.0
2020 3 78268.0
2020 4 63343.0
2020 5 66066.0
2020 6 84270.0
2020 7 92073.0
2020 8 89930.0
2020 9 94718.0
2020 10 95298.0
2020 11 79486.0
2020 12 88538.0
2021 1 83921.0
2021 2 81063.0
2021 3 110833.0
2021 4 107831.0
2021 5 99122.0
2021 6 105122.0
2021 7 91885.0
2021 8 93484.0
2021 9 87428.0
2021 10 85652.0
2021 11 80385.0
2021 12 81348.0
2022 1 83404.0
2022 2 87088.0
2022 3 107357.0
2022 4 98219.0
2022 5 95355.0
2022 6 91515.0
2022 7 75574.0
2022 8 81002.0
2022 9 70813.0
2022 10 65866.0
2022 11 55553.0
2022 12 50172.0
2023 1 53062.0
2023 2 58654.0
2023 3 79384.0
2023 4 75123.0
2023 5 88913.0
2023 6 91039.0
2023 7 77815.0
2023 8 88312.0
2023 9 76502.0
2023 10 79781.0
2023 11 69619.0
2023 12 64918.0
2024 1 75906.0
2024 2 79446.0
2024 3 85199.0
2024 4 93639.0
2024 5 94071.0
2024 6 83716.0
2024 7 85817.0
2024 8 86050.0
