1960 5 556.0
1960 6 523.0
1960 7 386.0
1960 8 531.0
1960 9 319.0
1960 10 324.0
1960 11 288.0
1960 12 233.0
1961 1 330.0
1961 2 286.0
1961 3 477.0
1961 4 366.0
1961 5 544.0
1961 6 544.0
1961 7 395.0
1961 8 512.0
1961 9 392.0
1961 10 400.0
1961 11 396.0
1961 12 245.0
1962 1 292.0
1962 2 342.0
1962 3 443.0
1962 4 574.0
1962 5 585.0
1962 6 577.0
1962 7 373.0
1962 8 505.0
1962 9 390.0
1962 10 371.0
1962 11 340.0
1962 12 264.0
1963 1 221.0
1963 2 355.0
1963 3 502.0
1963 4 518.0
1963 5 455.0
1963 6 461.0
1963 7 416.0
1963 8 392.0
1963 9 412.0
1963 10 378.0
1963 11 250.0
1963 12 221.0
1964 1 144.0
1964 2 206.0
1964 3 316.0
1964 4 451.0
1964 5 386.0
1964 6 377.0
1964 7 348.0
1964 8 299.0
1964 9 334.0
1964 10 166.0
1964 11 257.0
1964 12 150.0
1965 1 143.0
1965 2 221.0
1965 3 334.0
1965 4 371.0
1965 5 362.0
1965 6 340.0
1965 7 274.0
1965 8 289.0
1965 9 283.0
1965 10 250.0
1965 11 231.0
1965 12 148.0
1966 1 139.0
1966 2 161.0
1966 3 260.0
1966 4 300.0
1966 5 233.0
1966 6 275.0
1966 7 166.0
1966 8 176.0
1966 9 147.0
1966 10 115.0
1966 11 99.0
1966 12 76.0
1967 1 87.0
1967 2 170.0
1967 3 239.0
1967 4 287.0
1967 5 266.0
1967 6 281.0
1967 7 233.0
1967 8 288.0
1967 9 217.0
1967 10 255.0
1967 11 198.0
1967 12 98.0
1968 1 134.0
1968 2 176.0
1968 3 257.0
1968 4 316.0
1968 5 367.0
1968 6 355.0
1968 7 312.0
1968 8 300.0
1968 9 286.0
1968 10 305.0
1968 11 210.0
1968 12 181.0
1969 1 176.0
1969 2 214.0
1969 3 311.0
1969 4 351.0
1969 5 349.0
1969 6 333.0
1969 7 318.0
1969 8 275.0
1969 9 307.0
1969 10 233.0
1969 11 193.0
1969 12 219.0
1970 1 181.0
1970 2 367.0
1970 3 386.0
1970 4 477.0
1970 5 607.0
1970 6 869.0
1970 7 490.0
1970 8 387.0
1970 9 379.0
1970 10 344.0
1970 11 295.0
1970 12 670.0
1971 1 368.0
1971 2 301.0
1971 3 371.0
1971 4 606.0
1971 5 683.0
1971 6 766.0
1971 7 825.0
1971 8 802.0
1971 9 812.0
1971 10 673.0
1971 11 515.0
1971 12 360.0
1972 1 481.0
1972 2 484.0
1972 3 939.0
1972 4 811.0
1972 5 1083.0
1972 6 1093.0
1972 7 961.0
1972 8 901.0
1972 9 814.0
1972 10 650.0
1972 11 694.0
1972 12 319.0
1973 1 300.0
1973 2 578.0
1973 3 946.0
1973 4 1041.0
1973 5 1182.0
1973 6 983.0
1973 7 858.0
1973 8 886.0
1973 9 503.0
1973 10 505.0
1973 11 377.0
1973 12 262.0
1974 1 333.0
1974 2 466.0
1974 3 861.0
1974 4 1064.0
1974 5 1066.0
1974 6 987.0
1974 7 714.0
1974 8 943.0
1974 9 680.0
1974 10 536.0
1974 11 755.0
1974 12 416.0
1975 1 438.0
1975 2 713.0
1975 3 851.0
1975 4 1028.0
1975 5 1066.0
1975 6 1096.0
1975 7 1062.0
1975 8 994.0
1975 9 1057.0
1975 10 801.0
1975 11 645.0
1975 12 516.0
1976 1 536.0
1976 2 670.0
1976 3 1235.0
1976 4 1115.0
1976 5 1292.0
1976 6 1328.0
1976 7 1043.0
1976 8 1234.0
1976 9 1318.0
1976 10 1112.0
1976 11 1295.0
1976 12 1185.0
1977 1 788.0
1977 2 945.0
1977 3 1561.0
1977 4 1588.0
1977 5 1727.0
1977 6 1752.0
1977 7 1271.0
1977 8 1473.0
1977 9 1372.0
1977 10 1216.0
1977 11 1391.0
1977 12 1031.0
1978 1 1101.0
1978 2 991.0
1978 3 1588.0
1978 4 1420.0
1978 5 1621.0
1978 6 1512.0
1978 7 1458.0
1978 8 1311.0
1978 9 1214.0
1978 10 1076.0
1978 11 951.0
1978 12 622.0
1979 1 643.0
1979 2 887.0
1979 3 1333.0
1979 4 1418.0
1979 5 1417.0
1979 6 1292.0
1979 7 1236.0
1979 8 1368.0
1979 9 947.0
1979 10 853.0
1979 11 556.0
1979 12 432.0
1980 1 353.0
1980 2 467.0
1980 3 447.0
1980 4 489.0
1980 5 498.0
1980 6 778.0
1980 7 743.0
1980 8 907.0
1980 9 837.0
1980 10 752.0
1980 11 668.0
1980 12 558.0
1981 1 318.0
1981 2 386.0
1981 3 488.0
1981 4 651.0
1981 5 448.0
1981 6 488.0
1981 7 446.0
1981 8 314.0
1981 9 365.0
1981 10 246.0
1981 11 210.0
1981 12 205.0
1982 1 122.0
1982 2 117.0
1982 3 308.0
1982 4 385.0
1982 5 389.0
1982 6 358.0
1982 7 451.0
1982 8 402.0
1982 9 451.0
1982 10 506.0
1982 11 413.0
1982 12 299.0
1983 1 471.0
1983 2 458.0
1983 3 672.0
1983 4 814.0
1983 5 789.0
1983 6 1043.0
1983 7 775.0
1983 8 835.0
1983 9 907.0
1983 10 789.0
1983 11 745.0
1983 12 436.0
1984 1 454.0
1984 2 503.0
1984 3 792.0
1984 4 917.0
1984 5 785.0
1984 6 796.0
1984 7 792.0
1984 8 831.0
1984 9 611.0
1984 10 694.0
1984 11 493.0
1984 12 359.0
1985 1 482.0
1985 2 535.0
1985 3 650.0
1985 4 908.0
1985 5 903.0
1985 6 897.0
1985 7 940.0
1985 8 800.0
1985 9 859.0
1985 10 774.0
1985 11 477.0
1985 12 353.0
1986 1 434.0
1986 2 449.0
1986 3 809.0
1986 4 923.0
1986 5 944.0
1986 6 1087.0
1986 7 881.0
1986 8 842.0
1986 9 927.0
1986 10 792.0
1986 11 529.0
1986 12 462.0
1987 1 353.0
1987 2 489.0
1987 3 817.0
1987 4 752.0
1987 5 759.0
1987 6 731.0
1987 7 611.0
1987 8 619.0
1987 9 542.0
1987 10 474.0
1987 11 368.0
1987 12 303.0
1988 1 212.0
1988 2 361.0
1988 3 484.0
1988 4 575.0
1988 5 579.0
1988 6 638.0
1988 7 535.0
1988 8 554.0
1988 9 456.0
1988 10 533.0
1988 11 379.0
1988 12 296.0
1989 1 265.0
1989 2 291.0
1989 3 509.0
1989 4 502.0
1989 5 570.0
1989 6 596.0
1989 7 535.0
1989 8 620.0
1989 9 558.0
1989 10 517.0
1989 11 389.0
1989 12 283.0
1990 1 289.0
1990 2 393.0
1990 3 565.0
1990 4 565.0
1990 5 716.0
1990 6 658.0
1990 7 610.0
1990 8 664.0
1990 9 544.0
1990 10 586.0
1990 11 418.0
1990 12 330.0
1991 1 350.0
1991 2 419.0
1991 3 591.0
1991 4 901.0
1991 5 796.0
1991 6 752.0
1991 7 820.0
1991 8 704.0
1991 9 744.0
1991 10 798.0
1991 11 578.0
1991 12 569.0
1992 1 496.0
1992 2 582.0
1992 3 1019.0
1992 4 1146.0
1992 5 1074.0
1992 6 1403.0
1992 7 1073.0
1992 8 1230.0
1992 9 1208.0
1992 10 1205.0
1992 11 906.0
1992 12 769.0
1993 1 567.0
1993 2 710.0
1993 3 1162.0
1993 4 1365.0
1993 5 1418.0
1993 6 1754.0
1993 7 1438.0
1993 8 1513.0
1993 9 1969.0
1993 10 1520.0
1993 11 1547.0
1993 12 1120.0
1994 1 1127.0
1994 2 924.0
1994 3 1555.0
1994 4 1565.0
1994 5 1495.0
1994 6 1631.0
1994 7 1116.0
1994 8 1443.0
1994 9 1241.0
1994 10 1262.0
1994 11 980.0
1994 12 777.0
1995 1 928.0
1995 2 904.0
1995 3 1096.0
1995 4 1234.0
1995 5 1419.0
1995 6 1465.0
1995 7 1363.0
1995 8 1664.0
1995 9 1450.0
1995 10 1460.0
1995 11 1360.0
1995 12 1087.0
1996 1 998.0
1996 2 926.0
1996 3 1451.0
1996 4 1541.0
1996 5 1588.0
1996 6 1555.0
1996 7 1526.0
1996 8 1554.0
1996 9 1391.0
1996 10 1393.0
1996 11 1055.0
1996 12 924.0
1997 1 841.0
1997 2 1040.0
1997 3 1281.0
1997 4 1458.0
1997 5 1472.0
1997 6 1479.0
1997 7 1248.0
1997 8 1319.0
1997 9 1445.0
1997 10 1398.0
1997 11 1020.0
1997 12 873.0
1998 1 928.0
1998 2 809.0
1998 3 1383.0
1998 4 1516.0
1998 5 1322.0
1998 6 1445.0
1998 7 1315.0
1998 8 1296.0
1998 9 1349.0
1998 10 1279.0
1998 11 1019.0
1998 12 961.0
1999 1 874.0
1999 2 939.0
1999 3 1641.0
1999 4 1370.0
1999 5 1280.0
1999 6 1394.0
1999 7 1315.0
1999 8 1341.0
1999 9 1062.0
1999 10 1209.0
1999 11 1068.0
1999 12 967.0
2000 1 944.0
2000 2 1082.0
2000 3 1312.0
2000 4 1343.0
2000 5 1363.0
2000 6 1286.0
2000 7 1193.0
2000 8 1275.0
2000 9 1077.0
2000 10 1204.0
2000 11 911.0
2000 12 836.0
2001 1 845.0
2001 2 961.0
2001 3 1351.0
2001 4 1208.0
2001 5 1395.0
2001 6 1340.0
2001 7 1300.0
2001 8 1443.0
2001 9 1148.0
2001 10 1172.0
2001 11 902.0
2001 12 909.0
2002 1 971.0
2002 2 868.0
2002 3 1215.0
2002 4 1398.0
2002 5 1531.0
2002 6 1710.0
2002 7 1458.0
2002 8 1555.0
2002 9 1291.0
2002 10 1349.0
2002 11 1117.0
2002 12 1118.0
2003 1 1113.0
2003 2 1223.0
2003 3 1419.0
2003 4 1796.0
2003 5 1576.0
2003 6 1651.0
2003 7 1557.0
2003 8 1688.0
2003 9 1682.0
2003 10 1797.0
2003 11 1264.0
2003 12 1243.0
2004 1 1142.0
2004 2 1156.0
2004 3 1704.0
2004 4 1865.0
2004 5 1792.0
2004 6 1895.0
2004 7 1819.0
2004 8 2268.0
2004 9 1804.0
2004 10 1725.0
2004 11 1657.0
2004 12 1308.0
2005 1 1497.0
2005 2 1476.0
2005 3 2148.0
2005 4 2199.0
2005 5 2336.0
2005 6 2380.0
2005 7 1898.0
2005 8 2444.0
2005 9 2341.0
2005 10 1981.0
2005 11 1862.0
2005 12 1688.0
2006 1 1645.0
2006 2 1453.0
2006 3 2125.0
2006 4 1908.0
2006 5 2162.0
2006 6 2452.0
2006 7 1937.0
2006 8 2131.0
2006 9 1817.0
2006 10 1862.0
2006 11 1612.0
2006 12 1350.0
2007 1 1412.0
2007 2 1411.0
2007 3 1633.0
2007 4 1735.0
2007 5 1884.0
2007 6 1811.0
2007 7 1709.0
2007 8 1717.0
2007 9 1050.0
2007 10 1056.0
2007 11 816.0
2007 12 459.0
2008 1 477.0
2008 2 571.0
2008 3 690.0
2008 4 834.0
2008 5 995.0
2008 6 781.0
2008 7 723.0
2008 8 604.0
2008 9 553.0
2008 10 548.0
2008 11 501.0
2008 12 280.0
2009 1 240.0
2009 2 240.0
2009 3 455.0
2009 4 648.0
2009 5 645.0
2009 6 735.0
2009 7 891.0
2009 8 672.0
2009 9 708.0
2009 10 622.0
2009 11 465.0
2009 12 515.0
2010 1 438.0
2010 2 551.0
2010 3 846.0
2010 4 880.0
2010 5 711.0
2010 6 551.0
2010 7 577.0
2010 8 628.0
2010 9 597.0
2010 10 517.0
2010 11 432.0
2010 12 393.0
2011 1 362.0
2011 2 360.0
2011 3 489.0
2011 4 537.0
2011 5 770.0
2011 6 682.0
2011 7 737.0
2011 8 713.0
2011 9 556.0
2011 10 578.0
2011 11 508.0
2011 12 430.0
2012 1 515.0
2012 2 516.0
2012 3 705.0
2012 4 887.0
2012 5 996.0
2012 6 908.0
2012 7 807.0
2012 8 1020.0
2012 9 832.0
2012 10 942.0
2012 11 823.0
2012 12 541.0
2013 1 568.0
2013 2 734.0
2013 3 972.0
2013 4 1063.0
2013 5 1152.0
2013 6 1168.0
2013 7 1109.0
2013 8 1157.0
2013 9 1025.0
2013 10 1117.0
2013 11 784.0
2013 12 647.0
2014 1 757.0
2014 2 759.0
2014 3 1056.0
2014 4 997.0
2014 5 1093.0
2014 6 1122.0
2014 7 987.0
2014 8 1027.0
2014 9 1031.0
2014 10 1006.0
2014 11 796.0
2014 12 800.0
2015 1 723.0
2015 2 786.0
2015 3 1103.0
2015 4 1160.0
2015 5 1179.0
2015 6 1274.0
2015 7 1345.0
2015 8 1406.0
2015 9 1246.0
2015 10 1102.0
2015 11 1023.0
2015 12 1025.0
2016 1 951.0
2016 2 1119.0
2016 3 1379.0
2016 4 1329.0
2016 5 1422.0
2016 6 1650.0
2016 7 1329.0
2016 8 1495.0
2016 9 1277.0
2016 10 1283.0
2016 11 1340.0
2016 12 1028.0
2017 1 916.0
2017 2 1157.0
2017 3 1671.0
2017 4 1390.0
2017 5 1561.0
2017 6 1913.0
2017 7 1580.0
2017 8 1911.0
2017 9 1419.0
2017 10 1650.0
2017 11 1368.0
2017 12 1119.0
2018 1 1366.0
2018 2 1374.0
2018 3 1548.0
2018 4 1753.0
2018 5 1900.0
2018 6 1993.0
2018 7 1652.0
2018 8 1773.0
2018 9 1476.0
2018 10 1567.0
2018 11 1207.0
2018 12 1200.0
2019 1 1175.0
2019 2 1199.0
2019 3 1299.0
2019 4 1534.0
2019 5 1429.0
2019 6 1597.0
2019 7 1593.0
2019 8 1667.0
2019 9 1344.0
2019 10 1702.0
2019 11 1317.0
2019 12 1166.0
2020 1 1469.0
2020 2 1486.0
2020 3 1690.0
2020 4 1465.0
2020 5 1402.0
2020 6 1906.0
2020 7 1836.0
2020 8 2024.0
2020 9 2082.0
2020 10 2144.0
2020 11 1953.0
2020 12 1693.0
2021 1 2050.0
2021 2 1858.0
2021 3 2715.0
2021 4 2891.0
2021 5 2423.0
2021 6 2602.0
2021 7 1917.0
2021 8 2396.0
2021 9 2298.0
2021 10 1683.0
2021 11 1776.0
2021 12 1654.0
2022 1 1873.0
2022 2 1877.0
2022 3 2568.0
2022 4 2220.0
2022 5 1830.0
2022 6 1822.0
2022 7 1499.0
2022 8 1322.0
2022 9 1197.0
2022 10 977.0
2022 11 774.0
2022 12 626.0
2023 1 799.0
2023 2 770.0
2023 3 1251.0
2023 4 1163.0
2023 5 1511.0
2023 6 1649.0
2023 7 1488.0
2023 8 1582.0
2023 9 1211.0
2023 10 1258.0
2023 11 1279.0
2023 12 1107.0
2024 1 1381.0
2024 2 1172.0
2024 3 1728.0
2024 4 1709.0
2024 5 1754.0
2024 6 1462.0
2024 7 1533.0
2024 8 1562.0
