1960 5 116.0
1960 6 122.0
1960 7 139.0
1960 8 54.0
1960 9 73.0
1960 10 111.0
1960 11 54.0
1960 12 39.0
1961 1 48.0
1961 2 46.0
1961 3 182.0
1961 4 120.0
1961 5 361.0
1961 6 82.0
1961 7 71.0
1961 8 137.0
1961 9 187.0
1961 10 212.0
1961 11 158.0
1961 12 188.0
1962 1 92.0
1962 2 103.0
1962 3 176.0
1962 4 184.0
1962 5 209.0
1962 6 222.0
1962 7 78.0
1962 8 241.0
1962 9 280.0
1962 10 289.0
1962 11 216.0
1962 12 238.0
1963 1 105.0
1963 2 264.0
1963 3 521.0
1963 4 289.0
1963 5 425.0
1963 6 282.0
1963 7 286.0
1963 8 157.0
1963 9 230.0
1963 10 243.0
1963 11 94.0
1963 12 230.0
1964 1 181.0
1964 2 146.0
1964 3 203.0
1964 4 191.0
1964 5 309.0
1964 6 210.0
1964 7 167.0
1964 8 140.0
1964 9 238.0
1964 10 139.0
1964 11 57.0
1964 12 78.0
1965 1 94.0
1965 2 108.0
1965 3 143.0
1965 4 155.0
1965 5 70.0
1965 6 59.0
1965 7 62.0
1965 8 269.0
1965 9 54.0
1965 10 247.0
1965 11 78.0
1965 12 38.0
1966 1 118.0
1966 2 54.0
1966 3 107.0
1966 4 98.0
1966 5 214.0
1966 6 117.0
1966 7 36.0
1966 8 39.0
1966 9 49.0
1966 10 52.0
1966 11 32.0
1966 12 36.0
1967 1 26.0
1967 2 114.0
1967 3 184.0
1967 4 136.0
1967 5 156.0
1967 6 138.0
1967 7 86.0
1967 8 206.0
1967 9 137.0
1967 10 223.0
1967 11 90.0
1967 12 72.0
1968 1 42.0
1968 2 139.0
1968 3 144.0
1968 4 278.0
1968 5 325.0
1968 6 169.0
1968 7 130.0
1968 8 140.0
1968 9 71.0
1968 10 202.0
1968 11 109.0
1968 12 188.0
1969 1 204.0
1969 2 80.0
1969 3 219.0
1969 4 384.0
1969 5 339.0
1969 6 237.0
1969 7 333.0
1969 8 121.0
1969 9 103.0
1969 10 162.0
1969 11 238.0
1969 12 129.0
1970 1 118.0
1970 2 154.0
1970 3 215.0
1970 4 178.0
1970 5 498.0
1970 6 451.0
1970 7 156.0
1970 8 189.0
1970 9 440.0
1970 10 265.0
1970 11 425.0
1970 12 175.0
1971 1 137.0
1971 2 265.0
1971 3 459.0
1971 4 720.0
1971 5 817.0
1971 6 462.0
1971 7 722.0
1971 8 450.0
1971 9 695.0
1971 10 341.0
1971 11 684.0
1971 12 457.0
1972 1 600.0
1972 2 484.0
1972 3 1030.0
1972 4 530.0
1972 5 680.0
1972 6 911.0
1972 7 473.0
1972 8 489.0
1972 9 729.0
1972 10 946.0
1972 11 1246.0
1972 12 205.0
1973 1 378.0
1973 2 284.0
1973 3 567.0
1973 4 563.0
1973 5 420.0
1973 6 681.0
1973 7 837.0
1973 8 401.0
1973 9 623.0
1973 10 233.0
1973 11 205.0
1973 12 421.0
1974 1 343.0
1974 2 358.0
1974 3 296.0
1974 4 415.0
1974 5 756.0
1974 6 343.0
1974 7 160.0
1974 8 131.0
1974 9 118.0
1974 10 117.0
1974 11 149.0
1974 12 25.0
1975 1 19.0
1975 2 72.0
1975 3 166.0
1975 4 345.0
1975 5 380.0
1975 6 517.0
1975 7 386.0
1975 8 211.0
1975 9 133.0
1975 10 161.0
1975 11 274.0
1975 12 196.0
1976 1 164.0
1976 2 208.0
1976 3 568.0
1976 4 631.0
1976 5 637.0
1976 6 530.0
1976 7 205.0
1976 8 345.0
1976 9 344.0
1976 10 429.0
1976 11 401.0
1976 12 608.0
1977 1 328.0
1977 2 370.0
1977 3 425.0
1977 4 522.0
1977 5 527.0
1977 6 453.0
1977 7 288.0
1977 8 595.0
1977 9 314.0
1977 10 326.0
1977 11 355.0
1977 12 739.0
1978 1 447.0
1978 2 291.0
1978 3 984.0
1978 4 594.0
1978 5 486.0
1978 6 370.0
1978 7 216.0
1978 8 260.0
1978 9 675.0
1978 10 372.0
1978 11 363.0
1978 12 200.0
1979 1 142.0
1979 2 360.0
1979 3 284.0
1979 4 390.0
1979 5 304.0
1979 6 380.0
1979 7 526.0
1979 8 446.0
1979 9 633.0
1979 10 382.0
1979 11 85.0
1979 12 133.0
1980 1 139.0
1980 2 238.0
1980 3 153.0
1980 4 403.0
1980 5 316.0
1980 6 101.0
1980 7 109.0
1980 8 404.0
1980 9 118.0
1980 10 256.0
1980 11 355.0
1980 12 366.0
1981 1 103.0
1981 2 114.0
1981 3 163.0
1981 4 169.0
1981 5 456.0
1981 6 208.0
1981 7 302.0
1981 8 227.0
1981 9 125.0
1981 10 345.0
1981 11 83.0
1981 12 126.0
1982 1 193.0
1982 2 56.0
1982 3 118.0
1982 4 136.0
1982 5 560.0
1982 6 168.0
1982 7 77.0
1982 8 179.0
1982 9 281.0
1982 10 208.0
1982 11 106.0
1982 12 425.0
1983 1 222.0
1983 2 209.0
1983 3 196.0
1983 4 406.0
1983 5 365.0
1983 6 871.0
1983 7 175.0
1983 8 778.0
1983 9 416.0
1983 10 536.0
1983 11 268.0
1983 12 197.0
1984 1 469.0
1984 2 203.0
1984 3 555.0
1984 4 632.0
1984 5 718.0
1984 6 1983.0
1984 7 1355.0
1984 8 1290.0
1984 9 585.0
1984 10 1172.0
1984 11 1477.0
1984 12 141.0
1985 1 261.0
1985 2 236.0
1985 3 641.0
1985 4 701.0
1985 5 1560.0
1985 6 326.0
1985 7 242.0
1985 8 861.0
1985 9 420.0
1985 10 317.0
1985 11 371.0
1985 12 158.0
1986 1 624.0
1986 2 427.0
1986 3 435.0
1986 4 615.0
1986 5 499.0
1986 6 487.0
1986 7 538.0
1986 8 366.0
1986 9 204.0
1986 10 335.0
1986 11 215.0
1986 12 180.0
1987 1 25.0
1987 2 76.0
1987 3 119.0
1987 4 219.0
1987 5 149.0
1987 6 89.0
1987 7 81.0
1987 8 55.0
1987 9 67.0
1987 10 29.0
1987 11 20.0
1987 12 13.0
1988 1 2.0
1988 2 83.0
1988 3 26.0
1988 4 29.0
1988 5 22.0
1988 6 88.0
1988 7 43.0
1988 8 40.0
1988 9 51.0
1988 10 40.0
1988 11 23.0
1988 12 8.0
1989 1 14.0
1989 2 22.0
1989 3 47.0
1989 4 54.0
1989 5 24.0
1989 6 29.0
1989 7 18.0
1989 8 29.0
1989 9 79.0
1989 10 58.0
1989 11 17.0
1989 12 8.0
1990 1 19.0
1990 2 4.0
1990 3 132.0
1990 4 99.0
1990 5 88.0
1990 6 89.0
1990 7 50.0
1990 8 124.0
1990 9 37.0
1990 10 108.0
1990 11 57.0
1990 12 25.0
1991 1 38.0
1991 2 19.0
1991 3 77.0
1991 4 110.0
1991 5 223.0
1991 6 25.0
1991 7 46.0
1991 8 124.0
1991 9 95.0
1991 10 84.0
1991 11 39.0
1991 12 48.0
1992 1 176.0
1992 2 147.0
1992 3 85.0
1992 4 216.0
1992 5 107.0
1992 6 227.0
1992 7 565.0
1992 8 87.0
1992 9 125.0
1992 10 103.0
1992 11 156.0
1992 12 94.0
1993 1 45.0
1993 2 274.0
1993 3 242.0
1993 4 419.0
1993 5 143.0
1993 6 751.0
1993 7 510.0
1993 8 383.0
1993 9 280.0
1993 10 184.0
1993 11 567.0
1993 12 248.0
1994 1 152.0
1994 2 230.0
1994 3 343.0
1994 4 327.0
1994 5 372.0
1994 6 429.0
1994 7 198.0
1994 8 518.0
1994 9 190.0
1994 10 282.0
1994 11 146.0
1994 12 539.0
1995 1 215.0
1995 2 578.0
1995 3 433.0
1995 4 312.0
1995 5 415.0
1995 6 890.0
1995 7 615.0
1995 8 278.0
1995 9 357.0
1995 10 370.0
1995 11 732.0
1995 12 183.0
1996 1 483.0
1996 2 352.0
1996 3 255.0
1996 4 780.0
1996 5 752.0
1996 6 990.0
1996 7 304.0
1996 8 429.0
1996 9 517.0
1996 10 164.0
1996 11 913.0
1996 12 299.0
1997 1 149.0
1997 2 151.0
1997 3 88.0
1997 4 445.0
1997 5 246.0
1997 6 651.0
1997 7 376.0
1997 8 251.0
1997 9 722.0
1997 10 716.0
1997 11 668.0
1997 12 338.0
1998 1 370.0
1998 2 159.0
1998 3 391.0
1998 4 430.0
1998 5 330.0
1998 6 840.0
1998 7 222.0
1998 8 480.0
1998 9 210.0
1998 10 611.0
1998 11 166.0
1998 12 327.0
1999 1 257.0
1999 2 121.0
1999 3 297.0
1999 4 219.0
1999 5 129.0
1999 6 325.0
1999 7 171.0
1999 8 305.0
1999 9 557.0
1999 10 243.0
1999 11 109.0
1999 12 674.0
2000 1 108.0
2000 2 110.0
2000 3 223.0
2000 4 163.0
2000 5 256.0
2000 6 380.0
2000 7 160.0
2000 8 533.0
2000 9 167.0
2000 10 304.0
2000 11 182.0
2000 12 189.0
2001 1 190.0
2001 2 395.0
2001 3 408.0
2001 4 211.0
2001 5 294.0
2001 6 521.0
2001 7 294.0
2001 8 265.0
2001 9 156.0
2001 10 433.0
2001 11 367.0
2001 12 165.0
2002 1 239.0
2002 2 332.0
2002 3 403.0
2002 4 177.0
2002 5 440.0
2002 6 224.0
2002 7 317.0
2002 8 339.0
2002 9 322.0
2002 10 380.0
2002 11 169.0
2002 12 233.0
2003 1 164.0
2003 2 662.0
2003 3 264.0
2003 4 502.0
2003 5 267.0
2003 6 219.0
2003 7 277.0
2003 8 442.0
2003 9 492.0
2003 10 348.0
2003 11 278.0
2003 12 168.0
2004 1 260.0
2004 2 179.0
2004 3 433.0
2004 4 282.0
2004 5 348.0
2004 6 538.0
2004 7 379.0
2004 8 281.0
2004 9 357.0
2004 10 280.0
2004 11 439.0
2004 12 144.0
2005 1 510.0
2005 2 350.0
2005 3 238.0
2005 4 143.0
2005 5 221.0
2005 6 205.0
2005 7 206.0
2005 8 368.0
2005 9 223.0
2005 10 311.0
2005 11 450.0
2005 12 110.0
2006 1 118.0
2006 2 288.0
2006 3 255.0
2006 4 192.0
2006 5 351.0
2006 6 256.0
2006 7 194.0
2006 8 630.0
2006 9 225.0
2006 10 249.0
2006 11 195.0
2006 12 180.0
2007 1 134.0
2007 2 418.0
2007 3 225.0
2007 4 294.0
2007 5 291.0
2007 6 174.0
2007 7 414.0
2007 8 492.0
2007 9 158.0
2007 10 207.0
2007 11 190.0
2007 12 72.0
2008 1 286.0
2008 2 127.0
2008 3 241.0
2008 4 463.0
2008 5 251.0
2008 6 271.0
2008 7 391.0
2008 8 248.0
2008 9 323.0
2008 10 467.0
2008 11 244.0
2008 12 259.0
2009 1 561.0
2009 2 560.0
2009 3 324.0
2009 4 416.0
2009 5 395.0
2009 6 478.0
2009 7 160.0
2009 8 130.0
2009 9 653.0
2009 10 109.0
2009 11 105.0
2009 12 146.0
2010 1 60.0
2010 2 163.0
2010 3 159.0
2010 4 60.0
2010 5 151.0
2010 6 93.0
2010 7 81.0
2010 8 612.0
2010 9 266.0
2010 10 57.0
2010 11 379.0
2010 12 270.0
2011 1 59.0
2011 2 120.0
2011 3 167.0
2011 4 62.0
2011 5 147.0
2011 6 558.0
2011 7 162.0
2011 8 356.0
2011 9 197.0
2011 10 365.0
2011 11 563.0
2011 12 309.0
2012 1 128.0
2012 2 371.0
2012 3 403.0
2012 4 66.0
2012 5 205.0
2012 6 262.0
2012 7 334.0
2012 8 215.0
2012 9 133.0
2012 10 225.0
2012 11 633.0
2012 12 447.0
2013 1 152.0
2013 2 119.0
2013 3 445.0
2013 4 199.0
2013 5 327.0
2013 6 235.0
2013 7 324.0
2013 8 522.0
2013 9 99.0
2013 10 382.0
2013 11 300.0
2013 12 729.0
2014 1 484.0
2014 2 763.0
2014 3 279.0
2014 4 270.0
2014 5 366.0
2014 6 270.0
2014 7 354.0
2014 8 221.0
2014 9 672.0
2014 10 441.0
2014 11 1013.0
2014 12 141.0
2015 1 83.0
2015 2 182.0
2015 3 236.0
2015 4 716.0
2015 5 438.0
2015 6 1453.0
2015 7 781.0
2015 8 403.0
2015 9 518.0
2015 10 501.0
2015 11 766.0
2015 12 142.0
2016 1 317.0
2016 2 240.0
2016 3 434.0
2016 4 531.0
2016 5 634.0
2016 6 678.0
2016 7 371.0
2016 8 501.0
2016 9 641.0
2016 10 1481.0
2016 11 1128.0
2016 12 383.0
2017 1 464.0
2017 2 239.0
2017 3 883.0
2017 4 520.0
2017 5 413.0
2017 6 285.0
2017 7 841.0
2017 8 683.0
2017 9 556.0
2017 10 796.0
2017 11 841.0
2017 12 394.0
2018 1 997.0
2018 2 776.0
2018 3 869.0
2018 4 275.0
2018 5 586.0
2018 6 542.0
2018 7 380.0
2018 8 633.0
2018 9 615.0
2018 10 579.0
2018 11 703.0
2018 12 1010.0
2019 1 419.0
2019 2 371.0
2019 3 452.0
2019 4 1074.0
2019 5 1370.0
2019 6 1286.0
2019 7 614.0
2019 8 1154.0
2019 9 1164.0
2019 10 1167.0
2019 11 1267.0
2019 12 393.0
2020 1 619.0
2020 2 391.0
2020 3 1366.0
2020 4 763.0
2020 5 824.0
2020 6 399.0
2020 7 686.0
2020 8 906.0
2020 9 281.0
2020 10 861.0
2020 11 830.0
2020 12 868.0
2021 1 761.0
2021 2 1009.0
2021 3 971.0
2021 4 1375.0
2021 5 1115.0
2021 6 1467.0
2021 7 1922.0
2021 8 1471.0
2021 9 1125.0
2021 10 712.0
2021 11 1267.0
2021 12 1636.0
2022 1 1149.0
2022 2 1619.0
2022 3 1243.0
2022 4 973.0
2022 5 1060.0
2022 6 1284.0
2022 7 936.0
2022 8 853.0
2022 9 1035.0
2022 10 727.0
2022 11 717.0
2022 12 1281.0
2023 1 977.0
2023 2 1572.0
2023 3 677.0
2023 4 641.0
2023 5 580.0
2023 6 767.0
2023 7 766.0
2023 8 1009.0
2023 9 746.0
2023 10 594.0
2023 11 1429.0
2023 12 819.0
2024 1 847.0
2024 2 408.0
2024 3 524.0
2024 4 600.0
2024 5 327.0
2024 6 596.0
2024 7 246.0
2024 8 315.0
