1960 5 70.0
1960 6 24.0
1960 7 103.0
1960 8 55.0
1960 9 7.0
1960 10 50.0
1960 11 36.0
1960 12 22.0
1961 1 8.0
1961 2 58.0
1961 3 108.0
1961 4 61.0
1961 5 326.0
1961 6 50.0
1961 7 8.0
1961 8 32.0
1961 9 110.0
1961 10 180.0
1961 11 98.0
1961 12 112.0
1962 1 38.0
1962 2 69.0
1962 3 95.0
1962 4 68.0
1962 5 126.0
1962 6 104.0
1962 7 20.0
1962 8 148.0
1962 9 113.0
1962 10 136.0
1962 11 142.0
1962 12 118.0
1963 1 55.0
1963 2 180.0
1963 3 329.0
1963 4 163.0
1963 5 281.0
1963 6 185.0
1963 7 202.0
1963 8 81.0
1963 9 161.0
1963 10 159.0
1963 11 40.0
1963 12 202.0
1964 1 135.0
1964 2 122.0
1964 3 125.0
1964 4 119.0
1964 5 267.0
1964 6 154.0
1964 7 111.0
1964 8 100.0
1964 9 186.0
1964 10 89.0
1964 11 5.0
1964 12 30.0
1965 1 78.0
1965 2 92.0
1965 3 82.0
1965 4 121.0
1965 5 36.0
1965 6 27.0
1965 7 48.0
1965 8 255.0
1965 9 236.0
1965 10 217.0
1965 11 60.0
1965 12 24.0
1966 1 82.0
1966 2 8.0
1966 3 51.0
1966 4 50.0
1966 5 121.0
1966 6 105.0
1966 7 28.0
1966 8 12.0
1966 9 31.0
1966 10 38.0
1966 11 18.0
1966 12 32.0
1967 1 24.0
1967 2 92.0
1967 3 141.0
1967 4 79.0
1967 5 58.0
1967 6 41.0
1967 7 40.0
1967 8 160.0
1967 9 80.0
1967 10 173.0
1967 11 19.0
1967 12 54.0
1968 1 18.0
1968 2 93.0
1968 3 68.0
1968 4 220.0
1968 5 234.0
1968 6 83.0
1968 7 58.0
1968 8 48.0
1968 9 21.0
1968 10 104.0
1968 11 47.0
1968 12 161.0
1969 1 147.0
1969 2 44.0
1969 3 119.0
1969 4 216.0
1969 5 239.0
1969 6 155.0
1969 7 247.0
1969 8 77.0
1969 9 27.0
1969 10 70.0
1969 11 108.0
1969 12 87.0
1970 1 57.0
1970 2 89.0
1970 3 183.0
1970 4 104.0
1970 5 422.0
1970 6 377.0
1970 7 72.0
1970 8 133.0
1970 9 263.0
1970 10 183.0
1970 11 338.0
1970 12 114.0
1971 1 93.0
1971 2 197.0
1971 3 301.0
1971 4 441.0
1971 5 593.0
1971 6 266.0
1971 7 411.0
1971 8 166.0
1971 9 556.0
1971 10 188.0
1971 11 596.0
1971 12 407.0
1972 1 418.0
1972 2 314.0
1972 3 658.0
1972 4 229.0
1972 5 431.0
1972 6 623.0
1972 7 299.0
1972 8 378.0
1972 9 603.0
1972 10 630.0
1972 11 979.0
1972 12 84.0
1973 1 318.0
1973 2 134.0
1973 3 315.0
1973 4 353.0
1973 5 282.0
1973 6 591.0
1973 7 659.0
1973 8 264.0
1973 9 552.0
1973 10 205.0
1973 11 166.0
1973 12 378.0
1974 1 317.0
1974 2 207.0
1974 3 130.0
1974 4 249.0
1974 5 584.0
1974 6 178.0
1974 7 52.0
1974 8 73.0
1974 9 54.0
1974 10 49.0
1974 11 113.0
1974 12 79.33333333333334
1975 1 45.66666666666667
1975 2 12.0
1975 3 62.0
1975 4 96.0
1975 5 275.0
1975 6 328.0
1975 7 214.0
1975 8 50.0
1975 9 52.0
1975 10 65.0
1975 11 110.0
1975 12 98.0
1976 1 80.0
1976 2 82.0
1976 3 353.0
1976 4 414.0
1976 5 185.0
1976 6 270.0
1976 7 54.0
1976 8 160.0
1976 9 112.0
1976 10 209.0
1976 11 140.0
1976 12 484.0
1977 1 84.0
1977 2 184.0
1977 3 157.0
1977 4 217.0
1977 5 270.0
1977 6 155.0
1977 7 112.0
1977 8 282.0
1977 9 118.0
1977 10 85.0
1977 11 223.0
1977 12 482.0
1978 1 257.0
1978 2 139.0
1978 3 374.0
1978 4 271.0
1978 5 284.0
1978 6 143.0
1978 7 134.0
1978 8 57.0
1978 9 504.0
1978 10 156.0
1978 11 208.0
1978 12 72.0
1979 1 72.0
1979 2 317.0
1979 3 145.0
1979 4 258.0
1979 5 120.0
1979 6 192.0
1979 7 283.0
1979 8 326.0
1979 9 225.0
1979 10 292.0
1979 11 18.0
1979 12 66.0
1980 1 77.0
1980 2 168.0
1980 3 87.0
1980 4 347.0
1980 5 250.0
1980 6 24.0
1980 7 36.0
1980 8 292.0
1980 9 66.0
1980 10 109.0
1980 11 273.0
1980 12 266.0
1981 1 36.0
1981 2 12.0
1981 3 12.0
1981 4 59.0
1981 5 404.0
1981 6 116.0
1981 7 245.0
1981 8 137.0
1981 9 77.0
1981 10 295.0
1981 11 31.0
1981 12 80.0
1982 1 107.0
1982 2 22.0
1982 3 66.0
1982 4 73.0
1982 5 369.0
1982 6 96.0
1982 7 32.0
1982 8 146.0
1982 9 205.0
1982 10 152.0
1982 11 68.0
1982 12 319.0
1983 1 196.0
1983 2 139.0
1983 3 94.0
1983 4 278.0
1983 5 231.0
1983 6 705.0
1983 7 102.0
1983 8 706.0
1983 9 314.0
1983 10 457.0
1983 11 114.0
1983 12 130.0
1984 1 431.0
1984 2 90.0
1984 3 461.0
1984 4 443.0
1984 5 561.0
1984 6 1850.0
1984 7 1266.0
1984 8 1136.0
1984 9 527.0
1984 10 1054.0
1984 11 1407.0
1984 12 96.0
1985 1 222.0
1985 2 193.0
1985 3 558.0
1985 4 625.0
1985 5 1460.0
1985 6 217.0
1985 7 161.0
1985 8 615.0
1985 9 369.0
1985 10 274.0
1985 11 333.0
1985 12 132.0
1986 1 608.0
1986 2 370.0
1986 3 359.0
1986 4 502.0
1986 5 431.0
1986 6 440.0
1986 7 522.0
1986 8 342.0
1986 9 144.0
1986 10 263.0
1986 11 199.0
1986 12 106.0
1987 1 6.0
1987 2 57.0
1987 3 107.0
1987 4 151.0
1987 5 106.0
1987 6 35.0
1987 7 71.0
1987 8 39.0
1987 9 48.0
1987 10 10.0
1987 11 11.0
1987 12 6.0
1988 1 43.0
1988 2 80.0
1988 3 10.0
1988 4 11.0
1988 5 7.0
1988 6 62.0
1988 7 7.0
1988 8 6.0
1988 9 41.0
1988 10 12.0
1988 11 19.0
1988 12 15.5
1989 1 12.0
1989 2 19.0
1989 3 36.0
1989 4 39.0
1989 5 29.5
1989 6 20.0
1989 7 6.0
1989 8 29.5
1989 9 53.0
1989 10 17.0
1989 11 13.333333333333334
1989 12 9.666666666666668
1990 1 6.0
1990 2 64.0
1990 3 122.0
1990 4 80.0
1990 5 42.0
1990 6 43.0
1990 7 32.0
1990 8 101.0
1990 9 79.0
1990 10 57.0
1990 11 35.0
1990 12 31.0
1991 1 27.0
1991 2 12.0
1991 3 24.0
1991 4 36.0
1991 5 144.0
1991 6 17.0
1991 7 17.0
1991 8 50.0
1991 9 75.0
1991 10 34.0
1991 11 23.0
1991 12 26.0
1992 1 168.0
1992 2 110.0
1992 3 62.0
1992 4 125.0
1992 5 62.0
1992 6 151.0
1992 7 504.0
1992 8 41.0
1992 9 60.0
1992 10 12.0
1992 11 92.0
1992 12 56.0
1993 1 37.0
1993 2 122.0
1993 3 133.0
1993 4 234.0
1993 5 18.0
1993 6 388.0
1993 7 368.0
1993 8 330.0
1993 9 85.0
1993 10 119.0
1993 11 438.0
1993 12 118.0
1994 1 51.0
1994 2 190.0
1994 3 225.0
1994 4 132.0
1994 5 236.0
1994 6 332.0
1994 7 79.0
1994 8 400.0
1994 9 112.0
1994 10 145.0
1994 11 47.0
1994 12 466.0
1995 1 164.0
1995 2 479.0
1995 3 354.0
1995 4 242.0
1995 5 245.0
1995 6 656.0
1995 7 438.0
1995 8 142.0
1995 9 170.0
1995 10 191.0
1995 11 587.0
1995 12 108.0
1996 1 361.0
1996 2 222.0
1996 3 97.0
1996 4 613.0
1996 5 624.0
1996 6 869.0
1996 7 153.0
1996 8 324.0
1996 9 322.0
1996 10 65.0
1996 11 746.0
1996 12 174.0
1997 1 85.0
1997 2 91.0
1997 3 21.0
1997 4 285.0
1997 5 163.0
1997 6 458.0
1997 7 258.0
1997 8 193.0
1997 9 642.0
1997 10 643.0
1997 11 591.0
1997 12 280.0
1998 1 277.0
1998 2 86.0
1998 3 263.0
1998 4 366.0
1998 5 170.0
1998 6 758.0
1998 7 156.0
1998 8 376.0
1998 9 118.0
1998 10 484.0
1998 11 105.0
1998 12 239.0
1999 1 179.0
1999 2 58.0
1999 3 235.0
1999 4 164.0
1999 5 65.0
1999 6 254.0
1999 7 87.0
1999 8 220.0
1999 9 362.0
1999 10 167.0
1999 11 42.0
1999 12 602.0
2000 1 56.0
2000 2 49.0
2000 3 168.0
2000 4 103.0
2000 5 110.0
2000 6 290.0
2000 7 60.0
2000 8 395.0
2000 9 50.0
2000 10 197.0
2000 11 73.0
2000 12 94.0
2001 1 99.0
2001 2 293.0
2001 3 307.0
2001 4 80.0
2001 5 183.0
2001 6 391.0
2001 7 204.0
2001 8 195.0
2001 9 67.0
2001 10 357.0
2001 11 254.0
2001 12 92.0
2002 1 176.0
2002 2 183.0
2002 3 307.0
2002 4 28.0
2002 5 366.0
2002 6 141.0
2002 7 235.0
2002 8 285.0
2002 9 186.0
2002 10 237.0
2002 11 102.0
2002 12 154.0
2003 1 110.0
2003 2 557.0
2003 3 119.0
2003 4 364.0
2003 5 140.0
2003 6 85.0
2003 7 172.0
2003 8 357.0
2003 9 383.0
2003 10 169.0
2003 11 188.0
2003 12 117.0
2004 1 170.0
2004 2 126.0
2004 3 197.0
2004 4 155.0
2004 5 196.0
2004 6 392.0
2004 7 121.0
2004 8 176.0
2004 9 231.0
2004 10 201.0
2004 11 320.0
2004 12 92.0
2005 1 470.0
2005 2 288.0
2005 3 143.0
2005 4 82.0
2005 5 105.0
2005 6 128.0
2005 7 116.0
2005 8 219.0
2005 9 138.0
2005 10 185.0
2005 11 387.0
2005 12 34.0
2006 1 95.0
2006 2 202.0
2006 3 160.0
2006 4 92.0
2006 5 269.0
2006 6 183.0
2006 7 123.0
2006 8 403.0
2006 9 134.0
2006 10 177.0
2006 11 152.0
2006 12 151.0
2007 1 90.0
2007 2 357.0
2007 3 111.0
2007 4 250.0
2007 5 166.0
2007 6 112.0
2007 7 331.0
2007 8 401.0
2007 9 118.0
2007 10 154.0
2007 11 126.0
2007 12 24.0
2008 1 270.0
2008 2 79.0
2008 3 215.0
2008 4 385.0
2008 5 132.0
2008 6 223.0
2008 7 355.0
2008 8 218.0
2008 9 259.0
2008 10 422.0
2008 11 219.0
2008 12 228.0
2009 1 525.0
2009 2 540.0
2009 3 61.0
2009 4 393.0
2009 5 353.0
2009 6 352.0
2009 7 150.0
2009 8 50.0
2009 9 587.0
2009 10 85.0
2009 11 42.0
2009 12 130.0
2010 1 41.0
2010 2 134.0
2010 3 85.0
2010 4 43.0
2010 5 133.0
2010 6 54.0
2010 7 61.0
2010 8 547.0
2010 9 244.0
2010 10 44.0
2010 11 282.0
2010 12 260.0
2011 1 47.0
2011 2 84.0
2011 3 147.0
2011 4 48.0
2011 5 128.0
2011 6 527.0
2011 7 141.0
2011 8 330.0
2011 9 158.0
2011 10 339.0
2011 11 545.0
2011 12 273.0
2012 1 106.0
2012 2 297.0
2012 3 371.0
2012 4 51.0
2012 5 181.0
2012 6 236.0
2012 7 275.0
2012 8 191.0
2012 9 87.0
2012 10 168.0
2012 11 584.0
2012 12 393.0
2013 1 121.0
2013 2 89.0
2013 3 342.0
2013 4 148.0
2013 5 285.0
2013 6 194.0
2013 7 246.0
2013 8 424.0
2013 9 66.0
2013 10 298.0
2013 11 269.0
2013 12 673.0
2014 1 428.0
2014 2 735.0
2014 3 255.0
2014 4 251.0
2014 5 298.0
2014 6 185.0
2014 7 292.0
2014 8 179.0
2014 9 623.0
2014 10 393.0
2014 11 963.0
2014 12 84.0
2015 1 64.0
2015 2 137.0
2015 3 186.0
2015 4 631.0
2015 5 351.0
2015 6 1384.0
2015 7 714.0
2015 8 358.0
2015 9 451.0
2015 10 429.0
2015 11 707.0
2015 12 118.0
2016 1 294.0
2016 2 229.0
2016 3 377.0
2016 4 505.0
2016 5 576.0
2016 6 654.0
2016 7 338.0
2016 8 456.0
2016 9 584.0
2016 10 1446.0
2016 11 1088.0
2016 12 331.0
2017 1 441.0
2017 2 187.0
2017 3 835.0
2017 4 485.0
2017 5 379.0
2017 6 255.0
2017 7 769.0
2017 8 577.0
2017 9 480.0
2017 10 727.0
2017 11 474.0
2017 12 338.0
2018 1 907.0
2018 2 720.0
2018 3 813.0
2018 4 189.0
2018 5 526.0
2018 6 430.0
2018 7 327.0
2018 8 550.0
2018 9 570.0
2018 10 530.0
2018 11 475.0
2018 12 953.0
2019 1 370.0
2019 2 325.0
2019 3 407.0
2019 4 987.0
2019 5 1287.0
2019 6 1209.0
2019 7 558.0
2019 8 1044.0
2019 9 1111.0
2019 10 1111.0
2019 11 1182.0
2019 12 355.0
2020 1 556.0
2020 2 271.0
2020 3 1314.0
2020 4 677.0
2020 5 789.0
2020 6 329.0
2020 7 580.0
2020 8 812.0
2020 9 213.0
2020 10 666.0
2020 11 708.0
2020 12 761.0
2021 1 707.0
2021 2 892.0
2021 3 900.0
2021 4 1340.0
2021 5 835.0
2021 6 1351.0
2021 7 1853.0
2021 8 1424.0
2021 9 968.0
2021 10 642.0
2021 11 1172.0
2021 12 1559.0
2022 1 1088.0
2022 2 1515.0
2022 3 1152.0
2022 4 921.0
2022 5 1001.0
2022 6 1192.0
2022 7 857.0
2022 8 745.0
2022 9 921.0
2022 10 633.0
2022 11 657.0
2022 12 1244.0
2023 1 882.0
2023 2 1478.0
2023 3 623.0
2023 4 534.0
2023 5 466.0
2023 6 716.0
2023 7 710.0
2023 8 946.0
2023 9 713.0
2023 10 529.0
2023 11 1360.0
2023 12 759.0
2024 1 795.0
2024 2 381.0
2024 3 478.0
2024 4 542.0
2024 5 242.0
2024 6 547.0
2024 7 166.0
2024 8 235.0
