1960 5 46.0
1960 6 98.0
1960 7 36.0
1960 8 54.0
1960 9 66.0
1960 10 61.0
1960 11 54.0
1960 12 39.0
1961 1 40.0
1961 2 46.0
1961 3 74.0
1961 4 59.0
1961 5 35.0
1961 6 32.0
1961 7 63.0
1961 8 105.0
1961 9 77.0
1961 10 32.0
1961 11 60.0
1961 12 76.0
1962 1 54.0
1962 2 34.0
1962 3 81.0
1962 4 116.0
1962 5 83.0
1962 6 118.0
1962 7 58.0
1962 8 93.0
1962 9 167.0
1962 10 153.0
1962 11 74.0
1962 12 120.0
1963 1 50.0
1963 2 84.0
1963 3 192.0
1963 4 126.0
1963 5 144.0
1963 6 97.0
1963 7 84.0
1963 8 76.0
1963 9 69.0
1963 10 84.0
1963 11 54.0
1963 12 28.0
1964 1 46.0
1964 2 24.0
1964 3 78.0
1964 4 72.0
1964 5 42.0
1964 6 56.0
1964 7 56.0
1964 8 40.0
1964 9 52.0
1964 10 50.0
1964 11 52.0
1964 12 48.0
1965 1 16.0
1965 2 16.0
1965 3 61.0
1965 4 34.0
1965 5 34.0
1965 6 32.0
1965 7 14.0
1965 8 14.0
1965 9 54.0
1965 10 30.0
1965 11 18.0
1965 12 14.0
1966 1 36.0
1966 2 46.0
1966 3 56.0
1966 4 48.0
1966 5 93.0
1966 6 12.0
1966 7 8.0
1966 8 27.0
1966 9 18.0
1966 10 14.0
1966 11 14.0
1966 12 4.0
1967 1 2.0
1967 2 22.0
1967 3 43.0
1967 4 57.0
1967 5 98.0
1967 6 97.0
1967 7 46.0
1967 8 46.0
1967 9 57.0
1967 10 50.0
1967 11 71.0
1967 12 18.0
1968 1 24.0
1968 2 46.0
1968 3 76.0
1968 4 58.0
1968 5 91.0
1968 6 86.0
1968 7 72.0
1968 8 92.0
1968 9 50.0
1968 10 98.0
1968 11 62.0
1968 12 27.0
1969 1 57.0
1969 2 36.0
1969 3 100.0
1969 4 168.0
1969 5 100.0
1969 6 82.0
1969 7 86.0
1969 8 44.0
1969 9 76.0
1969 10 92.0
1969 11 130.0
1969 12 42.0
1970 1 61.0
1970 2 65.0
1970 3 32.0
1970 4 74.0
1970 5 76.0
1970 6 74.0
1970 7 84.0
1970 8 56.0
1970 9 177.0
1970 10 82.0
1970 11 87.0
1970 12 61.0
1971 1 44.0
1971 2 68.0
1971 3 158.0
1971 4 279.0
1971 5 224.0
1971 6 196.0
1971 7 311.0
1971 8 284.0
1971 9 139.0
1971 10 153.0
1971 11 88.0
1971 12 50.0
1972 1 182.0
1972 2 170.0
1972 3 372.0
1972 4 301.0
1972 5 249.0
1972 6 288.0
1972 7 174.0
1972 8 111.0
1972 9 126.0
1972 10 316.0
1972 11 267.0
1972 12 121.0
1973 1 60.0
1973 2 150.0
1973 3 252.0
1973 4 210.0
1973 5 138.0
1973 6 90.0
1973 7 178.0
1973 8 137.0
1973 9 71.0
1973 10 28.0
1973 11 39.0
1973 12 43.0
1974 1 26.0
1974 2 151.0
1974 3 166.0
1974 4 166.0
1974 5 172.0
1974 6 165.0
1974 7 108.0
1974 8 58.0
1974 9 64.0
1974 10 68.0
1974 11 36.0
1974 12 25.0
1975 1 19.0
1975 2 60.0
1975 3 104.0
1975 4 249.0
1975 5 105.0
1975 6 189.0
1975 7 172.0
1975 8 161.0
1975 9 81.0
1975 10 96.0
1975 11 164.0
1975 12 98.0
1976 1 84.0
1976 2 126.0
1976 3 215.0
1976 4 217.0
1976 5 452.0
1976 6 260.0
1976 7 151.0
1976 8 185.0
1976 9 232.0
1976 10 220.0
1976 11 261.0
1976 12 124.0
1977 1 244.0
1977 2 186.0
1977 3 268.0
1977 4 305.0
1977 5 257.0
1977 6 298.0
1977 7 176.0
1977 8 313.0
1977 9 196.0
1977 10 241.0
1977 11 132.0
1977 12 257.0
1978 1 190.0
1978 2 152.0
1978 3 610.0
1978 4 323.0
1978 5 202.0
1978 6 227.0
1978 7 82.0
1978 8 203.0
1978 9 171.0
1978 10 216.0
1978 11 155.0
1978 12 128.0
1979 1 70.0
1979 2 43.0
1979 3 139.0
1979 4 132.0
1979 5 184.0
1979 6 188.0
1979 7 243.0
1979 8 120.0
1979 9 408.0
1979 10 90.0
1979 11 67.0
1979 12 67.0
1980 1 62.0
1980 2 70.0
1980 3 66.0
1980 4 56.0
1980 5 66.0
1980 6 77.0
1980 7 73.0
1980 8 112.0
1980 9 52.0
1980 10 147.0
1980 11 82.0
1980 12 100.0
1981 1 67.0
1981 2 102.0
1981 3 151.0
1981 4 110.0
1981 5 52.0
1981 6 92.0
1981 7 57.0
1981 8 90.0
1981 9 48.0
1981 10 50.0
1981 11 52.0
1981 12 46.0
1982 1 86.0
1982 2 34.0
1982 3 52.0
1982 4 63.0
1982 5 191.0
1982 6 72.0
1982 7 45.0
1982 8 33.0
1982 9 76.0
1982 10 56.0
1982 11 38.0
1982 12 106.0
1983 1 26.0
1983 2 70.0
1983 3 102.0
1983 4 128.0
1983 5 134.0
1983 6 166.0
1983 7 73.0
1983 8 72.0
1983 9 102.0
1983 10 79.0
1983 11 154.0
1983 12 67.0
1984 1 38.0
1984 2 113.0
1984 3 94.0
1984 4 189.0
1984 5 157.0
1984 6 133.0
1984 7 89.0
1984 8 154.0
1984 9 58.0
1984 10 118.0
1984 11 70.0
1984 12 45.0
1985 1 39.0
1985 2 43.0
1985 3 83.0
1985 4 76.0
1985 5 100.0
1985 6 109.0
1985 7 81.0
1985 8 246.0
1985 9 51.0
1985 10 43.0
1985 11 38.0
1985 12 26.0
1986 1 16.0
1986 2 57.0
1986 3 76.0
1986 4 113.0
1986 5 68.0
1986 6 47.0
1986 7 16.0
1986 8 24.0
1986 9 60.0
1986 10 72.0
1986 11 16.0
1986 12 74.0
1987 1 19.0
1987 2 19.0
1987 3 12.0
1987 4 68.0
1987 5 43.0
1987 6 54.0
1987 7 10.0
1987 8 16.0
1987 9 19.0
1987 10 19.0
1987 11 9.0
1987 12 7.0
1988 1 2.0
1988 2 3.0
1988 3 16.0
1988 4 18.0
1988 5 15.0
1988 6 26.0
1988 7 36.0
1988 8 34.0
1988 9 10.0
1988 10 28.0
1988 11 4.0
1988 12 8.0
1989 1 2.0
1989 2 3.0
1989 3 11.0
1989 4 15.0
1989 5 24.0
1989 6 9.0
1989 7 12.0
1989 8 29.0
1989 9 26.0
1989 10 41.0
1989 11 17.0
1989 12 8.0
1990 1 13.0
1990 2 4.0
1990 3 10.0
1990 4 19.0
1990 5 46.0
1990 6 46.0
1990 7 18.0
1990 8 23.0
1990 9 37.0
1990 10 51.0
1990 11 22.0
1990 12 25.0
1991 1 11.0
1991 2 7.0
1991 3 77.0
1991 4 74.0
1991 5 79.0
1991 6 8.0
1991 7 29.0
1991 8 74.0
1991 9 20.0
1991 10 50.0
1991 11 16.0
1991 12 22.0
1992 1 8.0
1992 2 37.0
1992 3 23.0
1992 4 91.0
1992 5 45.0
1992 6 76.0
1992 7 61.0
1992 8 46.0
1992 9 65.0
1992 10 91.0
1992 11 64.0
1992 12 38.0
1993 1 8.0
1993 2 152.0
1993 3 109.0
1993 4 185.0
1993 5 125.0
1993 6 363.0
1993 7 142.0
1993 8 53.0
1993 9 195.0
1993 10 65.0
1993 11 129.0
1993 12 130.0
1994 1 101.0
1994 2 40.0
1994 3 118.0
1994 4 195.0
1994 5 136.0
1994 6 97.0
1994 7 119.0
1994 8 118.0
1994 9 78.0
1994 10 137.0
1994 11 99.0
1994 12 73.0
1995 1 51.0
1995 2 99.0
1995 3 79.0
1995 4 70.0
1995 5 170.0
1995 6 234.0
1995 7 177.0
1995 8 136.0
1995 9 187.0
1995 10 179.0
1995 11 145.0
1995 12 75.0
1996 1 122.0
1996 2 130.0
1996 3 158.0
1996 4 167.0
1996 5 128.0
1996 6 121.0
1996 7 151.0
1996 8 105.0
1996 9 195.0
1996 10 99.0
1996 11 167.0
1996 12 125.0
1997 1 64.0
1997 2 60.0
1997 3 67.0
1997 4 160.0
1997 5 83.0
1997 6 193.0
1997 7 118.0
1997 8 58.0
1997 9 80.0
1997 10 73.0
1997 11 77.0
1997 12 58.0
1998 1 93.0
1998 2 73.0
1998 3 128.0
1998 4 64.0
1998 5 160.0
1998 6 82.0
1998 7 66.0
1998 8 104.0
1998 9 92.0
1998 10 127.0
1998 11 61.0
1998 12 88.0
1999 1 78.0
1999 2 63.0
1999 3 62.0
1999 4 55.0
1999 5 64.0
1999 6 71.0
1999 7 84.0
1999 8 85.0
1999 9 195.0
1999 10 76.0
1999 11 67.0
1999 12 72.0
2000 1 52.0
2000 2 61.0
2000 3 55.0
2000 4 60.0
2000 5 146.0
2000 6 90.0
2000 7 100.0
2000 8 138.0
2000 9 117.0
2000 10 107.0
2000 11 109.0
2000 12 95.0
2001 1 91.0
2001 2 102.0
2001 3 101.0
2001 4 131.0
2001 5 111.0
2001 6 130.0
2001 7 90.0
2001 8 70.0
2001 9 89.0
2001 10 76.0
2001 11 113.0
2001 12 73.0
2002 1 63.0
2002 2 149.0
2002 3 96.0
2002 4 149.0
2002 5 74.0
2002 6 83.0
2002 7 82.0
2002 8 54.0
2002 9 136.0
2002 10 143.0
2002 11 67.0
2002 12 79.0
2003 1 54.0
2003 2 105.0
2003 3 145.0
2003 4 138.0
2003 5 127.0
2003 6 134.0
2003 7 105.0
2003 8 85.0
2003 9 109.0
2003 10 179.0
2003 11 90.0
2003 12 51.0
2004 1 90.0
2004 2 53.0
2004 3 236.0
2004 4 127.0
2004 5 152.0
2004 6 146.0
2004 7 258.0
2004 8 105.0
2004 9 126.0
2004 10 79.0
2004 11 119.0
2004 12 52.0
2005 1 40.0
2005 2 62.0
2005 3 95.0
2005 4 61.0
2005 5 116.0
2005 6 77.0
2005 7 90.0
2005 8 149.0
2005 9 85.0
2005 10 126.0
2005 11 63.0
2005 12 76.0
2006 1 23.0
2006 2 86.0
2006 3 95.0
2006 4 100.0
2006 5 82.0
2006 6 73.0
2006 7 71.0
2006 8 227.0
2006 9 91.0
2006 10 72.0
2006 11 43.0
2006 12 29.0
2007 1 44.0
2007 2 61.0
2007 3 114.0
2007 4 44.0
2007 5 125.0
2007 6 62.0
2007 7 83.0
2007 8 91.0
2007 9 40.0
2007 10 53.0
2007 11 64.0
2007 12 48.0
2008 1 16.0
2008 2 48.0
2008 3 26.0
2008 4 78.0
2008 5 119.0
2008 6 48.0
2008 7 36.0
2008 8 30.0
2008 9 64.0
2008 10 45.0
2008 11 25.0
2008 12 31.0
2009 1 36.0
2009 2 20.0
2009 3 263.0
2009 4 23.0
2009 5 42.0
2009 6 126.0
2009 7 10.0
2009 8 80.0
2009 9 66.0
2009 10 24.0
2009 11 63.0
2009 12 16.0
2010 1 19.0
2010 2 29.0
2010 3 74.0
2010 4 17.0
2010 5 18.0
2010 6 39.0
2010 7 20.0
2010 8 65.0
2010 9 22.0
2010 10 13.0
2010 11 97.0
2010 12 10.0
2011 1 12.0
2011 2 36.0
2011 3 20.0
2011 4 14.0
2011 5 19.0
2011 6 31.0
2011 7 21.0
2011 8 26.0
2011 9 39.0
2011 10 26.0
2011 11 18.0
2011 12 36.0
2012 1 22.0
2012 2 74.0
2012 3 32.0
2012 4 15.0
2012 5 24.0
2012 6 26.0
2012 7 59.0
2012 8 24.0
2012 9 46.0
2012 10 57.0
2012 11 49.0
2012 12 54.0
2013 1 31.0
2013 2 30.0
2013 3 103.0
2013 4 51.0
2013 5 42.0
2013 6 41.0
2013 7 78.0
2013 8 98.0
2013 9 33.0
2013 10 84.0
2013 11 31.0
2013 12 56.0
2014 1 56.0
2014 2 28.0
2014 3 24.0
2014 4 19.0
2014 5 68.0
2014 6 85.0
2014 7 62.0
2014 8 42.0
2014 9 49.0
2014 10 48.0
2014 11 50.0
2014 12 57.0
2015 1 19.0
2015 2 45.0
2015 3 50.0
2015 4 85.0
2015 5 87.0
2015 6 69.0
2015 7 67.0
2015 8 45.0
2015 9 67.0
2015 10 72.0
2015 11 59.0
2015 12 24.0
2016 1 23.0
2016 2 11.0
2016 3 57.0
2016 4 26.0
2016 5 58.0
2016 6 24.0
2016 7 33.0
2016 8 45.0
2016 9 57.0
2016 10 35.0
2016 11 40.0
2016 12 52.0
2017 1 23.0
2017 2 52.0
2017 3 48.0
2017 4 35.0
2017 5 34.0
2017 6 30.0
2017 7 72.0
2017 8 106.0
2017 9 76.0
2017 10 69.0
2017 11 367.0
2017 12 56.0
2018 1 90.0
2018 2 56.0
2018 3 56.0
2018 4 86.0
2018 5 60.0
2018 6 112.0
2018 7 53.0
2018 8 83.0
2018 9 45.0
2018 10 49.0
2018 11 228.0
2018 12 57.0
2019 1 49.0
2019 2 46.0
2019 3 45.0
2019 4 87.0
2019 5 83.0
2019 6 77.0
2019 7 56.0
2019 8 110.0
2019 9 53.0
2019 10 56.0
2019 11 85.0
2019 12 38.0
2020 1 63.0
2020 2 120.0
2020 3 52.0
2020 4 86.0
2020 5 35.0
2020 6 70.0
2020 7 106.0
2020 8 94.0
2020 9 68.0
2020 10 195.0
2020 11 122.0
2020 12 107.0
2021 1 54.0
2021 2 117.0
2021 3 71.0
2021 4 35.0
2021 5 280.0
2021 6 116.0
2021 7 69.0
2021 8 47.0
2021 9 157.0
2021 10 70.0
2021 11 95.0
2021 12 77.0
2022 1 61.0
2022 2 104.0
2022 3 91.0
2022 4 52.0
2022 5 59.0
2022 6 92.0
2022 7 79.0
2022 8 108.0
2022 9 114.0
2022 10 94.0
2022 11 60.0
2022 12 37.0
2023 1 95.0
2023 2 94.0
2023 3 54.0
2023 4 107.0
2023 5 114.0
2023 6 51.0
2023 7 56.0
2023 8 63.0
2023 9 33.0
2023 10 65.0
2023 11 69.0
2023 12 60.0
2024 1 52.0
2024 2 27.0
2024 3 46.0
2024 4 58.0
2024 5 85.0
2024 6 49.0
2024 7 80.0
2024 8 80.0
