1960 5 36.0
1960 6 25.0
1960 7 16.0
1960 8 23.0
1960 9 18.0
1960 10 32.0
1960 11 35.0
1960 12 15.0
1961 1 2.0
1961 2 8.0
1961 3 29.0
1961 4 35.0
1961 5 41.0
1961 6 27.0
1961 7 34.0
1961 8 32.0
1961 9 27.0
1961 10 49.0
1961 11 38.0
1961 12 14.0
1962 1 6.0
1962 2 5.0
1962 3 24.0
1962 4 35.0
1962 5 36.0
1962 6 33.0
1962 7 31.0
1962 8 25.0
1962 9 19.0
1962 10 23.0
1962 11 31.0
1962 12 10.0
1963 1 17.0
1963 2 14.0
1963 3 16.0
1963 4 48.0
1963 5 23.0
1963 6 24.0
1963 7 26.0
1963 8 21.0
1963 9 27.0
1963 10 78.0
1963 11 21.0
1963 12 6.0
1964 1 6.0
1964 2 5.0
1964 3 12.0
1964 4 26.0
1964 5 42.0
1964 6 21.0
1964 7 25.0
1964 8 23.0
1964 9 54.0
1964 10 43.0
1964 11 27.0
1964 12 11.0
1965 1 16.0
1965 2 7.0
1965 3 37.0
1965 4 53.0
1965 5 47.0
1965 6 50.0
1965 7 34.0
1965 8 40.0
1965 9 42.0
1965 10 87.0
1965 11 90.0
1965 12 145.0
1966 1 13.0
1966 2 14.0
1966 3 28.0
1966 4 112.0
1966 5 65.0
1966 6 35.0
1966 7 36.0
1966 8 26.0
1966 9 27.0
1966 10 84.0
1966 11 29.0
1966 12 21.0
1967 1 15.0
1967 2 90.0
1967 3 46.0
1967 4 64.0
1967 5 40.0
1967 6 194.0
1967 7 41.0
1967 8 72.0
1967 9 94.0
1967 10 48.0
1967 11 78.0
1967 12 45.0
1968 1 5.0
1968 2 90.0
1968 3 24.0
1968 4 112.0
1968 5 118.0
1968 6 280.0
1968 7 95.0
1968 8 102.0
1968 9 102.0
1968 10 167.0
1968 11 91.0
1968 12 61.0
1969 1 24.0
1969 2 15.0
1969 3 57.0
1969 4 93.0
1969 5 79.0
1969 6 165.0
1969 7 294.0
1969 8 85.0
1969 9 95.0
1969 10 73.0
1969 11 121.0
1969 12 72.0
1970 1 57.0
1970 2 50.0
1970 3 75.0
1970 4 94.0
1970 5 120.0
1970 6 291.0
1970 7 95.0
1970 8 129.0
1970 9 85.0
1970 10 194.0
1970 11 98.0
1970 12 54.0
1971 1 118.0
1971 2 53.0
1971 3 118.0
1971 4 190.0
1971 5 170.0
1971 6 200.0
1971 7 262.0
1971 8 120.0
1971 9 127.0
1971 10 168.0
1971 11 157.0
1971 12 78.0
1972 1 135.0
1972 2 47.0
1972 3 65.0
1972 4 145.0
1972 5 267.0
1972 6 115.0
1972 7 254.0
1972 8 278.0
1972 9 108.0
1972 10 204.0
1972 11 155.0
1972 12 66.0
1973 1 91.0
1973 2 101.0
1973 3 180.0
1973 4 208.0
1973 5 230.0
1973 6 341.0
1973 7 270.0
1973 8 152.0
1973 9 105.0
1973 10 298.0
1973 11 82.0
1973 12 96.0
1974 1 58.0
1974 2 45.0
1974 3 154.0
1974 4 134.0
1974 5 161.0
1974 6 179.0
1974 7 155.0
1974 8 90.0
1974 9 226.0
1974 10 112.0
1974 11 52.0
1974 12 66.0
1975 1 42.0
1975 2 58.0
1975 3 75.0
1975 4 221.0
1975 5 181.0
1975 6 124.0
1975 7 125.0
1975 8 274.0
1975 9 194.0
1975 10 186.0
1975 11 100.0
1975 12 82.0
1976 1 15.0
1976 2 111.0
1976 3 99.0
1976 4 214.0
1976 5 164.0
1976 6 162.0
1976 7 158.0
1976 8 254.0
1976 9 195.0
1976 10 131.0
1976 11 89.0
1976 12 58.0
1977 1 42.0
1977 2 56.0
1977 3 144.0
1977 4 309.0
1977 5 360.0
1977 6 172.0
1977 7 245.0
1977 8 378.0
1977 9 223.0
1977 10 169.0
1977 11 143.0
1977 12 104.0
1978 1 22.0
1978 2 70.0
1978 3 114.0
1978 4 370.0
1978 5 335.0
1978 6 440.0
1978 7 526.0
1978 8 487.0
1978 9 324.0
1978 10 321.0
1978 11 186.0
1978 12 153.0
1979 1 130.0
1979 2 53.0
1979 3 175.0
1979 4 288.0
1979 5 429.0
1979 6 555.0
1979 7 275.0
1979 8 293.0
1979 9 451.0
1979 10 290.0
1979 11 114.0
1979 12 153.0
1980 1 73.0
1980 2 169.0
1980 3 94.0
1980 4 276.0
1980 5 267.0
1980 6 389.0
1980 7 432.0
1980 8 220.0
1980 9 434.0
1980 10 336.0
1980 11 147.0
1980 12 186.0
1981 1 55.0
1981 2 68.0
1981 3 91.0
1981 4 179.0
1981 5 288.0
1981 6 1219.0
1981 7 332.0
1981 8 215.0
1981 9 297.0
1981 10 373.0
1981 11 619.0
1981 12 120.0
1982 1 36.0
1982 2 74.0
1982 3 126.0
1982 4 283.0
1982 5 219.0
1982 6 572.0
1982 7 266.0
1982 8 187.0
1982 9 323.0
1982 10 1403.0
1982 11 137.0
1982 12 115.0
1983 1 312.0
1983 2 190.0
1983 3 149.0
1983 4 673.0
1983 5 433.0
1983 6 457.0
1983 7 272.0
1983 8 510.0
1983 9 528.0
1983 10 396.0
1983 11 336.0
1983 12 121.0
1984 1 82.0
1984 2 106.0
1984 3 298.0
1984 4 457.0
1984 5 748.0
1984 6 419.0
1984 7 779.0
1984 8 685.0
1984 9 1409.0
1984 10 619.0
1984 11 404.0
1984 12 455.0
1985 1 218.0
1985 2 127.0
1985 3 353.0
1985 4 485.0
1985 5 539.0
1985 6 487.0
1985 7 371.0
1985 8 432.0
1985 9 406.0
1985 10 351.0
1985 11 334.0
1985 12 207.0
1986 1 173.0
1986 2 155.0
1986 3 446.0
1986 4 463.0
1986 5 502.0
1986 6 552.0
1986 7 533.0
1986 8 401.0
1986 9 603.0
1986 10 406.0
1986 11 325.0
1986 12 214.0
1987 1 130.0
1987 2 201.0
1987 3 336.0
1987 4 506.0
1987 5 438.0
1987 6 555.0
1987 7 477.0
1987 8 450.0
1987 9 450.0
1987 10 375.0
1987 11 367.0
1987 12 243.0
1988 1 111.0
1988 2 190.0
1988 3 346.0
1988 4 694.0
1988 5 568.0
1988 6 576.0
1988 7 422.0
1988 8 1021.0
1988 9 461.0
1988 10 358.0
1988 11 265.0
1988 12 281.0
1989 1 168.0
1989 2 128.0
1989 3 348.0
1989 4 427.0
1989 5 518.0
1989 6 433.0
1989 7 318.0
1989 8 314.0
1989 9 264.0
1989 10 279.0
1989 11 238.0
1989 12 193.0
1990 1 143.0
1990 2 147.0
1990 3 189.0
1990 4 231.0
1990 5 265.0
1990 6 261.0
1990 7 249.0
1990 8 205.0
1990 9 219.0
1990 10 232.0
1990 11 143.0
1990 12 137.0
1991 1 51.0
1991 2 64.0
1991 3 115.0
1991 4 199.0
1991 5 311.0
1991 6 207.0
1991 7 199.0
1991 8 153.0
1991 9 197.0
1991 10 190.0
1991 11 129.0
1991 12 82.0
1992 1 72.0
1992 2 122.0
1992 3 167.0
1992 4 192.0
1992 5 220.0
1992 6 239.0
1992 7 234.0
1992 8 188.0
1992 9 337.0
1992 10 159.0
1992 11 146.0
1992 12 119.0
1993 1 90.0
1993 2 84.0
1993 3 138.0
1993 4 153.0
1993 5 225.0
1993 6 240.0
1993 7 213.0
1993 8 207.0
1993 9 196.0
1993 10 200.0
1993 11 203.0
1993 12 141.0
1994 1 60.0
1994 2 86.0
1994 3 145.0
1994 4 218.0
1994 5 332.0
1994 6 285.0
1994 7 255.0
1994 8 264.0
1994 9 215.0
1994 10 209.0
1994 11 154.0
1994 12 133.0
1995 1 101.0
1995 2 94.0
1995 3 174.0
1995 4 248.0
1995 5 224.0
1995 6 216.0
1995 7 171.0
1995 8 259.0
1995 9 207.0
1995 10 260.0
1995 11 142.0
1995 12 202.0
1996 1 75.0
1996 2 94.0
1996 3 222.0
1996 4 197.0
1996 5 237.0
1996 6 250.0
1996 7 228.0
1996 8 225.0
1996 9 206.0
1996 10 186.0
1996 11 148.0
1996 12 149.0
1997 1 106.0
1997 2 56.0
1997 3 203.0
1997 4 197.0
1997 5 210.0
1997 6 201.0
1997 7 202.0
1997 8 216.0
1997 9 192.0
1997 10 143.0
1997 11 102.0
1997 12 120.0
1998 1 165.0
1998 2 81.0
1998 3 169.0
1998 4 208.0
1998 5 210.0
1998 6 285.0
1998 7 200.0
1998 8 264.0
1998 9 209.0
1998 10 199.0
1998 11 134.0
1998 12 143.0
1999 1 80.0
1999 2 103.0
1999 3 206.0
1999 4 278.0
1999 5 259.0
1999 6 437.0
1999 7 277.0
1999 8 195.0
1999 9 233.0
1999 10 169.0
1999 11 166.0
1999 12 148.0
2000 1 92.0
2000 2 99.0
2000 3 194.0
2000 4 223.0
2000 5 270.0
2000 6 298.0
2000 7 215.0
2000 8 230.0
2000 9 181.0
2000 10 189.0
2000 11 181.0
2000 12 109.0
2001 1 114.0
2001 2 117.0
2001 3 152.0
2001 4 194.0
2001 5 277.0
2001 6 249.0
2001 7 375.0
2001 8 223.0
2001 9 260.0
2001 10 225.0
2001 11 137.0
2001 12 107.0
2002 1 146.0
2002 2 101.0
2002 3 344.0
2002 4 316.0
2002 5 272.0
2002 6 280.0
2002 7 313.0
2002 8 262.0
2002 9 256.0
2002 10 257.0
2002 11 210.0
2002 12 154.0
2003 1 117.0
2003 2 119.0
2003 3 192.0
2003 4 331.0
2003 5 292.0
2003 6 289.0
2003 7 276.0
2003 8 250.0
2003 9 236.0
2003 10 284.0
2003 11 193.0
2003 12 198.0
2004 1 162.0
2004 2 99.0
2004 3 356.0
2004 4 447.0
2004 5 397.0
2004 6 425.0
2004 7 339.0
2004 8 266.0
2004 9 339.0
2004 10 249.0
2004 11 233.0
2004 12 170.0
2005 1 109.0
2005 2 113.0
2005 3 210.0
2005 4 322.0
2005 5 447.0
2005 6 337.0
2005 7 286.0
2005 8 324.0
2005 9 339.0
2005 10 230.0
2005 11 126.0
2005 12 147.0
2006 1 131.0
2006 2 149.0
2006 3 340.0
2006 4 251.0
2006 5 309.0
2006 6 311.0
2006 7 301.0
2006 8 369.0
2006 9 203.0
2006 10 204.0
2006 11 153.0
2006 12 123.0
2007 1 85.0
2007 2 92.0
2007 3 253.0
2007 4 234.0
2007 5 191.0
2007 6 182.0
2007 7 256.0
2007 8 205.0
2007 9 173.0
2007 10 133.0
2007 11 109.0
2007 12 64.0
2008 1 62.0
2008 2 58.0
2008 3 138.0
2008 4 133.0
2008 5 131.0
2008 6 199.0
2008 7 155.0
2008 8 167.0
2008 9 159.0
2008 10 70.0
2008 11 38.0
2008 12 91.0
2009 1 43.0
2009 2 17.0
2009 3 60.0
2009 4 94.0
2009 5 94.0
2009 6 149.0
2009 7 85.0
2009 8 147.0
2009 9 111.0
2009 10 176.0
2009 11 83.0
2009 12 84.0
2010 1 51.0
2010 2 370.0
2010 3 61.0
2010 4 111.0
2010 5 137.0
2010 6 90.0
2010 7 113.0
2010 8 70.0
2010 9 168.0
2010 10 108.0
2010 11 102.0
2010 12 98.0
2011 1 30.0
2011 2 110.0
2011 3 57.0
2011 4 143.0
2011 5 135.0
2011 6 85.0
2011 7 149.0
2011 8 85.0
2011 9 160.0
2011 10 80.0
2011 11 69.0
2011 12 142.0
2012 1 36.0
2012 2 55.0
2012 3 167.0
2012 4 129.0
2012 5 153.0
2012 6 148.0
2012 7 88.0
2012 8 78.0
2012 9 157.0
2012 10 166.0
2012 11 71.0
2012 12 53.0
2013 1 32.0
2013 2 149.0
2013 3 81.0
2013 4 102.0
2013 5 190.0
2013 6 212.0
2013 7 141.0
2013 8 103.0
2013 9 165.0
2013 10 144.0
2013 11 92.0
2013 12 126.0
2014 1 54.0
2014 2 44.0
2014 3 145.0
2014 4 116.0
2014 5 114.0
2014 6 158.0
2014 7 118.0
2014 8 177.0
2014 9 100.0
2014 10 98.0
2014 11 161.0
2014 12 38.0
2015 1 91.0
2015 2 132.0
2015 3 178.0
2015 4 131.0
2015 5 174.0
2015 6 182.0
2015 7 196.0
2015 8 198.0
2015 9 169.0
2015 10 130.0
2015 11 145.0
2015 12 152.0
2016 1 70.0
2016 2 50.0
2016 3 125.0
2016 4 142.0
2016 5 256.0
2016 6 247.0
2016 7 128.0
2016 8 232.0
2016 9 165.0
2016 10 167.0
2016 11 126.0
2016 12 122.0
2017 1 66.0
2017 2 56.0
2017 3 240.0
2017 4 123.0
2017 5 180.0
2017 6 213.0
2017 7 139.0
2017 8 142.0
2017 9 292.0
2017 10 131.0
2017 11 105.0
2017 12 50.0
2018 1 57.0
2018 2 72.0
2018 3 137.0
2018 4 100.0
2018 5 172.0
2018 6 153.0
2018 7 187.0
2018 8 137.0
2018 9 181.0
2018 10 286.0
2018 11 153.0
2018 12 97.0
2019 1 73.0
2019 2 134.0
2019 3 148.0
2019 4 179.0
2019 5 113.0
2019 6 118.0
2019 7 131.0
2019 8 183.0
2019 9 109.0
2019 10 145.0
2019 11 73.0
2019 12 58.0
2020 1 83.0
2020 2 102.0
2020 3 213.0
2020 4 119.0
2020 5 138.0
2020 6 234.0
2020 7 220.0
2020 8 128.0
2020 9 172.0
2020 10 128.0
2020 11 166.0
2020 12 123.0
2021 1 92.0
2021 2 97.0
2021 3 197.0
2021 4 262.0
2021 5 200.0
2021 6 188.0
2021 7 141.0
2021 8 171.0
2021 9 172.0
2021 10 198.0
2021 11 135.0
2021 12 239.0
2022 1 105.0
2022 2 119.0
2022 3 172.0
2022 4 194.0
2022 5 184.0
2022 6 232.0
2022 7 261.0
2022 8 174.0
2022 9 207.0
2022 10 117.0
2022 11 119.0
2022 12 108.0
2023 1 71.0
2023 2 84.0
2023 3 328.0
2023 4 165.0
2023 5 210.0
2023 6 229.0
2023 7 198.0
2023 8 249.0
2023 9 213.0
2023 10 329.0
2023 11 99.0
2023 12 71.0
2024 1 133.0
2024 2 168.0
2024 3 158.0
2024 4 286.0
2024 5 296.0
2024 6 196.0
2024 7 344.0
2024 8 181.0
