1963 10 40.0
1963 11 37.333333333333336
1963 12 34.666666666666664
1964 1 32.0
1964 2 29.333333333333336
1964 3 26.666666666666668
1964 4 24.0
1964 5 21.333333333333336
1964 6 18.666666666666668
1964 7 16.0
1964 8 13.333333333333336
1964 9 10.666666666666668
1964 10 8.0
1964 11 8.0
1964 12 8.0
1965 1 8.0
1965 2 8.0
1965 3 8.0
1965 4 13.142857142857142
1965 5 18.285714285714285
1965 6 23.42857142857143
1965 7 28.571428571428573
1965 8 33.714285714285715
1965 9 38.85714285714286
1965 10 44.0
1965 11 36.0
1965 12 106.0
1966 1 85.0
1966 2 64.0
1966 3 43.0
1966 4 22.0
1966 5 26.666666666666668
1966 6 31.333333333333336
1966 7 36.0
1966 8 40.66666666666667
1966 9 45.333333333333336
1966 10 50.0
1966 11 58.5
1966 12 67.0
1967 1 75.5
1967 2 84.0
1967 3 5.0
1967 4 20.0
1967 5 83.0
1967 6 146.0
1967 7 76.0
1967 8 6.0
1967 9 48.0
1967 10 44.0
1967 11 40.0
1967 12 24.0
1968 1 50.0
1968 2 76.0
1968 3 56.0
1968 4 36.0
1968 5 96.5
1968 6 157.0
1968 7 6.0
1968 8 12.0
1968 9 18.0
1968 10 24.0
1968 11 14.0
1968 12 12.666666666666666
1969 1 11.333333333333334
1969 2 10.0
1969 3 8.666666666666668
1969 4 7.333333333333334
1969 5 6.0
1969 6 75.0
1969 7 220.0
1969 8 128.0
1969 9 36.0
1969 10 28.0
1969 11 20.0
1969 12 12.0
1970 1 48.0
1970 2 36.0
1970 3 24.0
1970 4 19.0
1970 5 14.0
1970 6 170.0
1970 7 88.0
1970 8 6.0
1970 9 21.0
1970 10 36.0
1970 11 28.0
1970 12 20.0
1971 1 75.0
1971 2 6.0
1971 3 35.0
1971 4 42.0
1971 5 8.0
1971 6 6.0
1971 7 128.0
1971 8 42.0
1971 9 12.0
1971 10 54.0
1971 11 31.0
1971 12 8.0
1972 1 84.0
1972 2 24.0
1972 3 8.0
1972 4 7.0
1972 5 6.0
1972 6 44.5
1972 7 83.0
1972 8 126.0
1972 9 104.5
1972 10 83.0
1972 11 72.0
1972 12 39.0
1973 1 6.0
1973 2 35.0
1973 3 15.0
1973 4 25.0
1973 5 79.0
1973 6 87.0
1973 7 7.0
1973 8 5.0
1973 9 9.0
1973 10 69.0
1973 11 37.0
1973 12 5.0
1974 1 5.0
1974 2 8.0
1974 3 8.0
1974 4 10.428571428571429
1974 5 12.857142857142858
1974 6 15.285714285714285
1974 7 17.714285714285715
1974 8 20.142857142857142
1974 9 22.57142857142857
1974 10 25.0
1974 11 19.333333333333332
1974 12 13.666666666666666
1975 1 8.0
1975 2 24.0
1975 3 36.0
1975 4 48.0
1975 5 34.0
1975 6 20.0
1975 7 6.0
1975 8 10.5
1975 9 15.0
1975 10 22.0
1975 11 37.0
1975 12 52.0
1976 1 67.0
1976 2 82.0
1976 3 6.0
1976 4 11.0
1976 5 12.0
1976 6 40.66666666666667
1976 7 69.33333333333334
1976 8 98.0
1976 9 56.0
1976 10 14.0
1976 11 19.0
1976 12 24.0
1977 1 29.0
1977 2 40.0
1977 3 43.0
1977 4 108.0
1977 5 144.0
1977 6 101.5
1977 7 59.0
1977 8 129.0
1977 9 21.0
1977 10 45.0
1977 11 52.0
1977 12 36.666666666666664
1978 1 21.333333333333332
1978 2 6.0
1978 3 37.0
1978 4 136.0
1978 5 22.0
1978 6 131.0
1978 7 93.0
1978 8 312.0
1978 9 24.0
1978 10 77.0
1978 11 40.0
1978 12 101.0
1979 1 93.0
1979 2 12.0
1979 3 58.0
1979 4 13.0
1979 5 13.0
1979 6 305.0
1979 7 10.0
1979 8 56.0
1979 9 213.0
1979 10 75.0
1979 11 27.0
1979 12 72.0
1980 1 53.5
1980 2 35.0
1980 3 20.0
1980 4 61.0
1980 5 31.0
1980 6 207.0
1980 7 36.0
1980 8 30.0
1980 9 177.0
1980 10 169.0
1980 11 120.0
1980 12 71.0
1981 1 15.0
1981 2 10.0
1981 3 5.0
1981 4 9.5
1981 5 14.0
1981 6 1005.0
1981 7 79.0
1981 8 42.5
1981 9 6.0
1981 10 155.0
1981 11 536.0
1981 12 32.0
1982 1 39.333333333333336
1982 2 46.666666666666664
1982 3 54.0
1982 4 131.0
1982 5 12.0
1982 6 357.0
1982 7 54.0
1982 8 12.0
1982 9 124.0
1982 10 1214.0
1982 11 12.0
1982 12 8.0
1983 1 256.0
1983 2 130.0
1983 3 18.0
1983 4 505.0
1983 5 133.0
1983 6 176.0
1983 7 216.0
1983 8 256.0
1983 9 260.0
1983 10 192.0
1983 11 167.0
1983 12 27.0
1984 1 5.0
1984 2 8.0
1984 3 81.0
1984 4 98.0
1984 5 376.0
1984 6 101.0
1984 7 509.0
1984 8 442.0
1984 9 750.0
1984 10 408.0
1984 11 132.0
1984 12 324.0
1985 1 44.0
1985 2 22.0
1985 3 70.0
1985 4 116.0
1985 5 183.0
1985 6 46.0
1985 7 19.0
1985 8 42.0
1985 9 82.0
1985 10 44.0
1985 11 122.0
1985 12 31.0
1986 1 61.0
1986 2 33.0
1986 3 118.0
1986 4 38.0
1986 5 88.0
1986 6 62.0
1986 7 56.0
1986 8 58.0
1986 9 195.0
1986 10 55.0
1986 11 62.0
1986 12 34.0
1987 1 5.0
1987 2 29.0
1987 3 56.0
1987 4 29.0
1987 5 25.0
1987 6 72.0
1987 7 10.0
1987 8 36.0
1987 9 32.0
1987 10 12.0
1987 11 32.0
1987 12 41.0
1988 1 16.0
1988 2 11.0
1988 3 20.0
1988 4 226.0
1988 5 80.0
1988 6 58.0
1988 7 45.0
1988 8 613.0
1988 9 50.0
1988 10 51.0
1988 11 34.0
1988 12 46.0
1989 1 13.0
1989 2 15.0
1989 3 32.0
1989 4 60.0
1989 5 21.0
1989 6 5.0
1989 7 30.0
1989 8 36.0
1989 9 15.0
1989 10 10.0
1989 11 10.0
1989 12 41.0
1990 1 15.0
1990 2 20.0
1990 3 5.0
1990 4 16.0
1990 5 5.0
1990 6 5.0
1990 7 5.0
1990 8 11.0
1990 9 15.0
1990 10 20.0
1990 11 45.0
1990 12 70.0
1991 1 5.0
1991 2 5.0
1991 3 33.0
1991 4 5.0
1991 5 55.0
1991 6 5.0
1991 7 5.0
1991 8 11.0
1991 9 17.0
1991 10 23.0
1991 11 29.0
1991 12 5.0
1992 1 36.0
1992 2 67.0
1992 3 34.0
1992 4 11.0
1992 5 8.0
1992 6 5.0
1992 7 39.0
1992 8 10.0
1992 9 135.0
1992 10 5.0
1992 11 8.0
1992 12 11.0
1993 1 5.0
1993 2 5.0
1993 3 25.0
1993 4 5.0
1993 5 10.0
1993 6 28.0
1993 7 40.0
1993 8 15.0
1993 9 10.0
1993 10 16.0
1993 11 43.0
1993 12 40.0
1994 1 22.5
1994 2 5.0
1994 3 22.0
1994 4 5.0
1994 5 63.0
1994 6 15.0
1994 7 10.0
1994 8 10.0
1994 9 10.0
1994 10 30.0
1994 11 10.0
1994 12 10.0
1995 1 11.0
1995 2 10.0
1995 3 5.0
1995 4 5.0
1995 5 5.0
1995 6 5.0
1995 7 5.0
1995 8 51.0
1995 9 5.0
1995 10 25.0
1995 11 6.0
1995 12 55.0
1996 1 5.0
1996 2 7.5
1996 3 10.0
1996 4 5.0
1996 5 10.0
1996 6 10.0
1996 7 10.0
1996 8 34.0
1996 9 36.0
1996 10 12.0
1996 11 15.0
1996 12 56.0
1997 1 15.0
1997 2 10.0
1997 3 10.0
1997 4 35.0
1997 5 30.0
1997 6 25.0
1997 7 18.333333333333332
1997 8 11.666666666666666
1997 9 5.0
1997 10 5.0
1997 11 5.0
1997 12 11.0
1998 1 65.0
1998 2 5.0
1998 3 5.0
1998 4 19.0
1998 5 6.0
1998 6 15.0
1998 7 5.0
1998 8 67.0
1998 9 5.0
1998 10 30.0
1998 11 5.0
1998 12 13.0
1999 1 21.0
1999 2 5.0
1999 3 5.0
1999 4 34.0
1999 5 10.0
1999 6 111.0
1999 7 11.0
1999 8 22.0
1999 9 22.0
1999 10 15.0
1999 11 24.0
1999 12 20.0
2000 1 14.0
2000 2 10.0
2000 3 6.0
2000 4 7.0
2000 5 10.0
2000 6 30.0
2000 7 8.0
2000 8 5.0
2000 9 12.0
2000 10 15.0
2000 11 39.0
2000 12 5.0
2001 1 5.0
2001 2 8.0
2001 3 10.0
2001 4 10.0
2001 5 18.0
2001 6 11.0
2001 7 98.0
2001 8 5.0
2001 9 10.0
2001 10 28.0
2001 11 5.0
2001 12 5.0
2002 1 47.0
2002 2 5.0
2002 3 165.0
2002 4 10.0
2002 5 10.0
2002 6 57.0
2002 7 58.0
2002 8 15.0
2002 9 17.0
2002 10 18.0
2002 11 29.0
2002 12 19.0
2003 1 16.333333333333332
2003 2 13.666666666666668
2003 3 11.0
2003 4 11.0
2003 5 15.0
2003 6 10.0
2003 7 19.0
2003 8 27.0
2003 9 10.0
2003 10 19.0
2003 11 20.0
2003 12 41.0
2004 1 54.0
2004 2 5.0
2004 3 80.0
2004 4 58.0
2004 5 45.0
2004 6 10.0
2004 7 60.0
2004 8 20.0
2004 9 99.0
2004 10 20.0
2004 11 13.0
2004 12 6.0
2005 1 11.0
2005 2 5.0
2005 3 18.0
2005 4 19.0
2005 5 18.0
2005 6 15.5
2005 7 13.0
2005 8 5.0
2005 9 45.0
2005 10 16.0
2005 11 10.5
2005 12 5.0
2006 1 29.333333333333332
2006 2 53.666666666666664
2006 3 78.0
2006 4 15.0
2006 5 5.0
2006 6 5.0
2006 7 33.0
2006 8 29.0
2006 9 11.0
2006 10 28.0
2006 11 10.0
2006 12 7.5
2007 1 5.0
2007 2 5.0
2007 3 47.0
2007 4 36.666666666666664
2007 5 26.333333333333332
2007 6 16.0
2007 7 65.0
2007 8 5.0
2007 9 61.0
2007 10 5.0
2007 11 5.0
2007 12 5.0
2008 1 5.0
2008 2 7.5
2008 3 10.0
2008 4 5.0
2008 5 34.0
2008 6 55.0
2008 7 19.0
2008 8 5.0
2008 9 40.0
2008 10 22.5
2008 11 5.0
2008 12 36.0
2009 1 5.0
2009 2 5.0
2009 3 5.0
2009 4 5.0
2009 5 5.0
2009 6 60.0
2009 7 50.666666666666664
2009 8 41.33333333333333
2009 9 32.0
2009 10 36.0
2009 11 33.0
2009 12 37.0
2010 1 6.0
2010 2 8.5
2010 3 11.0
2010 4 13.5
2010 5 16.0
2010 6 16.0
2010 7 5.0
2010 8 5.0
2010 9 83.0
2010 10 15.0
2010 11 29.0
2010 12 16.0
2011 1 6.0
2011 2 70.0
2011 3 11.0
2011 4 10.0
2011 5 37.0
2011 6 29.0
2011 7 16.0
2011 8 5.0
2011 9 103.0
2011 10 5.0
2011 11 22.0
2011 12 92.0
2012 1 16.0
2012 2 5.0
2012 3 74.0
2012 4 5.0
2012 5 15.0
2012 6 33.0
2012 7 19.5
2012 8 6.0
2012 9 84.0
2012 10 57.0
2012 11 41.0
2012 12 5.0
2013 1 5.0
2013 2 72.0
2013 3 10.0
2013 4 7.0
2013 5 79.0
2013 6 95.0
2013 7 25.0
2013 8 30.0
2013 9 15.0
2013 10 33.0
2013 11 22.0
2013 12 57.0
2014 1 13.0
2014 2 11.0
2014 3 93.0
2014 4 18.0
2014 5 20.0
2014 6 15.0
2014 7 15.0
2014 8 74.0
2014 9 17.0
2014 10 12.0
2014 11 108.0
2014 12 8.0
2015 1 61.0
2015 2 97.0
2015 3 14.0
2015 4 38.0
2015 5 48.0
2015 6 58.0
2015 7 45.0
2015 8 78.0
2015 9 89.0
2015 10 32.0
2015 11 27.0
2015 12 62.0
2016 1 30.0
2016 2 8.0
2016 3 40.0
2016 4 10.0
2016 5 117.0
2016 6 90.0
2016 7 10.0
2016 8 82.0
2016 9 16.0
2016 10 15.0
2016 11 19.0
2016 12 61.0
2017 1 14.0
2017 2 10.0
2017 3 121.0
2017 4 15.0
2017 5 55.0
2017 6 97.0
2017 7 26.0
2017 8 16.0
2017 9 111.0
2017 10 21.0
2017 11 17.0
2017 12 12.0
2018 1 23.0
2018 2 11.0
2018 3 60.0
2018 4 15.0
2018 5 18.0
2018 6 25.0
2018 7 90.0
2018 8 15.0
2018 9 15.0
2018 10 95.0
2018 11 93.0
2018 12 39.0
2019 1 15.0
2019 2 39.0
2019 3 58.0
2019 4 73.0
2019 5 17.0
2019 6 12.0
2019 7 34.0
2019 8 29.0
2019 9 33.0
2019 10 54.0
2019 11 30.0
2019 12 36.0
2020 1 32.0
2020 2 16.0
2020 3 139.0
2020 4 58.0
2020 5 8.0
2020 6 13.0
2020 7 94.0
2020 8 10.0
2020 9 21.0
2020 10 15.0
2020 11 70.0
2020 12 27.0
2021 1 34.0
2021 2 44.0
2021 3 63.0
2021 4 83.0
2021 5 16.0
2021 6 26.0
2021 7 47.0
2021 8 35.0
2021 9 68.0
2021 10 22.0
2021 11 57.0
2021 12 186.0
2022 1 26.0
2022 2 34.0
2022 3 58.0
2022 4 45.0
2022 5 46.0
2022 6 76.0
2022 7 120.0
2022 8 28.0
2022 9 85.0
2022 10 16.0
2022 11 24.0
2022 12 33.0
2023 1 16.0
2023 2 11.0
2023 3 198.0
2023 4 20.0
2023 5 38.0
2023 6 72.0
2023 7 85.0
2023 8 112.0
2023 9 96.0
2023 10 207.0
2023 11 5.0
2023 12 12.0
2024 1 25.0
2024 2 79.0
2024 3 53.0
2024 4 114.0
2024 5 116.0
2024 6 56.0
2024 7 195.0
2024 8 12.0
