1960 5 2.0
1960 6 2.0
1960 7 2.0
1960 8 2.0
1960 9 2.0
1960 10 2.0
1960 11 2.0833333333333335
1960 12 2.1666666666666665
1961 1 2.25
1961 2 2.3333333333333335
1961 3 2.4166666666666665
1961 4 2.5
1961 5 2.583333333333333
1961 6 2.6666666666666665
1961 7 2.75
1961 8 2.833333333333333
1961 9 2.9166666666666665
1961 10 3.0
1961 11 3.25
1961 12 3.5
1962 1 3.75
1962 2 4.0
1962 3 4.25
1962 4 4.5
1962 5 4.75
1962 6 5.0
1962 7 5.25
1962 8 5.5
1962 9 5.75
1962 10 6.0
1962 11 4.666666666666667
1962 12 3.3333333333333335
1963 1 2.0
1963 2 2.0
1963 3 4.0
1963 4 6.0
1963 5 5.333333333333333
1963 6 4.666666666666667
1963 7 4.0
1963 8 3.3333333333333335
1963 9 2.666666666666667
1963 10 2.0
1963 11 2.2857142857142856
1963 12 2.571428571428571
1964 1 2.857142857142857
1964 2 3.142857142857143
1964 3 3.4285714285714284
1964 4 3.7142857142857144
1964 5 4.0
1964 6 3.0
1964 7 2.0
1964 8 3.5
1964 9 5.0
1964 10 4.5
1964 11 4.0
1964 12 3.0
1965 1 2.0
1965 2 3.333333333333333
1965 3 4.666666666666666
1965 4 6.0
1965 5 6.0
1965 6 6.0
1965 7 4.0
1965 8 4.0
1965 9 5.333333333333333
1965 10 6.666666666666666
1965 11 8.0
1965 12 5.0
1966 1 4.0
1966 2 3.0
1966 3 2.0
1966 4 3.0
1966 5 6.0
1966 6 4.0
1966 7 4.0
1966 8 3.0
1966 9 2.0
1966 10 4.0
1966 11 6.0
1966 12 4.0
1967 1 4.0
1967 2 3.0
1967 3 2.0
1967 4 5.0
1967 5 4.0
1967 6 3.0
1967 7 3.5
1967 8 4.0
1967 9 4.0
1967 10 8.0
1967 11 5.0
1967 12 2.0
1968 1 2.0
1968 2 2.0
1968 3 2.0
1968 4 8.0
1968 5 5.0
1968 6 4.0
1968 7 2.0
1968 8 9.0
1968 9 8.0
1968 10 6.0
1968 11 16.0
1968 12 4.0
1969 1 3.0
1969 2 2.0
1969 3 2.0
1969 4 2.0
1969 5 3.0
1969 6 4.0
1969 7 4.0
1969 8 4.0
1969 9 2.0
1969 10 5.0
1969 11 16.0
1969 12 12.0
1970 1 8.0
1970 2 4.0
1970 3 7.0
1970 4 10.0
1970 5 14.0
1970 6 4.0
1970 7 14.0
1970 8 2.0
1970 9 14.0
1970 10 4.0
1970 11 18.0
1970 12 10.0
1971 1 8.0
1971 2 4.0
1971 3 54.0
1971 4 8.0
1971 5 8.0
1971 6 15.0
1971 7 8.0
1971 8 8.0
1971 9 12.0
1971 10 10.0
1971 11 10.0
1971 12 4.0
1972 1 2.0
1972 2 8.0
1972 3 9.0
1972 4 10.0
1972 5 40.0
1972 6 12.0
1972 7 6.0
1972 8 6.0
1972 9 10.0
1972 10 4.0
1972 11 8.0
1972 12 2.0
1973 1 15.0
1973 2 7.0
1973 3 10.0
1973 4 14.0
1973 5 10.0
1973 6 20.0
1973 7 25.0
1973 8 8.0
1973 9 10.0
1973 10 10.0
1973 11 5.0
1973 12 7.0
1974 1 9.0
1974 2 9.5
1974 3 10.0
1974 4 13.0
1974 5 16.0
1974 6 19.0
1974 7 22.0
1974 8 2.0
1974 9 82.0
1974 10 44.0
1974 11 6.0
1974 12 4.0
1975 1 6.0
1975 2 9.5
1975 3 13.0
1975 4 16.5
1975 5 20.0
1975 6 6.0
1975 7 2.0
1975 8 2.0
1975 9 12.0
1975 10 14.0
1975 11 20.0
1975 12 6.0
1976 1 5.0
1976 2 4.0
1976 3 3.0
1976 4 2.5
1976 5 2.0
1976 6 4.0
1976 7 10.0
1976 8 18.0
1976 9 6.0
1976 10 4.0
1976 11 6.0
1976 12 2.0
1977 1 2.5
1977 2 3.0
1977 3 16.0
1977 4 24.0
1977 5 14.0
1977 6 4.0
1977 7 11.0
1977 8 14.0
1977 9 19.0
1977 10 7.0
1977 11 13.0
1977 12 4.0
1978 1 4.666666666666667
1978 2 5.333333333333333
1978 3 6.0
1978 4 66.0
1978 5 132.0
1978 6 90.0
1978 7 106.0
1978 8 26.0
1978 9 12.0
1978 10 30.0
1978 11 6.0
1978 12 4.0
1979 1 4.0
1979 2 2.0
1979 3 24.0
1979 4 58.0
1979 5 52.0
1979 6 24.0
1979 7 32.0
1979 8 10.0
1979 9 12.0
1979 10 8.0
1979 11 8.0
1979 12 12.0
1980 1 16.0
1980 2 6.0
1980 3 6.0
1980 4 14.0
1980 5 22.0
1980 6 10.0
1980 7 10.0
1980 8 6.0
1980 9 50.0
1980 10 10.0
1980 11 38.0
1980 12 22.0
1981 1 6.0
1981 2 12.0
1981 3 18.0
1981 4 18.0
1981 5 40.0
1981 6 28.0
1981 7 30.0
1981 8 65.0
1981 9 40.0
1981 10 34.0
1981 11 2.0
1981 12 26.0
1982 1 18.5
1982 2 11.0
1982 3 2.0
1982 4 10.0
1982 5 22.0
1982 6 4.0
1982 7 2.0
1982 8 5.0
1982 9 46.0
1982 10 6.0
1982 11 5.0
1982 12 28.0
1983 1 4.0
1983 2 6.0
1983 3 8.0
1983 4 18.0
1983 5 35.0
1983 6 10.0
1983 7 51.0
1983 8 10.0
1983 9 27.0
1983 10 16.0
1983 11 12.0
1983 12 6.0
1984 1 9.0
1984 2 13.0
1984 3 27.0
1984 4 24.0
1984 5 14.0
1984 6 50.0
1984 7 52.0
1984 8 6.0
1984 9 250.0
1984 10 4.0
1984 11 77.0
1984 12 18.0
1985 1 54.0
1985 2 6.0
1985 3 67.0
1985 4 43.0
1985 5 10.0
1985 6 77.0
1985 7 29.0
1985 8 56.0
1985 9 22.0
1985 10 27.0
1985 11 14.0
1985 12 48.0
1986 1 13.0
1986 2 10.0
1986 3 68.0
1986 4 56.0
1986 5 29.0
1986 6 95.0
1986 7 36.0
1986 8 14.0
1986 9 40.0
1986 10 47.0
1986 11 36.0
1986 12 12.0
1987 1 12.0
1987 2 15.0
1987 3 21.0
1987 4 58.0
1987 5 22.0
1987 6 10.0
1987 7 19.0
1987 8 49.0
1987 9 21.0
1987 10 20.0
1987 11 10.0
1987 12 20.0
1988 1 7.0
1988 2 7.0
1988 3 19.0
1988 4 49.0
1988 5 56.0
1988 6 86.0
1988 7 73.0
1988 8 13.0
1988 9 13.0
1988 10 11.0
1988 11 33.0
1988 12 10.0
1989 1 13.0
1989 2 5.0
1989 3 11.0
1989 4 38.0
1989 5 98.0
1989 6 11.0
1989 7 24.0
1989 8 31.0
1989 9 2.0
1989 10 14.0
1989 11 13.0
1989 12 14.0
1990 1 4.0
1990 2 8.0
1990 3 8.5
1990 4 9.0
1990 5 9.0
1990 6 34.0
1990 7 15.0
1990 8 7.0
1990 9 19.0
1990 10 12.0
1990 11 5.0
1990 12 8.0
1991 1 4.0
1991 2 2.0
1991 3 3.0
1991 4 8.0
1991 5 3.0
1991 6 2.6666666666666665
1991 7 2.3333333333333335
1991 8 2.0
1991 9 2.0
1991 10 3.5
1991 11 5.0
1991 12 4.0
1992 1 2.0
1992 2 3.5
1992 3 5.0
1992 4 2.0
1992 5 2.0
1992 6 10.0
1992 7 8.0
1992 8 10.0
1992 9 10.0
1992 10 5.0
1992 11 6.5
1992 12 8.0
1993 1 2.0
1993 2 2.0
1993 3 2.0
1993 4 15.0
1993 5 6.0
1993 6 7.0
1993 7 9.0
1993 8 12.0
1993 9 3.0
1993 10 13.0
1993 11 9.0
1993 12 7.0
1994 1 2.0
1994 2 13.5
1994 3 25.0
1994 4 16.0
1994 5 8.0
1994 6 6.0
1994 7 12.0
1994 8 22.0
1994 9 7.0
1994 10 13.0
1994 11 12.0
1994 12 3.0
1995 1 22.0
1995 2 13.5
1995 3 5.0
1995 4 47.0
1995 5 5.0
1995 6 8.0
1995 7 3.0
1995 8 10.0
1995 9 5.0
1995 10 5.0
1995 11 14.0
1995 12 30.0
1996 1 2.0
1996 2 2.0
1996 3 13.0
1996 4 6.0
1996 5 9.0
1996 6 3.0
1996 7 30.0
1996 8 4.0
1996 9 3.0
1996 10 7.0
1996 11 4.0
1996 12 2.0
1997 1 33.0
1997 2 50.5
1997 3 68.0
1997 4 3.0
1997 5 11.0
1997 6 7.0
1997 7 6.0
1997 8 2.0
1997 9 7.0
1997 10 4.0
1997 11 4.0
1997 12 5.0
1998 1 4.0
1998 2 7.0
1998 3 12.0
1998 4 2.0
1998 5 4.0
1998 6 14.0
1998 7 12.0
1998 8 6.0
1998 9 19.0
1998 10 4.0
1998 11 7.0
1998 12 9.0
1999 1 2.0
1999 2 2.0
1999 3 32.0
1999 4 4.0
1999 5 10.0
1999 6 8.0
1999 7 12.0
1999 8 6.0
1999 9 7.0
1999 10 11.0
1999 11 9.0
1999 12 7.0
2000 1 4.0
2000 2 4.0
2000 3 4.0
2000 4 13.0
2000 5 7.0
2000 6 10.0
2000 7 7.0
2000 8 8.0
2000 9 4.0
2000 10 9.0
2000 11 5.0
2000 12 2.0
2001 1 7.0
2001 2 2.0
2001 3 12.0
2001 4 5.0
2001 5 4.0
2001 6 12.0
2001 7 36.0
2001 8 9.0
2001 9 15.0
2001 10 9.0
2001 11 4.0
2001 12 14.0
2002 1 5.0
2002 2 6.0
2002 3 13.0
2002 4 36.0
2002 5 11.0
2002 6 14.0
2002 7 10.0
2002 8 17.0
2002 9 11.0
2002 10 40.0
2002 11 10.0
2002 12 12.0
2003 1 4.0
2003 2 4.0
2003 3 13.0
2003 4 20.0
2003 5 20.0
2003 6 12.0
2003 7 25.0
2003 8 16.0
2003 9 27.0
2003 10 16.0
2003 11 25.0
2003 12 26.0
2004 1 4.0
2004 2 9.0
2004 3 13.0
2004 4 80.0
2004 5 63.0
2004 6 34.0
2004 7 22.0
2004 8 20.0
2004 9 22.0
2004 10 24.0
2004 11 46.0
2004 12 16.0
2005 1 11.0
2005 2 8.0
2005 3 19.0
2005 4 29.0
2005 5 29.0
2005 6 41.0
2005 7 22.0
2005 8 22.0
2005 9 32.0
2005 10 18.0
2005 11 19.0
2005 12 12.0
2006 1 15.0
2006 2 31.0
2006 3 17.0
2006 4 17.0
2006 5 19.0
2006 6 17.0
2006 7 35.0
2006 8 24.0
2006 9 13.0
2006 10 11.0
2006 11 14.0
2006 12 47.0
2007 1 4.0
2007 2 11.0
2007 3 14.0
2007 4 23.0
2007 5 6.0
2007 6 4.0
2007 7 10.0
2007 8 19.0
2007 9 12.0
2007 10 5.0
2007 11 20.0
2007 12 6.0
2008 1 4.0
2008 2 2.0
2008 3 6.0
2008 4 16.0
2008 5 4.0
2008 6 10.0
2008 7 2.0
2008 8 24.0
2008 9 6.0
2008 10 5.5
2008 11 5.0
2008 12 4.5
2009 1 4.0
2009 2 3.5
2009 3 3.0
2009 4 9.0
2009 5 7.0
2009 6 4.0
2009 7 8.0
2009 8 2.0
2009 9 6.0
2009 10 2.0
2009 11 9.0
2009 12 2.0
2010 1 4.0
2010 2 6.0
2010 3 4.0
2010 4 4.0
2010 5 5.0
2010 6 3.0
2010 7 6.0
2010 8 2.0
2010 9 7.0
2010 10 5.0
2010 11 2.0
2010 12 9.0
2011 1 5.0
2011 2 4.0
2011 3 4.0
2011 4 4.5
2011 5 5.0
2011 6 12.0
2011 7 16.0
2011 8 2.0
2011 9 3.0
2011 10 4.0
2011 11 5.0
2011 12 4.0
2012 1 2.0
2012 2 4.0
2012 3 6.0
2012 4 8.0
2012 5 9.0
2012 6 4.0
2012 7 2.0
2012 8 6.0
2012 9 2.0
2012 10 2.0
2012 11 8.0
2012 12 14.0
2013 1 9.0
2013 2 4.0
2013 3 7.0
2013 4 34.0
2013 5 6.0
2013 6 13.0
2013 7 16.0
2013 8 10.0
2013 9 9.0
2013 10 5.0
2013 11 3.0
2013 12 3.5
2014 1 4.0
2014 2 2.0
2014 3 5.0
2014 4 21.0
2014 5 4.0
2014 6 16.0
2014 7 8.0
2014 8 10.0
2014 9 5.0
2014 10 9.0
2014 11 8.0
2014 12 4.0
2015 1 6.0
2015 2 5.0
2015 3 6.0
2015 4 8.0
2015 5 10.0
2015 6 4.0
2015 7 6.0
2015 8 17.0
2015 9 16.0
2015 10 12.0
2015 11 15.0
2015 12 3.0
2016 1 10.0
2016 2 3.0
2016 3 28.0
2016 4 10.0
2016 5 10.0
2016 6 6.0
2016 7 5.0
2016 8 14.0
2016 9 2.0
2016 10 2.0
2016 11 2.0
2016 12 5.0
2017 1 3.0
2017 2 7.0
2017 3 9.0
2017 4 12.0
2017 5 12.0
2017 6 10.0
2017 7 4.0
2017 8 8.0
2017 9 6.0
2017 10 9.0
2017 11 2.0
2017 12 9.0
2018 1 4.0
2018 2 3.0
2018 3 16.0
2018 4 4.0
2018 5 4.0
2018 6 2.0
2018 7 2.0
2018 8 2.0
2018 9 33.5
2018 10 65.0
2018 11 35.5
2018 12 6.0
2019 1 11.0
2019 2 2.0
2019 3 9.0
2019 4 5.0
2019 5 6.0
2019 6 16.0
2019 7 8.0
2019 8 23.0
2019 9 5.0
2019 10 31.0
2019 11 16.5
2019 12 2.0
2020 1 4.0
2020 2 6.0
2020 3 8.0
2020 4 5.0
2020 5 2.0
2020 6 6.0
2020 7 4.0
2020 8 5.0
2020 9 9.0
2020 10 7.0
2020 11 12.0
2020 12 9.0
2021 1 6.0
2021 2 4.0
2021 3 12.0
2021 4 26.0
2021 5 12.0
2021 6 7.0
2021 7 9.0
2021 8 4.0
2021 9 4.0
2021 10 6.0
2021 11 4.0
2021 12 4.0
2022 1 3.0
2022 2 4.0
2022 3 5.0
2022 4 6.0
2022 5 8.0
2022 6 8.0
2022 7 6.0
2022 8 8.0
2022 9 6.0
2022 10 4.0
2022 11 8.0
2022 12 15.0
2023 1 4.0
2023 2 28.0
2023 3 21.0
2023 4 8.0
2023 5 15.0
2023 6 16.0
2023 7 14.0
2023 8 14.0
2023 9 7.0
2023 10 17.0
2023 11 10.0
2023 12 6.0
2024 1 9.0
2024 2 7.0
2024 3 17.0
2024 4 17.0
2024 5 30.0
2024 6 15.0
2024 7 20.0
2024 8 37.0
