1960 5 3124.0
1960 6 2469.0
1960 7 2159.0
1960 8 2438.0
1960 9 2331.0
1960 10 2085.0
1960 11 1828.0
1960 12 1180.0
1961 1 1329.0
1961 2 1469.0
1961 3 2904.0
1961 4 2191.0
1961 5 3294.0
1961 6 2647.0
1961 7 2158.0
1961 8 2786.0
1961 9 2845.0
1961 10 2975.0
1961 11 2394.0
1961 12 1393.0
1962 1 2222.0
1962 2 1990.0
1962 3 3792.0
1962 4 3097.0
1962 5 4203.0
1962 6 2755.0
1962 7 4563.0
1962 8 3245.0
1962 9 3155.0
1962 10 3288.0
1962 11 2967.0
1962 12 2600.0
1963 1 2106.0
1963 2 2417.0
1963 3 3399.0
1963 4 4182.0
1963 5 4093.0
1963 6 3052.0
1963 7 4357.0
1963 8 3097.0
1963 9 3686.0
1963 10 4217.0
1963 11 3018.0
1963 12 2103.0
1964 1 2812.0
1964 2 2203.0
1964 3 4939.0
1964 4 4605.0
1964 5 4474.0
1964 6 4546.0
1964 7 3406.0
1964 8 4804.0
1964 9 3604.0
1964 10 3171.0
1964 11 2706.0
1964 12 2394.0
1965 1 3081.0
1965 2 3480.0
1965 3 4670.0
1965 4 4717.0
1965 5 3861.0
1965 6 4546.0
1965 7 3481.0
1965 8 3988.0
1965 9 3244.0
1965 10 4764.0
1965 11 3061.0
1965 12 3800.0
1966 1 3599.0
1966 2 2607.0
1966 3 4110.0
1966 4 5083.0
1966 5 2751.0
1966 6 2897.0
1966 7 1926.0
1966 8 2546.0
1966 9 1812.0
1966 10 963.0
1966 11 1244.0
1966 12 1563.0
1967 1 1925.0
1967 2 1701.0
1967 3 3225.0
1967 4 2888.0
1967 5 2656.0
1967 6 3086.0
1967 7 2313.0
1967 8 3217.0
1967 9 3086.0
1967 10 3625.0
1967 11 2609.0
1967 12 2506.0
1968 1 2287.0
1968 2 2426.0
1968 3 3624.0
1968 4 4242.0
1968 5 3180.0
1968 6 4195.0
1968 7 2964.0
1968 8 3453.0
1968 9 4069.0
1968 10 4350.0
1968 11 2465.0
1968 12 2944.0
1969 1 2773.0
1969 2 2486.0
1969 3 4353.0
1969 4 4774.0
1969 5 4763.0
1969 6 3578.0
1969 7 2313.0
1969 8 2505.0
1969 9 3099.0
1969 10 3075.0
1969 11 2045.0
1969 12 2048.0
1970 1 2257.0
1970 2 1462.0
1970 3 3494.0
1970 4 3329.0
1970 5 4904.0
1970 6 4789.0
1970 7 3110.0
1970 8 3119.0
1970 9 5150.0
1970 10 4985.0
1970 11 2677.0
1970 12 3807.0
1971 1 4629.0
1971 2 2892.0
1971 3 6288.0
1971 4 6905.0
1971 5 7094.0
1971 6 8423.0
1971 7 6202.0
1971 8 5841.0
1971 9 6715.0
1971 10 5248.0
1971 11 5228.0
1971 12 4960.0
1972 1 5884.0
1972 2 4759.0
1972 3 8877.0
1972 4 6712.0
1972 5 8943.0
1972 6 7392.0
1972 7 7878.0
1972 8 5939.0
1972 9 5269.0
1972 10 7141.0
1972 11 6114.0
1972 12 5574.0
1973 1 6776.0
1973 2 5304.0
1973 3 7112.0
1973 4 7359.0
1973 5 6722.0
1973 6 7633.0
1973 7 4961.0
1973 8 6430.0
1973 9 8388.0
1973 10 4840.0
1973 11 4447.0
1973 12 2854.0
1974 1 4281.0
1974 2 4117.0
1974 3 4363.0
1974 4 4476.0
1974 5 3897.0
1974 6 3457.0
1974 7 5550.0
1974 8 2896.0
1974 9 2431.0
1974 10 2373.0
1974 11 1744.0
1974 12 1349.0
1975 1 1876.0
1975 2 2034.0
1975 3 2103.0
1975 4 3281.0
1975 5 2956.0
1975 6 3586.0
1975 7 3142.0
1975 8 3010.0
1975 9 3119.0
1975 10 3621.0
1975 11 3097.0
1975 12 2420.0
1976 1 2003.0
1976 2 3416.0
1976 3 3919.0
1976 4 3765.0
1976 5 3822.0
1976 6 3543.0
1976 7 3800.0
1976 8 3531.0
1976 9 3731.0
1976 10 3105.0
1976 11 3509.0
1976 12 2322.0
1977 1 1876.0
1977 2 3495.0
1977 3 6375.0
1977 4 6413.0
1977 5 5610.0
1977 6 7394.0
1977 7 5622.0
1977 8 7085.0
1977 9 4270.0
1977 10 5016.0
1977 11 4103.0
1977 12 3786.0
1978 1 2195.0
1978 2 3051.0
1978 3 5449.0
1978 4 5398.0
1978 5 5017.0
1978 6 5205.0
1978 7 4801.0
1978 8 4901.0
1978 9 3892.0
1978 10 5058.0
1978 11 3352.0
1978 12 2585.0
1979 1 1942.0
1979 2 2066.0
1979 3 3963.0
1979 4 4571.0
1979 5 5046.0
1979 6 4437.0
1979 7 5208.0
1979 8 4439.0
1979 9 3974.0
1979 10 4076.0
1979 11 2631.0
1979 12 2206.0
1980 1 1875.0
1980 2 2013.0
1980 3 2277.0
1980 4 3054.0
1980 5 2609.0
1980 6 3151.0
1980 7 3119.0
1980 8 3739.0
1980 9 5072.0
1980 10 4220.0
1980 11 3329.0
1980 12 2424.0
1981 1 1638.0
1981 2 3005.0
1981 3 3356.0
1981 4 3459.0
1981 5 3016.0
1981 6 2632.0
1981 7 2457.0
1981 8 2212.0
1981 9 3160.0
1981 10 2143.0
1981 11 1751.0
1981 12 1380.0
1982 1 1210.0
1982 2 1346.0
1982 3 2522.0
1982 4 3179.0
1982 5 2241.0
1982 6 2358.0
1982 7 2890.0
1982 8 2281.0
1982 9 2956.0
1982 10 2941.0
1982 11 3020.0
1982 12 2814.0
1983 1 2850.0
1983 2 2597.0
1983 3 4662.0
1983 4 4372.0
1983 5 5018.0
1983 6 5961.0
1983 7 4679.0
1983 8 5210.0
1983 9 5470.0
1983 10 4274.0
1983 11 5932.0
1983 12 3419.0
1984 1 3362.0
1984 2 4331.0
1984 3 4998.0
1984 4 5328.0
1984 5 5828.0
1984 6 6415.0
1984 7 4482.0
1984 8 4684.0
1984 9 5513.0
1984 10 4503.0
1984 11 6489.0
1984 12 4835.0
1985 1 4090.0
1985 2 3769.0
1985 3 5688.0
1985 4 5703.0
1985 5 5462.0
1985 6 5150.0
1985 7 6084.0
1985 8 5560.0
1985 9 6108.0
1985 10 6086.0
1985 11 4879.0
1985 12 5481.0
1986 1 6062.0
1986 2 3824.0
1986 3 7211.0
1986 4 7901.0
1986 5 7017.0
1986 6 10405.0
1986 7 5575.0
1986 8 5922.0
1986 9 4375.0
1986 10 4450.0
1986 11 4260.0
1986 12 4722.0
1987 1 3746.0
1987 2 3920.0
1987 3 7575.0
1987 4 7129.0
1987 5 5009.0
1987 6 6768.0
1987 7 5955.0
1987 8 6048.0
1987 9 5970.0
1987 10 5470.0
1987 11 4428.0
1987 12 3985.0
1988 1 2793.0
1988 2 5301.0
1988 3 7580.0
1988 4 5647.0
1988 5 6313.0
1988 6 5915.0
1988 7 5314.0
1988 8 6358.0
1988 9 6040.0
1988 10 5803.0
1988 11 4994.0
1988 12 4790.0
1989 1 4464.0
1989 2 4379.0
1989 3 4943.0
1989 4 5104.0
1989 5 5085.0
1989 6 6882.0
1989 7 3905.0
1989 8 5902.0
1989 9 4601.0
1989 10 4103.0
1989 11 3694.0
1989 12 4382.0
1990 1 4383.0
1990 2 3533.0
1990 3 4790.0
1990 4 3692.0
1990 5 3449.0
1990 6 4250.0
1990 7 3303.0
1990 8 2973.0
1990 9 2843.0
1990 10 2961.0
1990 11 2742.0
1990 12 1661.0
1991 1 1710.0
1991 2 1766.0
1991 3 3263.0
1991 4 3412.0
1991 5 3508.0
1991 6 3169.0
1991 7 3241.0
1991 8 3074.0
1991 9 2687.0
1991 10 2727.0
1991 11 2376.0
1991 12 2238.0
1992 1 2856.0
1992 2 2714.0
1992 3 4281.0
1992 4 3828.0
1992 5 3308.0
1992 6 3728.0
1992 7 3504.0
1992 8 3638.0
1992 9 3399.0
1992 10 3309.0
1992 11 2680.0
1992 12 2947.0
1993 1 2800.0
1993 2 3193.0
1993 3 3747.0
1993 4 3883.0
1993 5 4023.0
1993 6 4285.0
1993 7 4112.0
1993 8 4625.0
1993 9 3854.0
1993 10 3859.0
1993 11 3794.0
1993 12 3371.0
1994 1 3146.0
1994 2 3177.0
1994 3 4368.0
1994 4 4530.0
1994 5 4667.0
1994 6 5054.0
1994 7 3795.0
1994 8 4014.0
1994 9 4784.0
1994 10 3616.0
1994 11 3036.0
1994 12 2968.0
1995 1 2632.0
1995 2 2738.0
1995 3 5309.0
1995 4 3594.0
1995 5 3343.0
1995 6 3798.0
1995 7 3324.0
1995 8 4478.0
1995 9 3760.0
1995 10 4284.0
1995 11 3251.0
1995 12 3016.0
1996 1 2500.0
1996 2 2789.0
1996 3 3726.0
1996 4 4724.0
1996 5 4892.0
1996 6 4974.0
1996 7 3982.0
1996 8 4690.0
1996 9 3082.0
1996 10 4276.0
1996 11 2757.0
1996 12 2957.0
1997 1 3209.0
1997 2 3040.0
1997 3 3738.0
1997 4 4214.0
1997 5 3972.0
1997 6 4052.0
1997 7 4692.0
1997 8 4360.0
1997 9 3838.0
1997 10 4058.0
1997 11 3061.0
1997 12 3401.0
1998 1 2721.0
1998 2 3395.0
1998 3 4568.0
1998 4 4448.0
1998 5 3478.0
1998 6 4855.0
1998 7 4624.0
1998 8 4303.0
1998 9 4725.0
1998 10 4818.0
1998 11 3672.0
1998 12 3980.0
1999 1 3932.0
1999 2 3789.0
1999 3 5230.0
1999 4 4967.0
1999 5 4617.0
1999 6 5087.0
1999 7 4423.0
1999 8 4427.0
1999 9 4014.0
1999 10 4435.0
1999 11 3545.0
1999 12 3751.0
2000 1 3507.0
2000 2 3890.0
2000 3 5046.0
2000 4 3996.0
2000 5 4138.0
2000 6 4534.0
2000 7 4217.0
2000 8 4134.0
2000 9 3721.0
2000 10 4198.0
2000 11 3671.0
2000 12 2982.0
2001 1 3535.0
2001 2 4757.0
2001 3 5323.0
2001 4 5089.0
2001 5 4251.0
2001 6 4584.0
2001 7 3824.0
2001 8 4072.0
2001 9 3644.0
2001 10 4217.0
2001 11 4147.0
2001 12 3300.0
2002 1 3973.0
2002 2 4070.0
2002 3 6298.0
2002 4 4843.0
2002 5 5184.0
2002 6 5145.0
2002 7 5442.0
2002 8 5041.0
2002 9 4555.0
2002 10 5249.0
2002 11 4010.0
2002 12 5003.0
2003 1 4336.0
2003 2 4451.0
2003 3 4491.0
2003 4 5111.0
2003 5 4559.0
2003 6 6131.0
2003 7 4596.0
2003 8 5285.0
2003 9 4349.0
2003 10 5294.0
2003 11 3622.0
2003 12 5153.0
2004 1 4389.0
2004 2 4431.0
2004 3 6111.0
2004 4 5925.0
2004 5 5279.0
2004 6 6033.0
2004 7 5649.0
2004 8 4981.0
2004 9 5495.0
2004 10 5333.0
2004 11 3966.0
2004 12 4370.0
2005 1 3850.0
2005 2 4262.0
2005 3 5348.0
2005 4 5047.0
2005 5 5261.0
2005 6 7165.0
2005 7 5208.0
2005 8 5685.0
2005 9 4408.0
2005 10 4949.0
2005 11 4103.0
2005 12 4243.0
2006 1 4349.0
2006 2 4146.0
2006 3 5311.0
2006 4 4266.0
2006 5 4772.0
2006 6 4081.0
2006 7 3505.0
2006 8 3611.0
2006 9 3241.0
2006 10 3862.0
2006 11 2858.0
2006 12 2378.0
2007 1 2865.0
2007 2 3071.0
2007 3 3710.0
2007 4 3373.0
2007 5 4119.0
2007 6 3312.0
2007 7 3421.0
2007 8 3012.0
2007 9 1919.0
2007 10 2625.0
2007 11 1977.0
2007 12 2956.0
2008 1 2920.0
2008 2 2427.0
2008 3 2900.0
2008 4 2375.0
2008 5 2270.0
2008 6 2699.0
2008 7 2431.0
2008 8 2166.0
2008 9 1711.0
2008 10 2240.0
2008 11 1014.0
2008 12 1779.0
2009 1 992.0
2009 2 2238.0
2009 3 1434.0
2009 4 1925.0
2009 5 1995.0
2009 6 1869.0
2009 7 2125.0
2009 8 1813.0
2009 9 1468.0
2009 10 1441.0
2009 11 1683.0
2009 12 1599.0
2010 1 1429.0
2010 2 1291.0
2010 3 2473.0
2010 4 2081.0
2010 5 1647.0
2010 6 1967.0
2010 7 2224.0
2010 8 1871.0
2010 9 1984.0
2010 10 1397.0
2010 11 1265.0
2010 12 936.0
2011 1 1677.0
2011 2 1634.0
2011 3 2526.0
2011 4 1516.0
2011 5 1951.0
2011 6 1991.0
2011 7 2729.0
2011 8 1876.0
2011 9 1558.0
2011 10 1359.0
2011 11 1369.0
2011 12 1544.0
2012 1 1691.0
2012 2 2709.0
2012 3 2172.0
2012 4 2018.0
2012 5 2543.0
2012 6 2296.0
2012 7 2497.0
2012 8 2241.0
2012 9 1915.0
2012 10 2031.0
2012 11 2571.0
2012 12 2245.0
2013 1 2501.0
2013 2 1972.0
2013 3 2465.0
2013 4 2656.0
2013 5 2917.0
2013 6 2688.0
2013 7 2904.0
2013 8 2488.0
2013 9 2675.0
2013 10 1852.0
2013 11 1990.0
2013 12 1871.0
2014 1 1637.0
2014 2 2641.0
2014 3 2008.0
2014 4 2268.0
2014 5 2383.0
2014 6 3078.0
2014 7 2779.0
2014 8 2125.0
2014 9 2442.0
2014 10 2812.0
2014 11 1831.0
2014 12 2253.0
2015 1 2070.0
2015 2 1443.0
2015 3 3002.0
2015 4 3607.0
2015 5 1816.0
2015 6 3249.0
2015 7 3415.0
2015 8 2803.0
2015 9 2578.0
2015 10 2738.0
2015 11 2280.0
2015 12 2235.0
2016 1 2257.0
2016 2 1466.0
2016 3 2812.0
2016 4 2997.0
2016 5 2675.0
2016 6 2608.0
2016 7 2459.0
2016 8 2971.0
2016 9 2605.0
2016 10 1709.0
2016 11 2210.0
2016 12 2224.0
2017 1 2282.0
2017 2 1890.0
2017 3 3072.0
2017 4 2421.0
2017 5 2510.0
2017 6 3445.0
2017 7 2669.0
2017 8 2786.0
2017 9 2706.0
2017 10 2950.0
2017 11 2936.0
2017 12 1906.0
2018 1 2437.0
2018 2 3048.0
2018 3 2914.0
2018 4 2909.0
2018 5 2432.0
2018 6 2886.0
2018 7 2956.0
2018 8 2214.0
2018 9 3306.0
2018 10 2415.0
2018 11 2073.0
2018 12 1665.0
2019 1 2859.0
2019 2 2610.0
2019 3 2496.0
2019 4 3186.0
2019 5 2761.0
2019 6 2918.0
2019 7 3263.0
2019 8 3703.0
2019 9 2403.0
2019 10 1933.0
2019 11 2170.0
2019 12 2468.0
2020 1 2671.0
2020 2 2573.0
2020 3 2632.0
2020 4 2635.0
2020 5 3233.0
2020 6 3034.0
2020 7 4380.0
2020 8 2260.0
2020 9 3028.0
2020 10 2288.0
2020 11 2521.0
2020 12 2612.0
2021 1 3294.0
2021 2 2789.0
2021 3 4361.0
2021 4 4116.0
2021 5 3125.0
2021 6 3558.0
2021 7 2973.0
2021 8 3265.0
2021 9 3078.0
2021 10 2451.0
2021 11 3373.0
2021 12 3329.0
2022 1 2714.0
2022 2 2873.0
2022 3 5047.0
2022 4 3435.0
2022 5 4004.0
2022 6 3463.0
2022 7 3556.0
2022 8 3245.0
2022 9 2883.0
2022 10 3198.0
2022 11 2000.0
2022 12 2696.0
2023 1 3272.0
2023 2 2642.0
2023 3 3308.0
2023 4 2657.0
2023 5 3161.0
2023 6 3252.0
2023 7 2561.0
2023 8 3386.0
2023 9 2655.0
2023 10 3304.0
2023 11 2673.0
2023 12 3085.0
2024 1 3038.0
2024 2 3141.0
2024 3 2592.0
2024 4 2386.0
2024 5 3364.0
2024 6 2677.0
2024 7 3217.0
2024 8 3166.0
