1960 5 54.0
1960 6 122.0
1960 7 28.0
1960 8 70.0
1960 9 42.0
1960 10 47.0
1960 11 24.0
1960 12 21.0
1961 1 50.0
1961 2 25.0
1961 3 49.0
1961 4 41.0
1961 5 57.0
1961 6 34.0
1961 7 46.0
1961 8 97.0
1961 9 84.0
1961 10 69.0
1961 11 63.0
1961 12 49.0
1962 1 63.0
1962 2 86.0
1962 3 69.0
1962 4 95.0
1962 5 98.0
1962 6 65.0
1962 7 122.0
1962 8 91.0
1962 9 69.0
1962 10 63.0
1962 11 96.0
1962 12 54.0
1963 1 121.0
1963 2 48.0
1963 3 56.0
1963 4 91.0
1963 5 90.0
1963 6 347.0
1963 7 185.0
1963 8 54.0
1963 9 239.0
1963 10 432.0
1963 11 73.0
1963 12 60.0
1964 1 274.0
1964 2 100.0
1964 3 112.0
1964 4 110.0
1964 5 169.0
1964 6 136.0
1964 7 151.0
1964 8 39.0
1964 9 95.0
1964 10 77.0
1964 11 73.0
1964 12 55.0
1965 1 95.0
1965 2 83.0
1965 3 122.0
1965 4 281.0
1965 5 85.0
1965 6 88.0
1965 7 283.0
1965 8 96.0
1965 9 165.0
1965 10 266.0
1965 11 114.0
1965 12 43.0
1966 1 76.0
1966 2 45.0
1966 3 398.0
1966 4 232.0
1966 5 86.0
1966 6 46.0
1966 7 43.0
1966 8 58.0
1966 9 48.0
1966 10 92.0
1966 11 48.0
1966 12 28.0
1967 1 29.0
1967 2 71.0
1967 3 93.0
1967 4 49.0
1967 5 83.0
1967 6 166.0
1967 7 115.0
1967 8 57.0
1967 9 134.0
1967 10 81.0
1967 11 208.0
1967 12 39.0
1968 1 193.0
1968 2 62.0
1968 3 67.0
1968 4 82.0
1968 5 141.0
1968 6 46.0
1968 7 56.0
1968 8 338.0
1968 9 52.0
1968 10 64.0
1968 11 48.0
1968 12 48.0
1969 1 95.0
1969 2 56.0
1969 3 64.0
1969 4 226.0
1969 5 440.0
1969 6 66.0
1969 7 138.0
1969 8 36.0
1969 9 65.0
1969 10 85.0
1969 11 66.0
1969 12 62.0
1970 1 92.0
1970 2 80.0
1970 3 150.0
1970 4 98.0
1970 5 134.0
1970 6 443.0
1970 7 107.0
1970 8 76.0
1970 9 749.0
1970 10 148.0
1970 11 126.0
1970 12 70.0
1971 1 108.0
1971 2 221.0
1971 3 298.0
1971 4 162.0
1971 5 147.0
1971 6 379.0
1971 7 199.0
1971 8 227.0
1971 9 766.0
1971 10 279.0
1971 11 285.0
1971 12 728.0
1972 1 151.0
1972 2 284.0
1972 3 302.0
1972 4 148.0
1972 5 157.0
1972 6 195.0
1972 7 471.0
1972 8 526.0
1972 9 144.0
1972 10 606.0
1972 11 268.0
1972 12 118.0
1973 1 228.0
1973 2 319.0
1973 3 207.0
1973 4 525.0
1973 5 129.0
1973 6 242.0
1973 7 279.0
1973 8 179.0
1973 9 312.0
1973 10 67.0
1973 11 49.0
1973 12 362.0
1974 1 425.0
1974 2 414.0
1974 3 297.0
1974 4 80.0
1974 5 143.0
1974 6 48.0
1974 7 174.0
1974 8 30.0
1974 9 31.0
1974 10 14.0
1974 11 14.0
1974 12 18.0
1975 1 25.0
1975 2 96.0
1975 3 60.0
1975 4 106.0
1975 5 51.0
1975 6 36.0
1975 7 44.0
1975 8 88.0
1975 9 92.0
1975 10 73.0
1975 11 84.0
1975 12 32.0
1976 1 68.0
1976 2 29.0
1976 3 103.0
1976 4 96.0
1976 5 128.0
1976 6 84.0
1976 7 146.0
1976 8 95.0
1976 9 73.0
1976 10 56.0
1976 11 149.0
1976 12 80.0
1977 1 52.0
1977 2 154.0
1977 3 161.0
1977 4 185.0
1977 5 108.0
1977 6 120.0
1977 7 70.0
1977 8 177.0
1977 9 148.0
1977 10 103.0
1977 11 158.0
1977 12 27.0
1978 1 44.0
1978 2 107.0
1978 3 109.0
1978 4 118.0
1978 5 223.0
1978 6 344.0
1978 7 137.0
1978 8 50.0
1978 9 93.0
1978 10 95.0
1978 11 44.0
1978 12 87.0
1979 1 91.0
1979 2 47.0
1979 3 184.0
1979 4 157.0
1979 5 114.0
1979 6 108.0
1979 7 722.0
1979 8 110.0
1979 9 97.0
1979 10 169.0
1979 11 120.0
1979 12 59.0
1980 1 92.0
1980 2 46.0
1980 3 67.0
1980 4 66.0
1980 5 43.0
1980 6 111.0
1980 7 138.0
1980 8 150.0
1980 9 96.0
1980 10 156.0
1980 11 134.0
1980 12 98.0
1981 1 102.0
1981 2 308.0
1981 3 94.0
1981 4 117.0
1981 5 169.0
1981 6 89.0
1981 7 73.0
1981 8 120.0
1981 9 120.0
1981 10 198.0
1981 11 62.0
1981 12 98.0
1982 1 51.0
1982 2 64.0
1982 3 155.0
1982 4 54.0
1982 5 24.0
1982 6 136.0
1982 7 45.0
1982 8 80.0
1982 9 115.0
1982 10 147.0
1982 11 81.0
1982 12 66.0
1983 1 120.0
1983 2 98.0
1983 3 161.0
1983 4 123.0
1983 5 169.0
1983 6 120.0
1983 7 108.0
1983 8 84.0
1983 9 205.0
1983 10 553.0
1983 11 598.0
1983 12 145.0
1984 1 87.0
1984 2 105.0
1984 3 107.0
1984 4 786.0
1984 5 232.0
1984 6 200.0
1984 7 141.0
1984 8 123.0
1984 9 222.0
1984 10 243.0
1984 11 120.0
1984 12 137.0
1985 1 367.0
1985 2 120.0
1985 3 135.0
1985 4 178.0
1985 5 121.0
1985 6 137.0
1985 7 137.0
1985 8 197.0
1985 9 103.0
1985 10 109.0
1985 11 67.0
1985 12 147.0
1986 1 98.0
1986 2 170.0
1986 3 300.0
1986 4 190.0
1986 5 159.0
1986 6 232.0
1986 7 165.0
1986 8 91.0
1986 9 84.0
1986 10 137.0
1986 11 108.0
1986 12 124.0
1987 1 113.0
1987 2 209.0
1987 3 327.0
1987 4 255.0
1987 5 139.0
1987 6 155.0
1987 7 217.0
1987 8 131.0
1987 9 191.0
1987 10 195.0
1987 11 126.0
1987 12 126.0
1988 1 236.0
1988 2 249.0
1988 3 189.0
1988 4 152.0
1988 5 179.0
1988 6 83.0
1988 7 68.0
1988 8 102.0
1988 9 385.0
1988 10 185.0
1988 11 303.0
1988 12 155.0
1989 1 105.0
1989 2 287.0
1989 3 242.0
1989 4 133.0
1989 5 108.0
1989 6 141.0
1989 7 141.0
1989 8 252.0
1989 9 94.0
1989 10 109.0
1989 11 60.0
1989 12 64.0
1990 1 159.0
1990 2 92.0
1990 3 118.0
1990 4 81.0
1990 5 40.0
1990 6 110.0
1990 7 153.0
1990 8 111.0
1990 9 98.0
1990 10 79.0
1990 11 61.0
1990 12 51.0
1991 1 35.0
1991 2 35.0
1991 3 110.0
1991 4 263.0
1991 5 80.0
1991 6 56.0
1991 7 115.0
1991 8 59.0
1991 9 75.0
1991 10 30.0
1991 11 57.0
1991 12 84.0
1992 1 78.0
1992 2 36.0
1992 3 69.0
1992 4 134.0
1992 5 33.0
1992 6 75.0
1992 7 54.0
1992 8 273.0
1992 9 100.0
1992 10 93.0
1992 11 55.0
1992 12 73.0
1993 1 80.0
1993 2 32.0
1993 3 78.0
1993 4 62.0
1993 5 47.0
1993 6 84.0
1993 7 149.0
1993 8 44.0
1993 9 83.0
1993 10 65.0
1993 11 44.0
1993 12 43.0
1994 1 60.0
1994 2 101.0
1994 3 109.0
1994 4 150.0
1994 5 151.0
1994 6 128.0
1994 7 92.0
1994 8 106.0
1994 9 142.0
1994 10 136.0
1994 11 107.0
1994 12 123.0
1995 1 79.0
1995 2 66.0
1995 3 360.0
1995 4 204.0
1995 5 111.0
1995 6 151.0
1995 7 74.0
1995 8 222.0
1995 9 177.0
1995 10 61.0
1995 11 143.0
1995 12 91.0
1996 1 70.0
1996 2 99.0
1996 3 117.0
1996 4 119.0
1996 5 140.0
1996 6 57.0
1996 7 76.0
1996 8 80.0
1996 9 30.0
1996 10 120.0
1996 11 44.0
1996 12 23.0
1997 1 131.0
1997 2 19.0
1997 3 67.0
1997 4 101.0
1997 5 68.0
1997 6 70.0
1997 7 119.0
1997 8 99.0
1997 9 95.0
1997 10 50.0
1997 11 62.0
1997 12 67.0
1998 1 52.0
1998 2 75.0
1998 3 138.0
1998 4 137.0
1998 5 30.0
1998 6 79.0
1998 7 79.0
1998 8 112.0
1998 9 113.0
1998 10 108.0
1998 11 79.0
1998 12 60.0
1999 1 66.0
1999 2 91.0
1999 3 68.0
1999 4 89.0
1999 5 88.0
1999 6 81.0
1999 7 118.0
1999 8 62.0
1999 9 25.0
1999 10 61.0
1999 11 54.0
1999 12 36.0
2000 1 42.0
2000 2 61.0
2000 3 54.0
2000 4 79.0
2000 5 80.0
2000 6 34.0
2000 7 9.0
2000 8 24.0
2000 9 151.0
2000 10 71.0
2000 11 28.0
2000 12 24.0
2001 1 42.0
2001 2 49.0
2001 3 147.0
2001 4 48.0
2001 5 61.0
2001 6 84.0
2001 7 41.0
2001 8 87.0
2001 9 40.0
2001 10 112.0
2001 11 40.0
2001 12 65.0
2002 1 114.0
2002 2 93.0
2002 3 353.0
2002 4 59.0
2002 5 92.0
2002 6 68.0
2002 7 94.0
2002 8 32.0
2002 9 58.0
2002 10 28.0
2002 11 50.0
2002 12 20.0
2003 1 85.0
2003 2 86.0
2003 3 48.0
2003 4 140.0
2003 5 54.0
2003 6 98.0
2003 7 63.0
2003 8 37.0
2003 9 66.0
2003 10 200.0
2003 11 101.0
2003 12 74.0
2004 1 167.0
2004 2 118.0
2004 3 149.0
2004 4 119.0
2004 5 32.0
2004 6 221.0
2004 7 137.0
2004 8 100.0
2004 9 140.0
2004 10 40.0
2004 11 140.0
2004 12 108.0
2005 1 81.0
2005 2 68.0
2005 3 104.0
2005 4 103.0
2005 5 54.0
2005 6 119.0
2005 7 82.0
2005 8 98.0
2005 9 69.0
2005 10 138.0
2005 11 91.0
2005 12 101.0
2006 1 82.0
2006 2 75.0
2006 3 115.0
2006 4 53.0
2006 5 49.0
2006 6 80.0
2006 7 18.0
2006 8 48.0
2006 9 57.0
2006 10 83.0
2006 11 232.0
2006 12 25.0
2007 1 33.0
2007 2 40.0
2007 3 39.0
2007 4 41.0
2007 5 63.0
2007 6 64.0
2007 7 38.0
2007 8 30.0
2007 9 34.0
2007 10 24.0
2007 11 28.0
2007 12 38.0
2008 1 19.0
2008 2 33.0
2008 3 32.0
2008 4 78.0
2008 5 24.0
2008 6 50.0
2008 7 26.0
2008 8 19.0
2008 9 22.0
2008 10 12.0
2008 11 21.0
2008 12 26.0
2009 1 6.0
2009 2 15.0
2009 3 23.0
2009 4 30.0
2009 5 14.0
2009 6 18.0
2009 7 17.0
2009 8 66.0
2009 9 10.0
2009 10 12.0
2009 11 5.0
2009 12 20.0
2010 1 10.0
2010 2 18.0
2010 3 8.0
2010 4 32.0
2010 5 51.0
2010 6 12.0
2010 7 20.0
2010 8 4.0
2010 9 207.0
2010 10 19.0
2010 11 18.0
2010 12 13.0
2011 1 2.0
2011 2 13.0
2011 3 12.0
2011 4 27.0
2011 5 48.0
2011 6 6.0
2011 7 2.0
2011 8 6.0
2011 9 14.0
2011 10 12.0
2011 11 22.0
2011 12 17.0
2012 1 14.0
2012 2 47.0
2012 3 58.0
2012 4 30.0
2012 5 22.0
2012 6 38.0
2012 7 43.0
2012 8 27.0
2012 9 16.0
2012 10 60.0
2012 11 60.0
2012 12 26.0
2013 1 21.0
2013 2 30.0
2013 3 19.0
2013 4 19.0
2013 5 14.0
2013 6 8.0
2013 7 19.0
2013 8 10.0
2013 9 14.0
2013 10 2.0
2013 11 17.0
2013 12 13.0
2014 1 23.0
2014 2 27.0
2014 3 39.0
2014 4 12.0
2014 5 10.0
2014 6 27.0
2014 7 21.0
2014 8 16.0
2014 9 6.0
2014 10 21.0
2014 11 25.0
2014 12 28.0
2015 1 47.0
2015 2 14.0
2015 3 10.0
2015 4 28.0
2015 5 35.0
2015 6 54.0
2015 7 35.0
2015 8 24.0
2015 9 30.0
2015 10 10.0
2015 11 29.0
2015 12 24.0
2016 1 10.0
2016 2 12.0
2016 3 25.0
2016 4 18.0
2016 5 68.0
2016 6 27.0
2016 7 41.0
2016 8 29.0
2016 9 14.0
2016 10 34.0
2016 11 41.0
2016 12 101.0
2017 1 31.0
2017 2 23.0
2017 3 46.0
2017 4 35.0
2017 5 28.0
2017 6 21.0
2017 7 67.0
2017 8 65.0
2017 9 72.0
2017 10 59.0
2017 11 138.0
2017 12 44.0
2018 1 74.0
2018 2 22.0
2018 3 18.0
2018 4 51.0
2018 5 34.0
2018 6 47.0
2018 7 40.0
2018 8 80.0
2018 9 123.0
2018 10 20.0
2018 11 37.0
2018 12 34.0
2019 1 42.0
2019 2 71.0
2019 3 53.0
2019 4 72.0
2019 5 29.0
2019 6 71.0
2019 7 56.0
2019 8 51.0
2019 9 24.0
2019 10 65.0
2019 11 49.0
2019 12 43.0
2020 1 115.0
2020 2 22.0
2020 3 105.0
2020 4 111.0
2020 5 78.0
2020 6 125.0
2020 7 57.0
2020 8 36.0
2020 9 32.0
2020 10 6.0
2020 11 16.0
2020 12 36.5
2021 1 57.0
2021 2 59.0
2021 3 99.0
2021 4 53.0
2021 5 77.0
2021 6 70.0
2021 7 63.0
2021 8 53.0
2021 9 56.0
2021 10 38.0
2021 11 28.0
2021 12 73.0
2022 1 72.0
2022 2 22.0
2022 3 75.0
2022 4 69.0
2022 5 21.0
2022 6 42.0
2022 7 21.0
2022 8 23.0
2022 9 17.0
2022 10 35.0
2022 11 24.0
2022 12 19.0
2023 1 33.0
2023 2 42.0
2023 3 50.0
2023 4 36.0
2023 5 46.0
2023 6 44.0
2023 7 31.0
2023 8 29.0
2023 9 71.0
2023 10 67.0
2023 11 26.0
2023 12 19.0
2024 1 17.0
2024 2 23.0
2024 3 25.0
2024 4 57.0
2024 5 58.0
2024 6 10.0
2024 7 17.0
2024 8 89.0
