1960 5 92.0
1960 6 235.0
1960 7 229.0
1960 8 313.0
1960 9 521.0
1960 10 324.0
1960 11 238.0
1960 12 14.0
1961 1 131.0
1961 2 420.0
1961 3 383.0
1961 4 241.0
1961 5 858.0
1961 6 218.0
1961 7 153.0
1961 8 144.0
1961 9 749.0
1961 10 828.0
1961 11 744.0
1961 12 164.0
1962 1 775.0
1962 2 416.0
1962 3 1627.0
1962 4 677.0
1962 5 1456.0
1962 6 430.0
1962 7 2103.0
1962 8 938.0
1962 9 1200.0
1962 10 910.0
1962 11 1374.0
1962 12 1539.0
1963 1 457.0
1963 2 698.0
1963 3 1067.0
1963 4 1469.0
1963 5 1774.0
1963 6 799.0
1963 7 1633.0
1963 8 625.0
1963 9 1471.0
1963 10 1572.0
1963 11 1093.0
1963 12 839.0
1964 1 980.0
1964 2 657.0
1964 3 2055.0
1964 4 2173.0
1964 5 1591.0
1964 6 2149.0
1964 7 1085.0
1964 8 2470.0
1964 9 1402.0
1964 10 1093.0
1964 11 785.0
1964 12 1108.0
1965 1 1375.0
1965 2 1888.0
1965 3 1765.0
1965 4 2125.0
1965 5 1270.0
1965 6 2043.0
1965 7 664.0
1965 8 1778.0
1965 9 848.0
1965 10 2077.0
1965 11 1100.0
1965 12 2227.0
1966 1 1652.0
1966 2 1234.0
1966 3 828.0
1966 4 2012.0
1966 5 1080.0
1966 6 1069.0
1966 7 617.0
1966 8 1059.0
1966 9 711.0
1966 10 521.0
1966 11 331.0
1966 12 877.0
1967 1 847.0
1967 2 375.0
1967 3 1314.0
1967 4 898.0
1967 5 523.0
1967 6 1227.0
1967 7 401.0
1967 8 1084.0
1967 9 1295.0
1967 10 1452.0
1967 11 749.0
1967 12 1415.0
1968 1 1016.0
1968 2 703.0
1968 3 1538.0
1968 4 1481.0
1968 5 400.0
1968 6 1681.0
1968 7 787.0
1968 8 383.0
1968 9 1570.0
1968 10 1625.0
1968 11 595.0
1968 12 1175.0
1969 1 1067.0
1969 2 782.0
1969 3 1431.0
1969 4 1669.0
1969 5 1709.0
1969 6 628.0
1969 7 412.0
1969 8 338.0
1969 9 1309.0
1969 10 1101.0
1969 11 671.0
1969 12 799.0
1970 1 1331.0
1970 2 123.0
1970 3 1157.0
1970 4 1000.0
1970 5 1975.0
1970 6 1304.0
1970 7 957.0
1970 8 865.0
1970 9 2219.0
1970 10 2596.0
1970 11 948.0
1970 12 1760.0
1971 1 2864.0
1971 2 935.0
1971 3 1850.0
1971 4 2201.0
1971 5 2509.0
1971 6 3766.0
1971 7 1608.0
1971 8 2722.0
1971 9 3121.0
1971 10 2227.0
1971 11 2547.0
1971 12 1913.0
1972 1 2368.0
1972 2 1939.0
1972 3 3436.0
1972 4 1981.0
1972 5 3619.0
1972 6 2802.0
1972 7 3034.0
1972 8 1528.0
1972 9 2190.0
1972 10 1957.0
1972 11 1860.0
1972 12 2197.0
1973 1 1678.0
1973 2 1810.0
1973 3 2423.0
1973 4 2017.0
1973 5 2272.0
1973 6 4037.0
1973 7 1319.0
1973 8 1947.0
1973 9 3957.0
1973 10 2330.0
1973 11 1348.0
1973 12 862.0
1974 1 1899.0
1974 2 1231.0
1974 3 1226.0
1974 4 785.0
1974 5 652.0
1974 6 644.0
1974 7 3061.0
1974 8 484.0
1974 9 759.0
1974 10 490.0
1974 11 276.0
1974 12 192.0
1975 1 486.0
1975 2 425.0
1975 3 81.0
1975 4 178.0
1975 5 135.0
1975 6 928.0
1975 7 357.0
1975 8 311.0
1975 9 332.0
1975 10 922.0
1975 11 806.0
1975 12 473.0
1976 1 182.0
1976 2 632.0
1976 3 123.0
1976 4 268.0
1976 5 60.0
1976 6 158.0
1976 7 406.0
1976 8 164.0
1976 9 269.0
1976 10 658.0
1976 11 1121.0
1976 12 360.0
1977 1 290.0
1977 2 501.0
1977 3 1403.0
1977 4 1103.0
1977 5 1051.0
1977 6 2464.0
1977 7 1743.0
1977 8 2563.0
1977 9 229.0
1977 10 954.0
1977 11 988.0
1977 12 1331.0
1978 1 499.0
1978 2 745.0
1978 3 811.0
1978 4 910.0
1978 5 944.0
1978 6 912.0
1978 7 1147.0
1978 8 1158.0
1978 9 477.0
1978 10 1255.0
1978 11 476.0
1978 12 356.0
1979 1 147.0
1979 2 379.0
1979 3 306.0
1979 4 962.0
1979 5 884.0
1979 6 748.0
1979 7 992.0
1979 8 906.0
1979 9 755.0
1979 10 1115.0
1979 11 595.0
1979 12 502.0
1980 1 228.0
1980 2 233.0
1980 3 227.0
1980 4 319.0
1980 5 510.0
1980 6 432.0
1980 7 213.0
1980 8 511.0
1980 9 1703.0
1980 10 1102.0
1980 11 800.0
1980 12 388.0
1981 1 260.0
1981 2 469.0
1981 3 916.0
1981 4 653.0
1981 5 203.0
1981 6 356.0
1981 7 371.0
1981 8 460.0
1981 9 1550.0
1981 10 779.0
1981 11 603.0
1981 12 235.0
1982 1 171.0
1982 2 192.0
1982 3 720.0
1982 4 899.0
1982 5 238.0
1982 6 317.0
1982 7 1028.0
1982 8 252.0
1982 9 756.0
1982 10 327.0
1982 11 522.0
1982 12 618.0
1983 1 375.0
1983 2 190.0
1983 3 381.0
1983 4 359.0
1983 5 801.0
1983 6 1259.0
1983 7 968.0
1983 8 1034.0
1983 9 1628.0
1983 10 410.0
1983 11 952.0
1983 12 977.0
1984 1 787.0
1984 2 920.0
1984 3 608.0
1984 4 348.0
1984 5 1426.0
1984 6 2182.0
1984 7 780.0
1984 8 1103.0
1984 9 2055.0
1984 10 762.0
1984 11 3260.0
1984 12 2244.0
1985 1 1282.0
1985 2 684.0
1985 3 938.0
1985 4 953.0
1985 5 1382.0
1985 6 1095.0
1985 7 1247.0
1985 8 1175.0
1985 9 1900.0
1985 10 1889.0
1985 11 1312.0
1985 12 1738.0
1986 1 1616.0
1986 2 724.0
1986 3 1594.0
1986 4 2123.0
1986 5 1360.0
1986 6 2343.0
1986 7 891.0
1986 8 1831.0
1986 9 574.0
1986 10 1084.0
1986 11 971.0
1986 12 546.0
1987 1 1358.0
1987 2 919.0
1987 3 2443.0
1987 4 1912.0
1987 5 765.0
1987 6 1681.0
1987 7 1404.0
1987 8 1684.0
1987 9 1738.0
1987 10 1342.0
1987 11 925.0
1987 12 1033.0
1988 1 289.0
1988 2 1486.0
1988 3 1901.0
1988 4 812.0
1988 5 1403.0
1988 6 1078.0
1988 7 1342.0
1988 8 858.0
1988 9 1798.0
1988 10 2043.0
1988 11 1201.0
1988 12 1326.0
1989 1 757.0
1989 2 927.0
1989 3 547.0
1989 4 610.0
1989 5 601.0
1989 6 2586.0
1989 7 622.0
1989 8 1600.0
1989 9 1435.0
1989 10 666.0
1989 11 761.0
1989 12 2362.0
1990 1 1506.0
1990 2 743.0
1990 3 902.0
1990 4 448.0
1990 5 517.0
1990 6 1268.0
1990 7 693.0
1990 8 162.0
1990 9 364.0
1990 10 848.0
1990 11 985.0
1990 12 320.0
1991 1 191.0
1991 2 130.0
1991 3 434.0
1991 4 208.0
1991 5 148.0
1991 6 398.0
1991 7 327.0
1991 8 239.0
1991 9 246.0
1991 10 76.0
1991 11 348.0
1991 12 142.0
1992 1 515.0
1992 2 307.0
1992 3 741.0
1992 4 188.0
1992 5 159.0
1992 6 214.0
1992 7 379.0
1992 8 248.0
1992 9 256.0
1992 10 178.0
1992 11 202.0
1992 12 350.0
1993 1 127.0
1993 2 299.0
1993 3 259.0
1993 4 181.0
1993 5 402.0
1993 6 271.0
1993 7 612.0
1993 8 641.0
1993 9 404.0
1993 10 288.0
1993 11 526.0
1993 12 552.0
1994 1 722.0
1994 2 367.0
1994 3 369.0
1994 4 507.0
1994 5 306.0
1994 6 631.0
1994 7 334.0
1994 8 372.0
1994 9 1233.0
1994 10 583.0
1994 11 372.0
1994 12 458.0
1995 1 481.0
1995 2 649.0
1995 3 1239.0
1995 4 621.0
1995 5 185.0
1995 6 310.0
1995 7 286.0
1995 8 474.0
1995 9 790.0
1995 10 1039.0
1995 11 496.0
1995 12 525.0
1996 1 542.0
1996 2 219.0
1996 3 423.0
1996 4 812.0
1996 5 893.0
1996 6 1372.0
1996 7 640.0
1996 8 1313.0
1996 9 351.0
1996 10 1180.0
1996 11 309.0
1996 12 745.0
1997 1 706.0
1997 2 323.0
1997 3 547.0
1997 4 503.0
1997 5 329.0
1997 6 674.0
1997 7 1263.0
1997 8 1265.0
1997 9 718.0
1997 10 912.0
1997 11 722.0
1997 12 826.0
1998 1 319.0
1998 2 777.0
1998 3 716.0
1998 4 441.0
1998 5 341.0
1998 6 867.0
1998 7 960.0
1998 8 799.0
1998 9 988.0
1998 10 1284.0
1998 11 694.0
1998 12 741.0
1999 1 1169.0
1999 2 669.0
1999 3 950.0
1999 4 639.0
1999 5 301.0
1999 6 866.0
1999 7 560.0
1999 8 964.0
1999 9 725.0
1999 10 1285.0
1999 11 752.0
1999 12 1041.0
2000 1 721.0
2000 2 630.0
2000 3 607.0
2000 4 475.0
2000 5 217.0
2000 6 518.0
2000 7 1053.0
2000 8 598.0
2000 9 599.0
2000 10 748.0
2000 11 578.0
2000 12 451.0
2001 1 438.0
2001 2 1554.0
2001 3 1317.0
2001 4 1181.0
2001 5 445.0
2001 6 739.0
2001 7 686.0
2001 8 580.0
2001 9 580.0
2001 10 540.0
2001 11 1021.0
2001 12 731.0
2002 1 430.0
2002 2 132.0
2002 3 2189.0
2002 4 703.0
2002 5 914.0
2002 6 1047.0
2002 7 1096.0
2002 8 660.0
2002 9 684.0
2002 10 1145.0
2002 11 933.0
2002 12 1838.0
2003 1 900.0
2003 2 974.0
2003 3 346.0
2003 4 403.0
2003 5 280.0
2003 6 1565.0
2003 7 337.0
2003 8 774.0
2003 9 491.0
2003 10 1132.0
2003 11 439.0
2003 12 1584.0
2004 1 1053.0
2004 2 1032.0
2004 3 857.0
2004 4 1382.0
2004 5 1097.0
2004 6 1385.0
2004 7 1410.0
2004 8 488.0
2004 9 861.0
2004 10 1380.0
2004 11 577.0
2004 12 774.0
2005 1 496.0
2005 2 823.0
2005 3 634.0
2005 4 242.0
2005 5 177.0
2005 6 1746.0
2005 7 670.0
2005 8 1092.0
2005 9 353.0
2005 10 921.0
2005 11 540.0
2005 12 860.0
2006 1 899.0
2006 2 525.0
2006 3 909.0
2006 4 263.0
2006 5 748.0
2006 6 338.0
2006 7 507.0
2006 8 461.0
2006 9 673.0
2006 10 1085.0
2006 11 182.0
2006 12 320.0
2007 1 482.0
2007 2 443.0
2007 3 589.0
2007 4 396.0
2007 5 900.0
2007 6 191.0
2007 7 632.0
2007 8 491.0
2007 9 36.0
2007 10 517.0
2007 11 247.0
2007 12 1475.0
2008 1 1010.0
2008 2 529.0
2008 3 823.0
2008 4 350.0
2008 5 428.0
2008 6 744.0
2008 7 584.0
2008 8 512.0
2008 9 267.0
2008 10 439.0
2008 11 120.0
2008 12 743.0
2009 1 99.0
2009 2 917.0
2009 3 145.0
2009 4 185.0
2009 5 508.0
2009 6 350.0
2009 7 409.0
2009 8 294.0
2009 9 26.0
2009 10 106.0
2009 11 668.0
2009 12 422.0
2010 1 219.0
2010 2 224.0
2010 3 627.0
2010 4 237.0
2010 5 208.0
2010 6 361.0
2010 7 686.0
2010 8 301.0
2010 9 420.0
2010 10 220.0
2010 11 265.0
2010 12 113.0
2011 1 599.0
2011 2 476.0
2011 3 960.0
2011 4 125.0
2011 5 447.0
2011 6 564.0
2011 7 1394.0
2011 8 407.0
2011 9 258.0
2011 10 146.0
2011 11 337.0
2011 12 436.0
2012 1 523.0
2012 2 746.0
2012 3 772.0
2012 4 623.0
2012 5 927.0
2012 6 645.0
2012 7 886.0
2012 8 497.0
2012 9 398.0
2012 10 490.0
2012 11 1065.0
2012 12 902.0
2013 1 841.0
2013 2 192.0
2013 3 530.0
2013 4 412.0
2013 5 617.0
2013 6 768.0
2013 7 814.0
2013 8 454.0
2013 9 1018.0
2013 10 172.0
2013 11 557.0
2013 12 556.0
2014 1 201.0
2014 2 1076.0
2014 3 240.0
2014 4 395.0
2014 5 614.0
2014 6 1251.0
2014 7 908.0
2014 8 403.0
2014 9 760.0
2014 10 1078.0
2014 11 621.0
2014 12 855.0
2015 1 619.0
2015 2 256.0
2015 3 1176.0
2015 4 1551.0
2015 5 83.0
2015 6 1128.0
2015 7 1514.0
2015 8 1139.0
2015 9 512.0
2015 10 1054.0
2015 11 568.0
2015 12 660.0
2016 1 778.0
2016 2 121.0
2016 3 658.0
2016 4 1032.0
2016 5 552.0
2016 6 635.0
2016 7 794.0
2016 8 874.0
2016 9 856.0
2016 10 259.0
2016 11 766.0
2016 12 345.0
2017 1 547.0
2017 2 140.0
2017 3 800.0
2017 4 451.0
2017 5 336.0
2017 6 1154.0
2017 7 398.0
2017 8 573.0
2017 9 764.0
2017 10 899.0
2017 11 1194.0
2017 12 145.0
2018 1 572.0
2018 2 1361.0
2018 3 674.0
2018 4 764.0
2018 5 432.0
2018 6 791.0
2018 7 1043.0
2018 8 269.0
2018 9 1903.0
2018 10 465.0
2018 11 751.0
2018 12 251.0
2019 1 1286.0
2019 2 1126.0
2019 3 785.0
2019 4 1116.0
2019 5 661.0
2019 6 970.0
2019 7 1331.0
2019 8 1588.0
2019 9 677.0
2019 10 232.0
2019 11 665.0
2019 12 964.0
2020 1 702.0
2020 2 776.0
2020 3 620.0
2020 4 906.0
2020 5 1492.0
2020 6 1059.0
2020 7 1814.0
2020 8 304.0
2020 9 888.0
2020 10 150.0
2020 11 561.0
2020 12 456.0
2021 1 1105.0
2021 2 862.0
2021 3 1741.0
2021 4 1730.0
2021 5 691.0
2021 6 899.0
2021 7 873.0
2021 8 1345.0
2021 9 1175.0
2021 10 605.0
2021 11 1624.0
2021 12 1473.0
2022 1 938.0
2022 2 928.0
2022 3 2389.0
2022 4 1328.0
2022 5 1910.0
2022 6 1302.0
2022 7 1723.0
2022 8 1520.0
2022 9 1254.0
2022 10 1780.0
2022 11 747.0
2022 12 1462.0
2023 1 1840.0
2023 2 994.0
2023 3 1238.0
2023 4 956.0
2023 5 939.0
2023 6 1315.0
2023 7 770.0
2023 8 1595.0
2023 9 957.0
2023 10 1458.0
2023 11 1033.0
2023 12 1551.0
2024 1 1316.0
2024 2 1019.0
2024 3 711.0
2024 4 290.0
2024 5 1131.0
2024 6 715.0
2024 7 1074.0
2024 8 1077.0
