1960 5 1365.0
1960 6 1380.0
1960 7 1169.0
1960 8 1421.0
1960 9 1090.0
1960 10 1163.0
1960 11 755.0
1960 12 807.0
1961 1 979.0
1961 2 1026.0
1961 3 1494.0
1961 4 1573.0
1961 5 1432.0
1961 6 1401.0
1961 7 1450.0
1961 8 1653.0
1961 9 1338.0
1961 10 1565.0
1961 11 1249.0
1961 12 1147.0
1962 1 1524.0
1962 2 1824.0
1962 3 1998.0
1962 4 2280.0
1962 5 2264.0
1962 6 2117.0
1962 7 1986.0
1962 8 1919.0
1962 9 1876.0
1962 10 1518.0
1962 11 1301.0
1962 12 1026.0
1963 1 1441.0
1963 2 1695.0
1963 3 1971.0
1963 4 1801.0
1963 5 2075.0
1963 6 1918.0
1963 7 1765.0
1963 8 1692.0
1963 9 1376.0
1963 10 1490.0
1963 11 1214.0
1963 12 1092.0
1964 1 1172.0
1964 2 1245.0
1964 3 1374.0
1964 4 1739.0
1964 5 1572.0
1964 6 1597.0
1964 7 1604.0
1964 8 1436.0
1964 9 1323.0
1964 10 1334.0
1964 11 899.0
1964 12 794.0
1965 1 1093.0
1965 2 1138.0
1965 3 1768.0
1965 4 1695.0
1965 5 1519.0
1965 6 1747.0
1965 7 1522.0
1965 8 1561.0
1965 9 1625.0
1965 10 1479.0
1965 11 1162.0
1965 12 1083.0
1966 1 1360.0
1966 2 1795.0
1966 3 2233.0
1966 4 2390.0
1966 5 2236.0
1966 6 2017.0
1966 7 1810.0
1966 8 1765.0
1966 9 1618.0
1966 10 1843.0
1966 11 1422.0
1966 12 1438.0
1967 1 1765.0
1967 2 2085.0
1967 3 2914.0
1967 4 3173.0
1967 5 4318.0
1967 6 3612.0
1967 7 3143.0
1967 8 3962.0
1967 9 3192.0
1967 10 3476.0
1967 11 2728.0
1967 12 2533.0
1968 1 2805.0
1968 2 3373.0
1968 3 4567.0
1968 4 4080.0
1968 5 4167.0
1968 6 3814.0
1968 7 4675.0
1968 8 4283.0
1968 9 4081.0
1968 10 3322.0
1968 11 3551.0
1968 12 2442.0
1969 1 2112.0
1969 2 2401.0
1969 3 4479.0
1969 4 4527.0
1969 5 3560.0
1969 6 3494.0
1969 7 3056.0
1969 8 2967.0
1969 9 2487.0
1969 10 2625.0
1969 11 1957.0
1969 12 2011.0
1970 1 1540.0
1970 2 1966.0
1970 3 2799.0
1970 4 3238.0
1970 5 2491.0
1970 6 3013.0
1970 7 2160.0
1970 8 2437.0
1970 9 2765.0
1970 10 2248.0
1970 11 1733.0
1970 12 1481.0
1971 1 1733.0
1971 2 3165.0
1971 3 2993.0
1971 4 3360.0
1971 5 2629.0
1971 6 3072.0
1971 7 2802.0
1971 8 2657.0
1971 9 2661.0
1971 10 2476.0
1971 11 2119.0
1971 12 1538.0
1972 1 1583.0
1972 2 2128.0
1972 3 2906.0
1972 4 2466.0
1972 5 2672.0
1972 6 3017.0
1972 7 2602.0
1972 8 2737.0
1972 9 2595.0
1972 10 2811.0
1972 11 2157.0
1972 12 1461.0
1973 1 2066.0
1973 2 1897.0
1973 3 3024.0
1973 4 2829.0
1973 5 2625.0
1973 6 3047.0
1973 7 2040.0
1973 8 2152.0
1973 9 1933.0
1973 10 2425.0
1973 11 1383.0
1973 12 1309.0
1974 1 1404.0
1974 2 1796.0
1974 3 2555.0
1974 4 3232.0
1974 5 2703.0
1974 6 2396.0
1974 7 2898.0
1974 8 2082.0
1974 9 1646.0
1974 10 1931.0
1974 11 1423.0
1974 12 2184.0
1975 1 1549.0
1975 2 1731.0
1975 3 2432.0
1975 4 3294.0
1975 5 3489.0
1975 6 3751.0
1975 7 3219.0
1975 8 2981.0
1975 9 3591.0
1975 10 2734.0
1975 11 2584.0
1975 12 2643.0
1976 1 2709.0
1976 2 2923.0
1976 3 3981.0
1976 4 4430.0
1976 5 4069.0
1976 6 4641.0
1976 7 4565.0
1976 8 4064.0
1976 9 4220.0
1976 10 3663.0
1976 11 3674.0
1976 12 3007.0
1977 1 3727.0
1977 2 3835.0
1977 3 5199.0
1977 4 4922.0
1977 5 5539.0
1977 6 5314.0
1977 7 5484.0
1977 8 5516.0
1977 9 5198.0
1977 10 5616.0
1977 11 4968.0
1977 12 3930.0
1978 1 4710.0
1978 2 4094.0
1978 3 5955.0
1978 4 5649.0
1978 5 6546.0
1978 6 6030.0
1978 7 4717.0
1978 8 6009.0
1978 9 4176.0
1978 10 5091.0
1978 11 3556.0
1978 12 2995.0
1979 1 3493.0
1979 2 3843.0
1979 3 5039.0
1979 4 5420.0
1979 5 5310.0
1979 6 5227.0
1979 7 5277.0
1979 8 4968.0
1979 9 3939.0
1979 10 3687.0
1979 11 2505.0
1979 12 1789.0
1980 1 2164.0
1980 2 2029.0
1980 3 2164.0
1980 4 1573.0
1980 5 2514.0
1980 6 3548.0
1980 7 4457.0
1980 8 3207.0
1980 9 3616.0
1980 10 3163.0
1980 11 2354.0
1980 12 1591.0
1981 1 2055.0
1981 2 2199.0
1981 3 2626.0
1981 4 3065.0
1981 5 2418.0
1981 6 2515.0
1981 7 2074.0
1981 8 1518.0
1981 9 1664.0
1981 10 1856.0
1981 11 1046.0
1981 12 1108.0
1982 1 666.0
1982 2 1006.0
1982 3 1371.0
1982 4 1348.0
1982 5 1764.0
1982 6 1503.0
1982 7 1398.0
1982 8 1274.0
1982 9 1771.0
1982 10 1907.0
1982 11 1521.0
1982 12 1459.0
1983 1 1677.0
1983 2 1701.0
1983 3 2265.0
1983 4 2759.0
1983 5 3216.0
1983 6 3412.0
1983 7 2619.0
1983 8 2430.0
1983 9 2527.0
1983 10 2044.0
1983 11 1605.0
1983 12 1403.0
1984 1 2291.0
1984 2 2291.0
1984 3 2604.0
1984 4 3050.0
1984 5 3245.0
1984 6 3325.0
1984 7 2646.0
1984 8 2390.0
1984 9 3307.0
1984 10 2745.0
1984 11 1463.0
1984 12 1145.0
1985 1 1788.0
1985 2 2065.0
1985 3 3315.0
1985 4 3283.0
1985 5 3850.0
1985 6 2936.0
1985 7 3772.0
1985 8 3630.0
1985 9 3368.0
1985 10 2385.0
1985 11 2027.0
1985 12 1874.0
1986 1 2596.0
1986 2 2130.0
1986 3 4443.0
1986 4 4038.0
1986 5 3679.0
1986 6 3592.0
1986 7 3472.0
1986 8 2882.0
1986 9 3050.0
1986 10 2820.0
1986 11 1911.0
1986 12 2424.0
1987 1 2122.0
1987 2 2545.0
1987 3 3144.0
1987 4 3082.0
1987 5 3447.0
1987 6 3095.0
1987 7 4307.0
1987 8 3072.0
1987 9 4237.0
1987 10 3549.0
1987 11 2029.0
1987 12 2513.0
1988 1 2319.0
1988 2 2192.0
1988 3 3656.0
1988 4 3385.0
1988 5 3256.0
1988 6 3406.0
1988 7 4980.0
1988 8 4577.0
1988 9 5644.0
1988 10 3465.0
1988 11 3073.0
1988 12 3419.0
1989 1 2784.0
1989 2 2223.0
1989 3 4092.0
1989 4 3455.0
1989 5 4106.0
1989 6 4243.0
1989 7 4566.0
1989 8 4493.0
1989 9 4419.0
1989 10 4467.0
1989 11 3148.0
1989 12 3600.0
1990 1 3375.0
1990 2 3813.0
1990 3 5261.0
1990 4 3713.0
1990 5 4397.0
1990 6 4749.0
1990 7 4030.0
1990 8 4540.0
1990 9 3148.0
1990 10 3741.0
1990 11 2198.0
1990 12 2055.0
1991 1 1687.0
1991 2 2356.0
1991 3 2645.0
1991 4 2842.0
1991 5 3194.0
1991 6 4193.0
1991 7 4037.0
1991 8 2972.0
1991 9 3192.0
1991 10 2603.0
1991 11 2111.0
1991 12 2254.0
1992 1 2564.0
1992 2 2863.0
1992 3 3633.0
1992 4 4016.0
1992 5 3635.0
1992 6 3788.0
1992 7 3656.0
1992 8 3252.0
1992 9 3641.0
1992 10 3460.0
1992 11 2643.0
1992 12 2710.0
1993 1 1904.0
1993 2 2242.0
1993 3 3543.0
1993 4 3725.0
1993 5 3634.0
1993 6 3643.0
1993 7 3617.0
1993 8 3913.0
1993 9 4025.0
1993 10 3600.0
1993 11 3324.0
1993 12 3066.0
1994 1 3006.0
1994 2 3027.0
1994 3 4103.0
1994 4 3975.0
1994 5 4100.0
1994 6 4301.0
1994 7 4070.0
1994 8 4599.0
1994 9 4674.0
1994 10 3548.0
1994 11 2592.0
1994 12 2400.0
1995 1 2354.0
1995 2 2486.0
1995 3 3411.0
1995 4 3253.0
1995 5 3766.0
1995 6 4740.0
1995 7 3418.0
1995 8 3321.0
1995 9 2809.0
1995 10 3256.0
1995 11 3073.0
1995 12 3422.0
1996 1 2509.0
1996 2 3100.0
1996 3 4150.0
1996 4 3987.0
1996 5 4151.0
1996 6 3928.0
1996 7 3849.0
1996 8 3741.0
1996 9 3582.0
1996 10 3430.0
1996 11 2998.0
1996 12 2959.0
1997 1 2494.0
1997 2 2653.0
1997 3 3538.0
1997 4 3342.0
1997 5 3710.0
1997 6 3813.0
1997 7 4490.0
1997 8 3987.0
1997 9 4777.0
1997 10 3842.0
1997 11 2900.0
1997 12 3178.0
1998 1 3115.0
1998 2 3573.0
1998 3 3796.0
1998 4 4540.0
1998 5 3467.0
1998 6 4414.0
1998 7 4628.0
1998 8 3595.0
1998 9 4020.0
1998 10 5316.0
1998 11 3148.0
1998 12 2460.0
1999 1 2494.0
1999 2 3076.0
1999 3 3784.0
1999 4 4239.0
1999 5 4790.0
1999 6 4638.0
1999 7 3879.0
1999 8 3651.0
1999 9 3545.0
1999 10 4037.0
1999 11 2680.0
1999 12 2560.0
2000 1 2905.0
2000 2 3271.0
2000 3 3397.0
2000 4 3430.0
2000 5 3923.0
2000 6 3900.0
2000 7 3482.0
2000 8 4167.0
2000 9 3601.0
2000 10 3226.0
2000 11 3097.0
2000 12 3305.0
2001 1 3286.0
2001 2 2477.0
2001 3 3823.0
2001 4 3780.0
2001 5 3858.0
2001 6 3954.0
2001 7 3684.0
2001 8 3996.0
2001 9 2971.0
2001 10 3146.0
2001 11 2563.0
2001 12 2096.0
2002 1 2484.0
2002 2 2411.0
2002 3 3262.0
2002 4 3822.0
2002 5 4322.0
2002 6 4410.0
2002 7 3758.0
2002 8 3578.0
2002 9 3488.0
2002 10 4149.0
2002 11 3418.0
2002 12 2769.0
2003 1 3113.0
2003 2 3004.0
2003 3 3725.0
2003 4 4257.0
2003 5 4053.0
2003 6 3988.0
2003 7 4088.0
2003 8 3997.0
2003 9 3884.0
2003 10 3520.0
2003 11 2678.0
2003 12 2631.0
2004 1 2773.0
2004 2 2738.0
2004 3 4147.0
2004 4 4087.0
2004 5 4393.0
2004 6 4804.0
2004 7 4282.0
2004 8 4136.0
2004 9 5095.0
2004 10 4266.0
2004 11 3625.0
2004 12 3968.0
2005 1 3187.0
2005 2 3664.0
2005 3 4741.0
2005 4 4450.0
2005 5 4284.0
2005 6 5041.0
2005 7 5079.0
2005 8 4575.0
2005 9 4771.0
2005 10 4427.0
2005 11 4860.0
2005 12 3581.0
2006 1 3171.0
2006 2 3535.0
2006 3 4009.0
2006 4 4474.0
2006 5 4879.0
2006 6 4945.0
2006 7 4939.0
2006 8 4556.0
2006 9 4716.0
2006 10 3605.0
2006 11 2517.0
2006 12 2843.0
2007 1 4176.0
2007 2 4144.0
2007 3 4393.0
2007 4 3476.0
2007 5 5007.0
2007 6 3995.0
2007 7 3922.0
2007 8 4916.0
2007 9 3069.0
2007 10 3793.0
2007 11 2486.0
2007 12 2085.0
2008 1 2004.0
2008 2 2538.0
2008 3 2479.0
2008 4 2881.0
2008 5 2948.0
2008 6 3069.0
2008 7 2356.0
2008 8 2556.0
2008 9 2274.0
2008 10 2609.0
2008 11 1086.0
2008 12 901.0
2009 1 1218.0
2009 2 884.0
2009 3 1209.0
2009 4 1170.0
2009 5 1516.0
2009 6 1492.0
2009 7 1456.0
2009 8 1680.0
2009 9 1676.0
2009 10 1509.0
2009 11 940.0
2009 12 1198.0
2010 1 1653.0
2010 2 1385.0
2010 3 1778.0
2010 4 1554.0
2010 5 1383.0
2010 6 2145.0
2010 7 1621.0
2010 8 2446.0
2010 9 1515.0
2010 10 1446.0
2010 11 1185.0
2010 12 1696.0
2011 1 1090.0
2011 2 1079.0
2011 3 1443.0
2011 4 2255.0
2011 5 2618.0
2011 6 1775.0
2011 7 1771.0
2011 8 2632.0
2011 9 1777.0
2011 10 1337.0
2011 11 1535.0
2011 12 1560.0
2012 1 1138.0
2012 2 1559.0
2012 3 2793.0
2012 4 2059.0
2012 5 2609.0
2012 6 3004.0
2012 7 2609.0
2012 8 2964.0
2012 9 2582.0
2012 10 2511.0
2012 11 2169.0
2012 12 1959.0
2013 1 2368.0
2013 2 2155.0
2013 3 2506.0
2013 4 2330.0
2013 5 3250.0
2013 6 2432.0
2013 7 2795.0
2013 8 2735.0
2013 9 2642.0
2013 10 2904.0
2013 11 2264.0
2013 12 2163.0
2014 1 1769.0
2014 2 2175.0
2014 3 2480.0
2014 4 3320.0
2014 5 3246.0
2014 6 2983.0
2014 7 3206.0
2014 8 3196.0
2014 9 3301.0
2014 10 2830.0
2014 11 2501.0
2014 12 2594.0
2015 1 3212.0
2015 2 3769.0
2015 3 3302.0
2015 4 3018.0
2015 5 3511.0
2015 6 3749.0
2015 7 3022.0
2015 8 4343.0
2015 9 3610.0
2015 10 2967.0
2015 11 2871.0
2015 12 2601.0
2016 1 2609.0
2016 2 2380.0
2016 3 3629.0
2016 4 3643.0
2016 5 3831.0
2016 6 4552.0
2016 7 3305.0
2016 8 2987.0
2016 9 4483.0
2016 10 4078.0
2016 11 3649.0
2016 12 3702.0
2017 1 2777.0
2017 2 2973.0
2017 3 3390.0
2017 4 3838.0
2017 5 3947.0
2017 6 3955.0
2017 7 3593.0
2017 8 4799.0
2017 9 3425.0
2017 10 4392.0
2017 11 4138.0
2017 12 3349.0
2018 1 2838.0
2018 2 3044.0
2018 3 5006.0
2018 4 4150.0
2018 5 3318.0
2018 6 4124.0
2018 7 3023.0
2018 8 4338.0
2018 9 3392.0
2018 10 3606.0
2018 11 3941.0
2018 12 3564.0
2019 1 2875.0
2019 2 2284.0
2019 3 4294.0
2019 4 5077.0
2019 5 4339.0
2019 6 3647.0
2019 7 4428.0
2019 8 4133.0
2019 9 4121.0
2019 10 3768.0
2019 11 5169.0
2019 12 4441.0
2020 1 3615.0
2020 2 3293.0
2020 3 3876.0
2020 4 2716.0
2020 5 4557.0
2020 6 3398.0
2020 7 3574.0
2020 8 3537.0
2020 9 4466.0
2020 10 3531.0
2020 11 3669.0
2020 12 4302.0
2021 1 4205.0
2021 2 4629.0
2021 3 4897.0
2021 4 4277.0
2021 5 4123.0
2021 6 3889.0
2021 7 4566.0
2021 8 6349.0
2021 9 3701.0
2021 10 4987.0
2021 11 5124.0
2021 12 5290.0
2022 1 4018.0
2022 2 4316.0
2022 3 5369.0
2022 4 4127.0
2022 5 4261.0
2022 6 5423.0
2022 7 4113.0
2022 8 4079.0
2022 9 3327.0
2022 10 3072.0
2022 11 3076.0
2022 12 3445.0
2023 1 2258.0
2023 2 4205.0
2023 3 3393.0
2023 4 2818.0
2023 5 3955.0
2023 6 3177.0
2023 7 2663.0
2023 8 3692.0
2023 9 2875.0
2023 10 2957.0
2023 11 2375.0
2023 12 2742.0
2024 1 2475.0
2024 2 2708.0
2024 3 4066.0
2024 4 2993.0
2024 5 3276.0
2024 6 2387.0
2024 7 3081.0
2024 8 3248.0
