1960 5 1182.0
1960 6 1205.0
1960 7 1026.0
1960 8 1160.0
1960 9 977.0
1960 10 976.0
1960 11 665.0
1960 12 651.0
1961 1 855.0
1961 2 897.0
1961 3 1138.0
1961 4 1247.0
1961 5 1242.0
1961 6 1231.0
1961 7 1235.0
1961 8 1387.0
1961 9 1108.0
1961 10 1217.0
1961 11 927.0
1961 12 837.0
1962 1 999.0
1962 2 1219.0
1962 3 1418.0
1962 4 1569.0
1962 5 1582.0
1962 6 1534.0
1962 7 1531.0
1962 8 1548.0
1962 9 1282.0
1962 10 1158.0
1962 11 932.0
1962 12 776.0
1963 1 1009.0
1963 2 1126.0
1963 3 1530.0
1963 4 1319.0
1963 5 1425.0
1963 6 1237.0
1963 7 1226.0
1963 8 1061.0
1963 9 1060.0
1963 10 1082.0
1963 11 749.0
1963 12 582.0
1964 1 814.0
1964 2 798.0
1964 3 993.0
1964 4 1025.0
1964 5 955.0
1964 6 1108.0
1964 7 1012.0
1964 8 877.0
1964 9 945.0
1964 10 837.0
1964 11 636.0
1964 12 536.0
1965 1 618.0
1965 2 838.0
1965 3 1178.0
1965 4 1120.0
1965 5 1120.0
1965 6 1245.0
1965 7 1084.0
1965 8 1179.0
1965 9 1075.0
1965 10 1064.0
1965 11 865.0
1965 12 740.0
1966 1 877.0
1966 2 1092.0
1966 3 1453.0
1966 4 1363.0
1966 5 1278.0
1966 6 1331.0
1966 7 1106.0
1966 8 1204.0
1966 9 1044.0
1966 10 999.0
1966 11 839.0
1966 12 777.0
1967 1 962.0
1967 2 1184.0
1967 3 1443.0
1967 4 1548.0
1967 5 2051.0
1967 6 1743.0
1967 7 1712.0
1967 8 1821.0
1967 9 1534.0
1967 10 1654.0
1967 11 1408.0
1967 12 1088.0
1968 1 1368.0
1968 2 1476.0
1968 3 1961.0
1968 4 1924.0
1968 5 2553.0
1968 6 2246.0
1968 7 2515.0
1968 8 2561.0
1968 9 2032.0
1968 10 2233.0
1968 11 1980.0
1968 12 1430.0
1969 1 916.0
1969 2 1507.0
1969 3 2657.0
1969 4 2345.0
1969 5 2185.0
1969 6 2095.0
1969 7 1610.0
1969 8 1343.0
1969 9 1596.0
1969 10 1461.0
1969 11 1226.0
1969 12 1204.0
1970 1 967.0
1970 2 1100.0
1970 3 1513.0
1970 4 1757.0
1970 5 1718.0
1970 6 1702.0
1970 7 1699.0
1970 8 1386.0
1970 9 1505.0
1970 10 1489.0
1970 11 1174.0
1970 12 1149.0
1971 1 930.0
1971 2 1539.0
1971 3 1837.0
1971 4 2104.0
1971 5 1798.0
1971 6 2124.0
1971 7 2106.0
1971 8 1784.0
1971 9 1723.0
1971 10 1713.0
1971 11 1373.0
1971 12 990.0
1972 1 1104.0
1972 2 1421.0
1972 3 2123.0
1972 4 1980.0
1972 5 2083.0
1972 6 2407.0
1972 7 1993.0
1972 8 1765.0
1972 9 1593.0
1972 10 1716.0
1972 11 1420.0
1972 12 1062.0
1973 1 1253.0
1973 2 1529.0
1973 3 2088.0
1973 4 2118.0
1973 5 2065.0
1973 6 1898.0
1973 7 1623.0
1973 8 1440.0
1973 9 1221.0
1973 10 1344.0
1973 11 982.0
1973 12 708.0
1974 1 941.0
1974 2 1120.0
1974 3 1739.0
1974 4 2139.0
1974 5 1830.0
1974 6 1631.0
1974 7 1640.0
1974 8 1508.0
1974 9 1418.0
1974 10 1401.0
1974 11 1202.0
1974 12 1313.0
1975 1 1114.0
1975 2 1307.0
1975 3 1736.0
1975 4 2169.0
1975 5 2158.0
1975 6 2322.0
1975 7 2226.0
1975 8 2079.0
1975 9 2259.0
1975 10 2167.0
1975 11 1573.0
1975 12 1448.0
1976 1 1814.0
1976 2 1821.0
1976 3 2725.0
1976 4 3000.0
1976 5 2738.0
1976 6 3092.0
1976 7 2696.0
1976 8 2709.0
1976 9 2441.0
1976 10 2420.0
1976 11 2345.0
1976 12 1999.0
1977 1 2321.0
1977 2 2624.0
1977 3 3784.0
1977 4 3342.0
1977 5 3682.0
1977 6 3855.0
1977 7 3626.0
1977 8 3702.0
1977 9 3334.0
1977 10 3415.0
1977 11 3007.0
1977 12 2375.0
1978 1 2982.0
1978 2 2915.0
1978 3 4349.0
1978 4 3591.0
1978 5 3782.0
1978 6 3725.0
1978 7 2853.0
1978 8 3395.0
1978 9 2857.0
1978 10 2919.0
1978 11 2306.0
1978 12 1826.0
1979 1 2104.0
1979 2 2285.0
1979 3 3654.0
1979 4 3233.0
1979 5 3401.0
1979 6 2972.0
1979 7 2800.0
1979 8 2729.0
1979 9 2170.0
1979 10 2204.0
1979 11 1178.0
1979 12 621.0
1980 1 941.0
1980 2 1111.0
1980 3 1112.0
1980 4 1090.0
1980 5 1066.0
1980 6 1612.0
1980 7 2271.0
1980 8 2091.0
1980 9 1963.0
1980 10 1947.0
1980 11 1303.0
1980 12 906.0
1981 1 1171.0
1981 2 1260.0
1981 3 1817.0
1981 4 1774.0
1981 5 1475.0
1981 6 1568.0
1981 7 1391.0
1981 8 1061.0
1981 9 917.0
1981 10 826.0
1981 11 539.0
1981 12 657.0
1982 1 500.0
1982 2 500.0
1982 3 884.0
1982 4 894.0
1982 5 893.0
1982 6 917.0
1982 7 897.0
1982 8 947.0
1982 9 1036.0
1982 10 1214.0
1982 11 998.0
1982 12 1079.0
1983 1 1196.0
1983 2 1295.0
1983 3 1980.0
1983 4 1925.0
1983 5 2062.0
1983 6 1981.0
1983 7 1624.0
1983 8 1750.0
1983 9 1490.0
1983 10 1379.0
1983 11 1063.0
1983 12 1021.0
1984 1 1248.0
1984 2 1421.0
1984 3 1673.0
1984 4 1862.0
1984 5 1812.0
1984 6 1762.0
1984 7 1475.0
1984 8 1454.0
1984 9 1165.0
1984 10 1211.0
1984 11 974.0
1984 12 640.0
1985 1 1170.0
1985 2 1099.0
1985 3 1473.0
1985 4 1586.0
1985 5 1740.0
1985 6 1700.0
1985 7 1943.0
1985 8 1745.0
1985 9 1531.0
1985 10 1283.0
1985 11 750.0
1985 12 902.0
1986 1 1204.0
1986 2 1135.0
1986 3 2341.0
1986 4 2013.0
1986 5 1877.0
1986 6 1861.0
1986 7 1835.0
1986 8 1690.0
1986 9 1604.0
1986 10 1682.0
1986 11 1218.0
1986 12 1311.0
1987 1 1346.0
1987 2 1440.0
1987 3 1977.0
1987 4 2228.0
1987 5 1806.0
1987 6 1963.0
1987 7 2010.0
1987 8 1655.0
1987 9 1608.0
1987 10 1443.0
1987 11 1165.0
1987 12 1134.0
1988 1 1209.0
1988 2 1319.0
1988 3 2025.0
1988 4 1972.0
1988 5 2012.0
1988 6 2121.0
1988 7 1853.0
1988 8 2185.0
1988 9 1798.0
1988 10 1766.0
1988 11 1665.0
1988 12 1500.0
1989 1 1460.0
1989 2 1382.0
1989 3 2116.0
1989 4 2240.0
1989 5 2509.0
1989 6 2571.0
1989 7 2123.0
1989 8 2574.0
1989 9 2182.0
1989 10 2441.0
1989 11 2133.0
1989 12 1798.0
1990 1 2352.0
1990 2 2102.0
1990 3 2758.0
1990 4 2676.0
1990 5 2871.0
1990 6 2764.0
1990 7 2488.0
1990 8 2549.0
1990 9 1917.0
1990 10 1893.0
1990 11 1394.0
1990 12 1138.0
1991 1 1267.0
1991 2 1502.0
1991 3 1998.0
1991 4 2278.0
1991 5 2687.0
1991 6 2813.0
1991 7 2713.0
1991 8 2232.0
1991 9 2097.0
1991 10 2150.0
1991 11 1726.0
1991 12 1840.0
1992 1 1936.0
1992 2 2031.0
1992 3 2899.0
1992 4 2834.0
1992 5 2783.0
1992 6 3020.0
1992 7 2734.0
1992 8 2528.0
1992 9 2575.0
1992 10 2567.0
1992 11 1887.0
1992 12 1965.0
1993 1 1543.0
1993 2 1810.0
1993 3 2739.0
1993 4 2715.0
1993 5 2683.0
1993 6 3002.0
1993 7 2822.0
1993 8 2906.0
1993 9 2903.0
1993 10 2669.0
1993 11 2303.0
1993 12 2379.0
1994 1 2446.0
1994 2 2226.0
1994 3 3255.0
1994 4 3242.0
1994 5 3230.0
1994 6 3166.0
1994 7 2880.0
1994 8 2952.0
1994 9 2758.0
1994 10 2441.0
1994 11 1822.0
1994 12 1635.0
1995 1 1767.0
1995 2 1910.0
1995 3 2423.0
1995 4 2304.0
1995 5 2681.0
1995 6 2878.0
1995 7 2304.0
1995 8 2471.0
1995 9 2138.0
1995 10 2405.0
1995 11 1967.0
1995 12 2347.0
1996 1 2043.0
1996 2 2284.0
1996 3 2961.0
1996 4 3053.0
1996 5 2976.0
1996 6 2723.0
1996 7 2776.0
1996 8 2519.0
1996 9 2379.0
1996 10 2373.0
1996 11 1741.0
1996 12 1834.0
1997 1 1752.0
1997 2 1986.0
1997 3 2395.0
1997 4 2738.0
1997 5 2838.0
1997 6 2937.0
1997 7 2844.0
1997 8 2470.0
1997 9 2860.0
1997 10 2767.0
1997 11 1964.0
1997 12 2137.0
1998 1 1937.0
1998 2 2158.0
1998 3 3061.0
1998 4 3157.0
1998 5 2912.0
1998 6 3117.0
1998 7 2853.0
1998 8 2506.0
1998 9 2645.0
1998 10 2508.0
1998 11 1883.0
1998 12 1833.0
1999 1 1887.0
1999 2 2008.0
1999 3 2898.0
1999 4 2872.0
1999 5 2795.0
1999 6 3228.0
1999 7 2719.0
1999 8 2571.0
1999 9 2495.0
1999 10 2321.0
1999 11 1884.0
1999 12 1877.0
2000 1 1714.0
2000 2 1965.0
2000 3 2614.0
2000 4 2467.0
2000 5 2727.0
2000 6 2624.0
2000 7 2258.0
2000 8 2743.0
2000 9 2281.0
2000 10 2437.0
2000 11 1834.0
2000 12 1720.0
2001 1 2002.0
2001 2 2064.0
2001 3 2875.0
2001 4 2733.0
2001 5 2663.0
2001 6 2723.0
2001 7 2506.0
2001 8 2653.0
2001 9 2225.0
2001 10 2200.0
2001 11 1677.0
2001 12 1670.0
2002 1 1931.0
2002 2 2037.0
2002 3 2560.0
2002 4 3091.0
2002 5 3048.0
2002 6 3186.0
2002 7 3162.0
2002 8 2927.0
2002 9 2699.0
2002 10 3112.0
2002 11 2448.0
2002 12 2167.0
2003 1 2491.0
2003 2 2461.0
2003 3 3059.0
2003 4 3673.0
2003 5 2909.0
2003 6 2955.0
2003 7 3148.0
2003 8 2916.0
2003 9 2912.0
2003 10 2934.0
2003 11 2104.0
2003 12 2243.0
2004 1 2146.0
2004 2 2344.0
2004 3 3229.0
2004 4 3297.0
2004 5 3614.0
2004 6 3918.0
2004 7 3346.0
2004 8 3069.0
2004 9 3313.0
2004 10 3140.0
2004 11 2568.0
2004 12 2493.0
2005 1 2705.0
2005 2 2722.0
2005 3 3882.0
2005 4 3512.0
2005 5 3586.0
2005 6 3823.0
2005 7 3383.0
2005 8 3862.0
2005 9 3569.0
2005 10 3402.0
2005 11 3107.0
2005 12 2740.0
2006 1 2374.0
2006 2 2763.0
2006 3 3304.0
2006 4 3120.0
2006 5 3285.0
2006 6 3557.0
2006 7 2647.0
2006 8 3461.0
2006 9 2631.0
2006 10 2724.0
2006 11 1901.0
2006 12 1664.0
2007 1 2158.0
2007 2 2346.0
2007 3 3139.0
2007 4 2800.0
2007 5 3193.0
2007 6 3078.0
2007 7 2685.0
2007 8 2491.0
2007 9 2029.0
2007 10 2106.0
2007 11 1383.0
2007 12 1077.0
2008 1 1307.0
2008 2 1503.0
2008 3 1605.0
2008 4 1827.0
2008 5 1788.0
2008 6 1741.0
2008 7 1660.0
2008 8 1370.0
2008 9 1433.0
2008 10 1107.0
2008 11 674.0
2008 12 699.0
2009 1 600.0
2009 2 771.0
2009 3 854.0
2009 4 1068.0
2009 5 1161.0
2009 6 1320.0
2009 7 1364.0
2009 8 1373.0
2009 9 1236.0
2009 10 1162.0
2009 11 851.0
2009 12 1027.0
2010 1 943.0
2010 2 1190.0
2010 3 1659.0
2010 4 1465.0
2010 5 1154.0
2010 6 1525.0
2010 7 1233.0
2010 8 1256.0
2010 9 1149.0
2010 10 1071.0
2010 11 883.0
2010 12 880.0
2011 1 1042.0
2011 2 910.0
2011 3 1201.0
2011 4 1287.0
2011 5 1207.0
2011 6 1257.0
2011 7 1194.0
2011 8 1297.0
2011 9 1170.0
2011 10 963.0
2011 11 1000.0
2011 12 791.0
2012 1 919.0
2012 2 1053.0
2012 3 1664.0
2012 4 1406.0
2012 5 1668.0
2012 6 1603.0
2012 7 1606.0
2012 8 1755.0
2012 9 1458.0
2012 10 1612.0
2012 11 1207.0
2012 12 1243.0
2013 1 1297.0
2013 2 1312.0
2013 3 1681.0
2013 4 1877.0
2013 5 1858.0
2013 6 1870.0
2013 7 1905.0
2013 8 1608.0
2013 9 1216.0
2013 10 1519.0
2013 11 1142.0
2013 12 1109.0
2014 1 1315.0
2014 2 1095.0
2014 3 1407.0
2014 4 1599.0
2014 5 1552.0
2014 6 1730.0
2014 7 1802.0
2014 8 1520.0
2014 9 1485.0
2014 10 1396.0
2014 11 1164.0
2014 12 1405.0
2015 1 1206.0
2015 2 1300.0
2015 3 1630.0
2015 4 1794.0
2015 5 1773.0
2015 6 1912.0
2015 7 1897.0
2015 8 1760.0
2015 9 1681.0
2015 10 1752.0
2015 11 1382.0
2015 12 1463.0
2016 1 1377.0
2016 2 1602.0
2016 3 2087.0
2016 4 2090.0
2016 5 2140.0
2016 6 2301.0
2016 7 1970.0
2016 8 1946.0
2016 9 1645.0
2016 10 1690.0
2016 11 1515.0
2016 12 1484.0
2017 1 1495.0
2017 2 1639.0
2017 3 1859.0
2017 4 1974.0
2017 5 2345.0
2017 6 2257.0
2017 7 2101.0
2017 8 2269.0
2017 9 1900.0
2017 10 2032.0
2017 11 1644.0
2017 12 1667.0
2018 1 1752.0
2018 2 1735.0
2018 3 2259.0
2018 4 2208.0
2018 5 2175.0
2018 6 2307.0
2018 7 2038.0
2018 8 2324.0
2018 9 1834.0
2018 10 2029.0
2018 11 1574.0
2018 12 1392.0
2019 1 1480.0
2019 2 1441.0
2019 3 1861.0
2019 4 2085.0
2019 5 2189.0
2019 6 2082.0
2019 7 2284.0
2019 8 2189.0
2019 9 1858.0
2019 10 2075.0
2019 11 1933.0
2019 12 1777.0
2020 1 1778.0
2020 2 1839.0
2020 3 2013.0
2020 4 1143.0
2020 5 1810.0
2020 6 2132.0
2020 7 2302.0
2020 8 2142.0
2020 9 2163.0
2020 10 2291.0
2020 11 1766.0
2020 12 1951.0
2021 1 2036.0
2021 2 2238.0
2021 3 2763.0
2021 4 2338.0
2021 5 2016.0
2021 6 2232.0
2021 7 2150.0
2021 8 2158.0
2021 9 1967.0
2021 10 1913.0
2021 11 1693.0
2021 12 1775.0
2022 1 1740.0
2022 2 2003.0
2022 3 2269.0
2022 4 2001.0
2022 5 2198.0
2022 6 2002.0
2022 7 1609.0
2022 8 1862.0
2022 9 1420.0
2022 10 1218.0
2022 11 1077.0
2022 12 937.0
2023 1 1003.0
2023 2 1146.0
2023 3 1458.0
2023 4 1519.0
2023 5 1782.0
2023 6 1835.0
2023 7 1615.0
2023 8 1734.0
2023 9 1502.0
2023 10 1582.0
2023 11 1354.0
2023 12 1324.0
2024 1 1663.0
2024 2 1548.0
2024 3 1780.0
2024 4 1845.0
2024 5 1700.0
2024 6 1396.0
2024 7 1594.0
2024 8 1716.0
