1960 5 77.0
1960 6 65.0
1960 7 46.0
1960 8 75.0
1960 9 56.0
1960 10 63.0
1960 11 49.0
1960 12 41.0
1961 1 37.0
1961 2 91.0
1961 3 100.0
1961 4 71.0
1961 5 60.0
1961 6 84.0
1961 7 79.0
1961 8 71.0
1961 9 74.0
1961 10 47.0
1961 11 62.0
1961 12 48.0
1962 1 100.0
1962 2 128.0
1962 3 174.0
1962 4 133.0
1962 5 141.0
1962 6 110.0
1962 7 94.0
1962 8 82.0
1962 9 86.0
1962 10 124.0
1962 11 52.0
1962 12 66.0
1963 1 65.0
1963 2 70.0
1963 3 98.0
1963 4 105.0
1963 5 68.0
1963 6 74.0
1963 7 120.0
1963 8 89.0
1963 9 73.0
1963 10 98.0
1963 11 112.0
1963 12 86.0
1964 1 85.0
1964 2 82.0
1964 3 65.0
1964 4 85.0
1964 5 59.0
1964 6 82.0
1964 7 106.0
1964 8 98.0
1964 9 79.0
1964 10 113.0
1964 11 63.0
1964 12 40.0
1965 1 68.0
1965 2 61.0
1965 3 125.0
1965 4 106.0
1965 5 78.0
1965 6 104.0
1965 7 74.0
1965 8 84.0
1965 9 168.0
1965 10 76.0
1965 11 108.0
1965 12 93.0
1966 1 131.0
1966 2 94.0
1966 3 203.0
1966 4 147.0
1966 5 75.0
1966 6 103.0
1966 7 121.0
1966 8 58.0
1966 9 92.0
1966 10 72.0
1966 11 73.0
1966 12 66.0
1967 1 118.0
1967 2 120.0
1967 3 172.0
1967 4 171.0
1967 5 253.0
1967 6 263.0
1967 7 143.0
1967 8 183.0
1967 9 154.0
1967 10 285.0
1967 11 235.0
1967 12 224.0
1968 1 235.0
1968 2 219.0
1968 3 285.0
1968 4 286.0
1968 5 473.0
1968 6 287.0
1968 7 181.0
1968 8 354.0
1968 9 327.0
1968 10 233.0
1968 11 269.0
1968 12 216.0
1969 1 196.0
1969 2 261.0
1969 3 271.0
1969 4 393.0
1969 5 276.0
1969 6 202.0
1969 7 200.0
1969 8 118.0
1969 9 168.0
1969 10 186.0
1969 11 188.0
1969 12 107.0
1970 1 73.0
1970 2 244.0
1970 3 187.0
1970 4 204.0
1970 5 120.0
1970 6 262.0
1970 7 139.0
1970 8 190.0
1970 9 285.0
1970 10 437.0
1970 11 249.0
1970 12 194.0
1971 1 141.0
1971 2 367.0
1971 3 434.0
1971 4 363.0
1971 5 418.0
1971 6 319.0
1971 7 249.0
1971 8 172.0
1971 9 296.0
1971 10 276.0
1971 11 175.0
1971 12 118.0
1972 1 130.0
1972 2 209.0
1972 3 250.0
1972 4 191.0
1972 5 228.0
1972 6 269.0
1972 7 199.0
1972 8 163.0
1972 9 216.0
1972 10 779.0
1972 11 191.0
1972 12 76.0
1973 1 169.0
1973 2 222.0
1973 3 302.0
1973 4 283.0
1973 5 294.0
1973 6 197.0
1973 7 111.0
1973 8 195.0
1973 9 221.0
1973 10 205.0
1973 11 163.0
1973 12 139.0
1974 1 173.0
1974 2 304.0
1974 3 272.0
1974 4 442.0
1974 5 314.0
1974 6 192.0
1974 7 202.0
1974 8 124.0
1974 9 78.0
1974 10 117.0
1974 11 101.0
1974 12 194.0
1975 1 73.0
1975 2 138.0
1975 3 211.0
1975 4 235.0
1975 5 214.0
1975 6 462.0
1975 7 256.0
1975 8 178.0
1975 9 217.0
1975 10 189.0
1975 11 511.0
1975 12 257.0
1976 1 247.0
1976 2 220.0
1976 3 400.0
1976 4 528.0
1976 5 369.0
1976 6 319.0
1976 7 448.0
1976 8 422.0
1976 9 444.0
1976 10 445.0
1976 11 359.0
1976 12 333.0
1977 1 304.0
1977 2 490.0
1977 3 625.0
1977 4 419.0
1977 5 567.0
1977 6 586.0
1977 7 543.0
1977 8 476.0
1977 9 466.0
1977 10 582.0
1977 11 591.0
1977 12 424.0
1978 1 465.0
1978 2 351.0
1978 3 733.0
1978 4 668.0
1978 5 445.0
1978 6 623.0
1978 7 357.0
1978 8 515.0
1978 9 258.0
1978 10 552.0
1978 11 460.0
1978 12 348.0
1979 1 341.0
1979 2 422.0
1979 3 401.0
1979 4 624.0
1979 5 414.0
1979 6 555.0
1979 7 667.0
1979 8 438.0
1979 9 324.0
1979 10 434.0
1979 11 319.0
1979 12 208.0
1980 1 349.0
1980 2 297.0
1980 3 388.0
1980 4 129.0
1980 5 204.0
1980 6 162.0
1980 7 978.0
1980 8 249.0
1980 9 279.0
1980 10 321.0
1980 11 354.0
1980 12 204.0
1981 1 361.0
1981 2 270.0
1981 3 310.0
1981 4 222.0
1981 5 298.0
1981 6 242.0
1981 7 185.0
1981 8 220.0
1981 9 163.0
1981 10 246.0
1981 11 179.0
1981 12 64.0
1982 1 43.0
1982 2 104.0
1982 3 137.0
1982 4 86.0
1982 5 198.0
1982 6 143.0
1982 7 153.0
1982 8 55.0
1982 9 191.0
1982 10 102.0
1982 11 172.0
1982 12 123.0
1983 1 134.0
1983 2 242.0
1983 3 204.0
1983 4 220.0
1983 5 357.0
1983 6 233.0
1983 7 183.0
1983 8 273.0
1983 9 166.0
1983 10 203.0
1983 11 215.0
1983 12 125.0
1984 1 269.0
1984 2 133.0
1984 3 240.0
1984 4 299.0
1984 5 197.0
1984 6 311.0
1984 7 163.0
1984 8 265.0
1984 9 155.0
1984 10 185.0
1984 11 98.0
1984 12 78.0
1985 1 175.0
1985 2 181.0
1985 3 265.0
1985 4 248.0
1985 5 600.0
1985 6 384.0
1985 7 264.0
1985 8 292.0
1985 9 379.0
1985 10 195.0
1985 11 142.0
1985 12 143.0
1986 1 215.0
1986 2 127.0
1986 3 264.0
1986 4 329.0
1986 5 262.0
1986 6 203.0
1986 7 155.0
1986 8 220.0
1986 9 117.0
1986 10 195.0
1986 11 84.0
1986 12 134.0
1987 1 71.0
1987 2 132.0
1987 3 122.0
1987 4 134.0
1987 5 110.0
1987 6 134.0
1987 7 336.0
1987 8 209.0
1987 9 211.0
1987 10 154.0
1987 11 175.0
1987 12 104.0
1988 1 118.0
1988 2 153.0
1988 3 225.0
1988 4 114.0
1988 5 168.0
1988 6 154.0
1988 7 145.0
1988 8 178.0
1988 9 156.0
1988 10 169.0
1988 11 200.0
1988 12 91.0
1989 1 138.0
1989 2 208.0
1989 3 131.0
1989 4 134.0
1989 5 218.0
1989 6 180.0
1989 7 201.0
1989 8 202.0
1989 9 139.0
1989 10 156.0
1989 11 200.0
1989 12 123.0
1990 1 422.0
1990 2 324.0
1990 3 250.0
1990 4 166.0
1990 5 217.0
1990 6 117.0
1990 7 164.0
1990 8 264.0
1990 9 156.0
1990 10 251.0
1990 11 120.0
1990 12 95.0
1991 1 121.0
1991 2 77.0
1991 3 120.0
1991 4 136.0
1991 5 148.0
1991 6 204.0
1991 7 182.0
1991 8 115.0
1991 9 137.0
1991 10 126.0
1991 11 126.0
1991 12 107.0
1992 1 131.0
1992 2 128.0
1992 3 189.0
1992 4 230.0
1992 5 150.0
1992 6 253.0
1992 7 216.0
1992 8 151.0
1992 9 217.0
1992 10 129.0
1992 11 204.0
1992 12 83.0
1993 1 145.0
1993 2 173.0
1993 3 176.0
1993 4 234.0
1993 5 138.0
1993 6 149.0
1993 7 162.0
1993 8 183.0
1993 9 329.0
1993 10 243.0
1993 11 123.0
1993 12 163.0
1994 1 265.0
1994 2 113.0
1994 3 226.0
1994 4 192.0
1994 5 231.0
1994 6 243.0
1994 7 243.0
1994 8 370.0
1994 9 233.0
1994 10 210.0
1994 11 233.0
1994 12 144.0
1995 1 195.0
1995 2 162.0
1995 3 291.0
1995 4 286.0
1995 5 307.0
1995 6 383.0
1995 7 312.0
1995 8 300.0
1995 9 174.0
1995 10 207.0
1995 11 233.0
1995 12 245.0
1996 1 200.0
1996 2 116.0
1996 3 192.0
1996 4 304.0
1996 5 321.0
1996 6 234.0
1996 7 259.0
1996 8 297.0
1996 9 318.0
1996 10 314.0
1996 11 180.0
1996 12 181.0
1997 1 209.0
1997 2 205.0
1997 3 187.0
1997 4 223.0
1997 5 183.0
1997 6 296.0
1997 7 496.0
1997 8 338.0
1997 9 186.0
1997 10 204.0
1997 11 188.0
1997 12 364.0
1998 1 154.0
1998 2 185.0
1998 3 296.0
1998 4 213.0
1998 5 296.0
1998 6 266.0
1998 7 277.0
1998 8 206.0
1998 9 195.0
1998 10 366.0
1998 11 148.0
1998 12 203.0
1999 1 109.0
1999 2 126.0
1999 3 164.0
1999 4 157.0
1999 5 179.0
1999 6 237.0
1999 7 164.0
1999 8 143.0
1999 9 237.0
1999 10 178.0
1999 11 178.0
1999 12 141.0
2000 1 133.0
2000 2 144.0
2000 3 127.0
2000 4 172.0
2000 5 271.0
2000 6 166.0
2000 7 188.0
2000 8 313.0
2000 9 306.0
2000 10 163.0
2000 11 221.0
2000 12 194.0
2001 1 110.0
2001 2 106.0
2001 3 215.0
2001 4 155.0
2001 5 249.0
2001 6 141.0
2001 7 266.0
2001 8 212.0
2001 9 175.0
2001 10 162.0
2001 11 74.0
2001 12 103.0
2002 1 204.0
2002 2 225.0
2002 3 320.0
2002 4 215.0
2002 5 139.0
2002 6 186.0
2002 7 158.0
2002 8 194.0
2002 9 179.0
2002 10 190.0
2002 11 101.0
2002 12 161.0
2003 1 115.0
2003 2 167.0
2003 3 188.0
2003 4 225.0
2003 5 217.0
2003 6 212.0
2003 7 118.0
2003 8 179.0
2003 9 210.0
2003 10 269.0
2003 11 130.0
2003 12 152.0
2004 1 141.0
2004 2 152.0
2004 3 333.0
2004 4 308.0
2004 5 339.0
2004 6 333.0
2004 7 246.0
2004 8 233.0
2004 9 264.0
2004 10 158.0
2004 11 162.0
2004 12 234.0
2005 1 114.0
2005 2 165.0
2005 3 174.0
2005 4 216.0
2005 5 255.0
2005 6 188.0
2005 7 215.0
2005 8 242.0
2005 9 254.0
2005 10 177.0
2005 11 132.0
2005 12 144.0
2006 1 209.0
2006 2 196.0
2006 3 224.0
2006 4 165.0
2006 5 143.0
2006 6 157.0
2006 7 445.0
2006 8 324.0
2006 9 244.0
2006 10 281.0
2006 11 133.0
2006 12 185.0
2007 1 328.0
2007 2 255.0
2007 3 411.0
2007 4 268.0
2007 5 268.0
2007 6 320.0
2007 7 276.0
2007 8 315.0
2007 9 201.0
2007 10 285.0
2007 11 173.0
2007 12 227.0
2008 1 228.0
2008 2 344.0
2008 3 186.0
2008 4 189.0
2008 5 198.0
2008 6 129.0
2008 7 206.0
2008 8 135.0
2008 9 161.0
2008 10 227.0
2008 11 52.0
2008 12 62.0
2009 1 78.0
2009 2 22.0
2009 3 72.0
2009 4 82.0
2009 5 174.0
2009 6 68.0
2009 7 87.0
2009 8 104.0
2009 9 22.0
2009 10 84.0
2009 11 49.0
2009 12 54.0
2010 1 25.0
2010 2 54.0
2010 3 100.0
2010 4 47.0
2010 5 27.0
2010 6 69.0
2010 7 58.0
2010 8 64.0
2010 9 40.0
2010 10 60.0
2010 11 38.0
2010 12 33.0
2011 1 14.0
2011 2 34.0
2011 3 30.0
2011 4 32.0
2011 5 35.0
2011 6 33.0
2011 7 38.0
2011 8 29.0
2011 9 47.0
2011 10 47.0
2011 11 76.0
2011 12 11.0
2012 1 28.0
2012 2 19.0
2012 3 39.0
2012 4 17.0
2012 5 50.0
2012 6 30.0
2012 7 63.0
2012 8 83.0
2012 9 36.0
2012 10 124.0
2012 11 50.0
2012 12 17.0
2013 1 46.0
2013 2 62.0
2013 3 71.0
2013 4 104.0
2013 5 49.0
2013 6 89.0
2013 7 45.0
2013 8 59.0
2013 9 47.0
2013 10 56.0
2013 11 49.0
2013 12 98.0
2014 1 67.0
2014 2 85.0
2014 3 97.0
2014 4 58.0
2014 5 65.0
2014 6 414.0
2014 7 136.0
2014 8 182.0
2014 9 76.0
2014 10 129.0
2014 11 98.0
2014 12 121.0
2015 1 55.0
2015 2 130.0
2015 3 255.0
2015 4 136.0
2015 5 170.0
2015 6 150.0
2015 7 113.0
2015 8 99.0
2015 9 141.0
2015 10 134.0
2015 11 98.0
2015 12 85.0
2016 1 134.0
2016 2 113.0
2016 3 150.0
2016 4 112.0
2016 5 92.0
2016 6 147.0
2016 7 172.0
2016 8 77.0
2016 9 111.0
2016 10 86.0
2016 11 110.0
2016 12 104.0
2017 1 125.0
2017 2 99.0
2017 3 126.0
2017 4 113.0
2017 5 109.0
2017 6 133.0
2017 7 133.0
2017 8 146.0
2017 9 131.0
2017 10 134.0
2017 11 139.0
2017 12 140.0
2018 1 112.0
2018 2 143.0
2018 3 197.0
2018 4 140.0
2018 5 115.0
2018 6 139.0
2018 7 139.0
2018 8 217.0
2018 9 203.0
2018 10 230.0
2018 11 290.0
2018 12 175.0
2019 1 234.0
2019 2 201.0
2019 3 189.0
2019 4 257.0
2019 5 207.0
2019 6 135.0
2019 7 247.0
2019 8 279.0
2019 9 148.0
2019 10 182.0
2019 11 228.0
2019 12 212.0
2020 1 166.0
2020 2 148.0
2020 3 196.0
2020 4 187.0
2020 5 181.0
2020 6 173.0
2020 7 217.0
2020 8 183.0
2020 9 152.0
2020 10 149.0
2020 11 460.0
2020 12 183.0
2021 1 270.0
2021 2 156.0
2021 3 306.0
2021 4 343.0
2021 5 240.0
2021 6 296.0
2021 7 182.0
2021 8 363.0
2021 9 343.0
2021 10 179.0
2021 11 210.0
2021 12 195.0
2022 1 248.0
2022 2 221.0
2022 3 295.0
2022 4 290.0
2022 5 298.0
2022 6 266.0
2022 7 314.0
2022 8 210.0
2022 9 189.0
2022 10 206.0
2022 11 160.0
2022 12 121.0
2023 1 170.0
2023 2 148.0
2023 3 277.0
2023 4 202.0
2023 5 178.0
2023 6 300.0
2023 7 185.0
2023 8 194.0
2023 9 183.0
2023 10 175.0
2023 11 132.0
2023 12 104.0
2024 1 179.0
2024 2 131.0
2024 3 215.0
2024 4 189.0
2024 5 198.0
2024 6 170.0
2024 7 221.0
2024 8 252.0
