1960 5 183.0
1960 6 175.0
1960 7 143.0
1960 8 261.0
1960 9 113.0
1960 10 187.0
1960 11 90.0
1960 12 156.0
1961 1 124.0
1961 2 129.0
1961 3 356.0
1961 4 326.0
1961 5 190.0
1961 6 170.0
1961 7 215.0
1961 8 266.0
1961 9 230.0
1961 10 348.0
1961 11 322.0
1961 12 310.0
1962 1 525.0
1962 2 605.0
1962 3 580.0
1962 4 711.0
1962 5 682.0
1962 6 583.0
1962 7 455.0
1962 8 371.0
1962 9 594.0
1962 10 360.0
1962 11 369.0
1962 12 250.0
1963 1 432.0
1963 2 569.0
1963 3 441.0
1963 4 482.0
1963 5 650.0
1963 6 681.0
1963 7 539.0
1963 8 631.0
1963 9 316.0
1963 10 408.0
1963 11 465.0
1963 12 510.0
1964 1 358.0
1964 2 447.0
1964 3 381.0
1964 4 714.0
1964 5 617.0
1964 6 489.0
1964 7 592.0
1964 8 559.0
1964 9 378.0
1964 10 497.0
1964 11 263.0
1964 12 258.0
1965 1 475.0
1965 2 300.0
1965 3 590.0
1965 4 575.0
1965 5 399.0
1965 6 502.0
1965 7 438.0
1965 8 382.0
1965 9 550.0
1965 10 415.0
1965 11 297.0
1965 12 343.0
1966 1 483.0
1966 2 703.0
1966 3 780.0
1966 4 1027.0
1966 5 958.0
1966 6 686.0
1966 7 704.0
1966 8 561.0
1966 9 574.0
1966 10 844.0
1966 11 583.0
1966 12 661.0
1967 1 803.0
1967 2 901.0
1967 3 1471.0
1967 4 1625.0
1967 5 2267.0
1967 6 1869.0
1967 7 1431.0
1967 8 2141.0
1967 9 1658.0
1967 10 1822.0
1967 11 1320.0
1967 12 1445.0
1968 1 1437.0
1968 2 1897.0
1968 3 2606.0
1968 4 2156.0
1968 5 1614.0
1968 6 1568.0
1968 7 2160.0
1968 8 1722.0
1968 9 2049.0
1968 10 1089.0
1968 11 1571.0
1968 12 1012.0
1969 1 1196.0
1969 2 894.0
1969 3 1822.0
1969 4 2182.0
1969 5 1375.0
1969 6 1399.0
1969 7 1446.0
1969 8 1624.0
1969 9 891.0
1969 10 1164.0
1969 11 731.0
1969 12 807.0
1970 1 573.0
1970 2 866.0
1970 3 1286.0
1970 4 1481.0
1970 5 773.0
1970 6 1311.0
1970 7 461.0
1970 8 1051.0
1970 9 1260.0
1970 10 759.0
1970 11 559.0
1970 12 332.0
1971 1 803.0
1971 2 1626.0
1971 3 1156.0
1971 4 1256.0
1971 5 831.0
1971 6 948.0
1971 7 696.0
1971 8 873.0
1971 9 938.0
1971 10 763.0
1971 11 746.0
1971 12 548.0
1972 1 479.0
1972 2 707.0
1972 3 783.0
1972 4 486.0
1972 5 589.0
1972 6 610.0
1972 7 609.0
1972 8 972.0
1972 9 1002.0
1972 10 1095.0
1972 11 737.0
1972 12 399.0
1973 1 813.0
1973 2 368.0
1973 3 936.0
1973 4 711.0
1973 5 560.0
1973 6 1149.0
1973 7 417.0
1973 8 712.0
1973 9 712.0
1973 10 1081.0
1973 11 401.0
1973 12 601.0
1974 1 463.0
1974 2 676.0
1974 3 816.0
1974 4 1093.0
1974 5 873.0
1974 6 765.0
1974 7 1258.0
1974 8 574.0
1974 9 228.0
1974 10 530.0
1974 11 221.0
1974 12 871.0
1975 1 435.0
1975 2 424.0
1975 3 696.0
1975 4 1125.0
1975 5 1331.0
1975 6 1429.0
1975 7 993.0
1975 8 902.0
1975 9 1332.0
1975 10 567.0
1975 11 1011.0
1975 12 1195.0
1976 1 895.0
1976 2 1102.0
1976 3 1256.0
1976 4 1430.0
1976 5 1331.0
1976 6 1549.0
1976 7 1869.0
1976 8 1355.0
1976 9 1779.0
1976 10 1243.0
1976 11 1329.0
1976 12 1008.0
1977 1 1406.0
1977 2 1211.0
1977 3 1415.0
1977 4 1580.0
1977 5 1857.0
1977 6 1459.0
1977 7 1858.0
1977 8 1814.0
1977 9 1864.0
1977 10 2201.0
1977 11 1961.0
1977 12 1555.0
1978 1 1728.0
1978 2 1179.0
1978 3 1606.0
1978 4 2058.0
1978 5 2764.0
1978 6 2305.0
1978 7 1864.0
1978 8 2614.0
1978 9 1319.0
1978 10 2172.0
1978 11 1250.0
1978 12 1169.0
1979 1 1389.0
1979 2 1558.0
1979 3 1385.0
1979 4 2187.0
1979 5 1909.0
1979 6 2255.0
1979 7 2477.0
1979 8 2239.0
1979 9 1769.0
1979 10 1483.0
1979 11 1327.0
1979 12 1168.0
1980 1 1223.0
1980 2 918.0
1980 3 1052.0
1980 4 483.0
1980 5 1448.0
1980 6 1936.0
1980 7 2186.0
1980 8 1116.0
1980 9 1653.0
1980 10 1216.0
1980 11 1051.0
1980 12 685.0
1981 1 884.0
1981 2 939.0
1981 3 809.0
1981 4 1291.0
1981 5 943.0
1981 6 947.0
1981 7 683.0
1981 8 457.0
1981 9 747.0
1981 10 1030.0
1981 11 507.0
1981 12 451.0
1982 1 166.0
1982 2 506.0
1982 3 487.0
1982 4 454.0
1982 5 871.0
1982 6 586.0
1982 7 501.0
1982 8 327.0
1982 9 735.0
1982 10 693.0
1982 11 523.0
1982 12 380.0
1983 1 481.0
1983 2 406.0
1983 3 285.0
1983 4 834.0
1983 5 1154.0
1983 6 1431.0
1983 7 995.0
1983 8 680.0
1983 9 1037.0
1983 10 665.0
1983 11 542.0
1983 12 382.0
1984 1 1043.0
1984 2 870.0
1984 3 931.0
1984 4 1188.0
1984 5 1433.0
1984 6 1563.0
1984 7 1171.0
1984 8 936.0
1984 9 2142.0
1984 10 1534.0
1984 11 489.0
1984 12 505.0
1985 1 618.0
1985 2 966.0
1985 3 1842.0
1985 4 1697.0
1985 5 2110.0
1985 6 1236.0
1985 7 1829.0
1985 8 1885.0
1985 9 1837.0
1985 10 1102.0
1985 11 1277.0
1985 12 972.0
1986 1 1392.0
1986 2 995.0
1986 3 2102.0
1986 4 2025.0
1986 5 1802.0
1986 6 1731.0
1986 7 1637.0
1986 8 1192.0
1986 9 1446.0
1986 10 1138.0
1986 11 693.0
1986 12 1113.0
1987 1 776.0
1987 2 1105.0
1987 3 1167.0
1987 4 854.0
1987 5 1641.0
1987 6 1132.0
1987 7 2297.0
1987 8 1417.0
1987 9 2629.0
1987 10 2106.0
1987 11 864.0
1987 12 1379.0
1988 1 1110.0
1988 2 873.0
1988 3 1631.0
1988 4 1413.0
1988 5 1244.0
1988 6 1285.0
1988 7 3127.0
1988 8 2392.0
1988 9 3846.0
1988 10 1699.0
1988 11 1408.0
1988 12 1919.0
1989 1 1324.0
1989 2 841.0
1989 3 1976.0
1989 4 1215.0
1989 5 1597.0
1989 6 1672.0
1989 7 2443.0
1989 8 1919.0
1989 9 2237.0
1989 10 2026.0
1989 11 1015.0
1989 12 1802.0
1990 1 1023.0
1990 2 1711.0
1990 3 2503.0
1990 4 1037.0
1990 5 1526.0
1990 6 1985.0
1990 7 1542.0
1990 8 1991.0
1990 9 1231.0
1990 10 1848.0
1990 11 804.0
1990 12 917.0
1991 1 420.0
1991 2 854.0
1991 3 647.0
1991 4 564.0
1991 5 507.0
1991 6 1380.0
1991 7 1324.0
1991 8 740.0
1991 9 1095.0
1991 10 453.0
1991 11 385.0
1991 12 414.0
1992 1 628.0
1992 2 832.0
1992 3 734.0
1992 4 1182.0
1992 5 852.0
1992 6 768.0
1992 7 922.0
1992 8 724.0
1992 9 1066.0
1992 10 893.0
1992 11 756.0
1992 12 745.0
1993 1 361.0
1993 2 432.0
1993 3 804.0
1993 4 1010.0
1993 5 951.0
1993 6 641.0
1993 7 795.0
1993 8 1007.0
1993 9 1122.0
1993 10 931.0
1993 11 1021.0
1993 12 687.0
1994 1 560.0
1994 2 801.0
1994 3 848.0
1994 4 733.0
1994 5 870.0
1994 6 1135.0
1994 7 1190.0
1994 8 1647.0
1994 9 1916.0
1994 10 1107.0
1994 11 770.0
1994 12 765.0
1995 1 587.0
1995 2 576.0
1995 3 988.0
1995 4 949.0
1995 5 1085.0
1995 6 1862.0
1995 7 1114.0
1995 8 850.0
1995 9 671.0
1995 10 851.0
1995 11 1106.0
1995 12 1075.0
1996 1 466.0
1996 2 816.0
1996 3 1189.0
1996 4 934.0
1996 5 1175.0
1996 6 1205.0
1996 7 1073.0
1996 8 1222.0
1996 9 1203.0
1996 10 1057.0
1996 11 1257.0
1996 12 1125.0
1997 1 742.0
1997 2 667.0
1997 3 1143.0
1997 4 604.0
1997 5 872.0
1997 6 876.0
1997 7 1646.0
1997 8 1517.0
1997 9 1917.0
1997 10 1075.0
1997 11 936.0
1997 12 1041.0
1998 1 1178.0
1998 2 1415.0
1998 3 735.0
1998 4 1383.0
1998 5 555.0
1998 6 1297.0
1998 7 1775.0
1998 8 1089.0
1998 9 1375.0
1998 10 2808.0
1998 11 1265.0
1998 12 627.0
1999 1 607.0
1999 2 1068.0
1999 3 886.0
1999 4 1367.0
1999 5 1995.0
1999 6 1410.0
1999 7 1160.0
1999 8 1080.0
1999 9 1050.0
1999 10 1716.0
1999 11 796.0
1999 12 683.0
2000 1 1191.0
2000 2 1306.0
2000 3 783.0
2000 4 963.0
2000 5 1196.0
2000 6 1276.0
2000 7 1224.0
2000 8 1424.0
2000 9 1320.0
2000 10 789.0
2000 11 1263.0
2000 12 1585.0
2001 1 1284.0
2001 2 413.0
2001 3 948.0
2001 4 1047.0
2001 5 1195.0
2001 6 1231.0
2001 7 1178.0
2001 8 1343.0
2001 9 746.0
2001 10 946.0
2001 11 886.0
2001 12 426.0
2002 1 553.0
2002 2 374.0
2002 3 702.0
2002 4 731.0
2002 5 1274.0
2002 6 1224.0
2002 7 596.0
2002 8 651.0
2002 9 789.0
2002 10 1037.0
2002 11 970.0
2002 12 602.0
2003 1 622.0
2003 2 543.0
2003 3 666.0
2003 4 584.0
2003 5 1144.0
2003 6 1033.0
2003 7 940.0
2003 8 1081.0
2003 9 972.0
2003 10 586.0
2003 11 574.0
2003 12 388.0
2004 1 627.0
2004 2 394.0
2004 3 918.0
2004 4 790.0
2004 5 779.0
2004 6 886.0
2004 7 936.0
2004 8 1067.0
2004 9 1782.0
2004 10 1126.0
2004 11 1057.0
2004 12 1475.0
2005 1 482.0
2005 2 942.0
2005 3 859.0
2005 4 938.0
2005 5 698.0
2005 6 1218.0
2005 7 1696.0
2005 8 713.0
2005 9 1202.0
2005 10 1025.0
2005 11 1753.0
2005 12 841.0
2006 1 797.0
2006 2 772.0
2006 3 705.0
2006 4 1354.0
2006 5 1594.0
2006 6 1388.0
2006 7 2292.0
2006 8 1095.0
2006 9 2085.0
2006 10 881.0
2006 11 616.0
2006 12 1179.0
2007 1 2018.0
2007 2 1798.0
2007 3 1254.0
2007 4 676.0
2007 5 1814.0
2007 6 917.0
2007 7 1237.0
2007 8 2425.0
2007 9 1040.0
2007 10 1687.0
2007 11 1103.0
2007 12 1008.0
2008 1 697.0
2008 2 1035.0
2008 3 874.0
2008 4 1054.0
2008 5 1160.0
2008 6 1328.0
2008 7 696.0
2008 8 1186.0
2008 9 841.0
2008 10 1502.0
2008 11 412.0
2008 12 202.0
2009 1 618.0
2009 2 113.0
2009 3 355.0
2009 4 102.0
2009 5 355.0
2009 6 172.0
2009 7 92.0
2009 8 307.0
2009 9 440.0
2009 10 347.0
2009 11 89.0
2009 12 171.0
2010 1 710.0
2010 2 195.0
2010 3 119.0
2010 4 89.0
2010 5 229.0
2010 6 620.0
2010 7 388.0
2010 8 1190.0
2010 9 366.0
2010 10 375.0
2010 11 302.0
2010 12 816.0
2011 1 48.0
2011 2 169.0
2011 3 242.0
2011 4 968.0
2011 5 1411.0
2011 6 518.0
2011 7 577.0
2011 8 1335.0
2011 9 607.0
2011 10 374.0
2011 11 535.0
2011 12 769.0
2012 1 219.0
2012 2 506.0
2012 3 1129.0
2012 4 653.0
2012 5 941.0
2012 6 1401.0
2012 7 1003.0
2012 8 1209.0
2012 9 1124.0
2012 10 899.0
2012 11 962.0
2012 12 716.0
2013 1 1071.0
2013 2 843.0
2013 3 825.0
2013 4 453.0
2013 5 1392.0
2013 6 562.0
2013 7 890.0
2013 8 1127.0
2013 9 1426.0
2013 10 1385.0
2013 11 1122.0
2013 12 1054.0
2014 1 454.0
2014 2 1080.0
2014 3 1073.0
2014 4 1721.0
2014 5 1694.0
2014 6 1253.0
2014 7 1404.0
2014 8 1676.0
2014 9 1816.0
2014 10 1434.0
2014 11 1337.0
2014 12 1189.0
2015 1 2006.0
2015 2 2469.0
2015 3 1672.0
2015 4 1224.0
2015 5 1738.0
2015 6 1837.0
2015 7 1125.0
2015 8 2583.0
2015 9 1929.0
2015 10 1215.0
2015 11 1489.0
2015 12 1138.0
2016 1 1232.0
2016 2 778.0
2016 3 1542.0
2016 4 1553.0
2016 5 1691.0
2016 6 2251.0
2016 7 1335.0
2016 8 1041.0
2016 9 2838.0
2016 10 2388.0
2016 11 2134.0
2016 12 2218.0
2017 1 1282.0
2017 2 1334.0
2017 3 1531.0
2017 4 1864.0
2017 5 1602.0
2017 6 1698.0
2017 7 1492.0
2017 8 2530.0
2017 9 1525.0
2017 10 2360.0
2017 11 2494.0
2017 12 1682.0
2018 1 1086.0
2018 2 1309.0
2018 3 2747.0
2018 4 1942.0
2018 5 1143.0
2018 6 1817.0
2018 7 985.0
2018 8 2014.0
2018 9 1558.0
2018 10 1577.0
2018 11 2367.0
2018 12 2172.0
2019 1 1395.0
2019 2 843.0
2019 3 2433.0
2019 4 2992.0
2019 5 2150.0
2019 6 1565.0
2019 7 2144.0
2019 8 1944.0
2019 9 2263.0
2019 10 1693.0
2019 11 3236.0
2019 12 2664.0
2020 1 1837.0
2020 2 1454.0
2020 3 1863.0
2020 4 1573.0
2020 5 2747.0
2020 6 1266.0
2020 7 1272.0
2020 8 1395.0
2020 9 2303.0
2020 10 1240.0
2020 11 1903.0
2020 12 2351.0
2021 1 2169.0
2021 2 2391.0
2021 3 2134.0
2021 4 1939.0
2021 5 2107.0
2021 6 1657.0
2021 7 2416.0
2021 8 4191.0
2021 9 1734.0
2021 10 3074.0
2021 11 3431.0
2021 12 3515.0
2022 1 2278.0
2022 2 2313.0
2022 3 3100.0
2022 4 2126.0
2022 5 2063.0
2022 6 3421.0
2022 7 2504.0
2022 8 2217.0
2022 9 1907.0
2022 10 1854.0
2022 11 1999.0
2022 12 2508.0
2023 1 1255.0
2023 2 3059.0
2023 3 1935.0
2023 4 1299.0
2023 5 2173.0
2023 6 1342.0
2023 7 1048.0
2023 8 1958.0
2023 9 1373.0
2023 10 1375.0
2023 11 1021.0
2023 12 1418.0
2024 1 812.0
2024 2 1160.0
2024 3 2286.0
2024 4 1148.0
2024 5 1576.0
2024 6 991.0
2024 7 1487.0
2024 8 1532.0
