1960 5 176.0
1960 6 150.0
1960 7 187.0
1960 8 131.0
1960 9 123.0
1960 10 128.0
1960 11 74.0
1960 12 46.0
1961 1 51.0
1961 2 70.0
1961 3 136.0
1961 4 104.0
1961 5 134.0
1961 6 104.0
1961 7 124.0
1961 8 162.0
1961 9 125.0
1961 10 103.0
1961 11 79.0
1961 12 58.0
1962 1 35.0
1962 2 103.0
1962 3 103.0
1962 4 222.0
1962 5 114.0
1962 6 109.0
1962 7 107.0
1962 8 99.0
1962 9 98.0
1962 10 107.0
1962 11 64.0
1962 12 37.0
1963 1 57.0
1963 2 60.0
1963 3 88.0
1963 4 131.0
1963 5 106.0
1963 6 98.0
1963 7 236.0
1963 8 129.0
1963 9 113.0
1963 10 279.0
1963 11 81.0
1963 12 42.0
1964 1 43.0
1964 2 55.0
1964 3 99.0
1964 4 119.0
1964 5 325.0
1964 6 108.0
1964 7 166.0
1964 8 108.0
1964 9 101.0
1964 10 91.0
1964 11 74.0
1964 12 57.0
1965 1 36.0
1965 2 70.0
1965 3 108.0
1965 4 105.0
1965 5 121.0
1965 6 97.0
1965 7 84.0
1965 8 94.0
1965 9 102.0
1965 10 101.0
1965 11 108.0
1965 12 75.0
1966 1 39.0
1966 2 36.0
1966 3 189.0
1966 4 170.0
1966 5 187.0
1966 6 103.0
1966 7 276.0
1966 8 82.0
1966 9 75.0
1966 10 68.0
1966 11 41.0
1966 12 28.0
1967 1 72.0
1967 2 58.0
1967 3 78.0
1967 4 68.0
1967 5 106.0
1967 6 85.0
1967 7 71.0
1967 8 77.0
1967 9 111.0
1967 10 119.0
1967 11 88.0
1967 12 63.0
1968 1 22.0
1968 2 171.0
1968 3 102.0
1968 4 167.0
1968 5 111.0
1968 6 140.0
1968 7 361.0
1968 8 94.0
1968 9 292.0
1968 10 77.0
1968 11 136.0
1968 12 111.0
1969 1 76.0
1969 2 62.0
1969 3 156.0
1969 4 197.0
1969 5 170.0
1969 6 192.0
1969 7 163.0
1969 8 419.0
1969 9 1330.0
1969 10 111.0
1969 11 95.0
1969 12 57.0
1970 1 29.0
1970 2 183.0
1970 3 161.0
1970 4 93.0
1970 5 118.0
1970 6 286.0
1970 7 101.0
1970 8 191.0
1970 9 385.0
1970 10 1230.0
1970 11 67.0
1970 12 160.0
1971 1 112.0
1971 2 60.0
1971 3 244.0
1971 4 748.0
1971 5 560.0
1971 6 241.0
1971 7 157.0
1971 8 252.0
1971 9 164.0
1971 10 224.0
1971 11 95.0
1971 12 87.0
1972 1 106.0
1972 2 109.0
1972 3 233.0
1972 4 182.0
1972 5 174.0
1972 6 330.0
1972 7 108.0
1972 8 227.0
1972 9 263.0
1972 10 299.0
1972 11 248.0
1972 12 128.0
1973 1 275.0
1973 2 325.0
1973 3 427.0
1973 4 177.0
1973 5 207.0
1973 6 201.0
1973 7 381.0
1973 8 130.0
1973 9 80.0
1973 10 126.0
1973 11 66.0
1973 12 58.0
1974 1 147.0
1974 2 158.0
1974 3 98.0
1974 4 132.0
1974 5 84.0
1974 6 97.0
1974 7 69.0
1974 8 84.0
1974 9 66.0
1974 10 59.0
1974 11 81.0
1974 12 29.0
1975 1 49.0
1975 2 184.0
1975 3 98.0
1975 4 98.0
1975 5 96.0
1975 6 135.0
1975 7 318.0
1975 8 113.0
1975 9 73.0
1975 10 118.0
1975 11 102.0
1975 12 475.0
1976 1 102.0
1976 2 139.0
1976 3 169.0
1976 4 165.0
1976 5 165.0
1976 6 132.0
1976 7 296.0
1976 8 175.0
1976 9 227.0
1976 10 173.0
1976 11 102.0
1976 12 104.0
1977 1 181.0
1977 2 108.0
1977 3 195.0
1977 4 121.0
1977 5 478.0
1977 6 187.0
1977 7 213.0
1977 8 166.0
1977 9 198.0
1977 10 218.0
1977 11 187.0
1977 12 136.0
1978 1 85.0
1978 2 200.0
1978 3 188.0
1978 4 407.0
1978 5 293.0
1978 6 394.0
1978 7 235.0
1978 8 561.0
1978 9 373.0
1978 10 306.0
1978 11 226.0
1978 12 76.0
1979 1 120.0
1979 2 54.0
1979 3 465.0
1979 4 275.0
1979 5 428.0
1979 6 224.0
1979 7 257.0
1979 8 268.0
1979 9 1373.0
1979 10 292.0
1979 11 210.0
1979 12 109.0
1980 1 243.0
1980 2 97.0
1980 3 136.0
1980 4 221.0
1980 5 166.0
1980 6 516.0
1980 7 216.0
1980 8 198.0
1980 9 691.0
1980 10 272.0
1980 11 266.0
1980 12 205.0
1981 1 101.0
1981 2 163.0
1981 3 246.0
1981 4 352.0
1981 5 128.0
1981 6 606.0
1981 7 196.0
1981 8 220.0
1981 9 222.0
1981 10 210.0
1981 11 187.0
1981 12 45.0
1982 1 41.0
1982 2 38.0
1982 3 191.0
1982 4 204.0
1982 5 366.0
1982 6 214.0
1982 7 307.0
1982 8 94.0
1982 9 318.0
1982 10 209.0
1982 11 211.0
1982 12 100.0
1983 1 71.0
1983 2 138.0
1983 3 270.0
1983 4 180.0
1983 5 209.0
1983 6 169.0
1983 7 234.0
1983 8 212.0
1983 9 195.0
1983 10 171.0
1983 11 158.0
1983 12 97.0
1984 1 60.0
1984 2 73.0
1984 3 174.0
1984 4 232.0
1984 5 273.0
1984 6 245.0
1984 7 193.0
1984 8 206.0
1984 9 169.0
1984 10 127.0
1984 11 101.0
1984 12 71.0
1985 1 46.0
1985 2 41.0
1985 3 123.0
1985 4 144.0
1985 5 128.0
1985 6 157.0
1985 7 163.0
1985 8 122.0
1985 9 96.0
1985 10 139.0
1985 11 90.0
1985 12 93.0
1986 1 106.0
1986 2 60.0
1986 3 153.0
1986 4 150.0
1986 5 140.0
1986 6 199.0
1986 7 178.0
1986 8 290.0
1986 9 105.0
1986 10 157.0
1986 11 158.0
1986 12 111.0
1987 1 120.0
1987 2 77.0
1987 3 207.0
1987 4 157.0
1987 5 117.0
1987 6 148.0
1987 7 191.0
1987 8 155.0
1987 9 121.0
1987 10 172.0
1987 11 159.0
1987 12 93.0
1988 1 64.0
1988 2 85.0
1988 3 159.0
1988 4 261.0
1988 5 125.0
1988 6 204.0
1988 7 139.0
1988 8 159.0
1988 9 115.0
1988 10 149.0
1988 11 95.0
1988 12 133.0
1989 1 76.0
1989 2 97.0
1989 3 128.0
1989 4 133.0
1989 5 169.0
1989 6 120.0
1989 7 160.0
1989 8 144.0
1989 9 140.0
1989 10 163.0
1989 11 80.0
1989 12 73.0
1990 1 77.0
1990 2 141.0
1990 3 152.0
1990 4 145.0
1990 5 146.0
1990 6 212.0
1990 7 147.0
1990 8 192.0
1990 9 142.0
1990 10 119.0
1990 11 147.0
1990 12 61.0
1991 1 65.0
1991 2 115.0
1991 3 188.0
1991 4 182.0
1991 5 168.0
1991 6 175.0
1991 7 173.0
1991 8 185.0
1991 9 222.0
1991 10 99.0
1991 11 128.0
1991 12 147.0
1992 1 103.0
1992 2 113.0
1992 3 212.0
1992 4 236.0
1992 5 238.0
1992 6 184.0
1992 7 177.0
1992 8 278.0
1992 9 180.0
1992 10 241.0
1992 11 184.0
1992 12 127.0
1993 1 101.0
1993 2 147.0
1993 3 195.0
1993 4 213.0
1993 5 257.0
1993 6 232.0
1993 7 221.0
1993 8 274.0
1993 9 307.0
1993 10 313.0
1993 11 169.0
1993 12 124.0
1994 1 142.0
1994 2 164.0
1994 3 365.0
1994 4 402.0
1994 5 356.0
1994 6 396.0
1994 7 367.0
1994 8 356.0
1994 9 400.0
1994 10 296.0
1994 11 256.0
1994 12 228.0
1995 1 214.0
1995 2 181.0
1995 3 328.0
1995 4 312.0
1995 5 362.0
1995 6 373.0
1995 7 363.0
1995 8 338.0
1995 9 393.0
1995 10 309.0
1995 11 239.0
1995 12 205.0
1996 1 172.0
1996 2 222.0
1996 3 357.0
1996 4 459.0
1996 5 357.0
1996 6 387.0
1996 7 371.0
1996 8 330.0
1996 9 305.0
1996 10 459.0
1996 11 198.0
1996 12 183.0
1997 1 207.0
1997 2 185.0
1997 3 364.0
1997 4 613.0
1997 5 560.0
1997 6 454.0
1997 7 318.0
1997 8 324.0
1997 9 289.0
1997 10 349.0
1997 11 163.0
1997 12 187.0
1998 1 157.0
1998 2 202.0
1998 3 359.0
1998 4 405.0
1998 5 351.0
1998 6 381.0
1998 7 355.0
1998 8 368.0
1998 9 331.0
1998 10 298.0
1998 11 473.0
1998 12 246.0
1999 1 240.0
1999 2 230.0
1999 3 423.0
1999 4 423.0
1999 5 447.0
1999 6 389.0
1999 7 318.0
1999 8 586.0
1999 9 328.0
1999 10 263.0
1999 11 538.0
1999 12 267.0
2000 1 197.0
2000 2 242.0
2000 3 349.0
2000 4 322.0
2000 5 333.0
2000 6 357.0
2000 7 298.0
2000 8 344.0
2000 9 251.0
2000 10 334.0
2000 11 263.0
2000 12 179.0
2001 1 235.0
2001 2 241.0
2001 3 431.0
2001 4 381.0
2001 5 382.0
2001 6 289.0
2001 7 333.0
2001 8 447.0
2001 9 303.0
2001 10 368.0
2001 11 259.0
2001 12 228.0
2002 1 269.0
2002 2 293.0
2002 3 332.0
2002 4 384.0
2002 5 390.0
2002 6 382.0
2002 7 343.0
2002 8 447.0
2002 9 342.0
2002 10 419.0
2002 11 278.0
2002 12 295.0
2003 1 257.0
2003 2 224.0
2003 3 379.0
2003 4 387.0
2003 5 478.0
2003 6 450.0
2003 7 461.0
2003 8 451.0
2003 9 379.0
2003 10 437.0
2003 11 351.0
2003 12 338.0
2004 1 317.0
2004 2 364.0
2004 3 574.0
2004 4 532.0
2004 5 442.0
2004 6 570.0
2004 7 567.0
2004 8 436.0
2004 9 463.0
2004 10 401.0
2004 11 354.0
2004 12 327.0
2005 1 455.0
2005 2 361.0
2005 3 520.0
2005 4 469.0
2005 5 485.0
2005 6 591.0
2005 7 450.0
2005 8 560.0
2005 9 519.0
2005 10 346.0
2005 11 379.0
2005 12 332.0
2006 1 481.0
2006 2 432.0
2006 3 559.0
2006 4 343.0
2006 5 473.0
2006 6 432.0
2006 7 419.0
2006 8 432.0
2006 9 354.0
2006 10 349.0
2006 11 311.0
2006 12 227.0
2007 1 231.0
2007 2 298.0
2007 3 352.0
2007 4 406.0
2007 5 403.0
2007 6 348.0
2007 7 399.0
2007 8 319.0
2007 9 261.0
2007 10 279.0
2007 11 472.0
2007 12 498.0
2008 1 343.0
2008 2 275.0
2008 3 231.0
2008 4 329.0
2008 5 210.0
2008 6 300.0
2008 7 291.0
2008 8 374.0
2008 9 208.0
2008 10 214.0
2008 11 129.0
2008 12 60.0
2009 1 107.0
2009 2 114.0
2009 3 148.0
2009 4 106.0
2009 5 155.0
2009 6 163.0
2009 7 357.0
2009 8 183.0
2009 9 195.0
2009 10 168.0
2009 11 106.0
2009 12 93.0
2010 1 129.0
2010 2 118.0
2010 3 173.0
2010 4 216.0
2010 5 104.0
2010 6 260.0
2010 7 126.0
2010 8 122.0
2010 9 175.0
2010 10 95.0
2010 11 99.0
2010 12 82.0
2011 1 75.0
2011 2 147.0
2011 3 142.0
2011 4 131.0
2011 5 142.0
2011 6 187.0
2011 7 185.0
2011 8 167.0
2011 9 165.0
2011 10 137.0
2011 11 75.0
2011 12 209.0
2012 1 74.0
2012 2 82.0
2012 3 228.0
2012 4 208.0
2012 5 208.0
2012 6 168.0
2012 7 215.0
2012 8 142.0
2012 9 93.0
2012 10 212.0
2012 11 137.0
2012 12 137.0
2013 1 159.0
2013 2 182.0
2013 3 173.0
2013 4 366.0
2013 5 256.0
2013 6 164.0
2013 7 183.0
2013 8 260.0
2013 9 174.0
2013 10 166.0
2013 11 152.0
2013 12 107.0
2014 1 141.0
2014 2 73.0
2014 3 163.0
2014 4 191.0
2014 5 147.0
2014 6 176.0
2014 7 204.0
2014 8 230.0
2014 9 217.0
2014 10 175.0
2014 11 194.0
2014 12 167.0
2015 1 129.0
2015 2 207.0
2015 3 245.0
2015 4 295.0
2015 5 244.0
2015 6 353.0
2015 7 396.0
2015 8 214.0
2015 9 197.0
2015 10 272.0
2015 11 157.0
2015 12 162.0
2016 1 138.0
2016 2 123.0
2016 3 248.0
2016 4 252.0
2016 5 243.0
2016 6 284.0
2016 7 254.0
2016 8 213.0
2016 9 235.0
2016 10 284.0
2016 11 206.0
2016 12 151.0
2017 1 206.0
2017 2 167.0
2017 3 302.0
2017 4 245.0
2017 5 268.0
2017 6 251.0
2017 7 204.0
2017 8 275.0
2017 9 227.0
2017 10 246.0
2017 11 160.0
2017 12 197.0
2018 1 159.0
2018 2 192.0
2018 3 268.0
2018 4 296.0
2018 5 290.0
2018 6 314.0
2018 7 206.0
2018 8 509.0
2018 9 248.0
2018 10 221.0
2018 11 233.0
2018 12 213.0
2019 1 287.0
2019 2 265.0
2019 3 327.0
2019 4 227.0
2019 5 509.0
2019 6 283.0
2019 7 323.0
2019 8 315.0
2019 9 256.0
2019 10 242.0
2019 11 274.0
2019 12 196.0
2020 1 269.0
2020 2 200.0
2020 3 293.0
2020 4 322.0
2020 5 287.0
2020 6 362.0
2020 7 373.0
2020 8 518.0
2020 9 324.0
2020 10 337.0
2020 11 274.0
2020 12 244.0
2021 1 192.0
2021 2 596.0
2021 3 447.0
2021 4 273.0
2021 5 321.0
2021 6 428.0
2021 7 245.0
2021 8 327.0
2021 9 278.0
2021 10 255.0
2021 11 269.0
2021 12 242.0
2022 1 260.0
2022 2 278.0
2022 3 348.0
2022 4 407.0
2022 5 400.0
2022 6 351.0
2022 7 302.0
2022 8 324.0
2022 9 209.0
2022 10 224.0
2022 11 186.0
2022 12 183.0
2023 1 190.0
2023 2 239.0
2023 3 334.0
2023 4 288.0
2023 5 333.0
2023 6 320.0
2023 7 340.0
2023 8 281.0
2023 9 326.0
2023 10 262.0
2023 11 210.0
2023 12 221.0
2024 1 297.0
2024 2 320.0
2024 3 369.0
2024 4 335.0
2024 5 386.0
2024 6 318.0
2024 7 380.0
2024 8 413.0
