1960 6 6.0
1960 7 5.0
1960 8 7.5
1960 9 10.0
1960 10 13.0
1960 11 16.0
1960 12 19.0
1961 1 22.0
1961 2 25.0
1961 3 13.0
1961 4 4.0
1961 5 4.0
1961 6 6.0
1961 7 13.0
1961 8 3.0
1961 9 15.0
1961 10 3.0
1961 11 8.0
1961 12 16.0
1962 1 18.0
1962 2 20.0
1962 3 27.0
1962 4 18.0
1962 5 8.0
1962 6 2.0
1962 7 2.0
1962 8 2.0
1962 9 10.0
1962 10 12.0
1962 11 6.0
1962 12 2.0
1963 1 13.0
1963 2 15.0
1963 3 12.0
1963 4 4.0
1963 5 12.0
1963 6 4.0
1963 7 116.0
1963 8 20.0
1963 9 8.0
1963 10 184.0
1963 11 12.0
1963 12 9.333333333333334
1964 1 6.666666666666667
1964 2 4.0
1964 3 4.0
1964 4 12.0
1964 5 193.0
1964 6 8.0
1964 7 64.0
1964 8 19.0
1964 9 16.0
1964 10 16.0
1964 11 8.0
1964 12 2.0
1965 1 2.0
1965 2 23.0
1965 3 19.0
1965 4 17.5
1965 5 16.0
1965 6 4.0
1965 7 3.0
1965 8 4.0
1965 9 10.0
1965 10 15.0
1965 11 44.0
1965 12 35.0
1966 1 4.0
1966 2 47.0
1966 3 90.0
1966 4 84.0
1966 5 93.0
1966 6 16.0
1966 7 201.0
1966 8 10.0
1966 9 6.0
1966 10 4.666666666666667
1966 11 3.3333333333333335
1966 12 2.0
1967 1 26.0
1967 2 22.0
1967 3 16.0
1967 4 25.0
1967 5 34.0
1967 6 20.5
1967 7 7.0
1967 8 17.0
1967 9 50.0
1967 10 41.0
1967 11 35.0
1967 12 32.0
1968 1 72.0
1968 2 112.0
1968 3 20.0
1968 4 75.0
1968 5 12.0
1968 6 2.0
1968 7 11.0
1968 8 35.0
1968 9 211.0
1968 10 20.0
1968 11 22.0
1968 12 12.0
1969 1 15.0
1969 2 20.0
1969 3 47.0
1969 4 80.0
1969 5 63.0
1969 6 26.0
1969 7 2.0
1969 8 49.0
1969 9 1234.0
1969 10 16.0
1969 11 14.0
1969 12 2.0
1970 1 4.0
1970 2 127.0
1970 3 11.0
1970 4 21.0
1970 5 21.0
1970 6 174.0
1970 7 88.5
1970 8 3.0
1970 9 314.0
1970 10 1104.0
1970 11 8.0
1970 12 118.0
1971 1 47.0
1971 2 10.0
1971 3 115.0
1971 4 39.0
1971 5 418.0
1971 6 30.0
1971 7 36.0
1971 8 128.0
1971 9 20.0
1971 10 78.0
1971 11 30.0
1971 12 18.0
1972 1 39.0
1972 2 43.0
1972 3 141.0
1972 4 54.0
1972 5 24.0
1972 6 199.0
1972 7 22.0
1972 8 59.0
1972 9 119.0
1972 10 137.0
1972 11 10.0
1972 12 16.0
1973 1 214.0
1973 2 243.0
1973 3 232.0
1973 4 20.0
1973 5 60.0
1973 6 37.0
1973 7 160.0
1973 8 18.0
1973 9 24.0
1973 10 30.0
1973 11 5.0
1973 12 4.0
1974 1 108.0
1974 2 90.0
1974 3 10.0
1974 4 20.0
1974 5 2.0
1974 6 2.0
1974 7 3.0
1974 8 4.0
1974 9 21.0
1974 10 4.0
1974 11 17.0
1974 12 5.0
1975 1 35.0
1975 2 139.0
1975 3 35.0
1975 4 16.0
1975 5 10.0
1975 6 18.0
1975 7 208.0
1975 8 28.0
1975 9 8.0
1975 10 24.0
1975 11 6.0
1975 12 420.0
1976 1 20.0
1976 2 67.0
1976 3 48.0
1976 4 50.0
1976 5 48.0
1976 6 22.0
1976 7 100.0
1976 8 62.0
1976 9 119.0
1976 10 10.0
1976 11 46.0
1976 12 20.0
1977 1 133.0
1977 2 32.0
1977 3 44.0
1977 4 16.0
1977 5 247.0
1977 6 12.0
1977 7 60.0
1977 8 44.0
1977 9 48.0
1977 10 73.0
1977 11 34.0
1977 12 53.0
1978 1 40.0
1978 2 154.0
1978 3 46.0
1978 4 161.0
1978 5 130.0
1978 6 169.0
1978 7 51.0
1978 8 345.0
1978 9 138.0
1978 10 138.0
1978 11 78.0
1978 12 54.0
1979 1 30.0
1979 2 6.0
1979 3 267.0
1979 4 51.0
1979 5 126.0
1979 6 20.0
1979 7 30.0
1979 8 57.0
1979 9 1227.0
1979 10 97.0
1979 11 119.0
1979 12 23.0
1980 1 168.0
1980 2 12.0
1980 3 24.0
1980 4 66.0
1980 5 27.0
1980 6 343.0
1980 7 48.0
1980 8 55.0
1980 9 524.0
1980 10 123.0
1980 11 152.0
1980 12 131.0
1981 1 49.0
1981 2 82.0
1981 3 137.0
1981 4 216.0
1981 5 19.0
1981 6 464.0
1981 7 23.0
1981 8 116.0
1981 9 85.0
1981 10 122.0
1981 11 119.0
1981 12 8.0
1982 1 8.0
1982 2 11.0
1982 3 75.0
1982 4 111.0
1982 5 240.0
1982 6 74.0
1982 7 64.0
1982 8 119.5
1982 9 175.0
1982 10 134.0
1982 11 133.0
1982 12 57.0
1983 1 24.0
1983 2 90.0
1983 3 136.0
1983 4 59.0
1983 5 62.0
1983 6 34.0
1983 7 19.0
1983 8 82.0
1983 9 20.0
1983 10 57.0
1983 11 73.0
1983 12 44.0
1984 1 34.0
1984 2 2.0
1984 3 56.0
1984 4 95.0
1984 5 105.0
1984 6 107.0
1984 7 67.0
1984 8 49.0
1984 9 5.0
1984 10 4.0
1984 11 16.0
1984 12 15.5
1985 1 15.0
1985 2 9.0
1985 3 20.0
1985 4 18.0
1985 5 28.0
1985 6 56.0
1985 7 6.0
1985 8 19.0
1985 9 32.0
1985 10 32.0
1985 11 25.0
1985 12 17.0
1986 1 42.0
1986 2 5.0
1986 3 19.0
1986 4 14.0
1986 5 6.0
1986 6 65.0
1986 7 7.0
1986 8 110.0
1986 9 10.0
1986 10 22.0
1986 11 68.0
1986 12 50.0
1987 1 83.0
1987 2 16.0
1987 3 69.0
1987 4 34.0
1987 5 6.0
1987 6 6.0
1987 7 28.0
1987 8 53.0
1987 9 21.0
1987 10 45.0
1987 11 86.0
1987 12 12.0
1988 1 13.0
1988 2 10.0
1988 3 28.0
1988 4 137.0
1988 5 4.0
1988 6 72.0
1988 7 15.0
1988 8 24.0
1988 9 15.0
1988 10 54.0
1988 11 21.0
1988 12 53.0
1989 1 9.0
1989 2 24.0
1989 3 14.0
1989 4 16.0
1989 5 24.0
1989 6 18.0
1989 7 60.0
1989 8 7.0
1989 9 21.0
1989 10 23.0
1989 11 8.0
1989 12 27.0
1990 1 10.0
1990 2 30.0
1990 3 8.0
1990 4 15.0
1990 5 16.0
1990 6 66.0
1990 7 24.0
1990 8 42.0
1990 9 5.0
1990 10 8.0
1990 11 4.0
1990 12 9.0
1991 1 10.0
1991 2 47.0
1991 3 53.0
1991 4 7.0
1991 5 2.0
1991 6 29.0
1991 7 7.0
1991 8 2.0
1991 9 82.0
1991 10 2.0
1991 11 30.0
1991 12 46.0
1992 1 10.0
1992 2 13.0
1992 3 66.0
1992 4 53.0
1992 5 65.0
1992 6 11.0
1992 7 10.0
1992 8 83.0
1992 9 10.0
1992 10 38.0
1992 11 59.0
1992 12 41.0
1993 1 40.0
1993 2 39.0
1993 3 48.0
1993 4 35.0
1993 5 30.0
1993 6 21.0
1993 7 16.0
1993 8 64.0
1993 9 11.0
1993 10 160.0
1993 11 30.0
1993 12 11.0
1994 1 11.0
1994 2 15.0
1994 3 39.0
1994 4 72.0
1994 5 24.0
1994 6 29.0
1994 7 28.0
1994 8 36.0
1994 9 75.0
1994 10 26.0
1994 11 41.0
1994 12 31.0
1995 1 34.0
1995 2 24.0
1995 3 35.0
1995 4 42.0
1995 5 59.0
1995 6 33.0
1995 7 44.0
1995 8 34.0
1995 9 72.0
1995 10 43.0
1995 11 36.0
1995 12 37.0
1996 1 30.0
1996 2 21.0
1996 3 61.0
1996 4 105.0
1996 5 27.0
1996 6 86.0
1996 7 46.0
1996 8 69.0
1996 9 61.0
1996 10 103.0
1996 11 18.0
1996 12 19.0
1997 1 36.0
1997 2 16.0
1997 3 82.0
1997 4 330.0
1997 5 218.0
1997 6 167.0
1997 7 36.0
1997 8 87.0
1997 9 32.0
1997 10 95.0
1997 11 18.0
1997 12 17.0
1998 1 16.0
1998 2 23.0
1998 3 65.0
1998 4 107.0
1998 5 51.0
1998 6 59.0
1998 7 50.0
1998 8 76.0
1998 9 62.0
1998 10 55.0
1998 11 272.0
1998 12 47.0
1999 1 58.0
1999 2 23.0
1999 3 66.0
1999 4 59.0
1999 5 117.0
1999 6 55.0
1999 7 20.0
1999 8 311.0
1999 9 38.0
1999 10 23.0
1999 11 251.0
1999 12 82.0
2000 1 20.0
2000 2 18.0
2000 3 33.0
2000 4 41.0
2000 5 33.0
2000 6 61.0
2000 7 11.0
2000 8 63.0
2000 9 11.0
2000 10 17.0
2000 11 5.0
2000 12 19.0
2001 1 29.0
2001 2 18.0
2001 3 101.0
2001 4 30.0
2001 5 75.0
2001 6 16.0
2001 7 13.0
2001 8 130.0
2001 9 25.0
2001 10 50.0
2001 11 21.0
2001 12 15.0
2002 1 26.0
2002 2 41.0
2002 3 18.0
2002 4 18.0
2002 5 11.0
2002 6 56.0
2002 7 14.0
2002 8 76.0
2002 9 21.0
2002 10 76.0
2002 11 14.0
2002 12 43.0
2003 1 22.0
2003 2 13.0
2003 3 19.0
2003 4 18.0
2003 5 73.0
2003 6 57.0
2003 7 22.0
2003 8 20.0
2003 9 20.0
2003 10 45.0
2003 11 69.0
2003 12 9.0
2004 1 5.0
2004 2 15.0
2004 3 134.0
2004 4 40.0
2004 5 13.0
2004 6 39.0
2004 7 35.0
2004 8 22.0
2004 9 81.0
2004 10 30.0
2004 11 8.0
2004 12 15.0
2005 1 99.0
2005 2 27.0
2005 3 15.0
2005 4 2.0
2005 5 22.0
2005 6 34.0
2005 7 15.0
2005 8 18.0
2005 9 21.0
2005 10 21.5
2005 11 22.0
2005 12 47.0
2006 1 69.0
2006 2 5.0
2006 3 7.0
2006 4 6.0
2006 5 17.0
2006 6 7.0
2006 7 22.0
2006 8 32.0
2006 9 18.0
2006 10 19.0
2006 11 5.0
2006 12 10.0
2007 1 8.0
2007 2 6.0
2007 3 31.0
2007 4 35.0
2007 5 18.0
2007 6 9.0
2007 7 19.0
2007 8 5.0
2007 9 19.0
2007 10 10.0
2007 11 198.0
2007 12 331.0
2008 1 95.0
2008 2 69.0
2008 3 16.0
2008 4 59.0
2008 5 18.0
2008 6 89.0
2008 7 82.0
2008 8 136.0
2008 9 29.0
2008 10 43.0
2008 11 17.0
2008 12 30.5
2009 1 44.0
2009 2 5.0
2009 3 6.0
2009 4 7.0
2009 5 14.0
2009 6 4.0
2009 7 158.0
2009 8 83.5
2009 9 9.0
2009 10 10.0
2009 11 19.666666666666664
2009 12 29.333333333333332
2010 1 39.0
2010 2 47.0
2010 3 23.0
2010 4 11.0
2010 5 5.0
2010 6 52.0
2010 7 3.0
2010 8 2.0
2010 9 55.0
2010 10 31.0
2010 11 7.0
2010 12 9.0
2011 1 5.0
2011 2 50.0
2011 3 2.0
2011 4 15.0
2011 5 28.0
2011 6 62.0
2011 7 53.0
2011 8 12.0
2011 9 30.0
2011 10 25.0
2011 11 10.0
2011 12 101.0
2012 1 5.0
2012 2 9.0
2012 3 94.0
2012 4 25.0
2012 5 17.0
2012 6 10.0
2012 7 34.0
2012 8 19.5
2012 9 5.0
2012 10 107.0
2012 11 5.0
2012 12 2.0
2013 1 33.0
2013 2 28.0
2013 3 23.0
2013 4 37.0
2013 5 61.0
2013 6 9.0
2013 7 5.0
2013 8 13.0
2013 9 5.0
2013 10 10.0
2013 11 17.0
2013 12 7.0
2014 1 17.0
2014 2 29.0
2014 3 41.0
2014 4 5.0
2014 5 13.0
2014 6 9.0
2014 7 17.0
2014 8 80.0
2014 9 13.0
2014 10 5.0
2014 11 73.0
2014 12 47.0
2015 1 28.0
2015 2 93.0
2015 3 89.0
2015 4 100.0
2015 5 12.0
2015 6 127.0
2015 7 217.0
2015 8 24.0
2015 9 26.0
2015 10 36.0
2015 11 21.0
2015 12 61.0
2016 1 15.0
2016 2 23.0
2016 3 80.0
2016 4 22.0
2016 5 40.0
2016 6 85.0
2016 7 81.0
2016 8 24.0
2016 9 35.0
2016 10 75.0
2016 11 51.0
2016 12 21.0
2017 1 68.0
2017 2 13.0
2017 3 115.0
2017 4 70.0
2017 5 52.0
2017 6 21.0
2017 7 18.0
2017 8 15.0
2017 9 24.0
2017 10 77.0
2017 11 19.0
2017 12 59.0
2018 1 27.0
2018 2 41.0
2018 3 84.0
2018 4 67.0
2018 5 52.0
2018 6 92.0
2018 7 11.0
2018 8 263.0
2018 9 78.0
2018 10 55.0
2018 11 61.0
2018 12 58.0
2019 1 84.0
2019 2 96.0
2019 3 92.0
2019 4 30.0
2019 5 280.0
2019 6 67.0
2019 7 123.0
2019 8 79.0
2019 9 68.0
2019 10 59.0
2019 11 89.0
2019 12 61.0
2020 1 57.0
2020 2 25.0
2020 3 35.0
2020 4 104.0
2020 5 57.0
2020 6 123.0
2020 7 135.0
2020 8 253.0
2020 9 60.0
2020 10 52.0
2020 11 59.0
2020 12 52.0
2021 1 11.0
2021 2 369.0
2021 3 77.0
2021 4 15.0
2021 5 17.0
2021 6 103.0
2021 7 2.0
2021 8 10.0
2021 9 5.0
2021 10 2.0
2021 11 52.0
2021 12 10.0
2022 1 45.0
2022 2 49.0
2022 3 35.0
2022 4 73.0
2022 5 41.0
2022 6 33.0
2022 7 42.0
2022 8 37.0
2022 9 44.0
2022 10 40.0
2022 11 35.0
2022 12 29.0
2023 1 35.0
2023 2 36.0
2023 3 46.0
2023 4 37.0
2023 5 18.0
2023 6 39.0
2023 7 33.0
2023 8 28.0
2023 9 24.0
2023 10 23.0
2023 11 11.0
2023 12 18.0
2024 1 27.0
2024 2 11.0
2024 3 26.0
2024 4 70.0
2024 5 52.0
2024 6 51.0
2024 7 81.0
2024 8 62.0
