1960 5 176.0
1960 6 144.0
1960 7 182.0
1960 8 131.0
1960 9 113.0
1960 10 128.0
1960 11 74.0
1960 12 46.0
1961 1 51.0
1961 2 45.0
1961 3 123.0
1961 4 100.0
1961 5 130.0
1961 6 98.0
1961 7 111.0
1961 8 159.0
1961 9 110.0
1961 10 100.0
1961 11 71.0
1961 12 42.0
1962 1 35.0
1962 2 83.0
1962 3 76.0
1962 4 204.0
1962 5 106.0
1962 6 107.0
1962 7 107.0
1962 8 97.0
1962 9 88.0
1962 10 95.0
1962 11 58.0
1962 12 35.0
1963 1 44.0
1963 2 45.0
1963 3 76.0
1963 4 127.0
1963 5 94.0
1963 6 94.0
1963 7 120.0
1963 8 109.0
1963 9 105.0
1963 10 95.0
1963 11 69.0
1963 12 42.0
1964 1 43.0
1964 2 51.0
1964 3 95.0
1964 4 107.0
1964 5 132.0
1964 6 100.0
1964 7 102.0
1964 8 89.0
1964 9 85.0
1964 10 75.0
1964 11 66.0
1964 12 55.0
1965 1 34.0
1965 2 47.0
1965 3 89.0
1965 4 105.0
1965 5 105.0
1965 6 93.0
1965 7 81.0
1965 8 90.0
1965 9 92.0
1965 10 86.0
1965 11 64.0
1965 12 40.0
1966 1 35.0
1966 2 36.0
1966 3 99.0
1966 4 86.0
1966 5 94.0
1966 6 87.0
1966 7 75.0
1966 8 72.0
1966 9 69.0
1966 10 68.0
1966 11 41.0
1966 12 26.0
1967 1 46.0
1967 2 36.0
1967 3 62.0
1967 4 68.0
1967 5 72.0
1967 6 85.0
1967 7 64.0
1967 8 60.0
1967 9 61.0
1967 10 78.0
1967 11 53.0
1967 12 31.0
1968 1 22.0
1968 2 59.0
1968 3 82.0
1968 4 92.0
1968 5 99.0
1968 6 138.0
1968 7 350.0
1968 8 59.0
1968 9 81.0
1968 10 57.0
1968 11 114.0
1968 12 99.0
1969 1 61.0
1969 2 42.0
1969 3 109.0
1969 4 117.0
1969 5 107.0
1969 6 166.0
1969 7 161.0
1969 8 370.0
1969 9 96.0
1969 10 95.0
1969 11 81.0
1969 12 55.0
1970 1 25.0
1970 2 56.0
1970 3 150.0
1970 4 72.0
1970 5 97.0
1970 6 112.0
1970 7 101.0
1970 8 188.0
1970 9 71.0
1970 10 126.0
1970 11 59.0
1970 12 42.0
1971 1 65.0
1971 2 50.0
1971 3 129.0
1971 4 709.0
1971 5 142.0
1971 6 211.0
1971 7 121.0
1971 8 124.0
1971 9 144.0
1971 10 146.0
1971 11 65.0
1971 12 69.0
1972 1 67.0
1972 2 66.0
1972 3 92.0
1972 4 128.0
1972 5 150.0
1972 6 131.0
1972 7 86.0
1972 8 168.0
1972 9 144.0
1972 10 162.0
1972 11 238.0
1972 12 112.0
1973 1 61.0
1973 2 82.0
1973 3 195.0
1973 4 157.0
1973 5 147.0
1973 6 164.0
1973 7 221.0
1973 8 112.0
1973 9 80.0
1973 10 96.0
1973 11 61.0
1973 12 54.0
1974 1 39.0
1974 2 68.0
1974 3 88.0
1974 4 112.0
1974 5 82.0
1974 6 95.0
1974 7 69.0
1974 8 80.0
1974 9 45.0
1974 10 55.0
1974 11 64.0
1974 12 24.0
1975 1 14.0
1975 2 45.0
1975 3 63.0
1975 4 82.0
1975 5 86.0
1975 6 117.0
1975 7 110.0
1975 8 85.0
1975 9 65.0
1975 10 94.0
1975 11 96.0
1975 12 55.0
1976 1 82.0
1976 2 72.0
1976 3 121.0
1976 4 115.0
1976 5 117.0
1976 6 110.0
1976 7 196.0
1976 8 113.0
1976 9 108.0
1976 10 163.0
1976 11 56.0
1976 12 84.0
1977 1 48.0
1977 2 76.0
1977 3 151.0
1977 4 105.0
1977 5 231.0
1977 6 175.0
1977 7 153.0
1977 8 122.0
1977 9 150.0
1977 10 145.0
1977 11 153.0
1977 12 83.0
1978 1 45.0
1978 2 46.0
1978 3 142.0
1978 4 246.0
1978 5 163.0
1978 6 225.0
1978 7 184.0
1978 8 216.0
1978 9 235.0
1978 10 168.0
1978 11 148.0
1978 12 76.0
1979 1 120.0
1979 2 48.0
1979 3 198.0
1979 4 224.0
1979 5 302.0
1979 6 204.0
1979 7 227.0
1979 8 211.0
1979 9 146.0
1979 10 195.0
1979 11 91.0
1979 12 86.0
1980 1 75.0
1980 2 85.0
1980 3 112.0
1980 4 155.0
1980 5 139.0
1980 6 173.0
1980 7 168.0
1980 8 143.0
1980 9 167.0
1980 10 149.0
1980 11 114.0
1980 12 74.0
1981 1 52.0
1981 2 81.0
1981 3 109.0
1981 4 136.0
1981 5 109.0
1981 6 142.0
1981 7 173.0
1981 8 104.0
1981 9 137.0
1981 10 88.0
1981 11 68.0
1981 12 37.0
1982 1 33.0
1982 2 27.0
1982 3 116.0
1982 4 93.0
1982 5 126.0
1982 6 140.0
1982 7 243.0
1982 8 94.0
1982 9 143.0
1982 10 75.0
1982 11 78.0
1982 12 43.0
1983 1 47.0
1983 2 48.0
1983 3 134.0
1983 4 121.0
1983 5 147.0
1983 6 135.0
1983 7 215.0
1983 8 130.0
1983 9 175.0
1983 10 114.0
1983 11 85.0
1983 12 53.0
1984 1 26.0
1984 2 71.0
1984 3 118.0
1984 4 137.0
1984 5 168.0
1984 6 138.0
1984 7 126.0
1984 8 157.0
1984 9 164.0
1984 10 123.0
1984 11 85.0
1984 12 71.0
1985 1 31.0
1985 2 32.0
1985 3 103.0
1985 4 126.0
1985 5 100.0
1985 6 101.0
1985 7 157.0
1985 8 122.0
1985 9 64.0
1985 10 107.0
1985 11 65.0
1985 12 76.0
1986 1 64.0
1986 2 55.0
1986 3 134.0
1986 4 136.0
1986 5 134.0
1986 6 134.0
1986 7 171.0
1986 8 180.0
1986 9 95.0
1986 10 135.0
1986 11 90.0
1986 12 61.0
1987 1 37.0
1987 2 61.0
1987 3 138.0
1987 4 123.0
1987 5 111.0
1987 6 142.0
1987 7 163.0
1987 8 102.0
1987 9 100.0
1987 10 127.0
1987 11 73.0
1987 12 81.0
1988 1 51.0
1988 2 75.0
1988 3 131.0
1988 4 124.0
1988 5 121.0
1988 6 132.0
1988 7 124.0
1988 8 135.0
1988 9 100.0
1988 10 95.0
1988 11 74.0
1988 12 80.0
1989 1 67.0
1989 2 73.0
1989 3 114.0
1989 4 117.0
1989 5 145.0
1989 6 102.0
1989 7 100.0
1989 8 137.0
1989 9 119.0
1989 10 140.0
1989 11 72.0
1989 12 46.0
1990 1 67.0
1990 2 111.0
1990 3 144.0
1990 4 130.0
1990 5 130.0
1990 6 146.0
1990 7 123.0
1990 8 150.0
1990 9 137.0
1990 10 111.0
1990 11 143.0
1990 12 52.0
1991 1 55.0
1991 2 68.0
1991 3 135.0
1991 4 175.0
1991 5 166.0
1991 6 146.0
1991 7 166.0
1991 8 183.0
1991 9 140.0
1991 10 97.0
1991 11 98.0
1991 12 101.0
1992 1 93.0
1992 2 100.0
1992 3 146.0
1992 4 183.0
1992 5 173.0
1992 6 173.0
1992 7 167.0
1992 8 195.0
1992 9 170.0
1992 10 203.0
1992 11 125.0
1992 12 86.0
1993 1 101.0
1993 2 108.0
1993 3 147.0
1993 4 178.0
1993 5 227.0
1993 6 211.0
1993 7 205.0
1993 8 210.0
1993 9 296.0
1993 10 153.0
1993 11 139.0
1993 12 113.0
1994 1 131.0
1994 2 149.0
1994 3 326.0
1994 4 330.0
1994 5 332.0
1994 6 367.0
1994 7 339.0
1994 8 320.0
1994 9 325.0
1994 10 270.0
1994 11 215.0
1994 12 197.0
1995 1 180.0
1995 2 157.0
1995 3 293.0
1995 4 270.0
1995 5 303.0
1995 6 340.0
1995 7 319.0
1995 8 304.0
1995 9 321.0
1995 10 266.0
1995 11 203.0
1995 12 168.0
1996 1 142.0
1996 2 201.0
1996 3 296.0
1996 4 354.0
1996 5 330.0
1996 6 301.0
1996 7 325.0
1996 8 261.0
1996 9 244.0
1996 10 356.0
1996 11 180.0
1996 12 164.0
1997 1 171.0
1997 2 169.0
1997 3 282.0
1997 4 283.0
1997 5 342.0
1997 6 287.0
1997 7 282.0
1997 8 237.0
1997 9 257.0
1997 10 254.0
1997 11 145.0
1997 12 170.0
1998 1 141.0
1998 2 179.0
1998 3 294.0
1998 4 298.0
1998 5 300.0
1998 6 322.0
1998 7 305.0
1998 8 292.0
1998 9 269.0
1998 10 243.0
1998 11 201.0
1998 12 199.0
1999 1 182.0
1999 2 207.0
1999 3 357.0
1999 4 364.0
1999 5 330.0
1999 6 334.0
1999 7 298.0
1999 8 275.0
1999 9 290.0
1999 10 240.0
1999 11 287.0
1999 12 185.0
2000 1 177.0
2000 2 224.0
2000 3 316.0
2000 4 281.0
2000 5 300.0
2000 6 296.0
2000 7 287.0
2000 8 281.0
2000 9 240.0
2000 10 317.0
2000 11 258.0
2000 12 160.0
2001 1 206.0
2001 2 223.0
2001 3 330.0
2001 4 351.0
2001 5 307.0
2001 6 273.0
2001 7 320.0
2001 8 317.0
2001 9 278.0
2001 10 318.0
2001 11 238.0
2001 12 213.0
2002 1 243.0
2002 2 252.0
2002 3 314.0
2002 4 366.0
2002 5 379.0
2002 6 326.0
2002 7 329.0
2002 8 371.0
2002 9 321.0
2002 10 343.0
2002 11 264.0
2002 12 252.0
2003 1 235.0
2003 2 211.0
2003 3 360.0
2003 4 369.0
2003 5 405.0
2003 6 393.0
2003 7 439.0
2003 8 431.0
2003 9 359.0
2003 10 392.0
2003 11 282.0
2003 12 329.0
2004 1 312.0
2004 2 349.0
2004 3 440.0
2004 4 492.0
2004 5 429.0
2004 6 531.0
2004 7 532.0
2004 8 414.0
2004 9 382.0
2004 10 371.0
2004 11 346.0
2004 12 312.0
2005 1 356.0
2005 2 334.0
2005 3 505.0
2005 4 467.0
2005 5 463.0
2005 6 557.0
2005 7 435.0
2005 8 560.0
2005 9 498.0
2005 10 346.0
2005 11 357.0
2005 12 285.0
2006 1 412.0
2006 2 427.0
2006 3 552.0
2006 4 337.0
2006 5 456.0
2006 6 425.0
2006 7 397.0
2006 8 400.0
2006 9 336.0
2006 10 330.0
2006 11 306.0
2006 12 217.0
2007 1 223.0
2007 2 292.0
2007 3 321.0
2007 4 371.0
2007 5 385.0
2007 6 339.0
2007 7 380.0
2007 8 314.0
2007 9 242.0
2007 10 269.0
2007 11 274.0
2007 12 167.0
2008 1 248.0
2008 2 206.0
2008 3 215.0
2008 4 270.0
2008 5 192.0
2008 6 211.0
2008 7 209.0
2008 8 238.0
2008 9 179.0
2008 10 171.0
2008 11 112.0
2008 12 60.0
2009 1 63.0
2009 2 109.0
2009 3 148.0
2009 4 99.0
2009 5 141.0
2009 6 159.0
2009 7 199.0
2009 8 183.0
2009 9 186.0
2009 10 158.0
2009 11 106.0
2009 12 93.0
2010 1 90.0
2010 2 71.0
2010 3 150.0
2010 4 205.0
2010 5 99.0
2010 6 208.0
2010 7 123.0
2010 8 120.0
2010 9 120.0
2010 10 95.0
2010 11 92.0
2010 12 73.0
2011 1 70.0
2011 2 97.0
2011 3 140.0
2011 4 131.0
2011 5 114.0
2011 6 125.0
2011 7 132.0
2011 8 155.0
2011 9 135.0
2011 10 112.0
2011 11 65.0
2011 12 108.0
2012 1 69.0
2012 2 73.0
2012 3 134.0
2012 4 183.0
2012 5 191.0
2012 6 158.0
2012 7 181.0
2012 8 142.0
2012 9 88.0
2012 10 105.0
2012 11 132.0
2012 12 135.0
2013 1 126.0
2013 2 182.0
2013 3 150.0
2013 4 329.0
2013 5 195.0
2013 6 155.0
2013 7 178.0
2013 8 247.0
2013 9 169.0
2013 10 156.0
2013 11 135.0
2013 12 100.0
2014 1 124.0
2014 2 73.0
2014 3 122.0
2014 4 186.0
2014 5 134.0
2014 6 167.0
2014 7 187.0
2014 8 150.0
2014 9 204.0
2014 10 170.0
2014 11 121.0
2014 12 120.0
2015 1 101.0
2015 2 114.0
2015 3 156.0
2015 4 195.0
2015 5 232.0
2015 6 226.0
2015 7 179.0
2015 8 190.0
2015 9 171.0
2015 10 236.0
2015 11 136.0
2015 12 101.0
2016 1 123.0
2016 2 100.0
2016 3 168.0
2016 4 230.0
2016 5 203.0
2016 6 199.0
2016 7 173.0
2016 8 189.0
2016 9 200.0
2016 10 209.0
2016 11 155.0
2016 12 130.0
2017 1 138.0
2017 2 154.0
2017 3 187.0
2017 4 175.0
2017 5 216.0
2017 6 230.0
2017 7 186.0
2017 8 260.0
2017 9 203.0
2017 10 169.0
2017 11 141.0
2017 12 138.0
2018 1 132.0
2018 2 151.0
2018 3 184.0
2018 4 229.0
2018 5 238.0
2018 6 222.0
2018 7 195.0
2018 8 246.0
2018 9 170.0
2018 10 166.0
2018 11 172.0
2018 12 155.0
2019 1 203.0
2019 2 169.0
2019 3 235.0
2019 4 197.0
2019 5 229.0
2019 6 216.0
2019 7 200.0
2019 8 236.0
2019 9 188.0
2019 10 183.0
2019 11 185.0
2019 12 135.0
2020 1 212.0
2020 2 175.0
2020 3 258.0
2020 4 218.0
2020 5 230.0
2020 6 239.0
2020 7 238.0
2020 8 265.0
2020 9 264.0
2020 10 285.0
2020 11 215.0
2020 12 192.0
2021 1 181.0
2021 2 227.0
2021 3 370.0
2021 4 258.0
2021 5 304.0
2021 6 325.0
2021 7 243.0
2021 8 317.0
2021 9 273.0
2021 10 253.0
2021 11 217.0
2021 12 232.0
2022 1 215.0
2022 2 229.0
2022 3 313.0
2022 4 334.0
2022 5 359.0
2022 6 318.0
2022 7 260.0
2022 8 287.0
2022 9 165.0
2022 10 184.0
2022 11 151.0
2022 12 154.0
2023 1 155.0
2023 2 203.0
2023 3 288.0
2023 4 251.0
2023 5 315.0
2023 6 281.0
2023 7 307.0
2023 8 253.0
2023 9 302.0
2023 10 239.0
2023 11 199.0
2023 12 203.0
2024 1 270.0
2024 2 309.0
2024 3 343.0
2024 4 265.0
2024 5 334.0
2024 6 267.0
2024 7 299.0
2024 8 351.0
