1960 5 1056.0
1960 6 1141.0
1960 7 987.0
1960 8 968.0
1960 9 980.0
1960 10 903.0
1960 11 752.0
1960 12 450.0
1961 1 351.0
1961 2 370.0
1961 3 657.0
1961 4 910.0
1961 5 1112.0
1961 6 923.0
1961 7 921.0
1961 8 954.0
1961 9 796.0
1961 10 767.0
1961 11 611.0
1961 12 463.0
1962 1 268.0
1962 2 369.0
1962 3 665.0
1962 4 948.0
1962 5 1003.0
1962 6 963.0
1962 7 770.0
1962 8 849.0
1962 9 861.0
1962 10 886.0
1962 11 653.0
1962 12 397.0
1963 1 236.0
1963 2 294.0
1963 3 700.0
1963 4 1203.0
1963 5 1231.0
1963 6 954.0
1963 7 1006.0
1963 8 918.0
1963 9 863.0
1963 10 1015.0
1963 11 693.0
1963 12 421.0
1964 1 422.0
1964 2 492.0
1964 3 882.0
1964 4 1168.0
1964 5 1103.0
1964 6 1122.0
1964 7 953.0
1964 8 862.0
1964 9 878.0
1964 10 871.0
1964 11 679.0
1964 12 456.0
1965 1 323.0
1965 2 348.0
1965 3 702.0
1965 4 1215.0
1965 5 1136.0
1965 6 1116.0
1965 7 922.0
1965 8 962.0
1965 9 840.0
1965 10 900.0
1965 11 755.0
1965 12 525.0
1966 1 323.0
1966 2 409.0
1966 3 933.0
1966 4 1062.0
1966 5 932.0
1966 6 877.0
1966 7 672.0
1966 8 676.0
1966 9 543.0
1966 10 668.0
1966 11 473.0
1966 12 351.0
1967 1 216.0
1967 2 286.0
1967 3 696.0
1967 4 834.0
1967 5 938.0
1967 6 949.0
1967 7 767.0
1967 8 869.0
1967 9 1029.0
1967 10 831.0
1967 11 610.0
1967 12 471.0
1968 1 361.0
1968 2 419.0
1968 3 848.0
1968 4 1141.0
1968 5 1860.0
1968 6 1473.0
1968 7 1383.0
1968 8 1165.0
1968 9 1212.0
1968 10 1305.0
1968 11 1119.0
1968 12 625.0
1969 1 355.0
1969 2 577.0
1969 3 1070.0
1969 4 1606.0
1969 5 1480.0
1969 6 1130.0
1969 7 1106.0
1969 8 946.0
1969 9 1048.0
1969 10 990.0
1969 11 653.0
1969 12 444.0
1970 1 267.0
1970 2 453.0
1970 3 824.0
1970 4 1134.0
1970 5 1314.0
1970 6 1383.0
1970 7 1172.0
1970 8 1318.0
1970 9 1506.0
1970 10 1356.0
1970 11 1059.0
1970 12 692.0
1971 1 395.0
1971 2 528.0
1971 3 940.0
1971 4 1590.0
1971 5 1909.0
1971 6 1812.0
1971 7 1538.0
1971 8 1555.0
1971 9 1521.0
1971 10 1584.0
1971 11 1315.0
1971 12 794.0
1972 1 580.0
1972 2 542.0
1972 3 1121.0
1972 4 1702.0
1972 5 2098.0
1972 6 2054.0
1972 7 1596.0
1972 8 1846.0
1972 9 1318.0
1972 10 1572.0
1972 11 1119.0
1972 12 737.0
1973 1 669.0
1973 2 699.0
1973 3 1693.0
1973 4 2040.0
1973 5 2250.0
1973 6 2232.0
1973 7 1864.0
1973 8 1786.0
1973 9 1380.0
1973 10 1559.0
1973 11 1094.0
1973 12 508.0
1974 1 459.0
1974 2 521.0
1974 3 1539.0
1974 4 1924.0
1974 5 1936.0
1974 6 1836.0
1974 7 1761.0
1974 8 1546.0
1974 9 1330.0
1974 10 1400.0
1974 11 740.0
1974 12 522.0
1975 1 353.0
1975 2 431.0
1975 3 770.0
1975 4 1587.0
1975 5 1822.0
1975 6 1648.0
1975 7 1908.0
1975 8 1618.0
1975 9 1808.0
1975 10 1831.0
1975 11 1284.0
1975 12 908.0
1976 1 625.0
1976 2 706.0
1976 3 1662.0
1976 4 2364.0
1976 5 2482.0
1976 6 2450.0
1976 7 2058.0
1976 8 2282.0
1976 9 1944.0
1976 10 2174.0
1976 11 1550.0
1976 12 1138.0
1977 1 534.0
1977 2 1004.0
1977 3 2189.0
1977 4 2832.0
1977 5 3013.0
1977 6 3077.0
1977 7 2309.0
1977 8 2551.0
1977 9 2284.0
1977 10 2233.0
1977 11 1901.0
1977 12 1124.0
1978 1 741.0
1978 2 1046.0
1978 3 2222.0
1978 4 2540.0
1978 5 2937.0
1978 6 2571.0
1978 7 2012.0
1978 8 2239.0
1978 9 1949.0
1978 10 2228.0
1978 11 2159.0
1978 12 746.0
1979 1 285.0
1979 2 529.0
1979 3 1604.0
1979 4 1760.0
1979 5 2311.0
1979 6 2059.0
1979 7 1868.0
1979 8 1837.0
1979 9 1391.0
1979 10 1606.0
1979 11 832.0
1979 12 527.0
1980 1 214.0
1980 2 336.0
1980 3 448.0
1980 4 906.0
1980 5 1278.0
1980 6 927.0
1980 7 993.0
1980 8 1087.0
1980 9 1410.0
1980 10 1423.0
1980 11 856.0
1980 12 401.0
1981 1 228.0
1981 2 239.0
1981 3 725.0
1981 4 918.0
1981 5 975.0
1981 6 1042.0
1981 7 886.0
1981 8 624.0
1981 9 601.0
1981 10 522.0
1981 11 392.0
1981 12 266.0
1982 1 115.0
1982 2 100.0
1982 3 252.0
1982 4 587.0
1982 5 734.0
1982 6 752.0
1982 7 610.0
1982 8 671.0
1982 9 833.0
1982 10 745.0
1982 11 639.0
1982 12 323.0
1983 1 215.0
1983 2 276.0
1983 3 767.0
1983 4 1112.0
1983 5 1366.0
1983 6 1396.0
1983 7 1108.0
1983 8 1212.0
1983 9 1071.0
1983 10 979.0
1983 11 869.0
1983 12 387.0
1984 1 341.0
1984 2 594.0
1984 3 943.0
1984 4 1277.0
1984 5 1355.0
1984 6 1295.0
1984 7 1192.0
1984 8 982.0
1984 9 797.0
1984 10 942.0
1984 11 719.0
1984 12 387.0
1985 1 336.0
1985 2 300.0
1985 3 857.0
1985 4 1214.0
1985 5 1463.0
1985 6 1305.0
1985 7 1387.0
1985 8 1141.0
1985 9 1284.0
1985 10 1201.0
1985 11 688.0
1985 12 335.0
1986 1 259.0
1986 2 436.0
1986 3 906.0
1986 4 1401.0
1986 5 1619.0
1986 6 1534.0
1986 7 1572.0
1986 8 1403.0
1986 9 1321.0
1986 10 1366.0
1986 11 840.0
1986 12 628.0
1987 1 630.0
1987 2 760.0
1987 3 1313.0
1987 4 1543.0
1987 5 1632.0
1987 6 1746.0
1987 7 1622.0
1987 8 1245.0
1987 9 1393.0
1987 10 1470.0
1987 11 884.0
1987 12 587.0
1988 1 434.0
1988 2 497.0
1988 3 1277.0
1988 4 1669.0
1988 5 1568.0
1988 6 1667.0
1988 7 1457.0
1988 8 1557.0
1988 9 1472.0
1988 10 1368.0
1988 11 1012.0
1988 12 750.0
1989 1 487.0
1989 2 530.0
1989 3 1064.0
1989 4 1590.0
1989 5 1842.0
1989 6 1595.0
1989 7 1512.0
1989 8 1588.0
1989 9 1380.0
1989 10 1587.0
1989 11 1036.0
1989 12 636.0
1990 1 575.0
1990 2 815.0
1990 3 1407.0
1990 4 1729.0
1990 5 1832.0
1990 6 1776.0
1990 7 1543.0
1990 8 1569.0
1990 9 1404.0
1990 10 1394.0
1990 11 1058.0
1990 12 546.0
1991 1 423.0
1991 2 621.0
1991 3 1170.0
1991 4 1846.0
1991 5 1806.0
1991 6 1803.0
1991 7 1658.0
1991 8 1541.0
1991 9 1594.0
1991 10 1735.0
1991 11 1083.0
1991 12 673.0
1992 1 788.0
1992 2 1016.0
1992 3 1827.0
1992 4 2184.0
1992 5 2188.0
1992 6 2228.0
1992 7 2075.0
1992 8 1856.0
1992 9 1922.0
1992 10 1996.0
1992 11 1467.0
1992 12 1152.0
1993 1 812.0
1993 2 935.0
1993 3 1634.0
1993 4 2065.0
1993 5 2210.0
1993 6 2243.0
1993 7 2086.0
1993 8 2093.0
1993 9 2107.0
1993 10 2191.0
1993 11 1777.0
1993 12 1210.0
1994 1 677.0
1994 2 883.0
1994 3 1859.0
1994 4 2377.0
1994 5 2716.0
1994 6 2607.0
1994 7 2125.0
1994 8 2199.0
1994 9 1979.0
1994 10 1941.0
1994 11 1458.0
1994 12 1058.0
1995 1 749.0
1995 2 800.0
1995 3 1554.0
1995 4 2042.0
1995 5 2387.0
1995 6 2363.0
1995 7 1978.0
1995 8 2174.0
1995 9 1909.0
1995 10 2069.0
1995 11 1391.0
1995 12 1047.0
1996 1 731.0
1996 2 975.0
1996 3 1729.0
1996 4 2611.0
1996 5 2726.0
1996 6 2369.0
1996 7 2468.0
1996 8 2173.0
1996 9 1925.0
1996 10 2083.0
1996 11 1330.0
1996 12 872.0
1997 1 674.0
1997 2 796.0
1997 3 1533.0
1997 4 2354.0
1997 5 2215.0
1997 6 2086.0
1997 7 1887.0
1997 8 1815.0
1997 9 1810.0
1997 10 1739.0
1997 11 1292.0
1997 12 1120.0
1998 1 689.0
1998 2 1194.0
1998 3 1675.0
1998 4 2487.0
1998 5 2250.0
1998 6 2349.0
1998 7 2177.0
1998 8 2090.0
1998 9 1947.0
1998 10 2229.0
1998 11 1530.0
1998 12 1386.0
1999 1 809.0
1999 2 1122.0
1999 3 2093.0
1999 4 2974.0
1999 5 2411.0
1999 6 2431.0
1999 7 2100.0
1999 8 2258.0
1999 9 2310.0
1999 10 2222.0
1999 11 1714.0
1999 12 1093.0
2000 1 873.0
2000 2 1223.0
2000 3 2344.0
2000 4 2412.0
2000 5 2501.0
2000 6 2410.0
2000 7 1903.0
2000 8 2047.0
2000 9 1959.0
2000 10 2550.0
2000 11 1658.0
2000 12 1013.0
2001 1 1090.0
2001 2 1277.0
2001 3 2039.0
2001 4 2316.0
2001 5 2630.0
2001 6 2509.0
2001 7 2314.0
2001 8 2175.0
2001 9 2079.0
2001 10 2182.0
2001 11 1673.0
2001 12 1163.0
2002 1 1084.0
2002 2 1295.0
2002 3 1809.0
2002 4 2876.0
2002 5 2650.0
2002 6 2463.0
2002 7 2444.0
2002 8 2333.0
2002 9 2369.0
2002 10 2603.0
2002 11 1731.0
2002 12 1446.0
2003 1 1304.0
2003 2 1116.0
2003 3 1858.0
2003 4 2955.0
2003 5 2882.0
2003 6 2814.0
2003 7 2717.0
2003 8 2503.0
2003 9 2614.0
2003 10 2988.0
2003 11 2051.0
2003 12 1503.0
2004 1 1198.0
2004 2 1459.0
2004 3 2161.0
2004 4 2937.0
2004 5 2702.0
2004 6 2950.0
2004 7 2689.0
2004 8 2632.0
2004 9 2635.0
2004 10 2504.0
2004 11 2155.0
2004 12 1701.0
2005 1 1158.0
2005 2 1288.0
2005 3 2097.0
2005 4 2742.0
2005 5 2975.0
2005 6 2924.0
2005 7 2482.0
2005 8 2732.0
2005 9 2795.0
2005 10 2616.0
2005 11 2022.0
2005 12 1368.0
2006 1 1148.0
2006 2 1256.0
2006 3 2009.0
2006 4 2269.0
2006 5 2500.0
2006 6 2270.0
2006 7 1723.0
2006 8 1903.0
2006 9 1589.0
2006 10 2026.0
2006 11 1511.0
2006 12 879.0
2007 1 764.0
2007 2 736.0
2007 3 1357.0
2007 4 1837.0
2007 5 1994.0
2007 6 1757.0
2007 7 1624.0
2007 8 1541.0
2007 9 1413.0
2007 10 1613.0
2007 11 1029.0
2007 12 669.0
2008 1 543.0
2008 2 507.0
2008 3 713.0
2008 4 1258.0
2008 5 1363.0
2008 6 1122.0
2008 7 1224.0
2008 8 968.0
2008 9 967.0
2008 10 1036.0
2008 11 590.0
2008 12 315.0
2009 1 178.0
2009 2 308.0
2009 3 497.0
2009 4 604.0
2009 5 838.0
2009 6 1016.0
2009 7 917.0
2009 8 972.0
2009 9 953.0
2009 10 848.0
2009 11 520.0
2009 12 460.0
2010 1 373.0
2010 2 430.0
2010 3 750.0
2010 4 878.0
2010 5 914.0
2010 6 823.0
2010 7 721.0
2010 8 712.0
2010 9 677.0
2010 10 809.0
2010 11 497.0
2010 12 332.0
2011 1 286.0
2011 2 306.0
2011 3 492.0
2011 4 665.0
2011 5 736.0
2011 6 851.0
2011 7 577.0
2011 8 637.0
2011 9 733.0
2011 10 645.0
2011 11 491.0
2011 12 328.0
2012 1 233.0
2012 2 369.0
2012 3 588.0
2012 4 758.0
2012 5 878.0
2012 6 704.0
2012 7 780.0
2012 8 847.0
2012 9 729.0
2012 10 962.0
2012 11 579.0
2012 12 401.0
2013 1 345.0
2013 2 400.0
2013 3 530.0
2013 4 895.0
2013 5 1003.0
2013 6 937.0
2013 7 987.0
2013 8 1007.0
2013 9 914.0
2013 10 949.0
2013 11 583.0
2013 12 352.0
2014 1 257.0
2014 2 308.0
2014 3 572.0
2014 4 775.0
2014 5 946.0
2014 6 938.0
2014 7 947.0
2014 8 965.0
2014 9 950.0
2014 10 933.0
2014 11 510.0
2014 12 412.0
2015 1 371.0
2015 2 390.0
2015 3 718.0
2015 4 1057.0
2015 5 1061.0
2015 6 1002.0
2015 7 1091.0
2015 8 913.0
2015 9 999.0
2015 10 1002.0
2015 11 695.0
2015 12 573.0
2016 1 417.0
2016 2 541.0
2016 3 838.0
2016 4 1089.0
2016 5 1227.0
2016 6 1174.0
2016 7 971.0
2016 8 1129.0
2016 9 1197.0
2016 10 1086.0
2016 11 839.0
2016 12 635.0
2017 1 425.0
2017 2 559.0
2017 3 1020.0
2017 4 1266.0
2017 5 1256.0
2017 6 1242.0
2017 7 1106.0
2017 8 1131.0
2017 9 1172.0
2017 10 1190.0
2017 11 846.0
2017 12 640.0
2018 1 496.0
2018 2 619.0
2018 3 843.0
2018 4 1077.0
2018 5 1326.0
2018 6 1261.0
2018 7 1117.0
2018 8 1258.0
2018 9 1116.0
2018 10 1181.0
2018 11 729.0
2018 12 561.0
2019 1 454.0
2019 2 511.0
2019 3 734.0
2019 4 1152.0
2019 5 1242.0
2019 6 1077.0
2019 7 1065.0
2019 8 1097.0
2019 9 1114.0
2019 10 1285.0
2019 11 713.0
2019 12 561.0
2020 1 610.0
2020 2 633.0
2020 3 772.0
2020 4 989.0
2020 5 1033.0
2020 6 1299.0
2020 7 1245.0
2020 8 1319.0
2020 9 1424.0
2020 10 1546.0
2020 11 896.0
2020 12 750.0
2021 1 726.0
2021 2 739.0
2021 3 1304.0
2021 4 1585.0
2021 5 1203.0
2021 6 1406.0
2021 7 1003.0
2021 8 1070.0
2021 9 1165.0
2021 10 1189.0
2021 11 943.0
2021 12 835.0
2022 1 640.0
2022 2 742.0
2022 3 1074.0
2022 4 1221.0
2022 5 1248.0
2022 6 1257.0
2022 7 1021.0
2022 8 1173.0
2022 9 1072.0
2022 10 991.0
2022 11 746.0
2022 12 502.0
2023 1 424.0
2023 2 559.0
2023 3 850.0
2023 4 907.0
2023 5 1274.0
2023 6 1181.0
2023 7 1087.0
2023 8 1263.0
2023 9 1097.0
2023 10 1098.0
2023 11 809.0
2023 12 573.0
2024 1 608.0
2024 2 856.0
2024 3 1094.0
2024 4 1246.0
2024 5 1359.0
2024 6 1195.0
2024 7 1134.0
2024 8 1212.0
