1960 5 157.0
1960 6 181.0
1960 7 149.0
1960 8 192.0
1960 9 174.0
1960 10 197.0
1960 11 213.0
1960 12 174.0
1961 1 113.0
1961 2 72.0
1961 3 162.0
1961 4 227.0
1961 5 188.0
1961 6 154.0
1961 7 103.0
1961 8 140.0
1961 9 97.0
1961 10 85.0
1961 11 93.0
1961 12 56.0
1962 1 63.0
1962 2 79.0
1962 3 106.0
1962 4 147.0
1962 5 99.0
1962 6 73.0
1962 7 60.0
1962 8 64.0
1962 9 58.0
1962 10 143.0
1962 11 85.0
1962 12 46.0
1963 1 38.0
1963 2 60.0
1963 3 87.0
1963 4 166.0
1963 5 163.0
1963 6 159.0
1963 7 203.0
1963 8 132.0
1963 9 140.0
1963 10 145.0
1963 11 128.0
1963 12 128.0
1964 1 100.0
1964 2 105.0
1964 3 146.0
1964 4 159.0
1964 5 199.0
1964 6 172.0
1964 7 146.0
1964 8 140.0
1964 9 136.0
1964 10 181.0
1964 11 139.0
1964 12 104.0
1965 1 80.0
1965 2 136.0
1965 3 143.0
1965 4 171.0
1965 5 168.0
1965 6 172.0
1965 7 135.0
1965 8 152.0
1965 9 134.0
1965 10 222.0
1965 11 208.0
1965 12 131.0
1966 1 86.0
1966 2 87.0
1966 3 203.0
1966 4 142.0
1966 5 90.0
1966 6 106.0
1966 7 50.0
1966 8 108.0
1966 9 113.0
1966 10 164.0
1966 11 94.0
1966 12 66.0
1967 1 71.0
1967 2 70.0
1967 3 115.0
1967 4 146.0
1967 5 163.0
1967 6 186.0
1967 7 113.0
1967 8 122.0
1967 9 143.0
1967 10 130.0
1967 11 129.0
1967 12 74.0
1968 1 124.0
1968 2 90.0
1968 3 152.0
1968 4 122.0
1968 5 393.0
1968 6 168.0
1968 7 178.0
1968 8 97.0
1968 9 174.0
1968 10 218.0
1968 11 218.0
1968 12 177.0
1969 1 178.0
1969 2 144.0
1969 3 162.0
1969 4 220.0
1969 5 314.0
1969 6 160.0
1969 7 132.0
1969 8 178.0
1969 9 226.0
1969 10 262.0
1969 11 152.0
1969 12 124.0
1970 1 50.0
1970 2 110.0
1970 3 154.0
1970 4 233.0
1970 5 141.0
1970 6 150.0
1970 7 166.0
1970 8 156.0
1970 9 166.0
1970 10 182.0
1970 11 156.0
1970 12 179.0
1971 1 43.0
1971 2 57.0
1971 3 254.0
1971 4 180.0
1971 5 210.0
1971 6 368.0
1971 7 282.0
1971 8 254.0
1971 9 184.0
1971 10 204.0
1971 11 353.0
1971 12 140.0
1972 1 130.0
1972 2 62.0
1972 3 203.0
1972 4 216.0
1972 5 269.0
1972 6 192.0
1972 7 194.0
1972 8 191.0
1972 9 180.0
1972 10 210.0
1972 11 184.0
1972 12 76.0
1973 1 134.0
1973 2 112.0
1973 3 225.0
1973 4 237.0
1973 5 199.0
1973 6 267.0
1973 7 218.0
1973 8 238.0
1973 9 156.0
1973 10 214.0
1973 11 211.0
1973 12 123.0
1974 1 150.0
1974 2 126.0
1974 3 249.0
1974 4 359.0
1974 5 234.0
1974 6 186.0
1974 7 169.0
1974 8 171.0
1974 9 111.0
1974 10 73.0
1974 11 66.0
1974 12 134.0
1975 1 94.0
1975 2 102.0
1975 3 84.0
1975 4 195.0
1975 5 222.0
1975 6 166.0
1975 7 214.0
1975 8 143.0
1975 9 229.0
1975 10 213.0
1975 11 251.0
1975 12 146.0
1976 1 113.0
1976 2 135.0
1976 3 232.0
1976 4 255.0
1976 5 245.0
1976 6 203.0
1976 7 266.0
1976 8 212.0
1976 9 272.0
1976 10 312.0
1976 11 246.0
1976 12 150.0
1977 1 115.0
1977 2 121.0
1977 3 295.0
1977 4 258.0
1977 5 312.0
1977 6 393.0
1977 7 306.0
1977 8 357.0
1977 9 391.0
1977 10 294.0
1977 11 272.0
1977 12 227.0
1978 1 82.0
1978 2 108.0
1978 3 300.0
1978 4 276.0
1978 5 278.0
1978 6 406.0
1978 7 237.0
1978 8 315.0
1978 9 181.0
1978 10 285.0
1978 11 330.0
1978 12 111.0
1979 1 70.0
1979 2 107.0
1979 3 219.0
1979 4 207.0
1979 5 470.0
1979 6 306.0
1979 7 227.0
1979 8 254.0
1979 9 279.0
1979 10 321.0
1979 11 144.0
1979 12 251.0
1980 1 91.0
1980 2 52.0
1980 3 134.0
1980 4 81.0
1980 5 165.0
1980 6 104.0
1980 7 198.0
1980 8 277.0
1980 9 286.0
1980 10 517.0
1980 11 278.0
1980 12 154.0
1981 1 83.0
1981 2 130.0
1981 3 184.0
1981 4 232.0
1981 5 224.0
1981 6 150.0
1981 7 144.0
1981 8 112.0
1981 9 192.0
1981 10 252.0
1981 11 173.0
1981 12 65.0
1982 1 6.0
1982 2 42.0
1982 3 65.0
1982 4 82.0
1982 5 148.0
1982 6 243.0
1982 7 115.0
1982 8 102.0
1982 9 120.0
1982 10 136.0
1982 11 152.0
1982 12 105.0
1983 1 65.0
1983 2 96.0
1983 3 157.0
1983 4 132.0
1983 5 205.0
1983 6 207.0
1983 7 126.0
1983 8 177.0
1983 9 170.0
1983 10 173.0
1983 11 276.0
1983 12 84.0
1984 1 97.0
1984 2 111.0
1984 3 198.0
1984 4 210.0
1984 5 259.0
1984 6 157.0
1984 7 224.0
1984 8 167.0
1984 9 192.0
1984 10 201.0
1984 11 243.0
1984 12 84.0
1985 1 56.0
1985 2 56.0
1985 3 92.0
1985 4 136.0
1985 5 215.0
1985 6 237.0
1985 7 238.0
1985 8 153.0
1985 9 179.0
1985 10 252.0
1985 11 120.0
1985 12 122.0
1986 1 166.0
1986 2 79.0
1986 3 162.0
1986 4 285.0
1986 5 208.0
1986 6 292.0
1986 7 194.0
1986 8 213.0
1986 9 199.0
1986 10 271.0
1986 11 218.0
1986 12 102.0
1987 1 94.0
1987 2 97.0
1987 3 149.0
1987 4 232.0
1987 5 197.0
1987 6 228.0
1987 7 142.0
1987 8 188.0
1987 9 165.0
1987 10 217.0
1987 11 176.0
1987 12 119.0
1988 1 55.0
1988 2 112.0
1988 3 196.0
1988 4 256.0
1988 5 194.0
1988 6 267.0
1988 7 214.0
1988 8 235.0
1988 9 201.0
1988 10 217.0
1988 11 296.0
1988 12 91.0
1989 1 138.0
1989 2 69.0
1989 3 182.0
1989 4 270.0
1989 5 170.0
1989 6 225.0
1989 7 366.0
1989 8 332.0
1989 9 167.0
1989 10 253.0
1989 11 219.0
1989 12 152.0
1990 1 142.0
1990 2 146.0
1990 3 144.0
1990 4 263.0
1990 5 200.0
1990 6 191.0
1990 7 204.0
1990 8 181.0
1990 9 323.0
1990 10 218.0
1990 11 175.0
1990 12 98.0
1991 1 74.0
1991 2 118.0
1991 3 132.0
1991 4 211.0
1991 5 238.0
1991 6 200.0
1991 7 173.0
1991 8 195.0
1991 9 215.0
1991 10 271.0
1991 11 187.0
1991 12 239.0
1992 1 130.0
1992 2 147.0
1992 3 320.0
1992 4 309.0
1992 5 332.0
1992 6 283.0
1992 7 195.0
1992 8 214.0
1992 9 275.0
1992 10 303.0
1992 11 253.0
1992 12 250.0
1993 1 125.0
1993 2 122.0
1993 3 316.0
1993 4 298.0
1993 5 352.0
1993 6 451.0
1993 7 313.0
1993 8 295.0
1993 9 275.0
1993 10 329.0
1993 11 276.0
1993 12 192.0
1994 1 129.0
1994 2 100.0
1994 3 272.0
1994 4 330.0
1994 5 408.0
1994 6 276.0
1994 7 521.0
1994 8 462.0
1994 9 347.0
1994 10 614.0
1994 11 342.0
1994 12 235.0
1995 1 125.0
1995 2 116.0
1995 3 305.0
1995 4 289.0
1995 5 526.0
1995 6 428.0
1995 7 234.0
1995 8 431.0
1995 9 477.0
1995 10 578.0
1995 11 306.0
1995 12 193.0
1996 1 147.0
1996 2 141.0
1996 3 306.0
1996 4 567.0
1996 5 337.0
1996 6 310.0
1996 7 225.0
1996 8 305.0
1996 9 336.0
1996 10 532.0
1996 11 204.0
1996 12 158.0
1997 1 116.0
1997 2 226.0
1997 3 318.0
1997 4 390.0
1997 5 312.0
1997 6 465.0
1997 7 330.0
1997 8 187.0
1997 9 352.0
1997 10 411.0
1997 11 293.0
1997 12 267.0
1998 1 123.0
1998 2 131.0
1998 3 192.0
1998 4 214.0
1998 5 264.0
1998 6 494.0
1998 7 231.0
1998 8 191.0
1998 9 359.0
1998 10 330.0
1998 11 233.0
1998 12 355.0
1999 1 140.0
1999 2 180.0
1999 3 307.0
1999 4 356.0
1999 5 342.0
1999 6 363.0
1999 7 234.0
1999 8 236.0
1999 9 286.0
1999 10 305.0
1999 11 279.0
1999 12 215.0
2000 1 154.0
2000 2 249.0
2000 3 390.0
2000 4 285.0
2000 5 302.0
2000 6 370.0
2000 7 266.0
2000 8 392.0
2000 9 209.0
2000 10 319.0
2000 11 345.0
2000 12 67.0
2001 1 103.0
2001 2 190.0
2001 3 243.0
2001 4 318.0
2001 5 326.0
2001 6 430.0
2001 7 282.0
2001 8 355.0
2001 9 335.0
2001 10 377.0
2001 11 233.0
2001 12 181.0
2002 1 175.0
2002 2 143.0
2002 3 287.0
2002 4 397.0
2002 5 282.0
2002 6 321.0
2002 7 477.0
2002 8 396.0
2002 9 324.0
2002 10 346.0
2002 11 175.0
2002 12 187.0
2003 1 215.0
2003 2 104.0
2003 3 275.0
2003 4 359.0
2003 5 272.0
2003 6 305.0
2003 7 310.0
2003 8 350.0
2003 9 358.0
2003 10 373.0
2003 11 312.0
2003 12 347.0
2004 1 191.0
2004 2 154.0
2004 3 242.0
2004 4 402.0
2004 5 244.0
2004 6 224.0
2004 7 313.0
2004 8 266.0
2004 9 271.0
2004 10 425.0
2004 11 306.0
2004 12 223.0
2005 1 58.0
2005 2 131.0
2005 3 213.0
2005 4 297.0
2005 5 288.0
2005 6 279.0
2005 7 249.0
2005 8 353.0
2005 9 377.0
2005 10 210.0
2005 11 263.0
2005 12 200.0
2006 1 165.0
2006 2 173.0
2006 3 198.0
2006 4 295.0
2006 5 259.0
2006 6 178.0
2006 7 142.0
2006 8 180.0
2006 9 151.0
2006 10 115.0
2006 11 141.0
2006 12 84.0
2007 1 62.0
2007 2 122.0
2007 3 121.0
2007 4 123.0
2007 5 138.0
2007 6 122.0
2007 7 113.0
2007 8 116.0
2007 9 127.0
2007 10 116.0
2007 11 85.0
2007 12 40.0
2008 1 37.0
2008 2 34.0
2008 3 84.0
2008 4 91.0
2008 5 67.0
2008 6 52.0
2008 7 73.0
2008 8 102.0
2008 9 89.0
2008 10 43.0
2008 11 41.0
2008 12 16.0
2009 1 20.0
2009 2 22.0
2009 3 35.0
2009 4 67.0
2009 5 85.0
2009 6 47.0
2009 7 29.0
2009 8 20.0
2009 9 62.0
2009 10 24.0
2009 11 63.0
2009 12 38.0
2010 1 10.0
2010 2 14.0
2010 3 97.0
2010 4 26.0
2010 5 63.0
2010 6 36.0
2010 7 43.0
2010 8 15.0
2010 9 18.0
2010 10 46.0
2010 11 18.0
2010 12 22.0
2011 1 8.0
2011 2 20.0
2011 3 31.0
2011 4 22.0
2011 5 87.0
2011 6 45.0
2011 7 32.0
2011 8 34.0
2011 9 35.0
2011 10 54.0
2011 11 22.0
2011 12 10.0
2012 1 9.0
2012 2 17.0
2012 3 25.0
2012 4 40.0
2012 5 52.0
2012 6 14.0
2012 7 43.0
2012 8 139.0
2012 9 51.0
2012 10 53.0
2012 11 67.0
2012 12 19.0
2013 1 6.0
2013 2 6.0
2013 3 23.0
2013 4 63.0
2013 5 43.0
2013 6 63.0
2013 7 61.0
2013 8 62.0
2013 9 47.0
2013 10 126.0
2013 11 48.0
2013 12 32.0
2014 1 2.0
2014 2 13.0
2014 3 27.0
2014 4 69.0
2014 5 66.0
2014 6 39.0
2014 7 105.0
2014 8 40.0
2014 9 51.0
2014 10 52.0
2014 11 26.0
2014 12 29.0
2015 1 34.0
2015 2 20.0
2015 3 92.0
2015 4 55.0
2015 5 56.0
2015 6 54.0
2015 7 86.0
2015 8 70.0
2015 9 179.0
2015 10 66.0
2015 11 43.0
2015 12 43.0
2016 1 20.0
2016 2 47.0
2016 3 107.0
2016 4 31.0
2016 5 41.0
2016 6 133.0
2016 7 39.0
2016 8 69.0
2016 9 57.0
2016 10 182.0
2016 11 112.0
2016 12 44.0
2017 1 29.0
2017 2 25.0
2017 3 85.0
2017 4 62.0
2017 5 59.0
2017 6 63.0
2017 7 52.0
2017 8 74.0
2017 9 97.0
2017 10 59.0
2017 11 49.0
2017 12 35.0
2018 1 36.0
2018 2 34.0
2018 3 58.0
2018 4 91.0
2018 5 84.0
2018 6 107.0
2018 7 89.0
2018 8 93.0
2018 9 67.0
2018 10 143.0
2018 11 52.0
2018 12 37.0
2019 1 86.0
2019 2 21.0
2019 3 46.0
2019 4 95.0
2019 5 81.0
2019 6 41.0
2019 7 87.0
2019 8 57.0
2019 9 85.0
2019 10 73.0
2019 11 45.0
2019 12 71.0
2020 1 58.0
2020 2 35.0
2020 3 48.0
2020 4 80.0
2020 5 116.0
2020 6 97.0
2020 7 85.0
2020 8 144.0
2020 9 182.0
2020 10 87.0
2020 11 55.0
2020 12 44.0
2021 1 44.0
2021 2 54.0
2021 3 103.0
2021 4 144.0
2021 5 101.0
2021 6 128.0
2021 7 189.0
2021 8 117.0
2021 9 140.0
2021 10 343.0
2021 11 178.0
2021 12 87.0
2022 1 62.0
2022 2 66.0
2022 3 113.0
2022 4 155.0
2022 5 131.0
2022 6 159.0
2022 7 94.0
2022 8 202.0
2022 9 121.0
2022 10 159.0
2022 11 85.0
2022 12 86.0
2023 1 66.0
2023 2 72.0
2023 3 73.0
2023 4 116.0
2023 5 170.0
2023 6 145.0
2023 7 127.0
2023 8 130.0
2023 9 132.0
2023 10 168.0
2023 11 91.0
2023 12 86.0
2024 1 86.0
2024 2 101.0
2024 3 146.0
2024 4 140.0
2024 5 132.0
2024 6 152.0
2024 7 166.0
2024 8 170.0
