1960 5 1655.0
1960 6 1532.0
1960 7 1323.0
1960 8 1363.0
1960 9 1481.0
1960 10 1385.0
1960 11 1404.0
1960 12 1088.0
1961 1 587.0
1961 2 606.0
1961 3 975.0
1961 4 1354.0
1961 5 1674.0
1961 6 1503.0
1961 7 1279.0
1961 8 1371.0
1961 9 1433.0
1961 10 1059.0
1961 11 866.0
1961 12 824.0
1962 1 608.0
1962 2 647.0
1962 3 972.0
1962 4 1472.0
1962 5 1275.0
1962 6 1113.0
1962 7 931.0
1962 8 1168.0
1962 9 1240.0
1962 10 1316.0
1962 11 1304.0
1962 12 832.0
1963 1 530.0
1963 2 482.0
1963 3 1101.0
1963 4 1818.0
1963 5 1818.0
1963 6 1756.0
1963 7 1730.0
1963 8 1272.0
1963 9 1518.0
1963 10 1678.0
1963 11 1391.0
1963 12 905.0
1964 1 823.0
1964 2 887.0
1964 3 2393.0
1964 4 2108.0
1964 5 1866.0
1964 6 1869.0
1964 7 1681.0
1964 8 2128.0
1964 9 1490.0
1964 10 1588.0
1964 11 1410.0
1964 12 1127.0
1965 1 628.0
1965 2 832.0
1965 3 1686.0
1965 4 2028.0
1965 5 2662.0
1965 6 1943.0
1965 7 1973.0
1965 8 1946.0
1965 9 1612.0
1965 10 1712.0
1965 11 1557.0
1965 12 1109.0
1966 1 841.0
1966 2 1199.0
1966 3 2007.0
1966 4 1942.0
1966 5 1515.0
1966 6 1279.0
1966 7 922.0
1966 8 1007.0
1966 9 861.0
1966 10 1142.0
1966 11 755.0
1966 12 591.0
1967 1 469.0
1967 2 467.0
1967 3 1066.0
1967 4 1234.0
1967 5 1418.0
1967 6 1867.0
1967 7 1281.0
1967 8 2086.0
1967 9 1807.0
1967 10 2369.0
1967 11 1200.0
1967 12 699.0
1968 1 960.0
1968 2 1385.0
1968 3 1564.0
1968 4 2156.0
1968 5 2952.0
1968 6 2176.0
1968 7 1930.0
1968 8 1719.0
1968 9 2119.0
1968 10 1889.0
1968 11 2082.0
1968 12 1098.0
1969 1 1104.0
1969 2 1569.0
1969 3 1956.0
1969 4 2493.0
1969 5 2175.0
1969 6 1686.0
1969 7 1812.0
1969 8 1418.0
1969 9 1552.0
1969 10 2050.0
1969 11 1089.0
1969 12 1071.0
1970 1 918.0
1970 2 1215.0
1970 3 1094.0
1970 4 2038.0
1970 5 2127.0
1970 6 2229.0
1970 7 2392.0
1970 8 1802.0
1970 9 2234.0
1970 10 1929.0
1970 11 2060.0
1970 12 1490.0
1971 1 1204.0
1971 2 939.0
1971 3 2597.0
1971 4 2743.0
1971 5 3021.0
1971 6 3223.0
1971 7 2893.0
1971 8 2412.0
1971 9 2763.0
1971 10 2886.0
1971 11 2640.0
1971 12 2056.0
1972 1 1576.0
1972 2 1352.0
1972 3 2071.0
1972 4 3128.0
1972 5 4106.0
1972 6 3148.0
1972 7 2465.0
1972 8 2666.0
1972 9 3214.0
1972 10 2640.0
1972 11 2208.0
1972 12 2016.0
1973 1 1752.0
1973 2 1871.0
1973 3 2955.0
1973 4 3371.0
1973 5 3699.0
1973 6 3459.0
1973 7 2973.0
1973 8 3046.0
1973 9 1847.0
1973 10 3006.0
1973 11 2011.0
1973 12 888.0
1974 1 755.0
1974 2 1067.0
1974 3 2289.0
1974 4 2849.0
1974 5 3462.0
1974 6 3219.0
1974 7 2437.0
1974 8 1978.0
1974 9 1819.0
1974 10 1862.0
1974 11 1213.0
1974 12 1252.0
1975 1 908.0
1975 2 792.0
1975 3 991.0
1975 4 2260.0
1975 5 2620.0
1975 6 2123.0
1975 7 2506.0
1975 8 2174.0
1975 9 2622.0
1975 10 2869.0
1975 11 2616.0
1975 12 1599.0
1976 1 895.0
1976 2 1131.0
1976 3 2235.0
1976 4 3156.0
1976 5 3853.0
1976 6 3581.0
1976 7 3011.0
1976 8 3130.0
1976 9 3286.0
1976 10 3283.0
1976 11 2752.0
1976 12 2120.0
1977 1 993.0
1977 2 1498.0
1977 3 3220.0
1977 4 3680.0
1977 5 4329.0
1977 6 4887.0
1977 7 3260.0
1977 8 4011.0
1977 9 3389.0
1977 10 3669.0
1977 11 2579.0
1977 12 2118.0
1978 1 944.0
1978 2 1766.0
1978 3 2915.0
1978 4 3681.0
1978 5 4046.0
1978 6 3395.0
1978 7 3161.0
1978 8 3254.0
1978 9 2708.0
1978 10 2988.0
1978 11 3034.0
1978 12 1407.0
1979 1 375.0
1979 2 838.0
1979 3 2222.0
1979 4 2398.0
1979 5 3448.0
1979 6 3252.0
1979 7 2561.0
1979 8 2696.0
1979 9 2617.0
1979 10 2791.0
1979 11 1767.0
1979 12 856.0
1980 1 341.0
1980 2 880.0
1980 3 787.0
1980 4 1183.0
1980 5 1712.0
1980 6 1156.0
1980 7 1525.0
1980 8 1754.0
1980 9 2053.0
1980 10 3178.0
1980 11 1604.0
1980 12 1384.0
1981 1 756.0
1981 2 648.0
1981 3 1203.0
1981 4 1394.0
1981 5 1469.0
1981 6 1651.0
1981 7 1231.0
1981 8 837.0
1981 9 1454.0
1981 10 888.0
1981 11 880.0
1981 12 523.0
1982 1 171.0
1982 2 373.0
1982 3 477.0
1982 4 867.0
1982 5 1198.0
1982 6 1195.0
1982 7 1345.0
1982 8 1150.0
1982 9 1112.0
1982 10 1129.0
1982 11 973.0
1982 12 471.0
1983 1 478.0
1983 2 439.0
1983 3 987.0
1983 4 1420.0
1983 5 1853.0
1983 6 2199.0
1983 7 1358.0
1983 8 1920.0
1983 9 1841.0
1983 10 1439.0
1983 11 1383.0
1983 12 624.0
1984 1 562.0
1984 2 946.0
1984 3 1262.0
1984 4 1895.0
1984 5 1949.0
1984 6 1928.0
1984 7 1696.0
1984 8 1478.0
1984 9 1549.0
1984 10 1559.0
1984 11 1181.0
1984 12 753.0
1985 1 540.0
1985 2 487.0
1985 3 1256.0
1985 4 1836.0
1985 5 2418.0
1985 6 1992.0
1985 7 2363.0
1985 8 2196.0
1985 9 2128.0
1985 10 1937.0
1985 11 1260.0
1985 12 1178.0
1986 1 920.0
1986 2 715.0
1986 3 1638.0
1986 4 2455.0
1986 5 2495.0
1986 6 2514.0
1986 7 2304.0
1986 8 2076.0
1986 9 2012.0
1986 10 2371.0
1986 11 1552.0
1986 12 1184.0
1987 1 1230.0
1987 2 1155.0
1987 3 1844.0
1987 4 2802.0
1987 5 2400.0
1987 6 2466.0
1987 7 2296.0
1987 8 1970.0
1987 9 2279.0
1987 10 2556.0
1987 11 1426.0
1987 12 1143.0
1988 1 639.0
1988 2 882.0
1988 3 1819.0
1988 4 2309.0
1988 5 2639.0
1988 6 2415.0
1988 7 2194.0
1988 8 2319.0
1988 9 2947.0
1988 10 2430.0
1988 11 2278.0
1988 12 1472.0
1989 1 1302.0
1989 2 1034.0
1989 3 1516.0
1989 4 2405.0
1989 5 3212.0
1989 6 2896.0
1989 7 2619.0
1989 8 2666.0
1989 9 2310.0
1989 10 2920.0
1989 11 1968.0
1989 12 1958.0
1990 1 2242.0
1990 2 1346.0
1990 3 2074.0
1990 4 2721.0
1990 5 2779.0
1990 6 2329.0
1990 7 2222.0
1990 8 2085.0
1990 9 1973.0
1990 10 2545.0
1990 11 1741.0
1990 12 1217.0
1991 1 1059.0
1991 2 928.0
1991 3 1611.0
1991 4 2741.0
1991 5 2712.0
1991 6 2833.0
1991 7 2557.0
1991 8 2235.0
1991 9 2373.0
1991 10 3054.0
1991 11 1747.0
1991 12 1869.0
1992 1 1278.0
1992 2 1428.0
1992 3 2653.0
1992 4 3233.0
1992 5 3162.0
1992 6 3605.0
1992 7 3247.0
1992 8 2550.0
1992 9 2856.0
1992 10 3044.0
1992 11 2379.0
1992 12 1958.0
1993 1 1273.0
1993 2 1450.0
1993 3 2265.0
1993 4 3105.0
1993 5 3308.0
1993 6 3712.0
1993 7 2981.0
1993 8 3426.0
1993 9 3151.0
1993 10 3091.0
1993 11 2850.0
1993 12 1891.0
1994 1 1100.0
1994 2 1164.0
1994 3 2713.0
1994 4 3395.0
1994 5 4079.0
1994 6 3649.0
1994 7 3102.0
1994 8 3240.0
1994 9 3621.0
1994 10 3936.0
1994 11 2423.0
1994 12 2218.0
1995 1 1217.0
1995 2 1499.0
1995 3 2335.0
1995 4 2956.0
1995 5 3328.0
1995 6 3294.0
1995 7 3321.0
1995 8 3875.0
1995 9 2933.0
1995 10 3643.0
1995 11 2425.0
1995 12 1808.0
1996 1 1239.0
1996 2 1326.0
1996 3 2671.0
1996 4 3912.0
1996 5 3495.0
1996 6 3112.0
1996 7 5440.0
1996 8 3042.0
1996 9 2736.0
1996 10 3513.0
1996 11 2209.0
1996 12 1563.0
1997 1 1080.0
1997 2 1455.0
1997 3 2265.0
1997 4 3361.0
1997 5 3237.0
1997 6 2982.0
1997 7 2873.0
1997 8 2375.0
1997 9 2809.0
1997 10 2753.0
1997 11 2247.0
1997 12 2224.0
1998 1 1274.0
1998 2 1711.0
1998 3 2504.0
1998 4 3317.0
1998 5 3187.0
1998 6 3439.0
1998 7 2735.0
1998 8 2971.0
1998 9 3135.0
1998 10 3461.0
1998 11 2471.0
1998 12 2474.0
1999 1 1211.0
1999 2 1579.0
1999 3 2838.0
1999 4 3836.0
1999 5 3344.0
1999 6 3276.0
1999 7 2725.0
1999 8 3556.0
1999 9 3272.0
1999 10 3080.0
1999 11 2617.0
1999 12 2042.0
2000 1 1481.0
2000 2 1877.0
2000 3 3345.0
2000 4 3043.0
2000 5 3286.0
2000 6 3279.0
2000 7 2599.0
2000 8 3056.0
2000 9 2935.0
2000 10 3677.0
2000 11 2544.0
2000 12 1423.0
2001 1 1474.0
2001 2 1882.0
2001 3 2610.0
2001 4 3349.0
2001 5 3600.0
2001 6 3315.0
2001 7 3513.0
2001 8 3292.0
2001 9 3765.0
2001 10 3233.0
2001 11 2755.0
2001 12 1677.0
2002 1 1616.0
2002 2 2073.0
2002 3 2410.0
2002 4 3876.0
2002 5 4005.0
2002 6 3885.0
2002 7 3912.0
2002 8 3463.0
2002 9 3450.0
2002 10 4021.0
2002 11 2434.0
2002 12 2981.0
2003 1 2111.0
2003 2 2042.0
2003 3 2914.0
2003 4 4248.0
2003 5 3772.0
2003 6 4194.0
2003 7 3564.0
2003 8 3312.0
2003 9 3739.0
2003 10 3836.0
2003 11 3097.0
2003 12 2556.0
2004 1 1895.0
2004 2 2042.0
2004 3 2811.0
2004 4 4126.0
2004 5 3270.0
2004 6 3657.0
2004 7 3539.0
2004 8 3317.0
2004 9 3697.0
2004 10 3672.0
2004 11 2865.0
2004 12 2365.0
2005 1 1770.0
2005 2 1666.0
2005 3 2660.0
2005 4 3618.0
2005 5 3754.0
2005 6 3985.0
2005 7 3270.0
2005 8 3391.0
2005 9 3685.0
2005 10 3778.0
2005 11 2745.0
2005 12 1843.0
2006 1 1645.0
2006 2 1847.0
2006 3 2538.0
2006 4 2734.0
2006 5 3328.0
2006 6 2805.0
2006 7 2227.0
2006 8 2670.0
2006 9 2031.0
2006 10 2889.0
2006 11 2114.0
2006 12 1242.0
2007 1 1257.0
2007 2 1069.0
2007 3 1592.0
2007 4 2229.0
2007 5 2537.0
2007 6 2145.0
2007 7 1924.0
2007 8 2061.0
2007 9 1980.0
2007 10 2174.0
2007 11 1307.0
2007 12 908.0
2008 1 807.0
2008 2 888.0
2008 3 1014.0
2008 4 1757.0
2008 5 1855.0
2008 6 1488.0
2008 7 2116.0
2008 8 1410.0
2008 9 1493.0
2008 10 1375.0
2008 11 794.0
2008 12 413.0
2009 1 264.0
2009 2 569.0
2009 3 599.0
2009 4 790.0
2009 5 1023.0
2009 6 1264.0
2009 7 1147.0
2009 8 1152.0
2009 9 1253.0
2009 10 1051.0
2009 11 976.0
2009 12 797.0
2010 1 420.0
2010 2 506.0
2010 3 890.0
2010 4 1446.0
2010 5 1091.0
2010 6 1172.0
2010 7 1093.0
2010 8 971.0
2010 9 875.0
2010 10 1293.0
2010 11 835.0
2010 12 567.0
2011 1 527.0
2011 2 465.0
2011 3 830.0
2011 4 1203.0
2011 5 1295.0
2011 6 1072.0
2011 7 862.0
2011 8 1218.0
2011 9 1094.0
2011 10 1158.0
2011 11 838.0
2011 12 549.0
2012 1 358.0
2012 2 602.0
2012 3 991.0
2012 4 1080.0
2012 5 1425.0
2012 6 937.0
2012 7 966.0
2012 8 1365.0
2012 9 1273.0
2012 10 1495.0
2012 11 1154.0
2012 12 695.0
2013 1 496.0
2013 2 527.0
2013 3 789.0
2013 4 1603.0
2013 5 1296.0
2013 6 1255.0
2013 7 1507.0
2013 8 1317.0
2013 9 1491.0
2013 10 1582.0
2013 11 1216.0
2013 12 958.0
2014 1 555.0
2014 2 573.0
2014 3 1287.0
2014 4 1226.0
2014 5 1722.0
2014 6 1505.0
2014 7 1435.0
2014 8 1554.0
2014 9 1539.0
2014 10 1412.0
2014 11 834.0
2014 12 934.0
2015 1 771.0
2015 2 764.0
2015 3 1079.0
2015 4 1365.0
2015 5 1567.0
2015 6 1633.0
2015 7 1927.0
2015 8 1288.0
2015 9 1756.0
2015 10 1427.0
2015 11 1312.0
2015 12 953.0
2016 1 966.0
2016 2 768.0
2016 3 1272.0
2016 4 1523.0
2016 5 1899.0
2016 6 2022.0
2016 7 1329.0
2016 8 1862.0
2016 9 1758.0
2016 10 2038.0
2016 11 1197.0
2016 12 926.0
2017 1 679.0
2017 2 1031.0
2017 3 1508.0
2017 4 1642.0
2017 5 1958.0
2017 6 1951.0
2017 7 1694.0
2017 8 1400.0
2017 9 1850.0
2017 10 1852.0
2017 11 1190.0
2017 12 1028.0
2018 1 766.0
2018 2 900.0
2018 3 1522.0
2018 4 2015.0
2018 5 2033.0
2018 6 1953.0
2018 7 1829.0
2018 8 1666.0
2018 9 1877.0
2018 10 1638.0
2018 11 1168.0
2018 12 697.0
2019 1 726.0
2019 2 734.0
2019 3 1128.0
2019 4 1967.0
2019 5 1642.0
2019 6 1514.0
2019 7 1547.0
2019 8 1635.0
2019 9 1661.0
2019 10 1763.0
2019 11 1949.0
2019 12 870.0
2020 1 902.0
2020 2 916.0
2020 3 1445.0
2020 4 1345.0
2020 5 1676.0
2020 6 1697.0
2020 7 2367.0
2020 8 2028.0
2020 9 2203.0
2020 10 2415.0
2020 11 1498.0
2020 12 969.0
2021 1 1094.0
2021 2 1271.0
2021 3 2088.0
2021 4 2699.0
2021 5 2316.0
2021 6 2176.0
2021 7 2379.0
2021 8 2457.0
2021 9 2070.0
2021 10 2670.0
2021 11 1699.0
2021 12 2246.0
2022 1 1012.0
2022 2 1145.0
2022 3 1787.0
2022 4 2289.0
2022 5 2427.0
2022 6 1870.0
2022 7 1811.0
2022 8 1922.0
2022 9 2239.0
2022 10 1760.0
2022 11 1846.0
2022 12 1024.0
2023 1 908.0
2023 2 1101.0
2023 3 1474.0
2023 4 1327.0
2023 5 2007.0
2023 6 2064.0
2023 7 1743.0
2023 8 2192.0
2023 9 1966.0
2023 10 1730.0
2023 11 1601.0
2023 12 1397.0
2024 1 976.0
2024 2 2259.0
2024 3 1479.0
2024 4 2132.0
2024 5 2367.0
2024 6 1955.0
2024 7 2241.0
2024 8 1894.0
