1960 5 160.0
1960 6 170.0
1960 7 147.0
1960 8 213.0
1960 9 117.0
1960 10 106.0
1960 11 63.0
1960 12 63.0
1961 1 48.0
1961 2 49.0
1961 3 89.0
1961 4 103.0
1961 5 98.0
1961 6 144.0
1961 7 138.0
1961 8 117.0
1961 9 122.0
1961 10 87.0
1961 11 61.0
1961 12 59.0
1962 1 30.0
1962 2 113.0
1962 3 101.0
1962 4 98.0
1962 5 138.0
1962 6 210.0
1962 7 80.0
1962 8 116.0
1962 9 66.0
1962 10 99.0
1962 11 88.0
1962 12 89.0
1963 1 27.0
1963 2 44.0
1963 3 51.0
1963 4 76.0
1963 5 100.0
1963 6 85.0
1963 7 73.0
1963 8 59.0
1963 9 117.0
1963 10 113.0
1963 11 57.0
1963 12 61.0
1964 1 48.0
1964 2 76.0
1964 3 103.0
1964 4 84.0
1964 5 71.0
1964 6 135.0
1964 7 119.0
1964 8 63.0
1964 9 110.0
1964 10 109.0
1964 11 44.0
1964 12 129.0
1965 1 42.0
1965 2 49.0
1965 3 63.0
1965 4 80.0
1965 5 49.0
1965 6 45.0
1965 7 43.0
1965 8 46.0
1965 9 70.0
1965 10 56.0
1965 11 30.0
1965 12 47.0
1966 1 15.0
1966 2 17.0
1966 3 30.0
1966 4 53.0
1966 5 35.0
1966 6 25.0
1966 7 28.0
1966 8 30.0
1966 9 41.0
1966 10 19.0
1966 11 12.0
1966 12 11.0
1967 1 8.0
1967 2 30.0
1967 3 48.0
1967 4 37.0
1967 5 27.0
1967 6 73.0
1967 7 31.0
1967 8 30.0
1967 9 24.0
1967 10 38.0
1967 11 39.0
1967 12 108.0
1968 1 25.0
1968 2 34.0
1968 3 29.0
1968 4 44.0
1968 5 52.0
1968 6 145.0
1968 7 42.0
1968 8 55.0
1968 9 70.0
1968 10 41.0
1968 11 35.0
1968 12 36.0
1969 1 27.0
1969 2 44.0
1969 3 46.0
1969 4 65.0
1969 5 78.0
1969 6 63.0
1969 7 25.0
1969 8 35.0
1969 9 63.0
1969 10 24.0
1969 11 35.0
1969 12 46.0
1970 1 23.0
1970 2 36.0
1970 3 102.0
1970 4 72.0
1970 5 63.0
1970 6 82.0
1970 7 93.0
1970 8 118.0
1970 9 56.0
1970 10 227.0
1970 11 43.0
1970 12 134.0
1971 1 139.0
1971 2 39.0
1971 3 52.0
1971 4 126.0
1971 5 73.0
1971 6 121.0
1971 7 71.0
1971 8 80.0
1971 9 141.0
1971 10 181.0
1971 11 62.0
1971 12 63.0
1972 1 85.0
1972 2 91.0
1972 3 138.0
1972 4 113.0
1972 5 139.0
1972 6 110.0
1972 7 204.0
1972 8 187.0
1972 9 185.0
1972 10 124.0
1972 11 76.0
1972 12 155.0
1973 1 132.0
1973 2 102.0
1973 3 111.0
1973 4 164.0
1973 5 267.0
1973 6 233.0
1973 7 189.0
1973 8 274.0
1973 9 334.0
1973 10 142.0
1973 11 166.0
1973 12 236.0
1974 1 95.0
1974 2 163.0
1974 3 84.0
1974 4 302.0
1974 5 315.0
1974 6 220.0
1974 7 209.0
1974 8 238.0
1974 9 250.0
1974 10 151.0
1974 11 229.0
1974 12 72.0
1975 1 69.0
1975 2 169.0
1975 3 90.0
1975 4 213.0
1975 5 303.0
1975 6 682.0
1975 7 192.0
1975 8 718.0
1975 9 363.0
1975 10 347.0
1975 11 168.0
1975 12 107.0
1976 1 329.0
1976 2 210.0
1976 3 324.0
1976 4 592.0
1976 5 588.0
1976 6 429.0
1976 7 462.0
1976 8 477.0
1976 9 466.0
1976 10 475.0
1976 11 299.0
1976 12 106.0
1977 1 437.0
1977 2 676.0
1977 3 425.0
1977 4 478.0
1977 5 569.0
1977 6 426.0
1977 7 521.0
1977 8 605.0
1977 9 400.0
1977 10 439.0
1977 11 358.0
1977 12 190.0
1978 1 187.0
1978 2 284.0
1978 3 485.0
1978 4 549.0
1978 5 426.0
1978 6 443.0
1978 7 333.0
1978 8 405.0
1978 9 317.0
1978 10 414.0
1978 11 398.0
1978 12 192.0
1979 1 112.0
1979 2 478.0
1979 3 363.0
1979 4 640.0
1979 5 591.0
1979 6 540.0
1979 7 455.0
1979 8 525.0
1979 9 507.0
1979 10 475.0
1979 11 261.0
1979 12 179.0
1980 1 128.0
1980 2 152.0
1980 3 181.0
1980 4 291.0
1980 5 234.0
1980 6 381.0
1980 7 390.0
1980 8 435.0
1980 9 526.0
1980 10 282.0
1980 11 235.0
1980 12 210.0
1981 1 165.0
1981 2 168.0
1981 3 359.0
1981 4 317.0
1981 5 282.0
1981 6 362.0
1981 7 403.0
1981 8 567.0
1981 9 661.0
1981 10 260.0
1981 11 305.0
1981 12 265.0
1982 1 120.0
1982 2 198.0
1982 3 333.0
1982 4 321.0
1982 5 258.0
1982 6 441.0
1982 7 360.0
1982 8 414.0
1982 9 359.0
1982 10 248.0
1982 11 171.0
1982 12 138.0
1983 1 218.0
1983 2 179.0
1983 3 201.0
1983 4 324.0
1983 5 253.0
1983 6 244.0
1983 7 191.0
1983 8 203.0
1983 9 383.0
1983 10 193.0
1983 11 144.0
1983 12 51.0
1984 1 68.0
1984 2 129.0
1984 3 218.0
1984 4 192.0
1984 5 217.0
1984 6 183.0
1984 7 132.0
1984 8 157.0
1984 9 113.0
1984 10 110.0
1984 11 95.0
1984 12 33.0
1985 1 49.0
1985 2 35.0
1985 3 111.0
1985 4 95.0
1985 5 106.0
1985 6 166.0
1985 7 219.0
1985 8 143.0
1985 9 82.0
1985 10 157.0
1985 11 46.0
1985 12 36.0
1986 1 28.0
1986 2 40.0
1986 3 116.0
1986 4 155.0
1986 5 122.0
1986 6 71.0
1986 7 76.0
1986 8 69.0
1986 9 70.0
1986 10 65.0
1986 11 38.0
1986 12 36.0
1987 1 25.0
1987 2 36.0
1987 3 29.0
1987 4 53.0
1987 5 49.0
1987 6 70.0
1987 7 41.0
1987 8 69.0
1987 9 77.0
1987 10 47.0
1987 11 47.0
1987 12 25.0
1988 1 18.0
1988 2 18.0
1988 3 33.0
1988 4 235.0
1988 5 77.0
1988 6 55.0
1988 7 50.0
1988 8 52.0
1988 9 73.0
1988 10 44.0
1988 11 32.0
1988 12 13.0
1989 1 9.0
1989 2 11.0
1989 3 33.0
1989 4 83.0
1989 5 86.0
1989 6 64.0
1989 7 57.0
1989 8 66.0
1989 9 60.0
1989 10 46.0
1989 11 36.0
1989 12 13.0
1990 1 26.0
1990 2 30.0
1990 3 35.0
1990 4 68.0
1990 5 92.0
1990 6 66.0
1990 7 50.0
1990 8 40.0
1990 9 34.0
1990 10 49.0
1990 11 30.0
1990 12 17.0
1991 1 17.0
1991 2 23.0
1991 3 37.0
1991 4 69.0
1991 5 66.0
1991 6 71.0
1991 7 99.0
1991 8 67.0
1991 9 68.0
1991 10 90.0
1991 11 33.0
1991 12 57.0
1992 1 24.0
1992 2 61.0
1992 3 84.0
1992 4 132.0
1992 5 71.0
1992 6 95.0
1992 7 81.0
1992 8 65.0
1992 9 99.0
1992 10 100.0
1992 11 52.0
1992 12 23.0
1993 1 50.0
1993 2 33.0
1993 3 63.0
1993 4 112.0
1993 5 111.0
1993 6 129.0
1993 7 107.0
1993 8 121.0
1993 9 152.0
1993 10 101.0
1993 11 78.0
1993 12 67.0
1994 1 108.0
1994 2 140.0
1994 3 151.0
1994 4 201.0
1994 5 211.0
1994 6 209.0
1994 7 203.0
1994 8 164.0
1994 9 173.0
1994 10 110.0
1994 11 127.0
1994 12 106.0
1995 1 60.0
1995 2 77.0
1995 3 130.0
1995 4 155.0
1995 5 134.0
1995 6 173.0
1995 7 134.0
1995 8 186.0
1995 9 139.0
1995 10 134.0
1995 11 114.0
1995 12 53.0
1996 1 80.0
1996 2 129.0
1996 3 233.0
1996 4 186.0
1996 5 222.0
1996 6 296.0
1996 7 207.0
1996 8 213.0
1996 9 152.0
1996 10 168.0
1996 11 78.0
1996 12 86.0
1997 1 65.0
1997 2 114.0
1997 3 93.0
1997 4 163.0
1997 5 251.0
1997 6 220.0
1997 7 191.0
1997 8 117.0
1997 9 131.0
1997 10 216.0
1997 11 145.0
1997 12 65.0
1998 1 96.0
1998 2 117.0
1998 3 129.0
1998 4 203.0
1998 5 148.0
1998 6 276.0
1998 7 196.0
1998 8 139.0
1998 9 147.0
1998 10 137.0
1998 11 91.0
1998 12 82.0
1999 1 77.0
1999 2 89.0
1999 3 319.0
1999 4 185.0
1999 5 187.0
1999 6 144.0
1999 7 142.0
1999 8 175.0
1999 9 137.0
1999 10 156.0
1999 11 121.0
1999 12 120.0
2000 1 88.0
2000 2 90.0
2000 3 175.0
2000 4 179.0
2000 5 144.0
2000 6 168.0
2000 7 158.0
2000 8 148.0
2000 9 140.0
2000 10 141.0
2000 11 114.0
2000 12 56.0
2001 1 90.0
2001 2 83.0
2001 3 158.0
2001 4 163.0
2001 5 286.0
2001 6 192.0
2001 7 144.0
2001 8 140.0
2001 9 195.0
2001 10 170.0
2001 11 98.0
2001 12 104.0
2002 1 75.0
2002 2 117.0
2002 3 151.0
2002 4 228.0
2002 5 229.0
2002 6 208.0
2002 7 174.0
2002 8 156.0
2002 9 245.0
2002 10 202.0
2002 11 131.0
2002 12 125.0
2003 1 93.0
2003 2 105.0
2003 3 164.0
2003 4 293.0
2003 5 235.0
2003 6 193.0
2003 7 224.0
2003 8 204.0
2003 9 204.0
2003 10 203.0
2003 11 154.0
2003 12 124.0
2004 1 156.0
2004 2 140.0
2004 3 255.0
2004 4 269.0
2004 5 296.0
2004 6 282.0
2004 7 397.0
2004 8 272.0
2004 9 319.0
2004 10 233.0
2004 11 211.0
2004 12 201.0
2005 1 146.0
2005 2 168.0
2005 3 253.0
2005 4 296.0
2005 5 316.0
2005 6 305.0
2005 7 281.0
2005 8 303.0
2005 9 317.0
2005 10 337.0
2005 11 264.0
2005 12 161.0
2006 1 167.0
2006 2 204.0
2006 3 259.0
2006 4 280.0
2006 5 370.0
2006 6 342.0
2006 7 253.0
2006 8 291.0
2006 9 297.0
2006 10 370.0
2006 11 217.0
2006 12 225.0
2007 1 170.0
2007 2 166.0
2007 3 315.0
2007 4 265.0
2007 5 323.0
2007 6 288.0
2007 7 238.0
2007 8 324.0
2007 9 199.0
2007 10 263.0
2007 11 194.0
2007 12 91.0
2008 1 123.0
2008 2 118.0
2008 3 193.0
2008 4 274.0
2008 5 274.0
2008 6 330.0
2008 7 293.0
2008 8 191.0
2008 9 228.0
2008 10 234.0
2008 11 107.0
2008 12 103.0
2009 1 78.0
2009 2 76.0
2009 3 94.0
2009 4 116.0
2009 5 149.0
2009 6 166.0
2009 7 185.0
2009 8 324.0
2009 9 146.0
2009 10 96.0
2009 11 86.0
2009 12 88.0
2010 1 68.0
2010 2 387.0
2010 3 176.0
2010 4 142.0
2010 5 160.0
2010 6 209.0
2010 7 200.0
2010 8 108.0
2010 9 134.0
2010 10 218.0
2010 11 186.0
2010 12 91.0
2011 1 84.0
2011 2 75.0
2011 3 153.0
2011 4 152.0
2011 5 150.0
2011 6 288.0
2011 7 201.0
2011 8 216.0
2011 9 184.0
2011 10 103.0
2011 11 356.0
2011 12 64.0
2012 1 84.0
2012 2 116.0
2012 3 277.0
2012 4 156.0
2012 5 184.0
2012 6 159.0
2012 7 133.0
2012 8 332.0
2012 9 190.0
2012 10 150.0
2012 11 115.0
2012 12 168.0
2013 1 74.0
2013 2 138.0
2013 3 135.0
2013 4 206.0
2013 5 333.0
2013 6 259.0
2013 7 193.0
2013 8 167.0
2013 9 162.0
2013 10 175.0
2013 11 144.0
2013 12 92.0
2014 1 69.0
2014 2 122.0
2014 3 110.0
2014 4 263.0
2014 5 197.0
2014 6 189.0
2014 7 173.0
2014 8 124.0
2014 9 130.0
2014 10 140.0
2014 11 107.0
2014 12 90.0
2015 1 70.0
2015 2 98.0
2015 3 178.0
2015 4 226.0
2015 5 151.0
2015 6 207.0
2015 7 203.0
2015 8 151.0
2015 9 131.0
2015 10 127.0
2015 11 123.0
2015 12 116.0
2016 1 93.0
2016 2 89.0
2016 3 138.0
2016 4 171.0
2016 5 232.0
2016 6 176.0
2016 7 155.0
2016 8 146.0
2016 9 162.0
2016 10 144.0
2016 11 129.0
2016 12 87.0
2017 1 63.0
2017 2 111.0
2017 3 160.0
2017 4 196.0
2017 5 186.0
2017 6 189.0
2017 7 140.0
2017 8 187.0
2017 9 191.0
2017 10 146.0
2017 11 170.0
2017 12 76.0
2018 1 76.0
2018 2 113.0
2018 3 166.0
2018 4 149.0
2018 5 194.0
2018 6 196.0
2018 7 169.0
2018 8 155.0
2018 9 139.0
2018 10 172.0
2018 11 133.0
2018 12 101.0
2019 1 103.0
2019 2 124.0
2019 3 138.0
2019 4 207.0
2019 5 240.0
2019 6 181.0
2019 7 173.0
2019 8 183.0
2019 9 163.0
2019 10 162.0
2019 11 113.0
2019 12 68.0
2020 1 103.0
2020 2 103.0
2020 3 123.0
2020 4 218.0
2020 5 165.0
2020 6 190.0
2020 7 231.0
2020 8 163.0
2020 9 196.0
2020 10 132.0
2020 11 144.0
2020 12 214.0
2021 1 184.0
2021 2 146.0
2021 3 187.0
2021 4 256.0
2021 5 185.0
2021 6 283.0
2021 7 247.0
2021 8 277.0
2021 9 187.0
2021 10 195.0
2021 11 188.0
2021 12 150.0
2022 1 151.0
2022 2 244.0
2022 3 239.0
2022 4 227.0
2022 5 236.0
2022 6 269.0
2022 7 289.0
2022 8 399.0
2022 9 187.0
2022 10 556.0
2022 11 133.0
2022 12 82.0
2023 1 68.0
2023 2 77.0
2023 3 157.0
2023 4 129.0
2023 5 183.0
2023 6 162.0
2023 7 124.0
2023 8 157.0
2023 9 130.0
2023 10 153.0
2023 11 116.0
2023 12 104.0
2024 1 130.0
2024 2 122.0
2024 3 258.0
2024 4 186.0
2024 5 229.0
2024 6 143.0
2024 7 188.0
2024 8 162.0
