1960 5 12.0
1960 6 4.0
1960 7 13.5
1960 8 23.0
1960 9 1.0
1960 10 2.0
1960 11 5.0
1960 12 8.0
1961 1 6.0
1961 2 4.666666666666667
1961 3 3.3333333333333335
1961 4 2.0
1961 5 2.0
1961 6 15.0
1961 7 4.0
1961 8 4.0
1961 9 2.0
1961 10 18.0
1961 11 14.25
1961 12 10.5
1962 1 6.75
1962 2 3.0
1962 3 52.0
1962 4 8.0
1962 5 34.0
1962 6 5.0
1962 7 14.0
1962 8 4.0
1962 9 3.0
1962 10 2.0
1962 11 2.4
1962 12 2.8
1963 1 3.2
1963 2 3.6
1963 3 4.0
1963 4 7.0
1963 5 10.0
1963 6 4.0
1963 7 12.0
1963 8 7.0
1963 9 2.0
1963 10 9.0
1963 11 9.0
1963 12 9.0
1964 1 4.0
1964 2 8.0
1964 3 20.0
1964 4 12.0
1964 5 6.0
1964 6 32.0
1964 7 29.0
1964 8 8.0
1964 9 2.0
1964 10 6.0
1964 11 45.0
1964 12 84.0
1965 1 12.0
1965 2 28.0
1965 3 4.0
1965 4 20.0
1965 5 6.0
1965 6 4.0
1965 7 2.0
1965 8 8.0
1965 9 32.0
1965 10 6.0
1965 11 6.0
1965 12 6.0
1966 1 7.5
1966 2 9.0
1966 3 10.5
1966 4 12.0
1966 5 10.666666666666666
1966 6 9.333333333333334
1966 7 8.0
1966 8 13.0
1966 9 18.0
1966 10 15.6
1966 11 13.2
1966 12 10.8
1967 1 8.4
1967 2 6.0
1967 3 8.0
1967 4 12.0
1967 5 4.0
1967 6 28.0
1967 7 2.0
1967 8 4.0
1967 9 4.0
1967 10 4.0
1967 11 10.0
1967 12 103.0
1968 1 52.5
1968 2 2.0
1968 3 17.0
1968 4 17.0
1968 5 62.5
1968 6 108.0
1968 7 18.0
1968 8 12.0
1968 9 4.0
1968 10 16.0
1968 11 2.0
1968 12 12.0
1969 1 15.666666666666666
1969 2 19.333333333333332
1969 3 23.0
1969 4 4.0
1969 5 14.0
1969 6 18.0
1969 7 12.666666666666668
1969 8 7.333333333333334
1969 9 2.0
1969 10 4.0
1969 11 3.0
1969 12 2.0
1970 1 8.0
1970 2 41.0
1970 3 74.0
1970 4 36.0
1970 5 8.0
1970 6 10.0
1970 7 9.0
1970 8 8.0
1970 9 6.0
1970 10 124.0
1970 11 4.0
1970 12 90.0
1971 1 115.0
1971 2 10.0
1971 3 6.0
1971 4 83.0
1971 5 6.0
1971 6 15.0
1971 7 10.5
1971 8 6.0
1971 9 48.0
1971 10 107.0
1971 11 4.0
1971 12 11.0
1972 1 47.0
1972 2 9.0
1972 3 52.0
1972 4 26.0
1972 5 18.0
1972 6 25.0
1972 7 137.0
1972 8 134.0
1972 9 78.0
1972 10 4.0
1972 11 53.0
1972 12 102.0
1973 1 57.0
1973 2 71.0
1973 3 46.0
1973 4 74.0
1973 5 32.0
1973 6 35.0
1973 7 8.0
1973 8 52.0
1973 9 34.0
1973 10 5.0
1973 11 36.0
1973 12 156.0
1974 1 44.0
1974 2 95.0
1974 3 8.0
1974 4 122.0
1974 5 92.0
1974 6 126.0
1974 7 59.0
1974 8 4.0
1974 9 26.0
1974 10 4.0
1974 11 64.0
1974 12 6.0
1975 1 12.0
1975 2 107.0
1975 3 2.0
1975 4 7.0
1975 5 10.0
1975 6 316.0
1975 7 25.0
1975 8 362.0
1975 9 147.0
1975 10 70.0
1975 11 36.0
1975 12 4.0
1976 1 80.0
1976 2 50.0
1976 3 40.0
1976 4 41.0
1976 5 172.0
1976 6 77.0
1976 7 162.0
1976 8 147.0
1976 9 102.0
1976 10 234.0
1976 11 106.0
1976 12 20.0
1977 1 170.0
1977 2 257.0
1977 3 121.0
1977 4 151.0
1977 5 164.0
1977 6 143.0
1977 7 145.0
1977 8 313.0
1977 9 135.0
1977 10 113.0
1977 11 132.0
1977 12 60.0
1978 1 62.0
1978 2 146.0
1978 3 96.0
1978 4 226.0
1978 5 144.0
1978 6 93.0
1978 7 121.0
1978 8 56.0
1978 9 77.0
1978 10 177.0
1978 11 212.0
1978 12 56.0
1979 1 30.0
1979 2 301.0
1979 3 83.0
1979 4 268.0
1979 5 229.0
1979 6 149.0
1979 7 171.0
1979 8 138.0
1979 9 91.0
1979 10 181.0
1979 11 85.0
1979 12 38.0
1980 1 30.0
1980 2 28.0
1980 3 36.0
1980 4 143.0
1980 5 44.0
1980 6 116.0
1980 7 81.0
1980 8 123.0
1980 9 261.0
1980 10 79.0
1980 11 76.0
1980 12 74.0
1981 1 48.0
1981 2 40.0
1981 3 122.0
1981 4 68.0
1981 5 66.0
1981 6 169.0
1981 7 239.0
1981 8 290.0
1981 9 526.0
1981 10 90.0
1981 11 95.0
1981 12 187.0
1982 1 55.0
1982 2 83.0
1982 3 74.0
1982 4 131.0
1982 5 62.0
1982 6 138.0
1982 7 137.0
1982 8 229.0
1982 9 164.0
1982 10 81.0
1982 11 43.0
1982 12 50.0
1983 1 90.0
1983 2 53.0
1983 3 33.0
1983 4 126.0
1983 5 65.0
1983 6 43.0
1983 7 46.0
1983 8 59.0
1983 9 202.0
1983 10 28.0
1983 11 38.0
1983 12 6.0
1984 1 12.0
1984 2 26.0
1984 3 87.0
1984 4 52.0
1984 5 58.0
1984 6 38.0
1984 7 24.0
1984 8 65.0
1984 9 8.0
1984 10 24.0
1984 11 39.0
1984 12 4.0
1985 1 10.0
1985 2 2.0
1985 3 35.0
1985 4 15.0
1985 5 18.0
1985 6 89.0
1985 7 104.0
1985 8 42.0
1985 9 16.0
1985 10 73.0
1985 11 8.0
1985 12 4.0
1986 1 6.0
1986 2 12.0
1986 3 5.0
1986 4 32.0
1986 5 21.0
1986 6 9.0
1986 7 7.0
1986 8 10.0
1986 9 6.0
1986 10 2.0
1986 11 2.0
1986 12 9.0
1987 1 5.0
1987 2 12.0
1987 3 10.0
1987 4 8.0
1987 5 2.0
1987 6 5.0
1987 7 13.0
1987 8 21.0
1987 9 20.0
1987 10 12.0
1987 11 4.0
1987 12 3.0
1988 1 2.0
1988 2 3.5
1988 3 5.0
1988 4 162.0
1988 5 5.0
1988 6 3.5
1988 7 2.0
1988 8 2.0
1988 9 4.0
1988 10 2.0
1988 11 4.0
1988 12 3.5
1989 1 3.0
1989 2 2.5
1989 3 2.0
1989 4 26.0
1989 5 2.0
1989 6 6.0
1989 7 2.0
1989 8 5.0
1989 9 8.0
1989 10 7.25
1989 11 6.5
1989 12 5.75
1990 1 5.0
1990 2 4.0
1990 3 5.333333333333333
1990 4 6.666666666666666
1990 5 8.0
1990 6 6.8
1990 7 5.6
1990 8 4.4
1990 9 3.2
1990 10 2.0
1990 11 2.0
1990 12 4.0
1991 1 2.0
1991 2 8.333333333333332
1991 3 14.666666666666666
1991 4 21.0
1991 5 9.0
1991 6 17.0
1991 7 21.0
1991 8 5.0
1991 9 13.0
1991 10 36.0
1991 11 32.0
1991 12 28.0
1992 1 20.0
1992 2 12.0
1992 3 4.0
1992 4 12.0
1992 5 9.0
1992 6 6.0
1992 7 12.0
1992 8 2.0
1992 9 8.0
1992 10 8.0
1992 11 7.75
1992 12 7.5
1993 1 7.25
1993 2 7.0
1993 3 4.5
1993 4 2.0
1993 5 12.0
1993 6 10.0
1993 7 7.0
1993 8 2.0
1993 9 42.0
1993 10 6.0
1993 11 20.0
1993 12 11.0
1994 1 12.0
1994 2 38.0
1994 3 7.0
1994 4 5.0
1994 5 11.0
1994 6 31.0
1994 7 56.0
1994 8 12.0
1994 9 35.0
1994 10 9.0
1994 11 44.0
1994 12 43.0
1995 1 6.0
1995 2 20.0
1995 3 15.0
1995 4 30.0
1995 5 22.0
1995 6 23.0
1995 7 21.0
1995 8 51.0
1995 9 2.0
1995 10 19.0
1995 11 11.5
1995 12 4.0
1996 1 23.0
1996 2 13.0
1996 3 5.0
1996 4 33.0
1996 5 15.0
1996 6 117.0
1996 7 58.0
1996 8 66.0
1996 9 44.0
1996 10 45.0
1996 11 11.0
1996 12 23.0
1997 1 11.0
1997 2 35.0
1997 3 10.0
1997 4 28.0
1997 5 87.0
1997 6 91.0
1997 7 52.0
1997 8 6.0
1997 9 2.0
1997 10 102.0
1997 11 72.0
1997 12 2.0
1998 1 34.0
1998 2 36.0
1998 3 28.5
1998 4 21.0
1998 5 18.0
1998 6 111.0
1998 7 46.0
1998 8 25.0
1998 9 2.0
1998 10 25.0
1998 11 2.0
1998 12 17.0
1999 1 5.0
1999 2 79.5
1999 3 154.0
1999 4 35.0
1999 5 4.0
1999 6 19.0
1999 7 30.0
1999 8 41.0
1999 9 14.0
1999 10 19.0
1999 11 20.0
1999 12 48.0
2000 1 19.0
2000 2 10.0
2000 3 5.0
2000 4 14.0
2000 5 5.0
2000 6 19.0
2000 7 18.0
2000 8 24.0
2000 9 10.0
2000 10 17.0
2000 11 5.0
2000 12 9.0
2001 1 25.0
2001 2 13.0
2001 3 24.0
2001 4 27.0
2001 5 131.0
2001 6 7.0
2001 7 5.0
2001 8 10.0
2001 9 74.0
2001 10 53.0
2001 11 7.0
2001 12 41.0
2002 1 5.0
2002 2 7.0
2002 3 25.0
2002 4 40.0
2002 5 42.0
2002 6 14.0
2002 7 20.0
2002 8 4.0
2002 9 96.0
2002 10 34.0
2002 11 6.0
2002 12 21.0
2003 1 5.0
2003 2 17.0
2003 3 24.0
2003 4 62.0
2003 5 54.0
2003 6 12.0
2003 7 28.0
2003 8 13.0
2003 9 22.0
2003 10 21.0
2003 11 39.0
2003 12 7.0
2004 1 63.0
2004 2 5.0
2004 3 47.0
2004 4 41.0
2004 5 42.0
2004 6 51.0
2004 7 91.0
2004 8 55.0
2004 9 55.0
2004 10 39.0
2004 11 32.0
2004 12 38.0
2005 1 27.0
2005 2 28.0
2005 3 27.0
2005 4 34.0
2005 5 29.0
2005 6 44.0
2005 7 35.0
2005 8 37.0
2005 9 48.0
2005 10 87.0
2005 11 36.0
2005 12 32.0
2006 1 30.0
2006 2 44.0
2006 3 37.0
2006 4 81.0
2006 5 83.0
2006 6 72.0
2006 7 31.0
2006 8 28.0
2006 9 45.0
2006 10 31.0
2006 11 24.0
2006 12 97.0
2007 1 27.0
2007 2 51.0
2007 3 52.0
2007 4 13.0
2007 5 35.0
2007 6 18.0
2007 7 15.0
2007 8 21.0
2007 9 13.0
2007 10 66.0
2007 11 25.0
2007 12 14.0
2008 1 17.0
2008 2 17.0
2008 3 17.0
2008 4 47.0
2008 5 55.0
2008 6 122.0
2008 7 61.0
2008 8 42.0
2008 9 52.0
2008 10 47.0
2008 11 42.0
2008 12 24.0
2009 1 25.0
2009 2 19.0
2009 3 15.0
2009 4 17.0
2009 5 8.0
2009 6 29.0
2009 7 26.0
2009 8 191.0
2009 9 24.0
2009 10 8.0
2009 11 16.0
2009 12 24.0
2010 1 171.0
2010 2 318.0
2010 3 3.0
2010 4 5.0
2010 5 53.0
2010 6 61.0
2010 7 49.0
2010 8 17.0
2010 9 28.0
2010 10 28.0
2010 11 119.0
2010 12 17.0
2011 1 20.0
2011 2 25.0
2011 3 54.0
2011 4 10.0
2011 5 13.0
2011 6 124.0
2011 7 65.0
2011 8 97.0
2011 9 62.0
2011 10 8.0
2011 11 244.0
2011 12 7.0
2012 1 6.0
2012 2 5.0
2012 3 147.0
2012 4 16.0
2012 5 14.0
2012 6 12.0
2012 7 7.0
2012 8 168.0
2012 9 59.0
2012 10 20.0
2012 11 5.0
2012 12 106.0
2013 1 5.0
2013 2 22.0
2013 3 20.0
2013 4 29.0
2013 5 175.0
2013 6 17.0
2013 7 33.0
2013 8 31.0
2013 9 38.0
2013 10 47.0
2013 11 37.0
2013 12 5.0
2014 1 15.0
2014 2 25.0
2014 3 7.0
2014 4 116.0
2014 5 22.0
2014 6 10.0
2014 7 16.0
2014 8 7.0
2014 9 6.0
2014 10 27.0
2014 11 6.0
2014 12 8.0
2015 1 9.0
2015 2 3.0
2015 3 5.0
2015 4 52.0
2015 5 2.0
2015 6 39.0
2015 7 22.0
2015 8 12.0
2015 9 8.0
2015 10 9.0
2015 11 13.0
2015 12 25.0
2016 1 28.0
2016 2 2.0
2016 3 17.0
2016 4 8.0
2016 5 41.0
2016 6 5.0
2016 7 21.0
2016 8 19.0
2016 9 28.0
2016 10 15.0
2016 11 18.0
2016 12 6.0
2017 1 9.0
2017 2 16.0
2017 3 19.0
2017 4 25.0
2017 5 16.0
2017 6 47.0
2017 7 16.0
2017 8 38.0
2017 9 60.0
2017 10 2.0
2017 11 67.0
2017 12 18.0
2018 1 2.0
2018 2 14.0
2018 3 13.0
2018 4 11.0
2018 5 25.0
2018 6 31.0
2018 7 21.0
2018 8 23.0
2018 9 25.0
2018 10 69.0
2018 11 22.0
2018 12 17.0
2019 1 31.0
2019 2 27.0
2019 3 24.0
2019 4 41.0
2019 5 47.0
2019 6 32.0
2019 7 27.0
2019 8 24.0
2019 9 40.0
2019 10 16.0
2019 11 2.0
2019 12 9.0
2020 1 16.0
2020 2 18.0
2020 3 22.0
2020 4 89.0
2020 5 6.0
2020 6 10.0
2020 7 50.0
2020 8 10.0
2020 9 23.0
2020 10 7.0
2020 11 7.0
2020 12 92.0
2021 1 70.0
2021 2 6.0
2021 3 23.0
2021 4 11.0
2021 5 10.0
2021 6 81.0
2021 7 14.0
2021 8 122.0
2021 9 23.0
2021 10 79.0
2021 11 37.0
2021 12 25.0
2022 1 14.0
2022 2 66.0
2022 3 11.0
2022 4 9.0
2022 5 17.0
2022 6 61.0
2022 7 122.0
2022 8 217.0
2022 9 47.0
2022 10 422.0
2022 11 30.0
2022 12 9.0
2023 1 9.0
2023 2 6.0
2023 3 46.0
2023 4 18.0
2023 5 12.0
2023 6 15.0
2023 7 7.0
2023 8 15.0
2023 9 15.0
2023 10 52.0
2023 11 32.0
2023 12 43.0
2024 1 43.0
2024 2 7.0
2024 3 112.0
2024 4 17.0
2024 5 43.0
2024 6 15.0
2024 7 16.0
2024 8 17.0
