1960 5 148.0
1960 6 166.0
1960 7 147.0
1960 8 190.0
1960 9 116.0
1960 10 104.0
1960 11 63.0
1960 12 55.0
1961 1 42.0
1961 2 49.0
1961 3 89.0
1961 4 101.0
1961 5 96.0
1961 6 129.0
1961 7 134.0
1961 8 113.0
1961 9 120.0
1961 10 69.0
1961 11 61.0
1961 12 59.0
1962 1 30.0
1962 2 110.0
1962 3 49.0
1962 4 90.0
1962 5 104.0
1962 6 205.0
1962 7 66.0
1962 8 112.0
1962 9 66.0
1962 10 97.0
1962 11 88.0
1962 12 89.0
1963 1 27.0
1963 2 44.0
1963 3 47.0
1963 4 76.0
1963 5 90.0
1963 6 81.0
1963 7 61.0
1963 8 59.0
1963 9 115.0
1963 10 104.0
1963 11 57.0
1963 12 52.0
1964 1 44.0
1964 2 68.0
1964 3 83.0
1964 4 72.0
1964 5 65.0
1964 6 103.0
1964 7 90.0
1964 8 55.0
1964 9 108.0
1964 10 103.0
1964 11 44.0
1964 12 45.0
1965 1 30.0
1965 2 21.0
1965 3 59.0
1965 4 60.0
1965 5 43.0
1965 6 45.0
1965 7 41.0
1965 8 38.0
1965 9 38.0
1965 10 50.0
1965 11 30.0
1965 12 41.0
1966 1 15.0
1966 2 17.0
1966 3 30.0
1966 4 41.0
1966 5 35.0
1966 6 25.0
1966 7 20.0
1966 8 30.0
1966 9 23.0
1966 10 19.0
1966 11 12.0
1966 12 11.0
1967 1 8.0
1967 2 24.0
1967 3 40.0
1967 4 25.0
1967 5 23.0
1967 6 45.0
1967 7 29.0
1967 8 26.0
1967 9 24.0
1967 10 34.0
1967 11 29.0
1967 12 5.0
1968 1 25.0
1968 2 32.0
1968 3 12.0
1968 4 27.0
1968 5 52.0
1968 6 37.0
1968 7 24.0
1968 8 43.0
1968 9 66.0
1968 10 25.0
1968 11 33.0
1968 12 24.0
1969 1 27.0
1969 2 44.0
1969 3 23.0
1969 4 61.0
1969 5 64.0
1969 6 45.0
1969 7 25.0
1969 8 35.0
1969 9 61.0
1969 10 20.0
1969 11 35.0
1969 12 44.0
1970 1 15.0
1970 2 36.0
1970 3 28.0
1970 4 36.0
1970 5 55.0
1970 6 72.0
1970 7 93.0
1970 8 110.0
1970 9 50.0
1970 10 103.0
1970 11 39.0
1970 12 44.0
1971 1 24.0
1971 2 29.0
1971 3 46.0
1971 4 43.0
1971 5 67.0
1971 6 106.0
1971 7 71.0
1971 8 74.0
1971 9 93.0
1971 10 74.0
1971 11 58.0
1971 12 52.0
1972 1 38.0
1972 2 82.0
1972 3 86.0
1972 4 87.0
1972 5 121.0
1972 6 85.0
1972 7 67.0
1972 8 53.0
1972 9 107.0
1972 10 120.0
1972 11 76.0
1972 12 53.0
1973 1 75.0
1973 2 31.0
1973 3 65.0
1973 4 90.0
1973 5 235.0
1973 6 198.0
1973 7 181.0
1973 8 222.0
1973 9 300.0
1973 10 137.0
1973 11 130.0
1973 12 80.0
1974 1 51.0
1974 2 68.0
1974 3 76.0
1974 4 180.0
1974 5 223.0
1974 6 94.0
1974 7 150.0
1974 8 234.0
1974 9 224.0
1974 10 147.0
1974 11 165.0
1974 12 66.0
1975 1 57.0
1975 2 62.0
1975 3 88.0
1975 4 206.0
1975 5 293.0
1975 6 366.0
1975 7 167.0
1975 8 356.0
1975 9 216.0
1975 10 277.0
1975 11 132.0
1975 12 103.0
1976 1 249.0
1976 2 160.0
1976 3 284.0
1976 4 551.0
1976 5 416.0
1976 6 352.0
1976 7 300.0
1976 8 330.0
1976 9 364.0
1976 10 241.0
1976 11 193.0
1976 12 86.0
1977 1 267.0
1977 2 419.0
1977 3 304.0
1977 4 327.0
1977 5 405.0
1977 6 283.0
1977 7 376.0
1977 8 292.0
1977 9 265.0
1977 10 326.0
1977 11 226.0
1977 12 130.0
1978 1 125.0
1978 2 138.0
1978 3 389.0
1978 4 323.0
1978 5 282.0
1978 6 350.0
1978 7 212.0
1978 8 349.0
1978 9 240.0
1978 10 237.0
1978 11 186.0
1978 12 136.0
1979 1 82.0
1979 2 177.0
1979 3 280.0
1979 4 372.0
1979 5 362.0
1979 6 391.0
1979 7 284.0
1979 8 387.0
1979 9 416.0
1979 10 294.0
1979 11 176.0
1979 12 141.0
1980 1 98.0
1980 2 124.0
1980 3 145.0
1980 4 148.0
1980 5 190.0
1980 6 265.0
1980 7 309.0
1980 8 312.0
1980 9 265.0
1980 10 203.0
1980 11 159.0
1980 12 136.0
1981 1 117.0
1981 2 128.0
1981 3 237.0
1981 4 249.0
1981 5 216.0
1981 6 193.0
1981 7 164.0
1981 8 277.0
1981 9 135.0
1981 10 170.0
1981 11 210.0
1981 12 78.0
1982 1 65.0
1982 2 115.0
1982 3 259.0
1982 4 190.0
1982 5 196.0
1982 6 303.0
1982 7 223.0
1982 8 185.0
1982 9 195.0
1982 10 167.0
1982 11 128.0
1982 12 88.0
1983 1 128.0
1983 2 126.0
1983 3 168.0
1983 4 198.0
1983 5 188.0
1983 6 201.0
1983 7 145.0
1983 8 144.0
1983 9 181.0
1983 10 165.0
1983 11 106.0
1983 12 45.0
1984 1 56.0
1984 2 103.0
1984 3 131.0
1984 4 140.0
1984 5 159.0
1984 6 145.0
1984 7 108.0
1984 8 92.0
1984 9 105.0
1984 10 86.0
1984 11 56.0
1984 12 29.0
1985 1 39.0
1985 2 33.0
1985 3 76.0
1985 4 80.0
1985 5 88.0
1985 6 77.0
1985 7 115.0
1985 8 101.0
1985 9 66.0
1985 10 84.0
1985 11 38.0
1985 12 32.0
1986 1 22.0
1986 2 28.0
1986 3 111.0
1986 4 123.0
1986 5 101.0
1986 6 62.0
1986 7 69.0
1986 8 59.0
1986 9 70.0
1986 10 63.0
1986 11 36.0
1986 12 27.0
1987 1 20.0
1987 2 24.0
1987 3 29.0
1987 4 45.0
1987 5 47.0
1987 6 65.0
1987 7 41.0
1987 8 48.0
1987 9 57.0
1987 10 47.0
1987 11 43.0
1987 12 25.0
1988 1 16.0
1988 2 18.0
1988 3 28.0
1988 4 73.0
1988 5 72.0
1988 6 55.0
1988 7 48.0
1988 8 50.0
1988 9 69.0
1988 10 42.0
1988 11 28.0
1988 12 13.0
1989 1 9.0
1989 2 11.0
1989 3 31.0
1989 4 57.0
1989 5 84.0
1989 6 58.0
1989 7 55.0
1989 8 61.0
1989 9 52.0
1989 10 46.0
1989 11 36.0
1989 12 13.0
1990 1 21.0
1990 2 26.0
1990 3 35.0
1990 4 68.0
1990 5 84.0
1990 6 66.0
1990 7 50.0
1990 8 40.0
1990 9 34.0
1990 10 47.0
1990 11 28.0
1990 12 13.0
1991 1 15.0
1991 2 23.0
1991 3 37.0
1991 4 48.0
1991 5 57.0
1991 6 54.0
1991 7 78.0
1991 8 62.0
1991 9 55.0
1991 10 54.0
1991 11 33.0
1991 12 29.0
1992 1 24.0
1992 2 61.0
1992 3 80.0
1992 4 120.0
1992 5 71.0
1992 6 89.0
1992 7 69.0
1992 8 63.0
1992 9 91.0
1992 10 92.0
1992 11 52.0
1992 12 23.0
1993 1 50.0
1993 2 26.0
1993 3 63.0
1993 4 110.0
1993 5 99.0
1993 6 119.0
1993 7 100.0
1993 8 119.0
1993 9 110.0
1993 10 95.0
1993 11 58.0
1993 12 56.0
1994 1 96.0
1994 2 102.0
1994 3 144.0
1994 4 196.0
1994 5 200.0
1994 6 178.0
1994 7 147.0
1994 8 152.0
1994 9 138.0
1994 10 101.0
1994 11 83.0
1994 12 63.0
1995 1 54.0
1995 2 57.0
1995 3 115.0
1995 4 125.0
1995 5 112.0
1995 6 150.0
1995 7 113.0
1995 8 135.0
1995 9 137.0
1995 10 115.0
1995 11 114.0
1995 12 49.0
1996 1 57.0
1996 2 116.0
1996 3 228.0
1996 4 153.0
1996 5 207.0
1996 6 179.0
1996 7 149.0
1996 8 147.0
1996 9 108.0
1996 10 123.0
1996 11 67.0
1996 12 63.0
1997 1 54.0
1997 2 79.0
1997 3 83.0
1997 4 135.0
1997 5 164.0
1997 6 129.0
1997 7 139.0
1997 8 111.0
1997 9 129.0
1997 10 114.0
1997 11 73.0
1997 12 63.0
1998 1 62.0
1998 2 81.0
1998 3 129.0
1998 4 182.0
1998 5 130.0
1998 6 165.0
1998 7 150.0
1998 8 114.0
1998 9 145.0
1998 10 112.0
1998 11 89.0
1998 12 65.0
1999 1 72.0
1999 2 89.0
1999 3 165.0
1999 4 150.0
1999 5 183.0
1999 6 125.0
1999 7 142.0
1999 8 134.0
1999 9 123.0
1999 10 137.0
1999 11 101.0
1999 12 72.0
2000 1 69.0
2000 2 80.0
2000 3 170.0
2000 4 165.0
2000 5 139.0
2000 6 149.0
2000 7 140.0
2000 8 124.0
2000 9 130.0
2000 10 124.0
2000 11 109.0
2000 12 47.0
2001 1 65.0
2001 2 70.0
2001 3 134.0
2001 4 136.0
2001 5 155.0
2001 6 185.0
2001 7 139.0
2001 8 130.0
2001 9 121.0
2001 10 117.0
2001 11 91.0
2001 12 63.0
2002 1 70.0
2002 2 110.0
2002 3 126.0
2002 4 188.0
2002 5 187.0
2002 6 194.0
2002 7 154.0
2002 8 152.0
2002 9 149.0
2002 10 168.0
2002 11 125.0
2002 12 104.0
2003 1 88.0
2003 2 88.0
2003 3 140.0
2003 4 231.0
2003 5 181.0
2003 6 181.0
2003 7 196.0
2003 8 191.0
2003 9 182.0
2003 10 182.0
2003 11 115.0
2003 12 117.0
2004 1 93.0
2004 2 135.0
2004 3 208.0
2004 4 228.0
2004 5 254.0
2004 6 231.0
2004 7 306.0
2004 8 217.0
2004 9 264.0
2004 10 194.0
2004 11 179.0
2004 12 163.0
2005 1 119.0
2005 2 140.0
2005 3 226.0
2005 4 262.0
2005 5 287.0
2005 6 261.0
2005 7 246.0
2005 8 266.0
2005 9 269.0
2005 10 250.0
2005 11 228.0
2005 12 129.0
2006 1 137.0
2006 2 160.0
2006 3 222.0
2006 4 199.0
2006 5 287.0
2006 6 270.0
2006 7 222.0
2006 8 263.0
2006 9 252.0
2006 10 339.0
2006 11 193.0
2006 12 128.0
2007 1 143.0
2007 2 115.0
2007 3 263.0
2007 4 252.0
2007 5 288.0
2007 6 270.0
2007 7 223.0
2007 8 303.0
2007 9 186.0
2007 10 197.0
2007 11 169.0
2007 12 77.0
2008 1 106.0
2008 2 101.0
2008 3 176.0
2008 4 227.0
2008 5 219.0
2008 6 208.0
2008 7 232.0
2008 8 149.0
2008 9 176.0
2008 10 187.0
2008 11 65.0
2008 12 79.0
2009 1 53.0
2009 2 57.0
2009 3 79.0
2009 4 99.0
2009 5 141.0
2009 6 137.0
2009 7 159.0
2009 8 133.0
2009 9 122.0
2009 10 88.0
2009 11 86.0
2009 12 64.0
2010 1 68.0
2010 2 69.0
2010 3 173.0
2010 4 137.0
2010 5 107.0
2010 6 148.0
2010 7 151.0
2010 8 91.0
2010 9 106.0
2010 10 190.0
2010 11 67.0
2010 12 74.0
2011 1 64.0
2011 2 50.0
2011 3 99.0
2011 4 142.0
2011 5 137.0
2011 6 164.0
2011 7 136.0
2011 8 119.0
2011 9 122.0
2011 10 95.0
2011 11 112.0
2011 12 57.0
2012 1 84.0
2012 2 111.0
2012 3 130.0
2012 4 140.0
2012 5 170.0
2012 6 147.0
2012 7 126.0
2012 8 164.0
2012 9 131.0
2012 10 130.0
2012 11 110.0
2012 12 62.0
2013 1 69.0
2013 2 116.0
2013 3 115.0
2013 4 177.0
2013 5 158.0
2013 6 242.0
2013 7 160.0
2013 8 136.0
2013 9 124.0
2013 10 128.0
2013 11 107.0
2013 12 87.0
2014 1 69.0
2014 2 97.0
2014 3 103.0
2014 4 147.0
2014 5 175.0
2014 6 179.0
2014 7 157.0
2014 8 117.0
2014 9 124.0
2014 10 113.0
2014 11 101.0
2014 12 82.0
2015 1 61.0
2015 2 95.0
2015 3 173.0
2015 4 174.0
2015 5 149.0
2015 6 168.0
2015 7 181.0
2015 8 139.0
2015 9 123.0
2015 10 118.0
2015 11 110.0
2015 12 91.0
2016 1 65.0
2016 2 87.0
2016 3 121.0
2016 4 163.0
2016 5 191.0
2016 6 171.0
2016 7 134.0
2016 8 127.0
2016 9 134.0
2016 10 129.0
2016 11 111.0
2016 12 81.0
2017 1 54.0
2017 2 95.0
2017 3 141.0
2017 4 171.0
2017 5 170.0
2017 6 142.0
2017 7 124.0
2017 8 149.0
2017 9 131.0
2017 10 144.0
2017 11 103.0
2017 12 58.0
2018 1 74.0
2018 2 99.0
2018 3 153.0
2018 4 138.0
2018 5 169.0
2018 6 165.0
2018 7 148.0
2018 8 132.0
2018 9 114.0
2018 10 103.0
2018 11 111.0
2018 12 84.0
2019 1 72.0
2019 2 97.0
2019 3 114.0
2019 4 166.0
2019 5 193.0
2019 6 149.0
2019 7 146.0
2019 8 159.0
2019 9 123.0
2019 10 146.0
2019 11 111.0
2019 12 59.0
2020 1 87.0
2020 2 85.0
2020 3 101.0
2020 4 129.0
2020 5 159.0
2020 6 180.0
2020 7 181.0
2020 8 153.0
2020 9 173.0
2020 10 125.0
2020 11 137.0
2020 12 122.0
2021 1 114.0
2021 2 140.0
2021 3 164.0
2021 4 245.0
2021 5 175.0
2021 6 202.0
2021 7 233.0
2021 8 155.0
2021 9 164.0
2021 10 116.0
2021 11 151.0
2021 12 125.0
2022 1 137.0
2022 2 178.0
2022 3 228.0
2022 4 218.0
2022 5 219.0
2022 6 208.0
2022 7 167.0
2022 8 182.0
2022 9 140.0
2022 10 134.0
2022 11 103.0
2022 12 73.0
2023 1 59.0
2023 2 71.0
2023 3 111.0
2023 4 111.0
2023 5 171.0
2023 6 147.0
2023 7 117.0
2023 8 142.0
2023 9 115.0
2023 10 101.0
2023 11 84.0
2023 12 61.0
2024 1 87.0
2024 2 115.0
2024 3 146.0
2024 4 169.0
2024 5 186.0
2024 6 128.0
2024 7 172.0
2024 8 145.0
