1960 5 12.0
1960 6 1219.0
1960 7 628.0
1960 8 37.0
1960 9 27.0
1960 10 106.0
1960 11 98.0
1960 12 81.0
1961 1 100.0
1961 2 56.0
1961 3 131.0
1961 4 180.0
1961 5 188.0
1961 6 196.0
1961 7 95.0
1961 8 370.0
1961 9 117.0
1961 10 237.5
1961 11 358.0
1961 12 348.0
1962 1 37.0
1962 2 302.0
1962 3 137.0
1962 4 828.0
1962 5 204.0
1962 6 189.0
1962 7 75.0
1962 8 145.0
1962 9 230.0
1962 10 154.0
1962 11 217.0
1962 12 1276.0
1963 1 156.0
1963 2 741.0
1963 3 410.0
1963 4 1415.0
1963 5 986.0
1963 6 2134.0
1963 7 925.0
1963 8 1905.0
1963 9 1458.0
1963 10 1608.0
1963 11 368.0
1963 12 1642.0
1964 1 390.0
1964 2 487.0
1964 3 1786.0
1964 4 716.0
1964 5 661.8888888888889
1964 6 607.7777777777778
1964 7 553.6666666666666
1964 8 499.55555555555554
1964 9 445.44444444444446
1964 10 391.3333333333333
1964 11 337.2222222222222
1964 12 283.1111111111111
1965 1 229.0
1965 2 974.0
1965 3 1195.0
1965 4 1835.0
1965 5 1182.0
1965 6 916.0
1965 7 1340.0
1965 8 313.0
1965 9 1459.0
1965 10 454.0
1965 11 526.0
1965 12 338.0
1966 1 509.0
1966 2 1150.0
1966 3 553.0
1966 4 1007.0
1966 5 1014.0
1966 6 382.0
1966 7 401.0
1966 8 564.0
1966 9 1594.0
1966 10 290.0
1966 11 546.0
1966 12 635.0
1967 1 1013.0
1967 2 473.0
1967 3 2264.0
1967 4 970.0
1967 5 1334.0
1967 6 842.0
1967 7 1837.0
1967 8 1601.0
1967 9 2167.0
1967 10 2155.0
1967 11 2638.0
1967 12 3255.0
1968 1 771.0
1968 2 2675.0
1968 3 2098.0
1968 4 6488.0
1968 5 5698.0
1968 6 1662.0
1968 7 621.0
1968 8 6270.0
1968 9 2521.0
1968 10 4837.0
1968 11 209.0
1968 12 871.0
1969 1 2468.0
1969 2 882.0
1969 3 5444.0
1969 4 1892.0
1969 5 4670.0
1969 6 1314.0
1969 7 271.0
1969 8 1583.0
1969 9 1388.0
1969 10 2052.0
1969 11 2284.0
1969 12 4275.0
1970 1 3942.0
1970 2 1458.0
1970 3 3215.0
1970 4 618.0
1970 5 2090.0
1970 6 1844.0
1970 7 5615.0
1970 8 2103.0
1970 9 4180.0
1970 10 5341.0
1970 11 2500.0
1970 12 5106.0
1971 1 3424.0
1971 2 2672.0
1971 3 3584.0
1971 4 3408.0
1971 5 7243.0
1971 6 6729.0
1971 7 6452.0
1971 8 5780.0
1971 9 4748.0
1971 10 14569.0
1971 11 6016.0
1971 12 12764.0
1972 1 5057.0
1972 2 3634.0
1972 3 4381.0
1972 4 10574.0
1972 5 6169.0
1972 6 7953.0
1972 7 5219.0
1972 8 12321.0
1972 9 7359.0
1972 10 12670.0
1972 11 14412.0
1972 12 14105.0
1973 1 12990.0
1973 2 7592.0
1973 3 5436.0
1973 4 9160.0
1973 5 4944.0
1973 6 3630.0
1973 7 3220.0
1973 8 6055.0
1973 9 12367.0
1973 10 6928.0
1973 11 2254.0
1973 12 10239.0
1974 1 6516.0
1974 2 2594.0
1974 3 6930.0
1974 4 3268.0
1974 5 487.0
1974 6 1008.0
1974 7 1682.0
1974 8 2531.0
1974 9 2553.0
1974 10 2568.0
1974 11 266.0
1974 12 9335.0
1975 1 648.0
1975 2 797.0
1975 3 246.0
1975 4 1741.0
1975 5 1204.0
1975 6 1864.0
1975 7 2274.0
1975 8 717.0
1975 9 3894.0
1975 10 953.0
1975 11 2033.0
1975 12 821.0
1976 1 2244.0
1976 2 2940.0
1976 3 3098.0
1976 4 4130.0
1976 5 3890.0
1976 6 3317.0
1976 7 2543.0
1976 8 3322.0
1976 9 9564.0
1976 10 1141.0
1976 11 3560.0
1976 12 6650.0
1977 1 11239.0
1977 2 9003.0
1977 3 10199.0
1977 4 13596.0
1977 5 5291.0
1977 6 16852.0
1977 7 6145.0
1977 8 4387.0
1977 9 5434.0
1977 10 13627.0
1977 11 7631.0
1977 12 8071.0
1978 1 1961.0
1978 2 6571.0
1978 3 22149.0
1978 4 2715.0
1978 5 7487.0
1978 6 12786.0
1978 7 2237.0
1978 8 4372.0
1978 9 6983.0
1978 10 3044.0
1978 11 13170.0
1978 12 9995.0
1979 1 11177.0
1979 2 1072.0
1979 3 4570.0
1979 4 6419.0
1979 5 6485.0
1979 6 19799.0
1979 7 3445.0
1979 8 11201.0
1979 9 13564.0
1979 10 7555.0
1979 11 12418.0
1979 12 2214.0
1980 1 2358.0
1980 2 1036.0
1980 3 4365.0
1980 4 4549.0
1980 5 5201.0
1980 6 17288.0
1980 7 3416.0
1980 8 8079.0
1980 9 20000.0
1980 10 12377.0
1980 11 20272.0
1980 12 7699.0
1981 1 2329.0
1981 2 14105.0
1981 3 6395.0
1981 4 6652.0
1981 5 7588.0
1981 6 8573.0
1981 7 1039.0
1981 8 18812.0
1981 9 30487.0
1981 10 5438.0
1981 11 230.0
1981 12 6348.0
1982 1 5798.0
1982 2 6563.0
1982 3 9033.0
1982 4 4179.0
1982 5 4927.0
1982 6 7477.0
1982 7 5176.0
1982 8 1117.0
1982 9 14815.0
1982 10 12420.0
1982 11 6849.5
1982 12 1279.0
1983 1 3914.0
1983 2 5629.0
1983 3 11116.0
1983 4 9302.0
1983 5 18407.0
1983 6 4983.0
1983 7 16331.0
1983 8 11764.0
1983 9 11357.0
1983 10 19665.0
1983 11 15138.0
1983 12 8864.0
1984 1 2848.0
1984 2 11138.0
1984 3 8187.0
1984 4 17837.0
1984 5 10271.0
1984 6 13978.0
1984 7 8804.0
1984 8 10954.0
1984 9 5509.0
1984 10 5401.0
1984 11 11601.0
1984 12 1965.0
1985 1 4596.0
1985 2 2727.0
1985 3 15040.0
1985 4 16126.0
1985 5 11659.0
1985 6 9800.0
1985 7 5557.0
1985 8 5500.0
1985 9 32042.0
1985 10 7559.0
1985 11 15236.0
1985 12 7495.0
1986 1 9012.0
1986 2 13355.0
1986 3 26717.0
1986 4 6681.0
1986 5 12679.0
1986 6 5888.0
1986 7 16843.0
1986 8 27333.0
1986 9 11047.0
1986 10 4679.0
1986 11 7380.0
1986 12 7427.0
1987 1 9574.0
1987 2 2620.0
1987 3 2652.0
1987 4 14039.0
1987 5 1649.0
1987 6 15457.0
1987 7 7034.0
1987 8 4700.0
1987 9 3361.0
1987 10 5780.0
1987 11 9401.0
1987 12 4462.0
1988 1 5384.5
1988 2 6307.0
1988 3 1960.0
1988 4 1162.0
1988 5 3517.0
1988 6 1203.0
1988 7 5536.0
1988 8 4081.0
1988 9 1622.0
1988 10 1962.0
1988 11 2823.0
1988 12 21118.0
1989 1 865.0
1989 2 2360.0
1989 3 7719.0
1989 4 4637.0
1989 5 3743.0
1989 6 7723.0
1989 7 2120.0
1989 8 14709.0
1989 9 1752.0
1989 10 10626.0
1989 11 2200.0
1989 12 9176.0
1990 1 456.0
1990 2 7870.0
1990 3 18022.0
1990 4 8313.0
1990 5 10383.0
1990 6 5991.0
1990 7 18913.0
1990 8 3176.0
1990 9 1447.0
1990 10 12758.0
1990 11 7663.0
1990 12 9696.0
1991 1 229.0
1991 2 819.0
1991 3 4489.0
1991 4 8203.0
1991 5 2339.0
1991 6 3270.0
1991 7 10173.0
1991 8 6072.0
1991 9 7163.0
1991 10 4768.0
1991 11 5866.0
1991 12 433.0
1992 1 17063.0
1992 2 1735.0
1992 3 4690.0
1992 4 8161.0
1992 5 3717.0
1992 6 1400.0
1992 7 2331.0
1992 8 1531.0
1992 9 9659.0
1992 10 7422.0
1992 11 9472.0
1992 12 1412.0
1993 1 7726.0
1993 2 2715.0
1993 3 627.0
1993 4 8501.0
1993 5 676.0
1993 6 17483.0
1993 7 10327.0
1993 8 5454.0
1993 9 4324.0
1993 10 2937.0
1993 11 1550.0
1993 12 19532.0
1994 1 10627.0
1994 2 4656.0
1994 3 15993.0
1994 4 17607.0
1994 5 10025.0
1994 6 11815.0
1994 7 34956.0
1994 8 22771.0
1994 9 3714.0
1994 10 9767.0
1994 11 19681.0
1994 12 8573.0
1995 1 16161.0
1995 2 6200.0
1995 3 14329.0
1995 4 29854.0
1995 5 16387.0
1995 6 32073.0
1995 7 41230.0
1995 8 21738.0
1995 9 652.0
1995 10 24072.0
1995 11 9622.0
1995 12 55256.0
1996 1 4850.0
1996 2 4431.0
1996 3 13082.0
1996 4 8848.0
1996 5 21621.0
1996 6 30752.0
1996 7 7471.0
1996 8 18425.0
1996 9 16047.0
1996 10 18828.0
1996 11 24265.0
1996 12 55956.0
1997 1 7671.0
1997 2 12404.0
1997 3 27426.0
1997 4 27131.0
1997 5 2404.0
1997 6 5883.0
1997 7 18093.0
1997 8 13644.0
1997 9 3677.0
1997 10 20267.0
1997 11 30286.0
1997 12 10019.0
1998 1 1842.0
1998 2 30602.0
1998 3 13066.0
1998 4 20573.0
1998 5 15399.0
1998 6 8580.0
1998 7 12674.0
1998 8 65502.0
1998 9 10127.0
1998 10 38474.0
1998 11 18119.0
1998 12 9559.0
1999 1 13386.0
1999 2 6415.0
1999 3 39884.0
1999 4 6724.0
1999 5 2361.0
1999 6 7108.0
1999 7 1189.0
1999 8 16490.0
1999 9 20831.0
1999 10 38317.0
1999 11 9371.0
1999 12 2394.0
2000 1 14674.0
2000 2 5771.0
2000 3 6220.0
2000 4 23464.0
2000 5 33333.0
2000 6 2955.0
2000 7 1228.0
2000 8 12989.0
2000 9 8816.0
2000 10 13797.0
2000 11 48447.0
2000 12 19938.0
2001 1 23835.0
2001 2 14603.0
2001 3 13102.0
2001 4 1698.0
2001 5 2932.0
2001 6 1861.0
2001 7 2238.0
2001 8 10887.0
2001 9 41425.0
2001 10 15611.0
2001 11 9243.0
2001 12 3966.0
2002 1 14612.0
2002 2 995.0
2002 3 13544.0
2002 4 10606.0
2002 5 34435.0
2002 6 12268.0
2002 7 18988.0
2002 8 19195.0
2002 9 7572.0
2002 10 6229.0
2002 11 5298.0
2002 12 4885.0
2003 1 17432.0
2003 2 17561.0
2003 3 17313.0
2003 4 12010.0
2003 5 4927.0
2003 6 55141.0
2003 7 8543.0
2003 8 8985.0
2003 9 23110.0
2003 10 21250.0
2003 11 32412.0
2003 12 16877.0
2004 1 49333.0
2004 2 49509.0
2004 3 20196.0
2004 4 12448.0
2004 5 27371.0
2004 6 36168.0
2004 7 53122.0
2004 8 13119.0
2004 9 25303.0
2004 10 14971.0
2004 11 12252.0
2004 12 56240.0
2005 1 82222.0
2005 2 26517.0
2005 3 41552.0
2005 4 21922.0
2005 5 93421.0
2005 6 24819.0
2005 7 109346.0
2005 8 31097.0
2005 9 1328.0
2005 10 107535.0
2005 11 43855.0
2005 12 16123.0
2006 1 19504.0
2006 2 75156.0
2006 3 26896.0
2006 4 59600.0
2006 5 35502.0
2006 6 168879.0
2006 7 268685.0
2006 8 57800.0
2006 9 26954.0
2006 10 78930.0
2006 11 9575.0
2006 12 70378.0
2007 1 40621.0
2007 2 37007.0
2007 3 4292.0
2007 4 25426.0
2007 5 27348.0
2007 6 12751.0
2007 7 17884.0
2007 8 40262.0
2007 9 34866.0
2007 10 25904.0
2007 11 51041.0
2007 12 36695.0
2008 1 28972.0
2008 2 18127.0
2008 3 13854.0
2008 4 33259.0
2008 5 6789.0
2008 6 46778.0
2008 7 28119.0
2008 8 10928.0
2008 9 4826.0
2008 10 43229.0
2008 11 35807.0
2008 12 11033.0
2009 1 17538.0
2009 2 844.0
2009 3 11972.0
2009 4 28625.0
2009 5 12166.0
2009 6 33742.0
2009 7 27110.0
2009 8 33085.0
2009 9 13396.0
2009 10 2706.0
2009 11 18538.0
2009 12 23056.0
2010 1 13930.0
2010 2 8336.0
2010 3 17337.0
2010 4 13395.0
2010 5 31877.0
2010 6 1515.0
2010 7 1388.0
2010 8 147.0
2010 9 12008.0
2010 10 10747.0
2010 11 4559.0
2010 12 22908.0
2011 1 40199.0
2011 2 14011.0
2011 3 13702.0
2011 4 4956.0
2011 5 2115.0
2011 6 15915.0
2011 7 4301.0
2011 8 2970.0
2011 9 14594.0
2011 10 18903.0
2011 11 26289.0
2011 12 23529.0
2012 1 19713.0
2012 2 8857.0
2012 3 35924.0
2012 4 3046.0
2012 5 18281.0
2012 6 24260.0
2012 7 26303.0
2012 8 27082.0
2012 9 1235.0
2012 10 3542.0
2012 11 20175.0
2012 12 5610.0
2013 1 15949.0
2013 2 6514.0
2013 3 9141.0
2013 4 16850.0
2013 5 14019.0
2013 6 10829.0
2013 7 6395.0
2013 8 12416.0
2013 9 13431.0
2013 10 12042.0
2013 11 10204.0
2013 12 19296.0
2014 1 15766.0
2014 2 50447.0
2014 3 54577.0
2014 4 4151.0
2014 5 14274.0
2014 6 31517.0
2014 7 18745.0
2014 8 51812.0
2014 9 24353.0
2014 10 41612.0
2014 11 5545.0
2014 12 28410.0
2015 1 16976.0
2015 2 45989.0
2015 3 10457.0
2015 4 10011.0
2015 5 23390.0
2015 6 30236.0
2015 7 8355.0
2015 8 86102.0
2015 9 5918.0
2015 10 11932.0
2015 11 16038.0
2015 12 51671.0
2016 1 38047.0
2016 2 2977.0
2016 3 10384.0
2016 4 30763.0
2016 5 5625.0
2016 6 56766.0
2016 7 14936.0
2016 8 9379.0
2016 9 35400.0
2016 10 14945.0
2016 11 11957.0
2016 12 8962.0
2017 1 13345.0
2017 2 4898.0
2017 3 9126.0
2017 4 5797.0
2017 5 10721.0
2017 6 24983.0
2017 7 12176.0
2017 8 9007.0
2017 9 44691.0
2017 10 15256.0
2017 11 11985.0
2017 12 26219.0
2018 1 16832.0
2018 2 12782.0
2018 3 9596.0
2018 4 11470.0
2018 5 30667.0
2018 6 19351.0
2018 7 15236.0
2018 8 26759.0
2018 9 4553.0
2018 10 12823.0
2018 11 15543.0
2018 12 6605.0
2019 1 12561.0
2019 2 13692.0
2019 3 12009.0
2019 4 14547.0
2019 5 6293.0
2019 6 31918.0
2019 7 26401.0
2019 8 28265.0
2019 9 35915.0
2019 10 21963.0
2019 11 12630.0
2019 12 79161.0
2020 1 25495.0
2020 2 11522.0
2020 3 19651.0
2020 4 46463.0
2020 5 21431.0
2020 6 31985.0
2020 7 62272.0
2020 8 52481.0
2020 9 21572.0
2020 10 9408.0
2020 11 10493.0
2020 12 10324.0
2021 1 45797.0
2021 2 57253.0
2021 3 21293.0
2021 4 1790.0
2021 5 8156.0
2021 6 10289.0
2021 7 17926.0
2021 8 21402.0
2021 9 30921.0
2021 10 18578.0
2021 11 21230.0
2021 12 10737.0
2022 1 15473.0
2022 2 12317.0
2022 3 74404.0
2022 4 30508.0
2022 5 29630.0
2022 6 39613.0
2022 7 65840.0
2022 8 184185.0
2022 9 91358.0
2022 10 41613.0
2022 11 33887.0
2022 12 34342.0
2023 1 17302.0
2023 2 87729.0
2023 3 164304.0
2023 4 16639.0
2023 5 91657.0
2023 6 21246.0
2023 7 15350.0
2023 8 30555.0
2023 9 6641.0
2023 10 4402.0
2023 11 25017.0
2023 12 97242.0
2024 1 100461.0
2024 2 7206.0
2024 3 27669.0
2024 4 17115.0
2024 5 85709.0
2024 6 15559.0
2024 7 7017.0
2024 8 19321.0
