1960 5 111.0
1960 6 38.0
1960 7 145.0
1960 8 104.0
1960 9 88.0
1960 10 68.0
1960 11 66.0
1960 12 86.0
1961 1 148.0
1961 2 114.0
1961 3 93.0
1961 4 159.0
1961 5 83.0
1961 6 119.0
1961 7 84.0
1961 8 191.0
1961 9 228.0
1961 10 127.0
1961 11 202.0
1961 12 216.0
1962 1 151.0
1962 2 303.0
1962 3 95.0
1962 4 112.0
1962 5 508.0
1962 6 56.0
1962 7 157.0
1962 8 97.0
1962 9 51.0
1962 10 154.0
1962 11 292.0
1962 12 24.0
1963 1 1432.0
1963 2 293.0
1963 3 127.0
1963 4 379.0
1963 5 201.0
1963 6 267.0
1963 7 289.0
1963 8 209.0
1963 9 301.0
1963 10 1616.0
1963 11 136.0
1963 12 84.0
1964 1 169.0
1964 2 92.0
1964 3 492.0
1964 4 1805.0
1964 5 1635.6666666666667
1964 6 1466.3333333333333
1964 7 1297.0
1964 8 1127.6666666666665
1964 9 958.3333333333333
1964 10 789.0
1964 11 619.6666666666665
1964 12 450.33333333333326
1965 1 281.0
1965 2 137.0
1965 3 1074.0
1965 4 92.0
1965 5 358.0
1965 6 120.0
1965 7 127.0
1965 8 124.0
1965 9 157.0
1965 10 678.0
1965 11 133.0
1965 12 146.0
1966 1 141.0
1966 2 95.0
1966 3 256.0
1966 4 43.0
1966 5 101.0
1966 6 35.0
1966 7 129.0
1966 8 356.0
1966 9 136.0
1966 10 6.0
1966 11 96.0
1966 12 108.0
1967 1 126.0
1967 2 100.0
1967 3 96.0
1967 4 118.0
1967 5 169.0
1967 6 137.0
1967 7 131.0
1967 8 194.0
1967 9 129.0
1967 10 89.0
1967 11 311.0
1967 12 30.0
1968 1 161.0
1968 2 191.0
1968 3 203.0
1968 4 131.0
1968 5 307.0
1968 6 220.0
1968 7 119.0
1968 8 606.0
1968 9 81.0
1968 10 561.0
1968 11 202.0
1968 12 315.0
1969 1 350.0
1969 2 3505.0
1969 3 213.0
1969 4 603.0
1969 5 234.0
1969 6 90.0
1969 7 40.0
1969 8 199.0
1969 9 618.0
1969 10 444.0
1969 11 536.0
1969 12 779.0
1970 1 112.0
1970 2 260.0
1970 3 438.0
1970 4 1655.0
1970 5 4388.0
1970 6 496.0
1970 7 172.0
1970 8 161.0
1970 9 18862.0
1970 10 189.0
1970 11 989.0
1970 12 309.0
1971 1 536.0
1971 2 3135.0
1971 3 584.0
1971 4 3169.0
1971 5 1026.0
1971 6 481.0
1971 7 901.0
1971 8 1321.0
1971 9 306.0
1971 10 778.0
1971 11 1129.0
1971 12 382.0
1972 1 75.0
1972 2 337.0
1972 3 176.0
1972 4 1728.0
1972 5 927.0
1972 6 411.0
1972 7 938.0
1972 8 570.0
1972 9 1009.0
1972 10 265.0
1972 11 85.0
1972 12 121.0
1973 1 331.0
1973 2 884.0
1973 3 612.0
1973 4 584.0
1973 5 1265.0
1973 6 369.0
1973 7 367.0
1973 8 347.0
1973 9 56.0
1973 10 293.0
1973 11 107.0
1973 12 40.0
1974 1 134.0
1974 2 551.0
1974 3 573.0
1974 4 229.0
1974 5 1559.0
1974 6 218.0
1974 7 264.0
1974 8 332.0
1974 9 240.0
1974 10 52.0
1974 11 238.0
1974 12 1059.0
1975 1 224.0
1975 2 183.0
1975 3 448.0
1975 4 338.0
1975 5 368.0
1975 6 207.0
1975 7 1088.0
1975 8 423.0
1975 9 519.0
1975 10 1098.0
1975 11 203.0
1975 12 261.0
1976 1 296.0
1976 2 824.0
1976 3 353.0
1976 4 191.0
1976 5 604.0
1976 6 628.0
1976 7 65.0
1976 8 532.0
1976 9 623.0
1976 10 536.0
1976 11 547.0
1976 12 164.0
1977 1 1638.0
1977 2 648.0
1977 3 894.0
1977 4 478.0
1977 5 1664.0
1977 6 626.0
1977 7 707.0
1977 8 612.0
1977 9 1806.0
1977 10 3217.0
1977 11 246.0
1977 12 187.0
1978 1 34.0
1978 2 1155.0
1978 3 998.0
1978 4 328.0
1978 5 283.0
1978 6 1080.0
1978 7 4096.0
1978 8 856.0
1978 9 392.0
1978 10 676.0
1978 11 1948.0
1978 12 1753.0
1979 1 662.0
1979 2 346.0
1979 3 700.0
1979 4 2340.0
1979 5 826.0
1979 6 790.0
1979 7 448.0
1979 8 466.0
1979 9 1025.0
1979 10 4275.0
1979 11 473.0
1979 12 483.0
1980 1 1819.0
1980 2 880.0
1980 3 2524.0
1980 4 379.0
1980 5 1299.0
1980 6 968.0
1980 7 1852.0
1980 8 1298.0
1980 9 1755.0
1980 10 753.0
1980 11 8771.0
1980 12 601.0
1981 1 2033.0
1981 2 1149.0
1981 3 2429.0
1981 4 4061.0
1981 5 1038.0
1981 6 323.0
1981 7 421.0
1981 8 191.0
1981 9 234.0
1981 10 1167.0
1981 11 303.0
1981 12 149.0
1982 1 359.0
1982 2 999.0
1982 3 2710.0
1982 4 226.0
1982 5 608.0
1982 6 896.0
1982 7 210.0
1982 8 461.0
1982 9 5676.0
1982 10 427.0
1982 11 378.0
1982 12 329.0
1983 1 781.0
1983 2 3630.0
1983 3 1946.0
1983 4 583.0
1983 5 634.0
1983 6 2035.0
1983 7 1295.0
1983 8 2805.0
1983 9 2007.0
1983 10 750.0
1983 11 2145.0
1983 12 1312.0
1984 1 1567.0
1984 2 2543.0
1984 3 3975.0
1984 4 1653.0
1984 5 2011.0
1984 6 2390.0
1984 7 2761.0
1984 8 4473.0
1984 9 2047.0
1984 10 2817.0
1984 11 1651.0
1984 12 1314.0
1985 1 294.0
1985 2 1815.0
1985 3 2186.0
1985 4 2492.0
1985 5 5191.0
1985 6 1752.0
1985 7 2624.0
1985 8 2203.0
1985 9 233.0
1985 10 1356.0
1985 11 880.0
1985 12 2887.0
1986 1 1384.0
1986 2 1751.0
1986 3 2129.0
1986 4 1451.0
1986 5 1748.0
1986 6 564.0
1986 7 1218.0
1986 8 5280.0
1986 9 964.0
1986 10 890.0
1986 11 1340.0
1986 12 648.0
1987 1 465.0
1987 2 1039.0
1987 3 1087.0
1987 4 1695.0
1987 5 1109.0
1987 6 606.0
1987 7 968.0
1987 8 100.0
1987 9 705.0
1987 10 554.0
1987 11 960.0
1987 12 410.0
1988 1 564.0
1988 2 611.0
1988 3 850.0
1988 4 441.0
1988 5 1754.0
1988 6 1323.0
1988 7 2008.0
1988 8 3623.0
1988 9 202.0
1988 10 877.0
1988 11 624.0
1988 12 161.0
1989 1 385.0
1989 2 1471.0
1989 3 397.0
1989 4 824.0
1989 5 488.0
1989 6 631.0
1989 7 1913.0
1989 8 1796.0
1989 9 1675.0
1989 10 1157.0
1989 11 992.0
1989 12 315.0
1990 1 964.0
1990 2 758.0
1990 3 992.0
1990 4 2230.0
1990 5 519.0
1990 6 613.0
1990 7 1060.0
1990 8 1801.0
1990 9 117.0
1990 10 293.0
1990 11 1284.0
1990 12 104.0
1991 1 118.0
1991 2 3987.0
1991 3 1118.0
1991 4 2186.0
1991 5 452.0
1991 6 995.0
1991 7 80.0
1991 8 282.0
1991 9 1786.0
1991 10 158.0
1991 11 293.0
1991 12 150.0
1992 1 196.0
1992 2 647.0
1992 3 638.0
1992 4 961.0
1992 5 200.0
1992 6 838.0
1992 7 406.0
1992 8 411.0
1992 9 275.0
1992 10 737.0
1992 11 560.0
1992 12 889.0
1993 1 430.0
1993 2 316.0
1993 3 1575.0
1993 4 901.0
1993 5 760.0
1993 6 1291.0
1993 7 968.0
1993 8 6023.0
1993 9 952.0
1993 10 967.0
1993 11 683.0
1993 12 665.0
1994 1 1954.0
1994 2 2752.0
1994 3 2145.0
1994 4 1584.0
1994 5 1504.0
1994 6 9407.0
1994 7 1375.0
1994 8 612.0
1994 9 1012.0
1994 10 3063.0
1994 11 843.0
1994 12 782.0
1995 1 516.0
1995 2 1157.0
1995 3 1125.0
1995 4 1377.0
1995 5 2065.0
1995 6 963.0
1995 7 1384.0
1995 8 876.0
1995 9 922.0
1995 10 837.0
1995 11 990.0
1995 12 1993.0
1996 1 841.0
1996 2 645.0
1996 3 3046.0
1996 4 6500.0
1996 5 2352.0
1996 6 1091.0
1996 7 1867.0
1996 8 991.0
1996 9 1022.0
1996 10 1954.0
1996 11 1717.0
1996 12 950.0
1997 1 845.0
1997 2 3411.0
1997 3 1863.0
1997 4 3934.0
1997 5 2477.0
1997 6 1499.0
1997 7 3156.0
1997 8 2380.0
1997 9 1380.0
1997 10 1075.0
1997 11 1146.0
1997 12 1890.0
1998 1 853.0
1998 2 872.0
1998 3 5541.0
1998 4 3765.0
1998 5 1795.0
1998 6 5393.0
1998 7 2048.0
1998 8 1477.0
1998 9 751.0
1998 10 1437.0
1998 11 2993.0
1998 12 2858.0
1999 1 569.0
1999 2 3895.0
1999 3 1667.0
1999 4 1814.0
1999 5 1658.0
1999 6 3845.0
1999 7 1862.0
1999 8 5729.0
1999 9 1828.0
1999 10 1394.0
1999 11 1675.0
1999 12 3861.0
2000 1 1872.0
2000 2 1501.0
2000 3 3283.0
2000 4 3135.0
2000 5 1238.0
2000 6 1950.0
2000 7 76.0
2000 8 494.0
2000 9 2149.0
2000 10 272.0
2000 11 1650.0
2000 12 129.0
2001 1 482.0
2001 2 1262.0
2001 3 2440.0
2001 4 1354.0
2001 5 550.0
2001 6 616.0
2001 7 78.0
2001 8 2074.0
2001 9 109.0
2001 10 863.0
2001 11 582.0
2001 12 1038.0
2002 1 1616.0
2002 2 931.0
2002 3 1484.0
2002 4 2994.0
2002 5 3245.0
2002 6 1036.0
2002 7 2561.0
2002 8 1624.0
2002 9 411.0
2002 10 1110.0
2002 11 3469.0
2002 12 744.0
2003 1 1619.0
2003 2 3146.0
2003 3 1006.0
2003 4 2232.0
2003 5 795.0
2003 6 1860.0
2003 7 296.0
2003 8 1385.0
2003 9 2103.0
2003 10 817.0
2003 11 1976.0
2003 12 1051.0
2004 1 2010.0
2004 2 1594.0
2004 3 43377.0
2004 4 2206.0
2004 5 1965.0
2004 6 888.0
2004 7 4456.0
2004 8 685.0
2004 9 3069.0
2004 10 1056.0
2004 11 1422.0
2004 12 162.0
2005 1 214.0
2005 2 2464.0
2005 3 2015.0
2005 4 3290.0
2005 5 723.0
2005 6 1047.0
2005 7 2535.0
2005 8 375.0
2005 9 597.0
2005 10 746.0
2005 11 565.0
2005 12 1750.0
2006 1 1174.0
2006 2 537.0
2006 3 1089.0
2006 4 1312.0
2006 5 5232.0
2006 6 3099.0
2006 7 775.0
2006 8 601.0
2006 9 284.0
2006 10 1318.0
2006 11 2381.0
2006 12 3444.0
2007 1 2555.0
2007 2 2607.0
2007 3 1444.5
2007 4 282.0
2007 5 5298.0
2007 6 903.0
2007 7 330.0
2007 8 770.0
2007 9 849.0
2007 10 1248.5
2007 11 1648.0
2007 12 271.0
2008 1 1137.0
2008 2 65.0
2008 3 1040.5
2008 4 2016.0
2008 5 2060.0
2008 6 271.0
2008 7 993.0
2008 8 1300.0
2008 9 1909.0
2008 10 1334.3333333333335
2008 11 759.6666666666667
2008 12 185.0
2009 1 80.0
2009 2 1235.0
2009 3 898.0
2009 4 585.0
2009 5 851.0
2009 6 1117.0
2009 7 3295.0
2009 8 2816.5
2009 9 2338.0
2009 10 1859.5
2009 11 1381.0
2009 12 763.0
2010 1 139.0
2010 2 3619.0
2010 3 906.0
2010 4 1155.0
2010 5 625.0
2010 6 760.0
2010 7 5776.0
2010 8 390.0
2010 9 673.0
2010 10 3761.0
2010 11 2088.0
2010 12 1050.0
2011 1 597.5
2011 2 145.0
2011 3 494.5
2011 4 844.0
2011 5 346.0
2011 6 266.0
2011 7 419.0
2011 8 2884.0
2011 9 266.0
2011 10 266.0
2011 11 598.0
2011 12 266.0
2012 1 266.0
2012 2 391.0
2012 3 1013.0
2012 4 752.0
2012 5 266.0
2012 6 430.0
2012 7 375.0
2012 8 320.0
2012 9 747.0
2012 10 560.0
2012 11 266.0
2012 12 394.0
2013 1 266.0
2013 2 1096.0
2013 3 266.0
2013 4 2150.0
2013 5 8462.0
2013 6 4364.0
2013 7 266.0
2013 8 463.0
2013 9 1398.0
2013 10 465.0
2013 11 3345.0
2013 12 4489.0
2014 1 4074.0
2014 2 2791.0
2014 3 243.0
2014 4 3988.0
2014 5 120.0
2014 6 4514.0
2014 7 5431.0
2014 8 947.0
2014 9 608.0
2014 10 2136.0
2014 11 1625.0
2014 12 5182.0
2015 1 2030.0
2015 2 4444.0
2015 3 2226.0
2015 4 12001.0
2015 5 567.0
2015 6 1094.0
2015 7 824.0
2015 8 2347.0
2015 9 920.0
2015 10 2179.0
2015 11 9833.0
2015 12 3559.0
2016 1 2353.0
2016 2 14673.0
2016 3 878.0
2016 4 3373.0
2016 5 2388.0
2016 6 1665.0
2016 7 942.0
2016 8 2326.0
2016 9 2466.0
2016 10 2045.0
2016 11 3680.0
2016 12 2324.0
2017 1 3079.0
2017 2 3267.0
2017 3 5073.0
2017 4 999.0
2017 5 5500.0
2017 6 1100.0
2017 7 2285.0
2017 8 1912.0
2017 9 1529.0
2017 10 1760.0
2017 11 2180.0
2017 12 3180.0
2018 1 4641.0
2018 2 996.0
2018 3 5204.0
2018 4 1229.0
2018 5 2140.0
2018 6 1039.0
2018 7 1246.0
2018 8 2503.0
2018 9 2443.0
2018 10 1507.0
2018 11 1933.0
2018 12 1569.0
2019 1 1853.0
2019 2 1857.0
2019 3 1546.0
2019 4 4121.0
2019 5 2553.0
2019 6 1420.0
2019 7 1562.0
2019 8 1876.0
2019 9 870.0
2019 10 5250.0
2019 11 4286.0
2019 12 8929.0
2020 1 4731.0
2020 2 1688.0
2020 3 1393.0
2020 4 1510.0
2020 5 2540.0
2020 6 4190.0
2020 7 6868.0
2020 8 4916.0
2020 9 2743.0
2020 10 2499.0
2020 11 1491.0
2020 12 1877.0
2021 1 2156.0
2021 2 2959.0
2021 3 6385.0
2021 4 2158.0
2021 5 2438.0
2021 6 2795.0
2021 7 1890.0
2021 8 3350.0
2021 9 1371.0
2021 10 3971.0
2021 11 1428.0
2021 12 3115.0
2022 1 169.0
2022 2 1235.0
2022 3 2219.0
2022 4 3556.0
2022 5 4515.0
2022 6 1234.0
2022 7 2211.0
2022 8 17329.0
2022 9 8586.0
2022 10 2153.0
2022 11 2476.0
2022 12 3189.0
2023 1 11216.0
2023 2 4691.0
2023 3 5829.0
2023 4 14562.0
2023 5 12607.0
2023 6 6243.0
2023 7 1087.0
2023 8 2069.0
2023 9 1115.0
2023 10 1270.0
2023 11 3599.0
2023 12 2686.0
2024 1 15383.0
2024 2 1787.0
2024 3 2935.0
2024 4 2532.0
2024 5 1966.0
2024 6 2142.0
2024 7 3399.0
2024 8 3184.0
