1960 5 1332.0
1960 6 1972.0
1960 7 625.0
1960 8 1316.0
1960 9 897.0
1960 10 745.0
1960 11 373.0
1960 12 120.0
1961 1 25.0
1961 2 55.0
1961 3 187.0
1961 4 237.0
1961 5 822.0
1961 6 865.0
1961 7 661.0
1961 8 853.0
1961 9 717.0
1961 10 512.0
1961 11 273.0
1961 12 55.0
1962 1 30.0
1962 2 22.0
1962 3 55.0
1962 4 830.0
1962 5 1047.0
1962 6 1576.0
1962 7 1224.0
1962 8 1548.0
1962 9 971.0
1962 10 706.0
1962 11 396.0
1962 12 30.0
1963 1 336.0
1963 2 86.0
1963 3 94.0
1963 4 266.0
1963 5 2168.0
1963 6 2566.0
1963 7 1594.0
1963 8 1325.0
1963 9 2095.0
1963 10 1258.0
1963 11 130.0
1963 12 232.0
1964 1 56.0
1964 2 53.0
1964 3 50.0
1964 4 174.0
1964 5 157.44444444444446
1964 6 140.88888888888889
1964 7 124.33333333333333
1964 8 107.77777777777777
1964 9 91.22222222222221
1964 10 74.66666666666666
1964 11 58.1111111111111
1964 12 41.55555555555554
1965 1 25.0
1965 2 105.0
1965 3 185.0
1965 4 918.0
1965 5 1425.0
1965 6 1629.0
1965 7 1949.0
1965 8 865.0
1965 9 1695.0
1965 10 503.0
1965 11 178.0
1965 12 18.0
1966 1 22.0
1966 2 23.5
1966 3 25.0
1966 4 473.0
1966 5 594.0
1966 6 1458.0
1966 7 392.0
1966 8 1234.0
1966 9 958.0
1966 10 240.0
1966 11 157.0
1966 12 108.66666666666666
1967 1 60.33333333333333
1967 2 12.0
1967 3 85.0
1967 4 434.0
1967 5 1421.0
1967 6 1063.0
1967 7 729.0
1967 8 1456.0
1967 9 2071.0
1967 10 758.0
1967 11 380.0
1967 12 543.0
1968 1 117.0
1968 2 27.0
1968 3 165.0
1968 4 430.0
1968 5 2702.0
1968 6 3058.0
1968 7 2530.0
1968 8 2188.0
1968 9 1688.0
1968 10 1345.0
1968 11 364.0
1968 12 133.0
1969 1 71.0
1969 2 421.0
1969 3 303.0
1969 4 2080.0
1969 5 2196.0
1969 6 3213.0
1969 7 4052.0
1969 8 3144.0
1969 9 3171.0
1969 10 3040.0
1969 11 1075.0
1969 12 427.0
1970 1 209.0
1970 2 808.0
1970 3 1529.0
1970 4 6184.0
1970 5 4245.0
1970 6 3987.0
1970 7 5368.0
1970 8 3745.0
1970 9 5804.0
1970 10 3147.0
1970 11 2851.0
1970 12 775.0
1971 1 208.0
1971 2 480.0
1971 3 1465.0
1971 4 2530.0
1971 5 7903.0
1971 6 7377.0
1971 7 4975.0
1971 8 6207.0
1971 9 6146.0
1971 10 3454.0
1971 11 2151.0
1971 12 1316.0
1972 1 438.0
1972 2 239.0
1972 3 849.0
1972 4 2464.0
1972 5 7412.0
1972 6 7912.0
1972 7 10172.0
1972 8 8748.0
1972 9 10341.0
1972 10 5212.0
1972 11 1931.0
1972 12 685.0
1973 1 1079.0
1973 2 467.0
1973 3 2583.0
1973 4 5207.0
1973 5 8704.0
1973 6 11884.0
1973 7 3643.0
1973 8 4604.0
1973 9 4923.0
1973 10 4409.0
1973 11 2632.0
1973 12 928.0
1974 1 1267.0
1974 2 1299.0
1974 3 2723.0
1974 4 8424.0
1974 5 7456.0
1974 6 7136.0
1974 7 10561.0
1974 8 6033.0
1974 9 5337.0
1974 10 2216.0
1974 11 3388.0
1974 12 1877.0
1975 1 664.0
1975 2 1219.0
1975 3 4440.0
1975 4 5859.0
1975 5 13829.0
1975 6 11319.0
1975 7 11021.0
1975 8 9398.0
1975 9 10523.0
1975 10 7052.0
1975 11 2429.0
1975 12 1647.0
1976 1 4035.0
1976 2 3739.0
1976 3 6427.0
1976 4 10657.0
1976 5 11033.0
1976 6 12701.0
1976 7 11472.0
1976 8 13612.0
1976 9 13074.0
1976 10 10653.0
1976 11 11896.0
1976 12 14925.0
1977 1 7843.0
1977 2 10229.0
1977 3 13649.0
1977 4 18139.0
1977 5 26187.0
1977 6 24362.0
1977 7 18045.0
1977 8 24910.0
1977 9 18468.0
1977 10 15282.0
1977 11 11027.0
1977 12 12301.0
1978 1 7593.0
1978 2 11997.0
1978 3 16181.0
1978 4 21959.0
1978 5 28404.0
1978 6 22782.0
1978 7 23690.0
1978 8 29772.0
1978 9 27737.0
1978 10 24113.0
1978 11 5722.0
1978 12 6808.0
1979 1 12988.0
1979 2 3289.0
1979 3 7270.0
1979 4 16583.0
1979 5 22963.0
1979 6 22206.0
1979 7 13138.0
1979 8 22742.0
1979 9 12112.0
1979 10 22112.0
1979 11 4799.0
1979 12 3047.0
1980 1 2723.0
1980 2 2646.0
1980 3 8221.0
1980 4 11160.0
1980 5 12432.0
1980 6 14843.0
1980 7 21717.0
1980 8 13862.0
1980 9 15053.0
1980 10 12155.0
1980 11 5758.0
1980 12 2910.0
1981 1 6750.0
1981 2 5771.0
1981 3 9440.0
1981 4 15829.0
1981 5 19347.0
1981 6 50380.0
1981 7 16271.0
1981 8 13216.0
1981 9 37226.0
1981 10 13534.0
1981 11 9550.0
1981 12 3763.0
1982 1 4653.0
1982 2 13877.0
1982 3 9474.0
1982 4 51748.0
1982 5 25880.0
1982 6 57280.0
1982 7 45991.0
1982 8 27216.0
1982 9 53292.0
1982 10 47484.0
1982 11 38247.5
1982 12 29011.0
1983 1 23039.0
1983 2 24880.0
1983 3 91201.0
1983 4 90010.0
1983 5 85411.0
1983 6 104658.0
1983 7 83026.0
1983 8 88168.0
1983 9 62049.0
1983 10 35855.0
1983 11 18749.0
1983 12 67526.0
1984 1 10631.0
1984 2 23804.0
1984 3 49236.0
1984 4 55764.0
1984 5 76947.0
1984 6 49943.0
1984 7 20876.0
1984 8 55355.0
1984 9 41947.0
1984 10 44823.0
1984 11 19773.0
1984 12 11291.0
1985 1 13262.0
1985 2 11054.0
1985 3 24309.0
1985 4 21128.0
1985 5 49520.0
1985 6 38106.0
1985 7 36077.0
1985 8 40457.0
1985 9 28237.0
1985 10 26774.0
1985 11 17707.0
1985 12 10182.0
1986 1 6879.0
1986 2 9521.0
1986 3 12490.0
1986 4 14099.0
1986 5 15336.0
1986 6 14515.0
1986 7 14803.0
1986 8 8833.0
1986 9 9695.0
1986 10 7185.0
1986 11 2552.0
1986 12 4521.0
1987 1 1930.0
1987 2 2350.0
1987 3 10310.0
1987 4 9392.0
1987 5 11625.0
1987 6 6207.0
1987 7 5591.0
1987 8 5595.0
1987 9 4341.0
1987 10 4611.0
1987 11 3043.0
1987 12 1534.0
1988 1 1839.0
1988 2 2605.0
1988 3 2482.0
1988 4 4970.0
1988 5 6394.0
1988 6 8056.0
1988 7 19660.0
1988 8 6730.0
1988 9 11812.0
1988 10 5775.0
1988 11 3452.0
1988 12 2878.0
1989 1 1593.0
1989 2 3319.0
1989 3 4581.0
1989 4 7126.0
1989 5 7198.0
1989 6 9865.0
1989 7 5994.0
1989 8 7538.0
1989 9 5726.0
1989 10 7961.0
1989 11 3035.0
1989 12 1481.0
1990 1 2076.0
1990 2 2424.0
1990 3 5445.0
1990 4 9078.0
1990 5 14096.0
1990 6 10564.0
1990 7 12504.0
1990 8 11843.0
1990 9 12548.0
1990 10 9393.0
1990 11 3738.0
1990 12 4136.0
1991 1 4117.0
1991 2 5575.0
1991 3 11970.0
1991 4 13458.0
1991 5 18714.0
1991 6 14689.0
1991 7 15612.0
1991 8 13309.0
1991 9 16383.0
1991 10 8051.0
1991 11 4451.0
1991 12 5271.0
1992 1 4477.0
1992 2 4770.0
1992 3 10906.0
1992 4 12548.0
1992 5 15009.0
1992 6 20162.0
1992 7 15400.0
1992 8 14476.0
1992 9 15292.0
1992 10 9353.0
1992 11 6509.0
1992 12 5914.0
1993 1 5336.0
1993 2 8856.0
1993 3 20990.0
1993 4 36922.0
1993 5 29969.0
1993 6 21322.0
1993 7 21686.0
1993 8 22908.0
1993 9 22905.0
1993 10 17236.0
1993 11 7637.0
1993 12 9882.0
1994 1 6104.0
1994 2 16998.0
1994 3 23720.0
1994 4 29194.0
1994 5 36100.0
1994 6 23483.0
1994 7 23811.0
1994 8 20123.0
1994 9 18646.0
1994 10 15847.0
1994 11 6717.0
1994 12 6671.0
1995 1 9140.0
1995 2 14522.0
1995 3 14639.0
1995 4 29180.0
1995 5 36036.0
1995 6 30306.0
1995 7 21955.0
1995 8 29168.0
1995 9 25823.0
1995 10 25722.0
1995 11 15906.0
1995 12 8455.0
1996 1 9361.0
1996 2 11241.0
1996 3 17036.0
1996 4 31951.0
1996 5 48870.0
1996 6 28157.0
1996 7 32051.0
1996 8 52673.0
1996 9 30173.0
1996 10 22814.0
1996 11 11545.0
1996 12 9554.0
1997 1 10008.0
1997 2 16423.0
1997 3 29061.0
1997 4 31788.0
1997 5 39759.0
1997 6 39148.0
1997 7 33620.0
1997 8 36076.0
1997 9 49202.0
1997 10 25146.0
1997 11 15849.0
1997 12 9456.0
1998 1 13762.0
1998 2 19859.0
1998 3 24072.0
1998 4 39048.0
1998 5 43739.0
1998 6 51901.0
1998 7 44265.0
1998 8 30285.0
1998 9 30058.0
1998 10 23165.0
1998 11 18278.0
1998 12 15359.0
1999 1 12278.0
1999 2 18830.0
1999 3 22316.0
1999 4 32035.0
1999 5 42783.0
1999 6 48434.0
1999 7 34100.0
1999 8 31108.0
1999 9 29046.0
1999 10 14738.0
1999 11 10988.0
1999 12 6925.0
2000 1 10534.0
2000 2 9853.0
2000 3 21309.0
2000 4 32269.0
2000 5 44300.0
2000 6 31326.0
2000 7 30068.0
2000 8 40226.0
2000 9 30736.0
2000 10 29628.0
2000 11 13353.0
2000 12 13148.0
2001 1 19452.0
2001 2 26253.0
2001 3 33146.0
2001 4 43047.0
2001 5 54863.0
2001 6 52210.0
2001 7 53468.0
2001 8 40206.0
2001 9 29946.0
2001 10 38727.0
2001 11 28794.0
2001 12 17069.0
2002 1 25010.0
2002 2 21276.0
2002 3 46797.0
2002 4 33026.0
2002 5 56211.0
2002 6 54034.0
2002 7 39895.0
2002 8 42804.0
2002 9 69925.0
2002 10 42993.0
2002 11 22843.0
2002 12 18190.0
2003 1 12232.0
2003 2 35985.0
2003 3 30067.0
2003 4 58290.0
2003 5 114976.0
2003 6 62919.0
2003 7 42266.0
2003 8 41696.0
2003 9 58019.0
2003 10 49129.0
2003 11 24240.0
2003 12 32212.0
2004 1 18271.0
2004 2 19842.0
2004 3 29412.0
2004 4 61085.0
2004 5 101454.0
2004 6 56897.0
2004 7 48000.0
2004 8 49135.0
2004 9 56354.0
2004 10 30439.0
2004 11 23617.0
2004 12 30125.0
2005 1 16516.0
2005 2 17528.0
2005 3 53626.0
2005 4 72350.0
2005 5 55256.0
2005 6 58990.0
2005 7 44137.0
2005 8 49787.0
2005 9 54242.0
2005 10 45509.0
2005 11 25930.0
2005 12 50872.0
2006 1 16711.0
2006 2 33165.0
2006 3 42747.0
2006 4 62307.0
2006 5 92034.0
2006 6 63842.0
2006 7 38410.0
2006 8 70732.0
2006 9 42365.0
2006 10 35588.0
2006 11 14836.0
2006 12 9547.0
2007 1 14010.0
2007 2 23356.0
2007 3 22962.0
2007 4 44337.0
2007 5 52438.0
2007 6 32698.0
2007 7 35244.0
2007 8 35725.0
2007 9 25182.0
2007 10 26858.0
2007 11 20369.0
2007 12 8048.0
2008 1 14030.0
2008 2 14910.0
2008 3 15484.0
2008 4 24379.0
2008 5 20838.0
2008 6 25767.0
2008 7 23538.0
2008 8 16324.0
2008 9 23549.0
2008 10 9658.0
2008 11 7805.0
2008 12 5076.0
2009 1 3409.0
2009 2 5961.0
2009 3 9981.0
2009 4 17274.0
2009 5 29678.0
2009 6 21899.0
2009 7 22298.0
2009 8 20313.0
2009 9 20583.0
2009 10 11806.0
2009 11 9054.0
2009 12 8262.0
2010 1 5775.0
2010 2 11219.0
2010 3 10835.0
2010 4 23930.0
2010 5 35245.0
2010 6 22028.0
2010 7 20221.0
2010 8 27877.0
2010 9 21906.0
2010 10 11308.0
2010 11 8184.0
2010 12 6995.0
2011 1 13525.0
2011 2 8627.0
2011 3 12705.0
2011 4 32744.0
2011 5 20897.0
2011 6 23629.0
2011 7 23747.0
2011 8 22171.0
2011 9 15641.0
2011 10 11785.0
2011 11 7541.0
2011 12 5553.0
2012 1 7967.0
2012 2 10477.0
2012 3 14269.0
2012 4 24928.0
2012 5 26067.0
2012 6 36965.0
2012 7 25804.0
2012 8 19320.0
2012 9 29491.0
2012 10 19148.0
2012 11 16289.0
2012 12 5881.0
2013 1 14915.0
2013 2 14627.0
2013 3 21046.0
2013 4 31261.0
2013 5 34761.0
2013 6 31989.0
2013 7 24164.0
2013 8 19348.0
2013 9 28435.0
2013 10 20349.0
2013 11 14709.0
2013 12 8571.0
2014 1 18953.0
2014 2 14534.0
2014 3 22253.0
2014 4 26736.0
2014 5 29471.0
2014 6 27042.0
2014 7 28325.0
2014 8 25095.0
2014 9 27893.0
2014 10 31177.0
2014 11 15525.0
2014 12 17461.0
2015 1 13888.0
2015 2 15513.0
2015 3 21294.0
2015 4 33107.0
2015 5 30190.0
2015 6 39854.0
2015 7 32976.0
2015 8 30890.0
2015 9 27669.0
2015 10 33505.0
2015 11 21306.0
2015 12 24807.0
2016 1 22183.0
2016 2 25826.0
2016 3 33042.0
2016 4 33833.0
2016 5 38620.0
2016 6 36952.0
2016 7 29961.0
2016 8 31184.0
2016 9 38194.0
2016 10 30975.0
2016 11 24737.0
2016 12 25242.0
2017 1 19281.0
2017 2 25411.0
2017 3 29164.0
2017 4 38735.0
2017 5 47053.0
2017 6 46746.0
2017 7 30401.0
2017 8 43210.0
2017 9 31751.0
2017 10 35209.0
2017 11 30450.0
2017 12 28016.0
2018 1 30161.0
2018 2 29910.0
2018 3 38522.0
2018 4 35477.0
2018 5 45004.0
2018 6 49794.0
2018 7 35607.0
2018 8 42777.0
2018 9 34745.0
2018 10 33410.0
2018 11 28009.0
2018 12 32399.0
2019 1 24014.0
2019 2 23192.0
2019 3 31613.0
2019 4 38599.0
2019 5 43210.0
2019 6 35427.0
2019 7 47934.0
2019 8 40707.0
2019 9 41629.0
2019 10 34695.0
2019 11 27952.0
2019 12 28686.0
2020 1 29631.0
2020 2 31061.0
2020 3 13045.0
2020 4 25363.0
2020 5 29413.0
2020 6 43437.0
2020 7 37038.0
2020 8 44141.0
2020 9 39532.0
2020 10 40086.0
2020 11 34268.0
2020 12 36094.0
2021 1 30031.0
2021 2 31658.0
2021 3 40358.0
2021 4 44332.0
2021 5 37563.0
2021 6 42305.0
2021 7 37821.0
2021 8 38629.0
2021 9 33710.0
2021 10 31561.0
2021 11 29197.0
2021 12 27169.0
2022 1 28940.0
2022 2 34397.0
2022 3 41149.0
2022 4 40409.0
2022 5 40378.0
2022 6 34308.0
2022 7 28313.0
2022 8 34401.0
2022 9 33781.0
2022 10 24062.0
2022 11 18188.0
2022 12 17978.0
2023 1 26916.0
2023 2 19074.0
2023 3 29699.0
2023 4 15816.0
2023 5 17895.0
2023 6 24718.0
2023 7 24816.0
2023 8 15355.0
2023 9 15434.0
2023 10 20705.0
2023 11 10484.0
2023 12 9476.0
2024 1 10284.0
2024 2 12184.0
2024 3 17592.0
2024 4 20530.0
2024 5 52949.0
2024 6 23774.0
2024 7 21756.0
2024 8 23111.0
