1960 5 110.0
1960 6 31.0
1960 7 40.0
1960 8 58.5
1960 9 77.0
1960 10 64.0
1960 11 51.0
1960 12 38.0
1961 1 25.0
1961 2 71.0
1961 3 117.0
1961 4 163.0
1961 5 209.0
1961 6 90.0
1961 7 95.0
1961 8 35.0
1961 9 167.0
1961 10 122.0
1961 11 106.5
1961 12 91.0
1962 1 75.5
1962 2 60.0
1962 3 44.5
1962 4 29.0
1962 5 430.0
1962 6 94.0
1962 7 371.0
1962 8 526.0
1962 9 513.0
1962 10 84.0
1962 11 92.0
1962 12 80.0
1963 1 68.0
1963 2 56.0
1963 3 44.0
1963 4 130.0
1963 5 239.0
1963 6 343.0
1963 7 364.0
1963 8 219.0
1963 9 856.0
1963 10 494.0
1963 11 28.0
1963 12 175.0
1964 1 16.0
1964 2 23.0
1964 3 30.0
1964 4 89.0
1964 5 81.88888888888889
1964 6 74.77777777777777
1964 7 67.66666666666667
1964 8 60.55555555555556
1964 9 53.44444444444444
1964 10 46.333333333333336
1964 11 39.22222222222223
1964 12 32.111111111111114
1965 1 25.0
1965 2 105.0
1965 3 124.0
1965 4 143.0
1965 5 312.0
1965 6 545.0
1965 7 329.0
1965 8 229.0
1965 9 512.0
1965 10 140.0
1965 11 20.0
1965 12 18.0
1966 1 64.6
1966 2 111.2
1966 3 157.8
1966 4 204.4
1966 5 251.0
1966 6 304.0
1966 7 165.0
1966 8 26.0
1966 9 141.0
1966 10 60.0
1966 11 50.0
1966 12 50.6
1967 1 51.2
1967 2 51.8
1967 3 52.4
1967 4 53.0
1967 5 132.0
1967 6 210.0
1967 7 128.0
1967 8 184.0
1967 9 294.0
1967 10 156.0
1967 11 236.0
1967 12 316.0
1968 1 117.0
1968 2 83.5
1968 3 50.0
1968 4 50.0
1968 5 408.0
1968 6 459.0
1968 7 350.0
1968 8 341.0
1968 9 752.0
1968 10 576.0
1968 11 116.0
1968 12 36.0
1969 1 36.0
1969 2 96.0
1969 3 95.0
1969 4 506.0
1969 5 374.0
1969 6 573.0
1969 7 761.0
1969 8 779.0
1969 9 1097.0
1969 10 951.0
1969 11 396.0
1969 12 284.0
1970 1 130.0
1970 2 25.0
1970 3 279.0
1970 4 2613.0
1970 5 718.0
1970 6 877.0
1970 7 898.0
1970 8 954.0
1970 9 971.0
1970 10 1250.0
1970 11 410.0
1970 12 61.0
1971 1 119.0
1971 2 177.0
1971 3 225.0
1971 4 304.0
1971 5 1097.0
1971 6 1438.0
1971 7 936.0
1971 8 579.0
1971 9 824.0
1971 10 482.0
1971 11 259.0
1971 12 197.0
1972 1 258.5
1972 2 320.0
1972 3 381.5
1972 4 443.0
1972 5 929.0
1972 6 786.0
1972 7 1673.0
1972 8 2118.0
1972 9 2200.0
1972 10 1300.0
1972 11 600.0
1972 12 87.0
1973 1 253.0
1973 2 280.0
1973 3 307.0
1973 4 601.0
1973 5 1603.0
1973 6 3362.0
1973 7 634.0
1973 8 806.0
1973 9 1033.0
1973 10 348.0
1973 11 386.0
1973 12 233.0
1974 1 101.0
1974 2 224.0
1974 3 100.0
1974 4 1643.0
1974 5 508.0
1974 6 588.0
1974 7 2673.0
1974 8 442.0
1974 9 319.0
1974 10 501.0
1974 11 302.0
1974 12 432.0
1975 1 197.0
1975 2 60.0
1975 3 101.0
1975 4 357.0
1975 5 1551.0
1975 6 1999.0
1975 7 3208.0
1975 8 1675.0
1975 9 1233.0
1975 10 1271.0
1975 11 612.0
1975 12 238.0
1976 1 522.0
1976 2 396.0
1976 3 1060.0
1976 4 2210.0
1976 5 1946.0
1976 6 2470.0
1976 7 1722.0
1976 8 2211.0
1976 9 2372.0
1976 10 2434.0
1976 11 2696.0
1976 12 2687.0
1977 1 1771.0
1977 2 2237.0
1977 3 3105.0
1977 4 1182.0
1977 5 1951.0
1977 6 2433.0
1977 7 1919.0
1977 8 2523.0
1977 9 1715.0
1977 10 2132.0
1977 11 1348.0
1977 12 1466.0
1978 1 2092.0
1978 2 969.0
1978 3 783.0
1978 4 2644.0
1978 5 3498.0
1978 6 1929.0
1978 7 2535.0
1978 8 5003.0
1978 9 9860.0
1978 10 6220.0
1978 11 522.0
1978 12 486.0
1979 1 1579.0
1979 2 102.0
1979 3 322.0
1979 4 1729.0
1979 5 2726.0
1979 6 3667.0
1979 7 2479.0
1979 8 3961.0
1979 9 1222.0
1979 10 4059.0
1979 11 436.0
1979 12 147.0
1980 1 431.0
1980 2 242.0
1980 3 563.0
1980 4 1868.0
1980 5 2425.0
1980 6 2164.0
1980 7 1881.0
1980 8 1374.0
1980 9 1647.0
1980 10 1281.0
1980 11 451.0
1980 12 409.0
1981 1 631.0
1981 2 900.0
1981 3 1588.0
1981 4 2295.0
1981 5 2669.0
1981 6 9428.0
1981 7 2262.0
1981 8 1428.0
1981 9 5056.0
1981 10 2542.0
1981 11 530.0
1981 12 409.0
1982 1 454.0
1982 2 377.0
1982 3 1388.0
1982 4 7100.0
1982 5 3637.0
1982 6 5570.0
1982 7 8580.0
1982 8 5344.0
1982 9 9291.0
1982 10 6324.0
1982 11 4561.0
1982 12 2798.0
1983 1 2577.0
1983 2 1948.0
1983 3 20286.0
1983 4 8953.0
1983 5 11433.0
1983 6 17821.0
1983 7 12406.0
1983 8 19047.0
1983 9 16720.0
1983 10 7469.0
1983 11 4272.0
1983 12 8278.0
1984 1 3700.0
1984 2 3824.0
1984 3 11183.0
1984 4 11743.0
1984 5 18006.0
1984 6 7458.0
1984 7 8108.0
1984 8 6480.0
1984 9 6937.0
1984 10 6617.0
1984 11 3656.0
1984 12 1810.0
1985 1 4102.0
1985 2 1659.0
1985 3 3818.0
1985 4 5880.0
1985 5 6981.0
1985 6 5618.0
1985 7 4659.0
1985 8 4716.0
1985 9 2946.0
1985 10 8541.0
1985 11 4613.0
1985 12 658.0
1986 1 854.0
1986 2 1766.0
1986 3 1780.0
1986 4 3922.0
1986 5 1046.0
1986 6 1494.0
1986 7 4892.0
1986 8 962.0
1986 9 1462.0
1986 10 342.0
1986 11 508.0
1986 12 607.0
1987 1 274.0
1987 2 235.0
1987 3 578.0
1987 4 4773.0
1987 5 7349.0
1987 6 3813.0
1987 7 277.0
1987 8 252.0
1987 9 470.0
1987 10 329.0
1987 11 334.0
1987 12 135.0
1988 1 129.0
1988 2 222.0
1988 3 273.0
1988 4 809.0
1988 5 1103.0
1988 6 1289.0
1988 7 15334.0
1988 8 1158.0
1988 9 2148.0
1988 10 1501.0
1988 11 1203.0
1988 12 816.0
1989 1 513.0
1989 2 1179.0
1989 3 1330.0
1989 4 1925.0
1989 5 1594.0
1989 6 939.0
1989 7 1368.0
1989 8 1849.0
1989 9 1298.0
1989 10 1821.0
1989 11 277.0
1989 12 197.5
1990 1 118.0
1990 2 114.0
1990 3 369.0
1990 4 1443.0
1990 5 1517.0
1990 6 1434.0
1990 7 1665.0
1990 8 1297.0
1990 9 1603.0
1990 10 1811.0
1990 11 721.0
1990 12 2278.0
1991 1 1127.0
1991 2 1178.0
1991 3 1427.0
1991 4 486.0
1991 5 226.0
1991 6 500.0
1991 7 409.0
1991 8 716.0
1991 9 235.0
1991 10 937.0
1991 11 619.0
1991 12 235.0
1992 1 160.0
1992 2 160.0
1992 3 160.0
1992 4 710.0
1992 5 982.0
1992 6 697.0
1992 7 872.0
1992 8 1428.0
1992 9 774.0
1992 10 624.0
1992 11 437.0
1992 12 219.0
1993 1 367.0
1993 2 582.0
1993 3 476.0
1993 4 743.0
1993 5 7013.0
1993 6 221.0
1993 7 782.0
1993 8 443.0
1993 9 582.0
1993 10 286.0
1993 11 403.0
1993 12 451.0
1994 1 553.0
1994 2 500.0
1994 3 341.0
1994 4 1343.0
1994 5 2042.0
1994 6 1405.0
1994 7 509.0
1994 8 577.0
1994 9 872.0
1994 10 1666.0
1994 11 497.0
1994 12 768.0
1995 1 146.0
1995 2 379.0
1995 3 1266.0
1995 4 1239.0
1995 5 1915.0
1995 6 753.0
1995 7 1927.0
1995 8 2557.0
1995 9 5211.0
1995 10 1996.0
1995 11 1872.0
1995 12 571.0
1996 1 680.0
1996 2 703.0
1996 3 1378.0
1996 4 2097.0
1996 5 6834.0
1996 6 2469.0
1996 7 4361.0
1996 8 2339.0
1996 9 1509.0
1996 10 3606.0
1996 11 1124.0
1996 12 354.0
1997 1 713.0
1997 2 1423.0
1997 3 3164.0
1997 4 3012.0
1997 5 1006.0
1997 6 3919.0
1997 7 3778.0
1997 8 8975.0
1997 9 8384.0
1997 10 2086.0
1997 11 1684.0
1997 12 1259.0
1998 1 1464.0
1998 2 1544.0
1998 3 1410.0
1998 4 1989.0
1998 5 1432.0
1998 6 18348.0
1998 7 6662.0
1998 8 1974.0
1998 9 3305.0
1998 10 4462.0
1998 11 1211.0
1998 12 3112.0
1999 1 2284.0
1999 2 1313.0
1999 3 4125.0
1999 4 3494.0
1999 5 5297.0
1999 6 2156.0
1999 7 1901.0
1999 8 5184.0
1999 9 3572.0
1999 10 1588.0
1999 11 383.0
1999 12 840.0
2000 1 1026.0
2000 2 736.0
2000 3 1113.0
2000 4 4280.0
2000 5 7089.0
2000 6 1980.0
2000 7 3189.0
2000 8 5887.0
2000 9 1973.0
2000 10 7163.0
2000 11 1442.0
2000 12 2548.0
2001 1 5985.0
2001 2 7254.0
2001 3 6247.0
2001 4 8640.0
2001 5 13194.0
2001 6 11495.0
2001 7 11565.0
2001 8 5990.0
2001 9 12136.0
2001 10 9751.0
2001 11 6347.0
2001 12 1531.0
2002 1 5301.0
2002 2 3652.0
2002 3 9814.0
2002 4 4403.0
2002 5 10226.0
2002 6 21776.0
2002 7 4482.0
2002 8 14060.0
2002 9 21754.0
2002 10 14165.0
2002 11 7664.0
2002 12 3509.0
2003 1 4142.0
2003 2 7396.0
2003 3 3210.0
2003 4 22423.0
2003 5 51427.0
2003 6 10407.0
2003 7 5732.0
2003 8 11042.0
2003 9 24668.0
2003 10 9990.0
2003 11 6122.0
2003 12 1403.0
2004 1 2307.0
2004 2 843.0
2004 3 3663.0
2004 4 7123.0
2004 5 44525.0
2004 6 7310.0
2004 7 7466.0
2004 8 5596.0
2004 9 7267.0
2004 10 4763.0
2004 11 2957.0
2004 12 3979.0
2005 1 3265.0
2005 2 5399.0
2005 3 13540.0
2005 4 8041.0
2005 5 12881.0
2005 6 12795.0
2005 7 10057.0
2005 8 8918.0
2005 9 9632.0
2005 10 18771.0
2005 11 6132.0
2005 12 11494.0
2006 1 3082.0
2006 2 942.0
2006 3 7105.0
2006 4 4381.0
2006 5 9132.0
2006 6 2525.0
2006 7 5636.0
2006 8 3100.0
2006 9 17504.0
2006 10 14581.0
2006 11 2073.0
2006 12 819.0
2007 1 3646.0
2007 2 4747.0
2007 3 6128.0
2007 4 5859.0
2007 5 20143.0
2007 6 939.0
2007 7 2547.0
2007 8 3344.0
2007 9 150.0
2007 10 3012.0
2007 11 2528.0
2007 12 769.0
2008 1 1369.0
2008 2 2826.0
2008 3 1923.0
2008 4 3419.0
2008 5 2274.0
2008 6 2421.0
2008 7 1858.0
2008 8 1949.0
2008 9 2056.0
2008 10 1664.0
2008 11 1414.0
2008 12 1203.0
2009 1 1261.3333333333333
2009 2 1319.6666666666667
2009 3 1378.0
2009 4 689.0
2009 5 398.0
2009 6 1637.0
2009 7 1723.0
2009 8 5680.0
2009 9 4658.0
2009 10 2642.0
2009 11 373.0
2009 12 773.0
2010 1 620.6666666666666
2010 2 468.3333333333333
2010 3 316.0
2010 4 1633.0
2010 5 2950.0
2010 6 1853.0
2010 7 1420.5
2010 8 988.0
2010 9 1205.0
2010 10 538.0
2010 11 900.0
2010 12 1000.0
2011 1 675.0
2011 2 350.0
2011 3 377.0
2011 4 1214.0
2011 5 941.0
2011 6 2363.0
2011 7 1662.0
2011 8 961.0
2011 9 260.0
2011 10 331.0
2011 11 660.0
2011 12 660.0
2012 1 660.0
2012 2 703.0
2012 3 827.0
2012 4 951.0
2012 5 913.0
2012 6 93.0
2012 7 3833.0
2012 8 2299.0
2012 9 765.0
2012 10 262.0
2012 11 362.0
2012 12 720.0
2013 1 558.0
2013 2 396.0
2013 3 570.0
2013 4 935.0
2013 5 1640.0
2013 6 712.0
2013 7 941.0
2013 8 648.0
2013 9 8154.0
2013 10 249.0
2013 11 848.0
2013 12 530.0
2014 1 1254.0
2014 2 693.0
2014 3 1545.0
2014 4 1145.0
2014 5 6308.0
2014 6 2230.0
2014 7 868.0
2014 8 857.0
2014 9 796.0
2014 10 3692.0
2014 11 896.0
2014 12 546.0
2015 1 1853.0
2015 2 1118.0
2015 3 2075.0
2015 4 1436.0
2015 5 1102.0
2015 6 1663.0
2015 7 1795.0
2015 8 1634.0
2015 9 858.0
2015 10 1340.0
2015 11 515.0
2015 12 870.0
2016 1 1373.0
2016 2 1188.0
2016 3 1409.0
2016 4 805.0
2016 5 2186.0
2016 6 2749.0
2016 7 2934.0
2016 8 2666.0
2016 9 1602.0
2016 10 1270.0
2016 11 1676.0
2016 12 1087.0
2017 1 523.0
2017 2 2355.0
2017 3 523.0
2017 4 3132.0
2017 5 3544.0
2017 6 4225.0
2017 7 1055.0
2017 8 3764.0
2017 9 2284.0
2017 10 866.0
2017 11 2363.0
2017 12 2208.0
2018 1 1652.0
2018 2 2599.0
2018 3 2074.0
2018 4 1729.0
2018 5 1688.0
2018 6 4021.0
2018 7 1294.0
2018 8 1408.0
2018 9 1298.0
2018 10 3498.0
2018 11 2084.0
2018 12 6938.0
2019 1 1394.0
2019 2 1759.0
2019 3 2443.0
2019 4 1497.0
2019 5 1910.0
2019 6 1587.0
2019 7 3381.0
2019 8 3740.0
2019 9 1876.0
2019 10 1301.0
2019 11 895.0
2019 12 1167.0
2020 1 1405.0
2020 2 2027.0
2020 3 1071.0
2020 4 2178.0
2020 5 3148.0
2020 6 1190.0
2020 7 1606.0
2020 8 4610.0
2020 9 695.0
2020 10 2215.0
2020 11 1703.0
2020 12 2033.0
2021 1 1315.0
2021 2 1212.0
2021 3 1261.0
2021 4 1323.0
2021 5 1461.0
2021 6 1935.0
2021 7 2843.0
2021 8 1399.0
2021 9 3424.0
2021 10 2691.0
2021 11 2366.0
2021 12 1012.0
2022 1 1341.0
2022 2 1323.0
2022 3 2320.0
2022 4 2367.0
2022 5 2857.0
2022 6 940.0
2022 7 2138.0
2022 8 1842.0
2022 9 1699.0
2022 10 1469.0
2022 11 888.0
2022 12 518.0
2023 1 818.0
2023 2 968.0
2023 3 1090.0
2023 4 1430.5
2023 5 1771.0
2023 6 1213.0
2023 7 2257.0
2023 8 728.0
2023 9 1146.0
2023 10 996.0
2023 11 653.0
2023 12 310.0
2024 1 564.0
2024 2 818.0
2024 3 1583.0
2024 4 1113.0
2024 5 1304.0
2024 6 729.0
2024 7 413.0
2024 8 2011.0
