1960 9 156.0
1960 10 144.5
1960 11 133.0
1960 12 114.75
1961 1 96.5
1961 2 78.25
1961 3 60.0
1961 4 105.0
1961 5 150.0
1961 6 103.5
1961 7 57.0
1961 8 75.0
1961 9 63.5
1961 10 52.0
1961 11 55.0
1961 12 58.0
1962 1 61.0
1962 2 64.0
1962 3 67.0
1962 4 70.0
1962 5 239.5
1962 6 409.0
1962 7 376.0
1962 8 343.0
1962 9 68.0
1962 10 109.0
1962 11 150.0
1962 12 221.5
1963 1 293.0
1963 2 276.75
1963 3 260.5
1963 4 244.25
1963 5 228.0
1963 6 844.0
1963 7 523.0
1963 8 160.0
1963 9 310.0
1963 10 275.0
1963 11 265.29411764705884
1963 12 255.58823529411765
1964 1 245.88235294117646
1964 2 236.1764705882353
1964 3 226.47058823529412
1964 4 216.76470588235293
1964 5 207.05882352941177
1964 6 197.3529411764706
1964 7 187.64705882352942
1964 8 177.94117647058823
1964 9 168.23529411764707
1964 10 158.52941176470588
1964 11 148.8235294117647
1964 12 139.11764705882354
1965 1 129.41176470588238
1965 2 119.70588235294119
1965 3 110.0
1965 4 315.0
1965 5 552.0
1965 6 350.0
1965 7 728.0
1965 8 56.0
1965 9 310.0
1965 10 95.0
1965 11 70.0
1965 12 83.57142857142857
1966 1 97.14285714285714
1966 2 110.71428571428572
1966 3 124.28571428571428
1966 4 137.85714285714286
1966 5 151.42857142857144
1966 6 165.0
1966 7 35.0
1966 8 750.0
1966 9 700.8333333333334
1966 10 651.6666666666666
1966 11 602.5
1966 12 553.3333333333334
1967 1 504.1666666666667
1967 2 455.0
1967 3 405.83333333333337
1967 4 356.6666666666667
1967 5 307.5
1967 6 258.33333333333337
1967 7 209.16666666666674
1967 8 160.0
1967 9 110.0
1967 10 60.0
1967 11 140.0
1967 12 208.0
1968 1 190.0
1968 2 172.0
1968 3 154.0
1968 4 136.0
1968 5 118.0
1968 6 100.0
1968 7 596.0
1968 8 415.0
1968 9 350.8333333333333
1968 10 286.66666666666663
1968 11 222.5
1968 12 158.33333333333331
1969 1 94.16666666666663
1969 2 30.0
1969 3 211.0
1969 4 392.0
1969 5 94.0
1969 6 140.0
1969 7 1015.0
1969 8 900.0
1969 9 351.0
1969 10 212.0
1969 11 45.0
1969 12 63.33333333333333
1970 1 81.66666666666666
1970 2 100.0
1970 3 358.0
1970 4 375.0
1970 5 392.0
1970 6 80.0
1970 7 616.0
1970 8 865.0
1970 9 718.0
1970 10 190.0
1970 11 1402.0
1970 12 425.0
1971 1 271.5
1971 2 118.0
1971 3 667.0
1971 4 281.0
1971 5 1657.0
1971 6 194.0
1971 7 463.0
1971 8 3355.0
1971 9 1151.0
1971 10 54.0
1971 11 99.5
1971 12 145.0
1972 1 20.0
1972 2 206.0
1972 3 392.0
1972 4 578.0
1972 5 2430.0
1972 6 2025.0
1972 7 1711.0
1972 8 245.0
1972 9 3127.0
1972 10 1024.0
1972 11 230.0
1972 12 164.0
1973 1 301.0
1973 2 203.0
1973 3 105.0
1973 4 564.0
1973 5 230.0
1973 6 3311.0
1973 7 414.0
1973 8 722.5
1973 9 1031.0
1973 10 653.0
1973 11 275.0
1973 12 203.0
1974 1 556.0
1974 2 909.0
1974 3 1262.0
1974 4 195.0
1974 5 911.0
1974 6 766.0
1974 7 1723.0
1974 8 1514.0
1974 9 186.0
1974 10 231.0
1974 11 1103.0
1974 12 1074.5
1975 1 1046.0
1975 2 1017.5
1975 3 989.0
1975 4 856.0
1975 5 3168.0
1975 6 1245.0
1975 7 3333.0
1975 8 2838.0
1975 9 5474.0
1975 10 791.0
1975 11 782.0
1975 12 612.5
1976 1 443.0
1976 2 1523.0
1976 3 1143.0
1976 4 2854.0
1976 5 2256.0
1976 6 2775.0
1976 7 2734.0
1976 8 3833.0
1976 9 4598.0
1976 10 3737.0
1976 11 3670.0
1976 12 8376.0
1977 1 2068.0
1977 2 3094.0
1977 3 3822.0
1977 4 6923.0
1977 5 13262.0
1977 6 11002.0
1977 7 6699.0
1977 8 9613.0
1977 9 4835.0
1977 10 4650.0
1977 11 5845.0
1977 12 5349.0
1978 1 3623.0
1978 2 4933.0
1978 3 8229.0
1978 4 2458.0
1978 5 10697.0
1978 6 2252.0
1978 7 5087.0
1978 8 2821.0
1978 9 624.0
1978 10 1742.0
1978 11 1813.0
1978 12 2962.0
1979 1 4849.0
1979 2 1690.0
1979 3 1548.0
1979 4 5226.0
1979 5 3715.0
1979 6 3213.0
1979 7 777.0
1979 8 4079.0
1979 9 1207.0
1979 10 3935.0
1979 11 614.0
1979 12 1051.0
1980 1 671.0
1980 2 2654.0
1980 3 4637.0
1980 4 2411.0
1980 5 1668.0
1980 6 2644.0
1980 7 551.0
1980 8 3131.0
1980 9 2434.0
1980 10 2125.0
1980 11 352.0
1980 12 441.0
1981 1 1476.0
1981 2 947.0
1981 3 1119.0
1981 4 2325.0
1981 5 2342.0
1981 6 8946.0
1981 7 1443.0
1981 8 1213.0
1981 9 10016.0
1981 10 4976.0
1981 11 2625.0
1981 12 1100.0
1982 1 987.0
1982 2 7885.0
1982 3 1575.0
1982 4 10754.0
1982 5 2274.0
1982 6 14622.0
1982 7 7551.0
1982 8 2495.0
1982 9 14121.0
1982 10 5221.0
1982 11 4564.0
1982 12 3907.0
1983 1 1408.0
1983 2 1739.0
1983 3 23397.0
1983 4 10472.0
1983 5 16661.0
1983 6 20362.0
1983 7 17464.0
1983 8 25280.0
1983 9 4650.0
1983 10 6957.0
1983 11 1927.0
1983 12 15826.0
1984 1 13987.0
1984 2 12148.0
1984 3 14634.0
1984 4 5946.0
1984 5 10053.0
1984 6 5303.0
1984 7 3686.0
1984 8 9858.0
1984 9 3606.0
1984 10 6837.0
1984 11 469.0
1984 12 2451.0
1985 1 309.0
1985 2 3588.0
1985 3 9222.0
1985 4 1449.0
1985 5 7934.0
1985 6 4551.0
1985 7 3459.0
1985 8 8624.0
1985 9 863.0
1985 10 2772.0
1985 11 1319.0
1985 12 3714.0
1986 1 372.0
1986 2 620.0
1986 3 201.0
1986 4 309.0
1986 5 417.0
1986 6 587.2857142857142
1986 7 757.5714285714286
1986 8 927.8571428571429
1986 9 1098.142857142857
1986 10 1268.4285714285713
1986 11 1438.7142857142858
1986 12 1609.0
1987 1 3406.0
1987 2 5203.0
1987 3 7000.0
1987 4 5654.6
1987 5 4309.2
1987 6 2963.7999999999997
1987 7 1618.3999999999996
1987 8 273.0
1987 9 138.5
1987 10 4.0
1987 11 281.0
1987 12 345.1578947368421
1988 1 409.3157894736842
1988 2 473.47368421052636
1988 3 537.6315789473684
1988 4 601.7894736842105
1988 5 665.9473684210527
1988 6 730.1052631578948
1988 7 794.2631578947369
1988 8 858.421052631579
1988 9 922.578947368421
1988 10 986.7368421052632
1988 11 1050.8947368421054
1988 12 1115.0526315789475
1989 1 1179.2105263157896
1989 2 1243.3684210526317
1989 3 1307.5263157894738
1989 4 1371.6842105263158
1989 5 1435.842105263158
1989 6 1500.0
1989 7 1485.7142857142858
1989 8 1471.4285714285713
1989 9 1457.142857142857
1989 10 1442.857142857143
1989 11 1428.5714285714287
1989 12 1414.2857142857142
1990 1 1400.0
1990 2 1385.7142857142858
1990 3 1371.4285714285713
1990 4 1357.142857142857
1990 5 1342.857142857143
1990 6 1328.5714285714284
1990 7 1314.2857142857142
1990 8 1300.0
1990 9 1285.7142857142858
1990 10 1271.4285714285713
1990 11 1257.142857142857
1990 12 1242.857142857143
1991 1 1228.5714285714284
1991 2 1214.2857142857142
1991 3 1200.0
1991 4 1033.3333333333333
1991 5 866.6666666666667
1991 6 700.0
1991 7 533.3333333333334
1991 8 366.66666666666674
1991 9 200.0
1991 10 323.0
1991 11 345.6666666666667
1991 12 368.3333333333333
1992 1 391.0
1992 2 1231.8
1992 3 2072.6
1992 4 2913.3999999999996
1992 5 3754.2
1992 6 4595.0
1992 7 5435.799999999999
1992 8 6276.599999999999
1992 9 7117.4
1992 10 7958.2
1992 11 8799.0
1992 12 9639.8
1993 1 10480.599999999999
1993 2 11321.4
1993 3 12162.199999999999
1993 4 13003.0
1993 5 3241.0
1993 6 1730.0
1993 7 219.0
1993 8 820.0
1993 9 638.3333333333334
1993 10 456.6666666666667
1993 11 275.0
1993 12 391.0
1994 1 3270.0
1994 2 6149.0
1994 3 9028.0
1994 4 1505.0
1994 5 160.0
1994 6 4396.5
1994 7 8633.0
1994 8 733.0
1994 9 806.3333333333334
1994 10 879.6666666666666
1994 11 953.0
1994 12 2085.666666666667
1995 1 3218.3333333333335
1995 2 4351.0
1995 3 2648.5
1995 4 946.0
1995 5 5614.0
1995 6 564.0
1995 7 1054.0
1995 8 3008.0
1995 9 774.0
1995 10 2854.0
1995 11 981.0
1995 12 818.0
1996 1 688.0
1996 2 2202.0
1996 3 1030.0
1996 4 2064.0
1996 5 3652.0
1996 6 3503.0
1996 7 11152.0
1996 8 18801.0
1996 9 1678.0
1996 10 876.0
1996 11 523.0
1996 12 876.0
1997 1 1292.3333333333333
1997 2 1708.6666666666665
1997 3 2125.0
1997 4 1112.0
1997 5 3390.0
1997 6 6530.0
1997 7 3077.0
1997 8 1274.0
1997 9 1161.0
1997 10 4128.0
1997 11 1318.0
1997 12 1161.0
1998 1 1101.0
1998 2 1004.0
1998 3 1101.0
1998 4 2253.0
1998 5 5510.0
1998 6 4532.0
1998 7 2521.0
1998 8 1483.0
1998 9 1886.0
1998 10 546.0
1998 11 3165.0
1998 12 546.0
1999 1 468.0
1999 2 10593.0
1999 3 468.0
1999 4 3346.0
1999 5 11284.0
1999 6 19222.0
1999 7 2965.0
1999 8 581.0
1999 9 581.0
1999 10 581.0
1999 11 1639.0
1999 12 581.0
2000 1 581.0
2000 2 678.0
2000 3 2551.0
2000 4 4424.0
2000 5 2587.0
2000 6 3588.0
2000 7 3141.5
2000 8 2695.0
2000 9 3916.0
2000 10 206.0
2000 11 1024.1666666666665
2000 12 1842.3333333333333
2001 1 2660.5
2001 2 3478.6666666666665
2001 3 4296.833333333333
2001 4 5115.0
2001 5 1861.0
2001 6 1016.0
2001 7 5648.0
2001 8 8866.0
2001 9 342.0
2001 10 342.0
2001 11 745.25
2001 12 1148.5
2002 1 1551.75
2002 2 1955.0
2002 3 9161.0
2002 4 2348.0
2002 5 6339.0
2002 6 3530.0
2002 7 721.0
2002 8 2050.0
2002 9 12547.0
2002 10 8638.666666666666
2002 11 4730.333333333333
2002 12 822.0
2003 1 4745.0
2003 2 8668.0
2003 3 6992.666666666667
2003 4 5317.333333333334
2003 5 3642.0
2003 6 25102.0
2003 7 5480.0
2003 8 589.0
2003 9 5315.0
2003 10 8886.0
2003 11 9558.0
2003 12 10230.0
2004 1 7341.333333333334
2004 2 4452.666666666667
2004 3 1564.0
2004 4 8548.0
2004 5 13929.0
2004 6 4712.0
2004 7 739.0
2004 8 2350.0
2004 9 14586.0
2004 10 5993.0
2004 11 4662.0
2004 12 12168.0
2005 1 9827.333333333334
2005 2 7486.666666666667
2005 3 5146.0
2005 4 24187.0
2005 5 629.0
2005 6 5627.0
2005 7 4936.0
2005 8 1655.0
2005 9 7314.0
2005 10 590.0
2005 11 1708.0
2005 12 10845.0
2006 1 14699.0
2006 2 18553.0
2006 3 7545.0
2006 4 9063.0
2006 5 26184.0
2006 6 6795.0
2006 7 836.0
2006 8 28085.0
2006 9 450.0
2006 10 502.25
2006 11 554.5
2006 12 606.75
2007 1 659.0
2007 2 3924.0
2007 3 717.0
2007 4 5076.0
2007 5 1943.0
2007 6 3931.0
2007 7 6634.0
2007 8 8483.0
2007 9 5101.0
2007 10 869.0
2007 11 7219.0
2007 12 5666.0
2008 1 4113.0
2008 2 2528.0
2008 3 1727.0
2008 4 963.5
2008 5 200.0
2008 6 1546.0
2008 7 1683.5
2008 8 1821.0
2008 9 4700.0
2008 10 3033.0
2008 11 1366.0
2008 12 1841.8
2009 1 2317.6
2009 2 2793.4
2009 3 3269.2
2009 4 3745.0
2009 5 12079.0
2009 6 9255.75
2009 7 6432.5
2009 8 3609.25
2009 9 786.0
2009 10 682.0
2009 11 829.5
2009 12 977.0
2010 1 1124.5
2010 2 1272.0
2010 3 1419.5
2010 4 1567.0
2010 5 2813.0
2010 6 2752.0
2010 7 3145.5
2010 8 3539.0
2010 9 3145.0
2010 10 2751.0
2010 11 2357.0
2010 12 1963.0
2011 1 1569.0
2011 2 1175.0
2011 3 4687.0
2011 4 8199.0
2011 5 851.0
2011 6 3100.0
2011 7 5349.0
2011 8 3749.333333333333
2011 9 2149.6666666666665
2011 10 550.0
2011 11 740.4285714285714
2011 12 930.8571428571429
2012 1 1121.2857142857142
2012 2 1311.7142857142858
2012 3 1502.142857142857
2012 4 1692.5714285714284
2012 5 1883.0
2012 6 3086.0
2012 7 4289.0
2012 8 350.0
2012 9 2543.0
2012 10 4043.0
2012 11 635.0
2012 12 1040.0
2013 1 1445.0
2013 2 1850.0
2013 3 2255.0
2013 4 1393.0
2013 5 636.0
2013 6 1386.0
2013 7 1766.0
2013 8 1386.0
2013 9 2073.0
2013 10 2384.714285714286
2013 11 2696.4285714285716
2013 12 3008.142857142857
2014 1 3319.857142857143
2014 2 3631.5714285714284
2014 3 3943.285714285714
2014 4 4255.0
2014 5 3980.3333333333335
2014 6 3705.6666666666665
2014 7 3431.0
2014 8 1577.0
2014 9 2988.0
2014 10 8376.0
2014 11 7401.666666666667
2014 12 6427.333333333333
2015 1 5453.0
2015 2 4478.666666666666
2015 3 3504.333333333333
2015 4 2530.0
2015 5 2055.0
2015 6 3478.0
2015 7 2371.0
2015 8 2530.0
2015 9 2688.0
2015 10 2877.0
2015 11 2846.0
2015 12 2688.0
2016 1 2530.0
2016 2 2530.0
2016 3 2055.0
2016 4 5717.0
2016 5 6514.0
2016 6 2213.0
2016 7 2231.0
2016 8 1897.0
2016 9 10064.0
2016 10 2530.0
2016 11 2530.0
2016 12 2530.0
2017 1 1581.0
2017 2 1107.0
2017 3 2213.0
2017 4 6080.0
2017 5 2055.0
2017 6 3162.0
2017 7 2877.0
2017 8 7143.0
2017 9 2213.0
2017 10 2846.0
2017 11 4405.0
2017 12 2371.0
2018 1 2213.0
2018 2 2213.0
2018 3 3004.0
2018 4 2055.0
2018 5 4698.0
2018 6 8371.0
2018 7 1581.0
2018 8 8161.0
2018 9 3497.0
2018 10 2055.0
2018 11 2055.0
2018 12 4039.0
2019 1 2055.0
2019 2 1265.0
2019 3 2055.0
2019 4 3349.0
2019 5 9138.0
2019 6 2855.0
2019 7 6741.0
2019 8 3451.0
2019 9 14328.0
2019 10 2688.0
2019 11 2771.0
2019 12 3246.0
2020 1 2213.0
2020 2 1581.0
2020 3 1739.0
2020 4 1897.0
2020 5 1897.0
2020 6 8739.0
2020 7 2055.0
2020 8 1739.0
2020 9 1739.0
2020 10 1739.0
2020 11 1897.0
2020 12 3320.0
2021 1 2530.0
2021 2 2055.0
2021 3 2371.0
2021 4 5618.0
2021 5 3588.0
2021 6 5467.0
2021 7 3455.0
2021 8 6218.0
2021 9 2704.0
2021 10 4218.0
2021 11 3756.0
2021 12 4507.0
2022 1 3467.0
2022 2 5618.0
2022 3 3605.0
2022 4 6381.0
2022 5 4027.0
2022 6 4246.0
2022 7 3033.0
2022 8 3033.0
2022 9 3639.0
2022 10 2578.0
2022 11 2275.0
2022 12 3488.0
2023 1 10426.0
2023 2 3488.0
2023 3 6761.0
2023 4 6582.0
2023 5 6403.0
2023 6 6224.0
2023 7 5128.0
2023 8 3014.0
2023 9 900.0
2023 10 3008.0
2023 11 1182.0
2023 12 1273.4
2024 1 1364.8
2024 2 1456.2
2024 3 1547.6
2024 4 1639.0
2024 5 25681.0
2024 6 778.0
