1960 5 110.0
1960 6 31.0
1960 7 40.0
1960 8 136.5
1960 9 233.0
1960 10 183.0
1960 11 133.0
1960 12 79.0
1961 1 25.0
1961 2 42.5
1961 3 60.0
1961 4 209.5
1961 5 359.0
1961 6 90.0
1961 7 152.0
1961 8 110.0
1961 9 167.0
1961 10 174.0
1961 11 161.5
1961 12 149.0
1962 1 136.5
1962 2 124.0
1962 3 111.5
1962 4 99.0
1962 5 430.0
1962 6 503.0
1962 7 371.0
1962 8 869.0
1962 9 581.0
1962 10 84.0
1962 11 242.0
1962 12 267.5
1963 1 293.0
1963 2 168.5
1963 3 44.0
1963 4 130.0
1963 5 467.0
1963 6 1187.0
1963 7 887.0
1963 8 379.0
1963 9 1166.0
1963 10 769.0
1963 11 28.0
1963 12 175.0
1964 1 16.0
1964 2 23.0
1964 3 30.0
1964 4 89.0
1964 5 81.88888888888889
1964 6 74.77777777777777
1964 7 67.66666666666667
1964 8 60.55555555555556
1964 9 53.44444444444444
1964 10 46.333333333333336
1964 11 39.22222222222223
1964 12 32.111111111111114
1965 1 25.0
1965 2 105.0
1965 3 110.0
1965 4 458.0
1965 5 864.0
1965 6 895.0
1965 7 1057.0
1965 8 285.0
1965 9 822.0
1965 10 235.0
1965 11 90.0
1965 12 18.0
1966 1 64.6
1966 2 111.2
1966 3 157.8
1966 4 204.4
1966 5 251.0
1966 6 469.0
1966 7 35.0
1966 8 776.0
1966 9 141.0
1966 10 60.0
1966 11 50.0
1966 12 50.6
1967 1 51.2
1967 2 51.8
1967 3 52.4
1967 4 53.0
1967 5 132.0
1967 6 210.0
1967 7 128.0
1967 8 344.0
1967 9 294.0
1967 10 216.0
1967 11 140.0
1967 12 524.0
1968 1 117.0
1968 2 83.5
1968 3 50.0
1968 4 50.0
1968 5 408.0
1968 6 559.0
1968 7 946.0
1968 8 756.0
1968 9 752.0
1968 10 576.0
1968 11 116.0
1968 12 36.0
1969 1 36.0
1969 2 126.0
1969 3 95.0
1969 4 898.0
1969 5 468.0
1969 6 713.0
1969 7 1776.0
1969 8 1679.0
1969 9 1448.0
1969 10 1163.0
1969 11 441.0
1969 12 284.0
1970 1 130.0
1970 2 125.0
1970 3 637.0
1970 4 2613.0
1970 5 1110.0
1970 6 957.0
1970 7 1514.0
1970 8 1819.0
1970 9 1689.0
1970 10 1440.0
1970 11 1812.0
1970 12 486.0
1971 1 390.5
1971 2 295.0
1971 3 892.0
1971 4 585.0
1971 5 2754.0
1971 6 1632.0
1971 7 1399.0
1971 8 3934.0
1971 9 1975.0
1971 10 536.0
1971 11 259.0
1971 12 342.0
1972 1 20.0
1972 2 353.6666666666667
1972 3 687.3333333333334
1972 4 1021.0
1972 5 3359.0
1972 6 2811.0
1972 7 3384.0
1972 8 2363.0
1972 9 5327.0
1972 10 2324.0
1972 11 830.0
1972 12 251.0
1973 1 554.0
1973 2 483.0
1973 3 412.0
1973 4 1165.0
1973 5 1833.0
1973 6 6673.0
1973 7 1048.0
1973 8 806.0
1973 9 2064.0
1973 10 348.0
1973 11 661.0
1973 12 436.0
1974 1 101.0
1974 2 224.0
1974 3 1362.0
1974 4 1838.0
1974 5 1419.0
1974 6 1354.0
1974 7 4396.0
1974 8 1956.0
1974 9 505.0
1974 10 732.0
1974 11 1405.0
1974 12 432.0
1975 1 197.0
1975 2 60.0
1975 3 1090.0
1975 4 1213.0
1975 5 4719.0
1975 6 3244.0
1975 7 6541.0
1975 8 4513.0
1975 9 6707.0
1975 10 2062.0
1975 11 1394.0
1975 12 238.0
1976 1 965.0
1976 2 1919.0
1976 3 2203.0
1976 4 5064.0
1976 5 4202.0
1976 6 5245.0
1976 7 4456.0
1976 8 6044.0
1976 9 6970.0
1976 10 6171.0
1976 11 6366.0
1976 12 11063.0
1977 1 3839.0
1977 2 5331.0
1977 3 6927.0
1977 4 8105.0
1977 5 15213.0
1977 6 13435.0
1977 7 8618.0
1977 8 12136.0
1977 9 6550.0
1977 10 6782.0
1977 11 7193.0
1977 12 6815.0
1978 1 5715.0
1978 2 5902.0
1978 3 9012.0
1978 4 5102.0
1978 5 14195.0
1978 6 4181.0
1978 7 7622.0
1978 8 7824.0
1978 9 10484.0
1978 10 7962.0
1978 11 2335.0
1978 12 3448.0
1979 1 6428.0
1979 2 1792.0
1979 3 1870.0
1979 4 6955.0
1979 5 6441.0
1979 6 6880.0
1979 7 3256.0
1979 8 8040.0
1979 9 2429.0
1979 10 7994.0
1979 11 1050.0
1979 12 1198.0
1980 1 1102.0
1980 2 242.0
1980 3 5200.0
1980 4 4279.0
1980 5 4093.0
1980 6 4808.0
1980 7 2432.0
1980 8 4505.0
1980 9 4081.0
1980 10 3406.0
1980 11 803.0
1980 12 850.0
1981 1 2107.0
1981 2 1847.0
1981 3 2707.0
1981 4 4620.0
1981 5 5011.0
1981 6 18374.0
1981 7 3705.0
1981 8 2641.0
1981 9 15072.0
1981 10 7518.0
1981 11 3155.0
1981 12 1509.0
1982 1 1441.0
1982 2 8262.0
1982 3 2963.0
1982 4 17854.0
1982 5 5911.0
1982 6 20192.0
1982 7 16131.0
1982 8 7839.0
1982 9 23412.0
1982 10 11545.0
1982 11 9125.0
1982 12 6705.0
1983 1 3985.0
1983 2 3687.0
1983 3 43683.0
1983 4 19425.0
1983 5 28094.0
1983 6 38183.0
1983 7 29870.0
1983 8 44327.0
1983 9 21370.0
1983 10 14426.0
1983 11 6199.0
1983 12 24104.0
1984 1 3700.0
1984 2 15972.0
1984 3 25817.0
1984 4 17689.0
1984 5 28059.0
1984 6 12761.0
1984 7 11794.0
1984 8 16338.0
1984 9 10543.0
1984 10 13454.0
1984 11 4125.0
1984 12 4261.0
1985 1 4411.0
1985 2 5247.0
1985 3 13040.0
1985 4 7329.0
1985 5 14915.0
1985 6 10169.0
1985 7 8118.0
1985 8 13340.0
1985 9 3809.0
1985 10 11313.0
1985 11 5932.0
1985 12 4372.0
1986 1 1226.0
1986 2 2386.0
1986 3 1981.0
1986 4 3922.0
1986 5 1463.0
1986 6 1494.0
1986 7 4892.0
1986 8 962.0
1986 9 1462.0
1986 10 342.0
1986 11 508.0
1986 12 2216.0
1987 1 274.0
1987 2 235.0
1987 3 7578.0
1987 4 4773.0
1987 5 7349.0
1987 6 3813.0
1987 7 277.0
1987 8 525.0
1987 9 470.0
1987 10 333.0
1987 11 615.0
1987 12 135.0
1988 1 129.0
1988 2 222.0
1988 3 273.0
1988 4 809.0
1988 5 1103.0
1988 6 1289.0
1988 7 15334.0
1988 8 1158.0
1988 9 2148.0
1988 10 1501.0
1988 11 1203.0
1988 12 816.0
1989 1 513.0
1989 2 1179.0
1989 3 1330.0
1989 4 1925.0
1989 5 1594.0
1989 6 2439.0
1989 7 1368.0
1989 8 1849.0
1989 9 1298.0
1989 10 1821.0
1989 11 277.0
1989 12 197.5
1990 1 118.0
1990 2 114.0
1990 3 369.0
1990 4 1443.0
1990 5 1517.0
1990 6 1434.0
1990 7 1665.0
1990 8 1297.0
1990 9 1603.0
1990 10 1811.0
1990 11 721.0
1990 12 2278.0
1991 1 1127.0
1991 2 1178.0
1991 3 2627.0
1991 4 486.0
1991 5 226.0
1991 6 500.0
1991 7 409.0
1991 8 716.0
1991 9 435.0
1991 10 1260.0
1991 11 619.0
1991 12 235.0
1992 1 551.0
1992 2 355.5
1992 3 160.0
1992 4 710.0
1992 5 982.0
1992 6 697.0
1992 7 872.0
1992 8 1428.0
1992 9 774.0
1992 10 624.0
1992 11 437.0
1992 12 219.0
1993 1 367.0
1993 2 582.0
1993 3 476.0
1993 4 13746.0
1993 5 10254.0
1993 6 221.0
1993 7 1001.0
1993 8 1263.0
1993 9 582.0
1993 10 286.0
1993 11 678.0
1993 12 842.0
1994 1 553.0
1994 2 500.0
1994 3 9369.0
1994 4 2848.0
1994 5 2202.0
1994 6 1405.0
1994 7 9142.0
1994 8 1310.0
1994 9 872.0
1994 10 1666.0
1994 11 1450.0
1994 12 768.0
1995 1 146.0
1995 2 4730.0
1995 3 1266.0
1995 4 2185.0
1995 5 7529.0
1995 6 1317.0
1995 7 2981.0
1995 8 5565.0
1995 9 5985.0
1995 10 4850.0
1995 11 2853.0
1995 12 1389.0
1996 1 1368.0
1996 2 2905.0
1996 3 2408.0
1996 4 4161.0
1996 5 10486.0
1996 6 5972.0
1996 7 4361.0
1996 8 21140.0
1996 9 3187.0
1996 10 4482.0
1996 11 1647.0
1996 12 1230.0
1997 1 713.0
1997 2 1423.0
1997 3 5289.0
1997 4 4124.0
1997 5 4396.0
1997 6 10449.0
1997 7 6855.0
1997 8 10249.0
1997 9 9545.0
1997 10 6214.0
1997 11 3002.0
1997 12 2420.0
1998 1 2565.0
1998 2 2548.0
1998 3 2511.0
1998 4 4242.0
1998 5 6942.0
1998 6 22880.0
1998 7 9183.0
1998 8 3457.0
1998 9 5191.0
1998 10 5008.0
1998 11 4376.0
1998 12 3658.0
1999 1 2752.0
1999 2 11906.0
1999 3 4593.0
1999 4 6840.0
1999 5 5297.0
1999 6 21378.0
1999 7 4866.0
1999 8 5765.0
1999 9 4153.0
1999 10 2169.0
1999 11 2022.0
1999 12 1421.0
2000 1 1607.0
2000 2 1414.0
2000 3 1113.0
2000 4 8704.0
2000 5 9676.0
2000 6 5568.0
2000 7 3189.0
2000 8 8582.0
2000 9 5889.0
2000 10 7369.0
2000 11 1442.0
2000 12 2548.0
2001 1 5985.0
2001 2 7254.0
2001 3 6247.0
2001 4 13755.0
2001 5 15055.0
2001 6 12511.0
2001 7 17213.0
2001 8 14856.0
2001 9 12478.0
2001 10 10093.0
2001 11 6347.0
2001 12 1531.0
2002 1 5301.0
2002 2 5607.0
2002 3 18975.0
2002 4 6751.0
2002 5 16565.0
2002 6 21776.0
2002 7 5203.0
2002 8 16110.0
2002 9 34301.0
2002 10 14165.0
2002 11 7664.0
2002 12 4331.0
2003 1 4142.0
2003 2 16064.0
2003 3 3210.0
2003 4 22423.0
2003 5 55069.0
2003 6 35509.0
2003 7 11212.0
2003 8 11631.0
2003 9 29983.0
2003 10 18876.0
2003 11 6122.0
2003 12 11633.0
2004 1 2307.0
2004 2 843.0
2004 3 5227.0
2004 4 15671.0
2004 5 58454.0
2004 6 12022.0
2004 7 8205.0
2004 8 7946.0
2004 9 21853.0
2004 10 10756.0
2004 11 7619.0
2004 12 16147.0
2005 1 3265.0
2005 2 5399.0
2005 3 18686.0
2005 4 32228.0
2005 5 13510.0
2005 6 18422.0
2005 7 14993.0
2005 8 10573.0
2005 9 16946.0
2005 10 19361.0
2005 11 7840.0
2005 12 22339.0
2006 1 3082.0
2006 2 19495.0
2006 3 14650.0
2006 4 13444.0
2006 5 35316.0
2006 6 9320.0
2006 7 6472.0
2006 8 31185.0
2006 9 17954.0
2006 10 14581.0
2006 11 2073.0
2006 12 819.0
2007 1 4305.0
2007 2 8671.0
2007 3 6845.0
2007 4 10935.0
2007 5 22086.0
2007 6 4870.0
2007 7 9181.0
2007 8 11827.0
2007 9 5251.0
2007 10 3881.0
2007 11 9747.0
2007 12 769.0
2008 1 5482.0
2008 2 5354.0
2008 3 3650.0
2008 4 3419.0
2008 5 2474.0
2008 6 3967.0
2008 7 1858.0
2008 8 3770.0
2008 9 6756.0
2008 10 1664.0
2008 11 2780.0
2008 12 1203.0
2009 1 1261.3333333333333
2009 2 1319.6666666666667
2009 3 1378.0
2009 4 4434.0
2009 5 12477.0
2009 6 1637.0
2009 7 1723.0
2009 8 5680.0
2009 9 5444.0
2009 10 3324.0
2009 11 373.0
2009 12 773.0
2010 1 620.6666666666666
2010 2 468.3333333333333
2010 3 316.0
2010 4 1567.0
2010 5 5763.0
2010 6 4605.0
2010 7 4566.0
2010 8 4527.0
2010 9 1205.0
2010 10 538.0
2010 11 900.0
2010 12 1000.0
2011 1 1262.5
2011 2 1525.0
2011 3 377.0
2011 4 9413.0
2011 5 1792.0
2011 6 2363.0
2011 7 5349.0
2011 8 2804.5
2011 9 260.0
2011 10 881.0
2011 11 660.0
2011 12 660.0
2012 1 660.0
2012 2 703.0
2012 3 827.0
2012 4 951.0
2012 5 2796.0
2012 6 93.0
2012 7 8122.0
2012 8 350.0
2012 9 3308.0
2012 10 4305.0
2012 11 997.0
2012 12 720.0
2013 1 558.0
2013 2 396.0
2013 3 2825.0
2013 4 2328.0
2013 5 2276.0
2013 6 2098.0
2013 7 2707.0
2013 8 2034.0
2013 9 10227.0
2013 10 249.0
2013 11 848.0
2013 12 530.0
2014 1 1254.0
2014 2 693.0
2014 3 1545.0
2014 4 5400.0
2014 5 6308.0
2014 6 2230.0
2014 7 4299.0
2014 8 2434.0
2014 9 3784.0
2014 10 12068.0
2014 11 896.0
2014 12 546.0
2015 1 1853.0
2015 2 1118.0
2015 3 2075.0
2015 4 3966.0
2015 5 3157.0
2015 6 5141.0
2015 7 4166.0
2015 8 4164.0
2015 9 3546.0
2015 10 4217.0
2015 11 3361.0
2015 12 3558.0
2016 1 3903.0
2016 2 3718.0
2016 3 3464.0
2016 4 6522.0
2016 5 8700.0
2016 6 4962.0
2016 7 5165.0
2016 8 4563.0
2016 9 11666.0
2016 10 3800.0
2016 11 4206.0
2016 12 3617.0
2017 1 2104.0
2017 2 3462.0
2017 3 2736.0
2017 4 9212.0
2017 5 5599.0
2017 6 7387.0
2017 7 3932.0
2017 8 10907.0
2017 9 4497.0
2017 10 3712.0
2017 11 6768.0
2017 12 4579.0
2018 1 3865.0
2018 2 4812.0
2018 3 5078.0
2018 4 3784.0
2018 5 6386.0
2018 6 12392.0
2018 7 2875.0
2018 8 9569.0
2018 9 4795.0
2018 10 5553.0
2018 11 4139.0
2018 12 10977.0
2019 1 3449.0
2019 2 3024.0
2019 3 4498.0
2019 4 4846.0
2019 5 11048.0
2019 6 4442.0
2019 7 10122.0
2019 8 7191.0
2019 9 16204.0
2019 10 3989.0
2019 11 3666.0
2019 12 4413.0
2020 1 3618.0
2020 2 3608.0
2020 3 1071.0
2020 4 4075.0
2020 5 5045.0
2020 6 9929.0
2020 7 3661.0
2020 8 6349.0
2020 9 2434.0
2020 10 3954.0
2020 11 3600.0
2020 12 5353.0
2021 1 3845.0
2021 2 3267.0
2021 3 3632.0
2021 4 6941.0
2021 5 5049.0
2021 6 7402.0
2021 7 6298.0
2021 8 7617.0
2021 9 6128.0
2021 10 6909.0
2021 11 6122.0
2021 12 5519.0
2022 1 4808.0
2022 2 6941.0
2022 3 5925.0
2022 4 8748.0
2022 5 6884.0
2022 6 5186.0
2022 7 5171.0
2022 8 4875.0
2022 9 5338.0
2022 10 4047.0
2022 11 3163.0
2022 12 4006.0
2023 1 11244.0
2023 2 4456.0
2023 3 7851.0
2023 4 4811.0
2023 5 1771.0
2023 6 7437.0
2023 7 7385.0
2023 8 728.0
2023 9 2046.0
2023 10 4004.0
2023 11 1182.0
2023 12 310.0
2024 1 564.0
2024 2 818.0
2024 3 1583.0
2024 4 2752.0
2024 5 26985.0
2024 6 1507.0
2024 7 413.0
2024 8 2011.0
