1960 5 1626.0
1960 6 1258.0
1960 7 544.0
1960 8 1493.0
1960 9 1398.0
1960 10 1250.0
1960 11 512.0
1960 12 1530.0
1961 1 2048.0
1961 2 143.0
1961 3 816.0
1961 4 443.0
1961 5 1733.0
1961 6 3522.0
1961 7 703.0
1961 8 1603.0
1961 9 2112.0
1961 10 1250.0
1961 11 3060.0
1961 12 3128.0
1962 1 2434.0
1962 2 1785.0
1962 3 3962.0
1962 4 8571.0
1962 5 2164.0
1962 6 3850.0
1962 7 13583.0
1962 8 2886.0
1962 9 2442.0
1962 10 2357.0
1962 11 1029.0
1962 12 2807.0
1963 1 2698.0
1963 2 1905.0
1963 3 2406.0
1963 4 3223.0
1963 5 4216.0
1963 6 3425.0
1963 7 4313.0
1963 8 5881.0
1963 9 1460.0
1963 10 7067.0
1963 11 3901.0
1963 12 1847.0
1964 1 1722.0
1964 2 6595.0
1964 3 1113.0
1964 4 2279.0
1964 5 4563.0
1964 6 4504.0
1964 7 2738.0
1964 8 6360.0
1964 9 796.0
1964 10 1191.0
1964 11 2001.0
1964 12 1336.0
1965 1 1201.0
1965 2 688.0
1965 3 6360.0
1965 4 892.0
1965 5 541.0
1965 6 1633.0
1965 7 562.0
1965 8 1627.0
1965 9 1264.0
1965 10 363.0
1965 11 175.0
1965 12 108.0
1966 1 594.0
1966 2 620.0
1966 3 2401.0
1966 4 66.0
1966 5 641.0
1966 6 1020.0
1966 7 1574.0
1966 8 1539.0
1966 9 1131.0
1966 10 826.0
1966 11 1027.0
1966 12 825.0
1967 1 447.0
1967 2 344.0
1967 3 543.0
1967 4 481.0
1967 5 763.0
1967 6 3388.0
1967 7 1970.0
1967 8 1224.0
1967 9 1915.0
1967 10 996.0
1967 11 2203.0
1967 12 953.0
1968 1 918.0
1968 2 1368.0
1968 3 1622.0
1968 4 3197.0
1968 5 1319.0
1968 6 2958.0
1968 7 1325.0
1968 8 657.0
1968 9 982.0
1968 10 903.0
1968 11 1659.0
1968 12 1783.0
1969 1 623.0
1969 2 2553.0
1969 3 5675.0
1969 4 4020.0
1969 5 4605.0
1969 6 4418.0
1969 7 4739.0
1969 8 6731.0
1969 9 305.0
1969 10 4674.0
1969 11 2695.0
1969 12 1726.0
1970 1 4006.0
1970 2 4092.0
1970 3 2648.0
1970 4 4558.0
1970 5 6380.0
1970 6 3406.0
1970 7 3079.0
1970 8 3458.0
1970 9 7356.0
1970 10 4516.0
1970 11 833.0
1970 12 16809.0
1971 1 4937.0
1971 2 5103.0
1971 3 14580.0
1971 4 18787.0
1971 5 12776.0
1971 6 15871.0
1971 7 3392.0
1971 8 10264.0
1971 9 10271.0
1971 10 13196.0
1971 11 3046.0
1971 12 14929.0
1972 1 17439.0
1972 2 15000.0
1972 3 23317.0
1972 4 17282.0
1972 5 21258.0
1972 6 20993.0
1972 7 21873.0
1972 8 7849.0
1972 9 6830.0
1972 10 6108.0
1972 11 14191.0
1972 12 27616.0
1973 1 19798.0
1973 2 19885.0
1973 3 16959.0
1973 4 9668.0
1973 5 20621.0
1973 6 4294.0
1973 7 14095.0
1973 8 13014.0
1973 9 9613.0
1973 10 8164.0
1973 11 5176.0
1973 12 8374.0
1974 1 27746.0
1974 2 9369.0
1974 3 9910.0
1974 4 19929.0
1974 5 6295.0
1974 6 4142.0
1974 7 3140.0
1974 8 11941.0
1974 9 3584.0
1974 10 3306.0
1974 11 1047.0
1974 12 17601.0
1975 1 170.0
1975 2 348.0
1975 3 1581.0
1975 4 10571.0
1975 5 230.0
1975 6 2090.0
1975 7 1120.0
1975 8 371.0
1975 9 2170.0
1975 10 666.0
1975 11 3199.0
1975 12 531.0
1976 1 3203.0
1976 2 2403.0
1976 3 2470.0
1976 4 1789.0
1976 5 303.0
1976 6 4134.0
1976 7 2253.0
1976 8 12264.0
1976 9 8750.0
1976 10 3513.0
1976 11 711.0
1976 12 6635.0
1977 1 1292.0
1977 2 7147.0
1977 3 4932.0
1977 4 6572.0
1977 5 5831.0
1977 6 9340.0
1977 7 5461.0
1977 8 1708.0
1977 9 9181.0
1977 10 18693.0
1977 11 6209.0
1977 12 11651.0
1978 1 10168.0
1978 2 15699.0
1978 3 12868.0
1978 4 6573.0
1978 5 26529.0
1978 6 17120.0
1978 7 20745.0
1978 8 23933.0
1978 9 16537.0
1978 10 25480.0
1978 11 12709.0
1978 12 24395.0
1979 1 20839.0
1979 2 14240.0
1979 3 12416.0
1979 4 16493.0
1979 5 26402.0
1979 6 19253.0
1979 7 29872.0
1979 8 20496.0
1979 9 31894.0
1979 10 13514.0
1979 11 20256.0
1979 12 15619.0
1980 1 41141.0
1980 2 10369.0
1980 3 4349.0
1980 4 17153.0
1980 5 9319.0
1980 6 20914.0
1980 7 14044.0
1980 8 11351.0
1980 9 29890.0
1980 10 26113.0
1980 11 35287.0
1980 12 10707.0
1981 1 24769.0
1981 2 12135.0
1981 3 35850.0
1981 4 24275.0
1981 5 71444.0
1981 6 58863.0
1981 7 4426.0
1981 8 9067.0
1981 9 9960.0
1981 10 7774.0
1981 11 4895.0
1981 12 5204.0
1982 1 15029.0
1982 2 14348.0
1982 3 15930.0
1982 4 15872.0
1982 5 14269.0
1982 6 16059.0
1982 7 44482.0
1982 8 22831.0
1982 9 26466.0
1982 10 20625.0
1982 11 39817.0
1982 12 59009.0
1983 1 43414.0
1983 2 48665.0
1983 3 57288.0
1983 4 68874.0
1983 5 48431.0
1983 6 72921.0
1983 7 62340.0
1983 8 45583.0
1983 9 53749.0
1983 10 59304.0
1983 11 46814.0
1983 12 58894.0
1984 1 98951.0
1984 2 85152.0
1984 3 100361.0
1984 4 98687.0
1984 5 88821.0
1984 6 186078.0
1984 7 66650.0
1984 8 98421.0
1984 9 59148.0
1984 10 90809.0
1984 11 50376.0
1984 12 69427.0
1985 1 94563.0
1985 2 116675.0
1985 3 63847.0
1985 4 78888.0
1985 5 63251.0
1985 6 90556.0
1985 7 73996.0
1985 8 92795.0
1985 9 77399.0
1985 10 100696.0
1985 11 36095.0
1985 12 39317.0
1986 1 37817.0
1986 2 82812.0
1986 3 70975.0
1986 4 76161.0
1986 5 114530.0
1986 6 55474.0
1986 7 67410.0
1986 8 37317.0
1986 9 71475.0
1986 10 54768.0
1986 11 31008.0
1986 12 33849.0
1987 1 43386.0
1987 2 22579.0
1987 3 28651.0
1987 4 17206.0
1987 5 26365.0
1987 6 26183.0
1987 7 63705.0
1987 8 28331.0
1987 9 95599.0
1987 10 59620.0
1987 11 20751.0
1987 12 41693.0
1988 1 4105.0
1988 2 12136.0
1988 3 44903.0
1988 4 84569.0
1988 5 31003.0
1988 6 57062.0
1988 7 11145.0
1988 8 55481.0
1988 9 18419.0
1988 10 43755.0
1988 11 22767.0
1988 12 26351.0
1989 1 7846.0
1989 2 14717.0
1989 3 11790.0
1989 4 2820.0
1989 5 21654.0
1989 6 10683.0
1989 7 9216.0
1989 8 13229.0
1989 9 8560.0
1989 10 9417.0
1989 11 3588.0
1989 12 3207.0
1990 1 47449.0
1990 2 9737.0
1990 3 6128.0
1990 4 11870.0
1990 5 6084.0
1990 6 9926.0
1990 7 24971.0
1990 8 14102.0
1990 9 2496.0
1990 10 8694.0
1990 11 28565.0
1990 12 1524.0
1991 1 1969.0
1991 2 2980.0
1991 3 2664.0
1991 4 4024.0
1991 5 2621.0
1991 6 2719.0
1991 7 1620.0
1991 8 10082.0
1991 9 17607.0
1991 10 6082.0
1991 11 11829.0
1991 12 780.0
1992 1 2687.0
1992 2 223.0
1992 3 7844.0
1992 4 24439.0
1992 5 805.0
1992 6 3147.0
1992 7 17498.0
1992 8 25952.0
1992 9 3122.0
1992 10 9918.0
1992 11 4980.0
1992 12 2750.0
1993 1 22162.0
1993 2 1869.0
1993 3 2268.0
1993 4 15536.0
1993 5 1280.0
1993 6 28289.0
1993 7 3382.0
1993 8 19035.0
1993 9 3826.0
1993 10 18552.0
1993 11 15989.0
1993 12 21842.0
1994 1 32938.0
1994 2 18827.0
1994 3 21407.0
1994 4 23307.0
1994 5 29977.0
1994 6 15590.0
1994 7 66887.0
1994 8 57361.0
1994 9 68141.0
1994 10 56591.0
1994 11 14129.0
1994 12 24249.0
1995 1 29262.0
1995 2 76774.0
1995 3 71101.0
1995 4 65249.0
1995 5 64193.0
1995 6 31327.0
1995 7 27130.0
1995 8 54079.0
1995 9 73171.0
1995 10 13214.0
1995 11 41069.0
1995 12 66327.0
1996 1 71868.0
1996 2 116778.0
1996 3 53738.0
1996 4 61531.0
1996 5 33787.0
1996 6 32934.0
1996 7 48785.0
1996 8 7796.0
1996 9 75594.0
1996 10 63363.0
1996 11 7082.0
1996 12 49291.0
1997 1 91098.0
1997 2 47155.0
1997 3 16552.0
1997 4 26266.0
1997 5 43752.0
1997 6 14622.0
1997 7 50036.0
1997 8 62059.0
1997 9 64279.0
1997 10 76372.0
1997 11 55259.0
1997 12 110882.0
1998 1 38560.0
1998 2 70294.0
1998 3 19005.0
1998 4 45516.0
1998 5 10503.0
1998 6 63212.0
1998 7 64573.0
1998 8 111365.0
1998 9 48658.0
1998 10 3507.0
1998 11 122717.0
1998 12 62122.0
1999 1 82440.0
1999 2 42440.0
1999 3 25989.0
1999 4 57822.0
1999 5 69038.0
1999 6 76506.0
1999 7 25513.0
1999 8 29034.0
1999 9 47942.0
1999 10 35611.0
1999 11 64938.0
1999 12 77637.0
2000 1 38594.0
2000 2 60630.0
2000 3 90867.0
2000 4 63477.0
2000 5 36001.0
2000 6 38707.0
2000 7 42168.0
2000 8 59341.0
2000 9 64629.0
2000 10 100295.0
2000 11 59147.0
2000 12 19680.0
2001 1 11315.0
2001 2 84159.0
2001 3 45361.0
2001 4 68473.0
2001 5 28699.0
2001 6 45808.0
2001 7 59288.0
2001 8 32933.0
2001 9 83581.0
2001 10 14170.0
2001 11 2837.0
2001 12 46551.0
2002 1 8878.0
2002 2 13977.0
2002 3 30841.0
2002 4 48691.0
2002 5 6611.0
2002 6 90199.0
2002 7 60001.0
2002 8 33988.0
2002 9 66217.0
2002 10 41158.0
2002 11 44050.0
2002 12 77635.0
2003 1 7884.0
2003 2 51386.0
2003 3 17026.0
2003 4 20950.0
2003 5 36677.0
2003 6 81987.0
2003 7 23898.0
2003 8 16231.0
2003 9 50060.0
2003 10 66158.0
2003 11 43098.0
2003 12 65279.0
2004 1 29682.0
2004 2 20951.0
2004 3 11943.0
2004 4 86638.0
2004 5 12772.0
2004 6 19833.0
2004 7 71562.0
2004 8 19327.0
2004 9 31195.0
2004 10 60134.0
2004 11 11314.0
2004 12 94725.0
2005 1 42187.0
2005 2 70676.0
2005 3 82204.0
2005 4 98443.0
2005 5 28142.0
2005 6 53924.0
2005 7 48859.0
2005 8 85548.0
2005 9 76754.0
2005 10 106604.0
2005 11 18173.0
2005 12 61524.0
2006 1 92577.0
2006 2 59320.0
2006 3 134470.0
2006 4 107557.0
2006 5 80010.0
2006 6 78144.0
2006 7 66845.0
2006 8 6983.0
2006 9 69683.0
2006 10 37403.0
2006 11 9746.0
2006 12 50896.0
2007 1 12036.0
2007 2 202807.0
2007 3 128122.0
2007 4 47724.0
2007 5 27719.0
2007 6 131212.0
2007 7 34729.0
2007 8 46338.0
2007 9 147229.0
2007 10 22611.0
2007 11 175360.0
2007 12 23431.0
2008 1 92044.0
2008 2 8394.0
2008 3 38702.0
2008 4 24446.0
2008 5 26039.0
2008 6 93072.0
2008 7 42053.0
2008 8 7304.0
2008 9 58622.0
2008 10 44510.0
2008 11 21463.0
2008 12 4521.0
2009 1 19287.0
2009 2 51047.0
2009 3 9445.0
2009 4 6510.333333333334
2009 5 3575.666666666667
2009 6 641.0
2009 7 21031.0
2009 8 788.0
2009 9 7679.0
2009 10 361.0
2009 11 1162.0
2009 12 27189.0
2010 1 24681.0
2010 2 1938.0
2010 3 15716.0
2010 4 5804.0
2010 5 4400.0
2010 6 8740.0
2010 7 4746.0
2010 8 9881.0
2010 9 32807.0
2010 10 11798.0
2010 11 18517.0
2010 12 18523.0
2011 1 8364.0
2011 2 37283.0
2011 3 23832.0
2011 4 5299.0
2011 5 362.0
2011 6 11531.0
2011 7 26087.0
2011 8 44458.0
2011 9 22620.0
2011 10 14679.0
2011 11 50064.0
2011 12 4564.0
2012 1 19149.0
2012 2 96855.0
2012 3 15726.0
2012 4 9498.0
2012 5 13602.0
2012 6 15651.0
2012 7 37194.0
2012 8 87047.0
2012 9 44301.0
2012 10 35774.0
2012 11 24870.0
2012 12 154210.0
2013 1 50171.0
2013 2 44679.0
2013 3 19211.0
2013 4 77451.0
2013 5 110120.0
2013 6 18974.0
2013 7 71643.0
2013 8 25214.0
2013 9 10100.0
2013 10 30693.0
2013 11 17419.0
2013 12 193925.0
2014 1 37857.0
2014 2 114154.0
2014 3 197003.0
2014 4 144463.0
2014 5 106640.0
2014 6 71928.0
2014 7 89153.0
2014 8 84740.0
2014 9 30014.0
2014 10 87004.0
2014 11 72315.0
2014 12 171121.0
2015 1 53241.0
2015 2 74054.0
2015 3 124835.0
2015 4 184454.0
2015 5 80753.0
2015 6 98597.0
2015 7 114539.0
2015 8 140068.0
2015 9 76437.0
2015 10 69294.0
2015 11 84834.0
2015 12 107031.0
2016 1 152656.0
2016 2 51267.0
2016 3 22698.0
2016 4 37562.0
2016 5 167640.0
2016 6 174921.0
2016 7 85683.0
2016 8 73739.0
2016 9 212802.0
2016 10 36698.0
2016 11 192344.0
2016 12 175003.0
2017 1 142796.0
2017 2 44661.0
2017 3 123062.0
2017 4 81791.0
2017 5 123736.0
2017 6 122584.0
2017 7 8250.0
2017 8 182172.0
2017 9 125372.0
2017 10 180565.0
2017 11 82625.0
2017 12 87573.0
2018 1 45060.0
2018 2 114914.0
2018 3 45974.0
2018 4 175541.0
2018 5 79913.0
2018 6 45625.0
2018 7 173040.0
2018 8 73961.0
2018 9 162037.0
2018 10 79722.0
2018 11 61429.0
2018 12 42040.0
2019 1 51915.0
2019 2 63300.0
2019 3 125239.0
2019 4 200496.0
2019 5 164146.0
2019 6 156696.0
2019 7 167661.0
2019 8 108302.0
2019 9 114361.0
2019 10 142586.0
2019 11 259410.0
2019 12 153903.0
2020 1 285340.0
2020 2 250020.0
2020 3 175452.0
2020 4 153062.0
2020 5 53183.0
2020 6 225988.0
2020 7 164355.0
2020 8 114925.0
2020 9 40480.0
2020 10 139448.0
2020 11 147658.0
2020 12 244264.0
2021 1 202967.0
2021 2 177889.0
2021 3 56850.0
2021 4 151928.0
2021 5 202398.0
2021 6 238317.0
2021 7 224914.0
2021 8 171284.0
2021 9 152693.0
2021 10 202562.0
2021 11 275009.0
2021 12 297760.0
2022 1 255029.0
2022 2 120249.0
2022 3 298968.0
2022 4 180840.0
2022 5 158699.0
2022 6 259438.0
2022 7 721980.0
2022 8 264186.0
2022 9 260473.0
2022 10 349323.0
2022 11 128061.0
2022 12 530184.0
2023 1 53931.0
2023 2 359719.0
2023 3 560359.0
2023 4 199670.0
2023 5 160059.0
2023 6 42182.0
2023 7 410125.0
2023 8 137046.0
2023 9 361337.0
2023 10 167373.0
2023 11 388416.0
2023 12 306755.0
2024 1 208718.0
2024 2 165204.0
2024 3 182947.0
2024 4 240564.0
2024 5 60849.0
2024 6 209941.0
2024 7 234229.0
2024 8 200154.0
