1960 5 424.0
1960 6 573.0
1960 7 358.0
1960 8 273.0
1960 9 607.0
1960 10 1219.0
1960 11 655.0
1960 12 431.0
1961 1 632.0
1961 2 445.0
1961 3 649.0
1961 4 717.0
1961 5 545.0
1961 6 954.0
1961 7 510.0
1961 8 761.0
1961 9 443.0
1961 10 576.0
1961 11 801.0
1961 12 496.0
1962 1 1126.0
1962 2 711.0
1962 3 988.0
1962 4 955.0
1962 5 1755.0
1962 6 596.0
1962 7 775.0
1962 8 833.0
1962 9 1140.0
1962 10 1626.0
1962 11 1173.0
1962 12 757.0
1963 1 1606.0
1963 2 1810.0
1963 3 8962.0
1963 4 1970.0
1963 5 2974.0
1963 6 2011.0
1963 7 2185.0
1963 8 2613.0
1963 9 2233.0
1963 10 2131.0
1963 11 2380.0
1963 12 1725.0
1964 1 3835.0
1964 2 1115.0
1964 3 1216.0
1964 4 1745.0
1964 5 1760.0
1964 6 1002.0
1964 7 1235.0
1964 8 731.0
1964 9 346.0
1964 10 298.0
1964 11 1137.0
1964 12 454.0
1965 1 300.0
1965 2 407.0
1965 3 394.0
1965 4 236.0
1965 5 257.0
1965 6 422.0
1965 7 214.0
1965 8 604.0
1965 9 469.0
1965 10 319.0
1965 11 232.0
1965 12 100.0
1966 1 568.0
1966 2 364.0
1966 3 226.0
1966 4 185.0
1966 5 601.0
1966 6 657.0
1966 7 555.0
1966 8 136.0
1966 9 210.0
1966 10 774.0
1966 11 464.0
1966 12 23.0
1967 1 453.0
1967 2 106.0
1967 3 677.0
1967 4 192.0
1967 5 1491.0
1967 6 288.0
1967 7 331.0
1967 8 282.0
1967 9 969.0
1967 10 211.0
1967 11 181.0
1967 12 586.0
1968 1 1229.0
1968 2 122.0
1968 3 1790.0
1968 4 583.0
1968 5 760.0
1968 6 1477.0
1968 7 596.0
1968 8 826.0
1968 9 1480.0
1968 10 567.0
1968 11 2632.0
1968 12 1071.0
1969 1 1276.0
1969 2 2654.0
1969 3 1068.0
1969 4 1071.0
1969 5 1381.0
1969 6 1119.0
1969 7 1685.0
1969 8 3053.0
1969 9 1472.0
1969 10 1567.0
1969 11 2334.0
1969 12 1821.0
1970 1 4062.0
1970 2 1226.0
1970 3 1239.0
1970 4 1938.0
1970 5 1208.0
1970 6 333.0
1970 7 596.0
1970 8 4653.0
1970 9 1936.0
1970 10 1414.0
1970 11 4211.0
1970 12 2251.0
1971 1 3278.0
1971 2 2465.0
1971 3 3456.0
1971 4 2786.0
1971 5 5785.0
1971 6 5490.0
1971 7 2550.0
1971 8 8397.0
1971 9 5253.0
1971 10 7299.0
1971 11 2814.0
1971 12 3569.0
1972 1 4271.0
1972 2 3149.0
1972 3 2516.0
1972 4 2141.0
1972 5 3955.0
1972 6 3712.0
1972 7 6233.0
1972 8 1453.0
1972 9 2135.0
1972 10 3060.0
1972 11 5384.0
1972 12 5356.0
1973 1 4426.0
1973 2 3707.0
1973 3 4558.0
1973 4 5137.0
1973 5 6524.0
1973 6 3437.0
1973 7 6271.0
1973 8 2606.0
1973 9 1811.0
1973 10 2840.0
1973 11 2667.0
1973 12 2194.0
1974 1 3375.0
1974 2 3044.0
1974 3 2075.0
1974 4 3456.0
1974 5 2801.0
1974 6 1008.0
1974 7 467.0
1974 8 1033.0
1974 9 671.0
1974 10 667.0
1974 11 2034.0
1974 12 654.0
1975 1 351.0
1975 2 578.0
1975 3 595.0
1975 4 734.0
1975 5 648.0
1975 6 1675.0
1975 7 1189.0
1975 8 669.0
1975 9 875.0
1975 10 776.0
1975 11 250.0
1975 12 2193.0
1976 1 562.0
1976 2 436.0
1976 3 617.0
1976 4 776.0
1976 5 550.0
1976 6 710.0
1976 7 478.0
1976 8 4984.0
1976 9 707.0
1976 10 1204.0
1976 11 995.0
1976 12 2113.0
1977 1 1171.0
1977 2 1010.0
1977 3 520.0
1977 4 1695.0
1977 5 2748.0
1977 6 740.0
1977 7 912.0
1977 8 1557.0
1977 9 1073.0
1977 10 888.0
1977 11 1184.0
1977 12 1162.0
1978 1 1375.0
1978 2 5490.0
1978 3 1996.0
1978 4 4272.0
1978 5 2884.0
1978 6 5663.0
1978 7 2914.0
1978 8 2302.0
1978 9 1819.0
1978 10 3021.0
1978 11 3406.0
1978 12 1803.0
1979 1 1744.0
1979 2 3104.0
1979 3 2871.0
1979 4 2267.0
1979 5 2791.0
1979 6 4543.0
1979 7 6981.0
1979 8 5624.0
1979 9 3441.0
1979 10 3461.0
1979 11 2241.0
1979 12 1856.0
1980 1 4185.0
1980 2 2922.0
1980 3 3206.0
1980 4 1409.0
1980 5 6079.0
1980 6 4542.0
1980 7 4088.0
1980 8 5131.0
1980 9 3355.0
1980 10 3942.0
1980 11 3589.0
1980 12 3829.0
1981 1 4779.0
1981 2 3739.0
1981 3 2933.0
1981 4 5118.0
1981 5 5832.0
1981 6 11340.0
1981 7 2731.0
1981 8 2142.0
1981 9 2674.0
1981 10 2071.0
1981 11 2738.0
1981 12 2956.0
1982 1 5009.0
1982 2 4464.0
1982 3 4339.0
1982 4 4206.0
1982 5 2185.0
1982 6 1867.0
1982 7 3296.0
1982 8 4711.0
1982 9 7681.0
1982 10 5503.0
1982 11 6314.5
1982 12 7126.0
1983 1 15270.0
1983 2 4497.0
1983 3 6448.0
1983 4 8393.0
1983 5 7200.0
1983 6 7360.0
1983 7 8912.0
1983 8 11636.0
1983 9 8714.0
1983 10 9473.0
1983 11 3239.0
1983 12 6704.0
1984 1 14080.0
1984 2 10086.0
1984 3 12344.0
1984 4 10427.0
1984 5 11271.0
1984 6 10326.0
1984 7 11629.0
1984 8 8884.0
1984 9 7873.0
1984 10 10050.0
1984 11 10250.0
1984 12 6870.0
1985 1 10685.0
1985 2 6259.0
1985 3 10467.0
1985 4 8428.0
1985 5 9606.0
1985 6 13362.0
1985 7 7891.0
1985 8 10320.0
1985 9 5804.0
1985 10 12473.0
1985 11 6242.0
1985 12 9271.0
1986 1 6411.0
1986 2 3254.0
1986 3 6826.0
1986 4 8153.0
1986 5 3851.0
1986 6 4282.0
1986 7 3832.0
1986 8 3972.0
1986 9 7953.0
1986 10 3522.0
1986 11 2204.0
1986 12 2209.0
1987 1 3942.0
1987 2 3257.0
1987 3 5588.0
1987 4 5346.0
1987 5 4036.0
1987 6 3050.0
1987 7 1502.0
1987 8 2191.0
1987 9 5180.0
1987 10 2864.0
1987 11 556.0
1987 12 1932.0
1988 1 1036.0
1988 2 675.0
1988 3 2860.0
1988 4 1243.0
1988 5 8009.0
1988 6 2838.0
1988 7 493.0
1988 8 2672.0
1988 9 872.0
1988 10 1828.0
1988 11 1013.0
1988 12 1486.0
1989 1 2921.0
1989 2 2117.0
1989 3 3258.0
1989 4 2236.0
1989 5 1739.0
1989 6 821.0
1989 7 2225.0
1989 8 1227.0
1989 9 847.0
1989 10 2174.0
1989 11 1599.0
1989 12 706.0
1990 1 1585.0
1990 2 702.0
1990 3 1357.0
1990 4 2357.0
1990 5 1115.0
1990 6 1150.0
1990 7 1453.0
1990 8 2242.0
1990 9 994.0
1990 10 2308.0
1990 11 1617.0
1990 12 1843.0
1991 1 2370.0
1991 2 2778.0
1991 3 2595.0
1991 4 1462.0
1991 5 3128.0
1991 6 1777.0
1991 7 1195.0
1991 8 550.0
1991 9 2219.0
1991 10 1198.0
1991 11 1371.0
1991 12 434.0
1992 1 3217.0
1992 2 2627.0
1992 3 1898.0
1992 4 3124.0
1992 5 2399.0
1992 6 4361.0
1992 7 6728.0
1992 8 2733.0
1992 9 3003.0
1992 10 1463.0
1992 11 2433.0
1992 12 895.0
1993 1 2352.0
1993 2 2978.0
1993 3 4372.0
1993 4 3945.0
1993 5 2046.0
1993 6 5161.0
1993 7 1532.0
1993 8 2344.0
1993 9 5449.0
1993 10 6544.0
1993 11 3617.0
1993 12 4181.0
1994 1 9165.0
1994 2 6197.0
1994 3 9231.0
1994 4 6563.0
1994 5 7833.0
1994 6 9399.0
1994 7 4981.0
1994 8 6581.0
1994 9 8668.0
1994 10 5045.0
1994 11 4240.0
1994 12 7933.0
1995 1 3507.0
1995 2 3845.0
1995 3 6922.0
1995 4 9858.0
1995 5 10159.0
1995 6 6199.0
1995 7 5652.0
1995 8 7427.0
1995 9 6573.0
1995 10 7157.0
1995 11 6465.0
1995 12 7771.0
1996 1 6167.0
1996 2 3785.0
1996 3 2991.0
1996 4 3205.0
1996 5 3551.0
1996 6 5307.0
1996 7 5184.0
1996 8 5093.0
1996 9 4475.0
1996 10 5398.0
1996 11 7104.0
1996 12 2369.0
1997 1 10613.0
1997 2 1946.0
1997 3 9464.0
1997 4 5305.0
1997 5 3998.0
1997 6 4093.0
1997 7 3047.0
1997 8 5942.0
1997 9 2711.0
1997 10 5842.0
1997 11 2358.0
1997 12 4096.0
1998 1 3528.0
1998 2 1910.0
1998 3 4054.0
1998 4 3592.0
1998 5 6024.0
1998 6 5095.0
1998 7 10050.0
1998 8 4528.0
1998 9 5399.0
1998 10 11296.0
1998 11 6365.0
1998 12 2908.0
1999 1 6134.0
1999 2 6338.0
1999 3 8925.0
1999 4 5773.0
1999 5 10006.0
1999 6 3667.0
1999 7 6549.0
1999 8 3455.0
1999 9 7795.0
1999 10 4958.0
1999 11 4955.0
1999 12 6865.0
2000 1 9788.0
2000 2 9652.0
2000 3 14504.0
2000 4 6670.0
2000 5 9490.0
2000 6 8793.0
2000 7 4419.0
2000 8 9931.0
2000 9 4781.0
2000 10 6899.0
2000 11 6190.0
2000 12 4696.0
2001 1 5450.0
2001 2 13420.0
2001 3 25374.0
2001 4 4917.0
2001 5 9803.0
2001 6 8069.0
2001 7 8736.0
2001 8 9820.0
2001 9 6500.0
2001 10 4949.0
2001 11 4234.0
2001 12 5525.0
2002 1 5300.0
2002 2 8692.0
2002 3 6416.0
2002 4 8475.0
2002 5 6469.0
2002 6 3788.0
2002 7 7513.0
2002 8 4660.0
2002 9 11283.0
2002 10 7768.0
2002 11 6009.0
2002 12 5677.0
2003 1 6707.0
2003 2 4879.0
2003 3 4713.0
2003 4 5968.0
2003 5 5118.0
2003 6 10724.0
2003 7 6625.0
2003 8 7830.0
2003 9 5985.0
2003 10 30098.0
2003 11 7656.0
2003 12 8734.0
2004 1 11410.0
2004 2 23185.0
2004 3 18446.0
2004 4 29472.0
2004 5 8310.0
2004 6 18289.0
2004 7 13136.0
2004 8 17895.0
2004 9 11587.0
2004 10 7855.0
2004 11 9641.0
2004 12 10732.0
2005 1 10621.0
2005 2 6372.0
2005 3 17088.0
2005 4 7788.0
2005 5 7194.0
2005 6 8753.0
2005 7 16561.0
2005 8 20000.0
2005 9 6394.0
2005 10 17728.0
2005 11 7649.0
2005 12 19894.0
2006 1 28365.0
2006 2 25269.0
2006 3 34995.0
2006 4 17628.0
2006 5 21564.0
2006 6 11198.0
2006 7 10679.0
2006 8 16664.0
2006 9 8993.0
2006 10 15068.0
2006 11 8162.0
2006 12 16292.0
2007 1 6014.0
2007 2 25959.0
2007 3 8609.0
2007 4 13527.0
2007 5 21828.0
2007 6 23450.0
2007 7 18753.0
2007 8 18018.0
2007 9 7603.0
2007 10 15318.0
2007 11 11470.0
2007 12 11758.0
2008 1 5471.0
2008 2 9581.0
2008 3 3612.0
2008 4 4905.0
2008 5 4417.0
2008 6 19642.0
2008 7 1188.0
2008 8 2557.0
2008 9 1644.0
2008 10 4217.0
2008 11 13883.0
2008 12 959.0
2009 1 1779.0
2009 2 199.0
2009 3 1048.0
2009 4 224.0
2009 5 821.0
2009 6 420.0
2009 7 210.0
2009 8 210.0
2009 9 2435.0
2009 10 624.0
2009 11 3172.0
2009 12 541.0
2010 1 1485.0
2010 2 2116.0
2010 3 1187.0
2010 4 1251.0
2010 5 2511.0
2010 6 4195.0
2010 7 2724.0
2010 8 442.0
2010 9 2436.5
2010 10 4431.0
2010 11 3862.1666666666665
2010 12 3293.333333333333
2011 1 2724.5
2011 2 2155.6666666666665
2011 3 1586.833333333333
2011 4 1018.0
2011 5 466.0
2011 6 466.0
2011 7 436.0
2011 8 975.0
2011 9 2780.0
2011 10 2383.0
2011 11 1646.0
2011 12 9533.0
2012 1 707.0
2012 2 1521.0
2012 3 2840.0
2012 4 1554.0
2012 5 6756.0
2012 6 775.0
2012 7 3494.0
2012 8 5865.0
2012 9 2924.0
2012 10 9646.0
2012 11 4155.0
2012 12 9537.0
2013 1 1869.0
2013 2 1653.0
2013 3 3906.0
2013 4 4802.0
2013 5 9227.0
2013 6 5670.0
2013 7 5268.0
2013 8 1601.0
2013 9 1831.0
2013 10 868.0
2013 11 1176.0
2013 12 9932.0
2014 1 4286.0
2014 2 3739.0
2014 3 17118.0
2014 4 1343.0
2014 5 716.0
2014 6 3015.0
2014 7 98.0
2014 8 6784.0
2014 9 8610.0
2014 10 1194.0
2014 11 2160.0
2014 12 4098.0
2015 1 8408.0
2015 2 2860.0
2015 3 6828.0
2015 4 4582.0
2015 5 2418.0
2015 6 4217.0
2015 7 3894.0
2015 8 3604.0
2015 9 2295.0
2015 10 1684.0
2015 11 1731.0
2015 12 4734.0
2016 1 4368.0
2016 2 10008.0
2016 3 6527.0
2016 4 7578.0
2016 5 4568.0
2016 6 8523.0
2016 7 3965.0
2016 8 7706.0
2016 9 8412.0
2016 10 3150.0
2016 11 2050.0
2016 12 5873.0
2017 1 5374.0
2017 2 9647.0
2017 3 9179.0
2017 4 3437.0
2017 5 5479.0
2017 6 5853.0
2017 7 3426.0
2017 8 15041.0
2017 9 5371.0
2017 10 7644.0
2017 11 5736.0
2017 12 4002.0
2018 1 9580.0
2018 2 6696.0
2018 3 10551.0
2018 4 7148.0
2018 5 5000.0
2018 6 12288.0
2018 7 7211.0
2018 8 17836.0
2018 9 13305.0
2018 10 6187.0
2018 11 4659.0
2018 12 4990.0
2019 1 12986.0
2019 2 2996.0
2019 3 12730.0
2019 4 10765.0
2019 5 11059.0
2019 6 8092.0
2019 7 15952.0
2019 8 18900.0
2019 9 11585.0
2019 10 9572.0
2019 11 12430.0
2019 12 9321.0
2020 1 9451.0
2020 2 7065.0
2020 3 6305.0
2020 4 3012.0
2020 5 8996.0
2020 6 19415.0
2020 7 15997.0
2020 8 22373.0
2020 9 8103.0
2020 10 22736.0
2020 11 16656.0
2020 12 13599.0
2021 1 11038.0
2021 2 11473.0
2021 3 21040.0
2021 4 16149.0
2021 5 22592.0
2021 6 17617.0
2021 7 19326.0
2021 8 17017.0
2021 9 10926.0
2021 10 21967.0
2021 11 26166.0
2021 12 22252.0
2022 1 19623.0
2022 2 36768.0
2022 3 28631.0
2022 4 30152.0
2022 5 21400.0
2022 6 41544.0
2022 7 7672.0
2022 8 16865.0
2022 9 23831.0
2022 10 26244.0
2022 11 18642.0
2022 12 15281.0
2023 1 15092.0
2023 2 7626.0
2023 3 22004.0
2023 4 37918.0
2023 5 25942.0
2023 6 92681.0
2023 7 20524.0
2023 8 28644.0
2023 9 16690.0
2023 10 27725.0
2023 11 19464.0
2023 12 14796.0
2024 1 22662.0
2024 2 20488.0
2024 3 22597.0
2024 4 22427.0
2024 5 38038.0
2024 6 20170.0
2024 7 27860.0
2024 8 27632.0
