1960 5 2646.0
1960 6 3034.0
1960 7 2046.0
1960 8 2608.0
1960 9 2174.0
1960 10 2403.0
1960 11 1846.0
1960 12 1380.0
1961 1 1837.0
1961 2 2642.0
1961 3 2817.0
1961 4 2608.0
1961 5 2579.0
1961 6 2780.0
1961 7 3244.0
1961 8 2835.0
1961 9 3231.0
1961 10 3243.0
1961 11 2431.0
1961 12 1679.0
1962 1 2489.0
1962 2 3218.0
1962 3 4651.0
1962 4 3636.0
1962 5 4464.0
1962 6 3382.0
1962 7 3472.0
1962 8 4757.0
1962 9 3735.0
1962 10 4315.0
1962 11 3432.0
1962 12 2089.0
1963 1 3502.0
1963 2 3812.0
1963 3 4563.0
1963 4 4780.0
1963 5 4699.0
1963 6 3986.0
1963 7 4083.0
1963 8 3445.0
1963 9 4103.0
1963 10 4019.0
1963 11 2787.0
1963 12 2769.0
1964 1 3232.0
1964 2 3088.0
1964 3 4789.0
1964 4 4322.0
1964 5 3893.0
1964 6 4713.0
1964 7 3550.0
1964 8 3760.0
1964 9 4220.0
1964 10 4126.0
1964 11 3181.0
1964 12 4858.0
1965 1 3774.0
1965 2 3158.0
1965 3 4549.0
1965 4 5516.0
1965 5 4261.0
1965 6 5307.0
1965 7 4821.0
1965 8 4340.0
1965 9 3783.0
1965 10 3482.0
1965 11 4226.0
1965 12 3478.0
1966 1 3175.0
1966 2 3360.0
1966 3 5294.0
1966 4 4757.0
1966 5 3312.0
1966 6 2840.0
1966 7 2777.0
1966 8 3119.0
1966 9 2560.0
1966 10 2237.0
1966 11 2108.0
1966 12 1660.0
1967 1 2783.0
1967 2 3492.0
1967 3 4063.0
1967 4 3364.0
1967 5 3411.0
1967 6 4385.0
1967 7 3558.0
1967 8 4030.0
1967 9 4099.0
1967 10 4055.0
1967 11 2738.0
1967 12 2629.0
1968 1 3300.0
1968 2 3723.0
1968 3 3901.0
1968 4 5074.0
1968 5 5742.0
1968 6 6041.0
1968 7 5215.0
1968 8 5942.0
1968 9 5963.0
1968 10 6842.0
1968 11 4431.0
1968 12 5236.0
1969 1 4781.0
1969 2 5754.0
1969 3 6365.0
1969 4 7470.0
1969 5 6020.0
1969 6 5079.0
1969 7 4909.0
1969 8 3986.0
1969 9 5865.0
1969 10 5701.0
1969 11 4048.0
1969 12 3558.0
1970 1 3725.0
1970 2 4363.0
1970 3 5239.0
1970 4 9324.0
1970 5 5228.0
1970 6 6326.0
1970 7 5412.0
1970 8 6525.0
1970 9 5893.0
1970 10 6138.0
1970 11 5081.0
1970 12 8247.0
1971 1 6486.0
1971 2 6297.0
1971 3 9200.0
1971 4 10376.0
1971 5 9895.0
1971 6 9113.0
1971 7 10318.0
1971 8 8133.0
1971 9 10566.0
1971 10 7657.0
1971 11 8993.0
1971 12 8258.0
1972 1 8509.0
1972 2 9871.0
1972 3 12912.0
1972 4 11238.0
1972 5 14542.0
1972 6 13868.0
1972 7 11443.0
1972 8 13130.0
1972 9 11519.0
1972 10 12891.0
1972 11 9330.0
1972 12 7471.0
1973 1 10988.0
1973 2 11399.0
1973 3 12707.0
1973 4 15614.0
1973 5 13806.0
1973 6 11836.0
1973 7 11630.0
1973 8 10299.0
1973 9 5385.0
1973 10 8390.0
1973 11 7159.0
1973 12 5792.0
1974 1 6377.0
1974 2 10303.0
1974 3 14862.0
1974 4 12842.0
1974 5 10969.0
1974 6 12209.0
1974 7 10656.0
1974 8 9068.0
1974 9 6989.0
1974 10 9154.0
1974 11 5935.0
1974 12 6166.0
1975 1 7566.0
1975 2 8654.0
1975 3 10357.0
1975 4 13257.0
1975 5 12517.0
1975 6 10805.0
1975 7 13144.0
1975 8 11505.0
1975 9 13850.0
1975 10 13613.0
1975 11 10284.0
1975 12 8845.0
1976 1 14691.0
1976 2 16287.0
1976 3 17686.0
1976 4 14393.0
1976 5 13082.0
1976 6 14459.0
1976 7 15904.0
1976 8 14816.0
1976 9 13838.0
1976 10 14053.0
1976 11 11758.0
1976 12 11482.0
1977 1 10534.0
1977 2 21219.0
1977 3 20013.0
1977 4 20824.0
1977 5 22313.0
1977 6 19740.0
1977 7 19903.0
1977 8 19890.0
1977 9 20064.0
1977 10 21264.0
1977 11 17934.0
1977 12 15071.0
1978 1 9788.0
1978 2 15525.0
1978 3 20669.0
1978 4 24735.0
1978 5 25286.0
1978 6 19688.0
1978 7 19047.0
1978 8 19472.0
1978 9 20441.0
1978 10 21413.0
1978 11 15661.0
1978 12 14203.0
1979 1 6340.0
1979 2 12971.0
1979 3 25649.0
1979 4 25566.0
1979 5 24304.0
1979 6 19692.0
1979 7 25396.0
1979 8 29543.0
1979 9 22590.0
1979 10 24019.0
1979 11 17928.0
1979 12 10371.0
1980 1 14602.0
1980 2 20350.0
1980 3 13537.0
1980 4 14947.0
1980 5 11042.0
1980 6 18270.0
1980 7 19307.0
1980 8 20382.0
1980 9 18428.0
1980 10 22371.0
1980 11 11833.0
1980 12 10987.0
1981 1 10119.0
1981 2 11242.0
1981 3 13744.0
1981 4 15989.0
1981 5 9598.0
1981 6 10364.0
1981 7 9494.0
1981 8 8075.0
1981 9 8338.0
1981 10 8025.0
1981 11 5794.0
1981 12 7124.0
1982 1 4358.0
1982 2 3690.0
1982 3 7782.0
1982 4 6297.0
1982 5 5919.0
1982 6 8128.0
1982 7 7222.0
1982 8 6605.0
1982 9 10544.0
1982 10 12837.0
1982 11 10297.0
1982 12 7757.0
1983 1 10771.0
1983 2 11389.0
1983 3 15989.0
1983 4 14650.0
1983 5 16579.0
1983 6 18712.0
1983 7 17353.0
1983 8 17316.0
1983 9 21963.0
1983 10 16146.0
1983 11 14391.0
1983 12 9030.0
1984 1 13242.0
1984 2 19952.0
1984 3 21609.0
1984 4 16407.0
1984 5 20612.0
1984 6 20283.0
1984 7 16284.0
1984 8 15811.0
1984 9 13620.0
1984 10 14016.0
1984 11 13957.0
1984 12 11286.0
1985 1 18462.0
1985 2 15185.0
1985 3 23911.0
1985 4 24949.0
1985 5 25216.0
1985 6 23616.0
1985 7 25045.0
1985 8 25192.0
1985 9 27568.0
1985 10 24129.0
1985 11 19325.0
1985 12 16104.0
1986 1 23377.0
1986 2 18138.0
1986 3 25783.0
1986 4 30148.0
1986 5 27500.0
1986 6 24511.0
1986 7 29808.0
1986 8 25215.0
1986 9 26260.0
1986 10 27423.0
1986 11 17894.0
1986 12 18882.0
1987 1 18951.0
1987 2 23426.0
1987 3 28059.0
1987 4 26003.0
1987 5 26797.0
1987 6 29785.0
1987 7 24971.0
1987 8 24066.0
1987 9 23408.0
1987 10 23112.0
1987 11 15821.0
1987 12 16589.0
1988 1 14950.0
1988 2 23197.0
1988 3 28535.0
1988 4 28757.0
1988 5 28377.0
1988 6 26717.0
1988 7 23388.0
1988 8 25370.0
1988 9 23884.0
1988 10 20440.0
1988 11 18841.0
1988 12 22077.0
1989 1 18122.0
1989 2 14474.0
1989 3 24303.0
1989 4 26665.0
1989 5 23191.0
1989 6 25571.0
1989 7 22363.0
1989 8 28235.0
1989 9 25396.0
1989 10 26473.0
1989 11 21062.0
1989 12 16403.0
1990 1 24046.0
1990 2 24315.0
1990 3 29154.0
1990 4 27746.0
1990 5 29771.0
1990 6 31763.0
1990 7 28032.0
1990 8 28682.0
1990 9 23970.0
1990 10 26407.0
1990 11 19818.0
1990 12 12870.0
1991 1 15877.0
1991 2 23932.0
1991 3 24268.0
1991 4 27669.0
1991 5 33447.0
1991 6 31678.0
1991 7 36113.0
1991 8 31957.0
1991 9 34793.0
1991 10 30448.0
1991 11 23470.0
1991 12 24837.0
1992 1 26758.0
1992 2 32026.0
1992 3 42476.0
1992 4 38903.0
1992 5 39850.0
1992 6 37615.0
1992 7 37444.0
1992 8 40391.0
1992 9 42978.0
1992 10 43252.0
1992 11 34101.0
1992 12 35366.0
1993 1 35150.0
1993 2 41633.0
1993 3 46116.0
1993 4 48073.0
1993 5 44588.0
1993 6 55167.0
1993 7 48140.0
1993 8 50656.0
1993 9 46397.0
1993 10 47373.0
1993 11 40312.0
1993 12 42102.0
1994 1 44169.0
1994 2 51582.0
1994 3 72242.0
1994 4 69065.0
1994 5 72744.0
1994 6 62293.0
1994 7 55505.0
1994 8 59585.0
1994 9 47141.0
1994 10 50511.0
1994 11 49302.0
1994 12 32401.0
1995 1 36641.0
1995 2 43208.0
1995 3 57347.0
1995 4 52933.0
1995 5 59771.0
1995 6 57391.0
1995 7 48216.0
1995 8 57056.0
1995 9 49958.0
1995 10 64106.0
1995 11 54823.0
1995 12 39201.0
1996 1 46124.0
1996 2 67813.0
1996 3 57931.0
1996 4 70051.0
1996 5 66361.0
1996 6 70544.0
1996 7 65781.0
1996 8 62532.0
1996 9 57951.0
1996 10 58912.0
1996 11 38520.0
1996 12 35790.0
1997 1 46392.0
1997 2 54318.0
1997 3 54970.0
1997 4 67448.0
1997 5 62792.0
1997 6 54272.0
1997 7 51777.0
1997 8 48874.0
1997 9 57250.0
1997 10 56507.0
1997 11 39219.0
1997 12 41813.0
1998 1 40200.0
1998 2 47974.0
1998 3 71265.0
1998 4 80347.0
1998 5 70507.0
1998 6 58960.0
1998 7 60132.0
1998 8 63037.0
1998 9 61828.0
1998 10 56546.0
1998 11 52249.0
1998 12 50807.0
1999 1 57147.0
1999 2 62832.0
1999 3 75522.0
1999 4 82350.0
1999 5 73552.0
1999 6 81728.0
1999 7 81740.0
1999 8 76711.0
1999 9 74551.0
1999 10 69726.0
1999 11 58318.0
1999 12 54326.0
2000 1 60856.0
2000 2 80252.0
2000 3 76944.0
2000 4 65668.0
2000 5 69934.0
2000 6 64803.0
2000 7 61697.0
2000 8 79011.0
2000 9 57189.0
2000 10 87437.0
2000 11 50203.0
2000 12 37197.0
2001 1 56733.0
2001 2 67703.0
2001 3 87400.0
2001 4 86377.0
2001 5 92312.0
2001 6 92601.0
2001 7 79824.0
2001 8 91163.0
2001 9 69403.0
2001 10 70921.0
2001 11 59273.0
2001 12 57994.0
2002 1 68984.0
2002 2 78113.0
2002 3 70937.0
2002 4 101273.0
2002 5 89316.0
2002 6 117657.0
2002 7 87129.0
2002 8 93876.0
2002 9 74554.0
2002 10 85071.0
2002 11 82340.0
2002 12 69482.0
2003 1 85479.0
2003 2 66507.0
2003 3 110140.0
2003 4 110890.0
2003 5 117706.0
2003 6 122022.0
2003 7 112371.0
2003 8 150371.0
2003 9 103801.0
2003 10 113543.0
2003 11 82363.0
2003 12 91870.0
2004 1 102773.0
2004 2 97409.0
2004 3 131753.0
2004 4 123887.0
2004 5 122093.0
2004 6 127969.0
2004 7 135820.0
2004 8 125191.0
2004 9 136349.0
2004 10 119492.0
2004 11 97546.0
2004 12 110370.0
2005 1 123796.0
2005 2 113684.0
2005 3 167768.0
2005 4 150400.0
2005 5 140123.0
2005 6 157051.0
2005 7 150110.0
2005 8 158766.0
2005 9 152221.0
2005 10 127250.0
2005 11 131731.0
2005 12 149812.0
2006 1 132886.0
2006 2 135887.0
2006 3 142072.0
2006 4 160553.0
2006 5 140673.0
2006 6 154720.0
2006 7 128482.0
2006 8 135053.0
2006 9 88952.0
2006 10 97572.0
2006 11 101452.0
2006 12 73730.0
2007 1 88784.0
2007 2 99949.0
2007 3 129093.0
2007 4 112940.0
2007 5 106953.0
2007 6 101072.0
2007 7 101528.0
2007 8 99367.0
2007 9 71814.0
2007 10 67734.0
2007 11 63536.0
2007 12 59228.0
2008 1 65384.0
2008 2 61788.0
2008 3 68921.0
2008 4 72514.0
2008 5 84191.0
2008 6 71516.0
2008 7 66173.0
2008 8 52591.0
2008 9 59354.0
2008 10 53206.0
2008 11 32527.0
2008 12 29787.0
2009 1 34228.0
2009 2 35126.0
2009 3 44485.0
2009 4 53435.0
2009 5 47119.0
2009 6 60570.0
2009 7 61834.0
2009 8 64248.0
2009 9 65129.0
2009 10 52479.0
2009 11 52842.0
2009 12 45977.0
2010 1 50418.0
2010 2 56093.0
2010 3 79903.0
2010 4 79502.0
2010 5 63095.0
2010 6 70824.0
2010 7 76937.0
2010 8 51333.0
2010 9 52033.0
2010 10 48291.0
2010 11 42793.0
2010 12 53401.0
2011 1 40619.0
2011 2 41535.0
2011 3 67806.0
2011 4 51652.0
2011 5 62753.0
2011 6 68501.0
2011 7 50151.0
2011 8 62598.0
2011 9 59240.0
2011 10 53420.0
2011 11 53934.0
2011 12 42116.0
2012 1 58036.0
2012 2 68071.0
2012 3 75270.0
2012 4 76348.0
2012 5 93368.0
2012 6 71989.0
2012 7 92682.0
2012 8 78094.0
2012 9 68123.0
2012 10 87244.0
2012 11 70218.0
2012 12 61193.0
2013 1 66330.0
2013 2 73196.0
2013 3 77323.0
2013 4 100162.0
2013 5 98884.0
2013 6 85757.0
2013 7 96335.0
2013 8 95140.0
2013 9 77218.0
2013 10 78790.0
2013 11 72158.0
2013 12 52576.0
2014 1 62138.0
2014 2 69956.0
2014 3 89324.0
2014 4 90157.0
2014 5 83526.0
2014 6 80112.0
2014 7 80441.0
2014 8 82614.0
2014 9 101545.0
2014 10 96169.0
2014 11 55176.0
2014 12 82792.0
2015 1 79261.0
2015 2 84979.0
2015 3 104030.0
2015 4 123626.0
2015 5 110067.0
2015 6 111282.0
2015 7 124818.0
2015 8 95774.0
2015 9 96305.0
2015 10 98052.0
2015 11 79203.0
2015 12 83140.0
2016 1 93056.0
2016 2 107651.0
2016 3 117126.0
2016 4 126154.0
2016 5 114581.0
2016 6 122427.0
2016 7 106468.0
2016 8 139001.0
2016 9 108423.0
2016 10 147060.0
2016 11 103004.0
2016 12 91803.0
2017 1 115089.0
2017 2 120516.0
2017 3 138900.0
2017 4 120347.0
2017 5 126922.0
2017 6 128102.0
2017 7 119826.0
2017 8 147317.0
2017 9 140772.0
2017 10 126122.0
2017 11 103709.0
2017 12 99485.0
2018 1 114962.0
2018 2 114359.0
2018 3 170479.0
2018 4 147419.0
2018 5 137587.0
2018 6 191312.0
2018 7 136636.0
2018 8 132388.0
2018 9 98840.0
2018 10 119594.0
2018 11 114519.0
2018 12 92655.0
2019 1 129603.0
2019 2 104235.0
2019 3 138944.0
2019 4 148999.0
2019 5 164827.0
2019 6 143487.0
2019 7 154774.0
2019 8 140413.0
2019 9 156799.0
2019 10 152504.0
2019 11 124146.0
2019 12 143780.0
2020 1 150111.0
2020 2 132228.0
2020 3 160360.0
2020 4 151714.0
2020 5 127418.0
2020 6 169652.0
2020 7 177198.0
2020 8 191192.0
2020 9 200097.0
2020 10 192436.0
2020 11 158890.0
2020 12 177866.0
2021 1 189296.0
2021 2 158673.0
2021 3 275131.0
2021 4 247689.0
2021 5 186661.0
2021 6 246762.0
2021 7 238702.0
2021 8 239971.0
2021 9 191928.0
2021 10 226946.0
2021 11 201579.0
2021 12 184185.0
2022 1 219899.0
2022 2 167230.0
2022 3 280239.0
2022 4 238020.0
2022 5 241521.0
2022 6 252831.0
2022 7 213957.0
2022 8 217687.0
2022 9 204542.0
2022 10 198637.0
2022 11 121593.0
2022 12 141651.0
2023 1 148611.0
2023 2 158629.0
2023 3 167603.0
2023 4 162676.0
2023 5 231483.0
2023 6 270006.0
2023 7 243629.0
2023 8 200522.0
2023 9 204807.0
2023 10 212613.0
2023 11 186800.0
2023 12 210265.0
2024 1 181811.0
2024 2 230939.0
2024 3 257941.0
2024 4 231888.0
2024 5 221649.0
2024 6 230235.0
2024 7 233540.0
2024 8 221686.0
