1960 5 77.0
1960 6 29.0
1960 7 110.0
1960 8 25.0
1960 9 38.0
1960 10 42.0
1960 11 9.0
1960 12 52.0
1961 1 12.0
1961 2 49.0
1961 3 19.0
1961 4 382.0
1961 5 207.0
1961 6 32.0
1961 7 28.0
1961 8 89.0
1961 9 92.0
1961 10 108.0
1961 11 40.0
1961 12 15.0
1962 1 63.0
1962 2 41.0
1962 3 71.0
1962 4 13.0
1962 5 75.0
1962 6 103.0
1962 7 65.0
1962 8 78.0
1962 9 108.0
1962 10 89.0
1962 11 21.0
1962 12 38.0
1963 1 116.0
1963 2 22.0
1963 3 73.0
1963 4 150.0
1963 5 28.0
1963 6 126.0
1963 7 89.0
1963 8 58.0
1963 9 32.0
1963 10 277.0
1963 11 24.0
1963 12 77.0
1964 1 26.0
1964 2 54.0
1964 3 56.0
1964 4 140.0
1964 5 32.0
1964 6 52.0
1964 7 12.0
1964 8 118.0
1964 9 109.0
1964 10 290.0
1964 11 190.0
1964 12 179.0
1965 1 94.0
1965 2 112.0
1965 3 272.0
1965 4 205.0
1965 5 108.0
1965 6 198.0
1965 7 192.0
1965 8 126.0
1965 9 235.0
1965 10 138.0
1965 11 89.0
1965 12 155.0
1966 1 122.0
1966 2 192.0
1966 3 84.0
1966 4 78.0
1966 5 101.0
1966 6 131.0
1966 7 87.0
1966 8 32.0
1966 9 170.0
1966 10 17.0
1966 11 35.0
1966 12 304.0
1967 1 65.0
1967 2 261.0
1967 3 190.0
1967 4 89.0
1967 5 52.0
1967 6 59.0
1967 7 53.0
1967 8 78.5
1967 9 104.0
1967 10 72.0
1967 11 188.0
1967 12 54.0
1968 1 120.0
1968 2 123.0
1968 3 109.0
1968 4 80.0
1968 5 174.0
1968 6 179.0
1968 7 265.0
1968 8 132.0
1968 9 736.0
1968 10 294.0
1968 11 551.0
1968 12 149.0
1969 1 96.0
1969 2 221.0
1969 3 194.0
1969 4 517.0
1969 5 450.0
1969 6 99.0
1969 7 439.0
1969 8 137.0
1969 9 313.0
1969 10 646.0
1969 11 117.0
1969 12 55.0
1970 1 680.0
1970 2 149.0
1970 3 135.0
1970 4 64.0
1970 5 165.0
1970 6 339.0
1970 7 255.0
1970 8 1705.0
1970 9 338.0
1970 10 638.0
1970 11 315.0
1970 12 921.0
1971 1 326.0
1971 2 373.0
1971 3 284.0
1971 4 353.0
1971 5 309.0
1971 6 330.0
1971 7 431.0
1971 8 478.0
1971 9 200.0
1971 10 473.0
1971 11 558.0
1971 12 453.0
1972 1 706.0
1972 2 424.0
1972 3 784.0
1972 4 239.0
1972 5 768.0
1972 6 779.0
1972 7 296.0
1972 8 1261.0
1972 9 649.0
1972 10 469.0
1972 11 3098.0
1972 12 485.0
1973 1 219.0
1973 2 516.0
1973 3 634.0
1973 4 540.0
1973 5 663.0
1973 6 345.0
1973 7 604.0
1973 8 480.0
1973 9 491.0
1973 10 563.0
1973 11 150.0
1973 12 1770.0
1974 1 414.0
1974 2 760.0
1974 3 419.0
1974 4 574.0
1974 5 892.0
1974 6 861.0
1974 7 517.0
1974 8 1520.0
1974 9 104.0
1974 10 467.0
1974 11 237.0
1974 12 629.0
1975 1 948.0
1975 2 1628.0
1975 3 1286.0
1975 4 437.0
1975 5 690.0
1975 6 283.0
1975 7 340.0
1975 8 608.0
1975 9 522.0
1975 10 243.0
1975 11 444.0
1975 12 1171.0
1976 1 823.0
1976 2 626.0
1976 3 505.0
1976 4 1146.0
1976 5 1002.0
1976 6 873.0
1976 7 494.0
1976 8 1244.0
1976 9 407.0
1976 10 1813.0
1976 11 761.0
1976 12 793.0
1977 1 492.0
1977 2 1419.0
1977 3 955.0
1977 4 1303.0
1977 5 1159.0
1977 6 1994.0
1977 7 1622.0
1977 8 1460.0
1977 9 1358.0
1977 10 2032.0
1977 11 2083.0
1977 12 1137.0
1978 1 470.0
1978 2 732.0
1978 3 1406.0
1978 4 998.0
1978 5 1108.0
1978 6 1000.0
1978 7 698.0
1978 8 2173.0
1978 9 1689.0
1978 10 1017.0
1978 11 707.0
1978 12 1917.0
1979 1 398.0
1979 2 874.0
1979 3 1261.0
1979 4 2041.0
1979 5 2087.0
1979 6 1018.0
1979 7 3789.0
1979 8 567.0
1979 9 644.0
1979 10 3044.0
1979 11 325.0
1979 12 1124.0
1980 1 798.0
1980 2 837.0
1980 3 702.0
1980 4 733.0
1980 5 1710.0
1980 6 1431.0
1980 7 1574.0
1980 8 3498.0
1980 9 3894.0
1980 10 2093.0
1980 11 649.0
1980 12 1483.0
1981 1 517.0
1981 2 2174.0
1981 3 1486.0
1981 4 2728.0
1981 5 2896.0
1981 6 823.0
1981 7 688.0
1981 8 445.0
1981 9 1020.0
1981 10 3605.0
1981 11 928.0
1981 12 984.0
1982 1 198.0
1982 2 397.0
1982 3 8695.0
1982 4 1207.0
1982 5 2372.0
1982 6 648.0
1982 7 2940.0
1982 8 2402.0
1982 9 1893.0
1982 10 830.0
1982 11 572.0
1982 12 314.0
1983 1 3381.0
1983 2 1770.0
1983 3 3911.0
1983 4 2196.0
1983 5 1792.0
1983 6 4221.0
1983 7 4216.0
1983 8 4140.0
1983 9 4772.0
1983 10 5156.0
1983 11 5914.0
1983 12 2359.0
1984 1 1647.0
1984 2 4005.0
1984 3 4517.0
1984 4 4304.0
1984 5 5607.0
1984 6 2974.0
1984 7 2755.0
1984 8 7079.0
1984 9 1004.0
1984 10 1921.0
1984 11 3007.0
1984 12 2021.0
1985 1 2350.0
1985 2 1429.0
1985 3 1929.0
1985 4 2779.0
1985 5 2159.0
1985 6 5254.0
1985 7 4013.0
1985 8 2296.0
1985 9 1932.0
1985 10 2872.0
1985 11 4954.0
1985 12 6765.0
1986 1 3797.0
1986 2 1260.0
1986 3 2455.0
1986 4 1365.0
1986 5 4513.0
1986 6 1429.0
1986 7 4842.0
1986 8 1412.0
1986 9 1906.0
1986 10 3007.0
1986 11 1481.0
1986 12 2098.0
1987 1 1361.0
1987 2 625.0
1987 3 1549.0
1987 4 965.0
1987 5 1932.0
1987 6 1293.0
1987 7 1146.0
1987 8 2299.0
1987 9 426.0
1987 10 1227.0
1987 11 654.0
1987 12 441.0
1988 1 169.0
1988 2 1251.0
1988 3 1389.0
1988 4 1444.0
1988 5 981.0
1988 6 627.0
1988 7 534.0
1988 8 1278.0
1988 9 1646.0
1988 10 1096.0
1988 11 1964.0
1988 12 333.0
1989 1 748.0
1989 2 788.0
1989 3 628.0
1989 4 673.0
1989 5 2624.0
1989 6 1001.0
1989 7 1498.0
1989 8 2526.0
1989 9 922.0
1989 10 2223.0
1989 11 331.0
1989 12 1071.0
1990 1 1037.0
1990 2 476.0
1990 3 1765.0
1990 4 511.0
1990 5 1201.0
1990 6 3152.0
1990 7 906.0
1990 8 779.0
1990 9 1510.0
1990 10 814.0
1990 11 678.0
1990 12 692.0
1991 1 1560.0
1991 2 1207.0
1991 3 2535.0
1991 4 599.0
1991 5 1015.0
1991 6 2559.0
1991 7 1337.0
1991 8 1126.0
1991 9 10707.0
1991 10 1283.0
1991 11 1523.0
1991 12 1075.0
1992 1 1415.0
1992 2 1332.0
1992 3 3314.0
1992 4 3267.0
1992 5 1669.0
1992 6 2275.0
1992 7 3102.0
1992 8 3806.0
1992 9 3513.0
1992 10 3216.0
1992 11 2766.0
1992 12 1459.0
1993 1 1704.0
1993 2 3490.0
1993 3 2612.0
1993 4 3596.0
1993 5 4870.0
1993 6 4174.0
1993 7 5070.0
1993 8 6669.0
1993 9 6880.0
1993 10 8701.0
1993 11 4737.0
1993 12 2394.0
1994 1 5885.0
1994 2 2257.0
1994 3 7677.0
1994 4 4607.0
1994 5 6583.0
1994 6 10396.0
1994 7 4579.0
1994 8 6813.0
1994 9 11469.0
1994 10 4358.0
1994 11 4206.0
1994 12 4027.0
1995 1 3476.0
1995 2 4836.0
1995 3 7718.0
1995 4 6016.0
1995 5 6402.0
1995 6 4291.0
1995 7 5195.0
1995 8 4010.0
1995 9 6720.0
1995 10 7418.0
1995 11 2534.0
1995 12 2799.0
1996 1 2062.0
1996 2 3169.0
1996 3 2524.0
1996 4 4086.0
1996 5 2323.0
1996 6 2092.0
1996 7 2115.0
1996 8 3699.0
1996 9 3768.0
1996 10 2382.0
1996 11 3800.0
1996 12 2614.0
1997 1 1702.0
1997 2 4278.0
1997 3 1593.0
1997 4 2808.0
1997 5 4484.0
1997 6 2369.0
1997 7 2173.0
1997 8 2253.0
1997 9 3124.0
1997 10 4784.0
1997 11 2703.0
1997 12 2544.0
1998 1 2375.0
1998 2 1551.0
1998 3 4290.0
1998 4 2842.0
1998 5 5880.0
1998 6 4061.0
1998 7 4306.0
1998 8 1466.0
1998 9 2802.0
1998 10 3309.0
1998 11 1869.0
1998 12 1501.0
1999 1 1261.0
1999 2 1067.0
1999 3 3547.0
1999 4 3759.0
1999 5 2057.0
1999 6 1993.0
1999 7 1417.0
1999 8 6971.0
1999 9 4906.0
1999 10 6453.0
1999 11 981.0
1999 12 982.0
2000 1 1829.0
2000 2 2549.0
2000 3 3103.0
2000 4 3168.0
2000 5 6755.0
2000 6 5507.0
2000 7 1096.0
2000 8 6117.0
2000 9 4392.0
2000 10 2255.0
2000 11 1783.0
2000 12 509.0
2001 1 5087.0
2001 2 1456.0
2001 3 4118.0
2001 4 5014.0
2001 5 3452.0
2001 6 15787.0
2001 7 2174.0
2001 8 1495.0
2001 9 1529.0
2001 10 5984.0
2001 11 3280.0
2001 12 3399.0
2002 1 351.0
2002 2 3130.0
2002 3 3041.0
2002 4 1532.0
2002 5 3144.0
2002 6 13854.0
2002 7 2254.0
2002 8 5380.0
2002 9 5261.0
2002 10 4526.0
2002 11 3484.0
2002 12 3134.0
2003 1 1613.0
2003 2 2010.0
2003 3 2453.0
2003 4 6578.0
2003 5 9459.0
2003 6 2757.0
2003 7 4161.0
2003 8 9089.0
2003 9 4497.0
2003 10 3195.0
2003 11 1626.0
2003 12 1718.0
2004 1 3425.0
2004 2 1573.0
2004 3 4259.0
2004 4 3625.0
2004 5 2115.0
2004 6 4396.0
2004 7 2230.0
2004 8 4657.0
2004 9 5816.0
2004 10 11457.0
2004 11 1864.0
2004 12 12258.0
2005 1 5344.0
2005 2 6259.0
2005 3 9117.0
2005 4 4652.0
2005 5 7770.0
2005 6 5131.0
2005 7 3934.0
2005 8 7949.0
2005 9 6719.0
2005 10 10888.0
2005 11 4373.0
2005 12 3279.0
2006 1 16457.0
2006 2 7057.0
2006 3 5992.0
2006 4 11279.0
2006 5 5763.0
2006 6 3370.0
2006 7 5659.0
2006 8 5421.0
2006 9 7463.0
2006 10 4339.0
2006 11 7197.0
2006 12 4011.0
2007 1 6279.0
2007 2 24613.0
2007 3 8756.0
2007 4 3814.0
2007 5 7217.0
2007 6 4806.0
2007 7 9486.0
2007 8 5116.0
2007 9 3769.0
2007 10 2928.0
2007 11 4223.0
2007 12 11412.0
2008 1 4020.0
2008 2 4146.0
2008 3 3898.0
2008 4 3637.0
2008 5 6629.0
2008 6 6439.0
2008 7 3696.0
2008 8 1844.0
2008 9 4117.0
2008 10 1213.0
2008 11 2116.0
2008 12 1363.0
2009 1 4385.0
2009 2 2325.0
2009 3 1449.0
2009 4 1160.0
2009 5 4773.0
2009 6 1009.0
2009 7 2883.0
2009 8 1978.0
2009 9 1140.0
2009 10 4146.0
2009 11 358.0
2009 12 265.0
2010 1 1124.0
2010 2 699.0
2010 3 5109.0
2010 4 1553.0
2010 5 2539.0
2010 6 2322.0
2010 7 2309.0
2010 8 1757.0
2010 9 8205.0
2010 10 4248.0
2010 11 2664.0
2010 12 3253.0
2011 1 723.0
2011 2 411.0
2011 3 3654.0
2011 4 2308.0
2011 5 2545.0
2011 6 4986.0
2011 7 3777.0
2011 8 4270.0
2011 9 2091.0
2011 10 3785.0
2011 11 4966.0
2011 12 675.0
2012 1 3509.0
2012 2 3238.0
2012 3 2383.0
2012 4 1600.0
2012 5 2470.0
2012 6 2002.0
2012 7 800.0
2012 8 3948.0
2012 9 3419.0
2012 10 5512.0
2012 11 2218.0
2012 12 3798.0
2013 1 1561.0
2013 2 4021.0
2013 3 2070.0
2013 4 3230.0
2013 5 1564.0
2013 6 1168.0
2013 7 6998.0
2013 8 975.0
2013 9 2741.0
2013 10 7826.0
2013 11 1655.0
2013 12 3038.0
2014 1 1367.0
2014 2 1963.0
2014 3 3486.0
2014 4 4235.0
2014 5 2993.0
2014 6 3029.0
2014 7 447.0
2014 8 1663.0
2014 9 1778.0
2014 10 4506.0
2014 11 400.0
2014 12 3128.0
2015 1 1807.0
2015 2 23887.0
2015 3 2640.0
2015 4 1328.0
2015 5 2303.0
2015 6 4775.0
2015 7 2456.0
2015 8 745.0
2015 9 6839.0
2015 10 3276.0
2015 11 520.0
2015 12 2474.0
2016 1 6052.0
2016 2 8404.0
2016 3 4298.0
2016 4 6135.0
2016 5 5281.0
2016 6 2920.0
2016 7 2925.0
2016 8 6538.0
2016 9 4458.0
2016 10 3080.0
2016 11 3830.0
2016 12 11400.0
2017 1 6596.0
2017 2 6604.0
2017 3 9000.0
2017 4 4267.0
2017 5 3262.0
2017 6 3341.0
2017 7 18024.0
2017 8 4366.0
2017 9 7866.0
2017 10 5912.0
2017 11 5099.0
2017 12 4003.0
2018 1 9423.0
2018 2 6681.0
2018 3 8402.0
2018 4 3500.0
2018 5 793.0
2018 6 2754.0
2018 7 13014.0
2018 8 4843.0
2018 9 14690.0
2018 10 8318.0
2018 11 10804.0
2018 12 4190.0
2019 1 2825.0
2019 2 7132.0
2019 3 6302.0
2019 4 9619.0
2019 5 9919.0
2019 6 15800.0
2019 7 2440.0
2019 8 14493.0
2019 9 6465.0
2019 10 9986.0
2019 11 6272.0
2019 12 15056.0
2020 1 12903.0
2020 2 9748.0
2020 3 10345.0
2020 4 11853.0
2020 5 18002.0
2020 6 14902.0
2020 7 16484.0
2020 8 20501.0
2020 9 9595.0
2020 10 18690.0
2020 11 17107.0
2020 12 8978.0
2021 1 5543.0
2021 2 21931.0
2021 3 23406.0
2021 4 2146.0
2021 5 5866.0
2021 6 6855.0
2021 7 9611.0
2021 8 3186.0
2021 9 3131.0
2021 10 11618.0
2021 11 7482.0
2021 12 50256.0
2022 1 6492.0
2022 2 6220.0
2022 3 8626.0
2022 4 13114.0
2022 5 19851.0
2022 6 28510.0
2022 7 10126.0
2022 8 18721.0
2022 9 5270.0
2022 10 12722.0
2022 11 8909.0
2022 12 2654.0
2023 1 34456.0
2023 2 10967.0
2023 3 5693.0
2023 4 22418.0
2023 5 9173.0
2023 6 12440.0
2023 7 14243.0
2023 8 22466.0
2023 9 11841.0
2023 10 15929.0
2023 11 14551.0
2023 12 20040.0
2024 1 12171.0
2024 2 19370.0
2024 3 12178.0
2024 4 17104.0
2024 5 14157.0
2024 6 6776.0
2024 7 8628.0
2024 8 22539.0
