1960 5 77.0
1960 6 29.0
1960 7 110.0
1960 8 25.0
1960 9 38.0
1960 10 82.0
1960 11 9.0
1960 12 52.0
1961 1 12.0
1961 2 49.0
1961 3 249.0
1961 4 382.0
1961 5 207.0
1961 6 32.0
1961 7 28.0
1961 8 89.0
1961 9 92.0
1961 10 145.0
1961 11 40.0
1961 12 15.0
1962 1 63.0
1962 2 222.0
1962 3 71.0
1962 4 13.0
1962 5 3088.0
1962 6 490.0
1962 7 285.0
1962 8 484.0
1962 9 168.0
1962 10 505.0
1962 11 1834.0
1962 12 135.0
1963 1 896.0
1963 2 135.0
1963 3 235.0
1963 4 1473.0
1963 5 543.0
1963 6 3269.0
1963 7 464.0
1963 8 263.0
1963 9 839.0
1963 10 470.0
1963 11 251.0
1963 12 1701.0
1964 1 89.0
1964 2 384.0
1964 3 268.0
1964 4 1114.0
1964 5 504.0
1964 6 1860.0
1964 7 459.0
1964 8 304.0
1964 9 184.0
1964 10 542.0
1964 11 597.0
1964 12 1044.0
1965 1 749.0
1965 2 641.0
1965 3 2302.0
1965 4 349.0
1965 5 2202.0
1965 6 260.0
1965 7 1627.0
1965 8 602.0
1965 9 660.0
1965 10 474.0
1965 11 539.0
1965 12 760.0
1966 1 216.0
1966 2 720.0
1966 3 944.0
1966 4 455.0
1966 5 2495.0
1966 6 759.0
1966 7 234.0
1966 8 194.0
1966 9 1215.0
1966 10 109.0
1966 11 335.0
1966 12 312.0
1967 1 270.0
1967 2 501.0
1967 3 777.0
1967 4 139.0
1967 5 602.0
1967 6 499.0
1967 7 1183.0
1967 8 650.0
1967 9 269.0
1967 10 407.0
1967 11 2520.0
1967 12 619.0
1968 1 365.0
1968 2 163.0
1968 3 980.0
1968 4 219.0
1968 5 1214.0
1968 6 1894.0
1968 7 1433.0
1968 8 968.0
1968 9 1062.0
1968 10 294.0
1968 11 2423.0
1968 12 781.0
1969 1 371.0
1969 2 452.0
1969 3 1156.0
1969 4 823.0
1969 5 1071.0
1969 6 2159.0
1969 7 575.0
1969 8 1238.0
1969 9 770.0
1969 10 2693.0
1969 11 3235.0
1969 12 659.0
1970 1 1851.0
1970 2 654.0
1970 3 1909.0
1970 4 2361.0
1970 5 2223.0
1970 6 2649.0
1970 7 3081.0
1970 8 3721.0
1970 9 3055.0
1970 10 3068.0
1970 11 4475.0
1970 12 1876.0
1971 1 581.0
1971 2 2528.0
1971 3 7658.0
1971 4 1358.0
1971 5 1579.0
1971 6 1601.0
1971 7 3230.0
1971 8 4460.0
1971 9 1217.0
1971 10 7475.0
1971 11 3564.0
1971 12 7321.0
1972 1 2207.0
1972 2 3281.0
1972 3 2421.0
1972 4 3393.0
1972 5 4304.0
1972 6 4027.0
1972 7 6105.0
1972 8 3331.0
1972 9 6616.0
1972 10 6795.0
1972 11 4282.0
1972 12 3736.0
1973 1 5089.0
1973 2 4925.0
1973 3 2278.0
1973 4 891.0
1973 5 3451.0
1973 6 7680.0
1973 7 6398.0
1973 8 4008.0
1973 9 3071.0
1973 10 4542.0
1973 11 1673.0
1973 12 3290.0
1974 1 477.0
1974 2 2455.0
1974 3 1101.0
1974 4 920.0
1974 5 3382.0
1974 6 2478.0
1974 7 517.0
1974 8 1753.0
1974 9 504.0
1974 10 727.0
1974 11 237.0
1974 12 629.0
1975 1 992.0
1975 2 1628.0
1975 3 2083.0
1975 4 437.0
1975 5 1325.0
1975 6 926.0
1975 7 1625.0
1975 8 1585.0
1975 9 937.0
1975 10 489.0
1975 11 1034.0
1975 12 1684.0
1976 1 1178.0
1976 2 1157.0
1976 3 1472.0
1976 4 2081.0
1976 5 2400.0
1976 6 2786.0
1976 7 1393.0
1976 8 1763.0
1976 9 2524.0
1976 10 2898.0
1976 11 4572.0
1976 12 1833.0
1977 1 1031.0
1977 2 2694.0
1977 3 1705.0
1977 4 5267.0
1977 5 3207.0
1977 6 6078.0
1977 7 3694.0
1977 8 4553.0
1977 9 4026.0
1977 10 5278.0
1977 11 7243.0
1977 12 5079.0
1978 1 2602.0
1978 2 4075.0
1978 3 3435.0
1978 4 1543.0
1978 5 2130.0
1978 6 2808.0
1978 7 1623.0
1978 8 3197.0
1978 9 6343.0
1978 10 5986.0
1978 11 1751.0
1978 12 5739.0
1979 1 1042.0
1979 2 2501.0
1979 3 4381.0
1979 4 6367.0
1979 5 3218.0
1979 6 5252.0
1979 7 8725.0
1979 8 2142.0
1979 9 865.0
1979 10 6117.0
1979 11 1024.0
1979 12 1346.0
1980 1 1778.0
1980 2 2052.0
1980 3 1297.0
1980 4 14496.0
1980 5 1710.0
1980 6 1736.0
1980 7 2601.0
1980 8 7812.0
1980 9 15534.0
1980 10 10655.0
1980 11 3382.0
1980 12 4650.0
1981 1 717.0
1981 2 15073.0
1981 3 2266.0
1981 4 6559.0
1981 5 7519.0
1981 6 1732.0
1981 7 1518.0
1981 8 445.0
1981 9 1758.0
1981 10 4157.0
1981 11 2435.0
1981 12 1374.0
1982 1 198.0
1982 2 1050.0
1982 3 15252.0
1982 4 4211.0
1982 5 3832.0
1982 6 12844.0
1982 7 12797.0
1982 8 3597.0
1982 9 11800.0
1982 10 4812.0
1982 11 3673.5
1982 12 2535.0
1983 1 6157.0
1983 2 4393.0
1983 3 10615.0
1983 4 15265.0
1983 5 15187.0
1983 6 7335.0
1983 7 11678.0
1983 8 8201.0
1983 9 14990.0
1983 10 9747.0
1983 11 22567.0
1983 12 4360.0
1984 1 4220.0
1984 2 13879.0
1984 3 8258.0
1984 4 11275.0
1984 5 16810.0
1984 6 27118.0
1984 7 5103.0
1984 8 16015.0
1984 9 6267.0
1984 10 3270.0
1984 11 4775.0
1984 12 3171.0
1985 1 14821.0
1985 2 1809.0
1985 3 11852.0
1985 4 8825.0
1985 5 5169.0
1985 6 7867.0
1985 7 7082.0
1985 8 10195.0
1985 9 6932.0
1985 10 8158.0
1985 11 15951.0
1985 12 14360.0
1986 1 8454.0
1986 2 7950.0
1986 3 17311.0
1986 4 4942.0
1986 5 9469.0
1986 6 4365.0
1986 7 8999.0
1986 8 2228.0
1986 9 3590.0
1986 10 5699.0
1986 11 3679.0
1986 12 9953.0
1987 1 6750.0
1987 2 1858.0
1987 3 4677.0
1987 4 1291.0
1987 5 2842.0
1987 6 2015.0
1987 7 1344.0
1987 8 3353.0
1987 9 1422.0
1987 10 4500.0
1987 11 852.0
1987 12 1340.0
1988 1 306.0
1988 2 3959.0
1988 3 5193.0
1988 4 2624.0
1988 5 3032.0
1988 6 2765.0
1988 7 1923.0
1988 8 2315.0
1988 9 5890.0
1988 10 1857.0
1988 11 2962.0
1988 12 2936.0
1989 1 1364.0
1989 2 2352.0
1989 3 5951.0
1989 4 796.0
1989 5 3996.0
1989 6 4118.0
1989 7 3276.0
1989 8 3589.0
1989 9 3960.0
1989 10 6666.0
1989 11 564.0
1989 12 4038.0
1990 1 2256.0
1990 2 1566.0
1990 3 3351.0
1990 4 1363.0
1990 5 3501.0
1990 6 6403.0
1990 7 1867.0
1990 8 2507.0
1990 9 1775.0
1990 10 1644.0
1990 11 924.0
1990 12 772.0
1991 1 1560.0
1991 2 5514.0
1991 3 6416.0
1991 4 5107.0
1991 5 1162.0
1991 6 3459.0
1991 7 2404.0
1991 8 1394.0
1991 9 11457.0
1991 10 10731.0
1991 11 4288.0
1991 12 3330.0
1992 1 1712.0
1992 2 2150.0
1992 3 4073.0
1992 4 3702.0
1992 5 2249.0
1992 6 3618.0
1992 7 3432.0
1992 8 5042.0
1992 9 3633.0
1992 10 6565.0
1992 11 2766.0
1992 12 10331.0
1993 1 3165.0
1993 2 3810.0
1993 3 3419.0
1993 4 10687.0
1993 5 5650.0
1993 6 5083.0
1993 7 12154.0
1993 8 8684.0
1993 9 7990.0
1993 10 12304.0
1993 11 8469.0
1993 12 8951.0
1994 1 20538.0
1994 2 4719.0
1994 3 12184.0
1994 4 4607.0
1994 5 18120.0
1994 6 19648.0
1994 7 6079.0
1994 8 10301.0
1994 9 19627.0
1994 10 7864.0
1994 11 6308.0
1994 12 17578.0
1995 1 6851.0
1995 2 14300.0
1995 3 13991.0
1995 4 35567.0
1995 5 8278.0
1995 6 4584.0
1995 7 6588.0
1995 8 26834.0
1995 9 12806.0
1995 10 15603.0
1995 11 7744.0
1995 12 7081.0
1996 1 2668.0
1996 2 17341.0
1996 3 8037.0
1996 4 23878.0
1996 5 7692.0
1996 6 6352.0
1996 7 6035.0
1996 8 6342.0
1996 9 5162.0
1996 10 3300.0
1996 11 6416.0
1996 12 8497.0
1997 1 10749.0
1997 2 12092.0
1997 3 5956.0
1997 4 13090.0
1997 5 31058.0
1997 6 9412.0
1997 7 10627.0
1997 8 5132.0
1997 9 18552.0
1997 10 21262.0
1997 11 4179.0
1997 12 4757.0
1998 1 20518.0
1998 2 6467.0
1998 3 8448.0
1998 4 12839.0
1998 5 17159.0
1998 6 8117.0
1998 7 6417.0
1998 8 2558.0
1998 9 2992.0
1998 10 11787.0
1998 11 7821.0
1998 12 4435.0
1999 1 8048.0
1999 2 3787.0
1999 3 16513.0
1999 4 3914.0
1999 5 9826.0
1999 6 2465.0
1999 7 16287.0
1999 8 32071.0
1999 9 13374.0
1999 10 13465.0
1999 11 7966.0
1999 12 14788.0
2000 1 2424.0
2000 2 10429.0
2000 3 4503.0
2000 4 6574.0
2000 5 8723.0
2000 6 11572.0
2000 7 3184.0
2000 8 6395.0
2000 9 9016.0
2000 10 17739.0
2000 11 15797.0
2000 12 3944.0
2001 1 5367.0
2001 2 2402.0
2001 3 23320.0
2001 4 14173.0
2001 5 5172.0
2001 6 18165.0
2001 7 2174.0
2001 8 12741.0
2001 9 21420.0
2001 10 26307.0
2001 11 10002.0
2001 12 5759.0
2002 1 35120.0
2002 2 4084.0
2002 3 9938.0
2002 4 13610.0
2002 5 7771.0
2002 6 24330.0
2002 7 7963.0
2002 8 14013.0
2002 9 36798.0
2002 10 6874.0
2002 11 7399.0
2002 12 19064.0
2003 1 6386.0
2003 2 11480.0
2003 3 26988.0
2003 4 33034.0
2003 5 38697.0
2003 6 9958.0
2003 7 19224.0
2003 8 15690.0
2003 9 22333.0
2003 10 22024.0
2003 11 3167.0
2003 12 21295.0
2004 1 16767.0
2004 2 11197.0
2004 3 14008.0
2004 4 45993.0
2004 5 37900.0
2004 6 14187.0
2004 7 14091.0
2004 8 40385.0
2004 9 18607.0
2004 10 28569.0
2004 11 6840.0
2004 12 35869.0
2005 1 32731.0
2005 2 34913.0
2005 3 25693.0
2005 4 6394.0
2005 5 27613.0
2005 6 12705.0
2005 7 17964.0
2005 8 28935.0
2005 9 11889.0
2005 10 54977.0
2005 11 9553.0
2005 12 26491.0
2006 1 32859.0
2006 2 22384.0
2006 3 23362.0
2006 4 17836.0
2006 5 8630.0
2006 6 8330.0
2006 7 11174.0
2006 8 13262.0
2006 9 31630.0
2006 10 6362.0
2006 11 13237.0
2006 12 9189.0
2007 1 11786.0
2007 2 26970.0
2007 3 26139.0
2007 4 14535.0
2007 5 10868.0
2007 6 14057.0
2007 7 11547.0
2007 8 56565.0
2007 9 31916.0
2007 10 9201.0
2007 11 25609.0
2007 12 22302.0
2008 1 13787.0
2008 2 54370.0
2008 3 8854.0
2008 4 14398.0
2008 5 16039.0
2008 6 26891.0
2008 7 16812.0
2008 8 15884.0
2008 9 7966.0
2008 10 36850.0
2008 11 4230.0
2008 12 8088.0
2009 1 16217.0
2009 2 8550.0
2009 3 14903.0
2009 4 1931.0
2009 5 31809.0
2009 6 14180.0
2009 7 5133.0
2009 8 6025.0
2009 9 2466.0
2009 10 9168.0
2009 11 2313.0
2009 12 3175.0
2010 1 3824.0
2010 2 1149.0
2010 3 5769.0
2010 4 14104.0
2010 5 14832.0
2010 6 31957.0
2010 7 9934.0
2010 8 24170.0
2010 9 10702.0
2010 10 7091.0
2010 11 4787.0
2010 12 13930.0
2011 1 13438.0
2011 2 6832.0
2011 3 25896.0
2011 4 2884.0
2011 5 30988.0
2011 6 9479.0
2011 7 33580.0
2011 8 4985.0
2011 9 2991.0
2011 10 16055.0
2011 11 18741.0
2011 12 675.0
2012 1 3509.0
2012 2 21224.0
2012 3 10615.0
2012 4 1600.0
2012 5 2670.0
2012 6 11182.0
2012 7 1730.0
2012 8 21403.0
2012 9 41108.0
2012 10 10512.0
2012 11 2567.0
2012 12 14345.0
2013 1 1561.0
2013 2 4021.0
2013 3 5577.0
2013 4 17823.0
2013 5 8964.0
2013 6 19358.0
2013 7 10358.0
2013 8 975.0
2013 9 7929.0
2013 10 12896.0
2013 11 13080.0
2013 12 8438.0
2014 1 3585.0
2014 2 1963.0
2014 3 24115.0
2014 4 7548.0
2014 5 49793.0
2014 6 10470.0
2014 7 669.0
2014 8 1954.0
2014 9 8493.0
2014 10 28910.0
2014 11 23242.0
2014 12 48402.0
2015 1 18144.0
2015 2 24320.0
2015 3 3328.0
2015 4 1816.0
2015 5 3954.0
2015 6 16004.0
2015 7 33611.0
2015 8 56898.0
2015 9 11465.0
2015 10 28565.0
2015 11 2566.0
2015 12 4851.0
2016 1 10954.0
2016 2 24447.0
2016 3 5878.0
2016 4 7991.0
2016 5 36657.0
2016 6 26236.0
2016 7 6355.0
2016 8 32176.0
2016 9 6132.0
2016 10 4536.0
2016 11 4800.0
2016 12 34442.0
2017 1 18022.0
2017 2 20305.0
2017 3 10727.0
2017 4 31221.0
2017 5 5398.0
2017 6 32953.0
2017 7 19195.0
2017 8 22586.0
2017 9 21033.0
2017 10 14017.0
2017 11 25552.0
2017 12 44880.0
2018 1 79709.0
2018 2 9545.0
2018 3 38591.0
2018 4 42438.0
2018 5 7856.0
2018 6 6247.0
2018 7 15837.0
2018 8 7903.0
2018 9 22102.0
2018 10 19311.0
2018 11 16808.0
2018 12 40874.0
2019 1 5685.0
2019 2 60043.0
2019 3 8510.0
2019 4 12980.0
2019 5 22079.0
2019 6 28924.0
2019 7 27170.0
2019 8 107408.0
2019 9 14650.0
2019 10 19614.0
2019 11 40952.0
2019 12 103201.0
2020 1 23041.0
2020 2 12596.0
2020 3 64517.0
2020 4 50030.0
2020 5 38904.0
2020 6 25623.0
2020 7 25257.0
2020 8 32005.0
2020 9 30130.0
2020 10 40219.0
2020 11 77091.0
2020 12 10438.0
2021 1 20072.0
2021 2 28280.0
2021 3 63567.0
2021 4 16535.0
2021 5 10579.0
2021 6 14559.0
2021 7 18071.0
2021 8 13223.0
2021 9 73305.0
2021 10 20655.0
2021 11 33754.0
2021 12 61169.0
2022 1 15087.0
2022 2 68617.0
2022 3 35216.0
2022 4 44976.0
2022 5 72085.0
2022 6 66386.0
2022 7 37895.0
2022 8 39539.0
2022 9 21923.0
2022 10 31146.0
2022 11 19764.0
2022 12 19305.0
2023 1 71353.0
2023 2 49618.0
2023 3 9370.0
2023 4 28394.0
2023 5 17507.0
2023 6 36210.0
2023 7 37170.0
2023 8 29872.0
2023 9 15839.0
2023 10 52939.0
2023 11 56306.0
2023 12 22759.0
2024 1 17611.0
2024 2 27306.0
2024 3 25519.0
2024 4 32482.0
2024 5 24424.0
2024 6 37335.0
2024 7 16699.0
2024 8 42584.0
