1960 5 2723.0
1960 6 3063.0
1960 7 2156.0
1960 8 2633.0
1960 9 2212.0
1960 10 2485.0
1960 11 1855.0
1960 12 1432.0
1961 1 1848.0
1961 2 2691.0
1961 3 3066.0
1961 4 2990.0
1961 5 2579.0
1961 6 2812.0
1961 7 3272.0
1961 8 2925.0
1961 9 3323.0
1961 10 3388.0
1961 11 2471.0
1961 12 1694.0
1962 1 2552.0
1962 2 3440.0
1962 3 4722.0
1962 4 3649.0
1962 5 7552.0
1962 6 3871.0
1962 7 3756.0
1962 8 5241.0
1962 9 3902.0
1962 10 4821.0
1962 11 5266.0
1962 12 2225.0
1963 1 4398.0
1963 2 3946.0
1963 3 4798.0
1963 4 6253.0
1963 5 5242.0
1963 6 7254.0
1963 7 4547.0
1963 8 3708.0
1963 9 4942.0
1963 10 4488.0
1963 11 3038.0
1963 12 4470.0
1964 1 3321.0
1964 2 3472.0
1964 3 5056.0
1964 4 5436.0
1964 5 4397.0
1964 6 6572.0
1964 7 4009.0
1964 8 4065.0
1964 9 4404.0
1964 10 4668.0
1964 11 3778.0
1964 12 5902.0
1965 1 4522.0
1965 2 3799.0
1965 3 6851.0
1965 4 5866.0
1965 5 6463.0
1965 6 5567.0
1965 7 6448.0
1965 8 4943.0
1965 9 4443.0
1965 10 3957.0
1965 11 4765.0
1965 12 4238.0
1966 1 3392.0
1966 2 4079.0
1966 3 6238.0
1966 4 5212.0
1966 5 5807.0
1966 6 3599.0
1966 7 3011.0
1966 8 3313.0
1966 9 3775.0
1966 10 2346.0
1966 11 2443.0
1966 12 1971.0
1967 1 3053.0
1967 2 3994.0
1967 3 4840.0
1967 4 3503.0
1967 5 4014.0
1967 6 4884.0
1967 7 4742.0
1967 8 4680.0
1967 9 4368.0
1967 10 4462.0
1967 11 5258.0
1967 12 3248.0
1968 1 3665.0
1968 2 3886.0
1968 3 4881.0
1968 4 5293.0
1968 5 6956.0
1968 6 7935.0
1968 7 6648.0
1968 8 6910.0
1968 9 7025.0
1968 10 7137.0
1968 11 6853.0
1968 12 6017.0
1969 1 5152.0
1969 2 6206.0
1969 3 7521.0
1969 4 8294.0
1969 5 7090.0
1969 6 7238.0
1969 7 5484.0
1969 8 5224.0
1969 9 6635.0
1969 10 8394.0
1969 11 7283.0
1969 12 4217.0
1970 1 5576.0
1970 2 5017.0
1970 3 7147.0
1970 4 11684.0
1970 5 7450.0
1970 6 8974.0
1970 7 8493.0
1970 8 10246.0
1970 9 8948.0
1970 10 9206.0
1970 11 9556.0
1970 12 10124.0
1971 1 7066.0
1971 2 8824.0
1971 3 16859.0
1971 4 11734.0
1971 5 11474.0
1971 6 10714.0
1971 7 13547.0
1971 8 12593.0
1971 9 11783.0
1971 10 15132.0
1971 11 12556.0
1971 12 15579.0
1972 1 10716.0
1972 2 13152.0
1972 3 15333.0
1972 4 14632.0
1972 5 18846.0
1972 6 17895.0
1972 7 17548.0
1972 8 16460.0
1972 9 18135.0
1972 10 19686.0
1972 11 13612.0
1972 12 11207.0
1973 1 16078.0
1973 2 16324.0
1973 3 14985.0
1973 4 16505.0
1973 5 17257.0
1973 6 19516.0
1973 7 18028.0
1973 8 14306.0
1973 9 8456.0
1973 10 12932.0
1973 11 8832.0
1973 12 9082.0
1974 1 6854.0
1974 2 12758.0
1974 3 15963.0
1974 4 13762.0
1974 5 14351.0
1974 6 14686.0
1974 7 11173.0
1974 8 10820.0
1974 9 7493.0
1974 10 9881.0
1974 11 6172.0
1974 12 6794.0
1975 1 8558.0
1975 2 10282.0
1975 3 12440.0
1975 4 13694.0
1975 5 13842.0
1975 6 11731.0
1975 7 14769.0
1975 8 13090.0
1975 9 14787.0
1975 10 14102.0
1975 11 11318.0
1975 12 10529.0
1976 1 15869.0
1976 2 17443.0
1976 3 19157.0
1976 4 16475.0
1976 5 15482.0
1976 6 17245.0
1976 7 17297.0
1976 8 16578.0
1976 9 16363.0
1976 10 16951.0
1976 11 16330.0
1976 12 13315.0
1977 1 11565.0
1977 2 23913.0
1977 3 21718.0
1977 4 26091.0
1977 5 25520.0
1977 6 25818.0
1977 7 23597.0
1977 8 24442.0
1977 9 24090.0
1977 10 26544.0
1977 11 25177.0
1977 12 20149.0
1978 1 12390.0
1978 2 19600.0
1978 3 24104.0
1978 4 26278.0
1978 5 27417.0
1978 6 22497.0
1978 7 20669.0
1978 8 22670.0
1978 9 26784.0
1978 10 27399.0
1978 11 17411.0
1978 12 19942.0
1979 1 7381.0
1979 2 15472.0
1979 3 30029.0
1979 4 31933.0
1979 5 27522.0
1979 6 24944.0
1979 7 34121.0
1979 8 31685.0
1979 9 23455.0
1979 10 30136.0
1979 11 18951.0
1979 12 11717.0
1980 1 16379.0
1980 2 22402.0
1980 3 14835.0
1980 4 29443.0
1980 5 12752.0
1980 6 20006.0
1980 7 21908.0
1980 8 28193.0
1980 9 33962.0
1980 10 33024.0
1980 11 15216.0
1980 12 15637.0
1981 1 10832.0
1981 2 26315.0
1981 3 16011.0
1981 4 22547.0
1981 5 17117.0
1981 6 12096.0
1981 7 11013.0
1981 8 8519.0
1981 9 10095.0
1981 10 12182.0
1981 11 8230.0
1981 12 8498.0
1982 1 4556.0
1982 2 4740.0
1982 3 23034.0
1982 4 10508.0
1982 5 9752.0
1982 6 20972.0
1982 7 20019.0
1982 8 10202.0
1982 9 22343.0
1982 10 17649.0
1982 11 13970.0
1982 12 10291.0
1983 1 16928.0
1983 2 15782.0
1983 3 26604.0
1983 4 29915.0
1983 5 31765.0
1983 6 26047.0
1983 7 29031.0
1983 8 25517.0
1983 9 36953.0
1983 10 25893.0
1983 11 36958.0
1983 12 13390.0
1984 1 17462.0
1984 2 33831.0
1984 3 29868.0
1984 4 27682.0
1984 5 37422.0
1984 6 47401.0
1984 7 21387.0
1984 8 31825.0
1984 9 19887.0
1984 10 17286.0
1984 11 18731.0
1984 12 14456.0
1985 1 33284.0
1985 2 16994.0
1985 3 35764.0
1985 4 33774.0
1985 5 30380.0
1985 6 31483.0
1985 7 32127.0
1985 8 35387.0
1985 9 34500.0
1985 10 32290.0
1985 11 35275.0
1985 12 30464.0
1986 1 31829.0
1986 2 26089.0
1986 3 43094.0
1986 4 35089.0
1986 5 36968.0
1986 6 28876.0
1986 7 38808.0
1986 8 27443.0
1986 9 29850.0
1986 10 33120.0
1986 11 21574.0
1986 12 28836.0
1987 1 25701.0
1987 2 25283.0
1987 3 32736.0
1987 4 27294.0
1987 5 29639.0
1987 6 31799.0
1987 7 26316.0
1987 8 27420.0
1987 9 24831.0
1987 10 27612.0
1987 11 16672.0
1987 12 17928.0
1988 1 15256.0
1988 2 27156.0
1988 3 33728.0
1988 4 31380.0
1988 5 31409.0
1988 6 29482.0
1988 7 25310.0
1988 8 27683.0
1988 9 29775.0
1988 10 22297.0
1988 11 21802.0
1988 12 25012.0
1989 1 19485.0
1989 2 16826.0
1989 3 30254.0
1989 4 27461.0
1989 5 27186.0
1989 6 29689.0
1989 7 25638.0
1989 8 31823.0
1989 9 29356.0
1989 10 33141.0
1989 11 21624.0
1989 12 20441.0
1990 1 26302.0
1990 2 25881.0
1990 3 32505.0
1990 4 29109.0
1990 5 33272.0
1990 6 38166.0
1990 7 29899.0
1990 8 31189.0
1990 9 25745.0
1990 10 28051.0
1990 11 20742.0
1990 12 13642.0
1991 1 17437.0
1991 2 29446.0
1991 3 30684.0
1991 4 32776.0
1991 5 34609.0
1991 6 35137.0
1991 7 38517.0
1991 8 33351.0
1991 9 46250.0
1991 10 41179.0
1991 11 27758.0
1991 12 28167.0
1992 1 28470.0
1992 2 34176.0
1992 3 46549.0
1992 4 42605.0
1992 5 42099.0
1992 6 41233.0
1992 7 40876.0
1992 8 45433.0
1992 9 46611.0
1992 10 49817.0
1992 11 36867.0
1992 12 45697.0
1993 1 38315.0
1993 2 45443.0
1993 3 49535.0
1993 4 58760.0
1993 5 50238.0
1993 6 60250.0
1993 7 60294.0
1993 8 59340.0
1993 9 54387.0
1993 10 59677.0
1993 11 48781.0
1993 12 51053.0
1994 1 64707.0
1994 2 56301.0
1994 3 84426.0
1994 4 73672.0
1994 5 90864.0
1994 6 81941.0
1994 7 61584.0
1994 8 69886.0
1994 9 66768.0
1994 10 58375.0
1994 11 55610.0
1994 12 49979.0
1995 1 43492.0
1995 2 57508.0
1995 3 71338.0
1995 4 88500.0
1995 5 68049.0
1995 6 61975.0
1995 7 54804.0
1995 8 83890.0
1995 9 62764.0
1995 10 79709.0
1995 11 62567.0
1995 12 46282.0
1996 1 48792.0
1996 2 85154.0
1996 3 65968.0
1996 4 93929.0
1996 5 74053.0
1996 6 76896.0
1996 7 71816.0
1996 8 68874.0
1996 9 63113.0
1996 10 62212.0
1996 11 44936.0
1996 12 44287.0
1997 1 57141.0
1997 2 66410.0
1997 3 60926.0
1997 4 80538.0
1997 5 93850.0
1997 6 63684.0
1997 7 62404.0
1997 8 54006.0
1997 9 75802.0
1997 10 77769.0
1997 11 43398.0
1997 12 46570.0
1998 1 60718.0
1998 2 54441.0
1998 3 79713.0
1998 4 93186.0
1998 5 87666.0
1998 6 67077.0
1998 7 66549.0
1998 8 65595.0
1998 9 64820.0
1998 10 68333.0
1998 11 60070.0
1998 12 55242.0
1999 1 65195.0
1999 2 66619.0
1999 3 92035.0
1999 4 86264.0
1999 5 83378.0
1999 6 84193.0
1999 7 98027.0
1999 8 108782.0
1999 9 87925.0
1999 10 83191.0
1999 11 66284.0
1999 12 69114.0
2000 1 63280.0
2000 2 90681.0
2000 3 81447.0
2000 4 72242.0
2000 5 78657.0
2000 6 76375.0
2000 7 64881.0
2000 8 85406.0
2000 9 66205.0
2000 10 105176.0
2000 11 66000.0
2000 12 41141.0
2001 1 62100.0
2001 2 70105.0
2001 3 110720.0
2001 4 100550.0
2001 5 97484.0
2001 6 110766.0
2001 7 81998.0
2001 8 103904.0
2001 9 90823.0
2001 10 97228.0
2001 11 69275.0
2001 12 63753.0
2002 1 104104.0
2002 2 82197.0
2002 3 80875.0
2002 4 114883.0
2002 5 97087.0
2002 6 141987.0
2002 7 95092.0
2002 8 107889.0
2002 9 111352.0
2002 10 91945.0
2002 11 89739.0
2002 12 88546.0
2003 1 91865.0
2003 2 77987.0
2003 3 137128.0
2003 4 143924.0
2003 5 156403.0
2003 6 131980.0
2003 7 131595.0
2003 8 166061.0
2003 9 126134.0
2003 10 135567.0
2003 11 85530.0
2003 12 113165.0
2004 1 119540.0
2004 2 108606.0
2004 3 145761.0
2004 4 169880.0
2004 5 159993.0
2004 6 142156.0
2004 7 149911.0
2004 8 165576.0
2004 9 154956.0
2004 10 148061.0
2004 11 104386.0
2004 12 146239.0
2005 1 156527.0
2005 2 148597.0
2005 3 193461.0
2005 4 156794.0
2005 5 167736.0
2005 6 169756.0
2005 7 168074.0
2005 8 187701.0
2005 9 164110.0
2005 10 182227.0
2005 11 141284.0
2005 12 176303.0
2006 1 165745.0
2006 2 158271.0
2006 3 165434.0
2006 4 178389.0
2006 5 149303.0
2006 6 163050.0
2006 7 139656.0
2006 8 148315.0
2006 9 120582.0
2006 10 103934.0
2006 11 114689.0
2006 12 82919.0
2007 1 100570.0
2007 2 126919.0
2007 3 155232.0
2007 4 127475.0
2007 5 117821.0
2007 6 115129.0
2007 7 113075.0
2007 8 155932.0
2007 9 103730.0
2007 10 76935.0
2007 11 89145.0
2007 12 81530.0
2008 1 79171.0
2008 2 116158.0
2008 3 77775.0
2008 4 86912.0
2008 5 100230.0
2008 6 98407.0
2008 7 82985.0
2008 8 68475.0
2008 9 67320.0
2008 10 90056.0
2008 11 36757.0
2008 12 37875.0
2009 1 50445.0
2009 2 43676.0
2009 3 59388.0
2009 4 55366.0
2009 5 78928.0
2009 6 74750.0
2009 7 66967.0
2009 8 70273.0
2009 9 67595.0
2009 10 61647.0
2009 11 55155.0
2009 12 49152.0
2010 1 54242.0
2010 2 57242.0
2010 3 85672.0
2010 4 93606.0
2010 5 77927.0
2010 6 102781.0
2010 7 86871.0
2010 8 75503.0
2010 9 62735.0
2010 10 55382.0
2010 11 47580.0
2010 12 67331.0
2011 1 54057.0
2011 2 48367.0
2011 3 93702.0
2011 4 54536.0
2011 5 93741.0
2011 6 77980.0
2011 7 83731.0
2011 8 67583.0
2011 9 62231.0
2011 10 69475.0
2011 11 72675.0
2011 12 42791.0
2012 1 61545.0
2012 2 89295.0
2012 3 85885.0
2012 4 77948.0
2012 5 96038.0
2012 6 83171.0
2012 7 94412.0
2012 8 99497.0
2012 9 109231.0
2012 10 97756.0
2012 11 72785.0
2012 12 75538.0
2013 1 67891.0
2013 2 77217.0
2013 3 82900.0
2013 4 117985.0
2013 5 107848.0
2013 6 105115.0
2013 7 106693.0
2013 8 96115.0
2013 9 85147.0
2013 10 91686.0
2013 11 85238.0
2013 12 61014.0
2014 1 65723.0
2014 2 71919.0
2014 3 113439.0
2014 4 97705.0
2014 5 133319.0
2014 6 90582.0
2014 7 81110.0
2014 8 84568.0
2014 9 110038.0
2014 10 125079.0
2014 11 78418.0
2014 12 131194.0
2015 1 97405.0
2015 2 109299.0
2015 3 107358.0
2015 4 125442.0
2015 5 114021.0
2015 6 127286.0
2015 7 158429.0
2015 8 152672.0
2015 9 107770.0
2015 10 126617.0
2015 11 81769.0
2015 12 87991.0
2016 1 104010.0
2016 2 132098.0
2016 3 123004.0
2016 4 134145.0
2016 5 151238.0
2016 6 148663.0
2016 7 112823.0
2016 8 171177.0
2016 9 114555.0
2016 10 151596.0
2016 11 107804.0
2016 12 126245.0
2017 1 133111.0
2017 2 140821.0
2017 3 149627.0
2017 4 151568.0
2017 5 132320.0
2017 6 161055.0
2017 7 139021.0
2017 8 169903.0
2017 9 161805.0
2017 10 140139.0
2017 11 129261.0
2017 12 144365.0
2018 1 194671.0
2018 2 123904.0
2018 3 209070.0
2018 4 189857.0
2018 5 145443.0
2018 6 197559.0
2018 7 152473.0
2018 8 140291.0
2018 9 120942.0
2018 10 138905.0
2018 11 131327.0
2018 12 133529.0
2019 1 135288.0
2019 2 164278.0
2019 3 147454.0
2019 4 161979.0
2019 5 186906.0
2019 6 172411.0
2019 7 181944.0
2019 8 247821.0
2019 9 171449.0
2019 10 172118.0
2019 11 165098.0
2019 12 246981.0
2020 1 173152.0
2020 2 144824.0
2020 3 224877.0
2020 4 201744.0
2020 5 166322.0
2020 6 195275.0
2020 7 202455.0
2020 8 223197.0
2020 9 230227.0
2020 10 232655.0
2020 11 235981.0
2020 12 188304.0
2021 1 209368.0
2021 2 186953.0
2021 3 338698.0
2021 4 264224.0
2021 5 197240.0
2021 6 261321.0
2021 7 256773.0
2021 8 253194.0
2021 9 265233.0
2021 10 247601.0
2021 11 235333.0
2021 12 245354.0
2022 1 234986.0
2022 2 235847.0
2022 3 315455.0
2022 4 282996.0
2022 5 313606.0
2022 6 319217.0
2022 7 251852.0
2022 8 257226.0
2022 9 226465.0
2022 10 229783.0
2022 11 141357.0
2022 12 160956.0
2023 1 219964.0
2023 2 208247.0
2023 3 176973.0
2023 4 191070.0
2023 5 248990.0
2023 6 306216.0
2023 7 280799.0
2023 8 230394.0
2023 9 220646.0
2023 10 265552.0
2023 11 243106.0
2023 12 233024.0
2024 1 199422.0
2024 2 258245.0
2024 3 283460.0
2024 4 264370.0
2024 5 246073.0
2024 6 267570.0
2024 7 250239.0
2024 8 264270.0
