1960 5 12612.0
1960 6 10461.0
1960 7 9029.0
1960 8 11017.0
1960 9 9871.0
1960 10 10415.0
1960 11 9195.0
1960 12 10392.0
1961 1 10063.0
1961 2 9355.0
1961 3 11145.0
1961 4 12420.0
1961 5 12079.0
1961 6 13910.0
1961 7 8278.0
1961 8 10508.0
1961 9 11669.0
1961 10 13428.0
1961 11 11040.0
1961 12 13936.0
1962 1 19176.0
1962 2 9432.0
1962 3 22638.0
1962 4 17621.0
1962 5 22018.0
1962 6 20231.0
1962 7 18293.0
1962 8 22062.0
1962 9 15753.0
1962 10 20650.0
1962 11 19380.0
1962 12 22087.0
1963 1 30771.0
1963 2 26018.0
1963 3 35955.0
1963 4 30567.0
1963 5 42325.0
1963 6 41097.0
1963 7 43145.0
1963 8 25772.0
1963 9 41332.0
1963 10 40937.0
1963 11 27714.0
1963 12 39446.0
1964 1 36537.0
1964 2 38485.0
1964 3 30664.0
1964 4 34836.0
1964 5 28947.0
1964 6 32752.0
1964 7 29065.0
1964 8 21533.0
1964 9 21649.0
1964 10 22342.0
1964 11 20090.0
1964 12 20239.0
1965 1 19535.0
1965 2 17333.0
1965 3 26717.0
1965 4 21009.0
1965 5 16420.0
1965 6 16560.0
1965 7 13567.0
1965 8 15092.0
1965 9 12304.0
1965 10 11667.0
1965 11 15088.0
1965 12 12076.0
1966 1 13147.0
1966 2 13963.0
1966 3 14611.0
1966 4 11240.0
1966 5 10116.0
1966 6 7259.0
1966 7 5924.0
1966 8 4636.0
1966 9 2894.0
1966 10 6554.0
1966 11 4160.0
1966 12 4427.0
1967 1 5608.0
1967 2 4276.0
1967 3 8973.0
1967 4 6872.0
1967 5 8168.0
1967 6 11326.0
1967 7 11801.0
1967 8 10063.0
1967 9 8618.0
1967 10 9439.0
1967 11 12642.0
1967 12 8176.0
1968 1 8762.0
1968 2 9155.0
1968 3 10166.0
1968 4 11718.0
1968 5 12559.0
1968 6 9534.0
1968 7 11498.0
1968 8 13008.0
1968 9 13518.0
1968 10 12591.0
1968 11 13264.0
1968 12 22185.0
1969 1 12795.0
1969 2 15659.0
1969 3 18102.0
1969 4 16986.0
1969 5 15510.0
1969 6 16504.0
1969 7 19823.0
1969 8 16558.0
1969 9 16570.0
1969 10 15969.0
1969 11 12639.0
1969 12 20560.0
1970 1 12439.0
1970 2 12053.0
1970 3 13758.0
1970 4 17879.0
1970 5 17328.0
1970 6 14857.0
1970 7 18980.0
1970 8 25027.0
1970 9 26775.0
1970 10 20022.0
1970 11 19663.0
1970 12 20393.0
1971 1 17171.0
1971 2 22069.0
1971 3 28745.0
1971 4 25527.0
1971 5 30947.0
1971 6 27588.0
1971 7 35672.0
1971 8 43581.0
1971 9 26757.0
1971 10 23038.0
1971 11 25418.0
1971 12 32048.0
1972 1 25932.0
1972 2 29712.0
1972 3 51367.0
1972 4 43244.0
1972 5 50802.0
1972 6 33197.0
1972 7 38511.0
1972 8 39135.0
1972 9 29886.0
1972 10 36954.0
1972 11 34388.0
1972 12 32157.0
1973 1 48847.0
1973 2 27172.0
1973 3 34449.0
1973 4 27627.0
1973 5 35545.0
1973 6 37973.0
1973 7 43419.0
1973 8 30212.0
1973 9 27946.0
1973 10 25506.0
1973 11 18600.0
1973 12 21724.0
1974 1 19786.0
1974 2 18753.0
1974 3 26929.0
1974 4 25098.0
1974 5 23042.0
1974 6 16419.0
1974 7 22061.0
1974 8 17627.0
1974 9 9012.0
1974 10 13802.0
1974 11 7883.0
1974 12 10458.0
1975 1 9006.0
1975 2 17321.0
1975 3 17028.0
1975 4 20184.0
1975 5 21776.0
1975 6 23029.0
1975 7 23223.0
1975 8 17666.0
1975 9 25636.0
1975 10 32205.0
1975 11 20834.0
1975 12 25801.0
1976 1 30737.0
1976 2 27186.0
1976 3 34960.0
1976 4 40469.0
1976 5 39354.0
1976 6 46412.0
1976 7 33898.0
1976 8 41692.0
1976 9 39782.0
1976 10 57423.0
1976 11 59331.0
1976 12 54793.0
1977 1 34252.0
1977 2 53617.0
1977 3 64899.0
1977 4 40573.0
1977 5 46650.0
1977 6 62592.0
1977 7 61298.0
1977 8 42708.0
1977 9 39553.0
1977 10 45712.0
1977 11 83811.0
1977 12 64048.0
1978 1 39179.0
1978 2 43779.0
1978 3 72904.0
1978 4 62157.0
1978 5 86610.0
1978 6 122848.0
1978 7 45782.0
1978 8 60777.0
1978 9 58084.0
1978 10 68763.0
1978 11 55943.0
1978 12 66951.0
1979 1 36550.0
1979 2 48301.0
1979 3 70107.0
1979 4 64970.0
1979 5 72042.0
1979 6 68901.0
1979 7 78791.0
1979 8 85311.0
1979 9 61766.0
1979 10 97678.0
1979 11 53314.0
1979 12 41342.0
1980 1 40205.0
1980 2 48199.0
1980 3 46222.0
1980 4 31724.0
1980 5 32687.0
1980 6 46590.0
1980 7 37673.0
1980 8 56300.0
1980 9 65715.0
1980 10 51240.0
1980 11 49002.0
1980 12 53684.0
1981 1 35589.0
1981 2 42861.0
1981 3 44271.0
1981 4 65241.0
1981 5 50481.0
1981 6 54781.0
1981 7 53674.0
1981 8 37223.0
1981 9 37260.0
1981 10 32299.0
1981 11 37350.0
1981 12 38203.0
1982 1 16791.0
1982 2 19026.0
1982 3 35788.0
1982 4 33698.0
1982 5 35457.0
1982 6 48167.0
1982 7 34259.0
1982 8 27442.0
1982 9 30057.0
1982 10 43848.0
1982 11 38922.5
1982 12 33997.0
1983 1 24621.0
1983 2 29515.0
1983 3 34790.0
1983 4 52608.0
1983 5 45267.0
1983 6 87209.0
1983 7 72062.0
1983 8 61210.0
1983 9 60975.0
1983 10 59486.0
1983 11 53605.0
1983 12 63862.0
1984 1 64951.0
1984 2 64785.0
1984 3 95576.0
1984 4 91653.0
1984 5 88709.0
1984 6 122189.0
1984 7 95569.0
1984 8 97392.0
1984 9 59790.0
1984 10 81899.0
1984 11 66201.0
1984 12 52435.0
1985 1 77688.0
1985 2 54471.0
1985 3 101679.0
1985 4 73492.0
1985 5 92971.0
1985 6 112410.0
1985 7 66896.0
1985 8 92711.0
1985 9 113888.0
1985 10 93571.0
1985 11 55491.0
1985 12 74555.0
1986 1 64275.0
1986 2 53327.0
1986 3 64204.0
1986 4 113455.0
1986 5 121714.0
1986 6 96411.0
1986 7 99500.0
1986 8 94178.0
1986 9 93877.0
1986 10 94695.0
1986 11 76076.0
1986 12 115584.0
1987 1 78817.0
1987 2 72847.0
1987 3 84657.0
1987 4 86180.0
1987 5 74298.0
1987 6 80647.0
1987 7 77643.0
1987 8 70552.0
1987 9 57696.0
1987 10 60664.0
1987 11 51820.0
1987 12 82744.0
1988 1 34727.0
1988 2 75098.0
1988 3 92404.0
1988 4 64082.0
1988 5 79221.0
1988 6 84548.0
1988 7 59264.0
1988 8 103179.0
1988 9 83038.0
1988 10 93874.0
1988 11 58881.0
1988 12 83014.0
1989 1 58373.0
1989 2 57599.0
1989 3 76431.0
1989 4 77404.0
1989 5 91389.0
1989 6 84271.0
1989 7 82251.0
1989 8 79556.0
1989 9 59364.0
1989 10 59521.0
1989 11 80526.0
1989 12 96396.0
1990 1 68183.0
1990 2 68478.0
1990 3 74082.0
1990 4 78978.0
1990 5 62746.0
1990 6 55391.0
1990 7 51377.0
1990 8 73543.0
1990 9 45822.0
1990 10 43943.0
1990 11 40353.0
1990 12 48361.0
1991 1 43292.0
1991 2 34871.0
1991 3 45744.0
1991 4 35238.0
1991 5 44249.0
1991 6 46413.0
1991 7 64302.0
1991 8 54564.0
1991 9 43262.0
1991 10 63084.0
1991 11 22407.0
1991 12 30119.0
1992 1 26502.0
1992 2 26192.0
1992 3 27325.0
1992 4 30177.0
1992 5 44007.0
1992 6 60668.0
1992 7 37061.0
1992 8 58052.0
1992 9 27351.0
1992 10 35429.0
1992 11 26740.0
1992 12 23140.0
1993 1 23134.0
1993 2 19090.0
1993 3 31553.0
1993 4 26645.0
1993 5 20036.0
1993 6 32379.0
1993 7 22041.0
1993 8 15281.0
1993 9 14714.0
1993 10 16933.0
1993 11 20358.0
1993 12 30088.0
1994 1 24019.0
1994 2 28828.0
1994 3 27352.0
1994 4 28279.0
1994 5 30610.0
1994 6 25869.0
1994 7 28924.0
1994 8 28231.0
1994 9 28099.0
1994 10 29167.0
1994 11 40091.0
1994 12 29039.0
1995 1 14491.0
1995 2 15959.0
1995 3 18729.0
1995 4 29486.0
1995 5 19338.0
1995 6 36015.0
1995 7 27315.0
1995 8 34074.0
1995 9 17706.0
1995 10 36368.0
1995 11 33758.0
1995 12 17345.0
1996 1 16176.0
1996 2 15976.0
1996 3 27334.0
1996 4 26109.0
1996 5 42881.0
1996 6 23408.0
1996 7 17052.0
1996 8 27439.0
1996 9 31703.0
1996 10 27978.0
1996 11 27124.0
1996 12 15600.0
1997 1 18960.0
1997 2 20822.0
1997 3 30725.0
1997 4 27198.0
1997 5 15175.0
1997 6 31107.0
1997 7 28542.0
1997 8 26439.0
1997 9 32345.0
1997 10 34107.0
1997 11 27239.0
1997 12 35091.0
1998 1 22920.0
1998 2 20143.0
1998 3 24711.0
1998 4 17821.0
1998 5 31682.0
1998 6 32626.0
1998 7 31190.0
1998 8 23928.0
1998 9 69077.0
1998 10 30654.0
1998 11 18306.0
1998 12 36385.0
1999 1 33658.0
1999 2 24611.0
1999 3 34387.0
1999 4 30073.0
1999 5 15238.0
1999 6 23459.0
1999 7 29775.0
1999 8 24028.0
1999 9 41128.0
1999 10 25723.0
1999 11 29915.0
1999 12 49967.0
2000 1 40904.0
2000 2 28372.0
2000 3 25011.0
2000 4 32906.0
2000 5 12928.0
2000 6 35371.0
2000 7 24501.0
2000 8 58692.0
2000 9 22798.0
2000 10 51142.0
2000 11 23678.0
2000 12 47156.0
2001 1 30039.0
2001 2 27285.0
2001 3 35120.0
2001 4 32952.0
2001 5 30386.0
2001 6 23974.0
2001 7 38494.0
2001 8 39665.0
2001 9 23330.0
2001 10 26444.0
2001 11 32421.0
2001 12 39683.0
2002 1 33315.0
2002 2 29063.0
2002 3 50541.0
2002 4 35102.0
2002 5 31866.0
2002 6 46163.0
2002 7 24372.0
2002 8 40013.0
2002 9 22002.0
2002 10 55045.0
2002 11 18145.0
2002 12 52041.0
2003 1 28672.0
2003 2 60957.0
2003 3 34604.0
2003 4 53832.0
2003 5 50370.0
2003 6 57462.0
2003 7 43590.0
2003 8 39978.0
2003 9 60811.0
2003 10 66443.0
2003 11 38353.0
2003 12 44580.0
2004 1 50052.0
2004 2 56966.0
2004 3 64133.0
2004 4 75151.0
2004 5 58540.0
2004 6 62061.0
2004 7 55271.0
2004 8 59364.0
2004 9 53788.0
2004 10 56471.0
2004 11 79518.0
2004 12 46222.0
2005 1 28768.0
2005 2 31123.0
2005 3 73957.0
2005 4 80892.0
2005 5 99890.0
2005 6 97117.0
2005 7 78311.0
2005 8 56942.0
2005 9 82888.0
2005 10 60505.0
2005 11 49894.0
2005 12 63267.0
2006 1 54201.0
2006 2 85075.0
2006 3 50270.0
2006 4 43122.0
2006 5 50001.0
2006 6 79872.0
2006 7 66136.0
2006 8 59494.0
2006 9 51891.0
2006 10 59361.0
2006 11 64028.0
2006 12 48927.0
2007 1 63540.0
2007 2 46133.0
2007 3 89210.0
2007 4 52996.0
2007 5 70432.0
2007 6 40252.0
2007 7 58077.0
2007 8 41674.0
2007 9 32363.0
2007 10 31496.0
2007 11 30065.0
2007 12 28875.0
2008 1 22541.0
2008 2 19368.0
2008 3 29922.0
2008 4 32643.0
2008 5 35110.0
2008 6 41041.0
2008 7 33543.0
2008 8 20015.0
2008 9 31207.0
2008 10 24825.0
2008 11 16791.0
2008 12 16679.0
2009 1 15262.0
2009 2 20384.0
2009 3 22715.0
2009 4 27706.0
2009 5 21787.0
2009 6 24865.0
2009 7 14927.0
2009 8 19986.0
2009 9 18673.0
2009 10 13845.0
2009 11 28656.0
2009 12 21491.0
2010 1 23233.0
2010 2 32748.0
2010 3 21270.0
2010 4 20223.0
2010 5 22060.0
2010 6 34230.0
2010 7 19126.0
2010 8 19932.0
2010 9 26537.0
2010 10 24499.0
2010 11 19065.0
2010 12 23954.0
2011 1 23435.0
2011 2 20448.0
2011 3 16935.0
2011 4 10013.0
2011 5 32571.0
2011 6 25987.0
2011 7 17001.0
2011 8 30704.0
2011 9 14451.0
2011 10 13822.0
2011 11 25600.0
2011 12 25004.0
2012 1 23690.0
2012 2 22775.0
2012 3 26204.0
2012 4 27019.0
2012 5 26703.0
2012 6 38501.0
2012 7 27116.0
2012 8 36435.0
2012 9 42889.0
2012 10 34624.0
2012 11 43520.0
2012 12 30225.0
2013 1 32303.0
2013 2 28470.0
2013 3 35689.0
2013 4 42648.0
2013 5 52663.0
2013 6 55701.0
2013 7 35080.0
2013 8 34912.0
2013 9 29515.0
2013 10 40995.0
2013 11 21109.0
2013 12 26954.0
2014 1 34434.0
2014 2 36648.0
2014 3 34020.0
2014 4 26408.0
2014 5 42347.0
2014 6 42976.0
2014 7 46824.0
2014 8 30605.0
2014 9 29408.0
2014 10 23945.0
2014 11 42395.0
2014 12 41466.0
2015 1 33496.0
2015 2 23302.0
2015 3 33567.0
2015 4 53410.0
2015 5 79107.0
2015 6 85212.0
2015 7 39097.0
2015 8 38210.0
2015 9 25132.0
2015 10 48612.0
2015 11 35999.0
2015 12 30606.0
2016 1 26800.0
2016 2 47441.0
2016 3 48780.0
2016 4 25448.0
2016 5 40867.0
2016 6 37229.0
2016 7 42307.0
2016 8 57204.0
2016 9 49652.0
2016 10 54555.0
2016 11 48401.0
2016 12 70466.0
2017 1 34364.0
2017 2 68162.0
2017 3 41291.0
2017 4 61096.0
2017 5 67001.0
2017 6 86831.0
2017 7 60536.0
2017 8 57145.0
2017 9 112101.0
2017 10 51302.0
2017 11 68110.0
2017 12 82946.0
2018 1 65382.0
2018 2 92070.0
2018 3 82957.0
2018 4 86127.0
2018 5 79511.0
2018 6 75003.0
2018 7 45863.0
2018 8 68999.0
2018 9 59296.0
2018 10 62845.0
2018 11 56072.0
2018 12 76102.0
2019 1 67188.0
2019 2 53391.0
2019 3 64018.0
2019 4 81011.0
2019 5 39411.0
2019 6 60875.0
2019 7 64955.0
2019 8 77644.0
2019 9 58026.0
2019 10 93971.0
2019 11 51539.0
2019 12 57283.0
2020 1 47912.0
2020 2 84731.0
2020 3 65705.0
2020 4 54628.0
2020 5 27715.0
2020 6 53518.0
2020 7 61872.0
2020 8 68366.0
2020 9 47049.0
2020 10 79355.0
2020 11 67618.0
2020 12 78423.0
2021 1 68774.0
2021 2 53285.0
2021 3 58813.0
2021 4 90755.0
2021 5 73187.0
2021 6 58285.0
2021 7 69127.0
2021 8 72168.0
2021 9 70908.0
2021 10 73782.0
2021 11 90404.0
2021 12 67347.0
2022 1 74366.0
2022 2 68285.0
2022 3 72047.0
2022 4 90898.0
2022 5 89043.0
2022 6 91252.0
2022 7 61958.0
2022 8 75666.0
2022 9 71757.0
2022 10 55956.0
2022 11 54827.0
2022 12 54771.0
2023 1 64395.0
2023 2 51407.0
2023 3 66159.0
2023 4 81490.0
2023 5 73152.0
2023 6 85291.0
2023 7 78062.0
2023 8 102557.0
2023 9 68641.0
2023 10 56395.0
2023 11 102968.0
2023 12 47763.0
2024 1 54569.0
2024 2 46292.0
2024 3 79247.0
2024 4 66122.0
2024 5 90627.0
2024 6 60853.0
2024 7 51072.0
2024 8 66472.0
