1960 5 196560.0
1960 6 204263.0
1960 7 165201.0
1960 8 195814.0
1960 9 168675.0
1960 10 168610.0
1960 11 144996.0
1960 12 144682.0
1961 1 164148.0
1961 2 158759.0
1961 3 200606.0
1961 4 189497.0
1961 5 228951.0
1961 6 218808.0
1961 7 184483.0
1961 8 206724.0
1961 9 193218.0
1961 10 223143.0
1961 11 194787.0
1961 12 171721.0
1962 1 217746.0
1962 2 168618.0
1962 3 227737.0
1962 4 243195.0
1962 5 266996.0
1962 6 228873.0
1962 7 236047.0
1962 8 273532.0
1962 9 204185.0
1962 10 243115.0
1962 11 239603.0
1962 12 216374.0
1963 1 284182.0
1963 2 248797.0
1963 3 283312.0
1963 4 285163.0
1963 5 325913.0
1963 6 311130.0
1963 7 303220.0
1963 8 318958.0
1963 9 280751.0
1963 10 321238.0
1963 11 226769.0
1963 12 274679.0
1964 1 280572.0
1964 2 277110.0
1964 3 297006.0
1964 4 317595.0
1964 5 286793.0
1964 6 304573.0
1964 7 300639.0
1964 8 224786.0
1964 9 226580.0
1964 10 218029.0
1964 11 186263.0
1964 12 232699.0
1965 1 192193.0
1965 2 217620.0
1965 3 277676.0
1965 4 229373.0
1965 5 227695.0
1965 6 209790.0
1965 7 197745.0
1965 8 203242.0
1965 9 184524.0
1965 10 190098.0
1965 11 197498.0
1965 12 137626.0
1966 1 178185.0
1966 2 157717.0
1966 3 210713.0
1966 4 190578.0
1966 5 160873.0
1966 6 130489.0
1966 7 110994.0
1966 8 105860.0
1966 9 86551.0
1966 10 80486.0
1966 11 68381.0
1966 12 60120.0
1967 1 74438.0
1967 2 98135.0
1967 3 131747.0
1967 4 120485.0
1967 5 172958.0
1967 6 166415.0
1967 7 149322.0
1967 8 171385.0
1967 9 158842.0
1967 10 165163.0
1967 11 155562.0
1967 12 139864.0
1968 1 157510.0
1968 2 158579.0
1968 3 210841.0
1968 4 231815.0
1968 5 248312.0
1968 6 196950.0
1968 7 220424.0
1968 8 217482.0
1968 9 221796.0
1968 10 245062.0
1968 11 197487.0
1968 12 215696.0
1969 1 207125.0
1969 2 178930.0
1969 3 204222.0
1969 4 345848.0
1969 5 287051.0
1969 6 292386.0
1969 7 230412.0
1969 8 225028.0
1969 9 232091.0
1969 10 266223.0
1969 11 191071.0
1969 12 210552.0
1970 1 170643.0
1970 2 156661.0
1970 3 199724.0
1970 4 347231.0
1970 5 267306.0
1970 6 214253.0
1970 7 224410.0
1970 8 242121.0
1970 9 260912.0
1970 10 322410.0
1970 11 196662.0
1970 12 274543.0
1971 1 187963.0
1971 2 286788.0
1971 3 371815.0
1971 4 427306.0
1971 5 378989.0
1971 6 379736.0
1971 7 408363.0
1971 8 380490.0
1971 9 313330.0
1971 10 348808.0
1971 11 344997.0
1971 12 352812.0
1972 1 352640.0
1972 2 414168.0
1972 3 417664.0
1972 4 408718.0
1972 5 483810.0
1972 6 467867.0
1972 7 385985.0
1972 8 468896.0
1972 9 378041.0
1972 10 490425.0
1972 11 383224.0
1972 12 364653.0
1973 1 407871.0
1973 2 317612.0
1973 3 455672.0
1973 4 483262.0
1973 5 459129.0
1973 6 448684.0
1973 7 394825.0
1973 8 405408.0
1973 9 360429.0
1973 10 294868.0
1973 11 219381.0
1973 12 278266.0
1974 1 212360.0
1974 2 210870.0
1974 3 359230.0
1974 4 381616.0
1974 5 345827.0
1974 6 319125.0
1974 7 293581.0
1974 8 277186.0
1974 9 202183.0
1974 10 224813.0
1974 11 176938.0
1974 12 163991.0
1975 1 179674.0
1975 2 187033.0
1975 3 221509.0
1975 4 292037.0
1975 5 355015.0
1975 6 377683.0
1975 7 410754.0
1975 8 347431.0
1975 9 387431.0
1975 10 423617.0
1975 11 324492.0
1975 12 414967.0
1976 1 403757.0
1976 2 385472.0
1976 3 489176.0
1976 4 569528.0
1976 5 550640.0
1976 6 648718.0
1976 7 647501.0
1976 8 663006.0
1976 9 567328.0
1976 10 661032.0
1976 11 726153.0
1976 12 738234.0
1977 1 591515.0
1977 2 729805.0
1977 3 911561.0
1977 4 773104.0
1977 5 842963.0
1977 6 912353.0
1977 7 761258.0
1977 8 855790.0
1977 9 711613.0
1977 10 689490.0
1977 11 866849.0
1977 12 700339.0
1978 1 501398.0
1978 2 566524.0
1978 3 791979.0
1978 4 771882.0
1978 5 878925.0
1978 6 1668779.0
1978 7 762882.0
1978 8 622663.0
1978 9 647823.0
1978 10 724956.0
1978 11 668590.0
1978 12 729497.0
1979 1 581330.0
1979 2 539945.0
1979 3 720806.0
1979 4 820311.0
1979 5 953796.0
1979 6 900708.0
1979 7 889714.0
1979 8 1038655.0
1979 9 749975.0
1979 10 909287.0
1979 11 661910.0
1979 12 582120.0
1980 1 500794.0
1980 2 628835.0
1980 3 513154.0
1980 4 481397.0
1980 5 409862.0
1980 6 598305.0
1980 7 710650.0
1980 8 714857.0
1980 9 832254.0
1980 10 816761.0
1980 11 584557.0
1980 12 569042.0
1981 1 436011.0
1981 2 468526.0
1981 3 591926.0
1981 4 765868.0
1981 5 722308.0
1981 6 622962.0
1981 7 536817.0
1981 8 421850.0
1981 9 422574.0
1981 10 363876.0
1981 11 251556.0
1981 12 326625.0
1982 1 235776.0
1982 2 257917.0
1982 3 326026.0
1982 4 329559.0
1982 5 468934.0
1982 6 527505.0
1982 7 607813.0
1982 8 347315.0
1982 9 419499.0
1982 10 458890.0
1982 11 517904.0
1982 12 576918.0
1983 1 456106.0
1983 2 497303.0
1983 3 573734.0
1983 4 826031.0
1983 5 901827.0
1983 6 1234094.0
1983 7 959227.0
1983 8 925325.0
1983 9 869750.0
1983 10 866833.0
1983 11 848510.0
1983 12 1005911.0
1984 1 934704.0
1984 2 1009103.0
1984 3 1205234.0
1984 4 1217087.0
1984 5 1261878.0
1984 6 1267341.0
1984 7 1111264.0
1984 8 1087311.0
1984 9 934218.0
1984 10 1011611.0
1984 11 952585.0
1984 12 721570.0
1985 1 908949.0
1985 2 1020255.0
1985 3 1272756.0
1985 4 1289421.0
1985 5 1394663.0
1985 6 1391981.0
1985 7 1303476.0
1985 8 1375971.0
1985 9 1679971.0
1985 10 1260913.0
1985 11 1097006.0
1985 12 987028.0
1986 1 1109602.0
1986 2 1064284.0
1986 3 1444831.0
1986 4 1707754.0
1986 5 1711394.0
1986 6 1857370.0
1986 7 1674706.0
1986 8 1439215.0
1986 9 1564739.0
1986 10 1654197.0
1986 11 1194482.0
1986 12 2247427.0
1987 1 1287263.0
1987 2 1145317.0
1987 3 1841104.0
1987 4 1873034.0
1987 5 1359253.0
1987 6 1794691.0
1987 7 1578301.0
1987 8 1507535.0
1987 9 1354882.0
1987 10 1268387.0
1987 11 1121972.0
1987 12 1234679.0
1988 1 1114919.0
1988 2 1205469.0
1988 3 1806773.0
1988 4 1890722.0
1988 5 1852167.0
1988 6 2206322.0
1988 7 1638875.0
1988 8 2092871.0
1988 9 1688011.0
1988 10 2204797.0
1988 11 1856422.0
1988 12 1663200.0
1989 1 1521424.0
1989 2 1469641.0
1989 3 2026428.0
1989 4 1998124.0
1989 5 2227513.0
1989 6 2232255.0
1989 7 1963841.0
1989 8 1955373.0
1989 9 1685588.0
1989 10 2051207.0
1989 11 1572881.0
1989 12 1915524.0
1990 1 1684090.0
1990 2 1419160.0
1990 3 1865624.0
1990 4 1644906.0
1990 5 1619426.0
1990 6 1716468.0
1990 7 1341017.0
1990 8 1270303.0
1990 9 989046.0
1990 10 974365.0
1990 11 759971.0
1990 12 715541.0
1991 1 722473.0
1991 2 671669.0
1991 3 1188739.0
1991 4 1088794.0
1991 5 1143328.0
1991 6 1109685.0
1991 7 1077749.0
1991 8 960523.0
1991 9 820756.0
1991 10 978999.0
1991 11 669443.0
1991 12 797303.0
1992 1 775836.0
1992 2 797219.0
1992 3 933357.0
1992 4 1155515.0
1992 5 927464.0
1992 6 1253535.0
1992 7 938081.0
1992 8 858434.0
1992 9 810956.0
1992 10 856565.0
1992 11 669818.0
1992 12 1044887.0
1993 1 689230.0
1993 2 604987.0
1993 3 1044259.0
1993 4 907719.0
1993 5 799574.0
1993 6 1141034.0
1993 7 801943.0
1993 8 837305.0
1993 9 782916.0
1993 10 748232.0
1993 11 729615.0
1993 12 856312.0
1994 1 721113.0
1994 2 755635.0
1994 3 1229482.0
1994 4 978879.0
1994 5 1063653.0
1994 6 1519933.0
1994 7 855351.0
1994 8 1097801.0
1994 9 984158.0
1994 10 950836.0
1994 11 870996.0
1994 12 844852.0
1995 1 548488.0
1995 2 707973.0
1995 3 733680.0
1995 4 844281.0
1995 5 979630.0
1995 6 1050357.0
1995 7 860915.0
1995 8 1187685.0
1995 9 852653.0
1995 10 919531.0
1995 11 835606.0
1995 12 922315.0
1996 1 731262.0
1996 2 698867.0
1996 3 1001050.0
1996 4 1108865.0
1996 5 1095229.0
1996 6 1184905.0
1996 7 1131131.0
1996 8 1091332.0
1996 9 990424.0
1996 10 1177767.0
1996 11 863929.0
1996 12 790015.0
1997 1 770869.0
1997 2 953494.0
1997 3 1127376.0
1997 4 1284329.0
1997 5 1236993.0
1997 6 1375902.0
1997 7 1411834.0
1997 8 1341029.0
1997 9 1351066.0
1997 10 1583896.0
1997 11 1023836.0
1997 12 1215915.0
1998 1 899003.0
1998 2 917791.0
1998 3 1422399.0
1998 4 1536621.0
1998 5 1440949.0
1998 6 1899971.0
1998 7 1688092.0
1998 8 1589495.0
1998 9 1600757.0
1998 10 1601093.0
1998 11 1337746.0
1998 12 1435806.0
1999 1 1266436.0
1999 2 1152753.0
1999 3 1752751.0
1999 4 1677461.0
1999 5 1817799.0
1999 6 2377226.0
1999 7 1937391.0
1999 8 1697626.0
1999 9 1583941.0
1999 10 1577034.0
1999 11 1358758.0
1999 12 1748830.0
2000 1 1399353.0
2000 2 1431485.0
2000 3 1887764.0
2000 4 1797913.0
2000 5 1946966.0
2000 6 2521070.0
2000 7 1786583.0
2000 8 2018701.0
2000 9 1756784.0
2000 10 1960511.0
2000 11 1743488.0
2000 12 1824132.0
2001 1 1970128.0
2001 2 1476074.0
2001 3 1984069.0
2001 4 2166050.0
2001 5 2122169.0
2001 6 2183327.0
2001 7 1833704.0
2001 8 2090110.0
2001 9 1510545.0
2001 10 1858299.0
2001 11 1564601.0
2001 12 1751918.0
2002 1 1584955.0
2002 2 1645722.0
2002 3 2095611.0
2002 4 2293540.0
2002 5 2248881.0
2002 6 2204894.0
2002 7 2368353.0
2002 8 2272992.0
2002 9 2046059.0
2002 10 2781438.0
2002 11 2092821.0
2002 12 1912432.0
2003 1 2372761.0
2003 2 2137210.0
2003 3 2407712.0
2003 4 2596312.0
2003 5 2839306.0
2003 6 2758618.0
2003 7 2653708.0
2003 8 2480573.0
2003 9 2624999.0
2003 10 3220542.0
2003 11 2218532.0
2003 12 2536028.0
2004 1 2480016.0
2004 2 2412661.0
2004 3 3367321.0
2004 4 3247686.0
2004 5 3165684.0
2004 6 3407984.0
2004 7 3021516.0
2004 8 3082717.0
2004 9 2980296.0
2004 10 2905220.0
2004 11 2815512.0
2004 12 2845699.0
2005 1 2325103.0
2005 2 2357609.0
2005 3 3113098.0
2005 4 3410813.0
2005 5 3366208.0
2005 6 3661001.0
2005 7 3110380.0
2005 8 3159150.0
2005 9 3594612.0
2005 10 2644096.0
2005 11 2404914.0
2005 12 2331483.0
2006 1 2248620.0
2006 2 2657186.0
2006 3 2662050.0
2006 4 2705099.0
2006 5 2935844.0
2006 6 3064435.0
2006 7 2022357.0
2006 8 2270258.0
2006 9 2078838.0
2006 10 1771986.0
2006 11 1660987.0
2006 12 1754977.0
2007 1 1784405.0
2007 2 1613548.0
2007 3 2275672.0
2007 4 1970190.0
2007 5 2062783.0
2007 6 1934223.0
2007 7 1658832.0
2007 8 1752625.0
2007 9 1289754.0
2007 10 1372953.0
2007 11 953380.0
2007 12 1101160.0
2008 1 861968.0
2008 2 975106.0
2008 3 881527.0
2008 4 1233069.0
2008 5 1352115.0
2008 6 1298998.0
2008 7 995451.0
2008 8 773546.0
2008 9 905325.0
2008 10 780199.0
2008 11 660575.0
2008 12 719632.0
2009 1 411070.0
2009 2 461838.0
2009 3 579381.0
2009 4 636645.0
2009 5 650153.0
2009 6 789948.0
2009 7 660820.0
2009 8 604550.0
2009 9 614890.0
2009 10 660071.0
2009 11 506924.0
2009 12 705588.0
2010 1 598058.0
2010 2 670549.0
2010 3 807710.0
2010 4 754663.0
2010 5 691803.0
2010 6 929196.0
2010 7 759622.0
2010 8 737721.0
2010 9 649571.0
2010 10 579993.0
2010 11 556537.0
2010 12 1160652.0
2011 1 592496.0
2011 2 542214.0
2011 3 790978.0
2011 4 754637.0
2011 5 949782.0
2011 6 1052111.0
2011 7 550596.0
2011 8 1000552.0
2011 9 749344.0
2011 10 722620.0
2011 11 788732.0
2011 12 923629.0
2012 1 505476.0
2012 2 659635.0
2012 3 1195908.0
2012 4 767010.0
2012 5 1240785.0
2012 6 1252496.0
2012 7 1130651.0
2012 8 1250083.0
2012 9 1236331.0
2012 10 1071005.0
2012 11 855196.0
2012 12 1209903.0
2013 1 1234819.0
2013 2 1269232.0
2013 3 1130792.0
2013 4 1635102.0
2013 5 1879576.0
2013 6 1414828.0
2013 7 1553545.0
2013 8 1493991.0
2013 9 978444.0
2013 10 1550860.0
2013 11 1420453.0
2013 12 1884614.0
2014 1 1085412.0
2014 2 1306806.0
2014 3 1569412.0
2014 4 1716654.0
2014 5 1456882.0
2014 6 1716561.0
2014 7 1691029.0
2014 8 1248791.0
2014 9 1400566.0
2014 10 1789010.0
2014 11 1506301.0
2014 12 1669211.0
2015 1 1507928.0
2015 2 1631578.0
2015 3 1968849.0
2015 4 1853290.0
2015 5 1816615.0
2015 6 2702998.0
2015 7 1965855.0
2015 8 1759377.0
2015 9 1729752.0
2015 10 1487112.0
2015 11 1821616.0
2015 12 1854313.0
2016 1 1273606.0
2016 2 1905345.0
2016 3 1760516.0
2016 4 1922984.0
2016 5 2244410.0
2016 6 2048660.0
2016 7 1659071.0
2016 8 2162086.0
2016 9 1967860.0
2016 10 2091858.0
2016 11 1835829.0
2016 12 2151282.0
2017 1 1230548.0
2017 2 1950219.0
2017 3 2416988.0
2017 4 2311410.0
2017 5 2419152.0
2017 6 3117000.0
2017 7 1807040.0
2017 8 2284566.0
2017 9 2127252.0
2017 10 2299263.0
2017 11 1944392.0
2017 12 2540333.0
2018 1 1937231.0
2018 2 2026265.0
2018 3 2764380.0
2018 4 2421666.0
2018 5 3037122.0
2018 6 3056883.0
2018 7 2438060.0
2018 8 2295205.0
2018 9 1869236.0
2018 10 2080458.0
2018 11 1816277.0
2018 12 2198177.0
2019 1 2278972.0
2019 2 1485594.0
2019 3 2070177.0
2019 4 2311428.0
2019 5 2443048.0
2019 6 2135826.0
2019 7 2544871.0
2019 8 2092937.0
2019 9 2013437.0
2019 10 2533226.0
2019 11 1870213.0
2019 12 2430086.0
2020 1 2216169.0
2020 2 2247006.0
2020 3 1862598.0
2020 4 1365143.0
2020 5 1671542.0
2020 6 2196200.0
2020 7 2360927.0
2020 8 2015091.0
2020 9 2269132.0
2020 10 2193998.0
2020 11 1786762.0
2020 12 2980429.0
2021 1 2227292.0
2021 2 1904271.0
2021 3 2803037.0
2021 4 2597672.0
2021 5 2375614.0
2021 6 2612191.0
2021 7 2389801.0
2021 8 2244437.0
2021 9 2132902.0
2021 10 2383984.0
2021 11 2200941.0
2021 12 2600466.0
2022 1 2070609.0
2022 2 2178835.0
2022 3 2668166.0
2022 4 2783841.0
2022 5 2521776.0
2022 6 2894788.0
2022 7 1834791.0
2022 8 2573654.0
2022 9 2398701.0
2022 10 1694424.0
2022 11 1825538.0
2022 12 1973345.0
2023 1 1436170.0
2023 2 1800692.0
2023 3 1850149.0
2023 4 2053573.0
2023 5 2551013.0
2023 6 3459433.0
2023 7 1892711.0
2023 8 2965467.0
2023 9 2041785.0
2023 10 2200308.0
2023 11 2355634.0
2023 12 2073531.0
2024 1 1977924.0
2024 2 1781413.0
2024 3 2107095.0
2024 4 2142438.0
2024 5 2665291.0
2024 6 2479453.0
2024 7 2286282.0
2024 8 2370620.0
