1960 5 151208.0
1960 6 138116.0
1960 7 127218.0
1960 8 151030.0
1960 9 123170.0
1960 10 119485.0
1960 11 101178.0
1960 12 98416.0
1961 1 118483.0
1961 2 112942.0
1961 3 144420.0
1961 4 135855.0
1961 5 163068.0
1961 6 142623.0
1961 7 131727.0
1961 8 141687.0
1961 9 142462.0
1961 10 156226.0
1961 11 127354.0
1961 12 110925.0
1962 1 139872.0
1962 2 113307.0
1962 3 147062.0
1962 4 164213.0
1962 5 163102.0
1962 6 143656.0
1962 7 160654.0
1962 8 168440.0
1962 9 125065.0
1962 10 153495.0
1962 11 139054.0
1962 12 118213.0
1963 1 158019.0
1963 2 140763.0
1963 3 158679.0
1963 4 175822.0
1963 5 188437.0
1963 6 189314.0
1963 7 173768.0
1963 8 179787.0
1963 9 164401.0
1963 10 168082.0
1963 11 124101.0
1963 12 133824.0
1964 1 143006.0
1964 2 148605.0
1964 3 166992.0
1964 4 167016.0
1964 5 165853.0
1964 6 166779.0
1964 7 168777.0
1964 8 137740.0
1964 9 138609.0
1964 10 138315.0
1964 11 111287.0
1964 12 133506.0
1965 1 115490.0
1965 2 135578.0
1965 3 168865.0
1965 4 165477.0
1965 5 161724.0
1965 6 149709.0
1965 7 133978.0
1965 8 137715.0
1965 9 142619.0
1965 10 139923.0
1965 11 112398.0
1965 12 99353.0
1966 1 129173.0
1966 2 107672.0
1966 3 168444.0
1966 4 158136.0
1966 5 120847.0
1966 6 112264.0
1966 7 89655.0
1966 8 85723.0
1966 9 72551.0
1966 10 60550.0
1966 11 51695.0
1966 12 46008.0
1967 1 55406.0
1967 2 73999.0
1967 3 102524.0
1967 4 87643.0
1967 5 144194.0
1967 6 133649.0
1967 7 116077.0
1967 8 132670.0
1967 9 118733.0
1967 10 118990.0
1967 11 107744.0
1967 12 84596.0
1968 1 116638.0
1968 2 116293.0
1968 3 159995.0
1968 4 164004.0
1968 5 179173.0
1968 6 151458.0
1968 7 159364.0
1968 8 152732.0
1968 9 149312.0
1968 10 163988.0
1968 11 128441.0
1968 12 136253.0
1969 1 130020.0
1969 2 110838.0
1969 3 136606.0
1969 4 218466.0
1969 5 193472.0
1969 6 192707.0
1969 7 131925.0
1969 8 125242.0
1969 9 124006.0
1969 10 154679.0
1969 11 106192.0
1969 12 98730.0
1970 1 75985.0
1970 2 92996.0
1970 3 117485.0
1970 4 204753.0
1970 5 125800.0
1970 6 127354.0
1970 7 124579.0
1970 8 121455.0
1970 9 121329.0
1970 10 136033.0
1970 11 112579.0
1970 12 118721.0
1971 1 106447.0
1971 2 155944.0
1971 3 246271.0
1971 4 259713.0
1971 5 247298.0
1971 6 233463.0
1971 7 241747.0
1971 8 200005.0
1971 9 181010.0
1971 10 211229.0
1971 11 189137.0
1971 12 172901.0
1972 1 173165.0
1972 2 200080.0
1972 3 252104.0
1972 4 236884.0
1972 5 278327.0
1972 6 307347.0
1972 7 239234.0
1972 8 314213.0
1972 9 226997.0
1972 10 310044.0
1972 11 199881.0
1972 12 157071.0
1973 1 190357.0
1973 2 150051.0
1973 3 248999.0
1973 4 307458.0
1973 5 297780.0
1973 6 296389.0
1973 7 257305.0
1973 8 260676.0
1973 9 220587.0
1973 10 175370.0
1973 11 128650.0
1973 12 140176.0
1974 1 128164.0
1974 2 138397.0
1974 3 229751.0
1974 4 238811.0
1974 5 252586.0
1974 6 230459.0
1974 7 221072.0
1974 8 211588.0
1974 9 159931.0
1974 10 175942.0
1974 11 126310.0
1974 12 116621.0
1975 1 144574.0
1975 2 147804.0
1975 3 165962.0
1975 4 235549.0
1975 5 276900.0
1975 6 307881.0
1975 7 334040.0
1975 8 287029.0
1975 9 319319.0
1975 10 322112.0
1975 11 263732.0
1975 12 318892.0
1976 1 303580.0
1976 2 296992.0
1976 3 386873.0
1976 4 464094.0
1976 5 439734.0
1976 6 526899.0
1976 7 528273.0
1976 8 517545.0
1976 9 421278.0
1976 10 506915.0
1976 11 524011.0
1976 12 561020.0
1977 1 477862.0
1977 2 570069.0
1977 3 733991.0
1977 4 613655.0
1977 5 664829.0
1977 6 723422.0
1977 7 566331.0
1977 8 700459.0
1977 9 575703.0
1977 10 526832.0
1977 11 648349.0
1977 12 477878.0
1978 1 362924.0
1978 2 403767.0
1978 3 573770.0
1978 4 564252.0
1978 5 648956.0
1978 6 1111433.0
1978 7 560925.0
1978 8 458449.0
1978 9 461467.0
1978 10 551998.0
1978 11 501272.0
1978 12 500093.0
1979 1 444893.0
1979 2 373543.0
1979 3 526434.0
1979 4 625517.0
1979 5 731982.0
1979 6 670402.0
1979 7 652081.0
1979 8 742744.0
1979 9 522685.0
1979 10 623436.0
1979 11 467479.0
1979 12 401336.0
1980 1 352618.0
1980 2 411058.0
1980 3 362306.0
1980 4 336609.0
1980 5 301252.0
1980 6 414629.0
1980 7 537948.0
1980 8 535840.0
1980 9 578137.0
1980 10 512815.0
1980 11 438541.0
1980 12 370974.0
1981 1 311451.0
1981 2 310405.0
1981 3 433757.0
1981 4 533059.0
1981 5 542733.0
1981 6 417455.0
1981 7 358066.0
1981 8 268483.0
1981 9 241251.0
1981 10 254804.0
1981 11 165500.0
1981 12 211815.0
1982 1 164010.0
1982 2 192182.0
1982 3 215998.0
1982 4 231006.0
1982 5 299484.0
1982 6 373456.0
1982 7 421483.0
1982 8 266871.0
1982 9 274638.0
1982 10 316167.0
1982 11 366416.5
1982 12 416666.0
1983 1 324529.0
1983 2 367979.0
1983 3 432443.0
1983 4 645395.0
1983 5 672027.0
1983 6 952707.0
1983 7 668860.0
1983 8 636549.0
1983 9 566721.0
1983 10 616787.0
1983 11 595292.0
1983 12 696513.0
1984 1 647231.0
1984 2 668595.0
1984 3 801098.0
1984 4 841695.0
1984 5 823505.0
1984 6 786309.0
1984 7 695196.0
1984 8 713257.0
1984 9 569612.0
1984 10 657170.0
1984 11 585478.0
1984 12 425632.0
1985 1 574042.0
1985 2 687416.0
1985 3 807485.0
1985 4 806066.0
1985 5 875048.0
1985 6 845460.0
1985 7 801917.0
1985 8 866006.0
1985 9 727030.0
1985 10 836106.0
1985 11 628909.0
1985 12 577767.0
1986 1 670007.0
1986 2 686332.0
1986 3 824876.0
1986 4 1128357.0
1986 5 1126622.0
1986 6 1262180.0
1986 7 1123038.0
1986 8 897383.0
1986 9 1010371.0
1986 10 1107667.0
1986 11 758445.0
1986 12 1428575.0
1987 1 918039.0
1987 2 854282.0
1987 3 1387301.0
1987 4 1312623.0
1987 5 986180.0
1987 6 1266503.0
1987 7 1082395.0
1987 8 1110135.0
1987 9 1007494.0
1987 10 913078.0
1987 11 783885.0
1987 12 886401.0
1988 1 922755.0
1988 2 888570.0
1988 3 1412371.0
1988 4 1390781.0
1988 5 1492718.0
1988 6 1746158.0
1988 7 1334214.0
1988 8 1616883.0
1988 9 1369972.0
1988 10 1624863.0
1988 11 1438549.0
1988 12 1286186.0
1989 1 1235074.0
1989 2 1204347.0
1989 3 1702838.0
1989 4 1621501.0
1989 5 1825872.0
1989 6 1854410.0
1989 7 1603057.0
1989 8 1652831.0
1989 9 1388759.0
1989 10 1714790.0
1989 11 1289544.0
1989 12 1461705.0
1990 1 1273668.0
1990 2 1120045.0
1990 3 1561708.0
1990 4 1325434.0
1990 5 1283354.0
1990 6 1347242.0
1990 7 1106856.0
1990 8 987792.0
1990 9 754414.0
1990 10 790601.0
1990 11 575184.0
1990 12 523820.0
1991 1 566629.0
1991 2 582668.0
1991 3 959239.0
1991 4 972609.0
1991 5 926408.0
1991 6 882475.0
1991 7 876382.0
1991 8 768930.0
1991 9 681502.0
1991 10 763303.0
1991 11 575502.0
1991 12 638074.0
1992 1 664480.0
1992 2 677486.0
1992 3 814153.0
1992 4 1052217.0
1992 5 829613.0
1992 6 1085009.0
1992 7 818448.0
1992 8 731344.0
1992 9 719850.0
1992 10 740268.0
1992 11 571117.0
1992 12 928977.0
1993 1 574181.0
1993 2 572656.0
1993 3 936688.0
1993 4 837988.0
1993 5 717494.0
1993 6 1035648.0
1993 7 717744.0
1993 8 765540.0
1993 9 724166.0
1993 10 680559.0
1993 11 682964.0
1993 12 753350.0
1994 1 653643.0
1994 2 707099.0
1994 3 1098847.0
1994 4 871000.0
1994 5 1000655.0
1994 6 1227770.0
1994 7 767800.0
1994 8 1003963.0
1994 9 860235.0
1994 10 851329.0
1994 11 723411.0
1994 12 741224.0
1995 1 512081.0
1995 2 644095.0
1995 3 642764.0
1995 4 743001.0
1995 5 865067.0
1995 6 970564.0
1995 7 758257.0
1995 8 1097614.0
1995 9 759921.0
1995 10 835736.0
1995 11 729345.0
1995 12 811759.0
1996 1 648809.0
1996 2 648234.0
1996 3 884710.0
1996 4 990261.0
1996 5 981961.0
1996 6 1079546.0
1996 7 1018981.0
1996 8 1003791.0
1996 9 888273.0
1996 10 1011056.0
1996 11 781609.0
1996 12 682117.0
1997 1 688577.0
1997 2 852198.0
1997 3 993476.0
1997 4 1137433.0
1997 5 1126877.0
1997 6 1236884.0
1997 7 1245572.0
1997 8 1173433.0
1997 9 1156880.0
1997 10 1381144.0
1997 11 911580.0
1997 12 980026.0
1998 1 808078.0
1998 2 777961.0
1998 3 1312673.0
1998 4 1322037.0
1998 5 1303325.0
1998 6 1615673.0
1998 7 1555454.0
1998 8 1338619.0
1998 9 1297670.0
1998 10 1373412.0
1998 11 1160152.0
1998 12 1223675.0
1999 1 1034573.0
1999 2 1018364.0
1999 3 1553373.0
1999 4 1543313.0
1999 5 1645264.0
1999 6 2203887.0
1999 7 1752436.0
1999 8 1427250.0
1999 9 1320575.0
1999 10 1271457.0
1999 11 1174490.0
1999 12 1505457.0
2000 1 1145930.0
2000 2 1158728.0
2000 3 1602574.0
2000 4 1587167.0
2000 5 1802611.0
2000 6 1953347.0
2000 7 1561012.0
2000 8 1691868.0
2000 9 1540826.0
2000 10 1721300.0
2000 11 1515050.0
2000 12 1517104.0
2001 1 1610232.0
2001 2 1331136.0
2001 3 1763099.0
2001 4 1888818.0
2001 5 1877824.0
2001 6 1857999.0
2001 7 1678636.0
2001 8 1734199.0
2001 9 1358030.0
2001 10 1544696.0
2001 11 1315319.0
2001 12 1470515.0
2002 1 1325127.0
2002 2 1421749.0
2002 3 1898512.0
2002 4 2052209.0
2002 5 2107958.0
2002 6 1972889.0
2002 7 2153383.0
2002 8 2038681.0
2002 9 1753062.0
2002 10 2350987.0
2002 11 1729881.0
2002 12 1636382.0
2003 1 2168054.0
2003 2 1648444.0
2003 3 2068058.0
2003 4 2224024.0
2003 5 2400245.0
2003 6 2473946.0
2003 7 2330421.0
2003 8 2139546.0
2003 9 2322715.0
2003 10 2663169.0
2003 11 1891655.0
2003 12 2220289.0
2004 1 2188703.0
2004 2 2074585.0
2004 3 2938205.0
2004 4 2875156.0
2004 5 2823721.0
2004 6 2808674.0
2004 7 2607408.0
2004 8 2674498.0
2004 9 2555015.0
2004 10 2417335.0
2004 11 2243652.0
2004 12 2231921.0
2005 1 1909430.0
2005 2 1998055.0
2005 3 2729881.0
2005 4 3008169.0
2005 5 2933031.0
2005 6 3141009.0
2005 7 2730235.0
2005 8 2684894.0
2005 9 3005127.0
2005 10 2348652.0
2005 11 1946354.0
2005 12 1943547.0
2006 1 1873413.0
2006 2 1888786.0
2006 3 2109629.0
2006 4 2263038.0
2006 5 2542016.0
2006 6 2466534.0
2006 7 1738586.0
2006 8 1757900.0
2006 9 1507178.0
2006 10 1279158.0
2006 11 1231965.0
2006 12 1201187.0
2007 1 1386548.0
2007 2 1330054.0
2007 3 1726515.0
2007 4 1583307.0
2007 5 1577841.0
2007 6 1599381.0
2007 7 1330363.0
2007 8 1165154.0
2007 9 910798.0
2007 10 931371.0
2007 11 688779.0
2007 12 774398.0
2008 1 594783.0
2008 2 574779.0
2008 3 678300.0
2008 4 799256.0
2008 5 886643.0
2008 6 958139.0
2008 7 699057.0
2008 8 577913.0
2008 9 571182.0
2008 10 614107.0
2008 11 364065.0
2008 12 409716.0
2009 1 307804.0
2009 2 322544.0
2009 3 410351.0
2009 4 543417.0
2009 5 572068.0
2009 6 702327.0
2009 7 549672.0
2009 8 510899.0
2009 9 532774.0
2009 10 549908.0
2009 11 420581.0
2009 12 602342.0
2010 1 470634.0
2010 2 466643.0
2010 3 636390.0
2010 4 638846.0
2010 5 534177.0
2010 6 682374.0
2010 7 536835.0
2010 8 494120.0
2010 9 478220.0
2010 10 405323.0
2010 11 374971.0
2010 12 652651.0
2011 1 451556.0
2011 2 388411.0
2011 3 489917.0
2011 4 544282.0
2011 5 583316.0
2011 6 640087.0
2011 7 424474.0
2011 8 535956.0
2011 9 477741.0
2011 10 497654.0
2011 11 423581.0
2011 12 512690.0
2012 1 412956.0
2012 2 431769.0
2012 3 563591.0
2012 4 578764.0
2012 5 764112.0
2012 6 799881.0
2012 7 729222.0
2012 8 738665.0
2012 9 669926.0
2012 10 703613.0
2012 11 594741.0
2012 12 699607.0
2013 1 733581.0
2013 2 712681.0
2013 3 843283.0
2013 4 917050.0
2013 5 1086957.0
2013 6 951063.0
2013 7 925560.0
2013 8 982985.0
2013 9 771582.0
2013 10 951918.0
2013 11 745909.0
2013 12 928850.0
2014 1 848872.0
2014 2 740238.0
2014 3 906142.0
2014 4 902759.0
2014 5 1065770.0
2014 6 1286193.0
2014 7 1012840.0
2014 8 835780.0
2014 9 817684.0
2014 10 915085.0
2014 11 803011.0
2014 12 1008446.0
2015 1 854561.0
2015 2 884215.0
2015 3 1080378.0
2015 4 1247143.0
2015 5 1225652.0
2015 6 1588741.0
2015 7 1313817.0
2015 8 1124959.0
2015 9 1041021.0
2015 10 1066837.0
2015 11 952882.0
2015 12 1037751.0
2016 1 807677.0
2016 2 992196.0
2016 3 1205029.0
2016 4 1276458.0
2016 5 1361889.0
2016 6 1536255.0
2016 7 1118825.0
2016 8 1313749.0
2016 9 1177020.0
2016 10 1204365.0
2016 11 1142533.0
2016 12 1376334.0
2017 1 895147.0
2017 2 1116051.0
2017 3 1539678.0
2017 4 1430562.0
2017 5 1642366.0
2017 6 1920700.0
2017 7 1272117.0
2017 8 1447474.0
2017 9 1389231.0
2017 10 1386858.0
2017 11 1293688.0
2017 12 1610155.0
2018 1 1372497.0
2018 2 1354519.0
2018 3 1720584.0
2018 4 1598896.0
2018 5 1969725.0
2018 6 1732800.0
2018 7 1825597.0
2018 8 1665120.0
2018 9 1369030.0
2018 10 1446914.0
2018 11 1226085.0
2018 12 1080986.0
2019 1 1210077.0
2019 2 1081507.0
2019 3 1426539.0
2019 4 1672885.0
2019 5 1679801.0
2019 6 1594923.0
2019 7 1514318.0
2019 8 1481399.0
2019 9 1235559.0
2019 10 1607243.0
2019 11 1343338.0
2019 12 1527123.0
2020 1 1374020.0
2020 2 1630434.0
2020 3 1216512.0
2020 4 772275.0
2020 5 980773.0
2020 6 1618273.0
2020 7 1473286.0
2020 8 1593998.0
2020 9 1710093.0
2020 10 1716307.0
2020 11 1219121.0
2020 12 1542009.0
2021 1 1278281.0
2021 2 1443190.0
2021 3 1753172.0
2021 4 1799353.0
2021 5 1644758.0
2021 6 1774501.0
2021 7 1590318.0
2021 8 1602316.0
2021 9 1432584.0
2021 10 1476424.0
2021 11 1456544.0
2021 12 1288108.0
2022 1 1413862.0
2022 2 1521371.0
2022 3 2020842.0
2022 4 1808568.0
2022 5 1779306.0
2022 6 1689263.0
2022 7 1264795.0
2022 8 1583374.0
2022 9 1249888.0
2022 10 1070058.0
2022 11 919023.0
2022 12 1048641.0
2023 1 868102.0
2023 2 1045084.0
2023 3 1351390.0
2023 4 1349862.0
2023 5 1801036.0
2023 6 2072324.0
2023 7 1306672.0
2023 8 1614261.0
2023 9 1349051.0
2023 10 1388263.0
2023 11 1449440.0
2023 12 1481013.0
2024 1 1432248.0
2024 2 1367571.0
2024 3 1448519.0
2024 4 1766015.0
2024 5 1900508.0
2024 6 1780970.0
2024 7 1665930.0
2024 8 1751689.0
