1960 5 45352.0
1960 6 66147.0
1960 7 37983.0
1960 8 44784.0
1960 9 45505.0
1960 10 49125.0
1960 11 43818.0
1960 12 46265.0
1961 1 45665.0
1961 2 45817.0
1961 3 56185.0
1961 4 53642.0
1961 5 65884.0
1961 6 76186.0
1961 7 52755.0
1961 8 65037.0
1961 9 50756.0
1961 10 66917.0
1961 11 67433.0
1961 12 60797.0
1962 1 77874.0
1962 2 55311.0
1962 3 80675.0
1962 4 78983.0
1962 5 103895.0
1962 6 85216.0
1962 7 75392.0
1962 8 105093.0
1962 9 79120.0
1962 10 89620.0
1962 11 100549.0
1962 12 98161.0
1963 1 126163.0
1963 2 108034.0
1963 3 124633.0
1963 4 109341.0
1963 5 137475.0
1963 6 121815.0
1963 7 129452.0
1963 8 139170.0
1963 9 116350.0
1963 10 153156.0
1963 11 102668.0
1963 12 140854.0
1964 1 137565.0
1964 2 128505.0
1964 3 130014.0
1964 4 150578.0
1964 5 120940.0
1964 6 137794.0
1964 7 131863.0
1964 8 87046.0
1964 9 87971.0
1964 10 79713.0
1964 11 74977.0
1964 12 99193.0
1965 1 76703.0
1965 2 82042.0
1965 3 108811.0
1965 4 63896.0
1965 5 65970.0
1965 6 60081.0
1965 7 63768.0
1965 8 65527.0
1965 9 41904.0
1965 10 50175.0
1965 11 85100.0
1965 12 38273.0
1966 1 49012.0
1966 2 50045.0
1966 3 42269.0
1966 4 32442.0
1966 5 40026.0
1966 6 18224.0
1966 7 21339.0
1966 8 20136.0
1966 9 14000.0
1966 10 19936.0
1966 11 16686.0
1966 12 14112.0
1967 1 19032.0
1967 2 24136.0
1967 3 29222.0
1967 4 32841.0
1967 5 28763.0
1967 6 32767.0
1967 7 33245.0
1967 8 38715.0
1967 9 40110.0
1967 10 46172.0
1967 11 47818.0
1967 12 55269.0
1968 1 40872.0
1968 2 42286.0
1968 3 50847.0
1968 4 67811.0
1968 5 69139.0
1968 6 45492.0
1968 7 61060.0
1968 8 64750.0
1968 9 72484.0
1968 10 81074.0
1968 11 69046.0
1968 12 79443.0
1969 1 77105.0
1969 2 68092.0
1969 3 67615.0
1969 4 127382.0
1969 5 93579.0
1969 6 99678.0
1969 7 98486.0
1969 8 99787.0
1969 9 108085.0
1969 10 111544.0
1969 11 84879.0
1969 12 111821.0
1970 1 94657.0
1970 2 63666.0
1970 3 82238.0
1970 4 142478.0
1970 5 141506.0
1970 6 86899.0
1970 7 99831.0
1970 8 120666.0
1970 9 139583.0
1970 10 186377.0
1970 11 84083.0
1970 12 155822.0
1971 1 81516.0
1971 2 130844.0
1971 3 125545.0
1971 4 167593.0
1971 5 131691.0
1971 6 146273.0
1971 7 166616.0
1971 8 180485.0
1971 9 132320.0
1971 10 137578.0
1971 11 155860.0
1971 12 179910.0
1972 1 179475.0
1972 2 214088.0
1972 3 165561.0
1972 4 171834.0
1972 5 205484.0
1972 6 160520.0
1972 7 146751.0
1972 8 154683.0
1972 9 151044.0
1972 10 180381.0
1972 11 183343.0
1972 12 207581.0
1973 1 217513.0
1973 2 167562.0
1973 3 206673.0
1973 4 175804.0
1973 5 161349.0
1973 6 152295.0
1973 7 137521.0
1973 8 144732.0
1973 9 139843.0
1973 10 119498.0
1973 11 90731.0
1973 12 138089.0
1974 1 84196.0
1974 2 72473.0
1974 3 129479.0
1974 4 142806.0
1974 5 93241.0
1974 6 88666.0
1974 7 72509.0
1974 8 65598.0
1974 9 42252.0
1974 10 48870.0
1974 11 50628.0
1974 12 47370.0
1975 1 35100.0
1975 2 39229.0
1975 3 55547.0
1975 4 56488.0
1975 5 78115.0
1975 6 69801.0
1975 7 76714.0
1975 8 60402.0
1975 9 68112.0
1975 10 101504.0
1975 11 60760.0
1975 12 96075.0
1976 1 100176.0
1976 2 88480.0
1976 3 102304.0
1976 4 105434.0
1976 5 110906.0
1976 6 121820.0
1976 7 119228.0
1976 8 145462.0
1976 9 146050.0
1976 10 154117.0
1976 11 202143.0
1976 12 177214.0
1977 1 113652.0
1977 2 159736.0
1977 3 177580.0
1977 4 159449.0
1977 5 178133.0
1977 6 188935.0
1977 7 194927.0
1977 8 155331.0
1977 9 135910.0
1977 10 162657.0
1977 11 218500.0
1977 12 222460.0
1978 1 138474.0
1978 2 162758.0
1978 3 218210.0
1978 4 207630.0
1978 5 229969.0
1978 6 557341.0
1978 7 201957.0
1978 8 164215.0
1978 9 186355.0
1978 10 172958.0
1978 11 167318.0
1978 12 229403.0
1979 1 136437.0
1979 2 166401.0
1979 3 194372.0
1979 4 194794.0
1979 5 221814.0
1979 6 230306.0
1979 7 237633.0
1979 8 295911.0
1979 9 227290.0
1979 10 285852.0
1979 11 194432.0
1979 12 180783.0
1980 1 148176.0
1980 2 217776.0
1980 3 150847.0
1980 4 144788.0
1980 5 108609.0
1980 6 183677.0
1980 7 172702.0
1980 8 179017.0
1980 9 254118.0
1980 10 303947.0
1980 11 146016.0
1980 12 198068.0
1981 1 124560.0
1981 2 158121.0
1981 3 158168.0
1981 4 232809.0
1981 5 179575.0
1981 6 205507.0
1981 7 178752.0
1981 8 153367.0
1981 9 181322.0
1981 10 109072.0
1981 11 86056.0
1981 12 114810.0
1982 1 71766.0
1982 2 65736.0
1982 3 110029.0
1982 4 98552.0
1982 5 169450.0
1982 6 154049.0
1982 7 186331.0
1982 8 80443.0
1982 9 144861.0
1982 10 142724.0
1982 11 151488.0
1982 12 160252.0
1983 1 131577.0
1983 2 129324.0
1983 3 141292.0
1983 4 180635.0
1983 5 229800.0
1983 6 281387.0
1983 7 290367.0
1983 8 288775.0
1983 9 303029.0
1983 10 250046.0
1983 11 253218.0
1983 12 309398.0
1984 1 287473.0
1984 2 340508.0
1984 3 404136.0
1984 4 375392.0
1984 5 438372.0
1984 6 481032.0
1984 7 416067.0
1984 8 374054.0
1984 9 364606.0
1984 10 354441.0
1984 11 367108.0
1984 12 295939.0
1985 1 334907.0
1985 2 332839.0
1985 3 465270.0
1985 4 483355.0
1985 5 519614.0
1985 6 546520.0
1985 7 501558.0
1985 8 509964.0
1985 9 952941.0
1985 10 424806.0
1985 11 468096.0
1985 12 409261.0
1986 1 439596.0
1986 2 377951.0
1986 3 619954.0
1986 4 579397.0
1986 5 584772.0
1986 6 595190.0
1986 7 551668.0
1986 8 541831.0
1986 9 554370.0
1986 10 546529.0
1986 11 436037.0
1986 12 818853.0
1987 1 369224.0
1987 2 291035.0
1987 3 453803.0
1987 4 560411.0
1987 5 373073.0
1987 6 528188.0
1987 7 495905.0
1987 8 397400.0
1987 9 347388.0
1987 10 355311.0
1987 11 338088.0
1987 12 348278.0
1988 1 192165.0
1988 2 316898.0
1988 3 394401.0
1988 4 499940.0
1988 5 359448.0
1988 6 460164.0
1988 7 304662.0
1988 8 475987.0
1988 9 318038.0
1988 10 579934.0
1988 11 417874.0
1988 12 377013.0
1989 1 286349.0
1989 2 265294.0
1989 3 323581.0
1989 4 376622.0
1989 5 401641.0
1989 6 377845.0
1989 7 360784.0
1989 8 302541.0
1989 9 296826.0
1989 10 336418.0
1989 11 283336.0
1989 12 453819.0
1990 1 410422.0
1990 2 299115.0
1990 3 303916.0
1990 4 319472.0
1990 5 336072.0
1990 6 369226.0
1990 7 234161.0
1990 8 282511.0
1990 9 234632.0
1990 10 183764.0
1990 11 184787.0
1990 12 191721.0
1991 1 155844.0
1991 2 89001.0
1991 3 229500.0
1991 4 116185.0
1991 5 216920.0
1991 6 227210.0
1991 7 201367.0
1991 8 191593.0
1991 9 139254.0
1991 10 215696.0
1991 11 93941.0
1991 12 159229.0
1992 1 111356.0
1992 2 119733.0
1992 3 119204.0
1992 4 103298.0
1992 5 97851.0
1992 6 168526.0
1992 7 119633.0
1992 8 127090.0
1992 9 91106.0
1992 10 116297.0
1992 11 98701.0
1992 12 115910.0
1993 1 115049.0
1993 2 32331.0
1993 3 107571.0
1993 4 69731.0
1993 5 82080.0
1993 6 105386.0
1993 7 84199.0
1993 8 71765.0
1993 9 58750.0
1993 10 67673.0
1993 11 46651.0
1993 12 102962.0
1994 1 67470.0
1994 2 48536.0
1994 3 130635.0
1994 4 107879.0
1994 5 62998.0
1994 6 292163.0
1994 7 87551.0
1994 8 93838.0
1994 9 123923.0
1994 10 99507.0
1994 11 147585.0
1994 12 103628.0
1995 1 36407.0
1995 2 63878.0
1995 3 90916.0
1995 4 101280.0
1995 5 114563.0
1995 6 79793.0
1995 7 102658.0
1995 8 90071.0
1995 9 92732.0
1995 10 83795.0
1995 11 106261.0
1995 12 110556.0
1996 1 82453.0
1996 2 50633.0
1996 3 116340.0
1996 4 118604.0
1996 5 113268.0
1996 6 105359.0
1996 7 112150.0
1996 8 87541.0
1996 9 102151.0
1996 10 166711.0
1996 11 82320.0
1996 12 107898.0
1997 1 82292.0
1997 2 101296.0
1997 3 133900.0
1997 4 146896.0
1997 5 110116.0
1997 6 139018.0
1997 7 166262.0
1997 8 167596.0
1997 9 194186.0
1997 10 202752.0
1997 11 112256.0
1997 12 235889.0
1998 1 90925.0
1998 2 139830.0
1998 3 109726.0
1998 4 214584.0
1998 5 137624.0
1998 6 284298.0
1998 7 132638.0
1998 8 250876.0
1998 9 303087.0
1998 10 227681.0
1998 11 177594.0
1998 12 212131.0
1999 1 231863.0
1999 2 134389.0
1999 3 199378.0
1999 4 134148.0
1999 5 172535.0
1999 6 173339.0
1999 7 184955.0
1999 8 270376.0
1999 9 263366.0
1999 10 305577.0
1999 11 184268.0
1999 12 243373.0
2000 1 253423.0
2000 2 272757.0
2000 3 285190.0
2000 4 210746.0
2000 5 144355.0
2000 6 567723.0
2000 7 225571.0
2000 8 326833.0
2000 9 215958.0
2000 10 239211.0
2000 11 228438.0
2000 12 307028.0
2001 1 359896.0
2001 2 144938.0
2001 3 220970.0
2001 4 277232.0
2001 5 244345.0
2001 6 325328.0
2001 7 155068.0
2001 8 355911.0
2001 9 152515.0
2001 10 313603.0
2001 11 249282.0
2001 12 281403.0
2002 1 259828.0
2002 2 223973.0
2002 3 197099.0
2002 4 241331.0
2002 5 140923.0
2002 6 232005.0
2002 7 214970.0
2002 8 234311.0
2002 9 292997.0
2002 10 430451.0
2002 11 362940.0
2002 12 276050.0
2003 1 204707.0
2003 2 488766.0
2003 3 339654.0
2003 4 372288.0
2003 5 439061.0
2003 6 284672.0
2003 7 323287.0
2003 8 341027.0
2003 9 302284.0
2003 10 557373.0
2003 11 326877.0
2003 12 315739.0
2004 1 291313.0
2004 2 338076.0
2004 3 429116.0
2004 4 372530.0
2004 5 341963.0
2004 6 599310.0
2004 7 414108.0
2004 8 408219.0
2004 9 425281.0
2004 10 487885.0
2004 11 571860.0
2004 12 613778.0
2005 1 415673.0
2005 2 359554.0
2005 3 383217.0
2005 4 402644.0
2005 5 433177.0
2005 6 519992.0
2005 7 380145.0
2005 8 474256.0
2005 9 589485.0
2005 10 295444.0
2005 11 458560.0
2005 12 387936.0
2006 1 375207.0
2006 2 768400.0
2006 3 552421.0
2006 4 442061.0
2006 5 393828.0
2006 6 597901.0
2006 7 283771.0
2006 8 512358.0
2006 9 571660.0
2006 10 492828.0
2006 11 429022.0
2006 12 553790.0
2007 1 397857.0
2007 2 283494.0
2007 3 549157.0
2007 4 386883.0
2007 5 484942.0
2007 6 334842.0
2007 7 328469.0
2007 8 587471.0
2007 9 378956.0
2007 10 441582.0
2007 11 264601.0
2007 12 326762.0
2008 1 267185.0
2008 2 400327.0
2008 3 203227.0
2008 4 433813.0
2008 5 465472.0
2008 6 340859.0
2008 7 296394.0
2008 8 195633.0
2008 9 334143.0
2008 10 166092.0
2008 11 296510.0
2008 12 309916.0
2009 1 103266.0
2009 2 139294.0
2009 3 169030.0
2009 4 93228.0
2009 5 78085.0
2009 6 87621.0
2009 7 111148.0
2009 8 93651.0
2009 9 82116.0
2009 10 110163.0
2009 11 86343.0
2009 12 103246.0
2010 1 127424.0
2010 2 203906.0
2010 3 171320.0
2010 4 115817.0
2010 5 157626.0
2010 6 246822.0
2010 7 222787.0
2010 8 243601.0
2010 9 171351.0
2010 10 174670.0
2010 11 181566.0
2010 12 508001.0
2011 1 140940.0
2011 2 153803.0
2011 3 301061.0
2011 4 210355.0
2011 5 366466.0
2011 6 412024.0
2011 7 126122.0
2011 8 464596.0
2011 9 271603.0
2011 10 224966.0
2011 11 365151.0
2011 12 410939.0
2012 1 92520.0
2012 2 227866.0
2012 3 632317.0
2012 4 188246.0
2012 5 476673.0
2012 6 452615.0
2012 7 401429.0
2012 8 511418.0
2012 9 566405.0
2012 10 367392.0
2012 11 260455.0
2012 12 510296.0
2013 1 501238.0
2013 2 556551.0
2013 3 287509.0
2013 4 718052.0
2013 5 792619.0
2013 6 463765.0
2013 7 627985.0
2013 8 511006.0
2013 9 206862.0
2013 10 598942.0
2013 11 674544.0
2013 12 955764.0
2014 1 236540.0
2014 2 566568.0
2014 3 663270.0
2014 4 813895.0
2014 5 391112.0
2014 6 430368.0
2014 7 678189.0
2014 8 413011.0
2014 9 582882.0
2014 10 873925.0
2014 11 703290.0
2014 12 660765.0
2015 1 653367.0
2015 2 747363.0
2015 3 888471.0
2015 4 606147.0
2015 5 590963.0
2015 6 1114257.0
2015 7 652038.0
2015 8 634418.0
2015 9 688731.0
2015 10 420275.0
2015 11 868734.0
2015 12 816562.0
2016 1 465929.0
2016 2 913149.0
2016 3 555487.0
2016 4 646526.0
2016 5 882521.0
2016 6 512405.0
2016 7 540246.0
2016 8 848337.0
2016 9 790840.0
2016 10 887493.0
2016 11 693296.0
2016 12 774948.0
2017 1 335401.0
2017 2 834168.0
2017 3 877310.0
2017 4 880848.0
2017 5 776786.0
2017 6 1196300.0
2017 7 534923.0
2017 8 837092.0
2017 9 738021.0
2017 10 912405.0
2017 11 650704.0
2017 12 930178.0
2018 1 564734.0
2018 2 671746.0
2018 3 1043796.0
2018 4 822770.0
2018 5 1067397.0
2018 6 1324083.0
2018 7 612463.0
2018 8 630085.0
2018 9 500206.0
2018 10 633544.0
2018 11 590192.0
2018 12 1117191.0
2019 1 1068895.0
2019 2 404087.0
2019 3 643638.0
2019 4 638543.0
2019 5 763247.0
2019 6 540903.0
2019 7 1030553.0
2019 8 611538.0
2019 9 777878.0
2019 10 925983.0
2019 11 526875.0
2019 12 902963.0
2020 1 842149.0
2020 2 616572.0
2020 3 646086.0
2020 4 592868.0
2020 5 690769.0
2020 6 577927.0
2020 7 887641.0
2020 8 421093.0
2020 9 559039.0
2020 10 477691.0
2020 11 567641.0
2020 12 1438420.0
2021 1 949011.0
2021 2 461081.0
2021 3 1049865.0
2021 4 798319.0
2021 5 730856.0
2021 6 837690.0
2021 7 799483.0
2021 8 642121.0
2021 9 700318.0
2021 10 907560.0
2021 11 744397.0
2021 12 1312358.0
2022 1 656747.0
2022 2 657464.0
2022 3 647324.0
2022 4 975273.0
2022 5 742470.0
2022 6 1205525.0
2022 7 569996.0
2022 8 990280.0
2022 9 1148813.0
2022 10 624366.0
2022 11 906515.0
2022 12 924704.0
2023 1 568068.0
2023 2 755608.0
2023 3 498759.0
2023 4 703711.0
2023 5 749977.0
2023 6 1387109.0
2023 7 586039.0
2023 8 1351206.0
2023 9 692734.0
2023 10 812045.0
2023 11 906194.0
2023 12 592518.0
2024 1 545676.0
2024 2 413842.0
2024 3 658576.0
2024 4 376423.0
2024 5 764783.0
2024 6 698483.0
2024 7 620352.0
2024 8 618931.0
