1960 5 32740.0
1960 6 55686.0
1960 7 28954.0
1960 8 33767.0
1960 9 35634.0
1960 10 38710.0
1960 11 34623.0
1960 12 35873.0
1961 1 35602.0
1961 2 36462.0
1961 3 45040.0
1961 4 41222.0
1961 5 53805.0
1961 6 62276.0
1961 7 44477.0
1961 8 54529.0
1961 9 39087.0
1961 10 53489.0
1961 11 56393.0
1961 12 46861.0
1962 1 58698.0
1962 2 45879.0
1962 3 58037.0
1962 4 61362.0
1962 5 81877.0
1962 6 64985.0
1962 7 57099.0
1962 8 83031.0
1962 9 63367.0
1962 10 68970.0
1962 11 81169.0
1962 12 76074.0
1963 1 95392.0
1963 2 82016.0
1963 3 88678.0
1963 4 78774.0
1963 5 95150.0
1963 6 80718.0
1963 7 86307.0
1963 8 113398.0
1963 9 75018.0
1963 10 112219.0
1963 11 74954.0
1963 12 101408.0
1964 1 101028.0
1964 2 90020.0
1964 3 99350.0
1964 4 115742.0
1964 5 91993.0
1964 6 105042.0
1964 7 102798.0
1964 8 65513.0
1964 9 66322.0
1964 10 57371.0
1964 11 54887.0
1964 12 78954.0
1965 1 57168.0
1965 2 64709.0
1965 3 82094.0
1965 4 42887.0
1965 5 49550.0
1965 6 43521.0
1965 7 50201.0
1965 8 50435.0
1965 9 29600.0
1965 10 38508.0
1965 11 70012.0
1965 12 26197.0
1966 1 35865.0
1966 2 36082.0
1966 3 27658.0
1966 4 21202.0
1966 5 29910.0
1966 6 10965.0
1966 7 15415.0
1966 8 15500.0
1966 9 11106.0
1966 10 13382.0
1966 11 12526.0
1966 12 9685.0
1967 1 13424.0
1967 2 19860.0
1967 3 20249.0
1967 4 25969.0
1967 5 20595.0
1967 6 21441.0
1967 7 21444.0
1967 8 28652.0
1967 9 31492.0
1967 10 36733.0
1967 11 35176.0
1967 12 47093.0
1968 1 32110.0
1968 2 33131.0
1968 3 40681.0
1968 4 56093.0
1968 5 56580.0
1968 6 35958.0
1968 7 49562.0
1968 8 51742.0
1968 9 58966.0
1968 10 68483.0
1968 11 55782.0
1968 12 57258.0
1969 1 64310.0
1969 2 52433.0
1969 3 49513.0
1969 4 110396.0
1969 5 78069.0
1969 6 83174.0
1969 7 78663.0
1969 8 83229.0
1969 9 91515.0
1969 10 95575.0
1969 11 72240.0
1969 12 91261.0
1970 1 82218.0
1970 2 51613.0
1970 3 68480.0
1970 4 124599.0
1970 5 124178.0
1970 6 72042.0
1970 7 80851.0
1970 8 95639.0
1970 9 112808.0
1970 10 166355.0
1970 11 64420.0
1970 12 135429.0
1971 1 64345.0
1971 2 108775.0
1971 3 96800.0
1971 4 142066.0
1971 5 100744.0
1971 6 118685.0
1971 7 130944.0
1971 8 136904.0
1971 9 105563.0
1971 10 114540.0
1971 11 130442.0
1971 12 147862.0
1972 1 153543.0
1972 2 184376.0
1972 3 114194.0
1972 4 128590.0
1972 5 154682.0
1972 6 127323.0
1972 7 108240.0
1972 8 115548.0
1972 9 121158.0
1972 10 143427.0
1972 11 148955.0
1972 12 175424.0
1973 1 168666.0
1973 2 140390.0
1973 3 172224.0
1973 4 148177.0
1973 5 125804.0
1973 6 114322.0
1973 7 94102.0
1973 8 114520.0
1973 9 111897.0
1973 10 93992.0
1973 11 72131.0
1973 12 116365.0
1974 1 64410.0
1974 2 53720.0
1974 3 102550.0
1974 4 117708.0
1974 5 70199.0
1974 6 72247.0
1974 7 50448.0
1974 8 47971.0
1974 9 33240.0
1974 10 35068.0
1974 11 42745.0
1974 12 36912.0
1975 1 26094.0
1975 2 21908.0
1975 3 38519.0
1975 4 36304.0
1975 5 56339.0
1975 6 46772.0
1975 7 53491.0
1975 8 42736.0
1975 9 42476.0
1975 10 69299.0
1975 11 39926.0
1975 12 70274.0
1976 1 69439.0
1976 2 61294.0
1976 3 67344.0
1976 4 64965.0
1976 5 71552.0
1976 6 75408.0
1976 7 85330.0
1976 8 103770.0
1976 9 106268.0
1976 10 96694.0
1976 11 142812.0
1976 12 122421.0
1977 1 79400.0
1977 2 106119.0
1977 3 112681.0
1977 4 118876.0
1977 5 131483.0
1977 6 126343.0
1977 7 133629.0
1977 8 112623.0
1977 9 96357.0
1977 10 116945.0
1977 11 134689.0
1977 12 158412.0
1978 1 99295.0
1978 2 118979.0
1978 3 145306.0
1978 4 145473.0
1978 5 143359.0
1978 6 434493.0
1978 7 156175.0
1978 8 103438.0
1978 9 128271.0
1978 10 104195.0
1978 11 111375.0
1978 12 162452.0
1979 1 99887.0
1979 2 118100.0
1979 3 124265.0
1979 4 129824.0
1979 5 149772.0
1979 6 161405.0
1979 7 158842.0
1979 8 210600.0
1979 9 165524.0
1979 10 188174.0
1979 11 141118.0
1979 12 139441.0
1980 1 107971.0
1980 2 169577.0
1980 3 104625.0
1980 4 113064.0
1980 5 75922.0
1980 6 137087.0
1980 7 135029.0
1980 8 122717.0
1980 9 188403.0
1980 10 252707.0
1980 11 97014.0
1980 12 144384.0
1981 1 88971.0
1981 2 115260.0
1981 3 113897.0
1981 4 167568.0
1981 5 129094.0
1981 6 150726.0
1981 7 125078.0
1981 8 116144.0
1981 9 144062.0
1981 10 76773.0
1981 11 48706.0
1981 12 76607.0
1982 1 54975.0
1982 2 46710.0
1982 3 74241.0
1982 4 64854.0
1982 5 133993.0
1982 6 105882.0
1982 7 152072.0
1982 8 53001.0
1982 9 114804.0
1982 10 98876.0
1982 11 112565.5
1982 12 126255.0
1983 1 106956.0
1983 2 99809.0
1983 3 106502.0
1983 4 128027.0
1983 5 184533.0
1983 6 194178.0
1983 7 218305.0
1983 8 227565.0
1983 9 242054.0
1983 10 190560.0
1983 11 199613.0
1983 12 245536.0
1984 1 222522.0
1984 2 275723.0
1984 3 308560.0
1984 4 283739.0
1984 5 349663.0
1984 6 358843.0
1984 7 320498.0
1984 8 276662.0
1984 9 304816.0
1984 10 272542.0
1984 11 300907.0
1984 12 243504.0
1985 1 257219.0
1985 2 278368.0
1985 3 363591.0
1985 4 409863.0
1985 5 426643.0
1985 6 434110.0
1985 7 434662.0
1985 8 417253.0
1985 9 839053.0
1985 10 331235.0
1985 11 412605.0
1985 12 334706.0
1986 1 375321.0
1986 2 324624.0
1986 3 555750.0
1986 4 465942.0
1986 5 463058.0
1986 6 498779.0
1986 7 452168.0
1986 8 447653.0
1986 9 460493.0
1986 10 451834.0
1986 11 359961.0
1986 12 703269.0
1987 1 290407.0
1987 2 218188.0
1987 3 369146.0
1987 4 474231.0
1987 5 298775.0
1987 6 447541.0
1987 7 418262.0
1987 8 326848.0
1987 9 289692.0
1987 10 294647.0
1987 11 286268.0
1987 12 265534.0
1988 1 157438.0
1988 2 241800.0
1988 3 301997.0
1988 4 435858.0
1988 5 280227.0
1988 6 375616.0
1988 7 245398.0
1988 8 372808.0
1988 9 235000.0
1988 10 486060.0
1988 11 358993.0
1988 12 293999.0
1989 1 227976.0
1989 2 207695.0
1989 3 247150.0
1989 4 299218.0
1989 5 310252.0
1989 6 293574.0
1989 7 278533.0
1989 8 222985.0
1989 9 237462.0
1989 10 276897.0
1989 11 202810.0
1989 12 357423.0
1990 1 342239.0
1990 2 230637.0
1990 3 229834.0
1990 4 240494.0
1990 5 273326.0
1990 6 313835.0
1990 7 182784.0
1990 8 208968.0
1990 9 188810.0
1990 10 139821.0
1990 11 144434.0
1990 12 143360.0
1991 1 112552.0
1991 2 54130.0
1991 3 183756.0
1991 4 80947.0
1991 5 172671.0
1991 6 180797.0
1991 7 137065.0
1991 8 137029.0
1991 9 95992.0
1991 10 152612.0
1991 11 71534.0
1991 12 129110.0
1992 1 84854.0
1992 2 93541.0
1992 3 91879.0
1992 4 73121.0
1992 5 53844.0
1992 6 107858.0
1992 7 82572.0
1992 8 69038.0
1992 9 63755.0
1992 10 80868.0
1992 11 71961.0
1992 12 92770.0
1993 1 91915.0
1993 2 13241.0
1993 3 76018.0
1993 4 43086.0
1993 5 62044.0
1993 6 73007.0
1993 7 62158.0
1993 8 56484.0
1993 9 44036.0
1993 10 50740.0
1993 11 26293.0
1993 12 72874.0
1994 1 43451.0
1994 2 19708.0
1994 3 103283.0
1994 4 79600.0
1994 5 32388.0
1994 6 266294.0
1994 7 58627.0
1994 8 65607.0
1994 9 95824.0
1994 10 70340.0
1994 11 107494.0
1994 12 74589.0
1995 1 21916.0
1995 2 47919.0
1995 3 72187.0
1995 4 71794.0
1995 5 95225.0
1995 6 43778.0
1995 7 75343.0
1995 8 55997.0
1995 9 75026.0
1995 10 47427.0
1995 11 72503.0
1995 12 93211.0
1996 1 66277.0
1996 2 34657.0
1996 3 89006.0
1996 4 92495.0
1996 5 70387.0
1996 6 81951.0
1996 7 95098.0
1996 8 60102.0
1996 9 70448.0
1996 10 138733.0
1996 11 55196.0
1996 12 92298.0
1997 1 63332.0
1997 2 80474.0
1997 3 103175.0
1997 4 119698.0
1997 5 94941.0
1997 6 107911.0
1997 7 137720.0
1997 8 141157.0
1997 9 161841.0
1997 10 168645.0
1997 11 85017.0
1997 12 200798.0
1998 1 68005.0
1998 2 119687.0
1998 3 85015.0
1998 4 196763.0
1998 5 105942.0
1998 6 251672.0
1998 7 101448.0
1998 8 226948.0
1998 9 234010.0
1998 10 197027.0
1998 11 159288.0
1998 12 175746.0
1999 1 198205.0
1999 2 109778.0
1999 3 164991.0
1999 4 104075.0
1999 5 157297.0
1999 6 149880.0
1999 7 155180.0
1999 8 246348.0
1999 9 222238.0
1999 10 279854.0
1999 11 154353.0
1999 12 193406.0
2000 1 212519.0
2000 2 244385.0
2000 3 260179.0
2000 4 177840.0
2000 5 131427.0
2000 6 532352.0
2000 7 201070.0
2000 8 268141.0
2000 9 193160.0
2000 10 188069.0
2000 11 204760.0
2000 12 259872.0
2001 1 329857.0
2001 2 117653.0
2001 3 185850.0
2001 4 244280.0
2001 5 213959.0
2001 6 301354.0
2001 7 116574.0
2001 8 316246.0
2001 9 129185.0
2001 10 287159.0
2001 11 216861.0
2001 12 241720.0
2002 1 226513.0
2002 2 194910.0
2002 3 146558.0
2002 4 206229.0
2002 5 109057.0
2002 6 185842.0
2002 7 190598.0
2002 8 194298.0
2002 9 270995.0
2002 10 375406.0
2002 11 344795.0
2002 12 224009.0
2003 1 176035.0
2003 2 427809.0
2003 3 305050.0
2003 4 318456.0
2003 5 388691.0
2003 6 227210.0
2003 7 279697.0
2003 8 301049.0
2003 9 241473.0
2003 10 490930.0
2003 11 288524.0
2003 12 271159.0
2004 1 241261.0
2004 2 281110.0
2004 3 364983.0
2004 4 297379.0
2004 5 283423.0
2004 6 537249.0
2004 7 358837.0
2004 8 348855.0
2004 9 371493.0
2004 10 431414.0
2004 11 492342.0
2004 12 567556.0
2005 1 386905.0
2005 2 328431.0
2005 3 309260.0
2005 4 321752.0
2005 5 333287.0
2005 6 422875.0
2005 7 301834.0
2005 8 417314.0
2005 9 506597.0
2005 10 234939.0
2005 11 408666.0
2005 12 324669.0
2006 1 321006.0
2006 2 683325.0
2006 3 502151.0
2006 4 398939.0
2006 5 343827.0
2006 6 518029.0
2006 7 217635.0
2006 8 452864.0
2006 9 519769.0
2006 10 433467.0
2006 11 364994.0
2006 12 504863.0
2007 1 334317.0
2007 2 237361.0
2007 3 459947.0
2007 4 333887.0
2007 5 414510.0
2007 6 294590.0
2007 7 270392.0
2007 8 545797.0
2007 9 346593.0
2007 10 410086.0
2007 11 234536.0
2007 12 297887.0
2008 1 244644.0
2008 2 380959.0
2008 3 173305.0
2008 4 401170.0
2008 5 430362.0
2008 6 299818.0
2008 7 262851.0
2008 8 175618.0
2008 9 302936.0
2008 10 141267.0
2008 11 279719.0
2008 12 293237.0
2009 1 88004.0
2009 2 118910.0
2009 3 146315.0
2009 4 65522.0
2009 5 56298.0
2009 6 62756.0
2009 7 96221.0
2009 8 73665.0
2009 9 63443.0
2009 10 96318.0
2009 11 57687.0
2009 12 81755.0
2010 1 104191.0
2010 2 171158.0
2010 3 150050.0
2010 4 95594.0
2010 5 135566.0
2010 6 212592.0
2010 7 203661.0
2010 8 223669.0
2010 9 144814.0
2010 10 150171.0
2010 11 162501.0
2010 12 484047.0
2011 1 117505.0
2011 2 133355.0
2011 3 284126.0
2011 4 200342.0
2011 5 333895.0
2011 6 386037.0
2011 7 109121.0
2011 8 433892.0
2011 9 257152.0
2011 10 211144.0
2011 11 339551.0
2011 12 385935.0
2012 1 68830.0
2012 2 205091.0
2012 3 606113.0
2012 4 161227.0
2012 5 449970.0
2012 6 414114.0
2012 7 374313.0
2012 8 474983.0
2012 9 523516.0
2012 10 332768.0
2012 11 216935.0
2012 12 480071.0
2013 1 468935.0
2013 2 528081.0
2013 3 251820.0
2013 4 675404.0
2013 5 739956.0
2013 6 408064.0
2013 7 592905.0
2013 8 476094.0
2013 9 177347.0
2013 10 557947.0
2013 11 653435.0
2013 12 928810.0
2014 1 202106.0
2014 2 529920.0
2014 3 629250.0
2014 4 787487.0
2014 5 348765.0
2014 6 387392.0
2014 7 631365.0
2014 8 382406.0
2014 9 553474.0
2014 10 849980.0
2014 11 660895.0
2014 12 619299.0
2015 1 619871.0
2015 2 724061.0
2015 3 854904.0
2015 4 552737.0
2015 5 511856.0
2015 6 1029045.0
2015 7 612941.0
2015 8 596208.0
2015 9 663599.0
2015 10 371663.0
2015 11 832735.0
2015 12 785956.0
2016 1 439129.0
2016 2 865708.0
2016 3 506707.0
2016 4 621078.0
2016 5 841654.0
2016 6 475176.0
2016 7 497939.0
2016 8 791133.0
2016 9 741188.0
2016 10 832938.0
2016 11 644895.0
2016 12 704482.0
2017 1 301037.0
2017 2 766006.0
2017 3 836019.0
2017 4 819752.0
2017 5 709785.0
2017 6 1109469.0
2017 7 474387.0
2017 8 779947.0
2017 9 625920.0
2017 10 861103.0
2017 11 582594.0
2017 12 847232.0
2018 1 499352.0
2018 2 579676.0
2018 3 960839.0
2018 4 736643.0
2018 5 987886.0
2018 6 1249080.0
2018 7 566600.0
2018 8 561086.0
2018 9 440910.0
2018 10 570699.0
2018 11 534120.0
2018 12 1041089.0
2019 1 1001707.0
2019 2 350696.0
2019 3 579620.0
2019 4 557532.0
2019 5 723836.0
2019 6 480028.0
2019 7 965598.0
2019 8 533894.0
2019 9 719852.0
2019 10 832012.0
2019 11 475336.0
2019 12 845680.0
2020 1 794237.0
2020 2 531841.0
2020 3 580381.0
2020 4 538240.0
2020 5 663054.0
2020 6 524409.0
2020 7 825769.0
2020 8 352727.0
2020 9 511990.0
2020 10 398336.0
2020 11 500023.0
2020 12 1359997.0
2021 1 880237.0
2021 2 407796.0
2021 3 991052.0
2021 4 707564.0
2021 5 657669.0
2021 6 779405.0
2021 7 730356.0
2021 8 569953.0
2021 9 629410.0
2021 10 833778.0
2021 11 653993.0
2021 12 1245011.0
2022 1 582381.0
2022 2 589179.0
2022 3 575277.0
2022 4 884375.0
2022 5 653427.0
2022 6 1114273.0
2022 7 508038.0
2022 8 914614.0
2022 9 1077056.0
2022 10 568410.0
2022 11 851688.0
2022 12 869933.0
2023 1 503673.0
2023 2 704201.0
2023 3 432600.0
2023 4 622221.0
2023 5 676825.0
2023 6 1301818.0
2023 7 507977.0
2023 8 1248649.0
2023 9 624093.0
2023 10 755650.0
2023 11 803226.0
2023 12 544755.0
2024 1 491107.0
2024 2 367550.0
2024 3 579329.0
2024 4 310301.0
2024 5 674156.0
2024 6 637630.0
2024 7 569280.0
2024 8 552459.0
