1960 5 2351.0
1960 6 1443.0
1960 7 1833.0
1960 8 1553.0
1960 9 4519.0
1960 10 2368.0
1960 11 2053.0
1960 12 1115.0
1961 1 2367.0
1961 2 1648.0
1961 3 3235.0
1961 4 4552.0
1961 5 3776.0
1961 6 4451.0
1961 7 3767.0
1961 8 4329.0
1961 9 3038.0
1961 10 4326.0
1961 11 4672.0
1961 12 2674.0
1962 1 1523.0
1962 2 4899.0
1962 3 1933.0
1962 4 2222.0
1962 5 1610.0
1962 6 2457.0
1962 7 1622.0
1962 8 3152.0
1962 9 1352.0
1962 10 1078.0
1962 11 1007.0
1962 12 1238.0
1963 1 1387.0
1963 2 2127.0
1963 3 1189.0
1963 4 2249.0
1963 5 4882.0
1963 6 1989.0
1963 7 2104.0
1963 8 1821.0
1963 9 2303.0
1963 10 573.0
1963 11 702.0
1963 12 967.0
1964 1 878.0
1964 2 1910.0
1964 3 1285.0
1964 4 4483.0
1964 5 3674.0
1964 6 641.0
1964 7 1349.0
1964 8 661.0
1964 9 3636.0
1964 10 1486.0
1964 11 3588.0
1964 12 1114.0
1965 1 1401.0
1965 2 1227.0
1965 3 4058.0
1965 4 5204.0
1965 5 879.0
1965 6 1975.0
1965 7 598.0
1965 8 2225.0
1965 9 1607.0
1965 10 5553.0
1965 11 4456.0
1965 12 1294.0
1966 1 1182.0
1966 2 1450.0
1966 3 1629.0
1966 4 1455.0
1966 5 1109.0
1966 6 7092.0
1966 7 2440.0
1966 8 5457.0
1966 9 676.0
1966 10 1443.0
1966 11 1258.0
1966 12 1131.0
1967 1 672.0
1967 2 1046.0
1967 3 2363.0
1967 4 2619.0
1967 5 2013.0
1967 6 3681.0
1967 7 5015.0
1967 8 3078.0
1967 9 2560.0
1967 10 5212.0
1967 11 5816.0
1967 12 4534.0
1968 1 3367.0
1968 2 4875.0
1968 3 3532.0
1968 4 7852.0
1968 5 9077.0
1968 6 4516.0
1968 7 5984.0
1968 8 4117.0
1968 9 5201.0
1968 10 4659.0
1968 11 14592.0
1968 12 8480.0
1969 1 7084.0
1969 2 3942.0
1969 3 5485.0
1969 4 7305.0
1969 5 15281.0
1969 6 5285.0
1969 7 7218.0
1969 8 9305.0
1969 9 6384.0
1969 10 3788.0
1969 11 1956.0
1969 12 4843.0
1970 1 7638.0
1970 2 2193.0
1970 3 5665.0
1970 4 8750.0
1970 5 8912.0
1970 6 11185.0
1970 7 9452.0
1970 8 10737.0
1970 9 8045.0
1970 10 5851.0
1970 11 7800.0
1970 12 8298.0
1971 1 15292.0
1971 2 10127.0
1971 3 11972.0
1971 4 16862.0
1971 5 18974.0
1971 6 19825.0
1971 7 19576.0
1971 8 18983.0
1971 9 13365.0
1971 10 21518.0
1971 11 15276.0
1971 12 25758.0
1972 1 25349.0
1972 2 17805.0
1972 3 19271.0
1972 4 17255.0
1972 5 20683.0
1972 6 22652.0
1972 7 27094.0
1972 8 22022.0
1972 9 21633.0
1972 10 20222.0
1972 11 23484.0
1972 12 29074.0
1973 1 12360.0
1973 2 12926.0
1973 3 46341.0
1973 4 14292.0
1973 5 18292.0
1973 6 22173.0
1973 7 8764.0
1973 8 22049.0
1973 9 11656.0
1973 10 13350.0
1973 11 9181.0
1973 12 11319.0
1974 1 8223.0
1974 2 11486.0
1974 3 10456.0
1974 4 9984.0
1974 5 2442.0
1974 6 5072.0
1974 7 2227.0
1974 8 4038.0
1974 9 1185.0
1974 10 1098.0
1974 11 1356.0
1974 12 7025.0
1975 1 1115.0
1975 2 875.0
1975 3 3120.0
1975 4 1611.0
1975 5 467.0
1975 6 2064.0
1975 7 3231.0
1975 8 1467.0
1975 9 2922.0
1975 10 661.0
1975 11 819.0
1975 12 932.0
1976 1 333.0
1976 2 1883.0
1976 3 2698.0
1976 4 2653.0
1976 5 4824.0
1976 6 4475.0
1976 7 4842.0
1976 8 3059.0
1976 9 5851.0
1976 10 3274.0
1976 11 3774.0
1976 12 1748.0
1977 1 3048.0
1977 2 5459.0
1977 3 3376.0
1977 4 5841.0
1977 5 8448.0
1977 6 5523.0
1977 7 9556.0
1977 8 3937.0
1977 9 8045.0
1977 10 6495.0
1977 11 5898.0
1977 12 7491.0
1978 1 3916.0
1978 2 6221.0
1978 3 18485.0
1978 4 12161.0
1978 5 3932.0
1978 6 7206.0
1978 7 8806.0
1978 8 22809.0
1978 9 12343.0
1978 10 12184.0
1978 11 17458.0
1978 12 14807.0
1979 1 6263.0
1979 2 9496.0
1979 3 5861.0
1979 4 23574.0
1979 5 15846.0
1979 6 11694.0
1979 7 14376.0
1979 8 25250.0
1979 9 8983.0
1979 10 12344.0
1979 11 10704.0
1979 12 8799.0
1980 1 2347.0
1980 2 6950.0
1980 3 4619.0
1980 4 7908.0
1980 5 2268.0
1980 6 33864.0
1980 7 2967.0
1980 8 14972.0
1980 9 26996.0
1980 10 21591.0
1980 11 12955.0
1980 12 21052.0
1981 1 9427.0
1981 2 2318.0
1981 3 7938.0
1981 4 22476.0
1981 5 19034.0
1981 6 14066.0
1981 7 26178.0
1981 8 21452.0
1981 9 21577.0
1981 10 32741.0
1981 11 24115.0
1981 12 15617.0
1982 1 2580.0
1982 2 3983.0
1982 3 12924.0
1982 4 41013.0
1982 5 19357.0
1982 6 25447.0
1982 7 26916.0
1982 8 33148.0
1982 9 20224.0
1982 10 40596.0
1982 11 32982.5
1982 12 25369.0
1983 1 16190.0
1983 2 17436.0
1983 3 25543.0
1983 4 24655.0
1983 5 53202.0
1983 6 41760.0
1983 7 35125.0
1983 8 69480.0
1983 9 66002.0
1983 10 44341.0
1983 11 34180.0
1983 12 29775.0
1984 1 27468.0
1984 2 32811.0
1984 3 52385.0
1984 4 40864.0
1984 5 55839.0
1984 6 42001.0
1984 7 53760.0
1984 8 16979.0
1984 9 32800.0
1984 10 26976.0
1984 11 37794.0
1984 12 51330.0
1985 1 15427.0
1985 2 47425.0
1985 3 16761.0
1985 4 23388.0
1985 5 39484.0
1985 6 10845.0
1985 7 14608.0
1985 8 25088.0
1985 9 40500.0
1985 10 26851.0
1985 11 19208.0
1985 12 24412.0
1986 1 38398.0
1986 2 17508.0
1986 3 25484.0
1986 4 14877.0
1986 5 36569.0
1986 6 22754.0
1986 7 15587.0
1986 8 40749.0
1986 9 16471.0
1986 10 23453.0
1986 11 10844.0
1986 12 32413.0
1987 1 14867.0
1987 2 12405.0
1987 3 21276.0
1987 4 12437.0
1987 5 11738.0
1987 6 11861.0
1987 7 13035.0
1987 8 2675.0
1987 9 36155.0
1987 10 4088.0
1987 11 2363.0
1987 12 1834.0
1988 1 7167.0
1988 2 13322.0
1988 3 4023.0
1988 4 9689.0
1988 5 4019.0
1988 6 5170.0
1988 7 3047.0
1988 8 6527.0
1988 9 4088.0
1988 10 13901.0
1988 11 9529.0
1988 12 8385.0
1989 1 574.0
1989 2 4949.0
1989 3 7713.0
1989 4 1075.0
1989 5 20719.0
1989 6 3922.0
1989 7 13453.0
1989 8 2379.0
1989 9 3965.0
1989 10 13593.0
1989 11 6533.0
1989 12 3133.0
1990 1 2388.0
1990 2 3000.0
1990 3 2967.0
1990 4 1440.0
1990 5 4202.0
1990 6 1038.0
1990 7 18988.0
1990 8 833.0
1990 9 305.0
1990 10 1363.0
1990 11 2391.0
1990 12 604.0
1991 1 333.0
1991 2 500.0
1991 3 679.0
1991 4 5165.0
1991 5 2956.0
1991 6 3269.0
1991 7 3582.0
1991 8 4164.0
1991 9 1453.0
1991 10 1583.0
1991 11 3106.0
1991 12 1776.0
1992 1 10244.0
1992 2 3523.0
1992 3 6520.5
1992 4 9518.0
1992 5 10812.0
1992 6 1366.0
1992 7 31347.0
1992 8 9801.0
1992 9 17009.0
1992 10 450.0
1992 11 1064.0
1992 12 3867.0
1993 1 6646.0
1993 2 22254.0
1993 3 570.0
1993 4 10729.0
1993 5 677.0
1993 6 35334.0
1993 7 12569.0
1993 8 14111.0
1993 9 11419.0
1993 10 1250.0
1993 11 9214.0
1993 12 4463.0
1994 1 10727.0
1994 2 31572.0
1994 3 16608.0
1994 4 70349.0
1994 5 22798.0
1994 6 33982.0
1994 7 17786.0
1994 8 67810.0
1994 9 79030.0
1994 10 47947.0
1994 11 29740.0
1994 12 29557.0
1995 1 40250.0
1995 2 25773.0
1995 3 31647.0
1995 4 33365.0
1995 5 36583.0
1995 6 52192.0
1995 7 65814.0
1995 8 50227.0
1995 9 25689.0
1995 10 29674.0
1995 11 70960.0
1995 12 115751.0
1996 1 27817.0
1996 2 97643.0
1996 3 73398.0
1996 4 40775.0
1996 5 10928.0
1996 6 56134.0
1996 7 30514.0
1996 8 20963.0
1996 9 37768.0
1996 10 36715.0
1996 11 46705.0
1996 12 51777.0
1997 1 38803.0
1997 2 23750.0
1997 3 38538.0
1997 4 30142.0
1997 5 57229.0
1997 6 38028.0
1997 7 42009.0
1997 8 51124.0
1997 9 38489.0
1997 10 43878.0
1997 11 18007.0
1997 12 55204.0
1998 1 75993.0
1998 2 35224.0
1998 3 46945.0
1998 4 68302.0
1998 5 29059.0
1998 6 93901.0
1998 7 131320.0
1998 8 35579.0
1998 9 67585.0
1998 10 36094.0
1998 11 44277.0
1998 12 80365.0
1999 1 36177.0
1999 2 26923.0
1999 3 64397.0
1999 4 33392.0
1999 5 14476.0
1999 6 32475.0
1999 7 54616.0
1999 8 65487.0
1999 9 47564.0
1999 10 42411.0
1999 11 78230.0
1999 12 38096.0
2000 1 85171.0
2000 2 58506.0
2000 3 58047.0
2000 4 52938.0
2000 5 49382.0
2000 6 17424.0
2000 7 181453.0
2000 8 158827.0
2000 9 62239.0
2000 10 68784.0
2000 11 54309.0
2000 12 99729.0
2001 1 56759.0
2001 2 99684.0
2001 3 38085.0
2001 4 25635.0
2001 5 135070.0
2001 6 143183.0
2001 7 94478.0
2001 8 105658.0
2001 9 220558.0
2001 10 76439.0
2001 11 70640.0
2001 12 60719.0
2002 1 81003.0
2002 2 11928.0
2002 3 47198.0
2002 4 94014.0
2002 5 80952.0
2002 6 68521.0
2002 7 24044.0
2002 8 47006.0
2002 9 155420.0
2002 10 34548.0
2002 11 84256.0
2002 12 72765.0
2003 1 25005.0
2003 2 35054.0
2003 3 15966.0
2003 4 29758.0
2003 5 41282.0
2003 6 37718.0
2003 7 36962.0
2003 8 33032.0
2003 9 33721.0
2003 10 60604.0
2003 11 35312.0
2003 12 17027.0
2004 1 42907.0
2004 2 23877.0
2004 3 33162.0
2004 4 35860.0
2004 5 21173.0
2004 6 73535.0
2004 7 22806.0
2004 8 35155.0
2004 9 46163.0
2004 10 29224.0
2004 11 18790.0
2004 12 62120.0
2005 1 31583.0
2005 2 27995.0
2005 3 24308.0
2005 4 26330.0
2005 5 10782.0
2005 6 23778.0
2005 7 79135.0
2005 8 17941.0
2005 9 33051.0
2005 10 18768.0
2005 11 13282.0
2005 12 39155.0
2006 1 30545.0
2006 2 108282.0
2006 3 74006.0
2006 4 84719.0
2006 5 67523.0
2006 6 149399.0
2006 7 53344.0
2006 8 39009.0
2006 9 65694.0
2006 10 44850.0
2006 11 13309.0
2006 12 95298.0
2007 1 55647.0
2007 2 75855.0
2007 3 46894.0
2007 4 93812.0
2007 5 26911.0
2007 6 156910.0
2007 7 39966.0
2007 8 58974.0
2007 9 54242.0
2007 10 125536.0
2007 11 58804.0
2007 12 146978.0
2008 1 68077.0
2008 2 112567.0
2008 3 49032.0
2008 4 50230.0
2008 5 258514.0
2008 6 59177.0
2008 7 51765.0
2008 8 61293.0
2008 9 29143.0
2008 10 85181.0
2008 11 47586.0
2008 12 33024.0
2009 1 9872.0
2009 2 27314.0
2009 3 13348.0
2009 4 43941.0
2009 5 7625.0
2009 6 4756.0
2009 7 32443.0
2009 8 1782.0
2009 9 10504.0
2009 10 1678.0
2009 11 445.0
2009 12 15836.0
2010 1 8711.0
2010 2 12114.0
2010 3 46330.0
2010 4 7126.0
2010 5 961.0
2010 6 5356.0
2010 7 1747.0
2010 8 2145.0
2010 9 64387.0
2010 10 8356.0
2010 11 9687.0
2010 12 40112.0
2011 1 8885.0
2011 2 3760.0
2011 3 53858.0
2011 4 21723.0
2011 5 9028.0
2011 6 13483.0
2011 7 47781.0
2011 8 63971.0
2011 9 30204.0
2011 10 56771.0
2011 11 14205.0
2011 12 32519.0
2012 1 24767.0
2012 2 11145.0
2012 3 75068.0
2012 4 68091.0
2012 5 44787.0
2012 6 61498.0
2012 7 80895.0
2012 8 100257.0
2012 9 12269.0
2012 10 35974.0
2012 11 91060.0
2012 12 95207.0
2013 1 86864.0
2013 2 60611.0
2013 3 142480.0
2013 4 40279.0
2013 5 116054.0
2013 6 71921.0
2013 7 41820.0
2013 8 168083.0
2013 9 119852.0
2013 10 65723.0
2013 11 109023.0
2013 12 151997.0
2014 1 46660.0
2014 2 79682.0
2014 3 165065.0
2014 4 72975.0
2014 5 46192.0
2014 6 83954.0
2014 7 127615.0
2014 8 84675.0
2014 9 155442.0
2014 10 136984.0
2014 11 87456.0
2014 12 87684.0
2015 1 30979.0
2015 2 101081.0
2015 3 60732.0
2015 4 109094.0
2015 5 85730.0
2015 6 108421.0
2015 7 93003.0
2015 8 99553.0
2015 9 118742.0
2015 10 103956.0
2015 11 134000.0
2015 12 270375.0
2016 1 96597.0
2016 2 99883.0
2016 3 140078.0
2016 4 121282.0
2016 5 206518.0
2016 6 136584.0
2016 7 124024.0
2016 8 101918.0
2016 9 252715.0
2016 10 332220.0
2016 11 243423.0
2016 12 141263.0
2017 1 160173.0
2017 2 172499.0
2017 3 152955.0
2017 4 203395.0
2017 5 65489.0
2017 6 313088.0
2017 7 156093.0
2017 8 165013.0
2017 9 123108.0
2017 10 127855.0
2017 11 240375.0
2017 12 55124.0
2018 1 191008.0
2018 2 198897.0
2018 3 421319.0
2018 4 127499.0
2018 5 106807.0
2018 6 68242.0
2018 7 61745.0
2018 8 99449.0
2018 9 201841.0
2018 10 122836.0
2018 11 221650.0
2018 12 352238.0
2019 1 187869.0
2019 2 116032.0
2019 3 182162.0
2019 4 80682.0
2019 5 138416.0
2019 6 147566.0
2019 7 118880.0
2019 8 48137.0
2019 9 149173.0
2019 10 237586.0
2019 11 160750.0
2019 12 214702.0
2020 1 192957.0
2020 2 107170.0
2020 3 124863.0
2020 4 169797.0
2020 5 34582.0
2020 6 81534.0
2020 7 77854.0
2020 8 161603.0
2020 9 155364.0
2020 10 245216.0
2020 11 113790.0
2020 12 376683.0
2021 1 313520.0
2021 2 149659.0
2021 3 90439.0
2021 4 238004.0
2021 5 179124.0
2021 6 192026.0
2021 7 231822.0
2021 8 415811.0
2021 9 376494.0
2021 10 291377.0
2021 11 301529.0
2021 12 580179.0
2022 1 257349.0
2022 2 310137.0
2022 3 394919.0
2022 4 211671.0
2022 5 448820.0
2022 6 322184.0
2022 7 356314.0
2022 8 319562.0
2022 9 338759.0
2022 10 199576.0
2022 11 221508.0
2022 12 289046.0
2023 1 302115.0
2023 2 295556.0
2023 3 255675.0
2023 4 363231.0
2023 5 435398.0
2023 6 294677.0
2023 7 175927.0
2023 8 236635.0
2023 9 140987.0
2023 10 177666.0
2023 11 342064.0
2023 12 394281.0
2024 1 173188.0
2024 2 173008.0
2024 3 145115.0
2024 4 270536.0
2024 5 199883.0
2024 6 131028.0
2024 7 131907.0
2024 8 96614.0
