1960 5 466.0
1960 6 812.0
1960 7 649.0
1960 8 1024.0
1960 9 558.0
1960 10 563.0
1960 11 978.0
1960 12 1047.0
1961 1 619.0
1961 2 452.0
1961 3 1266.0
1961 4 842.0
1961 5 1081.0
1961 6 1761.0
1961 7 737.0
1961 8 1373.0
1961 9 696.0
1961 10 1247.0
1961 11 1067.0
1961 12 1144.0
1962 1 576.0
1962 2 1042.0
1962 3 1240.0
1962 4 903.0
1962 5 839.0
1962 6 622.0
1962 7 619.0
1962 8 916.0
1962 9 775.0
1962 10 578.0
1962 11 434.0
1962 12 376.0
1963 1 550.0
1963 2 424.0
1963 3 607.0
1963 4 648.0
1963 5 1056.0
1963 6 674.0
1963 7 773.0
1963 8 1062.0
1963 9 527.0
1963 10 695.0
1963 11 676.0
1963 12 612.0
1964 1 444.0
1964 2 610.0
1964 3 531.0
1964 4 676.0
1964 5 339.0
1964 6 456.0
1964 7 509.0
1964 8 486.0
1964 9 478.0
1964 10 485.0
1964 11 673.0
1964 12 295.0
1965 1 383.0
1965 2 464.0
1965 3 603.0
1965 4 489.0
1965 5 384.0
1965 6 430.0
1965 7 395.0
1965 8 440.0
1965 9 448.0
1965 10 325.0
1965 11 458.0
1965 12 299.0
1966 1 247.0
1966 2 154.0
1966 3 508.0
1966 4 645.0
1966 5 332.0
1966 6 903.0
1966 7 119.0
1966 8 417.0
1966 9 322.0
1966 10 393.0
1966 11 195.0
1966 12 214.0
1967 1 207.0
1967 2 203.0
1967 3 307.0
1967 4 179.0
1967 5 643.0
1967 6 403.0
1967 7 407.0
1967 8 571.0
1967 9 369.0
1967 10 526.0
1967 11 198.0
1967 12 279.0
1968 1 355.0
1968 2 483.0
1968 3 577.0
1968 4 849.0
1968 5 1003.0
1968 6 441.0
1968 7 433.0
1968 8 891.0
1968 9 719.0
1968 10 988.0
1968 11 1419.0
1968 12 646.0
1969 1 1192.0
1969 2 701.0
1969 3 785.0
1969 4 1056.0
1969 5 802.0
1969 6 440.0
1969 7 899.0
1969 8 2023.0
1969 9 1285.0
1969 10 754.0
1969 11 710.0
1969 12 787.0
1970 1 1095.0
1970 2 859.0
1970 3 831.0
1970 4 1634.0
1970 5 1529.0
1970 6 1409.0
1970 7 1160.0
1970 8 1771.0
1970 9 1134.0
1970 10 1677.0
1970 11 1680.0
1970 12 1250.0
1971 1 1974.0
1971 2 1731.0
1971 3 1550.0
1971 4 1907.0
1971 5 2817.0
1971 6 3136.0
1971 7 2800.0
1971 8 1511.0
1971 9 2330.0
1971 10 3858.0
1971 11 5218.0
1971 12 2514.0
1972 1 2338.0
1972 2 2321.0
1972 3 2888.0
1972 4 2657.0
1972 5 3330.0
1972 6 5011.0
1972 7 3298.0
1972 8 8603.0
1972 9 3417.0
1972 10 4453.0
1972 11 3689.0
1972 12 3833.0
1973 1 1668.0
1973 2 2372.0
1973 3 4931.0
1973 4 5097.0
1973 5 7242.0
1973 6 5831.0
1973 7 4924.0
1973 8 9286.0
1973 9 2685.0
1973 10 3369.0
1973 11 1157.0
1973 12 1289.0
1974 1 6375.0
1974 2 1558.0
1974 3 3840.0
1974 4 2281.0
1974 5 3675.0
1974 6 1000.0
1974 7 1871.0
1974 8 1183.0
1974 9 985.0
1974 10 465.0
1974 11 613.0
1974 12 343.0
1975 1 395.0
1975 2 937.0
1975 3 1104.0
1975 4 2052.0
1975 5 1927.0
1975 6 1749.0
1975 7 1383.0
1975 8 1405.0
1975 9 1825.0
1975 10 2721.0
1975 11 1403.0
1975 12 628.0
1976 1 903.0
1976 2 2714.0
1976 3 1597.0
1976 4 2937.0
1976 5 1397.0
1976 6 2645.0
1976 7 2366.0
1976 8 2545.0
1976 9 2789.0
1976 10 1427.0
1976 11 842.0
1976 12 2984.0
1977 1 3203.0
1977 2 2946.0
1977 3 2708.0
1977 4 2456.0
1977 5 5630.0
1977 6 2093.0
1977 7 2333.0
1977 8 2948.0
1977 9 2333.0
1977 10 3434.0
1977 11 1656.0
1977 12 3134.0
1978 1 2780.0
1978 2 3002.0
1978 3 3848.0
1978 4 2131.0
1978 5 2104.0
1978 6 5315.0
1978 7 2497.0
1978 8 4321.0
1978 9 4768.0
1978 10 4791.0
1978 11 4477.0
1978 12 3947.0
1979 1 2222.0
1979 2 3649.0
1979 3 6069.0
1979 4 8736.0
1979 5 7742.0
1979 6 8694.0
1979 7 7308.0
1979 8 6725.0
1979 9 6380.0
1979 10 6702.0
1979 11 3065.0
1979 12 6697.0
1980 1 3146.0
1980 2 3071.0
1980 3 3668.0
1980 4 1247.0
1980 5 3949.0
1980 6 4132.0
1980 7 4899.0
1980 8 4683.0
1980 9 8058.0
1980 10 9849.0
1980 11 5014.0
1980 12 3294.0
1981 1 2910.0
1981 2 6012.0
1981 3 9439.0
1981 4 7015.0
1981 5 9054.0
1981 6 7285.0
1981 7 5659.0
1981 8 4202.0
1981 9 6916.0
1981 10 4238.0
1981 11 1660.0
1981 12 4530.0
1982 1 1287.0
1982 2 1211.0
1982 3 3736.0
1982 4 6490.0
1982 5 4779.0
1982 6 4346.0
1982 7 8871.0
1982 8 4245.0
1982 9 5216.0
1982 10 4391.0
1982 11 3961.5
1982 12 3532.0
1983 1 3445.0
1983 2 5287.0
1983 3 5766.0
1983 4 6707.0
1983 5 6020.0
1983 6 10257.0
1983 7 5927.0
1983 8 6609.0
1983 9 5783.0
1983 10 9668.0
1983 11 9038.0
1983 12 6509.0
1984 1 4992.0
1984 2 3780.0
1984 3 8501.0
1984 4 6822.0
1984 5 10530.0
1984 6 6682.0
1984 7 8387.0
1984 8 5522.0
1984 9 5345.0
1984 10 5797.0
1984 11 6144.0
1984 12 4557.0
1985 1 3273.0
1985 2 5353.0
1985 3 4087.0
1985 4 5106.0
1985 5 6578.0
1985 6 5923.0
1985 7 6791.0
1985 8 4802.0
1985 9 3864.0
1985 10 5301.0
1985 11 1821.0
1985 12 3795.0
1986 1 2413.0
1986 2 4604.0
1986 3 4526.0
1986 4 2481.0
1986 5 4031.0
1986 6 7759.0
1986 7 2265.0
1986 8 2102.0
1986 9 3948.0
1986 10 1595.0
1986 11 1599.0
1986 12 5398.0
1987 1 1064.0
1987 2 2230.0
1987 3 2498.0
1987 4 8547.0
1987 5 1860.0
1987 6 2540.0
1987 7 5591.0
1987 8 3318.0
1987 9 3747.0
1987 10 4778.0
1987 11 1933.0
1987 12 922.0
1988 1 2076.0
1988 2 734.0
1988 3 3488.0
1988 4 4307.0
1988 5 10907.0
1988 6 3205.0
1988 7 2746.0
1988 8 2744.0
1988 9 1889.0
1988 10 782.0
1988 11 2687.0
1988 12 2003.0
1989 1 1936.0
1989 2 290.0
1989 3 7020.0
1989 4 3797.0
1989 5 8378.0
1989 6 2008.0
1989 7 2975.0
1989 8 18138.0
1989 9 2992.0
1989 10 8135.0
1989 11 2476.0
1989 12 1716.0
1990 1 1266.0
1990 2 916.0
1990 3 2320.0
1990 4 3536.0
1990 5 4782.0
1990 6 1832.0
1990 7 4318.0
1990 8 5387.0
1990 9 2135.0
1990 10 8851.0
1990 11 827.0
1990 12 10293.0
1991 1 848.0
1991 2 978.0
1991 3 1757.0
1991 4 1739.0
1991 5 1231.0
1991 6 3335.0
1991 7 2967.0
1991 8 3773.0
1991 9 1914.0
1991 10 1792.0
1991 11 2216.0
1991 12 660.0
1992 1 1270.0
1992 2 2094.0
1992 3 2540.0
1992 4 5031.0
1992 5 3349.0
1992 6 3160.0
1992 7 2191.0
1992 8 8155.0
1992 9 3850.0
1992 10 3042.0
1992 11 1402.0
1992 12 1599.0
1993 1 678.0
1993 2 18987.0
1993 3 18050.0
1993 4 5571.0
1993 5 3963.0
1993 6 4862.0
1993 7 4174.0
1993 8 7017.0
1993 9 7459.0
1993 10 5476.0
1993 11 3434.0
1993 12 2210.0
1994 1 5231.0
1994 2 3654.0
1994 3 6607.0
1994 4 12192.0
1994 5 9807.0
1994 6 14198.0
1994 7 10420.0
1994 8 14048.0
1994 9 9005.0
1994 10 9844.0
1994 11 3058.0
1994 12 3815.0
1995 1 4401.0
1995 2 4629.0
1995 3 8561.0
1995 4 12922.0
1995 5 10702.0
1995 6 21336.0
1995 7 6571.0
1995 8 9868.0
1995 9 6240.0
1995 10 6819.0
1995 11 10913.0
1995 12 4223.0
1996 1 4254.0
1996 2 6476.0
1996 3 6877.0
1996 4 11889.0
1996 5 19235.0
1996 6 14645.0
1996 7 10447.0
1996 8 10964.0
1996 9 12908.0
1996 10 15698.0
1996 11 7544.0
1996 12 11754.0
1997 1 6143.0
1997 2 6937.0
1997 3 7820.0
1997 4 7139.0
1997 5 15401.0
1997 6 21752.0
1997 7 20425.0
1997 8 13805.0
1997 9 15049.0
1997 10 18292.0
1997 11 4728.0
1997 12 11338.0
1998 1 7330.0
1998 2 5677.0
1998 3 17426.0
1998 4 13104.0
1998 5 20792.0
1998 6 14429.0
1998 7 14957.0
1998 8 16576.0
1998 9 17662.0
1998 10 16954.0
1998 11 5668.0
1998 12 19414.0
1999 1 8304.0
1999 2 11335.0
1999 3 17715.0
1999 4 15525.0
1999 5 14397.0
1999 6 22468.0
1999 7 12618.0
1999 8 24950.0
1999 9 17234.0
1999 10 20298.0
1999 11 27326.0
1999 12 18342.0
2000 1 4144.0
2000 2 7377.0
2000 3 10104.0
2000 4 10190.0
2000 5 9435.0
2000 6 15738.0
2000 7 24223.0
2000 8 26424.0
2000 9 27349.0
2000 10 29891.0
2000 11 13624.0
2000 12 12190.0
2001 1 11159.0
2001 2 5788.0
2001 3 13911.0
2001 4 13362.0
2001 5 14775.0
2001 6 12893.0
2001 7 8650.0
2001 8 16485.0
2001 9 8071.0
2001 10 11203.0
2001 11 3877.0
2001 12 12805.0
2002 1 13240.0
2002 2 9928.0
2002 3 12154.0
2002 4 15700.0
2002 5 9388.0
2002 6 11900.0
2002 7 9987.0
2002 8 35324.0
2002 9 14883.0
2002 10 11597.0
2002 11 13384.0
2002 12 12189.0
2003 1 8412.0
2003 2 15455.0
2003 3 16426.0
2003 4 14837.0
2003 5 14426.0
2003 6 14154.0
2003 7 12912.0
2003 8 20197.0
2003 9 13209.0
2003 10 10324.0
2003 11 4863.0
2003 12 19875.0
2004 1 11589.0
2004 2 11558.0
2004 3 22039.0
2004 4 14628.0
2004 5 11983.0
2004 6 10776.0
2004 7 26770.0
2004 8 21905.0
2004 9 15708.0
2004 10 10425.0
2004 11 9367.0
2004 12 13441.0
2005 1 17050.0
2005 2 2225.0
2005 3 7620.0
2005 4 8418.0
2005 5 12545.0
2005 6 18215.0
2005 7 6668.0
2005 8 9488.0
2005 9 22322.0
2005 10 11179.0
2005 11 11132.0
2005 12 11089.0
2006 1 8824.0
2006 2 11016.0
2006 3 19806.0
2006 4 3057.0
2006 5 9865.0
2006 6 8874.0
2006 7 8322.0
2006 8 21894.0
2006 9 14230.0
2006 10 14279.0
2006 11 6119.0
2006 12 9781.0
2007 1 9977.0
2007 2 4264.0
2007 3 14636.0
2007 4 5220.0
2007 5 11181.0
2007 6 23002.0
2007 7 3826.0
2007 8 5901.0
2007 9 7129.0
2007 10 6474.0
2007 11 7683.0
2007 12 1551.0
2008 1 1916.0
2008 2 2754.0
2008 3 2512.0
2008 4 4094.0
2008 5 2961.0
2008 6 847.0
2008 7 8602.0
2008 8 479.0
2008 9 6848.0
2008 10 11211.0
2008 11 1959.0
2008 12 704.0
2009 1 718.0
2009 2 6096.0
2009 3 1469.0
2009 4 2025.0
2009 5 1256.0
2009 6 3096.0
2009 7 3594.0
2009 8 1196.0
2009 9 1532.0
2009 10 460.0
2009 11 2519.0
2009 12 5262.0
2010 1 2015.0
2010 2 5965.0
2010 3 6334.0
2010 4 3724.0
2010 5 4346.0
2010 6 2642.0
2010 7 2365.0
2010 8 4128.0
2010 9 1415.0
2010 10 1415.0
2010 11 2178.0
2010 12 5054.0
2011 1 1623.0
2011 2 3681.0
2011 3 8491.0
2011 4 2644.0
2011 5 5326.0
2011 6 2911.0
2011 7 3837.0
2011 8 871.0
2011 9 3170.0
2011 10 5551.0
2011 11 4060.0
2011 12 1299.0
2012 1 1050.0
2012 2 3017.0
2012 3 8181.0
2012 4 3640.0
2012 5 1956.0
2012 6 2938.0
2012 7 6145.0
2012 8 1521.0
2012 9 4918.0
2012 10 2582.0
2012 11 11483.0
2012 12 6190.0
2013 1 4895.0
2013 2 7521.0
2013 3 4856.0
2013 4 3768.0
2013 5 6715.0
2013 6 5978.0
2013 7 13217.0
2013 8 5626.0
2013 9 4890.0
2013 10 11219.0
2013 11 5792.0
2013 12 1540.0
2014 1 3721.0
2014 2 7559.0
2014 3 10212.0
2014 4 5789.0
2014 5 5706.0
2014 6 12870.0
2014 7 9394.0
2014 8 5726.0
2014 9 14471.0
2014 10 11499.0
2014 11 994.0
2014 12 7312.0
2015 1 11602.0
2015 2 7125.0
2015 3 8150.0
2015 4 10084.0
2015 5 8591.0
2015 6 14388.0
2015 7 4460.0
2015 8 4490.0
2015 9 24069.0
2015 10 2672.0
2015 11 3406.0
2015 12 5480.0
2016 1 3248.0
2016 2 5054.0
2016 3 7426.0
2016 4 3650.0
2016 5 9090.0
2016 6 4221.0
2016 7 5550.0
2016 8 3191.0
2016 9 6896.0
2016 10 3436.0
2016 11 1615.0
2016 12 1818.0
2017 1 6993.0
2017 2 7800.0
2017 3 2809.0
2017 4 1905.0
2017 5 4413.0
2017 6 24304.0
2017 7 2068.0
2017 8 10471.0
2017 9 13100.0
2017 10 2861.0
2017 11 3751.0
2017 12 3287.0
2018 1 6195.0
2018 2 4469.0
2018 3 16371.0
2018 4 16290.0
2018 5 9393.0
2018 6 39018.0
2018 7 18491.0
2018 8 14034.0
2018 9 5354.0
2018 10 16823.0
2018 11 9922.0
2018 12 9007.0
2019 1 8349.0
2019 2 9523.0
2019 3 6471.0
2019 4 12940.0
2019 5 3636.0
2019 6 15977.0
2019 7 12877.0
2019 8 6582.0
2019 9 8710.0
2019 10 13627.0
2019 11 7925.0
2019 12 5183.0
2020 1 4710.0
2020 2 8003.0
2020 3 31206.0
2020 4 5305.0
2020 5 3625.0
2020 6 7682.0
2020 7 12301.0
2020 8 17171.0
2020 9 20476.0
2020 10 27651.0
2020 11 23737.0
2020 12 13239.0
2021 1 11284.0
2021 2 12163.0
2021 3 44933.0
2021 4 18529.0
2021 5 27503.0
2021 6 46313.0
2021 7 25654.0
2021 8 31428.0
2021 9 25785.0
2021 10 22959.0
2021 11 21770.0
2021 12 32848.0
2022 1 23571.0
2022 2 29585.0
2022 3 9950.0
2022 4 30100.0
2022 5 36527.0
2022 6 16797.0
2022 7 23750.0
2022 8 15338.0
2022 9 17100.0
2022 10 13244.0
2022 11 13163.0
2022 12 27962.0
2023 1 17675.0
2023 2 11611.0
2023 3 15369.0
2023 4 32719.0
2023 5 21234.0
2023 6 38885.0
2023 7 13952.0
2023 8 22436.0
2023 9 13811.0
2023 10 17515.0
2023 11 12694.0
2023 12 16152.0
2024 1 21934.0
2024 2 28015.0
2024 3 18268.0
2024 4 7515.0
2024 5 17151.0
2024 6 12556.0
2024 7 21562.0
2024 8 13917.0
