1960 5 1261.0
1960 6 1120.0
1960 7 1021.5
1960 8 923.0
1960 9 480.0
1960 10 157.0
1960 11 374.0
1960 12 1300.0
1961 1 1092.5
1961 2 885.0
1961 3 2765.0
1961 4 1986.0
1961 5 825.0
1961 6 929.0
1961 7 750.0
1961 8 5153.0
1961 9 2327.0
1961 10 555.0
1961 11 670.0
1961 12 131.0
1962 1 1099.0
1962 2 250.0
1962 3 3032.0
1962 4 539.0
1962 5 5431.0
1962 6 2716.0
1962 7 1242.0
1962 8 1742.0
1962 9 1605.0
1962 10 1382.0
1962 11 2395.0
1962 12 2668.0
1963 1 480.0
1963 2 497.0
1963 3 1622.0
1963 4 2695.0
1963 5 1274.0
1963 6 1642.0
1963 7 4890.0
1963 8 4082.0
1963 9 2373.0
1963 10 2651.0
1963 11 1533.0
1963 12 1313.0
1964 1 4373.0
1964 2 4075.0
1964 3 1983.0
1964 4 6957.0
1964 5 2855.0
1964 6 6268.0
1964 7 4425.0
1964 8 3534.0
1964 9 2646.0
1964 10 5888.0
1964 11 5156.0
1964 12 3704.0
1965 1 2246.0
1965 2 2527.0
1965 3 3178.0
1965 4 4229.0
1965 5 5314.0
1965 6 9258.0
1965 7 2424.0
1965 8 5954.0
1965 9 5527.0
1965 10 6502.0
1965 11 2973.0
1965 12 3167.0
1966 1 5613.0
1966 2 2475.0
1966 3 4011.0
1966 4 5482.0
1966 5 5654.0
1966 6 3227.0
1966 7 4855.0
1966 8 486.0
1966 9 4731.0
1966 10 4939.0
1966 11 3293.0
1966 12 2281.0
1967 1 1885.0
1967 2 2574.0
1967 3 2170.0
1967 4 3524.0
1967 5 5123.0
1967 6 4407.0
1967 7 6813.0
1967 8 8095.0
1967 9 4054.0
1967 10 3744.0
1967 11 6814.0
1967 12 3486.0
1968 1 2504.0
1968 2 6702.0
1968 3 6017.0
1968 4 4125.0
1968 5 7850.0
1968 6 12076.0
1968 7 7015.0
1968 8 5512.0
1968 9 6840.0
1968 10 10683.0
1968 11 4014.0
1968 12 4537.0
1969 1 5795.0
1969 2 12446.0
1969 3 8901.0
1969 4 13416.0
1969 5 8408.0
1969 6 10039.0
1969 7 7636.0
1969 8 6666.0
1969 9 5932.0
1969 10 9125.0
1969 11 3900.0
1969 12 8998.0
1970 1 668.0
1970 2 4516.0
1970 3 2598.0
1970 4 9336.0
1970 5 14171.0
1970 6 17717.0
1970 7 8587.0
1970 8 5364.0
1970 9 4615.0
1970 10 22224.0
1970 11 5955.0
1970 12 6551.0
1971 1 2821.0
1971 2 1671.0
1971 3 8692.0
1971 4 7267.0
1971 5 8859.0
1971 6 6972.0
1971 7 7808.0
1971 8 18635.0
1971 9 10910.0
1971 10 10852.0
1971 11 5035.0
1971 12 24878.0
1972 1 8893.0
1972 2 6019.0
1972 3 5155.0
1972 4 12901.0
1972 5 10459.0
1972 6 9165.0
1972 7 3645.0
1972 8 25266.0
1972 9 10441.0
1972 10 11120.0
1972 11 11789.0
1972 12 7112.0
1973 1 6674.0
1973 2 5600.0
1973 3 6290.0
1973 4 4225.0
1973 5 5865.0
1973 6 10406.0
1973 7 6049.0
1973 8 11031.0
1973 9 21040.0
1973 10 8093.0
1973 11 9708.0
1973 12 8469.0
1974 1 1415.0
1974 2 5030.0
1974 3 3839.0
1974 4 6274.0
1974 5 6265.0
1974 6 9648.0
1974 7 6612.0
1974 8 2397.0
1974 9 857.0
1974 10 5130.0
1974 11 1364.0
1974 12 1809.0
1975 1 658.0
1975 2 1802.0
1975 3 2218.0
1975 4 1952.0
1975 5 2998.0
1975 6 3551.0
1975 7 5386.0
1975 8 1400.0
1975 9 3806.0
1975 10 2238.0
1975 11 1835.0
1975 12 1884.0
1976 1 1535.0
1976 2 989.0
1976 3 1318.0
1976 4 2139.0
1976 5 4538.0
1976 6 3784.0
1976 7 2093.0
1976 8 3305.0
1976 9 1454.0
1976 10 4333.0
1976 11 6967.0
1976 12 9172.0
1977 1 4083.0
1977 2 2217.0
1977 3 1986.0
1977 4 5694.0
1977 5 4242.0
1977 6 7202.0
1977 7 2435.0
1977 8 5128.0
1977 9 4671.0
1977 10 8023.0
1977 11 833.0
1977 12 3518.0
1978 1 2805.0
1978 2 340.0
1978 3 6193.0
1978 4 4038.0
1978 5 2220.0
1978 6 7495.0
1978 7 3169.0
1978 8 10215.0
1978 9 3278.0
1978 10 5417.0
1978 11 6331.0
1978 12 4033.0
1979 1 7018.0
1979 2 3102.0
1979 3 4065.0
1979 4 6316.0
1979 5 3087.0
1979 6 13878.0
1979 7 8552.0
1979 8 8602.0
1979 9 5398.0
1979 10 12827.0
1979 11 5091.0
1979 12 17583.0
1980 1 3143.0
1980 2 4010.0
1980 3 1373.0
1980 4 1818.0
1980 5 8511.0
1980 6 10295.0
1980 7 7697.0
1980 8 4103.0
1980 9 12885.0
1980 10 9065.0
1980 11 4330.0
1980 12 3214.0
1981 1 2409.0
1981 2 7188.0
1981 3 3294.0
1981 4 1636.0
1981 5 5020.0
1981 6 1497.0
1981 7 10284.0
1981 8 13557.0
1981 9 4849.0
1981 10 6428.0
1981 11 8852.0
1981 12 1588.0
1982 1 1172.0
1982 2 1395.0
1982 3 6971.0
1982 4 4470.0
1982 5 12234.0
1982 6 3583.0
1982 7 1112.0
1982 8 9087.0
1982 9 19565.0
1982 10 11013.0
1982 11 11461.0
1982 12 11909.0
1983 1 8707.0
1983 2 15921.0
1983 3 8768.0
1983 4 4231.0
1983 5 5752.0
1983 6 11636.0
1983 7 10346.0
1983 8 2078.0
1983 9 8873.0
1983 10 7111.0
1983 11 5939.0
1983 12 3599.0
1984 1 7250.0
1984 2 7527.0
1984 3 19007.0
1984 4 18770.0
1984 5 8187.0
1984 6 8219.0
1984 7 4727.0
1984 8 8590.0
1984 9 4838.0
1984 10 11392.0
1984 11 16845.0
1984 12 25408.0
1985 1 21504.0
1985 2 16287.0
1985 3 11016.0
1985 4 14082.0
1985 5 24970.0
1985 6 29007.0
1985 7 12218.0
1985 8 21904.0
1985 9 21393.0
1985 10 23985.0
1985 11 12771.0
1985 12 22370.0
1986 1 7154.0
1986 2 24966.0
1986 3 15453.0
1986 4 9576.0
1986 5 10910.0
1986 6 24288.0
1986 7 11400.0
1986 8 8431.0
1986 9 17204.0
1986 10 8644.0
1986 11 10306.0
1986 12 22557.0
1987 1 12452.0
1987 2 6197.0
1987 3 22098.0
1987 4 55309.0
1987 5 47052.0
1987 6 9178.0
1987 7 14659.0
1987 8 14801.0
1987 9 19668.0
1987 10 11352.0
1987 11 21114.0
1987 12 12862.0
1988 1 10624.0
1988 2 12972.0
1988 3 14592.0
1988 4 18486.0
1988 5 14666.0
1988 6 13699.0
1988 7 16171.0
1988 8 6037.0
1988 9 26651.0
1988 10 24486.0
1988 11 5501.0
1988 12 11620.0
1989 1 5326.0
1989 2 2006.0
1989 3 4726.0
1989 4 2443.0
1989 5 2973.0
1989 6 7531.0
1989 7 13874.0
1989 8 9811.0
1989 9 9755.0
1989 10 12810.0
1989 11 5006.0
1989 12 11138.0
1990 1 18024.0
1990 2 1318.0
1990 3 1648.0
1990 4 5598.0
1990 5 20657.0
1990 6 1445.0
1990 7 5616.0
1990 8 2615.0
1990 9 4657.0
1990 10 9410.0
1990 11 5303.0
1990 12 2514.0
1991 1 890.0
1991 2 1550.0
1991 3 2717.0
1991 4 1563.0
1991 5 4505.0
1991 6 3426.0
1991 7 5820.0
1991 8 137.0
1991 9 1010.0
1991 10 11630.0
1991 11 11204.0
1991 12 3619.0
1992 1 7650.0
1992 2 882.0
1992 3 2807.0
1992 4 2620.0
1992 5 41.0
1992 6 417.0
1992 7 3717.0
1992 8 2484.0
1992 9 115.0
1992 10 1222.0
1992 11 600.0
1992 12 1050.0
1993 1 7278.0
1993 2 13506.0
1993 3 825.0
1993 4 400.0
1993 5 420.0
1993 6 7568.0
1993 7 607.0
1993 8 400.0
1993 9 877.0
1993 10 16639.0
1993 11 1082.0
1993 12 7611.0
1994 1 5646.666666666667
1994 2 3682.3333333333335
1994 3 1718.0
1994 4 1013.0
1994 5 4528.0
1994 6 8834.0
1994 7 13927.0
1994 8 3852.0
1994 9 2461.0
1994 10 1410.0
1994 11 3507.0
1994 12 10292.0
1995 1 683.0
1995 2 283.0
1995 3 573.0
1995 4 21779.0
1995 5 428.0
1995 6 1224.0
1995 7 1127.0
1995 8 3078.0
1995 9 2518.0
1995 10 3418.0
1995 11 560.0
1995 12 824.0
1996 1 1078.0
1996 2 1332.0
1996 3 3062.0
1996 4 3298.0
1996 5 4921.0
1996 6 1417.0
1996 7 1158.0
1996 8 1035.0
1996 9 3912.0
1996 10 2627.0
1996 11 6437.0
1996 12 8174.0
1997 1 4825.5
1997 2 1477.0
1997 3 10411.0
1997 4 9190.0
1997 5 2364.0
1997 6 5253.0
1997 7 3918.0
1997 8 48470.0
1997 9 1388.0
1997 10 2903.0
1997 11 7037.0
1997 12 1771.0
1998 1 35147.0
1998 2 6321.0
1998 3 641.0
1998 4 3444.0
1998 5 8004.0
1998 6 13363.0
1998 7 23342.0
1998 8 7057.0
1998 9 4822.0
1998 10 9145.0
1998 11 2817.0
1998 12 12147.0
1999 1 4679.0
1999 2 242.0
1999 3 24041.0
1999 4 4042.0
1999 5 1552.0
1999 6 10551.0
1999 7 6846.0
1999 8 6652.0
1999 9 3226.0
1999 10 2059.0
1999 11 23793.0
1999 12 1706.0
2000 1 47062.0
2000 2 642.0
2000 3 1832.0
2000 4 1315.0
2000 5 1867.0
2000 6 2548.0
2000 7 18345.0
2000 8 1548.0
2000 9 3191.0
2000 10 719.0
2000 11 6325.0
2000 12 806.0
2001 1 27312.0
2001 2 20908.0
2001 3 55.0
2001 4 1969.0
2001 5 928.0
2001 6 2031.0
2001 7 2024.0
2001 8 8658.0
2001 9 1358.0
2001 10 2181.0
2001 11 4957.0
2001 12 468.0
2002 1 2357.0
2002 2 1707.0
2002 3 329.0
2002 4 21544.0
2002 5 2269.0
2002 6 1725.0
2002 7 4157.0
2002 8 1615.0
2002 9 3096.0
2002 10 3129.0
2002 11 694.0
2002 12 1136.0
2003 1 15566.0
2003 2 943.0
2003 3 1895.0
2003 4 2322.0
2003 5 1886.0
2003 6 14758.0
2003 7 3961.0
2003 8 3506.0
2003 9 5843.0
2003 10 166815.0
2003 11 9432.0
2003 12 7740.0
2004 1 18078.0
2004 2 5001.0
2004 3 11126.0
2004 4 7932.0
2004 5 6460.0
2004 6 13821.0
2004 7 5999.0
2004 8 8204.0
2004 9 16119.0
2004 10 6411.0
2004 11 50620.0
2004 12 15366.0
2005 1 11871.0
2005 2 3995.0
2005 3 11695.0
2005 4 12670.0
2005 5 6867.0
2005 6 12722.0
2005 7 6225.0
2005 8 9534.0
2005 9 17880.0
2005 10 10548.0
2005 11 44121.0
2005 12 29390.0
2006 1 5848.0
2006 2 19375.0
2006 3 20336.0
2006 4 6035.0
2006 5 19450.0
2006 6 16857.0
2006 7 4289.0
2006 8 4036.0
2006 9 9302.0
2006 10 10373.0
2006 11 5672.0
2006 12 13015.0
2007 1 9980.0
2007 2 7000.0
2007 3 8949.0
2007 4 35317.0
2007 5 15144.0
2007 6 13871.0
2007 7 79135.0
2007 8 10034.0
2007 9 5868.0
2007 10 6509.0
2007 11 16065.0
2007 12 10938.0
2008 1 70934.0
2008 2 2915.0
2008 3 7992.0
2008 4 5318.0
2008 5 25783.0
2008 6 33899.0
2008 7 11302.0
2008 8 4330.0
2008 9 19530.0
2008 10 22375.0
2008 11 74663.0
2008 12 1972.0
2009 1 369.0
2009 2 13430.0
2009 3 4357.0
2009 4 14343.0
2009 5 657.0
2009 6 14189.0
2009 7 11803.0
2009 8 2860.0
2009 9 1147.0
2009 10 13935.0
2009 11 1152.0
2009 12 8091.0
2010 1 1589.0
2010 2 1682.0
2010 3 2256.0
2010 4 8280.0
2010 5 1225.0
2010 6 2115.0
2010 7 5472.0
2010 8 2859.0
2010 9 19923.0
2010 10 1137.0
2010 11 5234.0
2010 12 1190.0
2011 1 675.0
2011 2 931.0
2011 3 1187.0
2011 4 4698.0
2011 5 2927.0
2011 6 28800.0
2011 7 8833.0
2011 8 7422.0
2011 9 19447.0
2011 10 2998.0
2011 11 2738.0
2011 12 1964.0
2012 1 2613.0
2012 2 18924.0
2012 3 1732.0
2012 4 3822.0
2012 5 18081.0
2012 6 68738.0
2012 7 30483.0
2012 8 36417.0
2012 9 36763.0
2012 10 77450.0
2012 11 19134.0
2012 12 27296.0
2013 1 6506.0
2013 2 8278.0
2013 3 55930.0
2013 4 5665.0
2013 5 6506.0
2013 6 7510.0
2013 7 23277.0
2013 8 63651.0
2013 9 9470.0
2013 10 14651.0
2013 11 4664.0
2013 12 5799.0
2014 1 21198.0
2014 2 1833.0
2014 3 5757.0
2014 4 10030.0
2014 5 13989.0
2014 6 87909.0
2014 7 9437.0
2014 8 9355.0
2014 9 22991.0
2014 10 14944.0
2014 11 10522.0
2014 12 6204.0
2015 1 24168.0
2015 2 1929.0
2015 3 35065.0
2015 4 12578.0
2015 5 61893.0
2015 6 26803.0
2015 7 48789.0
2015 8 5578.0
2015 9 21634.0
2015 10 54324.0
2015 11 46119.0
2015 12 21076.0
2016 1 3457.0
2016 2 30092.0
2016 3 44301.0
2016 4 28961.0
2016 5 11728.0
2016 6 32082.0
2016 7 7046.0
2016 8 7367.0
2016 9 28521.0
2016 10 21157.0
2016 11 4108.0
2016 12 2218.0
2017 1 14699.0
2017 2 4970.0
2017 3 24287.0
2017 4 3139.0
2017 5 12646.0
2017 6 22722.0
2017 7 15425.0
2017 8 25118.0
2017 9 35328.0
2017 10 34039.0
2017 11 11132.0
2017 12 7147.0
2018 1 12318.0
2018 2 36202.0
2018 3 13054.0
2018 4 9149.0
2018 5 17922.0
2018 6 12438.0
2018 7 22695.0
2018 8 15151.0
2018 9 13838.0
2018 10 13967.0
2018 11 10964.0
2018 12 38187.0
2019 1 11583.0
2019 2 12592.0
2019 3 29587.0
2019 4 91199.0
2019 5 8577.0
2019 6 9055.0
2019 7 40470.0
2019 8 12350.0
2019 9 29730.0
2019 10 230732.0
2019 11 33229.0
2019 12 42237.0
2020 1 5680.0
2020 2 27102.0
2020 3 8724.0
2020 4 7126.0
2020 5 36701.0
2020 6 13855.0
2020 7 31025.0
2020 8 27075.0
2020 9 65581.0
2020 10 23733.0
2020 11 17095.0
2020 12 16880.0
2021 1 3480.0
2021 2 17080.0
2021 3 19335.0
2021 4 24548.0
2021 5 5217.0
2021 6 6238.0
2021 7 7387.0
2021 8 8704.0
2021 9 15347.0
2021 10 9292.0
2021 11 7695.0
2021 12 15024.0
2022 1 25392.0
2022 2 6323.0
2022 3 9684.0
2022 4 17404.0
2022 5 9507.0
2022 6 16638.0
2022 7 114627.0
2022 8 23638.0
2022 9 11018.0
2022 10 36548.0
2022 11 63050.0
2022 12 49399.0
2023 1 85880.0
2023 2 29386.0
2023 3 23793.0
2023 4 22668.0
2023 5 44707.0
2023 6 37613.0
2023 7 23459.0
2023 8 43346.0
2023 9 27307.0
2023 10 42300.0
2023 11 12645.0
2023 12 24284.0
2024 1 18321.0
2024 2 29416.0
2024 3 26945.0
2024 4 61233.0
2024 5 32490.0
2024 6 20877.0
2024 7 25982.0
2024 8 28034.0
