1960 5 19113.0
1960 6 18853.0
1960 7 15726.0
1960 8 14862.0
1960 9 14634.0
1960 10 14974.0
1960 11 12511.0
1960 12 8644.0
1961 1 5485.0
1961 2 4552.0
1961 3 13748.0
1961 4 15230.0
1961 5 18685.0
1961 6 19387.0
1961 7 15891.0
1961 8 17014.0
1961 9 13886.0
1961 10 15163.0
1961 11 14809.0
1961 12 10224.0
1962 1 7290.0
1962 2 5016.0
1962 3 12740.0
1962 4 22442.0
1962 5 19439.0
1962 6 17941.0
1962 7 15722.0
1962 8 14747.0
1962 9 14480.0
1962 10 15105.0
1962 11 12165.0
1962 12 9825.0
1963 1 6259.0
1963 2 4494.0
1963 3 11452.0
1963 4 23166.0
1963 5 19244.0
1963 6 18372.0
1963 7 17859.0
1963 8 15629.0
1963 9 18803.0
1963 10 18388.0
1963 11 13857.0
1963 12 10348.0
1964 1 6044.0
1964 2 8046.0
1964 3 16367.0
1964 4 20747.0
1964 5 21674.0
1964 6 22492.0
1964 7 19493.0
1964 8 18310.0
1964 9 18144.0
1964 10 19712.0
1964 11 16461.0
1964 12 15882.0
1965 1 6504.0
1965 2 6302.0
1965 3 18803.0
1965 4 21546.0
1965 5 19053.0
1965 6 21785.0
1965 7 19005.0
1965 8 18244.0
1965 9 18523.0
1965 10 19387.0
1965 11 18639.0
1965 12 13650.0
1966 1 8776.0
1966 2 6528.0
1966 3 20448.0
1966 4 23770.0
1966 5 20513.0
1966 6 21391.0
1966 7 13778.0
1966 8 14828.0
1966 9 12099.0
1966 10 12969.0
1966 11 12231.0
1966 12 8630.0
1967 1 7060.0
1967 2 6405.0
1967 3 10856.0
1967 4 18605.0
1967 5 23185.0
1967 6 19160.0
1967 7 18275.0
1967 8 18075.0
1967 9 17507.0
1967 10 21644.0
1967 11 18425.0
1967 12 10755.0
1968 1 6653.0
1968 2 7798.0
1968 3 17580.0
1968 4 22350.0
1968 5 25501.0
1968 6 21737.0
1968 7 22923.0
1968 8 21181.0
1968 9 21681.0
1968 10 26833.0
1968 11 21603.0
1968 12 13858.0
1969 1 9318.0
1969 2 7803.0
1969 3 16872.0
1969 4 26675.0
1969 5 28674.0
1969 6 26474.0
1969 7 20915.0
1969 8 18529.0
1969 9 18323.0
1969 10 20069.0
1969 11 14780.0
1969 12 14083.0
1970 1 4552.0
1970 2 6360.0
1970 3 13517.0
1970 4 18048.0
1970 5 18992.0
1970 6 20377.0
1970 7 15788.0
1970 8 18320.0
1970 9 18028.0
1970 10 19025.0
1970 11 13507.0
1970 12 9490.0
1971 1 3776.0
1971 2 5173.0
1971 3 19164.0
1971 4 25493.0
1971 5 26115.0
1971 6 25615.0
1971 7 22936.0
1971 8 25336.0
1971 9 19030.0
1971 10 19000.0
1971 11 19872.0
1971 12 13830.0
1972 1 9169.0
1972 2 8475.0
1972 3 18287.0
1972 4 32628.0
1972 5 32024.0
1972 6 29863.0
1972 7 25255.0
1972 8 24660.0
1972 9 26016.0
1972 10 30501.0
1972 11 21683.0
1972 12 15414.0
1973 1 13144.0
1973 2 11825.0
1973 3 30259.0
1973 4 30993.0
1973 5 36815.0
1973 6 32331.0
1973 7 26526.0
1973 8 29518.0
1973 9 22948.0
1973 10 22000.0
1973 11 23537.0
1973 12 12352.0
1974 1 8777.0
1974 2 9248.0
1974 3 23734.0
1974 4 27781.0
1974 5 30512.0
1974 6 28406.0
1974 7 25544.0
1974 8 16443.0
1974 9 13819.0
1974 10 15425.0
1974 11 13078.0
1974 12 10246.0
1975 1 7454.0
1975 2 7218.0
1975 3 14933.0
1975 4 25402.0
1975 5 24955.0
1975 6 25246.0
1975 7 24660.0
1975 8 20336.0
1975 9 25152.0
1975 10 23016.0
1975 11 20613.0
1975 12 19009.0
1976 1 8208.0
1976 2 9190.0
1976 3 32000.0
1976 4 36782.0
1976 5 30569.0
1976 6 34409.0
1976 7 32200.0
1976 8 26387.0
1976 9 27990.0
1976 10 30923.0
1976 11 27490.0
1976 12 18927.0
1977 1 7959.0
1977 2 10591.0
1977 3 31046.0
1977 4 43294.0
1977 5 45476.0
1977 6 49534.0
1977 7 40297.0
1977 8 41105.0
1977 9 38848.0
1977 10 37766.0
1977 11 34212.0
1977 12 22643.0
1978 1 12110.0
1978 2 8116.0
1978 3 29813.0
1978 4 43413.0
1978 5 51166.0
1978 6 59781.0
1978 7 46728.0
1978 8 47533.0
1978 9 46568.0
1978 10 48499.0
1978 11 35456.0
1978 12 25839.0
1979 1 13238.0
1979 2 12209.0
1979 3 36479.0
1979 4 51249.0
1979 5 49885.0
1979 6 46111.0
1979 7 38866.0
1979 8 38252.0
1979 9 34007.0
1979 10 36979.0
1979 11 27458.0
1979 12 23355.0
1980 1 12873.0
1980 2 12201.0
1980 3 13735.0
1980 4 22076.0
1980 5 20900.0
1980 6 30302.0
1980 7 32391.0
1980 8 36891.0
1980 9 36232.0
1980 10 41711.0
1980 11 35768.0
1980 12 22939.0
1981 1 9530.0
1981 2 8607.0
1981 3 27853.0
1981 4 37931.0
1981 5 37588.0
1981 6 36030.0
1981 7 34145.0
1981 8 25962.0
1981 9 20972.0
1981 10 20141.0
1981 11 20537.0
1981 12 16573.0
1982 1 7945.0
1982 2 12497.0
1982 3 17467.0
1982 4 28761.0
1982 5 31902.0
1982 6 35411.0
1982 7 28661.0
1982 8 28709.0
1982 9 28576.0
1982 10 34525.0
1982 11 32536.0
1982 12 30547.0
1983 1 21870.0
1983 2 17870.0
1983 3 44260.0
1983 4 52233.0
1983 5 65450.0
1983 6 71952.0
1983 7 67588.0
1983 8 69850.0
1983 9 63426.0
1983 10 57145.0
1983 11 62175.0
1983 12 35388.0
1984 1 25778.0
1984 2 38454.0
1984 3 55800.0
1984 4 77868.0
1984 5 80475.0
1984 6 93760.0
1984 7 77705.0
1984 8 72626.0
1984 9 66445.0
1984 10 93893.0
1984 11 62883.0
1984 12 53117.0
1985 1 36271.0
1985 2 34654.0
1985 3 77147.0
1985 4 113153.0
1985 5 112973.0
1985 6 106328.0
1985 7 95993.0
1985 8 85521.0
1985 9 93949.0
1985 10 102882.0
1985 11 98819.0
1985 12 71603.0
1986 1 55284.0
1986 2 40352.0
1986 3 92539.0
1986 4 154959.0
1986 5 151252.0
1986 6 151152.0
1986 7 175430.0
1986 8 135956.0
1986 9 122942.0
1986 10 160599.0
1986 11 91204.0
1986 12 81611.0
1987 1 66695.0
1987 2 104805.0
1987 3 135051.0
1987 4 154559.0
1987 5 141594.0
1987 6 169437.0
1987 7 139050.0
1987 8 139097.0
1987 9 136166.0
1987 10 125589.0
1987 11 107672.0
1987 12 90595.0
1988 1 55340.0
1988 2 61713.0
1988 3 112878.0
1988 4 127833.0
1988 5 127970.0
1988 6 151542.0
1988 7 119638.0
1988 8 119883.0
1988 9 92656.0
1988 10 75657.0
1988 11 85397.0
1988 12 70738.0
1989 1 49326.0
1989 2 46375.0
1989 3 65903.0
1989 4 73536.0
1989 5 85860.0
1989 6 75140.0
1989 7 82815.0
1989 8 76394.0
1989 9 67000.0
1989 10 88519.0
1989 11 63264.0
1989 12 52001.0
1990 1 29600.0
1990 2 28981.0
1990 3 49936.0
1990 4 52445.0
1990 5 64227.0
1990 6 53153.0
1990 7 47994.0
1990 8 50890.0
1990 9 53670.0
1990 10 55410.0
1990 11 47493.0
1990 12 31316.0
1991 1 24263.0
1991 2 24052.0
1991 3 39868.0
1991 4 64310.0
1991 5 62710.0
1991 6 63794.0
1991 7 72797.0
1991 8 63020.0
1991 9 59988.0
1991 10 67821.0
1991 11 43986.0
1991 12 41630.0
1992 1 35085.0
1992 2 30619.0
1992 3 59338.0
1992 4 79312.0
1992 5 76458.0
1992 6 88216.0
1992 7 85680.0
1992 8 67729.0
1992 9 67340.0
1992 10 87351.0
1992 11 68078.0
1992 12 53439.0
1993 1 41042.0
1993 2 47452.0
1993 3 54080.0
1993 4 77241.0
1993 5 92614.0
1993 6 84562.0
1993 7 83454.0
1993 8 89458.0
1993 9 79556.0
1993 10 83367.0
1993 11 79766.0
1993 12 68017.0
1994 1 41881.0
1994 2 30519.0
1994 3 66544.0
1994 4 94180.0
1994 5 101864.0
1994 6 93234.0
1994 7 99565.0
1994 8 102222.0
1994 9 102973.0
1994 10 89106.0
1994 11 91483.0
1994 12 65494.0
1995 1 50104.0
1995 2 36391.0
1995 3 70225.0
1995 4 80385.0
1995 5 80646.0
1995 6 88831.0
1995 7 80254.0
1995 8 102281.0
1995 9 78507.0
1995 10 90100.0
1995 11 85770.0
1995 12 62483.0
1996 1 36051.0
1996 2 43278.0
1996 3 68896.0
1996 4 91533.0
1996 5 118032.0
1996 6 115242.0
1996 7 94155.0
1996 8 99054.0
1996 9 105076.0
1996 10 95267.0
1996 11 82091.0
1996 12 73355.0
1997 1 53029.0
1997 2 53708.0
1997 3 88792.0
1997 4 100986.0
1997 5 96629.0
1997 6 102328.0
1997 7 138262.0
1997 8 84792.0
1997 9 103555.0
1997 10 110809.0
1997 11 77637.0
1997 12 95699.0
1998 1 63939.0
1998 2 66175.0
1998 3 123592.0
1998 4 132468.0
1998 5 119312.0
1998 6 139919.0
1998 7 125844.0
1998 8 122786.0
1998 9 115730.0
1998 10 123996.0
1998 11 114372.0
1998 12 113229.0
1999 1 77596.0
1999 2 71392.0
1999 3 114107.0
1999 4 164093.0
1999 5 131624.0
1999 6 156061.0
1999 7 118483.0
1999 8 141386.0
1999 9 119697.0
1999 10 99538.0
1999 11 114203.0
1999 12 99072.0
2000 1 62460.0
2000 2 76920.0
2000 3 125800.0
2000 4 120221.0
2000 5 125943.0
2000 6 132981.0
2000 7 100254.0
2000 8 114939.0
2000 9 104644.0
2000 10 126046.0
2000 11 114576.0
2000 12 85501.0
2001 1 84244.0
2001 2 66362.0
2001 3 85858.0
2001 4 118997.0
2001 5 121751.0
2001 6 127984.0
2001 7 135550.0
2001 8 137139.0
2001 9 109811.0
2001 10 136993.0
2001 11 111399.0
2001 12 142332.0
2002 1 88429.0
2002 2 83673.0
2002 3 135842.0
2002 4 153486.0
2002 5 141291.0
2002 6 127293.0
2002 7 180537.0
2002 8 123409.0
2002 9 140003.0
2002 10 173888.0
2002 11 119945.0
2002 12 120409.0
2003 1 79775.0
2003 2 72062.0
2003 3 116159.0
2003 4 138415.0
2003 5 134148.0
2003 6 160480.0
2003 7 161652.0
2003 8 159017.0
2003 9 142422.0
2003 10 170537.0
2003 11 128419.0
2003 12 126027.0
2004 1 93588.0
2004 2 92065.0
2004 3 167926.0
2004 4 166083.0
2004 5 148277.0
2004 6 202753.0
2004 7 186191.0
2004 8 184456.0
2004 9 164086.0
2004 10 152395.0
2004 11 194734.0
2004 12 134923.0
2005 1 93856.0
2005 2 90870.0
2005 3 123656.0
2005 4 144428.0
2005 5 192309.0
2005 6 190496.0
2005 7 168424.0
2005 8 185684.0
2005 9 178354.0
2005 10 156138.0
2005 11 140854.0
2005 12 118731.0
2006 1 96624.0
2006 2 82484.0
2006 3 145724.0
2006 4 148329.0
2006 5 162735.0
2006 6 173055.0
2006 7 146002.0
2006 8 133826.0
2006 9 118193.0
2006 10 143905.0
2006 11 147545.0
2006 12 96854.0
2007 1 91738.0
2007 2 51254.0
2007 3 93090.0
2007 4 115108.0
2007 5 130997.0
2007 6 126681.0
2007 7 164508.0
2007 8 116104.0
2007 9 112219.0
2007 10 122349.0
2007 11 123357.0
2007 12 72063.0
2008 1 81431.0
2008 2 53397.0
2008 3 94071.0
2008 4 80233.0
2008 5 80074.0
2008 6 66513.0
2008 7 77523.0
2008 8 81840.0
2008 9 80867.0
2008 10 68979.0
2008 11 42634.0
2008 12 33175.0
2009 1 22673.0
2009 2 18412.0
2009 3 26815.0
2009 4 40334.0
2009 5 45395.0
2009 6 51602.0
2009 7 61844.0
2009 8 45775.0
2009 9 54765.0
2009 10 59843.0
2009 11 63437.0
2009 12 41957.0
2010 1 37897.0
2010 2 31590.0
2010 3 58536.0
2010 4 60343.0
2010 5 54569.0
2010 6 49701.0
2010 7 46656.0
2010 8 51380.0
2010 9 56774.0
2010 10 58740.0
2010 11 69985.0
2010 12 49390.0
2011 1 32288.0
2011 2 25567.0
2011 3 59651.0
2011 4 45701.0
2011 5 51617.0
2011 6 54916.0
2011 7 42027.0
2011 8 47465.0
2011 9 41565.0
2011 10 41737.0
2011 11 60403.0
2011 12 44270.0
2012 1 36002.0
2012 2 28535.0
2012 3 51788.0
2012 4 53731.0
2012 5 61963.0
2012 6 58721.0
2012 7 58835.0
2012 8 53208.0
2012 9 51209.0
2012 10 69472.0
2012 11 61347.0
2012 12 57526.0
2013 1 45849.0
2013 2 42306.0
2013 3 56725.0
2013 4 80257.0
2013 5 90720.0
2013 6 64625.0
2013 7 71124.0
2013 8 66832.0
2013 9 62174.0
2013 10 80189.0
2013 11 67379.0
2013 12 71093.0
2014 1 50399.0
2014 2 42762.0
2014 3 47787.0
2014 4 66888.0
2014 5 68343.0
2014 6 80962.0
2014 7 69582.0
2014 8 79938.0
2014 9 65045.0
2014 10 62405.0
2014 11 60702.0
2014 12 64998.0
2015 1 43266.0
2015 2 30203.0
2015 3 49941.0
2015 4 72210.0
2015 5 83097.0
2015 6 82593.0
2015 7 83660.0
2015 8 79691.0
2015 9 78149.0
2015 10 88105.0
2015 11 61100.0
2015 12 61525.0
2016 1 41182.0
2016 2 37109.0
2016 3 72638.0
2016 4 71842.0
2016 5 72653.0
2016 6 88290.0
2016 7 80225.0
2016 8 83324.0
2016 9 71604.0
2016 10 79899.0
2016 11 66947.0
2016 12 52944.0
2017 1 64927.0
2017 2 38260.0
2017 3 70553.0
2017 4 57027.0
2017 5 75595.0
2017 6 79430.0
2017 7 95422.0
2017 8 96982.0
2017 9 72421.0
2017 10 78798.0
2017 11 73183.0
2017 12 58344.0
2018 1 55606.0
2018 2 44258.0
2018 3 61097.0
2018 4 65819.0
2018 5 80464.0
2018 6 97349.0
2018 7 99951.0
2018 8 83809.0
2018 9 57073.0
2018 10 93521.0
2018 11 85309.0
2018 12 74674.0
2019 1 60780.0
2019 2 54454.0
2019 3 75308.0
2019 4 94453.0
2019 5 77075.0
2019 6 58507.0
2019 7 73797.0
2019 8 67214.0
2019 9 59162.0
2019 10 69871.0
2019 11 61005.0
2019 12 46104.0
2020 1 51037.0
2020 2 58121.0
2020 3 57692.0
2020 4 71474.0
2020 5 66972.0
2020 6 77130.0
2020 7 145802.0
2020 8 64568.0
2020 9 113288.0
2020 10 89467.0
2020 11 98512.0
2020 12 99734.0
2021 1 90850.0
2021 2 65332.0
2021 3 134761.0
2021 4 139843.0
2021 5 100254.0
2021 6 91829.0
2021 7 88789.0
2021 8 82896.0
2021 9 76320.0
2021 10 71922.0
2021 11 86684.0
2021 12 101043.0
2022 1 79405.0
2022 2 78351.0
2022 3 85367.0
2022 4 86849.0
2022 5 78798.0
2022 6 106115.0
2022 7 79881.0
2022 8 78365.0
2022 9 107916.0
2022 10 66183.0
2022 11 64802.0
2022 12 67564.0
2023 1 61483.0
2023 2 48701.0
2023 3 73914.0
2023 4 82088.0
2023 5 103075.0
2023 6 60684.0
2023 7 63600.0
2023 8 87558.0
2023 9 61361.0
2023 10 80985.0
2023 11 74026.0
2023 12 67952.0
2024 1 67229.0
2024 2 58063.0
2024 3 66504.0
2024 4 79662.0
2024 5 85180.0
2024 6 78454.0
2024 7 80351.0
2024 8 88963.0
