1960 5 401.0
1960 6 366.0
1960 7 258.0
1960 8 398.0
1960 9 487.0
1960 10 351.0
1960 11 505.0
1960 12 350.0
1961 1 235.0
1961 2 230.0
1961 3 361.0
1961 4 519.0
1961 5 393.0
1961 6 530.0
1961 7 328.0
1961 8 601.0
1961 9 324.0
1961 10 554.0
1961 11 676.0
1961 12 290.0
1962 1 446.0
1962 2 603.0
1962 3 695.0
1962 4 964.0
1962 5 778.0
1962 6 1388.0
1962 7 682.0
1962 8 504.0
1962 9 395.0
1962 10 1392.0
1962 11 972.0
1962 12 328.0
1963 1 287.0
1963 2 207.0
1963 3 589.0
1963 4 726.0
1963 5 836.0
1963 6 688.0
1963 7 732.0
1963 8 1085.0
1963 9 671.0
1963 10 624.0
1963 11 782.0
1963 12 382.0
1964 1 440.0
1964 2 167.0
1964 3 4343.0
1964 4 1637.0
1964 5 985.0
1964 6 880.0
1964 7 1049.0
1964 8 734.0
1964 9 1105.0
1964 10 1235.0
1964 11 760.0
1964 12 554.0
1965 1 222.0
1965 2 567.0
1965 3 886.0
1965 4 958.0
1965 5 635.0
1965 6 1072.0
1965 7 1188.0
1965 8 699.0
1965 9 930.0
1965 10 890.0
1965 11 767.0
1965 12 1010.0
1966 1 443.0
1966 2 446.0
1966 3 1189.0
1966 4 714.0
1966 5 921.0
1966 6 1250.0
1966 7 757.0
1966 8 984.0
1966 9 615.0
1966 10 340.0
1966 11 758.0
1966 12 382.0
1967 1 698.0
1967 2 356.0
1967 3 476.0
1967 4 1035.0
1967 5 989.0
1967 6 485.0
1967 7 357.0
1967 8 1211.0
1967 9 517.0
1967 10 1588.0
1967 11 539.0
1967 12 657.0
1968 1 312.0
1968 2 187.0
1968 3 466.0
1968 4 812.0
1968 5 1055.0
1968 6 1299.0
1968 7 658.0
1968 8 1215.0
1968 9 1066.0
1968 10 2413.0
1968 11 2590.0
1968 12 1882.0
1969 1 389.0
1969 2 248.0
1969 3 698.0
1969 4 634.0
1969 5 984.0
1969 6 1744.0
1969 7 463.0
1969 8 464.0
1969 9 547.0
1969 10 2868.0
1969 11 1086.0
1969 12 1776.0
1970 1 315.0
1970 2 2591.0
1970 3 1640.0
1970 4 921.0
1970 5 2911.0
1970 6 3467.0
1970 7 1616.0
1970 8 997.0
1970 9 1496.0
1970 10 3596.0
1970 11 1782.0
1970 12 1115.0
1971 1 703.0
1971 2 686.0
1971 3 1335.0
1971 4 1732.0
1971 5 2064.0
1971 6 2858.0
1971 7 2123.0
1971 8 2102.0
1971 9 1150.0
1971 10 5047.0
1971 11 991.0
1971 12 1166.0
1972 1 1388.0
1972 2 1013.0
1972 3 1051.0
1972 4 2107.0
1972 5 3232.0
1972 6 1830.0
1972 7 1271.0
1972 8 1957.0
1972 9 2071.0
1972 10 2894.0
1972 11 1739.0
1972 12 1101.0
1973 1 1673.0
1973 2 1409.0
1973 3 1974.0
1973 4 1675.0
1973 5 1837.0
1973 6 1498.0
1973 7 1383.0
1973 8 3508.0
1973 9 2569.0
1973 10 2219.0
1973 11 1129.0
1973 12 1342.0
1974 1 689.0
1974 2 1189.0
1974 3 984.0
1974 4 2186.0
1974 5 1629.0
1974 6 930.0
1974 7 2366.0
1974 8 2276.0
1974 9 445.0
1974 10 956.0
1974 11 1106.0
1974 12 333.0
1975 1 1831.0
1975 2 243.0
1975 3 782.0
1975 4 1382.0
1975 5 827.0
1975 6 1052.0
1975 7 1136.0
1975 8 768.0
1975 9 1806.0
1975 10 1910.0
1975 11 1348.0
1975 12 965.0
1976 1 895.0
1976 2 834.0
1976 3 1309.0
1976 4 1991.0
1976 5 1587.0
1976 6 2340.0
1976 7 1940.0
1976 8 2161.0
1976 9 2364.0
1976 10 1476.0
1976 11 837.0
1976 12 648.0
1977 1 340.0
1977 2 1878.0
1977 3 729.0
1977 4 1357.0
1977 5 1921.0
1977 6 2156.0
1977 7 1015.0
1977 8 1854.0
1977 9 952.0
1977 10 1022.0
1977 11 816.0
1977 12 1088.0
1978 1 437.0
1978 2 110.0
1978 3 1216.0
1978 4 2176.0
1978 5 1618.0
1978 6 2067.0
1978 7 2155.0
1978 8 1302.0
1978 9 718.0
1978 10 665.0
1978 11 892.0
1978 12 1292.0
1979 1 283.0
1979 2 305.0
1979 3 588.0
1979 4 1396.0
1979 5 1273.0
1979 6 3399.0
1979 7 1387.0
1979 8 2517.0
1979 9 1342.0
1979 10 1570.0
1979 11 2898.0
1979 12 6882.0
1980 1 1941.0
1980 2 2023.0
1980 3 851.0
1980 4 1011.0
1980 5 1413.0
1980 6 1361.0
1980 7 992.0
1980 8 1654.0
1980 9 1641.0
1980 10 2402.0
1980 11 695.0
1980 12 1393.0
1981 1 2718.0
1981 2 762.0
1981 3 1932.0
1981 4 1692.0
1981 5 856.0
1981 6 1418.0
1981 7 1269.0
1981 8 1831.0
1981 9 2032.0
1981 10 3078.0
1981 11 1416.0
1981 12 2291.0
1982 1 215.0
1982 2 934.0
1982 3 2050.0
1982 4 1394.0
1982 5 1668.0
1982 6 745.0
1982 7 882.0
1982 8 1311.0
1982 9 505.0
1982 10 2042.0
1982 11 1566.0
1982 12 1090.0
1983 1 1292.0
1983 2 929.0
1983 3 2055.0
1983 4 1720.0
1983 5 2798.0
1983 6 2806.0
1983 7 2304.0
1983 8 2560.0
1983 9 2658.0
1983 10 2045.0
1983 11 1658.0
1983 12 831.0
1984 1 1058.0
1984 2 1745.0
1984 3 3171.0
1984 4 2898.0
1984 5 2605.0
1984 6 1650.0
1984 7 3063.0
1984 8 2754.0
1984 9 2698.0
1984 10 4808.0
1984 11 4060.0
1984 12 1209.0
1985 1 2728.0
1985 2 1172.0
1985 3 7752.0
1985 4 2225.0
1985 5 3225.0
1985 6 7340.0
1985 7 1809.0
1985 8 4601.0
1985 9 1786.0
1985 10 4523.0
1985 11 3881.0
1985 12 2704.0
1986 1 8432.0
1986 2 1357.0
1986 3 4336.0
1986 4 4211.0
1986 5 7932.0
1986 6 10230.0
1986 7 5033.0
1986 8 2262.0
1986 9 7277.0
1986 10 7500.0
1986 11 8293.0
1986 12 5334.0
1987 1 1775.0
1987 2 1947.0
1987 3 4415.0
1987 4 5968.0
1987 5 4962.0
1987 6 5095.0
1987 7 7649.0
1987 8 4000.0
1987 9 3485.0
1987 10 5196.0
1987 11 3091.0
1987 12 1727.0
1988 1 1979.0
1988 2 3815.0
1988 3 5193.0
1988 4 5221.0
1988 5 2715.0
1988 6 3263.0
1988 7 2118.0
1988 8 4486.0
1988 9 3527.0
1988 10 1980.0
1988 11 4101.0
1988 12 1746.0
1989 1 1455.0
1989 2 2651.0
1989 3 2418.0
1989 4 1734.0
1989 5 2751.0
1989 6 2984.0
1989 7 3958.0
1989 8 5388.0
1989 9 1896.0
1989 10 1784.0
1989 11 1839.0
1989 12 2911.0
1990 1 3792.0
1990 2 665.0
1990 3 981.0
1990 4 762.0
1990 5 1998.0
1990 6 1446.0
1990 7 1141.0
1990 8 2717.0
1990 9 1206.0
1990 10 1547.0
1990 11 623.0
1990 12 1134.0
1991 1 275.0
1991 2 446.0
1991 3 365.0
1991 4 1261.0
1991 5 1165.0
1991 6 3023.0
1991 7 996.0
1991 8 1137.0
1991 9 549.0
1991 10 491.0
1991 11 814.0
1991 12 773.0
1992 1 470.0
1992 2 624.0
1992 3 787.0
1992 4 1578.0
1992 5 792.0
1992 6 770.0
1992 7 409.0
1992 8 368.0
1992 9 861.0
1992 10 272.0
1992 11 946.0
1992 12 7158.0
1993 1 283.0
1993 2 413.0
1993 3 787.0
1993 4 154.0
1993 5 76.0
1993 6 841.0
1993 7 383.0
1993 8 2552.0
1993 9 737.0
1993 10 374.0
1993 11 894.0
1993 12 153.0
1994 1 100.0
1994 2 1094.0
1994 3 461.0
1994 4 1056.0
1994 5 1178.0
1994 6 819.0
1994 7 506.0
1994 8 637.0
1994 9 2162.0
1994 10 2082.0
1994 11 584.0
1994 12 751.0
1995 1 714.0
1995 2 507.0
1995 3 1218.0
1995 4 656.0
1995 5 724.0
1995 6 307.0
1995 7 322.0
1995 8 763.0
1995 9 448.0
1995 10 627.0
1995 11 159.0
1995 12 759.0
1996 1 82.0
1996 2 513.0
1996 3 760.0
1996 4 1019.0
1996 5 862.0
1996 6 1137.0
1996 7 2825.0
1996 8 1481.0
1996 9 1808.0
1996 10 412.0
1996 11 1257.0
1996 12 757.0
1997 1 112.0
1997 2 620.0
1997 3 1757.0
1997 4 1575.0
1997 5 2718.0
1997 6 651.0
1997 7 1219.0
1997 8 2392.0
1997 9 951.0
1997 10 2927.0
1997 11 1360.0
1997 12 339.0
1998 1 1391.0
1998 2 1972.0
1998 3 2159.0
1998 4 1081.0
1998 5 2911.0
1998 6 2453.0
1998 7 2300.0
1998 8 1757.0
1998 9 1609.0
1998 10 1022.0
1998 11 1325.0
1998 12 1173.0
1999 1 470.0
1999 2 801.0
1999 3 1264.0
1999 4 898.0
1999 5 682.0
1999 6 540.0
1999 7 1422.0
1999 8 461.0
1999 9 1238.0
1999 10 916.0
1999 11 1592.0
1999 12 190.0
2000 1 535.0
2000 2 450.0
2000 3 1305.0
2000 4 933.0
2000 5 746.0
2000 6 1850.0
2000 7 729.0
2000 8 1380.0
2000 9 578.0
2000 10 1042.0
2000 11 642.0
2000 12 638.0
2001 1 287.0
2001 2 691.0
2001 3 1727.0
2001 4 1783.0
2001 5 4295.0
2001 6 2107.0
2001 7 2459.0
2001 8 4157.0
2001 9 125.0
2001 10 1919.0
2001 11 740.0
2001 12 163.0
2002 1 1407.0
2002 2 1080.0
2002 3 1144.0
2002 4 2356.0
2002 5 2322.0
2002 6 929.0
2002 7 652.0
2002 8 1734.0
2002 9 2554.0
2002 10 2543.0
2002 11 2712.0
2002 12 1620.0
2003 1 1707.0
2003 2 4085.0
2003 3 1415.0
2003 4 1908.0
2003 5 3005.0
2003 6 1616.0
2003 7 2274.0
2003 8 2547.0
2003 9 2498.0
2003 10 3262.0
2003 11 2262.0
2003 12 2073.0
2004 1 2310.0
2004 2 1779.0
2004 3 1346.0
2004 4 2438.0
2004 5 2635.0
2004 6 873.0
2004 7 14710.0
2004 8 5422.0
2004 9 3137.0
2004 10 1714.0
2004 11 3020.0
2004 12 691.0
2005 1 1510.0
2005 2 759.0
2005 3 482.0
2005 4 1775.0
2005 5 3640.0
2005 6 1932.0
2005 7 2507.0
2005 8 3390.0
2005 9 4985.0
2005 10 2553.0
2005 11 3055.0
2005 12 2088.0
2006 1 610.0
2006 2 1359.0
2006 3 1365.0
2006 4 2917.0
2006 5 1322.0
2006 6 3216.0
2006 7 3191.0
2006 8 3117.0
2006 9 6274.0
2006 10 2307.0
2006 11 2291.0
2006 12 2701.0
2007 1 905.0
2007 2 1059.0
2007 3 1411.0
2007 4 2990.0
2007 5 2261.0
2007 6 1124.0
2007 7 1327.0
2007 8 3889.0
2007 9 1309.0
2007 10 513.0
2007 11 3291.0
2007 12 2492.0
2008 1 790.0
2008 2 3240.0
2008 3 568.0
2008 4 5015.0
2008 5 2103.0
2008 6 1337.0
2008 7 798.0
2008 8 1741.0
2008 9 895.0
2008 10 3335.0
2008 11 175.0
2008 12 1521.0
2009 1 442.0
2009 2 550.0
2009 3 1300.0
2009 4 628.0
2009 5 1713.0
2009 6 649.0
2009 7 1280.0
2009 8 1505.0
2009 9 2128.0
2009 10 1844.0
2009 11 1121.0
2009 12 564.0
2010 1 254.0
2010 2 990.0
2010 3 720.0
2010 4 1621.0
2010 5 1481.0
2010 6 895.0
2010 7 890.0
2010 8 700.0
2010 9 5717.0
2010 10 1445.0
2010 11 508.0
2010 12 1412.0
2011 1 296.0
2011 2 554.0
2011 3 3920.0
2011 4 461.0
2011 5 1014.0
2011 6 1567.0
2011 7 154.0
2011 8 2070.0
2011 9 2218.0
2011 10 423.0
2011 11 2125.0
2011 12 667.0
2012 1 574.0
2012 2 402.0
2012 3 5013.0
2012 4 799.0
2012 5 5591.0
2012 6 2164.0
2012 7 3064.0
2012 8 2146.0
2012 9 1040.0
2012 10 812.0
2012 11 120.0
2012 12 1028.0
2013 1 2406.0
2013 2 420.0
2013 3 2410.0
2013 4 860.0
2013 5 420.0
2013 6 198.0
2013 7 1663.0
2013 8 6720.0
2013 9 926.0
2013 10 5778.0
2013 11 903.0
2013 12 2323.0
2014 1 589.0
2014 2 152.0
2014 3 989.0
2014 4 1406.0
2014 5 8146.0
2014 6 1875.0
2014 7 1175.0
2014 8 486.0
2014 9 1350.0
2014 10 2414.0
2014 11 943.0
2014 12 5387.0
2015 1 853.0
2015 2 1255.0
2015 3 1082.0
2015 4 1441.0
2015 5 1784.0
2015 6 1444.0
2015 7 1184.0
2015 8 656.0
2015 9 2575.0
2015 10 2321.0
2015 11 5198.0
2015 12 3263.0
2016 1 250.0
2016 2 1060.0
2016 3 178.0
2016 4 550.0
2016 5 1907.0
2016 6 5065.0
2016 7 577.0
2016 8 4820.0
2016 9 8866.0
2016 10 5557.0
2016 11 1722.0
2016 12 2299.0
2017 1 1702.0
2017 2 1105.0
2017 3 2558.0
2017 4 2588.0
2017 5 1061.0
2017 6 796.0
2017 7 1215.0
2017 8 1314.0
2017 9 4561.0
2017 10 2492.0
2017 11 4462.0
2017 12 2802.0
2018 1 1070.0
2018 2 2791.0
2018 3 1136.0
2018 4 2015.0
2018 5 2416.0
2018 6 2218.0
2018 7 799.0
2018 8 2484.0
2018 9 194.0
2018 10 2285.0
2018 11 1622.0
2018 12 412.0
2019 1 1098.0
2019 2 3751.0
2019 3 398.0
2019 4 921.0
2019 5 390.0
2019 6 8549.0
2019 7 2870.0
2019 8 2351.0
2019 9 4673.0
2019 10 1151.0
2019 11 803.0
2019 12 1856.0
2020 1 2909.0
2020 2 2397.0
2020 3 2389.0
2020 4 769.0
2020 5 1004.0
2020 6 2632.0
2020 7 1229.0
2020 8 1724.0
2020 9 1327.0
2020 10 3693.0
2020 11 3502.0
2020 12 970.0
2021 1 200.0
2021 2 200.0
2021 3 352.0
2021 4 2498.0
2021 5 394.0
2021 6 2982.0
2021 7 1103.0
2021 8 492.0
2021 9 2284.0
2021 10 2190.0
2021 11 4249.0
2021 12 2247.0
2022 1 1515.0
2022 2 2119.0
2022 3 2815.0
2022 4 2578.0
2022 5 1382.0
2022 6 889.0
2022 7 1053.0
2022 8 2825.0
2022 9 639.0
2022 10 1936.0
2022 11 5001.0
2022 12 1053.0
2023 1 1919.0
2023 2 3853.0
2023 3 1469.0
2023 4 3471.0
2023 5 2542.0
2023 6 2216.0
2023 7 2218.0
2023 8 4319.0
2023 9 3195.0
2023 10 532.0
2023 11 8573.0
2023 12 1050.0
2024 1 3870.0
2024 2 4712.0
2024 3 2124.0
2024 4 3610.0
2024 5 7462.0
2024 6 3875.0
2024 7 5907.0
2024 8 3296.0
