1960 5 20776.0
1960 6 20338.0
1960 7 15984.0
1960 8 16183.0
1960 9 15601.0
1960 10 15482.0
1960 11 13390.0
1960 12 10294.0
1961 1 5720.0
1961 2 5667.0
1961 3 16874.0
1961 4 17734.0
1961 5 19903.0
1961 6 20847.0
1961 7 16969.0
1961 8 22768.0
1961 9 16536.0
1961 10 16272.0
1961 11 16154.0
1961 12 10646.0
1962 1 8834.0
1962 2 5869.0
1962 3 16467.0
1962 4 23945.0
1962 5 25648.0
1962 6 22045.0
1962 7 17647.0
1962 8 16993.0
1962 9 16481.0
1962 10 17879.0
1962 11 15532.0
1962 12 12821.0
1963 1 7026.0
1963 2 5198.0
1963 3 13662.0
1963 4 26587.0
1963 5 21355.0
1963 6 20702.0
1963 7 23481.0
1963 8 20795.0
1963 9 21847.0
1963 10 21663.0
1963 11 16172.0
1963 12 12042.0
1964 1 10858.0
1964 2 12288.0
1964 3 22693.0
1964 4 29342.0
1964 5 25514.0
1964 6 29640.0
1964 7 24966.0
1964 8 22578.0
1964 9 21894.0
1964 10 26835.0
1964 11 22377.0
1964 12 20139.0
1965 1 8971.0
1965 2 9395.0
1965 3 22867.0
1965 4 26733.0
1965 5 25002.0
1965 6 32114.0
1965 7 22616.0
1965 8 24898.0
1965 9 24981.0
1965 10 26778.0
1965 11 22378.0
1965 12 17827.0
1966 1 14832.0
1966 2 9449.0
1966 3 25648.0
1966 4 29966.0
1966 5 27088.0
1966 6 25868.0
1966 7 19390.0
1966 8 16297.0
1966 9 17445.0
1966 10 18248.0
1966 11 16282.0
1966 12 11292.0
1967 1 9644.0
1967 2 9335.0
1967 3 13503.0
1967 4 23164.0
1967 5 29298.0
1967 6 24052.0
1967 7 25446.0
1967 8 27382.0
1967 9 22078.0
1967 10 26977.0
1967 11 25778.0
1967 12 14898.0
1968 1 9469.0
1968 2 14687.0
1968 3 24062.0
1968 4 27286.0
1968 5 34407.0
1968 6 35112.0
1968 7 30597.0
1968 8 27908.0
1968 9 29587.0
1968 10 39930.0
1968 11 28207.0
1968 12 20277.0
1969 1 15501.0
1969 2 20497.0
1969 3 26471.0
1969 4 40726.0
1969 5 38066.0
1969 6 38257.0
1969 7 29014.0
1969 8 25659.0
1969 9 24802.0
1969 10 32061.0
1969 11 19766.0
1969 12 24857.0
1970 1 5535.0
1970 2 13467.0
1970 3 17756.0
1970 4 28305.0
1970 5 36074.0
1970 6 41561.0
1970 7 25991.0
1970 8 24681.0
1970 9 24139.0
1970 10 44845.0
1970 11 21243.0
1970 12 17156.0
1971 1 7300.0
1971 2 7530.0
1971 3 29191.0
1971 4 34492.0
1971 5 37037.0
1971 6 35446.0
1971 7 32867.0
1971 8 46073.0
1971 9 31089.0
1971 10 34899.0
1971 11 25898.0
1971 12 39874.0
1972 1 19450.0
1972 2 15506.0
1972 3 24493.0
1972 4 47636.0
1972 5 45715.0
1972 6 40858.0
1972 7 30172.0
1972 8 51883.0
1972 9 38529.0
1972 10 44515.0
1972 11 35211.0
1972 12 23627.0
1973 1 21491.0
1973 2 18834.0
1973 3 38522.0
1973 4 36893.0
1973 5 44517.0
1973 6 44235.0
1973 7 33959.0
1973 8 44057.0
1973 9 46556.0
1973 10 32312.0
1973 11 34373.0
1973 12 22163.0
1974 1 10881.0
1974 2 15467.0
1974 3 28557.0
1974 4 36241.0
1974 5 38406.0
1974 6 38985.0
1974 7 34522.0
1974 8 21116.0
1974 9 15121.0
1974 10 21511.0
1974 11 15548.0
1974 12 12388.0
1975 1 9944.0
1975 2 9263.0
1975 3 17934.0
1975 4 28736.0
1975 5 28780.0
1975 6 29849.0
1975 7 31182.0
1975 8 22503.0
1975 9 30764.0
1975 10 27164.0
1975 11 23796.0
1975 12 21858.0
1976 1 10638.0
1976 2 11013.0
1976 3 34628.0
1976 4 40912.0
1976 5 36694.0
1976 6 40532.0
1976 7 36233.0
1976 8 31853.0
1976 9 31808.0
1976 10 36731.0
1976 11 35294.0
1976 12 28747.0
1977 1 12382.0
1977 2 14687.0
1977 3 33760.0
1977 4 50345.0
1977 5 51640.0
1977 6 58893.0
1977 7 43747.0
1977 8 48088.0
1977 9 44470.0
1977 10 46814.0
1977 11 35861.0
1977 12 27249.0
1978 1 15352.0
1978 2 8565.0
1978 3 37222.0
1978 4 49627.0
1978 5 55003.0
1978 6 69343.0
1978 7 52047.0
1978 8 59051.0
1978 9 50564.0
1978 10 54582.0
1978 11 42679.0
1978 12 31163.0
1979 1 20539.0
1979 2 15615.0
1979 3 41133.0
1979 4 58961.0
1979 5 54245.0
1979 6 63389.0
1979 7 48805.0
1979 8 49370.0
1979 9 40747.0
1979 10 51376.0
1979 11 35446.0
1979 12 47820.0
1980 1 17956.0
1980 2 18234.0
1980 3 15960.0
1980 4 24905.0
1980 5 30823.0
1980 6 41959.0
1980 7 41081.0
1980 8 42647.0
1980 9 50758.0
1980 10 53178.0
1980 11 40793.0
1980 12 27546.0
1981 1 14657.0
1981 2 16557.0
1981 3 33079.0
1981 4 41259.0
1981 5 43464.0
1981 6 38945.0
1981 7 45699.0
1981 8 41350.0
1981 9 27853.0
1981 10 29646.0
1981 11 30805.0
1981 12 20453.0
1982 1 9332.0
1982 2 14826.0
1982 3 26488.0
1982 4 34624.0
1982 5 45803.0
1982 6 39739.0
1982 7 30655.0
1982 8 39108.0
1982 9 48646.0
1982 10 47580.0
1982 11 45563.0
1982 12 43546.0
1983 1 31870.0
1983 2 34719.0
1983 3 55083.0
1983 4 58184.0
1983 5 73999.0
1983 6 86399.0
1983 7 80238.0
1983 8 74488.0
1983 9 74958.0
1983 10 66300.0
1983 11 69772.0
1983 12 39818.0
1984 1 34086.0
1984 2 47726.0
1984 3 77979.0
1984 4 99535.0
1984 5 91268.0
1984 6 103629.0
1984 7 85496.0
1984 8 83969.0
1984 9 73981.0
1984 10 110092.0
1984 11 83787.0
1984 12 79734.0
1985 1 60504.0
1985 2 52114.0
1985 3 95915.0
1985 4 129461.0
1985 5 141168.0
1985 6 142676.0
1985 7 110020.0
1985 8 112026.0
1985 9 117128.0
1985 10 131390.0
1985 11 115472.0
1985 12 96676.0
1986 1 70871.0
1986 2 66675.0
1986 3 112328.0
1986 4 168747.0
1986 5 170094.0
1986 6 185669.0
1986 7 191863.0
1986 8 146647.0
1986 9 147424.0
1986 10 176743.0
1986 11 109804.0
1986 12 109503.0
1987 1 80922.0
1987 2 112949.0
1987 3 161563.0
1987 4 215837.0
1987 5 193607.0
1987 6 183710.0
1987 7 161358.0
1987 8 157899.0
1987 9 159318.0
1987 10 142136.0
1987 11 131877.0
1987 12 105184.0
1988 1 67943.0
1988 2 78500.0
1988 3 132663.0
1988 4 151539.0
1988 5 145351.0
1988 6 168503.0
1988 7 137926.0
1988 8 130407.0
1988 9 122835.0
1988 10 102123.0
1988 11 94999.0
1988 12 84105.0
1989 1 56107.0
1989 2 51032.0
1989 3 73047.0
1989 4 77713.0
1989 5 91584.0
1989 6 85654.0
1989 7 100647.0
1989 8 91594.0
1989 9 78651.0
1989 10 103113.0
1989 11 70109.0
1989 12 66050.0
1990 1 51416.0
1990 2 30964.0
1990 3 52565.0
1990 4 58805.0
1990 5 86882.0
1990 6 56044.0
1990 7 54751.0
1990 8 56222.0
1990 9 59533.0
1990 10 66367.0
1990 11 53419.0
1990 12 34964.0
1991 1 25428.0
1991 2 26048.0
1991 3 42950.0
1991 4 67134.0
1991 5 68380.0
1991 6 70243.0
1991 7 79613.0
1991 8 64294.0
1991 9 61547.0
1991 10 79942.0
1991 11 56004.0
1991 12 46022.0
1992 1 43205.0
1992 2 32125.0
1992 3 62932.0
1992 4 83510.0
1992 5 77291.0
1992 6 89403.0
1992 7 89806.0
1992 8 70581.0
1992 9 68316.0
1992 10 88845.0
1992 11 69624.0
1992 12 61647.0
1993 1 41325.0
1993 2 61371.0
1993 3 55692.0
1993 4 77795.0
1993 5 93110.0
1993 6 92971.0
1993 7 84444.0
1993 8 92410.0
1993 9 81170.0
1993 10 100380.0
1993 11 81742.0
1993 12 75781.0
1994 1 41981.0
1994 2 31613.0
1994 3 68723.0
1994 4 96249.0
1994 5 107570.0
1994 6 102887.0
1994 7 113998.0
1994 8 106711.0
1994 9 107596.0
1994 10 92598.0
1994 11 95574.0
1994 12 76537.0
1995 1 51501.0
1995 2 37181.0
1995 3 72016.0
1995 4 102820.0
1995 5 81798.0
1995 6 90362.0
1995 7 81703.0
1995 8 106122.0
1995 9 81473.0
1995 10 94145.0
1995 11 86489.0
1995 12 64066.0
1996 1 36133.0
1996 2 45123.0
1996 3 72718.0
1996 4 95850.0
1996 5 123815.0
1996 6 117796.0
1996 7 98138.0
1996 8 101570.0
1996 9 110796.0
1996 10 98306.0
1996 11 89785.0
1996 12 82286.0
1997 1 53141.0
1997 2 55805.0
1997 3 100960.0
1997 4 111751.0
1997 5 101711.0
1997 6 108232.0
1997 7 143399.0
1997 8 135654.0
1997 9 105894.0
1997 10 116639.0
1997 11 86034.0
1997 12 97809.0
1998 1 100477.0
1998 2 74468.0
1998 3 126392.0
1998 4 136993.0
1998 5 130227.0
1998 6 155735.0
1998 7 151486.0
1998 8 131600.0
1998 9 122161.0
1998 10 134163.0
1998 11 118514.0
1998 12 126549.0
1999 1 82745.0
1999 2 72435.0
1999 3 139412.0
1999 4 169033.0
1999 5 133858.0
1999 6 167152.0
1999 7 126751.0
1999 8 148499.0
1999 9 124161.0
1999 10 102513.0
1999 11 139588.0
1999 12 100968.0
2000 1 110057.0
2000 2 78012.0
2000 3 128937.0
2000 4 122469.0
2000 5 128556.0
2000 6 137379.0
2000 7 119328.0
2000 8 117867.0
2000 9 108413.0
2000 10 127807.0
2000 11 121543.0
2000 12 86945.0
2001 1 111843.0
2001 2 87961.0
2001 3 87640.0
2001 4 122749.0
2001 5 126974.0
2001 6 132122.0
2001 7 140033.0
2001 8 149954.0
2001 9 111294.0
2001 10 141093.0
2001 11 117096.0
2001 12 142963.0
2002 1 92193.0
2002 2 86460.0
2002 3 137315.0
2002 4 177386.0
2002 5 145882.0
2002 6 129947.0
2002 7 185346.0
2002 8 126758.0
2002 9 145653.0
2002 10 179560.0
2002 11 123351.0
2002 12 123165.0
2003 1 97048.0
2003 2 77090.0
2003 3 119469.0
2003 4 142645.0
2003 5 139039.0
2003 6 176854.0
2003 7 167887.0
2003 8 165070.0
2003 9 150763.0
2003 10 340614.0
2003 11 140113.0
2003 12 135840.0
2004 1 113976.0
2004 2 98845.0
2004 3 180398.0
2004 4 176453.0
2004 5 157372.0
2004 6 217447.0
2004 7 206900.0
2004 8 198082.0
2004 9 183342.0
2004 10 160520.0
2004 11 248374.0
2004 12 150980.0
2005 1 107237.0
2005 2 95624.0
2005 3 135833.0
2005 4 158873.0
2005 5 202816.0
2005 6 205150.0
2005 7 177156.0
2005 8 198608.0
2005 9 201219.0
2005 10 169239.0
2005 11 188030.0
2005 12 150209.0
2006 1 103082.0
2006 2 103218.0
2006 3 167425.0
2006 4 157281.0
2006 5 183507.0
2006 6 193128.0
2006 7 153482.0
2006 8 140979.0
2006 9 133769.0
2006 10 156585.0
2006 11 155508.0
2006 12 112570.0
2007 1 102623.0
2007 2 59313.0
2007 3 103450.0
2007 4 153415.0
2007 5 148402.0
2007 6 141676.0
2007 7 244970.0
2007 8 130027.0
2007 9 119396.0
2007 10 129371.0
2007 11 142713.0
2007 12 85493.0
2008 1 153155.0
2008 2 59552.0
2008 3 102631.0
2008 4 90566.0
2008 5 107960.0
2008 6 101749.0
2008 7 89623.0
2008 8 87911.0
2008 9 101292.0
2008 10 94689.0
2008 11 117472.0
2008 12 36668.0
2009 1 23484.0
2009 2 32392.0
2009 3 32472.0
2009 4 55305.0
2009 5 47765.0
2009 6 66440.0
2009 7 74927.0
2009 8 50140.0
2009 9 58040.0
2009 10 75622.0
2009 11 65710.0
2009 12 50612.0
2010 1 39740.0
2010 2 34262.0
2010 3 61512.0
2010 4 70244.0
2010 5 57275.0
2010 6 52711.0
2010 7 53018.0
2010 8 54939.0
2010 9 82414.0
2010 10 61322.0
2010 11 75727.0
2010 12 51992.0
2011 1 33259.0
2011 2 27052.0
2011 3 64758.0
2011 4 50860.0
2011 5 54544.0
2011 6 85283.0
2011 7 51014.0
2011 8 56957.0
2011 9 63230.0
2011 10 45158.0
2011 11 65266.0
2011 12 46901.0
2012 1 39189.0
2012 2 47861.0
2012 3 58533.0
2012 4 58352.0
2012 5 85635.0
2012 6 129623.0
2012 7 92382.0
2012 8 91771.0
2012 9 89012.0
2012 10 147734.0
2012 11 80601.0
2012 12 85850.0
2013 1 54761.0
2013 2 51004.0
2013 3 115065.0
2013 4 86782.0
2013 5 97646.0
2013 6 72333.0
2013 7 96064.0
2013 8 137203.0
2013 9 72570.0
2013 10 100618.0
2013 11 72946.0
2013 12 79215.0
2014 1 72186.0
2014 2 44747.0
2014 3 54533.0
2014 4 78324.0
2014 5 90478.0
2014 6 170746.0
2014 7 80194.0
2014 8 89779.0
2014 9 89386.0
2014 10 79763.0
2014 11 72167.0
2014 12 76589.0
2015 1 68287.0
2015 2 33387.0
2015 3 86088.0
2015 4 86229.0
2015 5 146774.0
2015 6 110840.0
2015 7 133633.0
2015 8 85925.0
2015 9 102358.0
2015 10 144750.0
2015 11 112417.0
2015 12 85864.0
2016 1 44889.0
2016 2 68261.0
2016 3 117117.0
2016 4 101353.0
2016 5 86288.0
2016 6 125437.0
2016 7 87848.0
2016 8 95511.0
2016 9 108991.0
2016 10 106613.0
2016 11 72777.0
2016 12 57461.0
2017 1 79626.0
2017 2 44335.0
2017 3 97398.0
2017 4 62754.0
2017 5 89302.0
2017 6 102948.0
2017 7 112062.0
2017 8 123414.0
2017 9 112310.0
2017 10 115329.0
2017 11 88777.0
2017 12 68293.0
2018 1 68994.0
2018 2 83251.0
2018 3 75287.0
2018 4 76983.0
2018 5 100802.0
2018 6 112005.0
2018 7 123445.0
2018 8 101444.0
2018 9 71105.0
2018 10 109773.0
2018 11 97895.0
2018 12 113273.0
2019 1 73461.0
2019 2 70797.0
2019 3 105293.0
2019 4 186573.0
2019 5 86042.0
2019 6 76111.0
2019 7 117137.0
2019 8 81915.0
2019 9 93565.0
2019 10 301754.0
2019 11 95037.0
2019 12 88341.0
2020 1 59626.0
2020 2 87620.0
2020 3 68805.0
2020 4 79369.0
2020 5 104677.0
2020 6 93617.0
2020 7 178056.0
2020 8 93367.0
2020 9 180196.0
2020 10 116893.0
2020 11 119109.0
2020 12 117584.0
2021 1 94530.0
2021 2 82612.0
2021 3 154448.0
2021 4 166889.0
2021 5 105865.0
2021 6 101049.0
2021 7 97279.0
2021 8 92092.0
2021 9 93951.0
2021 10 83404.0
2021 11 98628.0
2021 12 118314.0
2022 1 106312.0
2022 2 86793.0
2022 3 97866.0
2022 4 106831.0
2022 5 89687.0
2022 6 123642.0
2022 7 195561.0
2022 8 104828.0
2022 9 119573.0
2022 10 104667.0
2022 11 132853.0
2022 12 118016.0
2023 1 149282.0
2023 2 81940.0
2023 3 99176.0
2023 4 108227.0
2023 5 150324.0
2023 6 100513.0
2023 7 89277.0
2023 8 135223.0
2023 9 91863.0
2023 10 123817.0
2023 11 95244.0
2023 12 93286.0
2024 1 89420.0
2024 2 92191.0
2024 3 95573.0
2024 4 144505.0
2024 5 125132.0
2024 6 103206.0
2024 7 112240.0
2024 8 120293.0
