1960 6 48.0
1960 7 1534.0
1960 8 3020.0
1960 9 2527.6
1960 10 2035.2
1960 11 1542.8000000000002
1960 12 1050.4
1961 1 558.0
1961 2 433.0
1961 3 308.0
1961 4 193.0
1961 5 174.0
1961 6 155.0
1961 7 136.0
1961 8 117.0
1961 9 98.0
1961 10 79.0
1961 11 60.0
1961 12 3360.0
1962 1 490.0
1962 2 240.0
1962 3 90.0
1962 4 35.0
1962 5 56.66666666666667
1962 6 78.33333333333334
1962 7 100.0
1962 8 73.33333333333333
1962 9 46.666666666666664
1962 10 20.0
1962 11 3300.0
1962 12 650.0
1963 1 333.0
1963 2 16.0
1963 3 175.66666666666666
1963 4 335.3333333333333
1963 5 495.0
1963 6 673.3333333333334
1963 7 851.6666666666667
1963 8 1030.0
1963 9 835.0
1963 10 640.0
1963 11 445.0
1963 12 250.0
1964 1 55.0
1964 2 651.0
1964 3 450.0
1964 4 170.0
1964 5 240.0
1964 6 1699.0
1964 7 507.0
1964 8 1088.5
1964 9 1670.0
1964 10 540.0
1964 11 2298.0
1964 12 95.0
1965 1 499.0
1965 2 2030.0
1965 3 847.0
1965 4 672.0
1965 5 2206.0
1965 6 450.0
1965 7 1773.0
1965 8 842.0
1965 9 1552.0
1965 10 620.0
1965 11 1853.0
1965 12 1076.5
1966 1 300.0
1966 2 705.0
1966 3 531.0
1966 4 1180.0
1966 5 1436.0
1966 6 858.0
1966 7 350.0
1966 8 198.0
1966 9 288.0
1966 10 324.0
1966 11 360.0
1966 12 3738.0
1967 1 2109.0
1967 2 480.0
1967 3 478.0
1967 4 1370.0
1967 5 1101.0
1967 6 606.0
1967 7 1328.0
1967 8 1220.0
1967 9 4168.0
1967 10 3124.0
1967 11 2080.0
1967 12 512.0
1968 1 943.5
1968 2 1375.0
1968 3 533.0
1968 4 1084.0
1968 5 2556.0
1968 6 660.0
1968 7 3161.0
1968 8 4387.0
1968 9 888.0
1968 10 1572.0
1968 11 1995.0
1968 12 2228.0
1969 1 2274.0
1969 2 2176.0
1969 3 2614.0
1969 4 2040.0
1969 5 307.0
1969 6 700.0
1969 7 3973.0
1969 8 88.0
1969 9 3302.0
1969 10 628.0
1969 11 2732.0
1969 12 1526.5
1970 1 321.0
1970 2 125.0
1970 3 295.0
1970 4 465.0
1970 5 1362.0
1970 6 861.0
1970 7 360.0
1970 8 480.0
1970 9 5280.0
1970 10 41624.0
1970 11 6744.0
1970 12 1198.0
1971 1 2099.0
1971 2 3000.0
1971 3 1662.0
1971 4 1571.0
1971 5 2820.0
1971 6 3363.0
1971 7 646.0
1971 8 38.0
1971 9 2563.0
1971 10 1392.0
1971 11 1515.0
1971 12 11142.0
1972 1 624.0
1972 2 6348.0
1972 3 596.0
1972 4 7633.0
1972 5 3598.0
1972 6 1372.0
1972 7 1200.0
1972 8 7320.0
1972 9 7162.0
1972 10 8250.0
1972 11 3927.0
1972 12 5066.0
1973 1 4014.0
1973 2 2590.0
1973 3 2213.0
1973 4 3713.0
1973 5 2937.0
1973 6 1235.0
1973 7 1978.0
1973 8 3772.0
1973 9 13159.0
1973 10 3464.0
1973 11 3302.0
1973 12 576.0
1974 1 1231.0
1974 2 1665.5
1974 3 2100.0
1974 4 745.0
1974 5 4235.0
1974 6 105.0
1974 7 1038.0
1974 8 625.0
1974 9 2847.0
1974 10 144.0
1974 11 1056.0
1974 12 458.0
1975 1 726.6666666666667
1975 2 995.3333333333334
1975 3 1264.0
1975 4 120.0
1975 5 1283.0
1975 6 2446.0
1975 7 1507.0
1975 8 1532.6666666666667
1975 9 1558.3333333333333
1975 10 1584.0
1975 11 1803.5
1975 12 2023.0
1976 1 1542.25
1976 2 1061.5
1976 3 580.75
1976 4 100.0
1976 5 127.33333333333333
1976 6 154.66666666666666
1976 7 182.0
1976 8 209.33333333333331
1976 9 236.66666666666666
1976 10 264.0
1976 11 440.0
1976 12 616.0
1977 1 80.0
1977 2 712.0
1977 3 1344.0
1977 4 210.0
1977 5 190.33333333333334
1977 6 170.66666666666666
1977 7 151.0
1977 8 4661.0
1977 9 615.0
1977 10 568.0
1977 11 1320.0
1977 12 3439.0
1978 1 911.0
1978 2 809.625
1978 3 708.25
1978 4 606.875
1978 5 505.5
1978 6 404.125
1978 7 302.75
1978 8 201.375
1978 9 100.0
1978 10 6320.0
1978 11 6132.5
1978 12 5945.0
1979 1 5757.5
1979 2 5570.0
1979 3 120.0
1979 4 700.0
1979 5 351.0
1979 6 50.0
1979 7 740.0
1979 8 1294.0
1979 9 1848.0
1979 10 2732.0
1979 11 3616.0
1979 12 4500.0
1980 1 3912.3333333333335
1980 2 3324.666666666667
1980 3 2737.0
1980 4 1240.0
1980 5 1458.25
1980 6 1676.5
1980 7 1894.75
1980 8 2113.0
1980 9 707.0
1980 10 4048.0
1980 11 352.0
1980 12 575.0
1981 1 326.0
1981 2 1802.0
1981 3 2435.0
1981 4 404.0
1981 5 1354.0
1981 6 655.0
1981 7 688.0
1981 8 903.5
1981 9 1119.0
1981 10 1275.0
1981 11 1705.0
1981 12 3744.0
1982 1 709.0
1982 2 800.0
1982 3 3007.0
1982 4 323.0
1982 5 7665.0
1982 6 1017.0
1982 7 991.0
1982 8 7830.0
1982 9 7589.0
1982 10 6883.0
1982 11 3888.0
1982 12 893.0
1983 1 445.0
1983 2 4599.0
1983 3 2145.0
1983 4 2937.0
1983 5 1758.0
1983 6 1911.0
1983 7 2852.0
1983 8 1511.0
1983 9 9804.0
1983 10 9867.0
1983 11 700.0
1983 12 343.0
1984 1 1419.0
1984 2 5019.0
1984 3 7507.0
1984 4 4276.0
1984 5 1542.0
1984 6 4239.0
1984 7 2519.0
1984 8 2238.0
1984 9 9212.0
1984 10 2013.0
1984 11 6664.0
1984 12 410.0
1985 1 2273.0
1985 2 5269.0
1985 3 2236.0
1985 4 2250.0
1985 5 2229.0
1985 6 1602.0
1985 7 545.0
1985 8 1083.0
1985 9 1113.0
1985 10 12851.0
1985 11 4444.0
1985 12 2911.0
1986 1 755.0
1986 2 1370.0
1986 3 686.0
1986 4 2919.0
1986 5 5730.0
1986 6 2855.0
1986 7 2147.0
1986 8 5281.0
1986 9 2965.0
1986 10 3642.0
1986 11 2470.0
1986 12 616.0
1987 1 444.0
1987 2 1286.0
1987 3 3211.0
1987 4 1737.0
1987 5 9676.0
1987 6 14892.0
1987 7 8390.0
1987 8 112.0
1987 9 4779.0
1987 10 6926.0
1987 11 4017.0
1987 12 1538.0
1988 1 801.0
1988 2 6684.0
1988 3 8225.0
1988 4 2911.0
1988 5 4432.0
1988 6 4136.0
1988 7 1503.0
1988 8 5360.0
1988 9 1252.0
1988 10 595.0
1988 11 2225.0
1988 12 1237.0
1989 1 249.0
1989 2 884.0
1989 3 596.0
1989 4 5259.0
1989 5 5837.0
1989 6 5722.0
1989 7 1348.0
1989 8 382.0
1989 9 1298.0
1989 10 8791.0
1989 11 1483.0
1989 12 285.0
1990 1 958.0
1990 2 4947.0
1990 3 2390.0
1990 4 1555.0
1990 5 143.0
1990 6 1595.0
1990 7 4844.0
1990 8 3281.0
1990 9 663.0
1990 10 2238.0
1990 11 4418.0
1990 12 5579.0
1991 1 818.0
1991 2 1094.0
1991 3 557.0
1991 4 727.0
1991 5 1982.0
1991 6 2798.0
1991 7 1413.0
1991 8 2402.0
1991 9 1163.0
1991 10 279.0
1991 11 110.0
1991 12 326.0
1992 1 402.0
1992 2 249.0
1992 3 588.0
1992 4 419.0
1992 5 2244.0
1992 6 334.0
1992 7 98.0
1992 8 4175.0
1992 9 7591.0
1992 10 212.0
1992 11 1335.0
1992 12 1097.5
1993 1 860.0
1993 2 853.0
1993 3 812.0
1993 4 2750.0
1993 5 2491.0
1993 6 1154.0
1993 7 2781.0
1993 8 2778.0
1993 9 1515.0
1993 10 1654.0
1993 11 614.0
1993 12 2624.0
1994 1 124.0
1994 2 650.0
1994 3 1720.0
1994 4 2790.0
1994 5 2044.0
1994 6 392.0
1994 7 1194.0
1994 8 1996.0
1994 9 98.0
1994 10 380.0
1994 11 893.0
1994 12 1176.0
1995 1 1882.0
1995 2 1395.0
1995 3 1309.5
1995 4 1224.0
1995 5 290.0
1995 6 96.0
1995 7 618.0
1995 8 80.0
1995 9 180.0
1995 10 757.0
1995 11 2507.0
1995 12 80.0
1996 1 80.0
1996 2 80.0
1996 3 80.0
1996 4 80.0
1996 5 1098.0
1996 6 205.0
1996 7 280.0
1996 8 2253.0
1996 9 1011.0
1996 10 145.0
1996 11 2106.5
1996 12 4068.0
1997 1 524.0
1997 2 944.0
1997 3 5385.0
1997 4 873.0
1997 5 1260.0
1997 6 1222.0
1997 7 3904.0
1997 8 705.0
1997 9 4287.0
1997 10 4161.0
1997 11 1738.0
1997 12 4238.0
1998 1 11448.0
1998 2 729.0
1998 3 2095.0
1998 4 6893.0
1998 5 918.0
1998 6 4841.0
1998 7 381.0
1998 8 413.0
1998 9 381.0
1998 10 444.0
1998 11 333.0
1998 12 349.0
1999 1 413.0
1999 2 349.0
1999 3 4528.0
1999 4 80.0
1999 5 3103.0
1999 6 2022.0
1999 7 80.0
1999 8 80.0
1999 9 80.0
1999 10 550.0
1999 11 1695.0
1999 12 96.0
2000 1 961.0
2000 2 920.0
2000 3 794.0
2000 4 80.0
2000 5 641.0
2000 6 2483.0
2000 7 80.0
2000 8 413.0
2000 9 684.0
2000 10 6372.0
2000 11 580.0
2000 12 497.0
2001 1 552.0
2001 2 441.0
2001 3 608.0
2001 4 6165.0
2001 5 2336.0
2001 6 1676.0
2001 7 1847.0
2001 8 2038.0
2001 9 2017.0
2001 10 4798.0
2001 11 4438.0
2001 12 2165.0
2002 1 1847.0
2002 2 1826.0
2002 3 3516.0
2002 4 1124.0
2002 5 1508.0
2002 6 1316.0
2002 7 4328.0
2002 8 1234.0
2002 9 904.0
2002 10 5443.0
2002 11 824.0
2002 12 144.0
2003 1 663.0
2003 2 1069.0
2003 3 80.0
2003 4 80.0
2003 5 459.0
2003 6 80.0
2003 7 2322.0
2003 8 5585.0
2003 9 460.0
2003 10 860.0
2003 11 4400.0
2003 12 20781.0
2004 1 2330.0
2004 2 255.0
2004 3 330.0
2004 4 4105.0
2004 5 1395.0
2004 6 4145.0
2004 7 3392.0
2004 8 3320.0
2004 9 8854.0
2004 10 2856.0
2004 11 96.0
2004 12 1193.0
2005 1 160.0
2005 2 1436.0
2005 3 3044.0
2005 4 6333.0
2005 5 9749.0
2005 6 15389.0
2005 7 2369.0
2005 8 9662.0
2005 9 20628.0
2005 10 17728.0
2005 11 13209.0
2005 12 1421.0
2006 1 358.0
2006 2 6527.0
2006 3 7592.0
2006 4 15418.0
2006 5 12954.0
2006 6 3264.0
2006 7 17430.0
2006 8 16426.0
2006 9 10613.0
2006 10 2402.0
2006 11 9278.0
2006 12 6718.0
2007 1 5664.0
2007 2 4885.0
2007 3 3727.0
2007 4 14806.0
2007 5 12338.0
2007 6 5934.0
2007 7 4702.0
2007 8 2701.0
2007 9 4802.0
2007 10 1358.0
2007 11 2274.0
2007 12 10881.0
2008 1 2521.0
2008 2 4166.0
2008 3 14611.0
2008 4 4242.0
2008 5 5253.0
2008 6 4587.0
2008 7 5628.0
2008 8 1294.0
2008 9 4052.0
2008 10 4431.0
2008 11 2050.0
2008 12 6469.0
2009 1 80.0
2009 2 1084.0
2009 3 80.0
2009 4 1279.0
2009 5 5585.0
2009 6 2238.0
2009 7 12614.0
2009 8 2651.0
2009 9 5621.0
2009 10 316.0
2009 11 1020.0
2009 12 2537.0
2010 1 398.0
2010 2 629.0
2010 3 1053.0
2010 4 6859.0
2010 5 1171.0
2010 6 3095.0
2010 7 3770.0
2010 8 1862.0
2010 9 2577.0
2010 10 3296.0
2010 11 1653.0
2010 12 2232.0
2011 1 6684.0
2011 2 2273.0
2011 3 1264.0
2011 4 2619.0
2011 5 6824.0
2011 6 4228.0
2011 7 4359.0
2011 8 1168.0
2011 9 1841.0
2011 10 3075.0
2011 11 6539.0
2011 12 3656.0
2012 1 12434.0
2012 2 10294.0
2012 3 9202.0
2012 4 5275.0
2012 5 2380.0
2012 6 10692.0
2012 7 5577.0
2012 8 8947.0
2012 9 6198.0
2012 10 5474.0
2012 11 6997.0
2012 12 9622.0
2013 1 8436.0
2013 2 8649.0
2013 3 4579.0
2013 4 8168.0
2013 5 8007.0
2013 6 4118.0
2013 7 7144.0
2013 8 7592.0
2013 9 10837.0
2013 10 12949.0
2013 11 15406.0
2013 12 7673.0
2014 1 371.0
2014 2 5692.0
2014 3 4735.0
2014 4 5601.0
2014 5 6462.0
2014 6 5624.0
2014 7 6854.0
2014 8 4399.0
2014 9 4826.0
2014 10 16619.0
2014 11 6390.0
2014 12 15945.0
2015 1 6309.0
2015 2 6793.0
2015 3 7668.0
2015 4 7526.0
2015 5 11368.0
2015 6 5503.0
2015 7 7870.0
2015 8 32598.0
2015 9 4125.0
2015 10 10420.0
2015 11 8583.0
2015 12 9816.0
2016 1 3507.0
2016 2 8891.0
2016 3 5401.0
2016 4 4814.0
2016 5 4788.0
2016 6 2949.0
2016 7 5301.0
2016 8 9802.0
2016 9 8938.0
2016 10 14510.0
2016 11 7206.0
2016 12 7115.0
2017 1 3701.0
2017 2 8379.0
2017 3 9444.0
2017 4 6809.0
2017 5 7569.0
2017 6 18311.0
2017 7 11024.0
2017 8 16245.0
2017 9 7244.0
2017 10 5246.0
2017 11 7914.0
2017 12 18479.0
2018 1 6180.0
2018 2 4089.0
2018 3 7020.0
2018 4 6045.0
2018 5 10184.0
2018 6 3529.0
2018 7 2041.0
2018 8 3148.0
2018 9 3728.0
2018 10 3665.0
2018 11 4448.0
2018 12 6851.0
2019 1 8770.0
2019 2 9283.0
2019 3 3042.0
2019 4 4895.0
2019 5 5604.0
2019 6 7763.0
2019 7 6926.0
2019 8 7067.0
2019 9 12440.0
2019 10 6220.0
2019 11 6201.0
2019 12 3053.0
2020 1 7597.0
2020 2 5989.0
2020 3 2839.0
2020 4 13467.0
2020 5 3886.0
2020 6 22190.0
2020 7 33525.0
2020 8 34524.0
2020 9 4312.0
2020 10 8614.0
2020 11 2948.0
2020 12 4377.0
2021 1 7071.0
2021 2 6391.0
2021 3 5136.0
2021 4 20256.0
2021 5 25684.0
2021 6 3150.0
2021 7 27216.0
2021 8 3097.0
2021 9 5087.0
2021 10 2222.0
2021 11 23985.0
2021 12 4411.0
2022 1 4779.0
2022 2 3386.0
2022 3 1988.0
2022 4 3904.0
2022 5 3708.0
2022 6 2425.0
2022 7 4072.0
2022 8 5701.0
2022 9 2289.0
2022 10 8684.0
2022 11 11183.0
2022 12 4744.0
2023 1 8888.0
2023 2 1929.0
2023 3 7781.0
2023 4 7249.0
2023 5 14429.0
2023 6 7310.0
2023 7 10341.0
2023 8 14145.0
2023 9 2396.0
2023 10 2736.0
2023 11 3217.0
2023 12 52753.0
2024 1 27361.0
2024 2 21431.0
2024 3 5933.0
2024 4 2637.0
2024 5 4057.0
2024 6 10320.0
2024 7 1330.0
2024 8 7055.0
