1960 5 3486.0
1960 6 2279.0
1960 7 2071.0
1960 8 1836.0
1960 9 3241.0
1960 10 2489.0
1960 11 1895.0
1960 12 1758.0
1961 1 989.0
1961 2 623.0
1961 3 1759.0
1961 4 2801.0
1961 5 2248.0
1961 6 2983.0
1961 7 3341.0
1961 8 3680.0
1961 9 2433.0
1961 10 2802.0
1961 11 2573.0
1961 12 762.0
1962 1 1269.0
1962 2 1639.0
1962 3 4253.0
1962 4 2690.0
1962 5 2703.0
1962 6 2555.0
1962 7 2164.0
1962 8 2279.0
1962 9 1793.0
1962 10 2925.0
1962 11 2236.0
1962 12 1210.0
1963 1 1773.0
1963 2 1758.0
1963 3 2242.0
1963 4 3509.0
1963 5 4088.0
1963 6 4421.0
1963 7 4220.0
1963 8 2797.0
1963 9 2380.4
1963 10 1963.8
1963 11 1547.1999999999998
1963 12 1130.6
1964 1 714.0
1964 2 1524.0
1964 3 2499.0
1964 4 3023.0
1964 5 2699.0
1964 6 2860.0
1964 7 3971.0
1964 8 2961.0
1964 9 3300.0
1964 10 2310.0
1964 11 1680.0
1964 12 2599.0
1965 1 2328.0
1965 2 1436.0
1965 3 2937.0
1965 4 3770.0
1965 5 4421.0
1965 6 2444.0
1965 7 3422.0
1965 8 2472.0
1965 9 3176.0
1965 10 3443.0
1965 11 2352.0
1965 12 2282.0
1966 1 2178.0
1966 2 1429.0
1966 3 3502.0
1966 4 3461.0
1966 5 2638.0
1966 6 4012.0
1966 7 2334.0
1966 8 1367.0
1966 9 1984.0
1966 10 1754.0
1966 11 1132.0
1966 12 750.0
1967 1 481.0
1967 2 2605.0
1967 3 2382.0
1967 4 2648.0
1967 5 3047.0
1967 6 4157.0
1967 7 2210.0
1967 8 2029.0
1967 9 2996.0
1967 10 2665.0
1967 11 2201.0
1967 12 1741.0
1968 1 985.0
1968 2 2771.0
1968 3 2909.0
1968 4 3022.0
1968 5 4100.0
1968 6 2769.0
1968 7 5271.0
1968 8 3192.0
1968 9 2778.0
1968 10 3561.0
1968 11 3816.0
1968 12 2699.0
1969 1 3458.0
1969 2 2372.0
1969 3 3480.0
1969 4 4584.0
1969 5 3606.0
1969 6 3757.0
1969 7 4132.0
1969 8 3229.0
1969 9 3194.0
1969 10 3834.0
1969 11 2503.0
1969 12 1961.0
1970 1 1096.0
1970 2 2263.0
1970 3 4310.0
1970 4 3611.0
1970 5 3222.0
1970 6 5520.0
1970 7 3561.0
1970 8 2605.0
1970 9 3517.0
1970 10 5734.0
1970 11 2826.0
1970 12 3925.0
1971 1 6943.0
1971 2 2957.0
1971 3 5321.0
1971 4 6062.0
1971 5 6529.0
1971 6 4437.0
1971 7 5160.0
1971 8 5557.0
1971 9 3595.0
1971 10 4706.0
1971 11 6597.0
1971 12 5096.0
1972 1 4115.0
1972 2 3995.0
1972 3 6627.0
1972 4 5406.0
1972 5 4735.0
1972 6 5656.0
1972 7 5849.0
1972 8 7700.0
1972 9 6957.0
1972 10 6798.0
1972 11 5178.0
1972 12 4669.0
1973 1 4713.0
1973 2 4963.0
1973 3 9804.0
1973 4 6857.0
1973 5 8751.0
1973 6 7022.0
1973 7 6398.0
1973 8 8620.0
1973 9 7592.0
1973 10 10126.0
1973 11 4620.0
1973 12 4746.0
1974 1 3518.0
1974 2 2791.0
1974 3 4050.0
1974 4 4932.0
1974 5 4453.0
1974 6 5803.0
1974 7 6314.0
1974 8 4406.0
1974 9 4112.0
1974 10 4674.0
1974 11 2707.0
1974 12 2617.0
1975 1 2766.0
1975 2 1913.0
1975 3 3514.0
1975 4 4120.0
1975 5 3997.0
1975 6 5166.0
1975 7 4302.0
1975 8 4789.0
1975 9 5603.0
1975 10 6141.0
1975 11 6654.0
1975 12 4010.0
1976 1 2464.0
1976 2 3815.0
1976 3 6199.0
1976 4 6628.0
1976 5 6933.0
1976 6 6125.0
1976 7 5208.0
1976 8 5374.0
1976 9 5126.0
1976 10 5476.0
1976 11 4827.0
1976 12 6954.0
1977 1 3051.0
1977 2 3103.0
1977 3 7534.0
1977 4 7919.0
1977 5 7527.0
1977 6 8971.0
1977 7 6351.0
1977 8 7321.0
1977 9 6274.0
1977 10 8888.0
1977 11 6364.0
1977 12 6395.0
1978 1 6058.0
1978 2 3390.0
1978 3 5455.0
1978 4 8258.0
1978 5 10397.0
1978 6 9156.0
1978 7 9499.0
1978 8 9119.0
1978 9 7581.0
1978 10 9007.0
1978 11 8268.0
1978 12 4830.0
1979 1 4229.0
1979 2 1929.0
1979 3 6090.0
1979 4 7474.0
1979 5 10425.0
1979 6 7601.0
1979 7 7832.0
1979 8 8838.0
1979 9 6558.0
1979 10 6691.0
1979 11 7033.0
1979 12 3828.0
1980 1 4497.0
1980 2 4315.0
1980 3 5929.0
1980 4 4448.0
1980 5 5875.0
1980 6 6760.0
1980 7 10937.0
1980 8 7508.0
1980 9 7389.0
1980 10 9259.0
1980 11 5669.0
1980 12 5638.0
1981 1 3582.0
1981 2 4386.0
1981 3 7137.0
1981 4 5926.0
1981 5 7124.0
1981 6 7036.0
1981 7 6703.0
1981 8 5416.0
1981 9 4022.0
1981 10 5508.0
1981 11 5976.0
1981 12 2342.0
1982 1 2853.0
1982 2 3324.0
1982 3 6463.0
1982 4 4573.0
1982 5 5108.0
1982 6 4357.0
1982 7 4279.0
1982 8 6496.0
1982 9 7309.0
1982 10 7100.0
1982 11 6233.5
1982 12 5367.0
1983 1 4801.0
1983 2 5577.0
1983 3 6626.0
1983 4 9947.0
1983 5 8456.0
1983 6 11007.0
1983 7 11564.0
1983 8 11462.0
1983 9 6508.0
1983 10 9517.0
1983 11 9101.0
1983 12 7261.0
1984 1 6554.0
1984 2 9562.0
1984 3 11166.0
1984 4 9893.0
1984 5 20131.0
1984 6 7608.0
1984 7 10326.0
1984 8 9208.0
1984 9 10688.0
1984 10 14823.0
1984 11 11688.0
1984 12 10076.0
1985 1 8094.0
1985 2 7442.0
1985 3 12023.0
1985 4 28287.0
1985 5 15483.0
1985 6 12660.0
1985 7 12875.0
1985 8 9066.0
1985 9 12492.0
1985 10 12771.0
1985 11 13802.0
1985 12 8434.0
1986 1 11761.0
1986 2 12503.0
1986 3 13889.0
1986 4 14655.0
1986 5 20511.0
1986 6 15838.0
1986 7 24000.0
1986 8 17334.0
1986 9 17513.0
1986 10 21572.0
1986 11 11469.0
1986 12 13231.0
1987 1 10696.0
1987 2 14019.0
1987 3 20417.0
1987 4 19158.0
1987 5 17296.0
1987 6 20039.0
1987 7 23706.0
1987 8 21880.0
1987 9 18530.0
1987 10 22000.0
1987 11 27589.0
1987 12 23387.0
1988 1 18820.0
1988 2 23675.0
1988 3 23348.0
1988 4 20625.0
1988 5 29022.0
1988 6 31093.0
1988 7 22249.0
1988 8 24753.0
1988 9 25463.0
1988 10 27835.0
1988 11 27827.0
1988 12 32710.0
1989 1 21619.0
1989 2 23556.0
1989 3 26920.0
1989 4 20202.0
1989 5 13824.0
1989 6 25936.0
1989 7 19610.0
1989 8 27292.0
1989 9 26673.0
1989 10 23396.0
1989 11 23269.0
1989 12 19062.0
1990 1 20406.0
1990 2 21229.0
1990 3 24444.0
1990 4 25227.0
1990 5 27090.0
1990 6 21834.0
1990 7 18260.0
1990 8 21189.0
1990 9 16524.0
1990 10 19668.0
1990 11 15233.0
1990 12 14540.0
1991 1 14819.0
1991 2 15524.0
1991 3 20576.0
1991 4 22115.0
1991 5 22842.0
1991 6 17815.0
1991 7 18599.0
1991 8 19434.0
1991 9 18417.0
1991 10 18266.0
1991 11 18958.0
1991 12 19215.0
1992 1 16160.0
1992 2 21877.0
1992 3 23811.0
1992 4 24955.0
1992 5 22097.0
1992 6 20825.0
1992 7 28131.0
1992 8 23915.0
1992 9 23752.0
1992 10 23354.0
1992 11 18478.0
1992 12 21197.0
1993 1 17836.0
1993 2 21091.0
1993 3 24054.0
1993 4 26909.0
1993 5 27223.0
1993 6 32836.0
1993 7 24293.0
1993 8 33343.0
1993 9 21783.0
1993 10 21146.0
1993 11 21039.0
1993 12 22505.0
1994 1 22637.0
1994 2 19370.0
1994 3 30277.0
1994 4 25731.0
1994 5 31693.0
1994 6 26898.0
1994 7 28364.0
1994 8 31856.0
1994 9 29813.0
1994 10 25491.0
1994 11 26267.0
1994 12 27817.0
1995 1 23983.0
1995 2 18748.0
1995 3 26910.0
1995 4 29103.0
1995 5 29238.0
1995 6 25350.0
1995 7 26813.0
1995 8 30511.0
1995 9 28875.0
1995 10 30288.0
1995 11 26487.0
1995 12 20901.0
1996 1 20800.0
1996 2 24219.0
1996 3 33352.0
1996 4 33649.0
1996 5 31131.0
1996 6 34193.0
1996 7 30350.0
1996 8 30973.0
1996 9 27068.0
1996 10 30745.0
1996 11 23808.0
1996 12 22926.0
1997 1 25112.0
1997 2 27239.0
1997 3 31391.0
1997 4 31870.0
1997 5 37476.0
1997 6 28362.0
1997 7 29350.0
1997 8 27029.0
1997 9 27143.0
1997 10 34386.0
1997 11 25216.0
1997 12 25797.0
1998 1 24789.0
1998 2 25884.0
1998 3 33012.0
1998 4 36924.0
1998 5 35958.0
1998 6 35567.0
1998 7 40429.0
1998 8 38886.0
1998 9 32052.0
1998 10 32499.0
1998 11 32506.0
1998 12 34263.0
1999 1 36729.0
1999 2 35264.0
1999 3 47105.0
1999 4 39992.0
1999 5 45937.0
1999 6 44714.0
1999 7 38201.0
1999 8 37871.0
1999 9 39442.0
1999 10 39868.0
1999 11 34495.0
1999 12 36888.0
2000 1 33374.0
2000 2 40208.0
2000 3 46824.0
2000 4 30201.0
2000 5 40415.0
2000 6 47614.0
2000 7 28677.0
2000 8 33609.0
2000 9 33122.0
2000 10 42894.0
2000 11 38481.0
2000 12 33675.0
2001 1 38347.0
2001 2 37736.0
2001 3 47168.0
2001 4 40302.0
2001 5 45512.0
2001 6 43739.0
2001 7 38142.0
2001 8 42705.0
2001 9 33281.0
2001 10 41835.0
2001 11 51440.0
2001 12 35916.0
2002 1 52321.0
2002 2 42214.0
2002 3 52437.0
2002 4 59957.0
2002 5 65150.0
2002 6 58988.0
2002 7 51925.0
2002 8 65302.0
2002 9 49777.0
2002 10 64710.0
2002 11 54069.0
2002 12 59082.0
2003 1 59484.0
2003 2 41324.0
2003 3 49234.0
2003 4 60349.0
2003 5 72799.0
2003 6 59957.0
2003 7 72810.0
2003 8 68822.0
2003 9 63559.0
2003 10 74206.0
2003 11 62537.0
2003 12 76471.0
2004 1 47886.0
2004 2 67674.0
2004 3 84572.0
2004 4 61136.0
2004 5 81606.0
2004 6 85096.0
2004 7 79409.0
2004 8 87280.0
2004 9 68261.0
2004 10 77163.0
2004 11 73108.0
2004 12 61547.0
2005 1 64735.0
2005 2 71400.0
2005 3 69807.0
2005 4 85405.0
2005 5 73859.0
2005 6 86097.0
2005 7 76166.0
2005 8 86418.0
2005 9 72398.0
2005 10 66090.0
2005 11 65611.0
2005 12 67652.0
2006 1 67856.0
2006 2 51627.0
2006 3 60992.0
2006 4 66684.0
2006 5 74721.0
2006 6 68823.0
2006 7 49688.0
2006 8 63921.0
2006 9 55398.0
2006 10 39201.0
2006 11 39408.0
2006 12 38549.0
2007 1 50386.0
2007 2 45825.0
2007 3 57708.0
2007 4 56345.0
2007 5 55919.0
2007 6 48863.0
2007 7 49610.0
2007 8 37817.0
2007 9 42744.0
2007 10 32239.0
2007 11 34351.0
2007 12 24624.0
2008 1 31602.0
2008 2 28144.0
2008 3 32097.0
2008 4 34975.0
2008 5 28254.0
2008 6 32833.0
2008 7 32371.0
2008 8 29087.0
2008 9 30631.0
2008 10 22923.0
2008 11 15515.0
2008 12 20048.0
2009 1 16607.0
2009 2 16191.0
2009 3 23128.0
2009 4 29224.0
2009 5 27435.0
2009 6 28885.0
2009 7 32750.0
2009 8 32616.0
2009 9 37512.0
2009 10 27766.0
2009 11 26964.0
2009 12 26978.0
2010 1 26061.0
2010 2 25131.0
2010 3 40074.0
2010 4 27035.0
2010 5 26457.0
2010 6 30507.0
2010 7 27833.0
2010 8 21466.0
2010 9 32185.0
2010 10 22178.0
2010 11 23100.0
2010 12 21106.0
2011 1 20919.0
2011 2 18635.0
2011 3 32652.0
2011 4 28844.0
2011 5 28515.0
2011 6 28231.0
2011 7 23584.0
2011 8 39176.0
2011 9 31633.0
2011 10 24368.0
2011 11 26923.0
2011 12 25480.0
2012 1 26611.0
2012 2 27038.0
2012 3 28542.0
2012 4 30147.0
2012 5 34759.0
2012 6 35167.0
2012 7 30951.0
2012 8 30422.0
2012 9 33782.0
2012 10 32972.0
2012 11 31759.0
2012 12 29729.0
2013 1 31265.0
2013 2 32540.0
2013 3 39588.0
2013 4 45096.0
2013 5 43690.0
2013 6 43007.0
2013 7 45479.0
2013 8 40047.0
2013 9 45035.0
2013 10 35905.0
2013 11 36810.0
2013 12 35971.0
2014 1 43317.0
2014 2 36335.0
2014 3 36671.0
2014 4 41318.0
2014 5 45769.0
2014 6 42650.0
2014 7 41951.0
2014 8 43893.0
2014 9 55812.0
2014 10 52046.0
2014 11 32109.0
2014 12 38974.0
2015 1 39817.0
2015 2 38745.0
2015 3 44040.0
2015 4 46540.0
2015 5 48993.0
2015 6 48551.0
2015 7 50494.0
2015 8 51810.0
2015 9 50197.0
2015 10 45467.0
2015 11 42063.0
2015 12 47595.0
2016 1 45787.0
2016 2 45373.0
2016 3 49519.0
2016 4 57116.0
2016 5 60498.0
2016 6 55109.0
2016 7 48405.0
2016 8 58825.0
2016 9 55880.0
2016 10 51135.0
2016 11 54134.0
2016 12 51157.0
2017 1 45253.0
2017 2 44944.0
2017 3 65714.0
2017 4 49000.0
2017 5 61396.0
2017 6 68026.0
2017 7 60489.0
2017 8 61979.0
2017 9 57303.0
2017 10 64186.0
2017 11 56244.0
2017 12 59731.0
2018 1 58521.0
2018 2 52138.0
2018 3 58837.0
2018 4 60655.0
2018 5 78577.0
2018 6 60185.0
2018 7 56483.0
2018 8 65931.0
2018 9 54383.0
2018 10 65051.0
2018 11 65944.0
2018 12 56912.0
2019 1 68015.0
2019 2 55172.0
2019 3 60054.0
2019 4 45818.0
2019 5 69677.0
2019 6 69081.0
2019 7 74867.0
2019 8 60456.0
2019 9 62034.0
2019 10 58282.0
2019 11 56950.0
2019 12 57132.0
2020 1 67266.0
2020 2 66594.0
2020 3 69320.0
2020 4 59859.0
2020 5 53369.0
2020 6 66816.0
2020 7 81688.0
2020 8 96529.0
2020 9 97922.0
2020 10 110396.0
2020 11 74912.0
2020 12 104638.0
2021 1 84037.0
2021 2 93836.0
2021 3 108218.0
2021 4 97392.0
2021 5 89299.0
2021 6 92832.0
2021 7 92522.0
2021 8 84172.0
2021 9 81184.0
2021 10 82009.0
2021 11 72837.0
2021 12 77491.0
2022 1 68302.0
2022 2 66906.0
2022 3 73870.0
2022 4 73610.0
2022 5 82461.0
2022 6 74279.0
2022 7 58907.0
2022 8 80794.0
2022 9 58070.0
2022 10 68207.0
2022 11 47121.0
2022 12 52387.0
2023 1 46169.0
2023 2 49203.0
2023 3 71398.0
2023 4 65597.0
2023 5 76058.0
2023 6 78106.0
2023 7 64522.0
2023 8 74266.0
2023 9 62437.0
2023 10 81903.0
2023 11 65937.0
2023 12 60238.0
2024 1 66959.0
2024 2 72276.0
2024 3 75383.0
2024 4 68346.0
2024 5 77061.0
2024 6 65082.0
2024 7 69333.0
2024 8 71900.0
