1960 8 3000.0
1960 9 2506.6
1960 10 2013.2
1960 11 1519.8000000000002
1960 12 1026.4
1961 1 533.0
1961 2 400.5
1961 3 268.0
1961 4 193.0
1961 5 588.875
1961 6 984.75
1961 7 1380.625
1961 8 1776.5
1961 9 2172.375
1961 10 2568.25
1961 11 2964.125
1961 12 3360.0
1962 1 435.0
1962 2 240.0
1962 3 212.0
1962 4 184.0
1962 5 156.0
1962 6 128.0
1962 7 100.0
1962 8 900.0
1962 9 1700.0
1962 10 2500.0
1962 11 3300.0
1962 12 650.0
1963 1 619.0
1963 2 588.0
1963 3 557.0
1963 4 526.0
1963 5 495.0
1963 6 673.3333333333334
1963 7 851.6666666666667
1963 8 1030.0
1963 9 835.0
1963 10 640.0
1963 11 445.0
1963 12 250.0
1964 1 55.0
1964 2 651.0
1964 3 300.0
1964 4 50.0
1964 5 240.0
1964 6 1275.0
1964 7 480.0
1964 8 1062.5
1964 9 1645.0
1964 10 540.0
1964 11 2248.0
1964 12 95.0
1965 1 499.0
1965 2 2030.0
1965 3 847.0
1965 4 654.0
1965 5 2170.0
1965 6 450.0
1965 7 1773.0
1965 8 823.0
1965 9 1552.0
1965 10 620.0
1965 11 1853.0
1965 12 1076.5
1966 1 300.0
1966 2 705.0
1966 3 531.0
1966 4 1180.0
1966 5 1396.0
1966 6 858.0
1966 7 350.0
1966 8 198.0
1966 9 288.0
1966 10 324.0
1966 11 360.0
1966 12 3738.0
1967 1 2109.0
1967 2 480.0
1967 3 478.0
1967 4 1370.0
1967 5 1101.0
1967 6 606.0
1967 7 1328.0
1967 8 1220.0
1967 9 4168.0
1967 10 3124.0
1967 11 2080.0
1967 12 512.0
1968 1 943.5
1968 2 1375.0
1968 3 533.0
1968 4 1084.0
1968 5 2556.0
1968 6 660.0
1968 7 3161.0
1968 8 4387.0
1968 9 888.0
1968 10 1542.0
1968 11 1875.0
1968 12 2153.0
1969 1 2232.0
1969 2 2176.0
1969 3 2614.0
1969 4 2040.0
1969 5 287.0
1969 6 700.0
1969 7 3963.0
1969 8 75.0
1969 9 3302.0
1969 10 540.0
1969 11 2732.0
1969 12 1496.0
1970 1 260.0
1970 2 125.0
1970 3 295.0
1970 4 465.0
1970 5 1362.0
1970 6 861.0
1970 7 360.0
1970 8 480.0
1970 9 5280.0
1970 10 41616.0
1970 11 6744.0
1970 12 1166.0
1971 1 2083.0
1971 2 3000.0
1971 3 1638.0
1971 4 1571.0
1971 5 2820.0
1971 6 2104.0
1971 7 646.0
1971 8 1504.5
1971 9 2363.0
1971 10 1392.0
1971 11 1495.0
1971 12 11122.0
1972 1 624.0
1972 2 6323.0
1972 3 596.0
1972 4 7633.0
1972 5 3598.0
1972 6 1372.0
1972 7 1200.0
1972 8 7320.0
1972 9 7126.0
1972 10 8225.0
1972 11 3927.0
1972 12 5066.0
1973 1 3950.0
1973 2 2590.0
1973 3 2053.0
1973 4 3538.0
1973 5 2721.0
1973 6 1182.0
1973 7 1978.0
1973 8 3684.0
1973 9 11351.0
1973 10 3464.0
1973 11 2822.0
1973 12 2026.5
1974 1 1231.0
1974 2 1665.5
1974 3 2100.0
1974 4 745.0
1974 5 4235.0
1974 6 87.0
1974 7 1038.0
1974 8 389.0
1974 9 2847.0
1974 10 144.0
1974 11 1056.0
1974 12 378.0
1975 1 673.3333333333333
1975 2 968.6666666666666
1975 3 1264.0
1975 4 120.0
1975 5 1283.0
1975 6 2446.0
1975 7 1131.0
1975 8 1282.0
1975 9 1433.0
1975 10 1584.0
1975 11 1803.5
1975 12 2023.0
1976 1 1847.1
1976 2 1671.2
1976 3 1495.3
1976 4 1319.4
1976 5 1143.5
1976 6 967.5999999999999
1976 7 791.7
1976 8 615.8
1976 9 439.89999999999986
1976 10 264.0
1976 11 246.0
1976 12 228.0
1977 1 553.3333333333333
1977 2 878.6666666666666
1977 3 1204.0
1977 4 210.0
1977 5 190.33333333333334
1977 6 170.66666666666666
1977 7 151.0
1977 8 4653.0
1977 9 615.0
1977 10 967.5
1977 11 1320.0
1977 12 3439.0
1978 1 911.0
1978 2 1512.0
1978 3 2113.0
1978 4 2714.0
1978 5 3315.0
1978 6 3916.0
1978 7 4517.0
1978 8 5118.0
1978 9 5719.0
1978 10 6320.0
1978 11 6132.5
1978 12 5945.0
1979 1 5757.5
1979 2 5570.0
1979 3 3085.0
1979 4 600.0
1979 5 646.6666666666666
1979 6 693.3333333333334
1979 7 740.0
1979 8 1492.0
1979 9 2244.0
1979 10 2996.0
1979 11 3748.0
1979 12 4500.0
1980 1 3833.6666666666665
1980 2 3167.333333333333
1980 3 2501.0
1980 4 1240.0
1980 5 1408.75
1980 6 1577.5
1980 7 1746.25
1980 8 1915.0
1980 9 587.0
1980 10 4048.0
1980 11 352.0
1980 12 470.0
1981 1 326.0
1981 2 1802.0
1981 3 1961.0
1981 4 404.0
1981 5 471.0
1981 6 475.0
1981 7 148.0
1981 8 473.5
1981 9 799.0
1981 10 1275.0
1981 11 825.0
1981 12 2862.0
1982 1 709.0
1982 2 800.0
1982 3 1951.0
1982 4 173.0
1982 5 7665.0
1982 6 1017.0
1982 7 941.0
1982 8 6303.0
1982 9 7274.0
1982 10 5653.0
1982 11 2958.0
1982 12 263.0
1983 1 164.0
1983 2 4224.0
1983 3 1835.0
1983 4 2107.0
1983 5 1178.0
1983 6 728.0
1983 7 2100.0
1983 8 480.0
1983 9 8295.0
1983 10 7999.0
1983 11 400.0
1983 12 837.5
1984 1 1275.0
1984 2 4539.0
1984 3 5493.0
1984 4 3745.0
1984 5 348.0
1984 6 2422.0
1984 7 2319.0
1984 8 1895.0
1984 9 7599.0
1984 10 847.0
1984 11 5920.0
1984 12 410.0
1985 1 1597.0
1985 2 5089.0
1985 3 1666.0
1985 4 1669.0
1985 5 2229.0
1985 6 1602.0
1985 7 545.0
1985 8 1083.0
1985 9 135.0
1985 10 12446.0
1985 11 4060.0
1985 12 2355.0
1986 1 375.0
1986 2 840.0
1986 3 424.0
1986 4 1951.0
1986 5 2535.0
1986 6 2490.0
1986 7 2041.0
1986 8 5073.0
1986 9 2965.0
1986 10 2895.0
1986 11 2470.0
1986 12 452.0
1987 1 313.0
1987 2 1286.0
1987 3 2877.0
1987 4 1340.0
1987 5 9243.0
1987 6 14892.0
1987 7 8094.0
1987 8 6302.0
1987 9 4510.0
1987 10 6876.0
1987 11 3616.0
1987 12 1450.0
1988 1 400.0
1988 2 6484.0
1988 3 8195.0
1988 4 1444.0
1988 5 3468.0
1988 6 3828.0
1988 7 1240.0
1988 8 4384.0
1988 9 937.0
1988 10 595.0
1988 11 2059.0
1988 12 1146.5
1989 1 234.0
1989 2 514.0
1989 3 596.0
1989 4 5236.0
1989 5 5779.0
1989 6 5596.0
1989 7 2890.0
1989 8 184.0
1989 9 1248.0
1989 10 8674.0
1989 11 1267.0
1989 12 35.0
1990 1 410.0
1990 2 4947.0
1990 3 2028.0
1990 4 1389.0
1990 5 1227.5
1990 6 1066.0
1990 7 4587.0
1990 8 2972.0
1990 9 399.0
1990 10 1679.0
1990 11 1356.0
1990 12 5529.0
1991 1 768.0
1991 2 654.0
1991 3 291.0
1991 4 541.0
1991 5 1556.0
1991 6 2790.0
1991 7 1345.0
1991 8 2344.0
1991 9 1026.0
1991 10 219.0
1991 11 211.66666666666666
1991 12 204.33333333333334
1992 1 197.0
1992 2 110.0
1992 3 263.0
1992 4 1253.5
1992 5 2244.0
1992 6 2516.6666666666665
1992 7 2789.3333333333335
1992 8 3062.0
1992 9 7421.0
1992 10 5592.75
1992 11 3764.5
1992 12 1936.25
1993 1 108.0
1993 2 182.0
1993 3 135.0
1993 4 793.0
1993 5 1943.0
1993 6 1154.0
1993 7 2092.0
1993 8 2446.0
1993 9 1515.0
1993 10 1554.0
1993 11 1967.0
1993 12 2380.0
1994 1 1515.0
1994 2 650.0
1994 3 1720.0
1994 4 2790.0
1994 5 2539.0
1994 6 2288.0
1994 7 2037.0
1994 8 1786.0
1994 9 1488.3333333333333
1994 10 1190.6666666666665
1994 11 893.0
1994 12 1176.0
1995 1 1794.0
1995 2 1200.0
1995 3 1182.5
1995 4 1165.0
1995 5 80.0
1995 6 96.0
1995 7 618.0
1995 8 80.0
1995 9 80.0
1995 10 757.0
1995 11 1917.0
1995 12 80.0
1996 1 80.0
1996 2 80.0
1996 3 80.0
1996 4 80.0
1996 5 770.0
1996 6 145.0
1996 7 80.0
1996 8 1890.0
1996 9 683.0
1996 10 145.0
1996 11 1856.0
1996 12 3567.0
1997 1 280.0
1997 2 573.0
1997 3 4915.0
1997 4 80.0
1997 5 1260.0
1997 6 575.0
1997 7 3326.0
1997 8 575.0
1997 9 3137.0
1997 10 2704.0
1997 11 1319.0
1997 12 2201.0
1998 1 10288.0
1998 2 579.0
1998 3 1474.0
1998 4 5069.0
1998 5 381.0
1998 6 2105.0
1998 7 381.0
1998 8 413.0
1998 9 381.0
1998 10 444.0
1998 11 333.0
1998 12 349.0
1999 1 413.0
1999 2 349.0
1999 3 4528.0
1999 4 80.0
1999 5 3103.0
1999 6 2022.0
1999 7 80.0
1999 8 80.0
1999 9 80.0
1999 10 550.0
1999 11 80.0
1999 12 96.0
2000 1 961.0
2000 2 920.0
2000 3 794.0
2000 4 80.0
2000 5 641.0
2000 6 2483.0
2000 7 80.0
2000 8 413.0
2000 9 684.0
2000 10 6372.0
2000 11 580.0
2000 12 497.0
2001 1 552.0
2001 2 441.0
2001 3 608.0
2001 4 6165.0
2001 5 2336.0
2001 6 1676.0
2001 7 1847.0
2001 8 2038.0
2001 9 2017.0
2001 10 4798.0
2001 11 4185.0
2001 12 2165.0
2002 1 1847.0
2002 2 1826.0
2002 3 3411.0
2002 4 986.0
2002 5 1398.0
2002 6 1316.0
2002 7 3727.0
2002 8 1234.0
2002 9 904.0
2002 10 3750.0
2002 11 824.0
2002 12 144.0
2003 1 80.0
2003 2 1069.0
2003 3 80.0
2003 4 80.0
2003 5 330.0
2003 6 80.0
2003 7 2322.0
2003 8 5585.0
2003 9 280.0
2003 10 160.0
2003 11 4400.0
2003 12 20781.0
2004 1 2330.0
2004 2 255.0
2004 3 330.0
2004 4 2705.0
2004 5 1395.0
2004 6 4081.0
2004 7 2633.0
2004 8 3320.0
2004 9 7252.0
2004 10 2856.0
2004 11 96.0
2004 12 1193.0
2005 1 160.0
2005 2 1027.0
2005 3 2571.0
2005 4 6333.0
2005 5 5590.0
2005 6 4680.0
2005 7 1731.0
2005 8 4473.0
2005 9 15361.0
2005 10 12731.0
2005 11 11514.0
2005 12 1421.0
2006 1 358.0
2006 2 5280.0
2006 3 4654.0
2006 4 10672.0
2006 5 8625.0
2006 6 1667.0
2006 7 13360.0
2006 8 12763.0
2006 9 7467.0
2006 10 832.0
2006 11 7958.0
2006 12 3623.0
2007 1 3950.0
2007 2 2185.0
2007 3 1208.0
2007 4 9405.0
2007 5 8615.0
2007 6 3377.0
2007 7 2603.0
2007 8 1412.0
2007 9 3034.0
2007 10 1169.0
2007 11 548.0
2007 12 9840.0
2008 1 1658.0
2008 2 1766.0
2008 3 13228.0
2008 4 2796.0
2008 5 1706.0
2008 6 2854.0
2008 7 1452.0
2008 8 1050.0
2008 9 3106.0
2008 10 4231.0
2008 11 1290.0
2008 12 5709.0
2009 1 80.0
2009 2 80.0
2009 3 80.0
2009 4 1170.0
2009 5 4616.0
2009 6 80.0
2009 7 10179.0
2009 8 2398.0
2009 9 4361.0
2009 10 80.0
2009 11 395.0
2009 12 2323.0
2010 1 80.0
2010 2 395.0
2010 3 735.0
2010 4 6396.0
2010 5 524.0
2010 6 1529.0
2010 7 3022.0
2010 8 1469.0
2010 9 1236.0
2010 10 1807.0
2010 11 1653.0
2010 12 1328.0
2011 1 6126.0
2011 2 315.0
2011 3 395.0
2011 4 960.0
2011 5 5224.0
2011 6 2978.0
2011 7 3679.0
2011 8 395.0
2011 9 315.0
2011 10 2363.0
2011 11 5418.0
2011 12 2051.0
2012 1 8501.0
2012 2 2652.0
2012 3 5088.0
2012 4 3338.0
2012 5 1945.0
2012 6 8906.0
2012 7 1751.0
2012 8 6035.0
2012 9 5779.0
2012 10 2630.0
2012 11 3590.0
2012 12 8050.0
2013 1 5676.0
2013 2 8192.0
2013 3 3422.0
2013 4 7339.0
2013 5 7069.0
2013 6 2312.0
2013 7 4648.0
2013 8 5463.0
2013 9 7075.0
2013 10 11887.0
2013 11 12636.0
2013 12 7108.0
2014 1 112.0
2014 2 5434.0
2014 3 2022.0
2014 4 3305.0
2014 5 4015.0
2014 6 4044.0
2014 7 5751.0
2014 8 3606.0
2014 9 2999.0
2014 10 13379.0
2014 11 4926.0
2014 12 13512.0
2015 1 2450.0
2015 2 5074.0
2015 3 6728.0
2015 4 6541.0
2015 5 7743.0
2015 6 4127.0
2015 7 4133.0
2015 8 30005.0
2015 9 2324.0
2015 10 7961.0
2015 11 8157.0
2015 12 6503.0
2016 1 1903.0
2016 2 6082.0
2016 3 2650.0
2016 4 4027.0
2016 5 3054.0
2016 6 1141.0
2016 7 3764.0
2016 8 6613.0
2016 9 5873.0
2016 10 10810.0
2016 11 3475.0
2016 12 2384.0
2017 1 2581.0
2017 2 5945.0
2017 3 6052.0
2017 4 4468.0
2017 5 4745.0
2017 6 11036.0
2017 7 7076.0
2017 8 13468.0
2017 9 4925.0
2017 10 1485.0
2017 11 4758.0
2017 12 16169.0
2018 1 3853.0
2018 2 803.0
2018 3 2364.0
2018 4 5002.0
2018 5 6920.0
2018 6 393.0
2018 7 1482.0
2018 8 3148.0
2018 9 2288.0
2018 10 1719.0
2018 11 2977.0
2018 12 4565.0
2019 1 4165.0
2019 2 5756.0
2019 3 2183.0
2019 4 4526.0
2019 5 4768.0
2019 6 6076.0
2019 7 4124.0
2019 8 3400.0
2019 9 10725.0
2019 10 3166.0
2019 11 3814.0
2019 12 921.0
2020 1 3311.0
2020 2 2612.0
2020 3 1218.0
2020 4 12439.0
2020 5 418.0
2020 6 16790.0
2020 7 27326.0
2020 8 30280.0
2020 9 1890.0
2020 10 4380.0
2020 11 501.0
2020 12 418.0
2021 1 1137.0
2021 2 2551.0
2021 3 1035.0
2021 4 18616.0
2021 5 20473.0
2021 6 418.0
2021 7 26782.0
2021 8 1249.0
2021 9 3535.0
2021 10 418.0
2021 11 20302.0
2021 12 3826.0
2022 1 4154.0
2022 2 3031.666666666667
2022 3 1909.3333333333335
2022 4 787.0
2022 5 859.0
2022 6 930.0
2022 7 930.0
2022 8 930.0
2022 9 859.0
2022 10 7519.0
2022 11 10366.0
2022 12 4038.0
2023 1 7688.0
2023 2 859.0
2023 3 4055.0
2023 4 5075.0
2023 5 11916.0
2023 6 6910.0
2023 7 10341.0
2023 8 12096.0
2023 9 2130.0
2023 10 2736.0
2023 11 430.0
2023 12 51023.0
2024 1 23607.0
2024 2 430.0
2024 3 2809.0
2024 4 3254.5
2024 5 3700.0
2024 6 9600.0
