1960 5 5182.0
1960 6 6369.0
1960 7 5185.0
1960 8 6636.0
1960 9 4306.0
1960 10 4406.0
1960 11 5100.0
1960 12 6778.0
1961 1 9383.0
1961 2 4911.0
1961 3 13479.0
1961 4 4909.0
1961 5 12547.0
1961 6 10993.0
1961 7 8498.0
1961 8 10662.0
1961 9 13063.0
1961 10 4239.0
1961 11 4162.0
1961 12 4471.0
1962 1 8215.0
1962 2 5455.0
1962 3 8880.0
1962 4 10660.0
1962 5 10249.0
1962 6 11857.0
1962 7 11457.0
1962 8 7163.0
1962 9 12920.0
1962 10 17785.0
1962 11 17776.0
1962 12 9544.0
1963 1 15472.0
1963 2 7986.0
1963 3 9448.0
1963 4 12031.0
1963 5 14983.0
1963 6 15101.0
1963 7 14416.0
1963 8 12415.0
1963 9 15039.0
1963 10 17640.0
1963 11 13894.0
1963 12 9818.0
1964 1 14393.0
1964 2 10807.0
1964 3 16808.0
1964 4 19466.0
1964 5 19755.0
1964 6 25609.0
1964 7 20969.0
1964 8 20674.0
1964 9 15742.0
1964 10 19939.0
1964 11 12230.0
1964 12 21955.0
1965 1 20719.0
1965 2 14613.0
1965 3 19055.0
1965 4 19433.0
1965 5 23294.0
1965 6 26886.0
1965 7 17679.0
1965 8 21358.0
1965 9 35933.0
1965 10 24400.0
1965 11 10567.0
1965 12 33071.0
1966 1 13562.0
1966 2 24882.0
1966 3 21175.0
1966 4 22042.0
1966 5 28695.0
1966 6 16347.0
1966 7 28341.0
1966 8 25997.0
1966 9 22431.0
1966 10 15525.0
1966 11 20971.0
1966 12 21945.0
1967 1 23123.0
1967 2 20771.0
1967 3 19343.0
1967 4 13953.0
1967 5 23309.0
1967 6 32376.0
1967 7 24882.0
1967 8 22196.0
1967 9 30022.0
1967 10 34949.0
1967 11 37815.0
1967 12 31783.0
1968 1 37317.0
1968 2 34867.0
1968 3 45043.0
1968 4 54111.0
1968 5 65766.0
1968 6 49345.0
1968 7 62861.0
1968 8 56511.0
1968 9 46767.0
1968 10 76259.0
1968 11 74491.0
1968 12 89289.0
1969 1 95316.0
1969 2 121428.0
1969 3 88356.0
1969 4 85380.0
1969 5 108720.0
1969 6 87206.0
1969 7 93500.0
1969 8 90444.0
1969 9 77684.0
1969 10 90076.0
1969 11 77244.0
1969 12 72592.0
1970 1 93773.0
1970 2 117625.0
1970 3 65543.0
1970 4 78949.0
1970 5 63081.0
1970 6 79734.0
1970 7 50599.0
1970 8 39407.0
1970 9 39798.0
1970 10 56517.0
1970 11 55943.0
1970 12 60806.0
1971 1 72459.0
1971 2 89818.0
1971 3 80036.0
1971 4 70103.0
1971 5 108801.0
1971 6 102785.0
1971 7 125613.0
1971 8 114077.0
1971 9 100960.0
1971 10 102516.0
1971 11 116056.0
1971 12 149765.0
1972 1 148992.0
1972 2 159260.0
1972 3 199891.0
1972 4 151724.0
1972 5 186809.0
1972 6 222144.0
1972 7 216991.0
1972 8 216463.0
1972 9 424562.0
1972 10 297686.0
1972 11 216086.0
1972 12 313138.0
1973 1 211772.0
1973 2 267043.0
1973 3 246048.0
1973 4 335202.0
1973 5 318748.0
1973 6 503353.0
1973 7 226387.0
1973 8 251077.0
1973 9 158708.0
1973 10 169454.0
1973 11 160338.0
1973 12 170186.0
1974 1 162479.0
1974 2 220414.0
1974 3 214302.0
1974 4 165350.0
1974 5 135379.0
1974 6 109943.0
1974 7 61555.0
1974 8 46148.0
1974 9 62376.0
1974 10 26914.0
1974 11 26502.0
1974 12 38598.0
1975 1 19192.0
1975 2 22016.0
1975 3 14570.0
1975 4 19148.0
1975 5 31388.0
1975 6 24301.0
1975 7 24591.0
1975 8 9217.0
1975 9 15943.0
1975 10 11159.0
1975 11 10639.0
1975 12 16138.0
1976 1 9772.0
1976 2 20781.0
1976 3 24686.0
1976 4 23435.0
1976 5 27674.0
1976 6 23493.0
1976 7 28838.0
1976 8 18671.0
1976 9 25409.0
1976 10 35564.0
1976 11 40989.0
1976 12 31226.0
1977 1 35939.0
1977 2 63588.0
1977 3 56968.0
1977 4 45812.0
1977 5 56912.0
1977 6 60935.0
1977 7 94031.0
1977 8 73241.0
1977 9 65751.0
1977 10 93534.0
1977 11 96373.0
1977 12 78931.0
1978 1 77958.0
1978 2 93711.0
1978 3 115517.0
1978 4 89864.0
1978 5 97388.0
1978 6 124433.0
1978 7 89979.0
1978 8 100542.0
1978 9 123394.0
1978 10 136616.0
1978 11 216533.0
1978 12 112453.0
1979 1 144796.0
1979 2 131487.0
1979 3 333679.0
1979 4 118558.0
1979 5 139888.0
1979 6 145270.0
1979 7 115416.0
1979 8 159587.0
1979 9 185059.0
1979 10 198787.0
1979 11 147209.0
1979 12 159117.0
1980 1 214717.0
1980 2 174341.0
1980 3 320415.0
1980 4 210121.0
1980 5 179786.0
1980 6 228942.0
1980 7 202914.0
1980 8 199559.0
1980 9 317836.0
1980 10 264733.0
1980 11 245189.0
1980 12 316170.0
1981 1 243663.0
1981 2 251944.0
1981 3 269500.0
1981 4 296270.0
1981 5 267177.0
1981 6 194499.0
1981 7 212479.0
1981 8 201409.0
1981 9 178665.0
1981 10 215006.0
1981 11 149469.0
1981 12 122572.0
1982 1 237609.0
1982 2 156837.0
1982 3 135181.0
1982 4 168732.0
1982 5 142576.0
1982 6 137612.0
1982 7 104543.0
1982 8 120503.0
1982 9 131480.0
1982 10 227134.0
1982 11 183173.0
1982 12 139212.0
1983 1 144636.0
1983 2 169200.0
1983 3 257338.0
1983 4 205220.0
1983 5 234216.0
1983 6 269410.0
1983 7 223449.0
1983 8 325052.0
1983 9 304947.0
1983 10 205627.0
1983 11 384423.0
1983 12 235651.0
1984 1 242433.0
1984 2 238307.0
1984 3 297161.0
1984 4 249572.0
1984 5 298801.0
1984 6 276190.0
1984 7 256893.0
1984 8 268846.0
1984 9 178869.0
1984 10 226114.0
1984 11 234296.0
1984 12 288002.0
1985 1 214451.0
1985 2 207063.0
1985 3 252898.0
1985 4 290038.0
1985 5 264965.0
1985 6 220962.0
1985 7 251182.0
1985 8 238707.0
1985 9 367180.0
1985 10 235897.0
1985 11 254797.0
1985 12 303577.0
1986 1 214352.0
1986 2 368777.0
1986 3 218648.0
1986 4 198042.0
1986 5 204339.0
1986 6 307563.0
1986 7 263790.0
1986 8 154584.0
1986 9 192689.0
1986 10 220405.0
1986 11 170822.0
1986 12 206352.0
1987 1 203554.0
1987 2 180846.0
1987 3 207336.0
1987 4 205613.0
1987 5 173618.0
1987 6 260655.0
1987 7 208015.0
1987 8 227959.0
1987 9 178081.0
1987 10 166451.0
1987 11 140332.0
1987 12 196265.0
1988 1 148808.0
1988 2 136696.0
1988 3 194191.0
1988 4 178163.0
1988 5 179052.0
1988 6 308244.0
1988 7 164260.0
1988 8 174913.0
1988 9 176722.0
1988 10 179568.0
1988 11 183748.0
1988 12 195261.0
1989 1 180367.0
1989 2 215922.0
1989 3 150042.0
1989 4 245954.0
1989 5 269406.0
1989 6 305616.0
1989 7 150024.0
1989 8 161067.0
1989 9 124498.0
1989 10 183263.0
1989 11 160434.0
1989 12 167840.0
1990 1 299756.0
1990 2 101043.0
1990 3 183447.0
1990 4 194992.0
1990 5 140552.0
1990 6 228077.0
1990 7 151371.0
1990 8 123277.0
1990 9 127043.0
1990 10 75881.0
1990 11 114904.0
1990 12 101530.0
1991 1 70487.0
1991 2 90998.0
1991 3 70315.0
1991 4 69311.0
1991 5 122751.0
1991 6 124494.0
1991 7 78243.0
1991 8 62300.0
1991 9 76675.0
1991 10 41354.0
1991 11 64415.0
1991 12 116277.0
1992 1 68770.0
1992 2 47201.0
1992 3 114604.0
1992 4 55654.0
1992 5 44035.0
1992 6 91161.0
1992 7 120728.0
1992 8 71273.0
1992 9 78658.0
1992 10 121763.0
1992 11 67601.0
1992 12 54838.0
1993 1 57157.0
1993 2 93445.0
1993 3 62799.0
1993 4 123361.0
1993 5 141509.0
1993 6 129340.0
1993 7 66285.0
1993 8 88962.0
1993 9 177511.0
1993 10 97792.0
1993 11 94474.0
1993 12 185041.0
1994 1 148091.0
1994 2 82442.0
1994 3 126781.0
1994 4 119033.0
1994 5 126179.0
1994 6 154182.0
1994 7 205522.0
1994 8 275763.0
1994 9 145134.0
1994 10 146081.0
1994 11 168788.0
1994 12 144745.0
1995 1 233695.0
1995 2 129042.0
1995 3 161438.0
1995 4 161749.0
1995 5 160406.0
1995 6 199815.0
1995 7 250581.0
1995 8 156124.0
1995 9 200104.0
1995 10 198683.0
1995 11 201464.0
1995 12 211351.0
1996 1 181784.0
1996 2 134353.0
1996 3 148728.0
1996 4 149454.0
1996 5 138442.0
1996 6 149400.0
1996 7 192169.0
1996 8 177931.0
1996 9 226697.0
1996 10 119345.0
1996 11 182049.0
1996 12 144651.0
1997 1 161478.0
1997 2 153944.0
1997 3 230295.0
1997 4 203901.0
1997 5 265834.0
1997 6 214716.0
1997 7 231527.0
1997 8 194499.0
1997 9 260792.0
1997 10 230764.0
1997 11 142117.0
1997 12 160226.0
1998 1 193804.0
1998 2 147111.0
1998 3 261070.0
1998 4 219616.0
1998 5 213047.0
1998 6 226541.0
1998 7 299035.0
1998 8 308157.0
1998 9 252555.0
1998 10 322874.0
1998 11 337021.0
1998 12 247925.0
1999 1 389641.0
1999 2 293584.0
1999 3 313287.0
1999 4 318946.0
1999 5 189734.0
1999 6 341351.0
1999 7 358896.0
1999 8 364849.0
1999 9 277953.0
1999 10 337615.0
1999 11 204409.0
1999 12 355106.0
2000 1 208226.0
2000 2 267885.0
2000 3 227967.0
2000 4 212791.0
2000 5 261431.0
2000 6 350937.0
2000 7 248934.0
2000 8 288502.0
2000 9 334991.0
2000 10 260313.0
2000 11 346683.0
2000 12 284161.0
2001 1 291432.0
2001 2 247891.0
2001 3 443000.0
2001 4 210233.0
2001 5 442709.0
2001 6 258255.0
2001 7 281855.0
2001 8 325706.0
2001 9 304022.0
2001 10 189534.0
2001 11 371424.0
2001 12 315348.0
2002 1 331197.0
2002 2 398644.0
2002 3 286488.0
2002 4 259484.0
2002 5 298710.0
2002 6 416336.0
2002 7 432007.0
2002 8 345880.0
2002 9 218986.0
2002 10 454127.0
2002 11 235220.0
2002 12 304596.0
2003 1 309578.0
2003 2 386135.0
2003 3 331731.0
2003 4 298330.0
2003 5 504011.0
2003 6 333448.0
2003 7 317560.0
2003 8 493748.0
2003 9 363594.0
2003 10 534247.0
2003 11 340404.0
2003 12 454740.0
2004 1 494811.0
2004 2 594984.0
2004 3 442036.0
2004 4 550680.0
2004 5 567972.0
2004 6 400610.0
2004 7 608561.0
2004 8 468679.0
2004 9 405412.0
2004 10 734311.0
2004 11 465037.0
2004 12 566215.0
2005 1 544171.0
2005 2 472484.0
2005 3 910435.0
2005 4 744217.0
2005 5 686427.0
2005 6 817729.0
2005 7 760706.0
2005 8 729159.0
2005 9 897299.0
2005 10 703766.0
2005 11 512387.0
2005 12 915258.0
2006 1 584405.0
2006 2 698530.0
2006 3 797784.0
2006 4 703847.0
2006 5 494215.0
2006 6 568032.0
2006 7 550934.0
2006 8 635402.0
2006 9 520136.0
2006 10 508296.0
2006 11 348858.0
2006 12 249071.0
2007 1 355884.0
2007 2 294958.0
2007 3 505447.0
2007 4 429850.0
2007 5 515705.0
2007 6 349926.0
2007 7 269939.0
2007 8 465805.0
2007 9 186959.0
2007 10 301696.0
2007 11 245809.0
2007 12 242152.0
2008 1 282655.0
2008 2 232220.0
2008 3 179272.0
2008 4 266157.0
2008 5 141557.0
2008 6 226798.0
2008 7 98142.0
2008 8 282422.0
2008 9 253569.0
2008 10 100067.0
2008 11 102437.0
2008 12 158615.0
2009 1 104835.0
2009 2 151881.0
2009 3 130724.0
2009 4 33337.0
2009 5 21071.0
2009 6 92361.0
2009 7 23352.0
2009 8 35096.0
2009 9 44406.0
2009 10 35804.0
2009 11 97981.0
2009 12 82698.0
2010 1 91827.0
2010 2 61394.0
2010 3 95072.0
2010 4 117828.0
2010 5 38154.0
2010 6 68403.0
2010 7 48873.0
2010 8 61750.0
2010 9 54275.0
2010 10 49356.0
2010 11 67944.0
2010 12 83887.0
2011 1 93683.0
2011 2 78367.0
2011 3 156391.0
2011 4 61486.0
2011 5 39068.0
2011 6 96556.0
2011 7 113730.0
2011 8 81201.0
2011 9 87664.0
2011 10 73536.0
2011 11 166806.0
2011 12 133323.0
2012 1 172370.0
2012 2 61498.0
2012 3 169267.0
2012 4 145288.0
2012 5 177487.0
2012 6 152572.0
2012 7 102671.0
2012 8 228608.0
2012 9 427621.0
2012 10 96572.0
2012 11 204479.0
2012 12 101367.0
2013 1 196289.0
2013 2 227691.0
2013 3 278349.0
2013 4 403408.0
2013 5 376098.0
2013 6 171470.0
2013 7 219042.0
2013 8 165749.0
2013 9 200971.0
2013 10 305817.0
2013 11 298096.0
2013 12 279690.0
2014 1 360779.0
2014 2 962360.0
2014 3 170640.0
2014 4 276917.0
2014 5 180141.0
2014 6 324412.0
2014 7 282728.0
2014 8 190962.0
2014 9 176095.0
2014 10 348769.0
2014 11 161395.0
2014 12 353744.0
2015 1 469335.0
2015 2 529803.0
2015 3 522276.0
2015 4 316662.0
2015 5 407052.0
2015 6 466907.0
2015 7 281777.0
2015 8 183464.0
2015 9 564993.0
2015 10 561503.0
2015 11 602353.0
2015 12 718126.0
2016 1 326043.0
2016 2 636055.0
2016 3 407980.0
2016 4 572448.0
2016 5 212228.0
2016 6 416685.0
2016 7 332278.0
2016 8 484640.0
2016 9 431117.0
2016 10 570853.0
2016 11 539178.0
2016 12 500350.0
2017 1 625226.0
2017 2 344395.0
2017 3 244578.0
2017 4 605615.0
2017 5 364216.0
2017 6 580225.0
2017 7 409535.0
2017 8 312086.0
2017 9 275868.0
2017 10 502276.0
2017 11 204617.0
2017 12 373813.0
2018 1 578886.0
2018 2 418812.0
2018 3 466565.0
2018 4 491195.0
2018 5 328509.0
2018 6 596955.0
2018 7 485818.0
2018 8 542277.0
2018 9 383061.0
2018 10 529695.0
2018 11 593032.0
2018 12 613247.0
2019 1 385896.0
2019 2 532560.0
2019 3 728756.0
2019 4 916333.0
2019 5 382008.0
2019 6 359903.0
2019 7 477517.0
2019 8 727366.0
2019 9 780734.0
2019 10 701122.0
2019 11 368216.0
2019 12 770607.0
2020 1 722583.0
2020 2 578304.0
2020 3 505129.0
2020 4 623317.0
2020 5 550066.0
2020 6 575524.0
2020 7 455822.0
2020 8 698877.0
2020 9 586061.0
2020 10 479351.0
2020 11 240652.0
2020 12 435822.0
2021 1 681824.0
2021 2 394270.0
2021 3 509025.0
2021 4 823229.0
2021 5 938114.0
2021 6 643955.0
2021 7 868703.0
2021 8 1186117.0
2021 9 908509.0
2021 10 644882.0
2021 11 657931.0
2021 12 935904.0
2022 1 853478.0
2022 2 682231.0
2022 3 749452.0
2022 4 1000273.0
2022 5 1489268.0
2022 6 1071274.0
2022 7 710055.0
2022 8 762759.0
2022 9 1138446.0
2022 10 805099.0
2022 11 656066.0
2022 12 1099283.0
2023 1 817864.0
2023 2 1241653.0
2023 3 1725378.0
2023 4 791569.0
2023 5 563272.0
2023 6 1412445.0
2023 7 951832.0
2023 8 1071625.0
2023 9 728606.0
2023 10 903086.0
2023 11 813198.0
2023 12 1149712.0
2024 1 907961.0
2024 2 522472.0
2024 3 931926.0
2024 4 858922.0
2024 5 887862.0
2024 6 1020448.0
2024 7 812988.0
2024 8 765869.0
