1960 5 49152.0
1960 6 70153.0
1960 7 42926.0
1960 8 45576.0
1960 9 42228.0
1960 10 42165.0
1960 11 38368.0
1960 12 33453.0
1961 1 39187.0
1961 2 39495.0
1961 3 42428.0
1961 4 41039.0
1961 5 47409.0
1961 6 48546.0
1961 7 45350.0
1961 8 50764.0
1961 9 45548.0
1961 10 50134.0
1961 11 41493.0
1961 12 36902.0
1962 1 48478.0
1962 2 40981.0
1962 3 48128.0
1962 4 43719.0
1962 5 42679.0
1962 6 40327.0
1962 7 38737.0
1962 8 43760.0
1962 9 35852.0
1962 10 42898.0
1962 11 32455.0
1962 12 29844.0
1963 1 40191.0
1963 2 36364.0
1963 3 39778.0
1963 4 43583.0
1963 5 44260.0
1963 6 44116.0
1963 7 46892.0
1963 8 44124.0
1963 9 42348.0
1963 10 47260.0
1963 11 34556.0
1963 12 35738.0
1964 1 40852.0
1964 2 38453.0
1964 3 44412.0
1964 4 43546.0
1964 5 37990.0
1964 6 42314.0
1964 7 43687.0
1964 8 35430.0
1964 9 36849.0
1964 10 35035.0
1964 11 33738.0
1964 12 31128.0
1965 1 33408.0
1965 2 33236.0
1965 3 41603.0
1965 4 42570.0
1965 5 36950.0
1965 6 40573.0
1965 7 38126.0
1965 8 37867.0
1965 9 37203.0
1965 10 38423.0
1965 11 33222.0
1965 12 34160.0
1966 1 31939.0
1966 2 32698.0
1966 3 42795.0
1966 4 36930.0
1966 5 40627.0
1966 6 34739.0
1966 7 32292.0
1966 8 33616.0
1966 9 30962.0
1966 10 28464.0
1966 11 24172.0
1966 12 22661.0
1967 1 28388.0
1967 2 31868.0
1967 3 36176.0
1967 4 33831.0
1967 5 43791.0
1967 6 42053.0
1967 7 38777.0
1967 8 44623.0
1967 9 43538.0
1967 10 42359.0
1967 11 37865.0
1967 12 34192.0
1968 1 44197.0
1968 2 42670.0
1968 3 47736.0
1968 4 49996.0
1968 5 69123.0
1968 6 54894.0
1968 7 61210.0
1968 8 62888.0
1968 9 61010.0
1968 10 58502.0
1968 11 53396.0
1968 12 52998.0
1969 1 65974.0
1969 2 61077.0
1969 3 64011.0
1969 4 79757.0
1969 5 66207.0
1969 6 68375.0
1969 7 71287.0
1969 8 65920.0
1969 9 59213.0
1969 10 64602.0
1969 11 50192.0
1969 12 63760.0
1970 1 51562.0
1970 2 52434.0
1970 3 61031.0
1970 4 66403.0
1970 5 62180.0
1970 6 69832.0
1970 7 67512.0
1970 8 65185.0
1970 9 75543.0
1970 10 72150.0
1970 11 69313.0
1970 12 72540.0
1971 1 73369.0
1971 2 70520.0
1971 3 90479.0
1971 4 89771.0
1971 5 97427.0
1971 6 117563.0
1971 7 99859.0
1971 8 108738.0
1971 9 109227.0
1971 10 93749.0
1971 11 104259.0
1971 12 105050.0
1972 1 126920.0
1972 2 108573.0
1972 3 127459.0
1972 4 127460.0
1972 5 129340.0
1972 6 141445.0
1972 7 126904.0
1972 8 178033.0
1972 9 151315.0
1972 10 191071.0
1972 11 149398.0
1972 12 131400.0
1973 1 151018.0
1973 2 138782.0
1973 3 165782.0
1973 4 157618.0
1973 5 193306.0
1973 6 206605.0
1973 7 154672.0
1973 8 137895.0
1973 9 103157.0
1973 10 120709.0
1973 11 94565.0
1973 12 99286.0
1974 1 117901.0
1974 2 100192.0
1974 3 114545.0
1974 4 124924.0
1974 5 133394.0
1974 6 113372.0
1974 7 111632.0
1974 8 100958.0
1974 9 70716.0
1974 10 76516.0
1974 11 64253.0
1974 12 55017.0
1975 1 57312.0
1975 2 59582.0
1975 3 74874.0
1975 4 95675.0
1975 5 101004.0
1975 6 105069.0
1975 7 115062.0
1975 8 107558.0
1975 9 105310.0
1975 10 114684.0
1975 11 90822.0
1975 12 86111.0
1976 1 102688.0
1976 2 106262.0
1976 3 153520.0
1976 4 149430.0
1976 5 142371.0
1976 6 138016.0
1976 7 141646.0
1976 8 141960.0
1976 9 132985.0
1976 10 130726.0
1976 11 129296.0
1976 12 128844.0
1977 1 144042.0
1977 2 146485.0
1977 3 211590.0
1977 4 192770.0
1977 5 238507.0
1977 6 224246.0
1977 7 207158.0
1977 8 272642.0
1977 9 197554.0
1977 10 226111.0
1977 11 229171.0
1977 12 221566.0
1978 1 240009.0
1978 2 222837.0
1978 3 269328.0
1978 4 256921.0
1978 5 292762.0
1978 6 268159.0
1978 7 217369.0
1978 8 254891.0
1978 9 241204.0
1978 10 254445.0
1978 11 290493.0
1978 12 247155.0
1979 1 249574.0
1979 2 246155.0
1979 3 422819.0
1979 4 275896.0
1979 5 347128.0
1979 6 342290.0
1979 7 303933.0
1979 8 332991.0
1979 9 275062.0
1979 10 335802.0
1979 11 248507.0
1979 12 231261.0
1980 1 266781.0
1980 2 281107.0
1980 3 282985.0
1980 4 236350.0
1980 5 213184.0
1980 6 255175.0
1980 7 288538.0
1980 8 315323.0
1980 9 382952.0
1980 10 375617.0
1980 11 294974.0
1980 12 319295.0
1981 1 295720.0
1981 2 279028.0
1981 3 350046.0
1981 4 357244.0
1981 5 332806.0
1981 6 307679.0
1981 7 278347.0
1981 8 186302.0
1981 9 198752.0
1981 10 153710.0
1981 11 140073.0
1981 12 158011.0
1982 1 156925.0
1982 2 171667.0
1982 3 206233.0
1982 4 184776.0
1982 5 187940.0
1982 6 191604.0
1982 7 176145.0
1982 8 197808.0
1982 9 199499.0
1982 10 210002.0
1982 11 238084.0
1982 12 266166.0
1983 1 271051.0
1983 2 286990.0
1983 3 412030.0
1983 4 360656.0
1983 5 417121.0
1983 6 427709.0
1983 7 398063.0
1983 8 407488.0
1983 9 384401.0
1983 10 398707.0
1983 11 330961.0
1983 12 333023.0
1984 1 364089.0
1984 2 405510.0
1984 3 464094.0
1984 4 473703.0
1984 5 539407.0
1984 6 449102.0
1984 7 434509.0
1984 8 406100.0
1984 9 380081.0
1984 10 368539.0
1984 11 325196.0
1984 12 297901.0
1985 1 387047.0
1985 2 343718.0
1985 3 436329.0
1985 4 455680.0
1985 5 498259.0
1985 6 509115.0
1985 7 490270.0
1985 8 496787.0
1985 9 440728.0
1985 10 490547.0
1985 11 338288.0
1985 12 488837.0
1986 1 399916.0
1986 2 406065.0
1986 3 471746.0
1986 4 543370.0
1986 5 543390.0
1986 6 523262.0
1986 7 568352.0
1986 8 499600.0
1986 9 496735.0
1986 10 504094.0
1986 11 407774.0
1986 12 443610.0
1987 1 510387.0
1987 2 466921.0
1987 3 612124.0
1987 4 638912.0
1987 5 612821.0
1987 6 732735.0
1987 7 603450.0
1987 8 585649.0
1987 9 579515.0
1987 10 519877.0
1987 11 441271.0
1987 12 479903.0
1988 1 479762.0
1988 2 501949.0
1988 3 616738.0
1988 4 581561.0
1988 5 631177.0
1988 6 725274.0
1988 7 623449.0
1988 8 724364.0
1988 9 650976.0
1988 10 603044.0
1988 11 557664.0
1988 12 581037.0
1989 1 647856.0
1989 2 574706.0
1989 3 696778.0
1989 4 642661.0
1989 5 754576.0
1989 6 754365.0
1989 7 630902.0
1989 8 730557.0
1989 9 637535.0
1989 10 608744.0
1989 11 584622.0
1989 12 540490.0
1990 1 601936.0
1990 2 530918.0
1990 3 617032.0
1990 4 576246.0
1990 5 633731.0
1990 6 591266.0
1990 7 571664.0
1990 8 655034.0
1990 9 458247.0
1990 10 509981.0
1990 11 405056.0
1990 12 342699.0
1991 1 394567.0
1991 2 391179.0
1991 3 454969.0
1991 4 548651.0
1991 5 586854.0
1991 6 543811.0
1991 7 589557.0
1991 8 555971.0
1991 9 475999.0
1991 10 536151.0
1991 11 415229.0
1991 12 483003.0
1992 1 474326.0
1992 2 485097.0
1992 3 593287.0
1992 4 648002.0
1992 5 627423.0
1992 6 694518.0
1992 7 709882.0
1992 8 568729.0
1992 9 589872.0
1992 10 626533.0
1992 11 535538.0
1992 12 664083.0
1993 1 542151.0
1993 2 570344.0
1993 3 743787.0
1993 4 718946.0
1993 5 727113.0
1993 6 784711.0
1993 7 784775.0
1993 8 805691.0
1993 9 764275.0
1993 10 690373.0
1993 11 658800.0
1993 12 758550.0
1994 1 727632.0
1994 2 696332.0
1994 3 817695.0
1994 4 776850.0
1994 5 803906.0
1994 6 888162.0
1994 7 777699.0
1994 8 922560.0
1994 9 858750.0
1994 10 662847.0
1994 11 600791.0
1994 12 654883.0
1995 1 638119.0
1995 2 578987.0
1995 3 716432.0
1995 4 646234.0
1995 5 740638.0
1995 6 792492.0
1995 7 680149.0
1995 8 772188.0
1995 9 973755.0
1995 10 648903.0
1995 11 587683.0
1995 12 587069.0
1996 1 658369.0
1996 2 703632.0
1996 3 740176.0
1996 4 800147.0
1996 5 880449.0
1996 6 848816.0
1996 7 820320.0
1996 8 869348.0
1996 9 726827.0
1996 10 789607.0
1996 11 661020.0
1996 12 671172.0
1997 1 748832.0
1997 2 693539.0
1997 3 767153.0
1997 4 836835.0
1997 5 836812.0
1997 6 882828.0
1997 7 815547.0
1997 8 801300.0
1997 9 794418.0
1997 10 863826.0
1997 11 650221.0
1997 12 726803.0
1998 1 740402.0
1998 2 778314.0
1998 3 862512.0
1998 4 919684.0
1998 5 891513.0
1998 6 1024054.0
1998 7 1036257.0
1998 8 1033279.0
1998 9 874724.0
1998 10 901287.0
1998 11 765712.0
1998 12 838876.0
1999 1 875300.0
1999 2 874975.0
1999 3 1101688.0
1999 4 1029359.0
1999 5 1095892.0
1999 6 1153580.0
1999 7 1117081.0
1999 8 1083544.0
1999 9 924240.0
1999 10 942217.0
1999 11 934747.0
1999 12 869577.0
2000 1 961036.0
2000 2 938440.0
2000 3 1142054.0
2000 4 1003151.0
2000 5 1120675.0
2000 6 1254830.0
2000 7 1095579.0
2000 8 1166878.0
2000 9 990874.0
2000 10 1024764.0
2000 11 972295.0
2000 12 944097.0
2001 1 1117856.0
2001 2 1076528.0
2001 3 1264974.0
2001 4 1295453.0
2001 5 1437576.0
2001 6 1416943.0
2001 7 1407125.0
2001 8 1466580.0
2001 9 1143732.0
2001 10 1279907.0
2001 11 1250455.0
2001 12 1132170.0
2002 1 1465628.0
2002 2 1446525.0
2002 3 1512125.0
2002 4 1323702.0
2002 5 1382397.0
2002 6 1421789.0
2002 7 1459718.0
2002 8 1624952.0
2002 9 1352179.0
2002 10 1625765.0
2002 11 1397723.0
2002 12 1404216.0
2003 1 1565536.0
2003 2 1561268.0
2003 3 1650907.0
2003 4 1843959.0
2003 5 1870384.0
2003 6 1971557.0
2003 7 1982962.0
2003 8 1985167.0
2003 9 1897743.0
2003 10 2044455.0
2003 11 1635906.0
2003 12 1980882.0
2004 1 1924236.0
2004 2 1961409.0
2004 3 2441304.0
2004 4 2462529.0
2004 5 2460405.0
2004 6 2686110.0
2004 7 2715358.0
2004 8 2207750.0
2004 9 2003551.0
2004 10 2361204.0
2004 11 2123659.0
2004 12 2263055.0
2005 1 2432700.0
2005 2 2564855.0
2005 3 3142169.0
2005 4 3169346.0
2005 5 2987137.0
2005 6 3418631.0
2005 7 2950333.0
2005 8 3488968.0
2005 9 3686654.0
2005 10 2625719.0
2005 11 2748414.0
2005 12 2536477.0
2006 1 2975837.0
2006 2 2940716.0
2006 3 3377885.0
2006 4 2843253.0
2006 5 2788244.0
2006 6 2680450.0
2006 7 2122644.0
2006 8 2165621.0
2006 9 1746846.0
2006 10 1651657.0
2006 11 1489521.0
2006 12 1406081.0
2007 1 1351833.0
2007 2 1375333.0
2007 3 1569905.0
2007 4 1363693.0
2007 5 1452250.0
2007 6 1441413.0
2007 7 1246754.0
2007 8 1261302.0
2007 9 958694.0
2007 10 933385.0
2007 11 751648.0
2007 12 771463.0
2008 1 826190.0
2008 2 773717.0
2008 3 800262.0
2008 4 812946.0
2008 5 821031.0
2008 6 826999.0
2008 7 814453.0
2008 8 707077.0
2008 9 639799.0
2008 10 633427.0
2008 11 386435.0
2008 12 377573.0
2009 1 392584.0
2009 2 397548.0
2009 3 442033.0
2009 4 433585.0
2009 5 471149.0
2009 6 639127.0
2009 7 618823.0
2009 8 558297.0
2009 9 573006.0
2009 10 581192.0
2009 11 458579.0
2009 12 531697.0
2010 1 594233.0
2010 2 627838.0
2010 3 760437.0
2010 4 662149.0
2010 5 583232.0
2010 6 570564.0
2010 7 568001.0
2010 8 584278.0
2010 9 518738.0
2010 10 477523.0
2010 11 422378.0
2010 12 496940.0
2011 1 485263.0
2011 2 490545.0
2011 3 639545.0
2011 4 635850.0
2011 5 714287.0
2011 6 713512.0
2011 7 699346.0
2011 8 755104.0
2011 9 677788.0
2011 10 651239.0
2011 11 595930.0
2011 12 557186.0
2012 1 659454.0
2012 2 760904.0
2012 3 875781.0
2012 4 788306.0
2012 5 960174.0
2012 6 945985.0
2012 7 1013793.0
2012 8 1025759.0
2012 9 912691.0
2012 10 1080841.0
2012 11 944637.0
2012 12 901658.0
2013 1 1035027.0
2013 2 1106671.0
2013 3 1335943.0
2013 4 1307176.0
2013 5 1425991.0
2013 6 1313435.0
2013 7 1362573.0
2013 8 1365118.0
2013 9 1212819.0
2013 10 1325119.0
2013 11 1111885.0
2013 12 1018943.0
2014 1 1159853.0
2014 2 1083180.0
2014 3 1272005.0
2014 4 1356733.0
2014 5 1416502.0
2014 6 1337353.0
2014 7 1478399.0
2014 8 1342526.0
2014 9 1232466.0
2014 10 1390290.0
2014 11 1076246.0
2014 12 1182239.0
2015 1 1195718.0
2015 2 1235538.0
2015 3 1434078.0
2015 4 1568716.0
2015 5 1485668.0
2015 6 1781758.0
2015 7 1578235.0
2015 8 1469230.0
2015 9 1513532.0
2015 10 1497448.0
2015 11 1276628.0
2015 12 1471864.0
2016 1 1404299.0
2016 2 1436265.0
2016 3 1673752.0
2016 4 1675014.0
2016 5 1789940.0
2016 6 1852297.0
2016 7 1687933.0
2016 8 1995871.0
2016 9 1645336.0
2016 10 1464624.0
2016 11 1374080.0
2016 12 1554598.0
2017 1 1578719.0
2017 2 1605171.0
2017 3 2052713.0
2017 4 1879038.0
2017 5 2048407.0
2017 6 2066023.0
2017 7 1858103.0
2017 8 2084613.0
2017 9 1479069.0
2017 10 1797244.0
2017 11 1646356.0
2017 12 1643409.0
2018 1 1995092.0
2018 2 1720023.0
2018 3 2028396.0
2018 4 2125807.0
2018 5 2211061.0
2018 6 2335178.0
2018 7 2292288.0
2018 8 2135680.0
2018 9 1869192.0
2018 10 2220781.0
2018 11 1902506.0
2018 12 1677253.0
2019 1 2026624.0
2019 2 1943089.0
2019 3 2156474.0
2019 4 1873596.0
2019 5 2332085.0
2019 6 2011439.0
2019 7 2430675.0
2019 8 2468025.0
2019 9 2144406.0
2019 10 2543273.0
2019 11 1916360.0
2019 12 2012184.0
2020 1 2347872.0
2020 2 2316598.0
2020 3 2493430.0
2020 4 2182354.0
2020 5 2111296.0
2020 6 2236649.0
2020 7 2539404.0
2020 8 2583808.0
2020 9 2714107.0
2020 10 3018678.0
2020 11 2377288.0
2020 12 2899589.0
2021 1 2855793.0
2021 2 2756735.0
2021 3 3273888.0
2021 4 3310466.0
2021 5 3271882.0
2021 6 3684658.0
2021 7 3394508.0
2021 8 3274916.0
2021 9 3198754.0
2021 10 2967567.0
2021 11 2851607.0
2021 12 2991579.0
2022 1 3301411.0
2022 2 3305785.0
2022 3 3726139.0
2022 4 3866914.0
2022 5 3616303.0
2022 6 3475980.0
2022 7 2941149.0
2022 8 3297821.0
2022 9 2808282.0
2022 10 2747548.0
2022 11 2495495.0
2022 12 2315713.0
2023 1 2805535.0
2023 2 2546808.0
2023 3 3290043.0
2023 4 2681882.0
2023 5 3444173.0
2023 6 3711150.0
2023 7 3100151.0
2023 8 3677815.0
2023 9 3500423.0
2023 10 3439420.0
2023 11 2861943.0
2023 12 2904720.0
2024 1 3471875.0
2024 2 3094498.0
2024 3 3254747.0
2024 4 3980873.0
2024 5 3955373.0
2024 6 3277617.0
2024 7 3239848.0
2024 8 3474250.0
