1960 5 3100.0
1960 6 3089.0
1960 7 3641.0
1960 8 4673.0
1960 9 2527.0
1960 10 2467.0
1960 11 4016.0
1960 12 5540.0
1961 1 8104.0
1961 2 3646.0
1961 3 11634.0
1961 4 3406.0
1961 5 10079.0
1961 6 9765.0
1961 7 7194.0
1961 8 9026.0
1961 9 11801.0
1961 10 2412.0
1961 11 2598.0
1961 12 3116.0
1962 1 6634.0
1962 2 3830.0
1962 3 7032.0
1962 4 9323.0
1962 5 8452.0
1962 6 10698.0
1962 7 9691.0
1962 8 5560.0
1962 9 11512.0
1962 10 15755.0
1962 11 14891.0
1962 12 7832.0
1963 1 13293.0
1963 2 5964.0
1963 3 6584.0
1963 4 9223.0
1963 5 11934.0
1963 6 12555.0
1963 7 12236.0
1963 8 9131.0
1963 9 12258.0
1963 10 14970.0
1963 11 11227.0
1963 12 7266.0
1964 1 11309.0
1964 2 7782.0
1964 3 13897.0
1964 4 16326.0
1964 5 17056.0
1964 6 22493.0
1964 7 18949.0
1964 8 18054.0
1964 9 13152.0
1964 10 17174.0
1964 11 10147.0
1964 12 19995.0
1965 1 18399.0
1965 2 12081.0
1965 3 16946.0
1965 4 16751.0
1965 5 21023.0
1965 6 25043.0
1965 7 14993.0
1965 8 19218.0
1965 9 33266.0
1965 10 20813.0
1965 11 8216.0
1965 12 29992.0
1966 1 10696.0
1966 2 22669.0
1966 3 18296.0
1966 4 19385.0
1966 5 26262.0
1966 6 14070.0
1966 7 26565.0
1966 8 23496.0
1966 9 20789.0
1966 10 14114.0
1966 11 19056.0
1966 12 20288.0
1967 1 19655.0
1967 2 18496.0
1967 3 16972.0
1967 4 11065.0
1967 5 20579.0
1967 6 28508.0
1967 7 22157.0
1967 8 18123.0
1967 9 26828.0
1967 10 32358.0
1967 11 34222.0
1967 12 28183.0
1968 1 33825.0
1968 2 29634.0
1968 3 41643.0
1968 4 50455.0
1968 5 60747.0
1968 6 45634.0
1968 7 58510.0
1968 8 50755.0
1968 9 42865.0
1968 10 69656.0
1968 11 69351.0
1968 12 84167.0
1969 1 90153.0
1969 2 112904.0
1969 3 81400.0
1969 4 79124.0
1969 5 102276.0
1969 6 81639.0
1969 7 88207.0
1969 8 84698.0
1969 9 71272.0
1969 10 82874.0
1969 11 68236.0
1969 12 66465.0
1970 1 86005.0
1970 2 112201.0
1970 3 57045.0
1970 4 73044.0
1970 5 57413.0
1970 6 71361.0
1970 7 43001.0
1970 8 34826.0
1970 9 31988.0
1970 10 48842.0
1970 11 46353.0
1970 12 48949.0
1971 1 62391.0
1971 2 80101.0
1971 3 65943.0
1971 4 53481.0
1971 5 95252.0
1971 6 85093.0
1971 7 114829.0
1971 8 100721.0
1971 9 89542.0
1971 10 90047.0
1971 11 104087.0
1971 12 137400.0
1972 1 131494.0
1972 2 141438.0
1972 3 184051.0
1972 4 133086.0
1972 5 168891.0
1972 6 206537.0
1972 7 200251.0
1972 8 201870.0
1972 9 406186.0
1972 10 270072.0
1972 11 198729.0
1972 12 290848.0
1973 1 188458.0
1973 2 251820.0
1973 3 225566.0
1973 4 319646.0
1973 5 290776.0
1973 6 477696.0
1973 7 205413.0
1973 8 233471.0
1973 9 149361.0
1973 10 153890.0
1973 11 145176.0
1973 12 162937.0
1974 1 149787.0
1974 2 207782.0
1974 3 195458.0
1974 4 154835.0
1974 5 124801.0
1974 6 98202.0
1974 7 53954.0
1974 8 36510.0
1974 9 58679.0
1974 10 19560.0
1974 11 24496.0
1974 12 34093.0
1975 1 16572.0
1975 2 17357.0
1975 3 10465.0
1975 4 15346.0
1975 5 25541.0
1975 6 16721.0
1975 7 15555.0
1975 8 5564.0
1975 9 8448.0
1975 10 4588.0
1975 11 4106.0
1975 12 10970.0
1976 1 5253.0
1976 2 13516.0
1976 3 15263.0
1976 4 15301.0
1976 5 17360.0
1976 6 13548.0
1976 7 22631.0
1976 8 11693.0
1976 9 14867.0
1976 10 27898.0
1976 11 33251.0
1976 12 24450.0
1977 1 28024.0
1977 2 52242.0
1977 3 42932.0
1977 4 34061.0
1977 5 41623.0
1977 6 46903.0
1977 7 77611.0
1977 8 55299.0
1977 9 51272.0
1977 10 74435.0
1977 11 73421.0
1977 12 63053.0
1978 1 57115.0
1978 2 75487.0
1978 3 93490.0
1978 4 67726.0
1978 5 76657.0
1978 6 94338.0
1978 7 75206.0
1978 8 69246.0
1978 9 100521.0
1978 10 114143.0
1978 11 180355.0
1978 12 87257.0
1979 1 103454.0
1979 2 100256.0
1979 3 281778.0
1979 4 91901.0
1979 5 111717.0
1979 6 109652.0
1979 7 87903.0
1979 8 113972.0
1979 9 141704.0
1979 10 150422.0
1979 11 111343.0
1979 12 127458.0
1980 1 171597.0
1980 2 124486.0
1980 3 282617.0
1980 4 173913.0
1980 5 147390.0
1980 6 191833.0
1980 7 144308.0
1980 8 151252.0
1980 9 252626.0
1980 10 201809.0
1980 11 198692.0
1980 12 272748.0
1981 1 184850.0
1981 2 207653.0
1981 3 205452.0
1981 4 232204.0
1981 5 216303.0
1981 6 146261.0
1981 7 175761.0
1981 8 162882.0
1981 9 147590.0
1981 10 185023.0
1981 11 124239.0
1981 12 87786.0
1982 1 200400.0
1982 2 132154.0
1982 3 106590.0
1982 4 142130.0
1982 5 117943.0
1982 6 107028.0
1982 7 78907.0
1982 8 94730.0
1982 9 102574.0
1982 10 197173.0
1982 11 148551.0
1982 12 99929.0
1983 1 112342.0
1983 2 123069.0
1983 3 199641.0
1983 4 150972.0
1983 5 179186.0
1983 6 207302.0
1983 7 175281.0
1983 8 249738.0
1983 9 247339.0
1983 10 150066.0
1983 11 316223.0
1983 12 178258.0
1984 1 200384.0
1984 2 186114.0
1984 3 237832.0
1984 4 196512.0
1984 5 232601.0
1984 6 215871.0
1984 7 204856.0
1984 8 214603.0
1984 9 129720.0
1984 10 168639.0
1984 11 191566.0
1984 12 248266.0
1985 1 161258.0
1985 2 168666.0
1985 3 204687.0
1985 4 235846.0
1985 5 218563.0
1985 6 187308.0
1985 7 200898.0
1985 8 193435.0
1985 9 318896.0
1985 10 191968.0
1985 11 218941.0
1985 12 260569.0
1986 1 172726.0
1986 2 333300.0
1986 3 184426.0
1986 4 164273.0
1986 5 163307.0
1986 6 255790.0
1986 7 218797.0
1986 8 123345.0
1986 9 154889.0
1986 10 183890.0
1986 11 143939.0
1986 12 169141.0
1987 1 160661.0
1987 2 133245.0
1987 3 168420.0
1987 4 177876.0
1987 5 127338.0
1987 6 217158.0
1987 7 172387.0
1987 8 189130.0
1987 9 149852.0
1987 10 136898.0
1987 11 115179.0
1987 12 151182.0
1988 1 116996.0
1988 2 103999.0
1988 3 164676.0
1988 4 143572.0
1988 5 145267.0
1988 6 269443.0
1988 7 139017.0
1988 8 140497.0
1988 9 149998.0
1988 10 146816.0
1988 11 160972.0
1988 12 157456.0
1989 1 158575.0
1989 2 175310.0
1989 3 122249.0
1989 4 209671.0
1989 5 233976.0
1989 6 266732.0
1989 7 118360.0
1989 8 131669.0
1989 9 102572.0
1989 10 152484.0
1989 11 134834.0
1989 12 148067.0
1990 1 277050.0
1990 2 81265.0
1990 3 165087.0
1990 4 179385.0
1990 5 122667.0
1990 6 214228.0
1990 7 133430.0
1990 8 95493.0
1990 9 110260.0
1990 10 59075.0
1990 11 104377.0
1990 12 90980.0
1991 1 61546.0
1991 2 79469.0
1991 3 51793.0
1991 4 53757.0
1991 5 107706.0
1991 6 107877.0
1991 7 69954.0
1991 8 48646.0
1991 9 61269.0
1991 10 32238.0
1991 11 49843.0
1991 12 109270.0
1992 1 56825.0
1992 2 37023.0
1992 3 99173.0
1992 4 40696.0
1992 5 30435.0
1992 6 73395.0
1992 7 104743.0
1992 8 52448.0
1992 9 60637.0
1992 10 107067.0
1992 11 62509.0
1992 12 36376.0
1993 1 48889.0
1993 2 82049.0
1993 3 44316.0
1993 4 96922.0
1993 5 120175.0
1993 6 102653.0
1993 7 42952.0
1993 8 73983.0
1993 9 157607.0
1993 10 85992.0
1993 11 74785.0
1993 12 161804.0
1994 1 127445.0
1994 2 63048.0
1994 3 109585.0
1994 4 84699.0
1994 5 101087.0
1994 6 124066.0
1994 7 184678.0
1994 8 255186.0
1994 9 127726.0
1994 10 127825.0
1994 11 149685.0
1994 12 119248.0
1995 1 213774.0
1995 2 112914.0
1995 3 135316.0
1995 4 142802.0
1995 5 123452.0
1995 6 177416.0
1995 7 229027.0
1995 8 130247.0
1995 9 179968.0
1995 10 179613.0
1995 11 182495.0
1995 12 193239.0
1996 1 169488.0
1996 2 105978.0
1996 3 123143.0
1996 4 132200.0
1996 5 105724.0
1996 6 125597.0
1996 7 174695.0
1996 8 153194.0
1996 9 204860.0
1996 10 99366.0
1996 11 153764.0
1996 12 123985.0
1997 1 135445.0
1997 2 126954.0
1997 3 211823.0
1997 4 173353.0
1997 5 238971.0
1997 6 185367.0
1997 7 199867.0
1997 8 161158.0
1997 9 236863.0
1997 10 210428.0
1997 11 120235.0
1997 12 136539.0
1998 1 169419.0
1998 2 119158.0
1998 3 230446.0
1998 4 195193.0
1998 5 186717.0
1998 6 183654.0
1998 7 264411.0
1998 8 270288.0
1998 9 215433.0
1998 10 281580.0
1998 11 310124.0
1998 12 226812.0
1999 1 355097.0
1999 2 255988.0
1999 3 275297.0
1999 4 284925.0
1999 5 162856.0
1999 6 298825.0
1999 7 337453.0
1999 8 315774.0
1999 9 250438.0
1999 10 305080.0
1999 11 175767.0
1999 12 326402.0
2000 1 184439.0
2000 2 231332.0
2000 3 187016.0
2000 4 174116.0
2000 5 228393.0
2000 6 310740.0
2000 7 223808.0
2000 8 247915.0
2000 9 299827.0
2000 10 213385.0
2000 11 326413.0
2000 12 256080.0
2001 1 269617.0
2001 2 202457.0
2001 3 386610.0
2001 4 165225.0
2001 5 373103.0
2001 6 201342.0
2001 7 236483.0
2001 8 285939.0
2001 9 269814.0
2001 10 154473.0
2001 11 320605.0
2001 12 279034.0
2002 1 293926.0
2002 2 346031.0
2002 3 227457.0
2002 4 216116.0
2002 5 251422.0
2002 6 375969.0
2002 7 387895.0
2002 8 291487.0
2002 9 190156.0
2002 10 412078.0
2002 11 185771.0
2002 12 279556.0
2003 1 259614.0
2003 2 343162.0
2003 3 292246.0
2003 4 250972.0
2003 5 454628.0
2003 6 253804.0
2003 7 256341.0
2003 8 420563.0
2003 9 304539.0
2003 10 464414.0
2003 11 294501.0
2003 12 399338.0
2004 1 411022.0
2004 2 522938.0
2004 3 367756.0
2004 4 442814.0
2004 5 481824.0
2004 6 331924.0
2004 7 550882.0
2004 8 433227.0
2004 9 366271.0
2004 10 693174.0
2004 11 415118.0
2004 12 513691.0
2005 1 492889.0
2005 2 410523.0
2005 3 852307.0
2005 4 704329.0
2005 5 628247.0
2005 6 752759.0
2005 7 722518.0
2005 8 644403.0
2005 9 835213.0
2005 10 662235.0
2005 11 461524.0
2005 12 863819.0
2006 1 544174.0
2006 2 641372.0
2006 3 717403.0
2006 4 649321.0
2006 5 418833.0
2006 6 513623.0
2006 7 498096.0
2006 8 561231.0
2006 9 461995.0
2006 10 456801.0
2006 11 315307.0
2006 12 195630.0
2007 1 317613.0
2007 2 257305.0
2007 3 461868.0
2007 4 395354.0
2007 5 484554.0
2007 6 321705.0
2007 7 242584.0
2007 8 445961.0
2007 9 166611.0
2007 10 293202.0
2007 11 211072.0
2007 12 218365.0
2008 1 261961.0
2008 2 213074.0
2008 3 166542.0
2008 4 251075.0
2008 5 125247.0
2008 6 205429.0
2008 7 80190.0
2008 8 263656.0
2008 9 236918.0
2008 10 90491.0
2008 11 96365.0
2008 12 148147.0
2009 1 93577.0
2009 2 139219.0
2009 3 126703.0
2009 4 25028.0
2009 5 10587.0
2009 6 85098.0
2009 7 16468.0
2009 8 25432.0
2009 9 36238.0
2009 10 32341.0
2009 11 90294.0
2009 12 76762.0
2010 1 85723.0
2010 2 52454.0
2010 3 82953.0
2010 4 63409.0
2010 5 31730.0
2010 6 60196.0
2010 7 42976.0
2010 8 53180.0
2010 9 50023.0
2010 10 44361.0
2010 11 60922.0
2010 12 78761.0
2011 1 87972.0
2011 2 73257.0
2011 3 144135.0
2011 4 45088.0
2011 5 26210.0
2011 6 78512.0
2011 7 101668.0
2011 8 55198.0
2011 9 75400.0
2011 10 58546.0
2011 11 157537.0
2011 12 108594.0
2012 1 152471.0
2012 2 39488.0
2012 3 151745.0
2012 4 138794.0
2012 5 163449.0
2012 6 139298.0
2012 7 92503.0
2012 8 218438.0
2012 9 415765.0
2012 10 85840.0
2012 11 188470.0
2012 12 91467.0
2013 1 182244.0
2013 2 205921.0
2013 3 264788.0
2013 4 388119.0
2013 5 354810.0
2013 6 155320.0
2013 7 197867.0
2013 8 147537.0
2013 9 185887.0
2013 10 285877.0
2013 11 276595.0
2013 12 258928.0
2014 1 335592.0
2014 2 944685.0
2014 3 156413.0
2014 4 248105.0
2014 5 164345.0
2014 6 308460.0
2014 7 219716.0
2014 8 168442.0
2014 9 164589.0
2014 10 312840.0
2014 11 145611.0
2014 12 312390.0
2015 1 437565.0
2015 2 496892.0
2015 3 503194.0
2015 4 297820.0
2015 5 389129.0
2015 6 433594.0
2015 7 254420.0
2015 8 168139.0
2015 9 523779.0
2015 10 538700.0
2015 11 584595.0
2015 12 698143.0
2016 1 302772.0
2016 2 617823.0
2016 3 375084.0
2016 4 541801.0
2016 5 186338.0
2016 6 380445.0
2016 7 313251.0
2016 8 449400.0
2016 9 390197.0
2016 10 546635.0
2016 11 514127.0
2016 12 455264.0
2017 1 599115.0
2017 2 312550.0
2017 3 213495.0
2017 4 572581.0
2017 5 331936.0
2017 6 548186.0
2017 7 380965.0
2017 8 287326.0
2017 9 255769.0
2017 10 477109.0
2017 11 189060.0
2017 12 344127.0
2018 1 540420.0
2018 2 387738.0
2018 3 413618.0
2018 4 458367.0
2018 5 295727.0
2018 6 556114.0
2018 7 459075.0
2018 8 480476.0
2018 9 353547.0
2018 10 493257.0
2018 11 564723.0
2018 12 593688.0
2019 1 343461.0
2019 2 492693.0
2019 3 698943.0
2019 4 879221.0
2019 5 342455.0
2019 6 323211.0
2019 7 407042.0
2019 8 690557.0
2019 9 737124.0
2019 10 638181.0
2019 11 337505.0
2019 12 729096.0
2020 1 677704.0
2020 2 530962.0
2020 3 457469.0
2020 4 580252.0
2020 5 507487.0
2020 6 520773.0
2020 7 391481.0
2020 8 659061.0
2020 9 520645.0
2020 10 450151.0
2020 11 205688.0
2020 12 402016.0
2021 1 639440.0
2021 2 320595.0
2021 3 455368.0
2021 4 766574.0
2021 5 857535.0
2021 6 576830.0
2021 7 818708.0
2021 8 1120776.0
2021 9 871644.0
2021 10 605949.0
2021 11 610052.0
2021 12 884320.0
2022 1 818495.0
2022 2 642986.0
2022 3 674506.0
2022 4 939675.0
2022 5 1436588.0
2022 6 1019934.0
2022 7 658482.0
2022 8 699697.0
2022 9 1084153.0
2022 10 741328.0
2022 11 592027.0
2022 12 1054849.0
2023 1 751384.0
2023 2 1177577.0
2023 3 1663638.0
2023 4 715253.0
2023 5 524350.0
2023 6 1353543.0
2023 7 907055.0
2023 8 991002.0
2023 9 680536.0
2023 10 844388.0
2023 11 770142.0
2023 12 1089226.0
2024 1 869233.0
2024 2 474694.0
2024 3 881742.0
2024 4 800534.0
2024 5 830934.0
2024 6 976210.0
2024 7 774578.0
2024 8 708641.0
