1960 5 54334.0
1960 6 76522.0
1960 7 48111.0
1960 8 52212.0
1960 9 46534.0
1960 10 46570.0
1960 11 43468.0
1960 12 40230.0
1961 1 48570.0
1961 2 44405.0
1961 3 55907.0
1961 4 45948.0
1961 5 59956.0
1961 6 59538.0
1961 7 53848.0
1961 8 61426.0
1961 9 58611.0
1961 10 54373.0
1961 11 45655.0
1961 12 41374.0
1962 1 56693.0
1962 2 46436.0
1962 3 57008.0
1962 4 54379.0
1962 5 52928.0
1962 6 52184.0
1962 7 50195.0
1962 8 50922.0
1962 9 48771.0
1962 10 60683.0
1962 11 50230.0
1962 12 39389.0
1963 1 55663.0
1963 2 44350.0
1963 3 49227.0
1963 4 55613.0
1963 5 59242.0
1963 6 59216.0
1963 7 61308.0
1963 8 56539.0
1963 9 57387.0
1963 10 64899.0
1963 11 48450.0
1963 12 45557.0
1964 1 55246.0
1964 2 49260.0
1964 3 61219.0
1964 4 63012.0
1964 5 57745.0
1964 6 67924.0
1964 7 64657.0
1964 8 56104.0
1964 9 52591.0
1964 10 54974.0
1964 11 45967.0
1964 12 53083.0
1965 1 54127.0
1965 2 47849.0
1965 3 60658.0
1965 4 62003.0
1965 5 60244.0
1965 6 67458.0
1965 7 55806.0
1965 8 59225.0
1965 9 73135.0
1965 10 62823.0
1965 11 43789.0
1965 12 67231.0
1966 1 45500.0
1966 2 57579.0
1966 3 63969.0
1966 4 58973.0
1966 5 69322.0
1966 6 51086.0
1966 7 60633.0
1966 8 59613.0
1966 9 53393.0
1966 10 43988.0
1966 11 45143.0
1966 12 44606.0
1967 1 51510.0
1967 2 52640.0
1967 3 55519.0
1967 4 47784.0
1967 5 67100.0
1967 6 74429.0
1967 7 63660.0
1967 8 66819.0
1967 9 73560.0
1967 10 77309.0
1967 11 75680.0
1967 12 65975.0
1968 1 81514.0
1968 2 77537.0
1968 3 92779.0
1968 4 104107.0
1968 5 134889.0
1968 6 104239.0
1968 7 124071.0
1968 8 119398.0
1968 9 107777.0
1968 10 134762.0
1968 11 127887.0
1968 12 142287.0
1969 1 161290.0
1969 2 182506.0
1969 3 152367.0
1969 4 165136.0
1969 5 174928.0
1969 6 155581.0
1969 7 164786.0
1969 8 156364.0
1969 9 136896.0
1969 10 154678.0
1969 11 127436.0
1969 12 136352.0
1970 1 145335.0
1970 2 170059.0
1970 3 126574.0
1970 4 145357.0
1970 5 125261.0
1970 6 149566.0
1970 7 118111.0
1970 8 104591.0
1970 9 115341.0
1970 10 128668.0
1970 11 125256.0
1970 12 133346.0
1971 1 145827.0
1971 2 160337.0
1971 3 170516.0
1971 4 159874.0
1971 5 206229.0
1971 6 220349.0
1971 7 225472.0
1971 8 222815.0
1971 9 210187.0
1971 10 196265.0
1971 11 220315.0
1971 12 254815.0
1972 1 275912.0
1972 2 267833.0
1972 3 327349.0
1972 4 279184.0
1972 5 316150.0
1972 6 363589.0
1972 7 343895.0
1972 8 394496.0
1972 9 575877.0
1972 10 488757.0
1972 11 365484.0
1972 12 444537.0
1973 1 362790.0
1973 2 405825.0
1973 3 411830.0
1973 4 492821.0
1973 5 512054.0
1973 6 709958.0
1973 7 381060.0
1973 8 388971.0
1973 9 261865.0
1973 10 290164.0
1973 11 254903.0
1973 12 269472.0
1974 1 280380.0
1974 2 320606.0
1974 3 328847.0
1974 4 290273.0
1974 5 268773.0
1974 6 223315.0
1974 7 173187.0
1974 8 147106.0
1974 9 133091.0
1974 10 103430.0
1974 11 90755.0
1974 12 93615.0
1975 1 76504.0
1975 2 81598.0
1975 3 89444.0
1975 4 114823.0
1975 5 132392.0
1975 6 129370.0
1975 7 139653.0
1975 8 116775.0
1975 9 121252.0
1975 10 125842.0
1975 11 101461.0
1975 12 102249.0
1976 1 112460.0
1976 2 127043.0
1976 3 178206.0
1976 4 172865.0
1976 5 170045.0
1976 6 161509.0
1976 7 170484.0
1976 8 160632.0
1976 9 158394.0
1976 10 166290.0
1976 11 170285.0
1976 12 160070.0
1977 1 179981.0
1977 2 210073.0
1977 3 268558.0
1977 4 238582.0
1977 5 295419.0
1977 6 285181.0
1977 7 301190.0
1977 8 345883.0
1977 9 263305.0
1977 10 319645.0
1977 11 325545.0
1977 12 300497.0
1978 1 317968.0
1978 2 316548.0
1978 3 384845.0
1978 4 346784.0
1978 5 390149.0
1978 6 392592.0
1978 7 307349.0
1978 8 355433.0
1978 9 364599.0
1978 10 391062.0
1978 11 507026.0
1978 12 359608.0
1979 1 394370.0
1979 2 377642.0
1979 3 756492.0
1979 4 394454.0
1979 5 487016.0
1979 6 487559.0
1979 7 419348.0
1979 8 492577.0
1979 9 460121.0
1979 10 534589.0
1979 11 395716.0
1979 12 390378.0
1980 1 481498.0
1980 2 455447.0
1980 3 603401.0
1980 4 446470.0
1980 5 392970.0
1980 6 484117.0
1980 7 491453.0
1980 8 514882.0
1980 9 700789.0
1980 10 640350.0
1980 11 540163.0
1980 12 635466.0
1981 1 539383.0
1981 2 530971.0
1981 3 619546.0
1981 4 653514.0
1981 5 599983.0
1981 6 502178.0
1981 7 490825.0
1981 8 387711.0
1981 9 377417.0
1981 10 368716.0
1981 11 289541.0
1981 12 280583.0
1982 1 394534.0
1982 2 328504.0
1982 3 341415.0
1982 4 353508.0
1982 5 330517.0
1982 6 329215.0
1982 7 280688.0
1982 8 318311.0
1982 9 330979.0
1982 10 437136.0
1982 11 421257.5
1982 12 405379.0
1983 1 415688.0
1983 2 456189.0
1983 3 669368.0
1983 4 565876.0
1983 5 651337.0
1983 6 697119.0
1983 7 621512.0
1983 8 732540.0
1983 9 689348.0
1983 10 604334.0
1983 11 715383.0
1983 12 568674.0
1984 1 606521.0
1984 2 643818.0
1984 3 761255.0
1984 4 723275.0
1984 5 838208.0
1984 6 725292.0
1984 7 691402.0
1984 8 674945.0
1984 9 558951.0
1984 10 594653.0
1984 11 559492.0
1984 12 585903.0
1985 1 601498.0
1985 2 550781.0
1985 3 689228.0
1985 4 745718.0
1985 5 763224.0
1985 6 730076.0
1985 7 741453.0
1985 8 735494.0
1985 9 807909.0
1985 10 726444.0
1985 11 593084.0
1985 12 792414.0
1986 1 614268.0
1986 2 774842.0
1986 3 690394.0
1986 4 741412.0
1986 5 747728.0
1986 6 830825.0
1986 7 832142.0
1986 8 654183.0
1986 9 689423.0
1986 10 724498.0
1986 11 578596.0
1986 12 649962.0
1987 1 713943.0
1987 2 647766.0
1987 3 819460.0
1987 4 844524.0
1987 5 786441.0
1987 6 993391.0
1987 7 811464.0
1987 8 813607.0
1987 9 757596.0
1987 10 686328.0
1987 11 581604.0
1987 12 676168.0
1988 1 628570.0
1988 2 638645.0
1988 3 810929.0
1988 4 759725.0
1988 5 810230.0
1988 6 1033519.0
1988 7 787708.0
1988 8 899276.0
1988 9 827698.0
1988 10 782610.0
1988 11 741412.0
1988 12 776298.0
1989 1 828222.0
1989 2 790629.0
1989 3 846819.0
1989 4 888615.0
1989 5 1023984.0
1989 6 1059983.0
1989 7 780924.0
1989 8 891623.0
1989 9 762034.0
1989 10 792006.0
1989 11 745055.0
1989 12 708330.0
1990 1 901692.0
1990 2 631961.0
1990 3 800479.0
1990 4 771238.0
1990 5 774283.0
1990 6 819343.0
1990 7 723035.0
1990 8 778311.0
1990 9 585290.0
1990 10 585862.0
1990 11 519960.0
1990 12 444229.0
1991 1 465054.0
1991 2 482177.0
1991 3 525284.0
1991 4 617962.0
1991 5 709605.0
1991 6 668305.0
1991 7 667800.0
1991 8 618271.0
1991 9 552674.0
1991 10 577505.0
1991 11 479644.0
1991 12 599280.0
1992 1 543096.0
1992 2 532298.0
1992 3 707891.0
1992 4 703656.0
1992 5 671458.0
1992 6 785679.0
1992 7 830610.0
1992 8 640002.0
1992 9 668530.0
1992 10 748296.0
1992 11 603139.0
1992 12 718921.0
1993 1 599308.0
1993 2 663789.0
1993 3 806586.0
1993 4 842307.0
1993 5 868622.0
1993 6 914051.0
1993 7 851060.0
1993 8 894653.0
1993 9 941786.0
1993 10 788165.0
1993 11 753274.0
1993 12 943591.0
1994 1 875723.0
1994 2 778774.0
1994 3 944476.0
1994 4 895883.0
1994 5 930085.0
1994 6 1042344.0
1994 7 983221.0
1994 8 1198323.0
1994 9 1003884.0
1994 10 808928.0
1994 11 769579.0
1994 12 799628.0
1995 1 871814.0
1995 2 708029.0
1995 3 877870.0
1995 4 807983.0
1995 5 901044.0
1995 6 992307.0
1995 7 930730.0
1995 8 928312.0
1995 9 1173859.0
1995 10 847586.0
1995 11 789147.0
1995 12 798420.0
1996 1 840153.0
1996 2 837985.0
1996 3 888904.0
1996 4 949601.0
1996 5 1018891.0
1996 6 998216.0
1996 7 1012489.0
1996 8 1047279.0
1996 9 953524.0
1996 10 908952.0
1996 11 843069.0
1996 12 815823.0
1997 1 910310.0
1997 2 847483.0
1997 3 997448.0
1997 4 1040736.0
1997 5 1102646.0
1997 6 1097544.0
1997 7 1047074.0
1997 8 995799.0
1997 9 1055210.0
1997 10 1094590.0
1997 11 792338.0
1997 12 887029.0
1998 1 934206.0
1998 2 925425.0
1998 3 1123582.0
1998 4 1139300.0
1998 5 1104560.0
1998 6 1250595.0
1998 7 1335292.0
1998 8 1341436.0
1998 9 1127279.0
1998 10 1224161.0
1998 11 1102733.0
1998 12 1086801.0
1999 1 1264941.0
1999 2 1168559.0
1999 3 1414975.0
1999 4 1348305.0
1999 5 1285626.0
1999 6 1494931.0
1999 7 1475977.0
1999 8 1448393.0
1999 9 1202193.0
1999 10 1279832.0
1999 11 1139156.0
1999 12 1224683.0
2000 1 1169262.0
2000 2 1206325.0
2000 3 1370021.0
2000 4 1215942.0
2000 5 1382106.0
2000 6 1605767.0
2000 7 1344513.0
2000 8 1455380.0
2000 9 1325865.0
2000 10 1285077.0
2000 11 1318978.0
2000 12 1228258.0
2001 1 1409288.0
2001 2 1324419.0
2001 3 1707974.0
2001 4 1505686.0
2001 5 1880285.0
2001 6 1675198.0
2001 7 1688980.0
2001 8 1792286.0
2001 9 1447754.0
2001 10 1469441.0
2001 11 1621879.0
2001 12 1447518.0
2002 1 1796825.0
2002 2 1845169.0
2002 3 1798613.0
2002 4 1583186.0
2002 5 1681107.0
2002 6 1838125.0
2002 7 1891725.0
2002 8 1970832.0
2002 9 1571165.0
2002 10 2079892.0
2002 11 1632943.0
2002 12 1708812.0
2003 1 1875114.0
2003 2 1947403.0
2003 3 1982638.0
2003 4 2142289.0
2003 5 2374395.0
2003 6 2305005.0
2003 7 2300522.0
2003 8 2478915.0
2003 9 2261337.0
2003 10 2578702.0
2003 11 1976310.0
2003 12 2435622.0
2004 1 2419047.0
2004 2 2556393.0
2004 3 2883340.0
2004 4 3013209.0
2004 5 3028377.0
2004 6 3086720.0
2004 7 3323919.0
2004 8 2676429.0
2004 9 2408963.0
2004 10 3095515.0
2004 11 2588696.0
2004 12 2829270.0
2005 1 2976871.0
2005 2 3037339.0
2005 3 4052604.0
2005 4 3913563.0
2005 5 3673564.0
2005 6 4236360.0
2005 7 3711039.0
2005 8 4218127.0
2005 9 4583953.0
2005 10 3329485.0
2005 11 3260801.0
2005 12 3451735.0
2006 1 3560242.0
2006 2 3639246.0
2006 3 4175669.0
2006 4 3547100.0
2006 5 3282459.0
2006 6 3248482.0
2006 7 2673578.0
2006 8 2801023.0
2006 9 2266982.0
2006 10 2159953.0
2006 11 1838379.0
2006 12 1655152.0
2007 1 1707717.0
2007 2 1670291.0
2007 3 2075352.0
2007 4 1793543.0
2007 5 1967955.0
2007 6 1791339.0
2007 7 1516693.0
2007 8 1727107.0
2007 9 1145653.0
2007 10 1235081.0
2007 11 997457.0
2007 12 1013615.0
2008 1 1108845.0
2008 2 1005937.0
2008 3 979534.0
2008 4 1079103.0
2008 5 962588.0
2008 6 1053797.0
2008 7 912595.0
2008 8 989499.0
2008 9 893368.0
2008 10 733494.0
2008 11 488872.0
2008 12 536188.0
2009 1 497419.0
2009 2 549429.0
2009 3 572757.0
2009 4 466922.0
2009 5 492220.0
2009 6 731488.0
2009 7 642175.0
2009 8 593393.0
2009 9 617412.0
2009 10 616996.0
2009 11 556560.0
2009 12 614395.0
2010 1 686060.0
2010 2 689232.0
2010 3 855509.0
2010 4 779977.0
2010 5 621386.0
2010 6 638967.0
2010 7 616874.0
2010 8 646028.0
2010 9 573013.0
2010 10 526879.0
2010 11 490322.0
2010 12 580827.0
2011 1 578946.0
2011 2 568912.0
2011 3 795936.0
2011 4 697336.0
2011 5 753355.0
2011 6 810068.0
2011 7 813076.0
2011 8 836305.0
2011 9 765452.0
2011 10 724775.0
2011 11 762736.0
2011 12 690509.0
2012 1 831824.0
2012 2 822402.0
2012 3 1045048.0
2012 4 933594.0
2012 5 1137661.0
2012 6 1098557.0
2012 7 1116464.0
2012 8 1254367.0
2012 9 1340312.0
2012 10 1177413.0
2012 11 1149116.0
2012 12 1003025.0
2013 1 1231316.0
2013 2 1334362.0
2013 3 1614292.0
2013 4 1710584.0
2013 5 1802089.0
2013 6 1484905.0
2013 7 1581615.0
2013 8 1530867.0
2013 9 1413790.0
2013 10 1630936.0
2013 11 1409981.0
2013 12 1298633.0
2014 1 1520632.0
2014 2 2045540.0
2014 3 1442645.0
2014 4 1633650.0
2014 5 1596643.0
2014 6 1661765.0
2014 7 1761127.0
2014 8 1533488.0
2014 9 1408561.0
2014 10 1739059.0
2014 11 1237641.0
2014 12 1535983.0
2015 1 1665053.0
2015 2 1765341.0
2015 3 1956354.0
2015 4 1885378.0
2015 5 1892720.0
2015 6 2248665.0
2015 7 1860012.0
2015 8 1652694.0
2015 9 2078525.0
2015 10 2058951.0
2015 11 1878981.0
2015 12 2189990.0
2016 1 1730342.0
2016 2 2072320.0
2016 3 2081732.0
2016 4 2247462.0
2016 5 2002168.0
2016 6 2268982.0
2016 7 2020211.0
2016 8 2480511.0
2016 9 2076453.0
2016 10 2035477.0
2016 11 1913258.0
2016 12 2054948.0
2017 1 2203945.0
2017 2 1949566.0
2017 3 2297291.0
2017 4 2484653.0
2017 5 2412623.0
2017 6 2646248.0
2017 7 2267638.0
2017 8 2396699.0
2017 9 1754937.0
2017 10 2299520.0
2017 11 1850973.0
2017 12 2017222.0
2018 1 2573978.0
2018 2 2138835.0
2018 3 2494961.0
2018 4 2617002.0
2018 5 2539570.0
2018 6 2932133.0
2018 7 2778106.0
2018 8 2677957.0
2018 9 2252253.0
2018 10 2750476.0
2018 11 2495538.0
2018 12 2290500.0
2019 1 2412520.0
2019 2 2475649.0
2019 3 2885230.0
2019 4 2789929.0
2019 5 2714093.0
2019 6 2371342.0
2019 7 2908192.0
2019 8 3195391.0
2019 9 2925140.0
2019 10 3244395.0
2019 11 2284576.0
2019 12 2782791.0
2020 1 3070455.0
2020 2 2894902.0
2020 3 2998559.0
2020 4 2805671.0
2020 5 2661362.0
2020 6 2812173.0
2020 7 2995226.0
2020 8 3282685.0
2020 9 3300168.0
2020 10 3498029.0
2020 11 2617940.0
2020 12 3335411.0
2021 1 3537617.0
2021 2 3151005.0
2021 3 3782913.0
2021 4 4133695.0
2021 5 4209996.0
2021 6 4328613.0
2021 7 4263211.0
2021 8 4461033.0
2021 9 4107263.0
2021 10 3612449.0
2021 11 3509538.0
2021 12 3927483.0
2022 1 4154889.0
2022 2 3988016.0
2022 3 4475591.0
2022 4 4867187.0
2022 5 5105571.0
2022 6 4547254.0
2022 7 3651204.0
2022 8 4060580.0
2022 9 3946728.0
2022 10 3552647.0
2022 11 3151561.0
2022 12 3414996.0
2023 1 3623399.0
2023 2 3788461.0
2023 3 5015421.0
2023 4 3473451.0
2023 5 4007445.0
2023 6 5123595.0
2023 7 4051983.0
2023 8 4749440.0
2023 9 4229029.0
2023 10 4342506.0
2023 11 3675141.0
2023 12 4054432.0
2024 1 4379836.0
2024 2 3616970.0
2024 3 4186673.0
2024 4 4839795.0
2024 5 4843235.0
2024 6 4298065.0
2024 7 4052836.0
2024 8 4240119.0
