1960 5 3555.0
1960 6 3480.0
1960 7 811.0
1960 8 315.0
1960 9 3056.0
1960 10 2703.0
1960 11 751.0
1960 12 5735.0
1961 1 1742.0
1961 2 682.0
1961 3 2842.0
1961 4 959.0
1961 5 1694.0
1961 6 946.0
1961 7 1152.0
1961 8 1626.0
1961 9 923.0
1961 10 1666.0
1961 11 658.0
1961 12 1858.0
1962 1 1052.0
1962 2 1839.0
1962 3 1058.0
1962 4 9426.0
1962 5 5758.0
1962 6 2854.0
1962 7 947.0
1962 8 2783.0
1962 9 3202.0
1962 10 3234.0
1962 11 3816.0
1962 12 1706.0
1963 1 2861.0
1963 2 2940.0
1963 3 2675.0
1963 4 6304.0
1963 5 5807.0
1963 6 7038.0
1963 7 5612.0
1963 8 3461.0
1963 9 5406.0
1963 10 4064.0
1963 11 5117.0
1963 12 13475.0
1964 1 2384.0
1964 2 8064.0
1964 3 5653.0
1964 4 4767.0
1964 5 4131.0
1964 6 7735.0
1964 7 2263.0
1964 8 4218.0
1964 9 3250.0
1964 10 4033.0
1964 11 4816.0
1964 12 3515.0
1965 1 2366.0
1965 2 2555.0
1965 3 3736.0
1965 4 7712.0
1965 5 8687.0
1965 6 6820.0
1965 7 5159.0
1965 8 5561.0
1965 9 5124.0
1965 10 2136.0
1965 11 3619.0
1965 12 5768.0
1966 1 3798.0
1966 2 8001.0
1966 3 2430.0
1966 4 9828.0
1966 5 7219.0
1966 6 3505.0
1966 7 5463.0
1966 8 3029.0
1966 9 4131.0
1966 10 2962.0
1966 11 948.0
1966 12 670.0
1967 1 3849.0
1967 2 5009.0
1967 3 7354.0
1967 4 10448.0
1967 5 12385.0
1967 6 11990.0
1967 7 14643.0
1967 8 6814.0
1967 9 9303.0
1967 10 6703.0
1967 11 4136.0
1967 12 3685.0
1968 1 7735.0
1968 2 6680.0
1968 3 9578.0
1968 4 14032.0
1968 5 9913.0
1968 6 14460.0
1968 7 4637.0
1968 8 12732.0
1968 9 8671.0
1968 10 15509.0
1968 11 13081.0
1968 12 16019.0
1969 1 11319.0
1969 2 13503.0
1969 3 8978.0
1969 4 13683.0
1969 5 8648.0
1969 6 21281.0
1969 7 17954.0
1969 8 12329.0
1969 9 18115.0
1969 10 7042.0
1969 11 8836.0
1969 12 7874.0
1970 1 7721.0
1970 2 7234.0
1970 3 15411.0
1970 4 29870.0
1970 5 28581.0
1970 6 10343.0
1970 7 32198.0
1970 8 13986.0
1970 9 10310.0
1970 10 26913.0
1970 11 13794.0
1970 12 21954.0
1971 1 32537.0
1971 2 36640.0
1971 3 26004.0
1971 4 43305.0
1971 5 36299.0
1971 6 35428.0
1971 7 32295.0
1971 8 19029.0
1971 9 18024.0
1971 10 44105.0
1971 11 24503.0
1971 12 8921.0
1972 1 15105.0
1972 2 15082.0
1972 3 25434.0
1972 4 53051.0
1972 5 21935.0
1972 6 39716.0
1972 7 29879.0
1972 8 19622.0
1972 9 21625.0
1972 10 24409.0
1972 11 12358.0
1972 12 33737.0
1973 1 24218.0
1973 2 28212.0
1973 3 10731.0
1973 4 8864.0
1973 5 23599.0
1973 6 24327.0
1973 7 21070.0
1973 8 21992.0
1973 9 10246.0
1973 10 13464.0
1973 11 16056.0
1973 12 9734.0
1974 1 6162.0
1974 2 14956.0
1974 3 15290.0
1974 4 13340.0
1974 5 7446.0
1974 6 5348.0
1974 7 5907.0
1974 8 2745.0
1974 9 1688.0
1974 10 3100.0
1974 11 1583.0
1974 12 2948.0
1975 1 2302.0
1975 2 1814.0
1975 3 1326.0
1975 4 661.0
1975 5 853.0
1975 6 1173.0
1975 7 2217.0
1975 8 5022.0
1975 9 520.0
1975 10 884.0
1975 11 173.0
1975 12 1149.5
1976 1 2126.0
1976 2 334.0
1976 3 5919.0
1976 4 1080.0
1976 5 3291.0
1976 6 1729.5
1976 7 168.0
1976 8 2538.0
1976 9 1150.0
1976 10 1154.0
1976 11 1953.0
1976 12 3431.0
1977 1 1075.0
1977 2 753.0
1977 3 4825.0
1977 4 9523.0
1977 5 11932.0
1977 6 10687.0
1977 7 10793.0
1977 8 3264.0
1977 9 10092.0
1977 10 10585.0
1977 11 1625.0
1977 12 8813.0
1978 1 2749.0
1978 2 1688.0
1978 3 3627.0
1978 4 17617.0
1978 5 4756.0
1978 6 8606.0
1978 7 8242.0
1978 8 4917.0
1978 9 6880.0
1978 10 2203.0
1978 11 10245.0
1978 12 1132.0
1979 1 15471.0
1979 2 7922.0
1979 3 12130.0
1979 4 29994.0
1979 5 10790.0
1979 6 3161.0
1979 7 3840.0
1979 8 8249.0
1979 9 13590.0
1979 10 16392.0
1979 11 3186.0
1979 12 8452.0
1980 1 4358.0
1980 2 1915.0
1980 3 4071.0
1980 4 6135.0
1980 5 9883.0
1980 6 9381.0
1980 7 14536.0
1980 8 18716.0
1980 9 21121.0
1980 10 15844.0
1980 11 8242.0
1980 12 10663.0
1981 1 2233.0
1981 2 8543.0
1981 3 7191.0
1981 4 9071.0
1981 5 32024.0
1981 6 5082.0
1981 7 11886.0
1981 8 3113.0
1981 9 13785.0
1981 10 2053.0
1981 11 7783.0
1981 12 20573.0
1982 1 25136.0
1982 2 9392.0
1982 3 29059.0
1982 4 13953.0
1982 5 15470.0
1982 6 16432.0
1982 7 25165.0
1982 8 18690.0
1982 9 16050.0
1982 10 17206.0
1982 11 28949.0
1982 12 40692.0
1983 1 35988.0
1983 2 17605.0
1983 3 36691.0
1983 4 57924.0
1983 5 37453.0
1983 6 48046.0
1983 7 39949.0
1983 8 42017.0
1983 9 44487.0
1983 10 40298.0
1983 11 35429.0
1983 12 34885.0
1984 1 28424.0
1984 2 44097.0
1984 3 45027.0
1984 4 62023.0
1984 5 62808.0
1984 6 87683.0
1984 7 38585.0
1984 8 73147.0
1984 9 40457.0
1984 10 15714.0
1984 11 19890.0
1984 12 19394.0
1985 1 25861.0
1985 2 35283.0
1985 3 31169.0
1985 4 55216.0
1985 5 35168.0
1985 6 52861.0
1985 7 45181.0
1985 8 53798.0
1985 9 73853.0
1985 10 39741.0
1985 11 27229.0
1985 12 67936.0
1986 1 37533.0
1986 2 40598.0
1986 3 56781.0
1986 4 55082.0
1986 5 40281.0
1986 6 55495.0
1986 7 29635.0
1986 8 59369.0
1986 9 67245.0
1986 10 52487.0
1986 11 41908.0
1986 12 40459.0
1987 1 14274.0
1987 2 44422.0
1987 3 13592.0
1987 4 26110.0
1987 5 23429.0
1987 6 56487.0
1987 7 43738.0
1987 8 31740.0
1987 9 67868.0
1987 10 18286.0
1987 11 27659.0
1987 12 18363.0
1988 1 19338.0
1988 2 31733.0
1988 3 54659.0
1988 4 57175.0
1988 5 47688.0
1988 6 63048.0
1988 7 24456.0
1988 8 40528.0
1988 9 31283.0
1988 10 63532.0
1988 11 48437.0
1988 12 70956.0
1989 1 26788.0
1989 2 33288.0
1989 3 25906.0
1989 4 20997.0
1989 5 40016.0
1989 6 45617.0
1989 7 28137.0
1989 8 45614.0
1989 9 46154.0
1989 10 47534.0
1989 11 33183.0
1989 12 53360.0
1990 1 82194.0
1990 2 8236.0
1990 3 11996.0
1990 4 2048.0
1990 5 8771.0
1990 6 6599.0
1990 7 16452.0
1990 8 62755.0
1990 9 6119.0
1990 10 8864.0
1990 11 2281.0
1990 12 7653.0
1991 1 2634.0
1991 2 6756.0
1991 3 4795.0
1991 4 8215.0
1991 5 722.0
1991 6 556.0
1991 7 17744.0
1991 8 2530.0
1991 9 15010.0
1991 10 11341.0
1991 11 24074.0
1991 12 6423.0
1992 1 1832.0
1992 2 1237.0
1992 3 4322.0
1992 4 164.0
1992 5 2443.0
1992 6 15874.0
1992 7 8927.0
1992 8 1242.0
1992 9 7062.0
1992 10 692.0
1992 11 326.0
1992 12 2283.0
1993 1 24633.0
1993 2 976.0
1993 3 31399.0
1993 4 3246.0
1993 5 985.0
1993 6 8041.0
1993 7 13719.0
1993 8 20204.0
1993 9 33078.0
1993 10 21112.0
1993 11 8720.0
1993 12 19956.0
1994 1 10756.0
1994 2 9204.0
1994 3 10758.0
1994 4 24480.0
1994 5 43476.0
1994 6 39173.0
1994 7 30243.0
1994 8 64118.0
1994 9 44154.0
1994 10 31872.0
1994 11 68756.0
1994 12 63665.0
1995 1 51097.0
1995 2 21925.0
1995 3 60565.0
1995 4 35787.0
1995 5 42585.0
1995 6 97100.0
1995 7 64249.0
1995 8 82455.0
1995 9 57451.0
1995 10 34065.0
1995 11 15187.0
1995 12 75411.0
1996 1 36881.0
1996 2 40310.0
1996 3 19203.0
1996 4 40162.0
1996 5 69910.0
1996 6 43152.0
1996 7 30882.0
1996 8 120862.0
1996 9 60326.0
1996 10 11690.0
1996 11 4905.0
1996 12 86053.0
1997 1 33686.0
1997 2 5082.0
1997 3 60254.0
1997 4 75568.0
1997 5 64171.0
1997 6 51801.0
1997 7 88165.0
1997 8 70726.0
1997 9 19817.0
1997 10 64938.0
1997 11 46744.0
1997 12 28755.0
1998 1 38980.0
1998 2 58220.0
1998 3 73508.0
1998 4 55994.0
1998 5 88229.0
1998 6 36312.0
1998 7 59870.0
1998 8 83966.0
1998 9 55045.0
1998 10 73294.0
1998 11 63561.0
1998 12 62968.0
1999 1 34511.0
1999 2 56605.0
1999 3 38489.0
1999 4 76149.0
1999 5 13201.0
1999 6 93778.0
1999 7 49874.0
1999 8 65816.0
1999 9 48330.0
1999 10 72194.0
1999 11 92958.0
1999 12 76769.0
2000 1 95569.0
2000 2 78998.0
2000 3 58911.0
2000 4 148260.0
2000 5 73712.0
2000 6 122946.0
2000 7 115724.0
2000 8 83231.0
2000 9 77824.0
2000 10 22169.0
2000 11 71054.0
2000 12 129291.0
2001 1 89919.0
2001 2 104886.0
2001 3 52814.0
2001 4 90803.0
2001 5 101547.0
2001 6 127608.0
2001 7 149146.0
2001 8 84038.0
2001 9 68929.0
2001 10 97092.0
2001 11 63020.0
2001 12 72435.0
2002 1 78187.0
2002 2 60411.0
2002 3 104878.0
2002 4 106548.0
2002 5 123961.0
2002 6 135417.0
2002 7 151742.0
2002 8 19221.0
2002 9 71441.0
2002 10 126245.0
2002 11 60674.0
2002 12 89693.0
2003 1 81911.0
2003 2 17239.0
2003 3 102210.0
2003 4 75023.0
2003 5 17880.0
2003 6 48246.0
2003 7 92539.0
2003 8 86368.0
2003 9 115562.0
2003 10 97140.0
2003 11 54959.0
2003 12 60749.0
2004 1 108592.0
2004 2 45356.0
2004 3 63273.0
2004 4 50986.0
2004 5 148961.0
2004 6 5152.0
2004 7 173869.0
2004 8 87059.0
2004 9 37193.0
2004 10 113534.0
2004 11 300017.0
2004 12 108083.0
2005 1 30812.0
2005 2 84439.0
2005 3 28298.0
2005 4 76083.0
2005 5 169857.0
2005 6 41268.0
2005 7 50499.0
2005 8 130677.0
2005 9 98675.0
2005 10 69081.0
2005 11 54651.0
2005 12 42552.0
2006 1 150827.0
2006 2 67778.0
2006 3 135393.0
2006 4 128990.0
2006 5 226691.0
2006 6 40953.0
2006 7 66968.0
2006 8 184605.0
2006 9 40408.0
2006 10 133726.0
2006 11 89628.0
2006 12 82807.0
2007 1 133337.0
2007 2 118445.0
2007 3 111802.0
2007 4 219851.0
2007 5 237067.0
2007 6 99052.0
2007 7 76915.0
2007 8 93883.0
2007 9 119620.0
2007 10 67268.0
2007 11 73658.0
2007 12 48521.0
2008 1 70812.0
2008 2 30880.0
2008 3 29431.0
2008 4 21285.0
2008 5 69400.0
2008 6 67646.0
2008 7 68444.0
2008 8 74462.0
2008 9 71524.0
2008 10 79982.0
2008 11 9808.0
2008 12 17021.0
2009 1 8210.0
2009 2 3628.0
2009 3 16495.0
2009 4 9429.0
2009 5 53915.0
2009 6 29514.0
2009 7 2307.0
2009 8 20886.0
2009 9 33390.0
2009 10 8658.0
2009 11 2014.0
2009 12 40067.0
2010 1 7443.0
2010 2 10500.0
2010 3 6126.0
2010 4 23163.0
2010 5 5528.0
2010 6 15860.0
2010 7 66646.0
2010 8 18036.0
2010 9 9457.0
2010 10 2106.0
2010 11 4167.0
2010 12 20728.0
2011 1 8368.0
2011 2 16772.0
2011 3 17210.0
2011 4 14557.0
2011 5 30402.0
2011 6 26418.0
2011 7 13823.0
2011 8 84460.0
2011 9 24057.0
2011 10 24390.0
2011 11 35430.0
2011 12 8526.0
2012 1 65545.0
2012 2 92953.0
2012 3 24132.0
2012 4 57737.0
2012 5 10841.0
2012 6 59776.0
2012 7 49920.0
2012 8 19130.0
2012 9 57347.0
2012 10 90779.0
2012 11 10618.0
2012 12 82144.0
2013 1 14514.0
2013 2 132934.0
2013 3 68643.0
2013 4 67142.0
2013 5 128484.0
2013 6 191058.0
2013 7 45855.0
2013 8 30100.0
2013 9 96180.0
2013 10 73002.0
2013 11 55049.0
2013 12 66195.0
2014 1 5400.0
2014 2 132002.0
2014 3 81693.0
2014 4 48492.0
2014 5 114370.0
2014 6 73063.0
2014 7 122630.0
2014 8 30276.0
2014 9 25308.0
2014 10 108844.0
2014 11 44101.0
2014 12 170664.0
2015 1 24798.0
2015 2 104806.0
2015 3 107101.0
2015 4 98621.0
2015 5 178947.0
2015 6 167926.0
2015 7 153517.0
2015 8 32763.0
2015 9 16672.0
2015 10 100505.0
2015 11 141330.0
2015 12 123071.0
2016 1 171790.0
2016 2 197405.0
2016 3 72423.0
2016 4 77627.0
2016 5 67516.0
2016 6 263619.0
2016 7 79527.0
2016 8 67453.0
2016 9 55856.0
2016 10 195281.0
2016 11 163038.0
2016 12 133233.0
2017 1 236274.0
2017 2 124515.0
2017 3 66178.0
2017 4 32524.0
2017 5 24886.0
2017 6 87720.0
2017 7 162490.0
2017 8 125240.0
2017 9 63095.0
2017 10 84168.0
2017 11 40817.0
2017 12 29044.0
2018 1 182867.0
2018 2 31401.0
2018 3 214309.0
2018 4 81293.0
2018 5 224538.0
2018 6 9860.0
2018 7 128219.0
2018 8 102702.0
2018 9 109377.0
2018 10 337533.0
2018 11 314271.0
2018 12 136857.0
2019 1 67681.0
2019 2 121002.0
2019 3 101966.0
2019 4 154067.0
2019 5 41312.0
2019 6 56163.0
2019 7 56008.0
2019 8 85929.0
2019 9 126849.0
2019 10 227511.0
2019 11 47954.0
2019 12 34381.0
2020 1 116402.0
2020 2 82280.0
2020 3 15013.0
2020 4 18779.0
2020 5 81389.0
2020 6 65182.0
2020 7 32793.0
2020 8 92228.0
2020 9 81626.0
2020 10 62794.0
2020 11 69639.0
2020 12 29193.0
2021 1 111918.0
2021 2 25869.0
2021 3 60144.0
2021 4 125203.0
2021 5 81975.0
2021 6 140694.0
2021 7 72086.0
2021 8 224738.0
2021 9 187356.0
2021 10 122888.0
2021 11 199525.0
2021 12 187496.0
2022 1 112645.0
2022 2 217341.0
2022 3 269637.0
2022 4 289203.0
2022 5 198718.0
2022 6 157392.0
2022 7 347168.0
2022 8 461259.0
2022 9 295727.0
2022 10 354726.0
2022 11 357482.0
2022 12 260359.0
2023 1 512378.0
2023 2 217450.0
2023 3 152290.0
2023 4 192590.0
2023 5 333641.0
2023 6 170165.0
2023 7 177907.0
2023 8 220680.0
2023 9 113600.0
2023 10 198555.0
2023 11 155496.0
2023 12 176583.0
2024 1 151453.0
2024 2 118826.0
2024 3 261132.0
2024 4 250782.0
2024 5 226490.0
2024 6 215603.0
2024 7 140241.0
2024 8 195763.0
