1960 5 19824.0
1960 6 17259.0
1960 7 13054.0
1960 8 14070.0
1960 9 15672.0
1960 10 14072.0
1960 11 11400.0
1960 12 13504.0
1961 1 13603.0
1961 2 11118.0
1961 3 18697.0
1961 4 14848.0
1961 5 18838.0
1961 6 15994.0
1961 7 14197.0
1961 8 16687.0
1961 9 15306.0
1961 10 17956.0
1961 11 14616.0
1961 12 11377.0
1962 1 13847.0
1962 2 16504.0
1962 3 19569.0
1962 4 26757.0
1962 5 24727.0
1962 6 18343.0
1962 7 16255.0
1962 8 19281.0
1962 9 16645.0
1962 10 19450.0
1962 11 22823.0
1962 12 12022.0
1963 1 17309.0
1963 2 19625.0
1963 3 20782.0
1963 4 26148.0
1963 5 27557.0
1963 6 24473.0
1963 7 25364.0
1963 8 22548.0
1963 9 23320.0
1963 10 23799.0
1963 11 21147.0
1963 12 23843.0
1964 1 18650.0
1964 2 25390.0
1964 3 26292.0
1964 4 25955.0
1964 5 28102.0
1964 6 29653.0
1964 7 21827.0
1964 8 22262.0
1964 9 20927.0
1964 10 20535.0
1964 11 19119.0
1964 12 15661.0
1965 1 19973.0
1965 2 18799.0
1965 3 23306.0
1965 4 27156.0
1965 5 29556.0
1965 6 26759.0
1965 7 25685.0
1965 8 24302.0
1965 9 24386.0
1965 10 27943.0
1965 11 21450.0
1965 12 21369.0
1966 1 22153.0
1966 2 23894.0
1966 3 25555.0
1966 4 27609.0
1966 5 24412.0
1966 6 18602.0
1966 7 18270.0
1966 8 16159.0
1966 9 14530.0
1966 10 13087.0
1966 11 9212.0
1966 12 9615.0
1967 1 18482.0
1967 2 19492.0
1967 3 27916.0
1967 4 30884.0
1967 5 36412.0
1967 6 32359.0
1967 7 31937.0
1967 8 27058.0
1967 9 28439.0
1967 10 27517.0
1967 11 21113.0
1967 12 16416.0
1968 1 25460.0
1968 2 28243.0
1968 3 31082.0
1968 4 37056.0
1968 5 37701.0
1968 6 40462.0
1968 7 29933.0
1968 8 38493.0
1968 9 35980.0
1968 10 45488.0
1968 11 36851.0
1968 12 34369.0
1969 1 34901.0
1969 2 36409.0
1969 3 36032.0
1969 4 42051.0
1969 5 33272.0
1969 6 45827.0
1969 7 41291.0
1969 8 33965.0
1969 9 41487.0
1969 10 32144.0
1969 11 26655.0
1969 12 24700.0
1970 1 28828.0
1970 2 31243.0
1970 3 43613.0
1970 4 64336.0
1970 5 62811.0
1970 6 44224.0
1970 7 65547.0
1970 8 48772.0
1970 9 46923.0
1970 10 61458.0
1970 11 42652.0
1970 12 51492.0
1971 1 63347.0
1971 2 66566.0
1971 3 73456.0
1971 4 95985.0
1971 5 89370.0
1971 6 87158.0
1971 7 86082.0
1971 8 74124.0
1971 9 64647.0
1971 10 84896.0
1971 11 69992.0
1971 12 42444.0
1972 1 64234.0
1972 2 63271.0
1972 3 78257.0
1972 4 108325.0
1972 5 82932.0
1972 6 91231.0
1972 7 82364.0
1972 8 73086.0
1972 9 73967.0
1972 10 77620.0
1972 11 61520.0
1972 12 74365.0
1973 1 68822.0
1973 2 88075.0
1973 3 76708.0
1973 4 76855.0
1973 5 101950.0
1973 6 83901.0
1973 7 71932.0
1973 8 65581.0
1973 9 45729.0
1973 10 45575.0
1973 11 58471.0
1973 12 33872.0
1974 1 43133.0
1974 2 58399.0
1974 3 79035.0
1974 4 92184.0
1974 5 57994.0
1974 6 49484.0
1974 7 38526.0
1974 8 31680.0
1974 9 24102.0
1974 10 28106.0
1974 11 22451.0
1974 12 19071.0
1975 1 24789.0
1975 2 29899.0
1975 3 39044.0
1975 4 49549.0
1975 5 47687.0
1975 6 44953.0
1975 7 48875.0
1975 8 47832.0
1975 9 40610.0
1975 10 40850.0
1975 11 32079.0
1975 12 29183.0
1976 1 38901.0
1976 2 47127.0
1976 3 58734.0
1976 4 60745.0
1976 5 49883.0
1976 6 50919.0
1976 7 50625.0
1976 8 52362.0
1976 9 44745.0
1976 10 46354.0
1976 11 43406.0
1976 12 36850.0
1977 1 37109.0
1977 2 57176.0
1977 3 72494.0
1977 4 76112.0
1977 5 88128.0
1977 6 74785.0
1977 7 79233.0
1977 8 66839.0
1977 9 65785.0
1977 10 72037.0
1977 11 55440.0
1977 12 55349.0
1978 1 44271.0
1978 2 73747.0
1978 3 85791.0
1978 4 101388.0
1978 5 97646.0
1978 6 85101.0
1978 7 82389.0
1978 8 91920.0
1978 9 85543.0
1978 10 91330.0
1978 11 79689.0
1978 12 57455.0
1979 1 81844.0
1979 2 75031.0
1979 3 120366.0
1979 4 133112.0
1979 5 134018.0
1979 6 110681.0
1979 7 106477.0
1979 8 125539.0
1979 9 105008.0
1979 10 122122.0
1979 11 68732.0
1979 12 65840.0
1980 1 74321.0
1980 2 84140.0
1980 3 62822.0
1980 4 65477.0
1980 5 78554.0
1980 6 107053.0
1980 7 128412.0
1980 8 132848.0
1980 9 143684.0
1980 10 136797.0
1980 11 81804.0
1980 12 78369.0
1981 1 80269.0
1981 2 83918.0
1981 3 115791.0
1981 4 128137.0
1981 5 106562.0
1981 6 85922.0
1981 7 83428.0
1981 8 77339.0
1981 9 79299.0
1981 10 54433.0
1981 11 56371.0
1981 12 76909.0
1982 1 80880.0
1982 2 79820.0
1982 3 130818.0
1982 4 98926.0
1982 5 111593.0
1982 6 125292.0
1982 7 105639.0
1982 8 117738.0
1982 9 129587.0
1982 10 129732.0
1982 11 136514.5
1982 12 143297.0
1983 1 155153.0
1983 2 139760.0
1983 3 216062.0
1983 4 231974.0
1983 5 243798.0
1983 6 233078.0
1983 7 209116.0
1983 8 227291.0
1983 9 200360.0
1983 10 201072.0
1983 11 197015.0
1983 12 150762.0
1984 1 185510.0
1984 2 244281.0
1984 3 277828.0
1984 4 272236.0
1984 5 281234.0
1984 6 285163.0
1984 7 210319.0
1984 8 263317.0
1984 9 220554.0
1984 10 229674.0
1984 11 198858.0
1984 12 159188.0
1985 1 192037.0
1985 2 202359.0
1985 3 289854.0
1985 4 314485.0
1985 5 294669.0
1985 6 267992.0
1985 7 274670.0
1985 8 306237.0
1985 9 300850.0
1985 10 268206.0
1985 11 233759.0
1985 12 242528.0
1986 1 273911.0
1986 2 282254.0
1986 3 351635.0
1986 4 383401.0
1986 5 360689.0
1986 6 413924.0
1986 7 302791.0
1986 8 294158.0
1986 9 315141.0
1986 10 339514.0
1986 11 211436.0
1986 12 254325.0
1987 1 207786.0
1987 2 304366.0
1987 3 336879.0
1987 4 340516.0
1987 5 291785.0
1987 6 355824.0
1987 7 324932.0
1987 8 290286.0
1987 9 325459.0
1987 10 286596.0
1987 11 235811.0
1987 12 220864.0
1988 1 193786.0
1988 2 324001.0
1988 3 409636.0
1988 4 350989.0
1988 5 346810.0
1988 6 373171.0
1988 7 292247.0
1988 8 330669.0
1988 9 277761.0
1988 10 296867.0
1988 11 260147.0
1988 12 276179.0
1989 1 250371.0
1989 2 265015.0
1989 3 304311.0
1989 4 263252.0
1989 5 293079.0
1989 6 260533.0
1989 7 229178.0
1989 8 323446.0
1989 9 263874.0
1989 10 266749.0
1989 11 220712.0
1989 12 194704.0
1990 1 289156.0
1990 2 211327.0
1990 3 319472.0
1990 4 242653.0
1990 5 236337.0
1990 6 217447.0
1990 7 213517.0
1990 8 278411.0
1990 9 197902.0
1990 10 189955.0
1990 11 159878.0
1990 12 141030.0
1991 1 171197.0
1991 2 237869.0
1991 3 235211.0
1991 4 249146.0
1991 5 251947.0
1991 6 214180.0
1991 7 255350.0
1991 8 235686.0
1991 9 258850.0
1991 10 256470.0
1991 11 203905.0
1991 12 207672.0
1992 1 260846.0
1992 2 297097.0
1992 3 346968.0
1992 4 324438.0
1992 5 297520.0
1992 6 317376.0
1992 7 310167.0
1992 8 281300.0
1992 9 297058.0
1992 10 311363.0
1992 11 232763.0
1992 12 261842.0
1993 1 300137.0
1993 2 321716.0
1993 3 364892.0
1993 4 363236.0
1993 5 343238.0
1993 6 371108.0
1993 7 377410.0
1993 8 434861.0
1993 9 392999.0
1993 10 398596.0
1993 11 364483.0
1993 12 400772.0
1994 1 349878.0
1994 2 400015.0
1994 3 540143.0
1994 4 488168.0
1994 5 501687.0
1994 6 495956.0
1994 7 361079.0
1994 8 532353.0
1994 9 468889.0
1994 10 444798.0
1994 11 450998.0
1994 12 420336.0
1995 1 431685.0
1995 2 377794.0
1995 3 528197.0
1995 4 483744.0
1995 5 520393.0
1995 6 585888.0
1995 7 529505.0
1995 8 620372.0
1995 9 523733.0
1995 10 495948.0
1995 11 448142.0
1995 12 476214.0
1996 1 498689.0
1996 2 522369.0
1996 3 573674.0
1996 4 701748.0
1996 5 646421.0
1996 6 513338.0
1996 7 547503.0
1996 8 605380.0
1996 9 560004.0
1996 10 496772.0
1996 11 428237.0
1996 12 477132.0
1997 1 483769.0
1997 2 440251.0
1997 3 591396.0
1997 4 627872.0
1997 5 593870.0
1997 6 551474.0
1997 7 599304.0
1997 8 557748.0
1997 9 506623.0
1997 10 612782.0
1997 11 414681.0
1997 12 469268.0
1998 1 492102.0
1998 2 586094.0
1998 3 716797.0
1998 4 705744.0
1998 5 679707.0
1998 6 676784.0
1998 7 654157.0
1998 8 757990.0
1998 9 672944.0
1998 10 678753.0
1998 11 585114.0
1998 12 723655.0
1999 1 587091.0
1999 2 711414.0
1999 3 786620.0
1999 4 802834.0
1999 5 650113.0
1999 6 804454.0
1999 7 679357.0
1999 8 771101.0
1999 9 654186.0
1999 10 692791.0
1999 11 679008.0
1999 12 678434.0
2000 1 660988.0
2000 2 723154.0
2000 3 864091.0
2000 4 755299.0
2000 5 836346.0
2000 6 767541.0
2000 7 702446.0
2000 8 791623.0
2000 9 629714.0
2000 10 677767.0
2000 11 662064.0
2000 12 592996.0
2001 1 740249.0
2001 2 750280.0
2001 3 808418.0
2001 4 870140.0
2001 5 886291.0
2001 6 912593.0
2001 7 801748.0
2001 8 800218.0
2001 9 654986.0
2001 10 710148.0
2001 11 632357.0
2001 12 606029.0
2002 1 725035.0
2002 2 742879.0
2002 3 859010.0
2002 4 911291.0
2002 5 993939.0
2002 6 822057.0
2002 7 978011.0
2002 8 772090.0
2002 9 735923.0
2002 10 782841.0
2002 11 643253.0
2002 12 683728.0
2003 1 760815.0
2003 2 713901.0
2003 3 838442.0
2003 4 1044438.0
2003 5 831522.0
2003 6 827173.0
2003 7 935390.0
2003 8 928604.0
2003 9 967974.0
2003 10 953125.0
2003 11 698090.0
2003 12 914517.0
2004 1 913146.0
2004 2 829790.0
2004 3 1191019.0
2004 4 1050121.0
2004 5 1138961.0
2004 6 1016680.0
2004 7 1103678.0
2004 8 1101483.0
2004 9 1020300.0
2004 10 956579.0
2004 11 1080867.0
2004 12 977866.0
2005 1 961458.0
2005 2 931793.0
2005 3 1165665.0
2005 4 1109863.0
2005 5 1520614.0
2005 6 1190928.0
2005 7 1077969.0
2005 8 1479510.0
2005 9 1222647.0
2005 10 1196030.0
2005 11 1030824.0
2005 12 991161.0
2006 1 1156925.0
2006 2 1095872.0
2006 3 1437221.0
2006 4 1236965.0
2006 5 1507932.0
2006 6 1234464.0
2006 7 1074290.0
2006 8 1314533.0
2006 9 911019.0
2006 10 1064671.0
2006 11 948573.0
2006 12 800144.0
2007 1 986520.0
2007 2 922814.0
2007 3 1070678.0
2007 4 1080932.0
2007 5 1090669.0
2007 6 897979.0
2007 7 770328.0
2007 8 816795.0
2007 9 673239.0
2007 10 612435.0
2007 11 510498.0
2007 12 406200.0
2008 1 484042.0
2008 2 458716.0
2008 3 452613.0
2008 4 513974.0
2008 5 539713.0
2008 6 476480.0
2008 7 396154.0
2008 8 363899.0
2008 9 386554.0
2008 10 308555.0
2008 11 150577.0
2008 12 156887.0
2009 1 149614.0
2009 2 183118.0
2009 3 203398.0
2009 4 200696.0
2009 5 247147.0
2009 6 269940.0
2009 7 226879.0
2009 8 250460.0
2009 9 246065.0
2009 10 196099.0
2009 11 168838.0
2009 12 220496.0
2010 1 190024.0
2010 2 207607.0
2010 3 293493.0
2010 4 266314.0
2010 5 200555.0
2010 6 227856.0
2010 7 260699.0
2010 8 219500.0
2010 9 196329.0
2010 10 155888.0
2010 11 170652.0
2010 12 183500.0
2011 1 167579.0
2011 2 207998.0
2011 3 233153.0
2011 4 210106.0
2011 5 274428.0
2011 6 279566.0
2011 7 204905.0
2011 8 316382.0
2011 9 221946.0
2011 10 227362.0
2011 11 229751.0
2011 12 189348.0
2012 1 276100.0
2012 2 351427.0
2012 3 296678.0
2012 4 331276.0
2012 5 306889.0
2012 6 346567.0
2012 7 301152.0
2012 8 338321.0
2012 9 311627.0
2012 10 411107.0
2012 11 243125.0
2012 12 333711.0
2013 1 312658.0
2013 2 474048.0
2013 3 442573.0
2013 4 484545.0
2013 5 614271.0
2013 6 590538.0
2013 7 467419.0
2013 8 440384.0
2013 9 492720.0
2013 10 474319.0
2013 11 404997.0
2013 12 391048.0
2014 1 331273.0
2014 2 477543.0
2014 3 537466.0
2014 4 513366.0
2014 5 578403.0
2014 6 568307.0
2014 7 587635.0
2014 8 568416.0
2014 9 469572.0
2014 10 557435.0
2014 11 422920.0
2014 12 603797.0
2015 1 460223.0
2015 2 594326.0
2015 3 669538.0
2015 4 700518.0
2015 5 762340.0
2015 6 845758.0
2015 7 764450.0
2015 8 589038.0
2015 9 542793.0
2015 10 645652.0
2015 11 600019.0
2015 12 582743.0
2016 1 674424.0
2016 2 797902.0
2016 3 783262.0
2016 4 830619.0
2016 5 764226.0
2016 6 976493.0
2016 7 695512.0
2016 8 767250.0
2016 9 692196.0
2016 10 820226.0
2016 11 727620.0
2016 12 714115.0
2017 1 860250.0
2017 2 795026.0
2017 3 889453.0
2017 4 753351.0
2017 5 879777.0
2017 6 941252.0
2017 7 830953.0
2017 8 897941.0
2017 9 713882.0
2017 10 824535.0
2017 11 651240.0
2017 12 589342.0
2018 1 1089011.0
2018 2 753608.0
2018 3 1106221.0
2018 4 912111.0
2018 5 1103772.0
2018 6 882704.0
2018 7 862911.0
2018 8 892904.0
2018 9 794719.0
2018 10 1079089.0
2018 11 935380.0
2018 12 654944.0
2019 1 797421.0
2019 2 830414.0
2019 3 976412.0
2019 4 915850.0
2019 5 917378.0
2019 6 844347.0
2019 7 879836.0
2019 8 924872.0
2019 9 872129.0
2019 10 1121946.0
2019 11 725863.0
2019 12 750168.0
2020 1 889310.0
2020 2 869220.0
2020 3 824036.0
2020 4 668437.0
2020 5 722180.0
2020 6 889804.0
2020 7 1001970.0
2020 8 1043896.0
2020 9 1122630.0
2020 10 1147893.0
2020 11 982064.0
2020 12 987922.0
2021 1 1057792.0
2021 2 1077139.0
2021 3 1363480.0
2021 4 1296812.0
2021 5 1209387.0
2021 6 1339826.0
2021 7 1045027.0
2021 8 1210360.0
2021 9 1085449.0
2021 10 1081192.0
2021 11 1065929.0
2021 12 1167608.0
2022 1 1064257.0
2022 2 1249472.0
2022 3 1595947.0
2022 4 1439847.0
2022 5 1309686.0
2022 6 1257425.0
2022 7 1240638.0
2022 8 1436076.0
2022 9 1132417.0
2022 10 1420393.0
2022 11 1096027.0
2022 12 862459.0
2023 1 1261708.0
2023 2 984512.0
2023 3 1171062.0
2023 4 1224164.0
2023 5 1519466.0
2023 6 1363636.0
2023 7 1292247.0
2023 8 1408871.0
2023 9 1128184.0
2023 10 1254958.0
2023 11 1025165.0
2023 12 1082349.0
2024 1 1207374.0
2024 2 1230040.0
2024 3 1540661.0
2024 4 1537799.0
2024 5 1486346.0
2024 6 1302117.0
2024 7 1329566.0
2024 8 1422642.0
