1960 5 318.0
1960 6 289.0
1960 7 214.0
1960 8 414.0
1960 9 348.0
1960 10 308.0
1960 11 157.0
1960 12 232.0
1961 1 381.0
1961 2 373.0
1961 3 407.0
1961 4 416.0
1961 5 397.0
1961 6 299.0
1961 7 293.0
1961 8 193.0
1961 9 437.0
1961 10 326.0
1961 11 247.0
1961 12 170.0
1962 1 567.0
1962 2 305.0
1962 3 344.0
1962 4 382.0
1962 5 969.0
1962 6 714.0
1962 7 436.0
1962 8 340.0
1962 9 504.0
1962 10 401.0
1962 11 562.0
1962 12 251.0
1963 1 523.0
1963 2 504.0
1963 3 457.0
1963 4 719.0
1963 5 831.0
1963 6 531.0
1963 7 357.0
1963 8 293.0
1963 9 431.0
1963 10 640.0
1963 11 1367.0
1963 12 548.0
1964 1 1203.0
1964 2 516.0
1964 3 759.0
1964 4 489.0
1964 5 373.0
1964 6 623.0
1964 7 364.0
1964 8 338.0
1964 9 357.0
1964 10 272.0
1964 11 272.0
1964 12 399.0
1965 1 1031.0
1965 2 226.0
1965 3 326.0
1965 4 261.0
1965 5 334.0
1965 6 439.0
1965 7 1031.0
1965 8 1087.0
1965 9 618.0
1965 10 264.0
1965 11 729.0
1965 12 450.0
1966 1 582.0
1966 2 437.0
1966 3 1844.0
1966 4 600.0
1966 5 372.0
1966 6 652.0
1966 7 116.0
1966 8 333.0
1966 9 128.0
1966 10 238.0
1966 11 306.0
1966 12 940.0
1967 1 1012.0
1967 2 630.0
1967 3 567.0
1967 4 747.0
1967 5 3086.0
1967 6 324.0
1967 7 953.0
1967 8 931.0
1967 9 965.0
1967 10 1230.0
1967 11 441.0
1967 12 788.0
1968 1 593.0
1968 2 826.0
1968 3 677.0
1968 4 1748.0
1968 5 1284.0
1968 6 1294.0
1968 7 952.0
1968 8 776.0
1968 9 690.0
1968 10 1362.0
1968 11 851.0
1968 12 610.0
1969 1 682.0
1969 2 920.0
1969 3 561.0
1969 4 649.0
1969 5 666.0
1969 6 577.0
1969 7 2298.0
1969 8 596.0
1969 9 296.0
1969 10 714.0
1969 11 374.0
1969 12 355.0
1970 1 1739.0
1970 2 890.0
1970 3 379.0
1970 4 954.0
1970 5 378.0
1970 6 710.0
1970 7 822.0
1970 8 591.0
1970 9 287.0
1970 10 906.0
1970 11 396.0
1970 12 410.0
1971 1 1158.0
1971 2 825.0
1971 3 1003.0
1971 4 1097.0
1971 5 2791.0
1971 6 963.0
1971 7 1047.0
1971 8 1171.0
1971 9 455.0
1971 10 1445.0
1971 11 1046.0
1971 12 626.0
1972 1 2454.0
1972 2 658.0
1972 3 1467.0
1972 4 539.0
1972 5 1907.0
1972 6 1320.0
1972 7 1141.0
1972 8 2775.0
1972 9 1055.0
1972 10 1492.0
1972 11 2633.0
1972 12 1170.0
1973 1 1501.0
1973 2 2647.0
1973 3 924.0
1973 4 4331.0
1973 5 857.0
1973 6 1112.0
1973 7 941.0
1973 8 3182.0
1973 9 1648.0
1973 10 703.0
1973 11 743.0
1973 12 264.0
1974 1 243.0
1974 2 589.0
1974 3 510.0
1974 4 2286.0
1974 5 1127.0
1974 6 1492.0
1974 7 555.0
1974 8 88.0
1974 9 510.0
1974 10 1075.0
1974 11 85.0
1974 12 110.0
1975 1 211.0
1975 2 133.0
1975 3 234.0
1975 4 720.0
1975 5 520.0
1975 6 521.0
1975 7 493.0
1975 8 413.0
1975 9 1372.0
1975 10 370.0
1975 11 229.0
1975 12 581.0
1976 1 790.0
1976 2 577.0
1976 3 724.0
1976 4 535.0
1976 5 1236.0
1976 6 446.0
1976 7 424.0
1976 8 1901.0
1976 9 701.0
1976 10 411.0
1976 11 559.0
1976 12 1137.0
1977 1 300.0
1977 2 166.0
1977 3 2082.0
1977 4 1563.0
1977 5 451.0
1977 6 1342.0
1977 7 2558.0
1977 8 844.0
1977 9 612.0
1977 10 348.0
1977 11 725.0
1977 12 1128.0
1978 1 733.0
1978 2 2119.0
1978 3 1844.0
1978 4 1161.0
1978 5 2424.0
1978 6 1693.0
1978 7 1845.0
1978 8 921.0
1978 9 2148.0
1978 10 2076.0
1978 11 1312.0
1978 12 814.0
1979 1 983.0
1979 2 738.0
1979 3 1503.0
1979 4 2268.0
1979 5 1813.0
1979 6 2150.0
1979 7 2389.0
1979 8 2171.0
1979 9 2050.0
1979 10 2556.0
1979 11 1162.0
1979 12 667.0
1980 1 1048.0
1980 2 1995.0
1980 3 1460.0
1980 4 849.0
1980 5 2214.0
1980 6 2266.0
1980 7 1958.0
1980 8 2649.0
1980 9 3639.0
1980 10 7809.0
1980 11 3901.0
1980 12 3989.0
1981 1 8020.0
1981 2 3619.0
1981 3 3946.0
1981 4 4614.0
1981 5 2006.0
1981 6 3251.0
1981 7 2766.0
1981 8 5588.0
1981 9 4778.0
1981 10 5096.0
1981 11 4241.0
1981 12 4259.0
1982 1 4466.0
1982 2 4445.0
1982 3 5179.0
1982 4 3711.0
1982 5 6820.0
1982 6 7591.0
1982 7 5179.0
1982 8 5063.0
1982 9 8464.0
1982 10 7776.0
1982 11 7095.0
1982 12 6414.0
1983 1 6340.0
1983 2 5339.0
1983 3 9376.0
1983 4 10448.0
1983 5 9637.0
1983 6 9191.0
1983 7 7759.0
1983 8 8033.0
1983 9 8018.0
1983 10 9009.0
1983 11 7056.0
1983 12 7005.0
1984 1 7663.0
1984 2 6552.0
1984 3 13244.0
1984 4 9953.0
1984 5 14683.0
1984 6 10531.0
1984 7 11403.0
1984 8 11857.0
1984 9 13422.0
1984 10 9452.0
1984 11 13627.0
1984 12 10122.0
1985 1 8558.0
1985 2 10387.0
1985 3 12346.0
1985 4 10948.0
1985 5 10479.0
1985 6 7732.0
1985 7 12648.0
1985 8 17365.0
1985 9 13512.0
1985 10 11205.0
1985 11 26601.0
1985 12 19561.0
1986 1 10207.0
1986 2 9307.0
1986 3 12158.0
1986 4 9513.0
1986 5 8759.0
1986 6 7562.0
1986 7 7903.0
1986 8 8599.0
1986 9 4918.0
1986 10 7675.0
1986 11 3547.0
1986 12 4004.0
1987 1 5012.0
1987 2 2853.0
1987 3 9363.0
1987 4 6816.0
1987 5 4869.0
1987 6 8901.0
1987 7 6056.0
1987 8 6143.0
1987 9 4621.0
1987 10 6912.0
1987 11 4322.0
1987 12 4970.0
1988 1 1818.0
1988 2 11842.0
1988 3 3865.0
1988 4 5042.0
1988 5 6469.0
1988 6 5716.0
1988 7 3022.0
1988 8 4903.0
1988 9 5192.0
1988 10 9049.0
1988 11 4380.0
1988 12 4665.0
1989 1 3065.0
1989 2 2651.0
1989 3 3070.0
1989 4 5128.0
1989 5 4651.0
1989 6 6385.0
1989 7 1857.0
1989 8 6089.0
1989 9 13038.0
1989 10 6190.0
1989 11 2029.0
1989 12 3658.0
1990 1 3624.0
1990 2 6900.0
1990 3 3086.0
1990 4 2555.0
1990 5 4721.0
1990 6 3253.0
1990 7 3124.0
1990 8 2521.0
1990 9 5949.0
1990 10 2781.0
1990 11 5497.0
1990 12 1260.0
1991 1 1094.0
1991 2 3408.0
1991 3 2569.0
1991 4 4003.0
1991 5 2756.0
1991 6 4692.0
1991 7 2904.0
1991 8 1509.0
1991 9 1939.0
1991 10 2683.0
1991 11 1649.0
1991 12 1293.0
1992 1 1755.0
1992 2 1394.0
1992 3 1917.0
1992 4 2832.0
1992 5 5429.0
1992 6 2878.0
1992 7 833.0
1992 8 2377.0
1992 9 2133.0
1992 10 1538.0
1992 11 1344.0
1992 12 1843.0
1993 1 263.0
1993 2 2066.0
1993 3 2098.0
1993 4 2310.0
1993 5 1596.0
1993 6 3271.0
1993 7 2218.0
1993 8 3458.0
1993 9 2632.0
1993 10 6370.0
1993 11 4129.0
1993 12 1488.0
1994 1 2695.0
1994 2 3434.0
1994 3 4660.0
1994 4 2887.0
1994 5 2959.0
1994 6 3080.0
1994 7 2229.0
1994 8 4295.0
1994 9 3976.0
1994 10 6375.0
1994 11 4234.0
1994 12 3800.0
1995 1 2742.0
1995 2 3885.0
1995 3 5963.0
1995 4 12194.0
1995 5 5866.0
1995 6 3375.0
1995 7 2810.0
1995 8 5608.0
1995 9 9207.0
1995 10 2118.0
1995 11 10982.0
1995 12 3517.0
1996 1 2327.0
1996 2 8214.0
1996 3 4361.0
1996 4 5845.0
1996 5 3767.0
1996 6 3964.0
1996 7 6290.0
1996 8 6512.0
1996 9 23831.0
1996 10 4203.0
1996 11 2612.0
1996 12 3548.0
1997 1 3429.0
1997 2 4083.0
1997 3 7469.0
1997 4 12740.0
1997 5 33571.0
1997 6 6154.0
1997 7 8103.0
1997 8 5641.0
1997 9 4329.0
1997 10 5135.0
1997 11 2962.0
1997 12 28192.0
1998 1 2804.0
1998 2 3910.0
1998 3 2934.0
1998 4 7621.0
1998 5 6233.0
1998 6 7850.0
1998 7 6442.0
1998 8 4357.0
1998 9 4557.0
1998 10 6014.0
1998 11 7310.0
1998 12 1714.0
1999 1 1801.0
1999 2 3350.0
1999 3 11117.0
1999 4 13534.0
1999 5 7478.0
1999 6 29228.0
1999 7 10765.0
1999 8 4820.0
1999 9 8736.0
1999 10 4945.0
1999 11 7851.0
1999 12 4321.0
2000 1 6011.0
2000 2 8432.0
2000 3 10315.0
2000 4 2509.0
2000 5 9676.0
2000 6 4138.0
2000 7 4143.0
2000 8 4407.0
2000 9 3479.0
2000 10 6013.0
2000 11 8628.0
2000 12 2057.0
2001 1 9842.0
2001 2 4620.0
2001 3 3216.0
2001 4 11463.0
2001 5 5094.0
2001 6 7300.0
2001 7 5433.0
2001 8 6242.0
2001 9 3058.0
2001 10 8745.0
2001 11 6977.0
2001 12 10379.0
2002 1 5854.0
2002 2 6400.0
2002 3 7929.0
2002 4 4621.0
2002 5 37493.0
2002 6 12097.0
2002 7 14328.0
2002 8 6688.0
2002 9 6432.0
2002 10 6061.0
2002 11 13680.0
2002 12 5183.0
2003 1 6221.0
2003 2 5840.0
2003 3 13463.0
2003 4 10742.0
2003 5 10657.0
2003 6 9060.0
2003 7 9953.0
2003 8 8744.0
2003 9 11365.0
2003 10 12522.0
2003 11 7331.0
2003 12 7443.0
2004 1 8894.0
2004 2 6647.0
2004 3 11998.0
2004 4 11666.0
2004 5 12640.0
2004 6 11422.0
2004 7 20884.0
2004 8 15223.0
2004 9 10785.0
2004 10 13301.0
2004 11 8115.0
2004 12 11099.0
2005 1 4547.0
2005 2 3402.0
2005 3 3813.0
2005 4 5789.0
2005 5 5603.0
2005 6 11163.0
2005 7 5208.0
2005 8 19773.0
2005 9 14037.0
2005 10 14125.0
2005 11 3695.0
2005 12 6958.0
2006 1 12682.0
2006 2 7279.0
2006 3 9610.0
2006 4 9409.0
2006 5 10830.0
2006 6 6020.0
2006 7 7680.0
2006 8 7789.0
2006 9 10683.0
2006 10 8349.0
2006 11 5693.0
2006 12 5332.0
2007 1 7257.0
2007 2 9095.0
2007 3 19510.0
2007 4 7154.0
2007 5 9475.0
2007 6 5978.0
2007 7 9304.0
2007 8 13268.0
2007 9 7902.0
2007 10 3356.0
2007 11 3346.0
2007 12 6058.0
2008 1 3037.0
2008 2 7112.0
2008 3 4512.0
2008 4 7015.0
2008 5 2748.0
2008 6 4976.0
2008 7 2436.0
2008 8 4038.0
2008 9 2376.0
2008 10 3941.0
2008 11 562.0
2008 12 1512.0
2009 1 446.0
2009 2 4160.0
2009 3 1866.0
2009 4 512.0
2009 5 677.0
2009 6 456.0
2009 7 2153.0
2009 8 2276.0
2009 9 1812.0
2009 10 1366.0
2009 11 6688.0
2009 12 1793.0
2010 1 303.0
2010 2 4406.0
2010 3 2716.0
2010 4 2663.0
2010 5 7829.0
2010 6 3873.0
2010 7 733.0
2010 8 566.0
2010 9 2272.0
2010 10 747.0
2010 11 2541.0
2010 12 1516.0
2011 1 682.0
2011 2 1385.0
2011 3 2110.0
2011 4 566.0
2011 5 848.0
2011 6 556.0
2011 7 833.0
2011 8 1412.0
2011 9 4099.0
2011 10 3490.0
2011 11 802.0
2011 12 2241.0
2012 1 4472.0
2012 2 3269.0
2012 3 2002.0
2012 4 597.0
2012 5 422.0
2012 6 3725.0
2012 7 3251.0
2012 8 2899.0
2012 9 286.0
2012 10 908.0
2012 11 2162.0
2012 12 10686.0
2013 1 332.0
2013 2 1592.0
2013 3 4002.0
2013 4 1863.0
2013 5 13307.0
2013 6 2070.0
2013 7 3522.0
2013 8 8196.0
2013 9 2381.0
2013 10 4980.0
2013 11 1959.0
2013 12 3713.0
2014 1 1338.0
2014 2 4229.0
2014 3 4329.0
2014 4 8344.0
2014 5 3961.0
2014 6 5145.0
2014 7 3392.0
2014 8 29705.0
2014 9 5472.0
2014 10 1815.0
2014 11 2472.0
2014 12 2453.0
2015 1 3028.0
2015 2 3998.0
2015 3 2627.0
2015 4 4703.0
2015 5 2627.0
2015 6 4491.0
2015 7 3169.0
2015 8 6277.0
2015 9 3797.0
2015 10 3823.0
2015 11 7341.0
2015 12 3492.0
2016 1 283.0
2016 2 332.0
2016 3 4586.0
2016 4 2004.0
2016 5 7195.0
2016 6 721.0
2016 7 958.0
2016 8 3576.0
2016 9 5411.0
2016 10 3500.0
2016 11 3018.0
2016 12 2940.0
2017 1 3315.0
2017 2 3871.0
2017 3 3241.0
2017 4 1120.0
2017 5 654.0
2017 6 3718.0
2017 7 5826.0
2017 8 9740.0
2017 9 985.0
2017 10 6664.0
2017 11 763.0
2017 12 6706.0
2018 1 5662.0
2018 2 6206.0
2018 3 3270.0
2018 4 3250.0
2018 5 8428.0
2018 6 2676.0
2018 7 8493.0
2018 8 8659.0
2018 9 12072.0
2018 10 4796.0
2018 11 7180.0
2018 12 6759.0
2019 1 6609.0
2019 2 7555.0
2019 3 7547.0
2019 4 5465.0
2019 5 13185.0
2019 6 11249.0
2019 7 17632.0
2019 8 12183.0
2019 9 8105.0
2019 10 13829.0
2019 11 8989.0
2019 12 6148.0
2020 1 14432.0
2020 2 18909.0
2020 3 23727.0
2020 4 1835.0
2020 5 6059.0
2020 6 10544.0
2020 7 9707.0
2020 8 22354.0
2020 9 37506.0
2020 10 10959.0
2020 11 8621.0
2020 12 7015.0
2021 1 7174.0
2021 2 30094.0
2021 3 18874.0
2021 4 15663.0
2021 5 35418.0
2021 6 22315.0
2021 7 33254.0
2021 8 8510.0
2021 9 5867.0
2021 10 10512.0
2021 11 6714.0
2021 12 14596.0
2022 1 18931.0
2022 2 17932.0
2022 3 16197.0
2022 4 10997.0
2022 5 13113.0
2022 6 21345.0
2022 7 12615.0
2022 8 22378.0
2022 9 9505.0
2022 10 16665.0
2022 11 9811.0
2022 12 22140.0
2023 1 10220.0
2023 2 6143.0
2023 3 10556.0
2023 4 15047.0
2023 5 27794.0
2023 6 15794.0
2023 7 15043.0
2023 8 10544.0
2023 9 9229.0
2023 10 21137.0
2023 11 18904.0
2023 12 10097.0
2024 1 15737.0
2024 2 36901.0
2024 3 26067.0
2024 4 20787.0
2024 5 38324.0
2024 6 22444.0
2024 7 12432.0
2024 8 41750.0
