1960 5 15951.0
1960 6 13490.0
1960 7 12029.0
1960 8 13341.0
1960 9 12268.0
1960 10 11061.0
1960 11 10491.0
1960 12 7538.0
1961 1 11479.0
1961 2 10062.0
1961 3 15448.0
1961 4 13473.0
1961 5 16748.0
1961 6 14749.0
1961 7 12752.0
1961 8 14868.0
1961 9 13945.0
1961 10 15964.0
1961 11 13711.0
1961 12 9348.0
1962 1 12227.0
1962 2 14360.0
1962 3 18166.0
1962 4 16950.0
1962 5 18001.0
1962 6 14776.0
1962 7 14872.0
1962 8 16157.0
1962 9 12939.0
1962 10 15815.0
1962 11 18444.0
1962 12 10066.0
1963 1 13925.0
1963 2 16181.0
1963 3 17650.0
1963 4 19126.0
1963 5 20919.0
1963 6 16904.0
1963 7 19395.0
1963 8 18793.0
1963 9 17483.0
1963 10 19094.0
1963 11 14663.0
1963 12 9819.0
1964 1 15062.0
1964 2 16809.0
1964 3 19881.0
1964 4 20699.0
1964 5 23599.0
1964 6 21295.0
1964 7 19200.0
1964 8 17706.0
1964 9 17321.0
1964 10 16230.0
1964 11 14031.0
1964 12 11747.0
1965 1 16576.0
1965 2 16018.0
1965 3 19244.0
1965 4 19182.0
1965 5 20535.0
1965 6 19500.0
1965 7 19495.0
1965 8 17654.0
1965 9 18644.0
1965 10 25543.0
1965 11 17102.0
1965 12 15150.0
1966 1 17773.0
1966 2 15456.0
1966 3 21281.0
1966 4 17181.0
1966 5 16821.0
1966 6 14444.0
1966 7 12690.0
1966 8 12797.0
1966 9 10271.0
1966 10 9887.0
1966 11 7959.0
1966 12 8005.0
1967 1 13621.0
1967 2 13854.0
1967 3 19994.0
1967 4 19689.0
1967 5 20940.0
1967 6 20046.0
1967 7 16341.0
1967 8 19314.0
1967 9 18172.0
1967 10 19584.0
1967 11 16536.0
1967 12 11943.0
1968 1 17132.0
1968 2 20737.0
1968 3 20827.0
1968 4 21276.0
1968 5 26503.0
1968 6 24708.0
1968 7 24344.0
1968 8 24986.0
1968 9 26619.0
1968 10 28617.0
1968 11 22919.0
1968 12 17741.0
1969 1 22900.0
1969 2 21986.0
1969 3 26492.0
1969 4 27719.0
1969 5 23958.0
1969 6 23969.0
1969 7 21038.0
1969 8 21040.0
1969 9 23076.0
1969 10 24388.0
1969 11 17445.0
1969 12 16471.0
1970 1 19367.0
1970 2 23120.0
1970 3 27823.0
1970 4 33513.0
1970 5 33852.0
1970 6 33170.0
1970 7 32527.0
1970 8 34195.0
1970 9 36326.0
1970 10 33640.0
1970 11 28463.0
1970 12 29128.0
1971 1 29651.0
1971 2 29101.0
1971 3 46450.0
1971 4 51584.0
1971 5 50280.0
1971 6 50767.0
1971 7 52740.0
1971 8 53924.0
1971 9 46168.0
1971 10 39347.0
1971 11 44442.0
1971 12 32897.0
1972 1 46675.0
1972 2 47531.0
1972 3 51356.0
1972 4 54736.0
1972 5 59090.0
1972 6 50195.0
1972 7 51344.0
1972 8 50690.0
1972 9 51287.0
1972 10 51718.0
1972 11 46529.0
1972 12 39458.0
1973 1 43103.0
1973 2 57215.0
1973 3 65053.0
1973 4 63659.0
1973 5 77493.0
1973 6 58462.0
1973 7 49920.0
1973 8 40408.0
1973 9 33834.0
1973 10 31407.0
1973 11 41672.0
1973 12 23873.0
1974 1 36728.0
1974 2 42854.0
1974 3 63235.0
1974 4 76558.0
1974 5 49421.0
1974 6 42644.0
1974 7 32064.0
1974 8 28848.0
1974 9 21904.0
1974 10 23932.0
1974 11 20783.0
1974 12 16013.0
1975 1 22277.0
1975 2 29767.0
1975 3 37484.0
1975 4 48167.0
1975 5 46314.0
1975 6 43259.0
1975 7 46165.0
1975 8 42397.0
1975 9 38718.0
1975 10 39596.0
1975 11 31677.0
1975 12 28603.0
1976 1 35985.0
1976 2 46216.0
1976 3 52092.0
1976 4 59130.0
1976 5 45356.0
1976 6 50472.0
1976 7 50033.0
1976 8 47923.0
1976 9 42894.0
1976 10 44788.0
1976 11 40894.0
1976 12 32282.0
1977 1 35735.0
1977 2 56258.0
1977 3 65587.0
1977 4 65026.0
1977 5 75746.0
1977 6 62757.0
1977 7 65883.0
1977 8 62731.0
1977 9 55081.0
1977 10 61105.0
1977 11 53090.0
1977 12 45409.0
1978 1 40789.0
1978 2 69940.0
1978 3 80320.0
1978 4 82610.0
1978 5 90466.0
1978 6 74803.0
1978 7 72302.0
1978 8 86083.0
1978 9 76516.0
1978 10 87051.0
1978 11 68133.0
1978 12 55509.0
1979 1 65391.0
1979 2 66371.0
1979 3 106739.0
1979 4 100850.0
1979 5 121415.0
1979 6 105370.0
1979 7 100248.0
1979 8 115119.0
1979 9 89368.0
1979 10 103174.0
1979 11 64384.0
1979 12 56721.0
1980 1 68916.0
1980 2 80230.0
1980 3 57291.0
1980 4 58493.0
1980 5 66458.0
1980 6 95406.0
1980 7 111918.0
1980 8 111483.0
1980 9 118923.0
1980 10 113144.0
1980 11 69661.0
1980 12 63717.0
1981 1 70011.0
1981 2 71757.0
1981 3 104654.0
1981 4 114452.0
1981 5 72532.0
1981 6 77588.0
1981 7 68776.0
1981 8 68638.0
1981 9 60737.0
1981 10 47284.0
1981 11 44347.0
1981 12 52078.0
1982 1 51278.0
1982 2 65983.0
1982 3 96580.0
1982 4 81262.0
1982 5 89302.0
1982 6 101268.0
1982 7 75295.0
1982 8 93985.0
1982 9 105073.0
1982 10 104750.0
1982 11 100470.5
1982 12 96191.0
1983 1 112825.0
1983 2 116816.0
1983 3 169995.0
1983 4 163602.0
1983 5 196708.0
1983 6 175841.0
1983 7 161409.0
1983 8 177240.0
1983 9 147855.0
1983 10 151765.0
1983 11 154530.0
1983 12 108872.0
1984 1 149423.0
1984 2 193633.0
1984 3 219557.0
1984 4 200259.0
1984 5 203743.0
1984 6 186948.0
1984 7 160331.0
1984 8 178313.0
1984 9 166676.0
1984 10 204509.0
1984 11 165341.0
1984 12 129672.0
1985 1 157618.0
1985 2 156690.0
1985 3 246339.0
1985 4 248320.0
1985 5 249022.0
1985 6 207399.0
1985 7 216841.0
1985 8 235075.0
1985 9 213486.0
1985 10 217260.0
1985 11 179929.0
1985 12 155031.0
1986 1 226171.0
1986 2 232350.0
1986 3 282694.0
1986 4 318806.0
1986 5 311648.0
1986 6 350867.0
1986 7 265254.0
1986 8 226190.0
1986 9 242978.0
1986 10 279352.0
1986 11 165981.0
1986 12 209861.0
1987 1 188499.0
1987 2 257091.0
1987 3 313923.0
1987 4 307590.0
1987 5 263488.0
1987 6 290436.0
1987 7 275138.0
1987 8 252404.0
1987 9 252970.0
1987 10 261398.0
1987 11 203832.0
1987 12 197530.0
1988 1 172631.0
1988 2 280426.0
1988 3 351113.0
1988 4 288772.0
1988 5 292652.0
1988 6 304407.0
1988 7 264768.0
1988 8 285238.0
1988 9 241286.0
1988 10 224287.0
1988 11 207330.0
1988 12 200558.0
1989 1 220518.0
1989 2 229078.0
1989 3 275334.0
1989 4 237128.0
1989 5 248413.0
1989 6 208531.0
1989 7 199186.0
1989 8 271743.0
1989 9 204683.0
1989 10 213024.0
1989 11 185501.0
1989 12 137686.0
1990 1 203338.0
1990 2 196191.0
1990 3 304390.0
1990 4 238050.0
1990 5 222845.0
1990 6 207595.0
1990 7 193941.0
1990 8 213135.0
1990 9 185834.0
1990 10 178310.0
1990 11 152100.0
1990 12 132117.0
1991 1 167469.0
1991 2 227705.0
1991 3 227847.0
1991 4 236928.0
1991 5 248469.0
1991 6 208932.0
1991 7 234702.0
1991 8 231647.0
1991 9 241901.0
1991 10 242446.0
1991 11 178182.0
1991 12 199956.0
1992 1 257259.0
1992 2 294466.0
1992 3 340729.0
1992 4 321442.0
1992 5 289648.0
1992 6 298624.0
1992 7 300407.0
1992 8 277681.0
1992 9 287863.0
1992 10 309133.0
1992 11 231093.0
1992 12 257716.0
1993 1 275241.0
1993 2 318674.0
1993 3 331395.0
1993 4 357680.0
1993 5 340657.0
1993 6 359796.0
1993 7 361473.0
1993 8 411199.0
1993 9 357289.0
1993 10 371114.0
1993 11 351634.0
1993 12 379328.0
1994 1 336427.0
1994 2 387377.0
1994 3 524725.0
1994 4 460801.0
1994 5 455252.0
1994 6 453703.0
1994 7 328607.0
1994 8 463940.0
1994 9 420759.0
1994 10 406551.0
1994 11 378008.0
1994 12 352871.0
1995 1 377846.0
1995 2 351984.0
1995 3 461669.0
1995 4 435763.0
1995 5 471942.0
1995 6 485413.0
1995 7 462446.0
1995 8 532309.0
1995 9 457075.0
1995 10 459765.0
1995 11 421973.0
1995 12 397286.0
1996 1 459481.0
1996 2 473845.0
1996 3 550110.0
1996 4 655741.0
1996 5 572744.0
1996 6 466222.0
1996 7 510331.0
1996 8 478006.0
1996 9 475847.0
1996 10 480879.0
1996 11 420720.0
1996 12 387531.0
1997 1 446654.0
1997 2 431086.0
1997 3 523673.0
1997 4 539564.0
1997 5 496128.0
1997 6 493519.0
1997 7 503036.0
1997 8 481381.0
1997 9 482477.0
1997 10 542709.0
1997 11 364975.0
1997 12 412321.0
1998 1 450318.0
1998 2 523964.0
1998 3 640355.0
1998 4 642129.0
1998 5 585245.0
1998 6 632622.0
1998 7 587845.0
1998 8 669667.0
1998 9 613342.0
1998 10 599445.0
1998 11 514243.0
1998 12 658973.0
1999 1 550779.0
1999 2 651459.0
1999 3 737014.0
1999 4 713151.0
1999 5 629434.0
1999 6 681448.0
1999 7 618718.0
1999 8 700465.0
1999 9 597120.0
1999 10 615652.0
1999 11 578199.0
1999 12 597344.0
2000 1 559408.0
2000 2 635724.0
2000 3 794865.0
2000 4 604530.0
2000 5 752958.0
2000 6 640457.0
2000 7 582579.0
2000 8 703985.0
2000 9 548411.0
2000 10 649585.0
2000 11 582382.0
2000 12 461648.0
2001 1 640488.0
2001 2 640774.0
2001 3 752388.0
2001 4 767874.0
2001 5 779650.0
2001 6 777685.0
2001 7 647169.0
2001 8 709938.0
2001 9 582999.0
2001 10 604311.0
2001 11 562360.0
2001 12 523215.0
2002 1 640994.0
2002 2 676068.0
2002 3 746203.0
2002 4 800122.0
2002 5 832485.0
2002 6 674543.0
2002 7 811941.0
2002 8 746181.0
2002 9 658050.0
2002 10 650535.0
2002 11 568899.0
2002 12 588852.0
2003 1 672683.0
2003 2 690822.0
2003 3 722769.0
2003 4 958673.0
2003 5 802985.0
2003 6 769867.0
2003 7 832898.0
2003 8 833492.0
2003 9 841047.0
2003 10 843463.0
2003 11 635800.0
2003 12 846325.0
2004 1 795660.0
2004 2 777787.0
2004 3 1115748.0
2004 4 987469.0
2004 5 977360.0
2004 6 1000106.0
2004 7 908925.0
2004 8 999201.0
2004 9 972322.0
2004 10 829744.0
2004 11 772735.0
2004 12 858684.0
2005 1 926099.0
2005 2 843952.0
2005 3 1133554.0
2005 4 1027991.0
2005 5 1345154.0
2005 6 1138497.0
2005 7 1022262.0
2005 8 1329060.0
2005 9 1109935.0
2005 10 1112824.0
2005 11 972478.0
2005 12 941651.0
2006 1 993416.0
2006 2 1020815.0
2006 3 1292218.0
2006 4 1098566.0
2006 5 1270411.0
2006 6 1187491.0
2006 7 999642.0
2006 8 1122139.0
2006 9 859928.0
2006 10 922596.0
2006 11 853252.0
2006 12 712005.0
2007 1 845926.0
2007 2 795274.0
2007 3 939366.0
2007 4 853927.0
2007 5 844127.0
2007 6 792949.0
2007 7 684109.0
2007 8 709644.0
2007 9 545717.0
2007 10 541811.0
2007 11 433494.0
2007 12 351621.0
2008 1 410193.0
2008 2 420724.0
2008 3 418670.0
2008 4 485674.0
2008 5 467565.0
2008 6 403858.0
2008 7 325274.0
2008 8 285399.0
2008 9 312654.0
2008 10 224632.0
2008 11 140207.0
2008 12 138354.0
2009 1 140958.0
2009 2 175330.0
2009 3 185037.0
2009 4 190755.0
2009 5 192555.0
2009 6 239970.0
2009 7 222419.0
2009 8 227298.0
2009 9 210863.0
2009 10 186075.0
2009 11 160136.0
2009 12 178636.0
2010 1 182278.0
2010 2 192701.0
2010 3 284651.0
2010 4 240488.0
2010 5 187198.0
2010 6 208123.0
2010 7 193320.0
2010 8 200898.0
2010 9 184600.0
2010 10 153035.0
2010 11 163944.0
2010 12 161256.0
2011 1 158529.0
2011 2 189841.0
2011 3 213833.0
2011 4 194983.0
2011 5 243178.0
2011 6 252592.0
2011 7 190249.0
2011 8 230510.0
2011 9 193790.0
2011 10 199482.0
2011 11 193519.0
2011 12 178581.0
2012 1 206083.0
2012 2 255205.0
2012 3 270544.0
2012 4 272942.0
2012 5 295626.0
2012 6 283066.0
2012 7 247981.0
2012 8 316292.0
2012 9 253994.0
2012 10 319420.0
2012 11 230345.0
2012 12 240881.0
2013 1 297812.0
2013 2 339522.0
2013 3 369928.0
2013 4 415540.0
2013 5 472480.0
2013 6 397410.0
2013 7 418042.0
2013 8 402088.0
2013 9 394159.0
2013 10 396337.0
2013 11 347989.0
2013 12 321140.0
2014 1 324535.0
2014 2 341312.0
2014 3 451444.0
2014 4 456530.0
2014 5 460072.0
2014 6 490099.0
2014 7 461613.0
2014 8 508435.0
2014 9 438792.0
2014 10 446776.0
2014 11 376347.0
2014 12 430680.0
2015 1 432397.0
2015 2 485522.0
2015 3 559810.0
2015 4 597194.0
2015 5 580766.0
2015 6 673341.0
2015 7 607764.0
2015 8 549998.0
2015 9 522324.0
2015 10 541324.0
2015 11 451348.0
2015 12 456180.0
2016 1 502351.0
2016 2 600165.0
2016 3 706253.0
2016 4 750988.0
2016 5 689515.0
2016 6 712153.0
2016 7 615027.0
2016 8 696221.0
2016 9 630929.0
2016 10 621445.0
2016 11 561564.0
2016 12 577942.0
2017 1 620661.0
2017 2 666640.0
2017 3 820034.0
2017 4 719707.0
2017 5 854237.0
2017 6 849814.0
2017 7 662637.0
2017 8 762961.0
2017 9 649802.0
2017 10 733703.0
2017 11 609660.0
2017 12 553592.0
2018 1 900482.0
2018 2 716001.0
2018 3 888642.0
2018 4 827568.0
2018 5 870806.0
2018 6 870168.0
2018 7 726199.0
2018 8 781543.0
2018 9 673270.0
2018 10 736760.0
2018 11 613929.0
2018 12 511328.0
2019 1 723131.0
2019 2 701857.0
2019 3 866899.0
2019 4 756318.0
2019 5 862881.0
2019 6 776935.0
2019 7 806196.0
2019 8 826760.0
2019 9 737175.0
2019 10 880606.0
2019 11 668920.0
2019 12 709639.0
2020 1 758476.0
2020 2 768031.0
2020 3 785296.0
2020 4 647823.0
2020 5 634732.0
2020 6 814078.0
2020 7 959470.0
2020 8 929314.0
2020 9 1003498.0
2020 10 1074140.0
2020 11 903804.0
2020 12 951714.0
2021 1 938700.0
2021 2 1021176.0
2021 3 1284462.0
2021 4 1155946.0
2021 5 1091994.0
2021 6 1176817.0
2021 7 939687.0
2021 8 977112.0
2021 9 892226.0
2021 10 947792.0
2021 11 859690.0
2021 12 965516.0
2022 1 932681.0
2022 2 1014199.0
2022 3 1310113.0
2022 4 1139647.0
2022 5 1097855.0
2022 6 1078688.0
2022 7 880855.0
2022 8 952439.0
2022 9 827185.0
2022 10 1049002.0
2022 11 728734.0
2022 12 579960.0
2023 1 739110.0
2023 2 760919.0
2023 3 1008216.0
2023 4 1016527.0
2023 5 1158031.0
2023 6 1177677.0
2023 7 1099297.0
2023 8 1177647.0
2023 9 1005355.0
2023 10 1035266.0
2023 11 850765.0
2023 12 895669.0
2024 1 1040184.0
2024 2 1074313.0
2024 3 1253462.0
2024 4 1266230.0
2024 5 1221532.0
2024 6 1064070.0
2024 7 1176893.0
2024 8 1185129.0
