1960 5 3873.0
1960 6 3769.0
1960 7 1025.0
1960 8 729.0
1960 9 3404.0
1960 10 3011.0
1960 11 908.0
1960 12 5967.0
1961 1 2123.0
1961 2 1055.0
1961 3 3249.0
1961 4 1375.0
1961 5 2091.0
1961 6 1245.0
1961 7 1445.0
1961 8 1819.0
1961 9 1360.0
1961 10 1992.0
1961 11 905.0
1961 12 2028.0
1962 1 1619.0
1962 2 2144.0
1962 3 1402.0
1962 4 9808.0
1962 5 6727.0
1962 6 3568.0
1962 7 1383.0
1962 8 3123.0
1962 9 3706.0
1962 10 3635.0
1962 11 4378.0
1962 12 1957.0
1963 1 3384.0
1963 2 3444.0
1963 3 3132.0
1963 4 7023.0
1963 5 6638.0
1963 6 7569.0
1963 7 5969.0
1963 8 3754.0
1963 9 5837.0
1963 10 4704.0
1963 11 6484.0
1963 12 14023.0
1964 1 3587.0
1964 2 8580.0
1964 3 6412.0
1964 4 5256.0
1964 5 4504.0
1964 6 8358.0
1964 7 2627.0
1964 8 4556.0
1964 9 3607.0
1964 10 4305.0
1964 11 5088.0
1964 12 3914.0
1965 1 3397.0
1965 2 2781.0
1965 3 4062.0
1965 4 7973.0
1965 5 9021.0
1965 6 7259.0
1965 7 6190.0
1965 8 6648.0
1965 9 5742.0
1965 10 2400.0
1965 11 4348.0
1965 12 6218.0
1966 1 4380.0
1966 2 8438.0
1966 3 4274.0
1966 4 10428.0
1966 5 7591.0
1966 6 4157.0
1966 7 5579.0
1966 8 3362.0
1966 9 4259.0
1966 10 3200.0
1966 11 1254.0
1966 12 1610.0
1967 1 4861.0
1967 2 5639.0
1967 3 7921.0
1967 4 11195.0
1967 5 15471.0
1967 6 12314.0
1967 7 15596.0
1967 8 7745.0
1967 9 10268.0
1967 10 7933.0
1967 11 4577.0
1967 12 4473.0
1968 1 8328.0
1968 2 7506.0
1968 3 10255.0
1968 4 15780.0
1968 5 11197.0
1968 6 15754.0
1968 7 5589.0
1968 8 13508.0
1968 9 9361.0
1968 10 16871.0
1968 11 13932.0
1968 12 16629.0
1969 1 12001.0
1969 2 14423.0
1969 3 9539.0
1969 4 14332.0
1969 5 9314.0
1969 6 21858.0
1969 7 20252.0
1969 8 12925.0
1969 9 18411.0
1969 10 7756.0
1969 11 9210.0
1969 12 8229.0
1970 1 9460.0
1970 2 8124.0
1970 3 15790.0
1970 4 30824.0
1970 5 28959.0
1970 6 11053.0
1970 7 33020.0
1970 8 14577.0
1970 9 10597.0
1970 10 27819.0
1970 11 14190.0
1970 12 22364.0
1971 1 33695.0
1971 2 37465.0
1971 3 27007.0
1971 4 44402.0
1971 5 39090.0
1971 6 36391.0
1971 7 33342.0
1971 8 20200.0
1971 9 18479.0
1971 10 45550.0
1971 11 25549.0
1971 12 9547.0
1972 1 17559.0
1972 2 15740.0
1972 3 26901.0
1972 4 53590.0
1972 5 23842.0
1972 6 41036.0
1972 7 31020.0
1972 8 22397.0
1972 9 22680.0
1972 10 25901.0
1972 11 14991.0
1972 12 34907.0
1973 1 25719.0
1973 2 30859.0
1973 3 11655.0
1973 4 13195.0
1973 5 24456.0
1973 6 25439.0
1973 7 22011.0
1973 8 25174.0
1973 9 11894.0
1973 10 14167.0
1973 11 16799.0
1973 12 9998.0
1974 1 6405.0
1974 2 15545.0
1974 3 15800.0
1974 4 15626.0
1974 5 8573.0
1974 6 6840.0
1974 7 6462.0
1974 8 2833.0
1974 9 2198.0
1974 10 4175.0
1974 11 1668.0
1974 12 3058.0
1975 1 2513.0
1975 2 133.0
1975 3 1560.0
1975 4 1381.0
1975 5 1373.0
1975 6 1694.0
1975 7 2710.0
1975 8 5435.0
1975 9 1892.0
1975 10 1254.0
1975 11 402.0
1975 12 581.0
1976 1 2916.0
1976 2 911.0
1976 3 6643.0
1976 4 1615.0
1976 5 4527.0
1976 6 446.0
1976 7 592.0
1976 8 4439.0
1976 9 1851.0
1976 10 1565.0
1976 11 2512.0
1976 12 4568.0
1977 1 1375.0
1977 2 919.0
1977 3 6907.0
1977 4 11086.0
1977 5 12383.0
1977 6 12029.0
1977 7 13351.0
1977 8 4108.0
1977 9 10704.0
1977 10 10933.0
1977 11 2350.0
1977 12 9941.0
1978 1 3482.0
1978 2 3807.0
1978 3 5471.0
1978 4 18778.0
1978 5 7180.0
1978 6 10299.0
1978 7 10087.0
1978 8 5838.0
1978 9 9028.0
1978 10 4279.0
1978 11 11557.0
1978 12 1946.0
1979 1 16454.0
1979 2 8660.0
1979 3 13633.0
1979 4 32262.0
1979 5 12603.0
1979 6 5311.0
1979 7 6229.0
1979 8 10420.0
1979 9 15640.0
1979 10 18948.0
1979 11 4348.0
1979 12 9119.0
1980 1 5406.0
1980 2 3910.0
1980 3 5531.0
1980 4 6984.0
1980 5 12097.0
1980 6 11647.0
1980 7 16494.0
1980 8 21365.0
1980 9 24760.0
1980 10 23653.0
1980 11 12143.0
1980 12 14652.0
1981 1 10253.0
1981 2 12162.0
1981 3 11137.0
1981 4 13685.0
1981 5 34030.0
1981 6 8333.0
1981 7 14652.0
1981 8 8701.0
1981 9 18563.0
1981 10 7149.0
1981 11 12024.0
1981 12 24832.0
1982 1 29602.0
1982 2 13837.0
1982 3 34238.0
1982 4 17664.0
1982 5 22290.0
1982 6 24023.0
1982 7 30344.0
1982 8 23753.0
1982 9 24514.0
1982 10 24982.0
1982 11 36044.0
1982 12 47106.0
1983 1 42328.0
1983 2 22944.0
1983 3 46067.0
1983 4 68372.0
1983 5 47090.0
1983 6 57237.0
1983 7 47708.0
1983 8 50050.0
1983 9 52505.0
1983 10 49307.0
1983 11 42485.0
1983 12 41890.0
1984 1 36087.0
1984 2 50649.0
1984 3 58271.0
1984 4 71976.0
1984 5 77491.0
1984 6 98214.0
1984 7 49988.0
1984 8 85004.0
1984 9 53879.0
1984 10 25166.0
1984 11 33517.0
1984 12 29516.0
1985 1 34419.0
1985 2 45670.0
1985 3 43515.0
1985 4 66164.0
1985 5 45647.0
1985 6 60593.0
1985 7 57829.0
1985 8 71163.0
1985 9 87365.0
1985 10 50946.0
1985 11 53830.0
1985 12 87497.0
1986 1 47740.0
1986 2 49905.0
1986 3 68939.0
1986 4 64595.0
1986 5 49040.0
1986 6 63057.0
1986 7 37538.0
1986 8 67968.0
1986 9 72163.0
1986 10 60162.0
1986 11 45455.0
1986 12 44463.0
1987 1 19286.0
1987 2 47275.0
1987 3 22955.0
1987 4 32926.0
1987 5 28298.0
1987 6 65388.0
1987 7 49794.0
1987 8 37883.0
1987 9 72489.0
1987 10 25198.0
1987 11 31981.0
1987 12 23333.0
1988 1 21156.0
1988 2 43575.0
1988 3 58524.0
1988 4 62217.0
1988 5 54157.0
1988 6 68764.0
1988 7 27478.0
1988 8 45431.0
1988 9 36475.0
1988 10 72581.0
1988 11 52817.0
1988 12 75621.0
1989 1 29853.0
1989 2 35939.0
1989 3 28976.0
1989 4 26125.0
1989 5 44667.0
1989 6 52002.0
1989 7 29994.0
1989 8 51703.0
1989 9 59192.0
1989 10 53724.0
1989 11 35212.0
1989 12 57018.0
1990 1 85818.0
1990 2 15136.0
1990 3 15082.0
1990 4 4603.0
1990 5 13492.0
1990 6 9852.0
1990 7 19576.0
1990 8 65276.0
1990 9 12068.0
1990 10 11645.0
1990 11 7778.0
1990 12 8913.0
1991 1 3728.0
1991 2 10164.0
1991 3 7364.0
1991 4 12218.0
1991 5 3478.0
1991 6 5248.0
1991 7 20648.0
1991 8 4039.0
1991 9 16949.0
1991 10 14024.0
1991 11 25723.0
1991 12 7716.0
1992 1 3587.0
1992 2 2631.0
1992 3 6239.0
1992 4 2996.0
1992 5 7872.0
1992 6 18752.0
1992 7 9760.0
1992 8 3619.0
1992 9 9195.0
1992 10 2230.0
1992 11 1670.0
1992 12 4126.0
1993 1 24896.0
1993 2 3042.0
1993 3 33497.0
1993 4 5556.0
1993 5 2581.0
1993 6 11312.0
1993 7 15937.0
1993 8 23662.0
1993 9 35710.0
1993 10 27482.0
1993 11 12849.0
1993 12 21444.0
1994 1 13451.0
1994 2 12638.0
1994 3 15418.0
1994 4 27367.0
1994 5 46435.0
1994 6 42253.0
1994 7 32472.0
1994 8 68413.0
1994 9 48130.0
1994 10 38247.0
1994 11 72990.0
1994 12 67465.0
1995 1 53839.0
1995 2 25810.0
1995 3 66528.0
1995 4 47981.0
1995 5 48451.0
1995 6 100475.0
1995 7 67059.0
1995 8 88063.0
1995 9 66658.0
1995 10 36183.0
1995 11 26169.0
1995 12 78928.0
1996 1 39208.0
1996 2 48524.0
1996 3 23564.0
1996 4 46007.0
1996 5 73677.0
1996 6 47116.0
1996 7 37172.0
1996 8 127374.0
1996 9 84157.0
1996 10 15893.0
1996 11 7517.0
1996 12 89601.0
1997 1 37115.0
1997 2 9165.0
1997 3 67723.0
1997 4 88308.0
1997 5 97742.0
1997 6 57955.0
1997 7 96268.0
1997 8 76367.0
1997 9 24146.0
1997 10 70073.0
1997 11 49706.0
1997 12 56947.0
1998 1 41784.0
1998 2 62130.0
1998 3 76442.0
1998 4 63615.0
1998 5 94462.0
1998 6 44162.0
1998 7 66312.0
1998 8 88323.0
1998 9 59602.0
1998 10 79308.0
1998 11 70871.0
1998 12 64682.0
1999 1 36312.0
1999 2 59955.0
1999 3 49606.0
1999 4 89683.0
1999 5 20679.0
1999 6 123006.0
1999 7 60639.0
1999 8 70636.0
1999 9 57066.0
1999 10 77139.0
1999 11 100809.0
1999 12 81090.0
2000 1 101580.0
2000 2 87430.0
2000 3 69226.0
2000 4 150769.0
2000 5 83388.0
2000 6 127084.0
2000 7 119867.0
2000 8 87638.0
2000 9 81303.0
2000 10 28182.0
2000 11 79682.0
2000 12 131348.0
2001 1 99761.0
2001 2 109506.0
2001 3 56030.0
2001 4 102266.0
2001 5 106641.0
2001 6 134908.0
2001 7 154579.0
2001 8 90280.0
2001 9 71987.0
2001 10 105837.0
2001 11 69997.0
2001 12 82814.0
2002 1 84041.0
2002 2 66811.0
2002 3 112807.0
2002 4 111169.0
2002 5 161454.0
2002 6 147514.0
2002 7 166070.0
2002 8 25909.0
2002 9 77873.0
2002 10 132306.0
2002 11 74354.0
2002 12 94876.0
2003 1 88132.0
2003 2 23079.0
2003 3 115673.0
2003 4 85765.0
2003 5 28537.0
2003 6 57306.0
2003 7 102492.0
2003 8 95112.0
2003 9 126927.0
2003 10 109662.0
2003 11 62290.0
2003 12 68192.0
2004 1 117486.0
2004 2 52003.0
2004 3 75271.0
2004 4 62652.0
2004 5 161601.0
2004 6 16574.0
2004 7 194753.0
2004 8 102282.0
2004 9 47978.0
2004 10 126835.0
2004 11 308132.0
2004 12 119182.0
2005 1 35359.0
2005 2 87841.0
2005 3 32111.0
2005 4 81872.0
2005 5 175460.0
2005 6 52431.0
2005 7 55707.0
2005 8 150450.0
2005 9 112712.0
2005 10 83206.0
2005 11 58346.0
2005 12 49510.0
2006 1 163509.0
2006 2 75057.0
2006 3 145003.0
2006 4 138399.0
2006 5 237521.0
2006 6 46973.0
2006 7 74648.0
2006 8 192394.0
2006 9 51091.0
2006 10 142075.0
2006 11 95321.0
2006 12 88139.0
2007 1 140594.0
2007 2 127540.0
2007 3 131312.0
2007 4 227005.0
2007 5 246542.0
2007 6 105030.0
2007 7 86219.0
2007 8 107151.0
2007 9 127522.0
2007 10 70624.0
2007 11 77004.0
2007 12 54579.0
2008 1 73849.0
2008 2 37992.0
2008 3 33943.0
2008 4 28300.0
2008 5 72148.0
2008 6 72622.0
2008 7 70880.0
2008 8 78500.0
2008 9 73900.0
2008 10 83923.0
2008 11 10370.0
2008 12 18533.0
2009 1 8656.0
2009 2 7788.0
2009 3 18361.0
2009 4 9941.0
2009 5 54592.0
2009 6 29970.0
2009 7 4460.0
2009 8 23162.0
2009 9 35202.0
2009 10 10024.0
2009 11 8702.0
2009 12 41860.0
2010 1 7746.0
2010 2 14906.0
2010 3 8842.0
2010 4 25826.0
2010 5 13357.0
2010 6 19733.0
2010 7 67379.0
2010 8 18602.0
2010 9 11729.0
2010 10 2853.0
2010 11 6708.0
2010 12 22244.0
2011 1 9050.0
2011 2 18157.0
2011 3 19320.0
2011 4 15123.0
2011 5 31250.0
2011 6 26974.0
2011 7 14656.0
2011 8 85872.0
2011 9 28156.0
2011 10 27880.0
2011 11 36232.0
2011 12 10767.0
2012 1 70017.0
2012 2 96222.0
2012 3 26134.0
2012 4 58334.0
2012 5 11263.0
2012 6 63501.0
2012 7 53171.0
2012 8 22029.0
2012 9 57633.0
2012 10 91687.0
2012 11 12780.0
2012 12 92830.0
2013 1 14846.0
2013 2 134526.0
2013 3 72645.0
2013 4 69005.0
2013 5 141791.0
2013 6 193128.0
2013 7 49377.0
2013 8 38296.0
2013 9 98561.0
2013 10 77982.0
2013 11 57008.0
2013 12 69908.0
2014 1 6738.0
2014 2 136231.0
2014 3 86022.0
2014 4 56836.0
2014 5 118331.0
2014 6 78208.0
2014 7 126022.0
2014 8 59981.0
2014 9 30780.0
2014 10 110659.0
2014 11 46573.0
2014 12 173117.0
2015 1 27826.0
2015 2 108804.0
2015 3 109728.0
2015 4 103324.0
2015 5 181574.0
2015 6 172417.0
2015 7 156686.0
2015 8 39040.0
2015 9 20469.0
2015 10 104328.0
2015 11 148671.0
2015 12 126563.0
2016 1 172073.0
2016 2 197737.0
2016 3 77009.0
2016 4 79631.0
2016 5 74711.0
2016 6 264340.0
2016 7 80485.0
2016 8 71029.0
2016 9 61267.0
2016 10 198781.0
2016 11 166056.0
2016 12 136173.0
2017 1 239589.0
2017 2 128386.0
2017 3 69419.0
2017 4 33644.0
2017 5 25540.0
2017 6 91438.0
2017 7 168316.0
2017 8 134980.0
2017 9 64080.0
2017 10 90832.0
2017 11 41580.0
2017 12 35750.0
2018 1 188529.0
2018 2 37607.0
2018 3 217579.0
2018 4 84543.0
2018 5 232966.0
2018 6 12536.0
2018 7 136712.0
2018 8 111361.0
2018 9 121449.0
2018 10 342329.0
2018 11 321451.0
2018 12 143616.0
2019 1 74290.0
2019 2 128557.0
2019 3 109513.0
2019 4 159532.0
2019 5 54497.0
2019 6 67412.0
2019 7 73640.0
2019 8 98112.0
2019 9 134954.0
2019 10 241340.0
2019 11 56943.0
2019 12 40529.0
2020 1 130834.0
2020 2 101189.0
2020 3 38740.0
2020 4 20614.0
2020 5 87448.0
2020 6 75726.0
2020 7 42500.0
2020 8 114582.0
2020 9 119132.0
2020 10 73753.0
2020 11 78260.0
2020 12 36208.0
2021 1 119092.0
2021 2 55963.0
2021 3 79018.0
2021 4 140866.0
2021 5 117393.0
2021 6 163009.0
2021 7 105340.0
2021 8 233248.0
2021 9 193223.0
2021 10 133400.0
2021 11 206239.0
2021 12 202092.0
2022 1 131576.0
2022 2 235273.0
2022 3 285834.0
2022 4 300200.0
2022 5 211831.0
2022 6 178737.0
2022 7 359783.0
2022 8 483637.0
2022 9 305232.0
2022 10 371391.0
2022 11 367293.0
2022 12 282499.0
2023 1 522598.0
2023 2 223593.0
2023 3 162846.0
2023 4 207637.0
2023 5 361435.0
2023 6 185959.0
2023 7 192950.0
2023 8 231224.0
2023 9 122829.0
2023 10 219692.0
2023 11 174400.0
2023 12 186680.0
2024 1 167190.0
2024 2 155727.0
2024 3 287199.0
2024 4 271569.0
2024 5 264814.0
2024 6 238047.0
2024 7 152673.0
2024 8 237513.0
