1960 5 1496.0
1960 6 1661.0
1960 7 1526.0
1960 8 1296.0
1960 9 1486.0
1960 10 1426.0
1960 11 1463.0
1960 12 1194.0
1961 1 897.0
1961 2 869.0
1961 3 1005.0
1961 4 1556.0
1961 5 1722.0
1961 6 1498.0
1961 7 1315.0
1961 8 1410.0
1961 9 1442.0
1961 10 1861.0
1961 11 1196.0
1961 12 1093.0
1962 1 635.0
1962 2 801.0
1962 3 2091.0
1962 4 2116.0
1962 5 2057.0
1962 6 1489.0
1962 7 1280.0
1962 8 1397.0
1962 9 1358.0
1962 10 1301.0
1962 11 1272.0
1962 12 1297.0
1963 1 911.0
1963 2 1012.0
1963 3 1396.0
1963 4 2130.0
1963 5 1269.0
1963 6 1824.0
1963 7 1402.0
1963 8 3253.0
1963 9 2721.2
1963 10 2189.4
1963 11 1657.6000000000001
1963 12 1125.8000000000002
1964 1 594.0
1964 2 609.0
1964 3 1376.0
1964 4 1728.0
1964 5 2001.0
1964 6 2324.0
1964 7 1450.0
1964 8 1348.0
1964 9 1486.0
1964 10 1920.0
1964 11 1545.0
1964 12 854.0
1965 1 653.0
1965 2 1159.0
1965 3 1667.0
1965 4 2361.0
1965 5 1608.0
1965 6 1857.0
1965 7 997.0
1965 8 1584.0
1965 9 1311.0
1965 10 1559.0
1965 11 1536.0
1965 12 1132.0
1966 1 781.0
1966 2 984.0
1966 3 1797.0
1966 4 2430.0
1966 5 1912.0
1966 6 990.0
1966 7 808.0
1966 8 804.0
1966 9 1281.0
1966 10 685.0
1966 11 554.0
1966 12 278.0
1967 1 588.0
1967 2 860.0
1967 3 1217.0
1967 4 1618.0
1967 5 1587.0
1967 6 1662.0
1967 7 1319.0
1967 8 1396.0
1967 9 945.0
1967 10 1305.0
1967 11 1475.0
1967 12 769.0
1968 1 990.0
1968 2 1839.0
1968 3 2397.0
1968 4 1776.0
1968 5 1933.0
1968 6 1602.0
1968 7 1888.0
1968 8 1423.0
1968 9 2197.0
1968 10 3219.0
1968 11 1498.0
1968 12 743.0
1969 1 720.0
1969 2 752.0
1969 3 1540.0
1969 4 2088.0
1969 5 1659.0
1969 6 1541.0
1969 7 1952.0
1969 8 1309.0
1969 9 2313.0
1969 10 2835.0
1969 11 1996.0
1969 12 1669.0
1970 1 770.0
1970 2 1742.0
1970 3 3932.0
1970 4 2418.0
1970 5 3211.0
1970 6 4028.0
1970 7 2702.0
1970 8 2825.0
1970 9 5089.0
1970 10 3682.0
1970 11 2397.0
1970 12 1658.0
1971 1 3898.0
1971 2 1756.0
1971 3 2339.0
1971 4 8008.0
1971 5 4808.0
1971 6 7099.0
1971 7 5458.0
1971 8 3540.0
1971 9 4693.0
1971 10 3482.0
1971 11 3792.0
1971 12 2511.0
1972 1 2771.0
1972 2 4742.0
1972 3 5011.0
1972 4 6612.0
1972 5 6302.0
1972 6 5722.0
1972 7 5249.0
1972 8 5409.0
1972 9 5471.0
1972 10 7656.0
1972 11 6404.0
1972 12 1976.0
1973 1 4337.0
1973 2 6315.0
1973 3 9518.0
1973 4 8611.0
1973 5 10630.0
1973 6 12397.0
1973 7 7768.0
1973 8 7684.0
1973 9 4515.0
1973 10 7311.0
1973 11 6811.0
1973 12 10692.0
1974 1 3977.0
1974 2 8433.0
1974 3 12754.0
1974 4 10997.0
1974 5 12251.0
1974 6 10292.0
1974 7 10643.0
1974 8 9501.0
1974 9 11264.0
1974 10 10115.0
1974 11 7605.0
1974 12 6854.0
1975 1 9167.0
1975 2 9280.0
1975 3 12177.0
1975 4 16466.0
1975 5 20258.0
1975 6 16519.0
1975 7 11788.0
1975 8 11608.0
1975 9 17340.0
1975 10 15218.0
1975 11 15896.0
1975 12 10844.0
1976 1 12103.0
1976 2 12305.0
1976 3 18757.0
1976 4 22539.0
1976 5 18729.0
1976 6 23451.0
1976 7 18269.0
1976 8 19945.0
1976 9 19387.0
1976 10 19904.0
1976 11 22773.0
1976 12 18215.0
1977 1 12011.0
1977 2 20564.0
1977 3 30761.0
1977 4 30308.0
1977 5 31532.0
1977 6 30516.0
1977 7 30663.0
1977 8 32445.0
1977 9 25159.0
1977 10 31545.0
1977 11 24731.0
1977 12 21311.0
1978 1 14750.0
1978 2 20623.0
1978 3 31078.0
1978 4 33916.0
1978 5 32273.0
1978 6 28653.0
1978 7 21440.0
1978 8 23273.0
1978 9 19652.0
1978 10 27782.0
1978 11 18077.0
1978 12 9451.0
1979 1 7616.0
1979 2 14150.0
1979 3 23695.0
1979 4 30060.0
1979 5 38454.0
1979 6 30247.0
1979 7 27460.0
1979 8 26987.0
1979 9 28782.0
1979 10 27285.0
1979 11 13872.0
1979 12 10755.0
1980 1 9822.0
1980 2 10836.0
1980 3 12106.0
1980 4 12150.0
1980 5 14855.0
1980 6 18584.0
1980 7 26572.0
1980 8 20019.0
1980 9 26467.0
1980 10 19691.0
1980 11 19404.0
1980 12 11619.0
1981 1 12903.0
1981 2 7696.0
1981 3 13998.0
1981 4 13135.0
1981 5 14408.0
1981 6 15790.0
1981 7 21347.0
1981 8 12526.0
1981 9 13554.0
1981 10 6343.0
1981 11 5261.0
1981 12 3750.0
1982 1 1722.0
1982 2 3399.0
1982 3 18902.0
1982 4 9014.0
1982 5 9859.0
1982 6 8846.0
1982 7 9606.0
1982 8 7846.0
1982 9 13477.0
1982 10 11366.0
1982 11 8972.5
1982 12 6579.0
1983 1 6628.0
1983 2 9041.0
1983 3 16987.0
1983 4 18013.0
1983 5 33763.0
1983 6 23966.0
1983 7 17945.0
1983 8 18257.0
1983 9 17104.0
1983 10 17588.0
1983 11 15996.0
1983 12 7465.0
1984 1 8711.0
1984 2 12478.0
1984 3 19043.0
1984 4 21599.0
1984 5 23065.0
1984 6 25680.0
1984 7 17497.0
1984 8 19284.0
1984 9 18353.0
1984 10 21582.0
1984 11 11673.0
1984 12 7863.0
1985 1 5160.0
1985 2 7888.0
1985 3 18376.0
1985 4 22295.0
1985 5 25319.0
1985 6 27029.0
1985 7 26091.0
1985 8 21149.0
1985 9 19671.0
1985 10 21744.0
1985 11 10202.0
1985 12 5947.0
1986 1 6812.0
1986 2 9747.0
1986 3 21602.0
1986 4 23716.0
1986 5 24643.0
1986 6 24446.0
1986 7 30119.0
1986 8 20813.0
1986 9 16368.0
1986 10 19574.0
1986 11 13023.0
1986 12 9158.0
1987 1 6116.0
1987 2 10377.0
1987 3 22968.0
1987 4 23602.0
1987 5 20326.0
1987 6 17645.0
1987 7 21268.0
1987 8 17742.0
1987 9 17152.0
1987 10 22176.0
1987 11 11939.0
1987 12 6464.0
1988 1 5539.0
1988 2 10880.0
1988 3 23784.0
1988 4 23086.0
1988 5 24041.0
1988 6 25289.0
1988 7 20136.0
1988 8 24098.0
1988 9 21717.0
1988 10 20256.0
1988 11 16059.0
1988 12 11025.0
1989 1 6515.0
1989 2 10861.0
1989 3 26184.0
1989 4 29093.0
1989 5 38995.0
1989 6 36646.0
1989 7 44092.0
1989 8 31629.0
1989 9 31411.0
1989 10 29798.0
1989 11 25105.0
1989 12 19483.0
1990 1 15719.0
1990 2 19398.0
1990 3 38095.0
1990 4 41556.0
1990 5 48034.0
1990 6 42059.0
1990 7 47014.0
1990 8 42522.0
1990 9 38980.0
1990 10 34286.0
1990 11 27261.0
1990 12 22415.0
1991 1 12664.0
1991 2 23516.0
1991 3 39846.0
1991 4 49597.0
1991 5 60115.0
1991 6 50641.0
1991 7 54522.0
1991 8 50562.0
1991 9 46541.0
1991 10 60561.0
1991 11 32268.0
1991 12 34407.0
1992 1 29416.0
1992 2 42436.0
1992 3 65734.0
1992 4 80789.0
1992 5 69558.0
1992 6 69646.0
1992 7 68821.0
1992 8 64896.0
1992 9 66528.0
1992 10 89160.0
1992 11 57231.0
1992 12 36600.0
1993 1 27995.0
1993 2 51539.0
1993 3 71914.0
1993 4 85579.0
1993 5 79776.0
1993 6 92846.0
1993 7 85472.0
1993 8 85686.0
1993 9 85350.0
1993 10 82555.0
1993 11 80157.0
1993 12 57063.0
1994 1 52633.0
1994 2 48994.0
1994 3 103892.0
1994 4 110698.0
1994 5 93619.0
1994 6 97664.0
1994 7 82407.0
1994 8 83435.0
1994 9 107197.0
1994 10 76711.0
1994 11 53521.0
1994 12 36007.0
1995 1 33661.0
1995 2 46946.0
1995 3 69070.0
1995 4 67188.0
1995 5 86010.0
1995 6 96014.0
1995 7 76625.0
1995 8 100283.0
1995 9 91195.0
1995 10 80600.0
1995 11 72163.0
1995 12 47301.0
1996 1 38490.0
1996 2 59156.0
1996 3 84400.0
1996 4 98621.0
1996 5 111721.0
1996 6 95376.0
1996 7 103071.0
1996 8 93496.0
1996 9 87145.0
1996 10 71433.0
1996 11 59447.0
1996 12 44055.0
1997 1 43570.0
1997 2 56141.0
1997 3 85006.0
1997 4 94864.0
1997 5 93558.0
1997 6 99565.0
1997 7 107233.0
1997 8 105573.0
1997 9 98253.0
1997 10 85245.0
1997 11 67080.0
1997 12 58567.0
1998 1 51832.0
1998 2 64313.0
1998 3 109751.0
1998 4 113454.0
1998 5 112122.0
1998 6 117716.0
1998 7 106680.0
1998 8 102551.0
1998 9 115356.0
1998 10 101204.0
1998 11 79322.0
1998 12 70983.0
1999 1 59935.0
1999 2 62685.0
1999 3 113398.0
1999 4 131357.0
1999 5 122516.0
1999 6 139251.0
1999 7 117680.0
1999 8 116095.0
1999 9 112950.0
1999 10 109967.0
1999 11 88998.0
1999 12 68824.0
2000 1 68637.0
2000 2 77673.0
2000 3 115770.0
2000 4 117549.0
2000 5 129183.0
2000 6 139948.0
2000 7 107112.0
2000 8 149457.0
2000 9 114531.0
2000 10 108743.0
2000 11 108925.0
2000 12 62215.0
2001 1 79356.0
2001 2 83482.0
2001 3 141538.0
2001 4 141179.0
2001 5 154221.0
2001 6 138306.0
2001 7 119507.0
2001 8 137086.0
2001 9 108243.0
2001 10 131267.0
2001 11 82145.0
2001 12 59624.0
2002 1 80352.0
2002 2 73891.0
2002 3 106413.0
2002 4 150630.0
2002 5 152122.0
2002 6 139972.0
2002 7 138090.0
2002 8 142133.0
2002 9 144664.0
2002 10 165201.0
2002 11 119144.0
2002 12 119977.0
2003 1 101219.0
2003 2 111113.0
2003 3 145450.0
2003 4 174547.0
2003 5 181308.0
2003 6 173893.0
2003 7 202240.0
2003 8 167590.0
2003 9 181225.0
2003 10 205183.0
2003 11 140988.0
2003 12 133812.0
2004 1 95513.0
2004 2 130733.0
2004 3 198471.0
2004 4 205834.0
2004 5 218280.0
2004 6 261092.0
2004 7 250177.0
2004 8 231477.0
2004 9 232091.0
2004 10 198464.0
2004 11 201812.0
2004 12 197561.0
2005 1 167278.0
2005 2 208288.0
2005 3 271152.0
2005 4 274518.0
2005 5 308098.0
2005 6 342119.0
2005 7 296789.0
2005 8 350693.0
2005 9 315928.0
2005 10 280523.0
2005 11 280615.0
2005 12 204167.0
2006 1 207494.0
2006 2 225738.0
2006 3 269299.0
2006 4 307928.0
2006 5 353753.0
2006 6 284479.0
2006 7 268794.0
2006 8 270433.0
2006 9 211467.0
2006 10 171792.0
2006 11 172818.0
2006 12 129347.0
2007 1 158138.0
2007 2 146396.0
2007 3 261005.0
2007 4 215909.0
2007 5 248302.0
2007 6 222308.0
2007 7 222300.0
2007 8 170138.0
2007 9 157419.0
2007 10 138108.0
2007 11 117710.0
2007 12 128823.0
2008 1 81527.0
2008 2 85306.0
2008 3 119014.0
2008 4 141040.0
2008 5 135477.0
2008 6 140563.0
2008 7 100869.0
2008 8 101901.0
2008 9 88253.0
2008 10 62952.0
2008 11 46754.0
2008 12 38554.0
2009 1 54902.0
2009 2 33773.0
2009 3 59332.0
2009 4 73824.0
2009 5 74373.0
2009 6 90984.0
2009 7 105398.0
2009 8 99966.0
2009 9 85995.0
2009 10 62172.0
2009 11 63594.0
2009 12 50555.0
2010 1 49280.0
2010 2 56525.0
2010 3 96404.0
2010 4 88747.0
2010 5 72762.0
2010 6 87032.0
2010 7 66758.0
2010 8 45961.0
2010 9 54770.0
2010 10 57786.0
2010 11 64875.0
2010 12 34411.0
2011 1 33083.0
2011 2 45351.0
2011 3 53690.0
2011 4 68887.0
2011 5 77471.0
2011 6 83935.0
2011 7 79058.0
2011 8 76488.0
2011 9 81169.0
2011 10 62124.0
2011 11 60513.0
2011 12 48043.0
2012 1 55599.0
2012 2 61497.0
2012 3 81476.0
2012 4 107009.0
2012 5 128531.0
2012 6 117669.0
2012 7 123901.0
2012 8 133511.0
2012 9 99524.0
2012 10 100523.0
2012 11 100975.0
2012 12 83656.0
2013 1 74000.0
2013 2 97635.0
2013 3 116946.0
2013 4 143494.0
2013 5 171854.0
2013 6 154196.0
2013 7 162304.0
2013 8 142530.0
2013 9 131002.0
2013 10 162621.0
2013 11 119096.0
2013 12 108280.0
2014 1 92637.0
2014 2 120010.0
2014 3 137763.0
2014 4 149600.0
2014 5 193488.0
2014 6 152881.0
2014 7 142930.0
2014 8 155483.0
2014 9 137321.0
2014 10 153484.0
2014 11 98651.0
2014 12 127804.0
2015 1 96597.0
2015 2 111989.0
2015 3 143283.0
2015 4 190524.0
2015 5 171016.0
2015 6 168113.0
2015 7 161106.0
2015 8 172110.0
2015 9 150870.0
2015 10 150489.0
2015 11 143816.0
2015 12 109084.0
2016 1 125409.0
2016 2 135825.0
2016 3 182880.0
2016 4 204366.0
2016 5 240469.0
2016 6 206269.0
2016 7 194670.0
2016 8 230376.0
2016 9 177787.0
2016 10 170102.0
2016 11 166377.0
2016 12 122869.0
2017 1 93248.0
2017 2 171436.0
2017 3 188987.0
2017 4 225483.0
2017 5 237347.0
2017 6 264173.0
2017 7 187982.0
2017 8 312647.0
2017 9 225089.0
2017 10 255925.0
2017 11 220320.0
2017 12 140746.0
2018 1 175155.0
2018 2 205522.0
2018 3 264291.0
2018 4 237971.0
2018 5 287925.0
2018 6 268781.0
2018 7 244960.0
2018 8 265908.0
2018 9 238455.0
2018 10 263033.0
2018 11 229935.0
2018 12 179071.0
2019 1 174664.0
2019 2 152763.0
2019 3 233929.0
2019 4 250745.0
2019 5 307071.0
2019 6 247005.0
2019 7 294798.0
2019 8 299000.0
2019 9 220908.0
2019 10 300261.0
2019 11 247751.0
2019 12 224792.0
2020 1 234444.0
2020 2 239004.0
2020 3 267689.0
2020 4 212605.0
2020 5 243970.0
2020 6 286154.0
2020 7 284629.0
2020 8 289236.0
2020 9 315861.0
2020 10 309225.0
2020 11 310188.0
2020 12 305257.0
2021 1 338053.0
2021 2 297842.0
2021 3 432340.0
2021 4 395290.0
2021 5 349308.0
2021 6 380804.0
2021 7 350845.0
2021 8 358449.0
2021 9 382119.0
2021 10 369236.0
2021 11 303141.0
2021 12 349493.0
2022 1 307767.0
2022 2 407340.0
2022 3 521982.0
2022 4 462467.0
2022 5 526598.0
2022 6 510319.0
2022 7 422767.0
2022 8 438136.0
2022 9 308750.0
2022 10 268505.0
2022 11 350885.0
2022 12 158546.0
2023 1 199925.0
2023 2 253835.0
2023 3 305549.0
2023 4 364720.0
2023 5 458781.0
2023 6 403357.0
2023 7 390530.0
2023 8 467725.0
2023 9 482115.0
2023 10 435426.0
2023 11 359818.0
2023 12 305828.0
2024 1 274267.0
2024 2 320231.0
2024 3 371532.0
2024 4 415832.0
2024 5 449414.0
2024 6 401037.0
2024 7 416726.0
2024 8 403460.0
