1960 5 1450.0
1960 6 1545.0
1960 7 1078.0
1960 8 1252.0
1960 9 1319.0
1960 10 1335.0
1960 11 1398.0
1960 12 1129.0
1961 1 797.0
1961 2 781.0
1961 3 976.0
1961 4 1460.0
1961 5 1483.0
1961 6 1354.0
1961 7 1089.0
1961 8 1328.0
1961 9 1260.0
1961 10 1828.0
1961 11 974.0
1961 12 1009.0
1962 1 618.0
1962 2 708.0
1962 3 1782.0
1962 4 1741.0
1962 5 1835.0
1962 6 1137.0
1962 7 1097.0
1962 8 1248.0
1962 9 1064.0
1962 10 1238.0
1962 11 1105.0
1962 12 1000.0
1963 1 519.0
1963 2 856.0
1963 3 1339.0
1963 4 1777.0
1963 5 1110.0
1963 6 1295.0
1963 7 1178.0
1963 8 1349.0
1963 9 1187.0
1963 10 1025.0
1963 11 863.0
1963 12 701.0
1964 1 539.0
1964 2 576.0
1964 3 1223.0
1964 4 1589.0
1964 5 1543.0
1964 6 1656.0
1964 7 1299.0
1964 8 1060.0
1964 9 1236.0
1964 10 1619.0
1964 11 1004.0
1964 12 525.0
1965 1 639.0
1965 2 882.0
1965 3 1421.0
1965 4 1846.0
1965 5 1312.0
1965 6 1750.0
1965 7 899.0
1965 8 1181.0
1965 9 955.0
1965 10 1217.0
1965 11 1220.0
1965 12 944.0
1966 1 768.0
1966 2 943.0
1966 3 1591.0
1966 4 1694.0
1966 5 1461.0
1966 6 854.0
1966 7 793.0
1966 8 746.0
1966 9 719.0
1966 10 637.0
1966 11 450.0
1966 12 216.0
1967 1 551.0
1967 2 716.0
1967 3 1125.0
1967 4 1029.0
1967 5 1076.0
1967 6 1298.0
1967 7 1114.0
1967 8 1095.0
1967 9 853.0
1967 10 1088.0
1967 11 1154.0
1967 12 719.0
1968 1 635.0
1968 2 837.0
1968 3 1449.0
1968 4 1370.0
1968 5 1845.0
1968 6 1431.0
1968 7 1429.0
1968 8 1293.0
1968 9 1592.0
1968 10 2119.0
1968 11 1104.0
1968 12 685.0
1969 1 498.0
1969 2 728.0
1969 3 1344.0
1969 4 1926.0
1969 5 1481.0
1969 6 1188.0
1969 7 1279.0
1969 8 842.0
1969 9 1307.0
1969 10 1576.0
1969 11 1416.0
1969 12 1285.0
1970 1 612.0
1970 2 1681.0
1970 3 1743.0
1970 4 1764.0
1970 5 2659.0
1970 6 3194.0
1970 7 2031.0
1970 8 1735.0
1970 9 2611.0
1970 10 1857.0
1970 11 1745.0
1970 12 1275.0
1971 1 1205.0
1971 2 1268.0
1971 3 1998.0
1971 4 2996.0
1971 5 3523.0
1971 6 4715.0
1971 7 3885.0
1971 8 2877.0
1971 9 3215.0
1971 10 2558.0
1971 11 2904.0
1971 12 1577.0
1972 1 2000.0
1972 2 2286.0
1972 3 3710.0
1972 4 4134.0
1972 5 4598.0
1972 6 4948.0
1972 7 3082.0
1972 8 4518.0
1972 9 4071.0
1972 10 4608.0
1972 11 4571.0
1972 12 1839.0
1973 1 4081.0
1973 2 4937.0
1973 3 7932.0
1973 4 7945.0
1973 5 8498.0
1973 6 9102.0
1973 7 5526.0
1973 8 5449.0
1973 9 3967.0
1973 10 7070.0
1973 11 5790.0
1973 12 6274.0
1974 1 3846.0
1974 2 7818.0
1974 3 11432.0
1974 4 9950.0
1974 5 8818.0
1974 6 9500.0
1974 7 9481.0
1974 8 8623.0
1974 9 9881.0
1974 10 9359.0
1974 11 6690.0
1974 12 6453.0
1975 1 9017.0
1975 2 8842.0
1975 3 10886.0
1975 4 13886.0
1975 5 13773.0
1975 6 15270.0
1975 7 10887.0
1975 8 10801.0
1975 9 15008.0
1975 10 13810.0
1975 11 13589.0
1975 12 9713.0
1976 1 10977.0
1976 2 11362.0
1976 3 16299.0
1976 4 19972.0
1976 5 16201.0
1976 6 20938.0
1976 7 16422.0
1976 8 16425.0
1976 9 15246.0
1976 10 14499.0
1976 11 18944.0
1976 12 14614.0
1977 1 10209.0
1977 2 16454.0
1977 3 24726.0
1977 4 25295.0
1977 5 26376.0
1977 6 25712.0
1977 7 21953.0
1977 8 23232.0
1977 9 21675.0
1977 10 26378.0
1977 11 17008.0
1977 12 16258.0
1978 1 13031.0
1978 2 16578.0
1978 3 27039.0
1978 4 29129.0
1978 5 28793.0
1978 6 25526.0
1978 7 18793.0
1978 8 19925.0
1978 9 18268.0
1978 10 22999.0
1978 11 15536.0
1978 12 7737.0
1979 1 4742.0
1979 2 10071.0
1979 3 21423.0
1979 4 26788.0
1979 5 30171.0
1979 6 26819.0
1979 7 23545.0
1979 8 24049.0
1979 9 21655.0
1979 10 22407.0
1979 11 12277.0
1979 12 8611.0
1980 1 8060.0
1980 2 9234.0
1980 3 10485.0
1980 4 10991.0
1980 5 13550.0
1980 6 16478.0
1980 7 22546.0
1980 8 18115.0
1980 9 21550.0
1980 10 16849.0
1980 11 12262.0
1980 12 7711.0
1981 1 10730.0
1981 2 7306.0
1981 3 12259.0
1981 4 10863.0
1981 5 11591.0
1981 6 13967.0
1981 7 19430.0
1981 8 10937.0
1981 9 7347.0
1981 10 5586.0
1981 11 4349.0
1981 12 3573.0
1982 1 1722.0
1982 2 2144.0
1982 3 7167.0
1982 4 8897.0
1982 5 7736.0
1982 6 7396.0
1982 7 8347.0
1982 8 7395.0
1982 9 12853.0
1982 10 11179.0
1982 11 8804.0
1982 12 6429.0
1983 1 5794.0
1983 2 8089.0
1983 3 16021.0
1983 4 17152.0
1983 5 31437.0
1983 6 21003.0
1983 7 16687.0
1983 8 16281.0
1983 9 13939.0
1983 10 15727.0
1983 11 12904.0
1983 12 4781.0
1984 1 8307.0
1984 2 11249.0
1984 3 17684.0
1984 4 18636.0
1984 5 19963.0
1984 6 19893.0
1984 7 15491.0
1984 8 17035.0
1984 9 16615.0
1984 10 18640.0
1984 11 10294.0
1984 12 5579.0
1985 1 4746.0
1985 2 7573.0
1985 3 18054.0
1985 4 19980.0
1985 5 24050.0
1985 6 19780.0
1985 7 18613.0
1985 8 18096.0
1985 9 16910.0
1985 10 15417.0
1985 11 7796.0
1985 12 5401.0
1986 1 6576.0
1986 2 7637.0
1986 3 17606.0
1986 4 21973.0
1986 5 22107.0
1986 6 21640.0
1986 7 23409.0
1986 8 18385.0
1986 9 15472.0
1986 10 16754.0
1986 11 10615.0
1986 12 8311.0
1987 1 5247.0
1987 2 9905.0
1987 3 21884.0
1987 4 23084.0
1987 5 18171.0
1987 6 16694.0
1987 7 20317.0
1987 8 15967.0
1987 9 15157.0
1987 10 15769.0
1987 11 10825.0
1987 12 6283.0
1988 1 5411.0
1988 2 10545.0
1988 3 23563.0
1988 4 22646.0
1988 5 23432.0
1988 6 24780.0
1988 7 17287.0
1988 8 21012.0
1988 9 19503.0
1988 10 20058.0
1988 11 15766.0
1988 12 10950.0
1989 1 6307.0
1989 2 9879.0
1989 3 24318.0
1989 4 27008.0
1989 5 37088.0
1989 6 31310.0
1989 7 33167.0
1989 8 31128.0
1989 9 28906.0
1989 10 29253.0
1989 11 21099.0
1989 12 16678.0
1990 1 14962.0
1990 2 17909.0
1990 3 36278.0
1990 4 37427.0
1990 5 43766.0
1990 6 38196.0
1990 7 41860.0
1990 8 39495.0
1990 9 29662.0
1990 10 33728.0
1990 11 25247.0
1990 12 21585.0
1991 1 12664.0
1991 2 23247.0
1991 3 37978.0
1991 4 46131.0
1991 5 56478.0
1991 6 47115.0
1991 7 50207.0
1991 8 45738.0
1991 9 44768.0
1991 10 50089.0
1991 11 30177.0
1991 12 28173.0
1992 1 28441.0
1992 2 38638.0
1992 3 62079.0
1992 4 75618.0
1992 5 61801.0
1992 6 66445.0
1992 7 63458.0
1992 8 58314.0
1992 9 57869.0
1992 10 75201.0
1992 11 45267.0
1992 12 33291.0
1993 1 25778.0
1993 2 37961.0
1993 3 65213.0
1993 4 79358.0
1993 5 72786.0
1993 6 86662.0
1993 7 74123.0
1993 8 73555.0
1993 9 75504.0
1993 10 69121.0
1993 11 70734.0
1993 12 48480.0
1994 1 42494.0
1994 2 46542.0
1994 3 88826.0
1994 4 94211.0
1994 5 86478.0
1994 6 87669.0
1994 7 71935.0
1994 8 75833.0
1994 9 74610.0
1994 10 58773.0
1994 11 49974.0
1994 12 31829.0
1995 1 32407.0
1995 2 38444.0
1995 3 63388.0
1995 4 63000.0
1995 5 77263.0
1995 6 81288.0
1995 7 70257.0
1995 8 89897.0
1995 9 76594.0
1995 10 70777.0
1995 11 65926.0
1995 12 41923.0
1996 1 35812.0
1996 2 54597.0
1996 3 80619.0
1996 4 90841.0
1996 5 105909.0
1996 6 83022.0
1996 7 97321.0
1996 8 90653.0
1996 9 79007.0
1996 10 67566.0
1996 11 56466.0
1996 12 41741.0
1997 1 41710.0
1997 2 53004.0
1997 3 77974.0
1997 4 90469.0
1997 5 90456.0
1997 6 93567.0
1997 7 93810.0
1997 8 90959.0
1997 9 92625.0
1997 10 80038.0
1997 11 61525.0
1997 12 54857.0
1998 1 49822.0
1998 2 63698.0
1998 3 95149.0
1998 4 108899.0
1998 5 105298.0
1998 6 115087.0
1998 7 102230.0
1998 8 97236.0
1998 9 110634.0
1998 10 95782.0
1998 11 75415.0
1998 12 64184.0
1999 1 58244.0
1999 2 61134.0
1999 3 109856.0
1999 4 114668.0
1999 5 120003.0
1999 6 133447.0
1999 7 103957.0
1999 8 113047.0
1999 9 101108.0
1999 10 102030.0
1999 11 86690.0
1999 12 61043.0
2000 1 67038.0
2000 2 76278.0
2000 3 110329.0
2000 4 112899.0
2000 5 124664.0
2000 6 123452.0
2000 7 101244.0
2000 8 144155.0
2000 9 108299.0
2000 10 107008.0
2000 11 104700.0
2000 12 57862.0
2001 1 73269.0
2001 2 77008.0
2001 3 124740.0
2001 4 135471.0
2001 5 148910.0
2001 6 124222.0
2001 7 116623.0
2001 8 129469.0
2001 9 104789.0
2001 10 118633.0
2001 11 80242.0
2001 12 52824.0
2002 1 72970.0
2002 2 68291.0
2002 3 97322.0
2002 4 140423.0
2002 5 146379.0
2002 6 135368.0
2002 7 134329.0
2002 8 133773.0
2002 9 130095.0
2002 10 141238.0
2002 11 110934.0
2002 12 96129.0
2003 1 94331.0
2003 2 93714.0
2003 3 143242.0
2003 4 168574.0
2003 5 169644.0
2003 6 159587.0
2003 7 195868.0
2003 8 154806.0
2003 9 170475.0
2003 10 191833.0
2003 11 137207.0
2003 12 120373.0
2004 1 90473.0
2004 2 123318.0
2004 3 186111.0
2004 4 195752.0
2004 5 209311.0
2004 6 246210.0
2004 7 231157.0
2004 8 218134.0
2004 9 210602.0
2004 10 190428.0
2004 11 184844.0
2004 12 188216.0
2005 1 158627.0
2005 2 189085.0
2005 3 262288.0
2005 4 261667.0
2005 5 290556.0
2005 6 329971.0
2005 7 278607.0
2005 8 334616.0
2005 9 294371.0
2005 10 271221.0
2005 11 272614.0
2005 12 188329.0
2006 1 202233.0
2006 2 214588.0
2006 3 260218.0
2006 4 273254.0
2006 5 341052.0
2006 6 265419.0
2006 7 253626.0
2006 8 260079.0
2006 9 193730.0
2006 10 159428.0
2006 11 155234.0
2006 12 120188.0
2007 1 147396.0
2007 2 129838.0
2007 3 231177.0
2007 4 204538.0
2007 5 223397.0
2007 6 206957.0
2007 7 186950.0
2007 8 150597.0
2007 9 134566.0
2007 10 125089.0
2007 11 101848.0
2007 12 85556.0
2008 1 76153.0
2008 2 75716.0
2008 3 114428.0
2008 4 131972.0
2008 5 133392.0
2008 6 130383.0
2008 7 97864.0
2008 8 99792.0
2008 9 80340.0
2008 10 58957.0
2008 11 44067.0
2008 12 33630.0
2009 1 22482.0
2009 2 32005.0
2009 3 58527.0
2009 4 68576.0
2009 5 74094.0
2009 6 86126.0
2009 7 101074.0
2009 8 94540.0
2009 9 85453.0
2009 10 60864.0
2009 11 62340.0
2009 12 50333.0
2010 1 43974.0
2010 2 53781.0
2010 3 95441.0
2010 4 87294.0
2010 5 67580.0
2010 6 78364.0
2010 7 66758.0
2010 8 45239.0
2010 9 54433.0
2010 10 56844.0
2010 11 40561.0
2010 12 33606.0
2011 1 32116.0
2011 2 41349.0
2011 3 52004.0
2011 4 67391.0
2011 5 74319.0
2011 6 76399.0
2011 7 68093.0
2011 8 66413.0
2011 9 71960.0
2011 10 60855.0
2011 11 57796.0
2011 12 46780.0
2012 1 53966.0
2012 2 56932.0
2012 3 73544.0
2012 4 99314.0
2012 5 116263.0
2012 6 111407.0
2012 7 114969.0
2012 8 124473.0
2012 9 92831.0
2012 10 97250.0
2012 11 90070.0
2012 12 80383.0
2013 1 71482.0
2013 2 89528.0
2013 3 112125.0
2013 4 138764.0
2013 5 162823.0
2013 6 146261.0
2013 7 154911.0
2013 8 135995.0
2013 9 116669.0
2013 10 134337.0
2013 11 109042.0
2013 12 88839.0
2014 1 89624.0
2014 2 92880.0
2014 3 112781.0
2014 4 129496.0
2014 5 166092.0
2014 6 134652.0
2014 7 130300.0
2014 8 133335.0
2014 9 118262.0
2014 10 114649.0
2014 11 86485.0
2014 12 114580.0
2015 1 94890.0
2015 2 104323.0
2015 3 130232.0
2015 4 162273.0
2015 5 147275.0
2015 6 155873.0
2015 7 137460.0
2015 8 161631.0
2015 9 134548.0
2015 10 143638.0
2015 11 126040.0
2015 12 103390.0
2016 1 112740.0
2016 2 114165.0
2016 3 166035.0
2016 4 179396.0
2016 5 202320.0
2016 6 194416.0
2016 7 161769.0
2016 8 201814.0
2016 9 170522.0
2016 10 156442.0
2016 11 148876.0
2016 12 110606.0
2017 1 90901.0
2017 2 158009.0
2017 3 174619.0
2017 4 194031.0
2017 5 205191.0
2017 6 230622.0
2017 7 181212.0
2017 8 244822.0
2017 9 186257.0
2017 10 225495.0
2017 11 200642.0
2017 12 125102.0
2018 1 163125.0
2018 2 168039.0
2018 3 224785.0
2018 4 223596.0
2018 5 258105.0
2018 6 247878.0
2018 7 226905.0
2018 8 234274.0
2018 9 198603.0
2018 10 242667.0
2018 11 211074.0
2018 12 151204.0
2019 1 161572.0
2019 2 143862.0
2019 3 226989.0
2019 4 225678.0
2019 5 264013.0
2019 6 228159.0
2019 7 230330.0
2019 8 230973.0
2019 9 191415.0
2019 10 229645.0
2019 11 190990.0
2019 12 186013.0
2020 1 181917.0
2020 2 208764.0
2020 3 219340.0
2020 4 199434.0
2020 5 213665.0
2020 6 255833.0
2020 7 260025.0
2020 8 265672.0
2020 9 283533.0
2020 10 270268.0
2020 11 266372.0
2020 12 274064.0
2021 1 308041.0
2021 2 243540.0
2021 3 360618.0
2021 4 374251.0
2021 5 315607.0
2021 6 322675.0
2021 7 311332.0
2021 8 308117.0
2021 9 297651.0
2021 10 289859.0
2021 11 256298.0
2021 12 268760.0
2022 1 283748.0
2022 2 295068.0
2022 3 387235.0
2022 4 393519.0
2022 5 397667.0
2022 6 339408.0
2022 7 340032.0
2022 8 352711.0
2022 9 278813.0
2022 10 202024.0
2022 11 227340.0
2022 12 119534.0
2023 1 146070.0
2023 2 193209.0
2023 3 263132.0
2023 4 286989.0
2023 5 368209.0
2023 6 344062.0
2023 7 305350.0
2023 8 385203.0
2023 9 269436.0
2023 10 352609.0
2023 11 282286.0
2023 12 216137.0
2024 1 244720.0
2024 2 270624.0
2024 3 315485.0
2024 4 393628.0
2024 5 404310.0
2024 6 380305.0
2024 7 403523.0
2024 8 365892.0
