1960 7 375.0
1960 8 256.6666666666667
1960 9 138.33333333333334
1960 10 20.0
1960 11 23.333333333333332
1960 12 26.666666666666668
1961 1 30.0
1961 2 33.333333333333336
1961 3 36.66666666666667
1961 4 40.0
1961 5 29.0
1961 6 18.0
1961 7 100.0
1961 8 70.0
1961 9 40.0
1961 10 46.0
1961 11 52.0
1961 12 58.0
1962 1 64.0
1962 2 70.0
1962 3 76.0
1962 4 170.0
1962 5 90.0
1962 6 58.0
1962 7 53.8
1962 8 49.6
1962 9 45.4
1962 10 41.2
1962 11 37.0
1962 12 169.0
1963 1 256.0
1963 2 77.0
1963 3 119.5
1963 4 162.0
1963 5 306.0
1963 6 450.0
1963 7 119.0
1963 8 1771.0
1963 9 1525.857142857143
1963 10 1280.7142857142858
1963 11 1035.5714285714284
1963 12 790.4285714285714
1964 1 545.2857142857142
1964 2 300.1428571428571
1964 3 55.0
1964 4 180.5
1964 5 306.0
1964 6 270.0
1964 7 70.0
1964 8 128.0
1964 9 156.5
1964 10 185.0
1964 11 313.0
1964 12 200.0
1965 1 182.5
1965 2 165.0
1965 3 50.0
1965 4 97.0
1965 5 160.0
1965 6 80.0
1965 7 180.0
1965 8 280.0
1965 9 135.0
1965 10 291.0
1965 11 205.0
1965 12 158.75
1966 1 112.5
1966 2 66.25
1966 3 20.0
1966 4 613.0
1966 5 165.0
1966 6 196.25
1966 7 227.5
1966 8 258.75
1966 9 290.0
1966 10 183.0
1966 11 76.0
1966 12 65.66666666666667
1967 1 55.33333333333333
1967 2 45.0
1967 3 230.0
1967 4 415.0
1967 5 455.0
1967 6 166.0
1967 7 97.0
1967 8 129.0
1967 9 143.5
1967 10 158.0
1967 11 123.0
1967 12 50.0
1968 1 157.0
1968 2 597.0
1968 3 535.0
1968 4 230.0
1968 5 231.33333333333334
1968 6 232.66666666666666
1968 7 234.0
1968 8 257.0
1968 9 280.0
1968 10 846.0
1968 11 200.0
1968 12 174.0
1969 1 148.0
1969 2 99.0
1969 3 50.0
1969 4 94.66666666666666
1969 5 139.33333333333331
1969 6 184.0
1969 7 180.0
1969 8 328.0
1969 9 920.0
1969 10 930.0
1969 11 212.0
1969 12 354.0
1970 1 919.3333333333334
1970 2 1484.6666666666667
1970 3 2050.0
1970 4 50.0
1970 5 390.0
1970 6 479.5
1970 7 569.0
1970 8 140.0
1970 9 1990.0
1970 10 1495.0
1970 11 261.0
1970 12 62.0
1971 1 2255.0
1971 2 302.0
1971 3 215.0
1971 4 4438.0
1971 5 1180.0
1971 6 1021.0
1971 7 1034.0
1971 8 184.0
1971 9 911.0
1971 10 345.0
1971 11 495.0
1971 12 500.0
1972 1 656.0
1972 2 1984.0
1972 3 459.0
1972 4 1953.0
1972 5 1113.0
1972 6 1393.5
1972 7 1674.0
1972 8 530.0
1972 9 549.0
1972 10 2291.0
1972 11 263.0
1972 12 181.5
1973 1 100.0
1973 2 750.0
1973 3 318.0
1973 4 275.0
1973 5 1081.0
1973 6 1739.0
1973 7 1091.0
1973 8 1578.0
1973 9 155.0
1973 10 131.0
1973 11 107.0
1973 12 2000.0
1974 1 1137.0
1974 2 274.0
1974 3 306.0
1974 4 172.0
1974 5 2603.0
1974 6 404.0
1974 7 700.0
1974 8 88.0
1974 9 919.0
1974 10 308.0
1974 11 434.0
1974 12 55.0
1975 1 254.0
1975 2 453.0
1975 3 652.0
1975 4 1693.0
1975 5 4722.0
1975 6 100.0
1975 7 345.0
1975 8 100.0
1975 9 1179.0
1975 10 495.0
1975 11 1601.0
1975 12 716.0
1976 1 834.0
1976 2 110.0
1976 3 850.0
1976 4 400.0
1976 5 967.0
1976 6 1250.0
1976 7 525.0
1976 8 1696.0
1976 9 1976.0
1976 10 1960.0
1976 11 1125.0
1976 12 1643.0
1977 1 517.0
1977 2 2320.0
1977 3 2322.0
1977 4 1664.0
1977 5 3116.0
1977 6 1979.0
1977 7 5553.0
1977 8 4958.0
1977 9 862.0
1977 10 1827.0
1977 11 4432.0
1977 12 2275.0
1978 1 503.0
1978 2 1857.0
1978 3 1753.0
1978 4 2373.0
1978 5 600.0
1978 6 753.0
1978 7 929.0
1978 8 2150.0
1978 9 2336.0
1978 10 2522.0
1978 11 1261.0
1978 12 385.0
1979 1 2167.0
1979 2 3343.0
1979 3 785.0
1979 4 1749.0
1979 5 4786.0
1979 6 1183.0
1979 7 2150.0
1979 8 649.0
1979 9 3798.0
1979 10 2000.0
1979 11 133.0
1979 12 990.0
1980 1 1172.0
1980 2 742.0
1980 3 908.0
1980 4 742.0
1980 5 576.0
1980 6 1539.0
1980 7 2502.0
1980 8 1140.0
1980 9 1521.0
1980 10 1192.0
1980 11 3095.0
1980 12 1868.0
1981 1 1910.0
1981 2 1515.5
1981 3 1121.0
1981 4 870.0
1981 5 550.0
1981 6 1285.0
1981 7 1337.0
1981 8 1017.0
1981 9 5301.0
1981 10 400.0
1981 11 641.0
1981 12 78.0
1982 1 639.0
1982 2 1200.0
1982 3 11611.0
1982 4 6162.0
1982 5 713.0
1982 6 343.0
1982 7 927.0
1982 8 722.5
1982 9 518.0
1982 10 416.5
1982 11 315.0
1982 12 213.5
1983 1 112.0
1983 2 528.0
1983 3 364.0
1983 4 200.0
1983 5 745.0
1983 6 699.0
1983 7 819.5
1983 8 940.0
1983 9 2615.0
1983 10 577.0
1983 11 2967.0
1983 12 2436.0
1984 1 1393.0
1984 2 350.0
1984 3 527.0
1984 4 1047.0
1984 5 1269.0
1984 6 4591.0
1984 7 130.0
1984 8 415.0
1984 9 698.0
1984 10 1385.0
1984 11 750.0
1984 12 1780.0
1985 1 899.0
1985 2 18.0
1985 3 30.5
1985 4 43.0
1985 5 180.0
1985 6 5498.0
1985 7 5226.0
1985 8 720.0
1985 9 1639.0
1985 10 3597.0
1985 11 2001.0
1985 12 149.0
1986 1 637.0
1986 2 1125.0
1986 3 3034.0
1986 4 1104.0
1986 5 613.0
1986 6 1600.0
1986 7 4391.0
1986 8 1680.0
1986 9 272.0
1986 10 2362.0
1986 11 673.0
1986 12 272.0
1987 1 293.0
1987 2 494.5
1987 3 696.0
1987 4 233.0
1987 5 1152.0
1987 6 253.0
1987 7 537.0
1987 8 413.0
1987 9 2693.5
1987 10 4974.0
1987 11 251.0
1987 12 189.5
1988 1 128.0
1988 2 100.33333333333333
1988 3 72.66666666666666
1988 4 45.0
1988 5 38.5
1988 6 32.0
1988 7 324.0
1988 8 2340.0
1988 9 1357.0
1988 10 1221.4
1988 11 1085.8
1988 12 950.2
1989 1 814.6
1989 2 679.0
1989 3 1282.0
1989 4 1485.0
1989 5 1251.0
1989 6 5068.0
1989 7 8770.0
1989 8 281.0
1989 9 1739.0
1989 10 283.0
1989 11 1283.0
1989 12 1589.0
1990 1 1076.5
1990 2 564.0
1990 3 1397.0
1990 4 1717.0
1990 5 984.0
1990 6 2433.5
1990 7 3883.0
1990 8 564.0
1990 9 8237.0
1990 10 4330.0
1990 11 423.0
1990 12 347.0
1991 1 258.0
1991 2 169.0
1991 3 1505.0
1991 4 1105.0
1991 5 1934.0
1991 6 743.0
1991 7 156.0
1991 8 3644.0
1991 9 699.0
1991 10 9056.0
1991 11 1075.0
1991 12 2079.0
1992 1 2596.0
1992 2 3113.0
1992 3 1518.0
1992 4 2604.0
1992 5 3027.0
1992 6 560.0
1992 7 2195.0
1992 8 1277.0
1992 9 3777.0
1992 10 6948.0
1992 11 4307.0
1992 12 1404.0
1993 1 221.0
1993 2 7019.0
1993 3 1587.0
1993 4 622.0
1993 5 3289.0
1993 6 2107.0
1993 7 6444.0
1993 8 7575.0
1993 9 3297.0
1993 10 10764.0
1993 11 5278.0
1993 12 6247.0
1994 1 556.0
1994 2 5425.0
1994 3 10294.0
1994 4 3214.0
1994 5 878.0
1994 6 3776.0
1994 7 3144.0
1994 8 4093.0
1994 9 22873.0
1994 10 11752.0
1994 11 1796.0
1994 12 2707.0
1995 1 199.0
1995 2 7116.0
1995 3 822.0
1995 4 1771.0
1995 5 4845.0
1995 6 9026.0
1995 7 3913.0
1995 8 2633.0
1995 9 8505.0
1995 10 1968.0
1995 11 4343.0
1995 12 4069.0
1996 1 542.0
1996 2 3173.0
1996 3 1343.0
1996 4 4227.0
1996 5 2487.0
1996 6 5822.0
1996 7 2665.0
1996 8 1480.0
1996 9 2644.0
1996 10 1856.0
1996 11 353.0
1996 12 1651.0
1997 1 1027.0
1997 2 834.0
1997 3 2863.0
1997 4 1444.0
1997 5 1165.0
1997 6 2956.0
1997 7 11062.0
1997 8 6637.0
1997 9 2335.0
1997 10 3959.0
1997 11 1627.0
1997 12 2517.0
1998 1 739.0
1998 2 6170.0
1998 3 11601.0
1998 4 2051.0
1998 5 2727.0
1998 6 823.0
1998 7 2523.0
1998 8 3690.0
1998 9 756.0
1998 10 2591.0
1998 11 3141.0
1998 12 5000.0
1999 1 2768.5
1999 2 537.0
1999 3 383.0
1999 4 14484.0
1999 5 468.0
1999 6 4300.0
1999 7 11284.0
1999 8 1705.0
1999 9 8405.0
1999 10 5514.0
1999 11 1231.0
1999 12 6424.0
2000 1 499.0
2000 2 741.5
2000 3 984.0
2000 4 1159.0
2000 5 575.0
2000 6 11454.0
2000 7 4689.0
2000 8 3625.0
2000 9 3203.0
2000 10 606.0
2000 11 2614.0
2000 12 824.0
2001 1 4329.0
2001 2 6113.0
2001 3 10258.0
2001 4 3892.0
2001 5 3213.0
2001 6 11146.0
2001 7 1452.0
2001 8 5100.0
2001 9 2104.0
2001 10 8165.0
2001 11 6875.0
2001 12 5585.0
2002 1 6001.0
2002 2 2453.0
2002 3 5970.0
2002 4 6737.0
2002 5 3949.0
2002 6 2137.0
2002 7 2772.0
2002 8 4973.0
2002 9 9578.0
2002 10 16434.0
2002 11 6139.0
2002 12 20609.0
2003 1 1644.0
2003 2 16741.0
2003 3 615.0
2003 4 1796.0
2003 5 4126.0
2003 6 8036.0
2003 7 639.0
2003 8 5980.0
2003 9 3460.0
2003 10 6361.0
2003 11 1750.0
2003 12 9867.0
2004 1 693.0
2004 2 1862.0
2004 3 3720.0
2004 4 1979.0
2004 5 1365.0
2004 6 3655.0
2004 7 5443.0
2004 8 2176.0
2004 9 14689.0
2004 10 2874.0
2004 11 3505.0
2004 12 4618.0
2005 1 4040.0
2005 2 8240.0
2005 3 3438.0
2005 4 6068.0
2005 5 656.0
2005 6 3332.0
2005 7 10161.0
2005 8 2102.0
2005 9 8649.0
2005 10 4274.0
2005 11 3199.0
2005 12 7786.0
2006 1 690.0
2006 2 3108.0
2006 3 3628.0
2006 4 28897.0
2006 5 2202.0
2006 6 4654.0
2006 7 7308.0
2006 8 4988.0
2006 9 13157.0
2006 10 4127.0
2006 11 12193.0
2006 12 4905.0
2007 1 3217.0
2007 2 1681.0
2007 3 19257.0
2007 4 4121.0
2007 5 5831.0
2007 6 6815.0
2007 7 29650.0
2007 8 8585.0
2007 9 17334.0
2007 10 9932.0
2007 11 5488.0
2007 12 41199.0
2008 1 4121.0
2008 2 6993.0
2008 3 363.0
2008 4 2594.0
2008 5 3113.0
2008 6 3632.0
2008 7 2131.5
2008 8 631.0
2008 9 6212.0
2008 10 2464.0
2008 11 1945.5
2008 12 1427.0
2009 1 22593.0
2009 2 16548.666666666668
2009 3 10504.333333333334
2009 4 4460.0
2009 5 2937.0
2009 6 1414.0
2009 7 1695.0
2009 8 4819.0
2009 9 4823.0
2009 10 4827.0
2009 11 4831.0
2009 12 4835.0
2010 1 4839.0
2010 2 2360.0
2010 3 400.0
2010 4 324.0
2010 5 4872.0
2010 6 7906.0
2010 7 4240.5
2010 8 575.0
2010 9 8229.666666666668
2010 10 15884.333333333334
2010 11 23539.0
2010 12 805.0
2011 1 967.0
2011 2 3674.0
2011 3 1611.0
2011 4 815.0
2011 5 1265.0
2011 6 5470.0
2011 7 10339.0
2011 8 9375.0
2011 9 6026.0
2011 10 1269.0
2011 11 1006.0
2011 12 335.0
2012 1 928.5
2012 2 1522.0
2012 3 5380.0
2012 4 3686.0
2012 5 3645.0
2012 6 1876.0
2012 7 7481.0
2012 8 6313.0
2012 9 5801.0
2012 10 1395.0
2012 11 10402.0
2012 12 3062.0
2013 1 2518.0
2013 2 6556.0
2013 3 2374.0
2013 4 3785.0
2013 5 7425.0
2013 6 6047.0
2013 7 6961.0
2013 8 6119.0
2013 9 13648.0
2013 10 27604.0
2013 11 8002.0
2013 12 14751.0
2014 1 2821.0
2014 2 26132.0
2014 3 21081.0
2014 4 19225.0
2014 5 25778.0
2014 6 11648.0
2014 7 11671.0
2014 8 16627.0
2014 9 16150.0
2014 10 36377.0
2014 11 3884.0
2014 12 10819.0
2015 1 6082.0
2015 2 1345.0
2015 3 8491.0
2015 4 22795.0
2015 5 21235.0
2015 6 10306.0
2015 7 21006.0
2015 8 9230.0
2015 9 11481.0
2015 10 5334.0
2015 11 14575.0
2015 12 4786.0
2016 1 12400.0
2016 2 17972.0
2016 3 12651.0
2016 4 23129.0
2016 5 25684.0
2016 6 9412.0
2016 7 29132.0
2016 8 22736.0
2016 9 6132.0
2016 10 11778.0
2016 11 10734.0
2016 12 8350.0
2017 1 1789.0
2017 2 2359.0
2017 3 10162.0
2017 4 27874.0
2017 5 29301.0
2017 6 30038.0
2017 7 5816.0
2017 8 66147.0
2017 9 34158.0
2017 10 22643.0
2017 11 17496.0
2017 12 15382.0
2018 1 10646.0
2018 2 33347.0
2018 3 35945.0
2018 4 11132.0
2018 5 28455.0
2018 6 15153.0
2018 7 14662.0
2018 8 27803.0
2018 9 34669.0
2018 10 12602.0
2018 11 13287.0
2018 12 26272.0
2019 1 9826.0
2019 2 7096.0
2019 3 3831.0
2019 4 17273.0
2019 5 34260.0
2019 6 13028.0
2019 7 53706.0
2019 8 61492.0
2019 9 19273.0
2019 10 63809.0
2019 11 50463.0
2019 12 30522.0
2020 1 50491.0
2020 2 24175.0
2020 3 42121.0
2020 4 8124.0
2020 5 10710.0
2020 6 25391.0
2020 7 22272.0
2020 8 16830.0
2020 9 18604.0
2020 10 31690.0
2020 11 35320.0
2020 12 22612.0
2021 1 13476.0
2021 2 42632.0
2021 3 56719.0
2021 4 14947.0
2021 5 5998.0
2021 6 46264.0
2021 7 23990.0
2021 8 41767.0
2021 9 72887.0
2021 10 64007.0
2021 11 42828.0
2021 12 67110.0
2022 1 17385.0
2022 2 103077.0
2022 3 111456.0
2022 4 59074.0
2022 5 110697.0
2022 6 159754.0
2022 7 69324.0
2022 8 67543.0
2022 9 16802.0
2022 10 53515.0
2022 11 116879.0
2022 12 33389.0
2023 1 46760.0
2023 2 53551.0
2023 3 31406.0
2023 4 59924.0
2023 5 82859.0
2023 6 41815.0
2023 7 77058.0
2023 8 71754.0
2023 9 202117.0
2023 10 71592.0
2023 11 72749.0
2023 12 81385.0
2024 1 7467.0
2024 2 42270.0
2024 3 48149.0
2024 4 11057.0
2024 5 32331.0
2024 6 11377.0
2024 7 4325.0
2024 8 27518.0
