1960 5 9654.0
1960 6 5131.0
1960 7 8027.0
1960 8 5926.0
1960 9 6605.0
1960 10 9719.0
1960 11 9627.0
1960 12 10087.0
1961 1 5975.0
1961 2 19551.0
1961 3 12269.0
1961 4 9859.0
1961 5 17432.0
1961 6 5997.0
1961 7 10782.0
1961 8 13773.0
1961 9 21186.0
1961 10 6987.0
1961 11 11631.0
1961 12 5785.0
1962 1 7101.0
1962 2 11021.0
1962 3 11907.0
1962 4 11163.0
1962 5 9683.0
1962 6 28950.0
1962 7 16219.0
1962 8 13200.0
1962 9 9507.0
1962 10 7870.0
1962 11 6305.0
1962 12 13023.0
1963 1 4461.0
1963 2 5036.0
1963 3 8637.0
1963 4 8796.0
1963 5 9343.0
1963 6 10215.0
1963 7 11746.0
1963 8 9472.0
1963 9 5309.0
1963 10 12430.0
1963 11 17072.0
1963 12 9299.0
1964 1 17696.0
1964 2 5336.0
1964 3 10424.0
1964 4 9093.0
1964 5 9110.0
1964 6 15573.0
1964 7 10558.0
1964 8 11176.0
1964 9 12591.0
1964 10 10695.0
1964 11 10019.0
1964 12 13826.0
1965 1 8346.0
1965 2 3115.0
1965 3 12497.0
1965 4 13048.0
1965 5 6201.0
1965 6 16672.0
1965 7 16135.0
1965 8 17648.0
1965 9 20830.0
1965 10 10273.0
1965 11 13900.0
1965 12 13932.0
1966 1 23360.0
1966 2 25857.0
1966 3 24589.0
1966 4 17397.0
1966 5 13678.0
1966 6 8952.0
1966 7 11517.0
1966 8 30764.0
1966 9 9847.0
1966 10 16375.0
1966 11 17613.0
1966 12 13267.0
1967 1 8484.0
1967 2 6674.0
1967 3 10937.0
1967 4 21715.0
1967 5 19439.0
1967 6 19127.0
1967 7 16852.0
1967 8 27709.0
1967 9 24995.0
1967 10 22485.0
1967 11 27644.0
1967 12 17939.0
1968 1 14740.0
1968 2 14790.0
1968 3 21231.0
1968 4 20823.0
1968 5 40428.0
1968 6 35526.0
1968 7 24879.0
1968 8 34490.0
1968 9 34019.0
1968 10 38382.0
1968 11 54135.0
1968 12 21750.0
1969 1 30201.0
1969 2 34139.0
1969 3 25963.0
1969 4 49882.0
1969 5 18552.0
1969 6 31995.0
1969 7 35310.0
1969 8 32305.0
1969 9 30117.0
1969 10 13880.0
1969 11 22931.0
1969 12 26513.0
1970 1 3445.0
1970 2 13112.0
1970 3 37235.0
1970 4 16076.0
1970 5 18152.0
1970 6 38331.0
1970 7 31542.0
1970 8 14803.0
1970 9 17826.0
1970 10 33678.0
1970 11 19841.0
1970 12 25975.0
1971 1 16760.0
1971 2 9270.0
1971 3 53386.0
1971 4 39897.0
1971 5 33060.0
1971 6 72572.0
1971 7 35649.0
1971 8 49827.0
1971 9 49869.0
1971 10 18735.0
1971 11 36889.0
1971 12 65613.0
1972 1 11547.0
1972 2 13100.0
1972 3 21183.0
1972 4 36937.0
1972 5 49201.0
1972 6 36062.0
1972 7 32414.0
1972 8 52039.0
1972 9 44396.0
1972 10 50582.0
1972 11 70349.0
1972 12 36164.0
1973 1 35591.0
1973 2 27736.0
1973 3 24050.0
1973 4 39646.0
1973 5 31196.0
1973 6 34907.0
1973 7 61012.0
1973 8 51041.0
1973 9 22285.0
1973 10 24025.0
1973 11 17659.0
1973 12 27217.0
1974 1 14147.0
1974 2 10564.0
1974 3 24559.0
1974 4 11582.0
1974 5 23109.0
1974 6 12430.0
1974 7 5248.0
1974 8 18768.0
1974 9 9764.0
1974 10 6051.0
1974 11 10143.0
1974 12 21106.0
1975 1 23140.0
1975 2 3762.0
1975 3 7563.0
1975 4 12309.0
1975 5 6188.0
1975 6 15773.0
1975 7 14764.0
1975 8 4872.0
1975 9 9870.0
1975 10 21498.0
1975 11 19271.0
1975 12 15466.0
1976 1 11495.0
1976 2 7694.0
1976 3 18866.0
1976 4 17349.0
1976 5 29717.0
1976 6 22179.0
1976 7 18952.0
1976 8 22940.0
1976 9 31087.0
1976 10 40190.0
1976 11 35237.0
1976 12 19772.0
1977 1 2505.0
1977 2 9342.0
1977 3 33970.0
1977 4 47447.0
1977 5 38277.0
1977 6 39969.0
1977 7 26627.0
1977 8 42803.0
1977 9 33692.0
1977 10 32984.0
1977 11 30921.0
1977 12 21470.0
1978 1 14024.0
1978 2 17707.0
1978 3 31413.0
1978 4 30968.0
1978 5 38045.0
1978 6 44837.0
1978 7 50851.0
1978 8 53593.0
1978 9 41548.0
1978 10 58800.0
1978 11 68493.0
1978 12 28779.0
1979 1 16718.0
1979 2 17271.0
1979 3 23248.0
1979 4 30296.0
1979 5 60913.0
1979 6 69474.0
1979 7 29638.0
1979 8 47712.0
1979 9 50091.0
1979 10 41379.0
1979 11 29963.0
1979 12 30713.0
1980 1 8641.0
1980 2 21187.0
1980 3 14596.0
1980 4 9859.0
1980 5 4600.0
1980 6 19695.0
1980 7 43107.0
1980 8 39982.0
1980 9 43328.0
1980 10 39415.0
1980 11 48986.0
1980 12 21670.0
1981 1 14317.0
1981 2 17155.0
1981 3 26422.0
1981 4 14975.0
1981 5 14483.0
1981 6 10660.0
1981 7 18785.0
1981 8 16941.0
1981 9 9776.0
1981 10 13181.0
1981 11 7755.0
1981 12 9372.0
1982 1 4713.0
1982 2 7723.0
1982 3 4337.0
1982 4 7533.0
1982 5 47989.0
1982 6 13986.0
1982 7 28096.0
1982 8 17950.0
1982 9 63767.0
1982 10 33909.0
1982 11 31025.0
1982 12 28141.0
1983 1 4556.0
1983 2 4223.0
1983 3 13048.0
1983 4 19040.0
1983 5 22733.0
1983 6 17858.0
1983 7 72371.0
1983 8 43561.0
1983 9 40768.0
1983 10 63622.0
1983 11 15971.0
1983 12 38895.0
1984 1 10967.0
1984 2 13471.0
1984 3 14482.0
1984 4 17470.0
1984 5 29953.0
1984 6 38070.0
1984 7 43625.0
1984 8 23707.0
1984 9 11953.0
1984 10 18782.0
1984 11 16967.0
1984 12 9345.0
1985 1 8866.0
1985 2 23674.0
1985 3 16677.0
1985 4 39491.0
1985 5 61423.0
1985 6 46345.0
1985 7 61071.0
1985 8 59575.0
1985 9 53606.0
1985 10 26305.0
1985 11 36299.0
1985 12 86413.0
1986 1 35851.0
1986 2 23479.0
1986 3 24019.0
1986 4 92986.0
1986 5 91222.0
1986 6 61266.0
1986 7 78385.0
1986 8 41718.0
1986 9 113982.0
1986 10 21353.0
1986 11 95568.0
1986 12 35806.0
1987 1 39716.0
1987 2 17526.0
1987 3 29190.0
1987 4 41519.0
1987 5 53131.0
1987 6 59428.0
1987 7 35458.0
1987 8 44350.0
1987 9 50917.0
1987 10 48381.0
1987 11 50492.0
1987 12 37486.0
1988 1 8362.0
1988 2 14100.0
1988 3 29973.0
1988 4 24223.0
1988 5 32698.0
1988 6 56048.0
1988 7 33174.0
1988 8 24338.0
1988 9 48942.0
1988 10 37047.0
1988 11 36657.0
1988 12 160278.0
1989 1 6799.0
1989 2 42644.0
1989 3 22791.0
1989 4 68978.0
1989 5 46358.0
1989 6 17653.0
1989 7 29251.0
1989 8 35543.0
1989 9 29251.0
1989 10 62611.0
1989 11 18449.0
1989 12 10404.0
1990 1 41723.0
1990 2 35131.0
1990 3 18799.0
1990 4 28471.0
1990 5 17566.0
1990 6 21367.0
1990 7 26875.0
1990 8 29183.0
1990 9 47414.0
1990 10 19665.0
1990 11 29017.0
1990 12 8807.0
1991 1 1014.0
1991 2 1417.0
1991 3 7740.0
1991 4 23175.0
1991 5 19213.0
1991 6 22134.0
1991 7 20519.0
1991 8 21418.0
1991 9 28193.0
1991 10 26909.0
1991 11 14735.0
1991 12 9141.0
1992 1 10183.0
1992 2 18121.0
1992 3 19097.0
1992 4 14771.0
1992 5 63359.0
1992 6 19905.0
1992 7 32743.0
1992 8 24162.0
1992 9 32118.0
1992 10 32751.0
1992 11 12515.0
1992 12 6881.0
1993 1 11239.0
1993 2 7672.0
1993 3 14335.0
1993 4 17071.0
1993 5 21030.0
1993 6 21012.0
1993 7 22318.0
1993 8 17363.0
1993 9 22717.0
1993 10 23193.0
1993 11 34096.0
1993 12 16852.0
1994 1 11519.0
1994 2 11044.0
1994 3 30632.0
1994 4 23562.0
1994 5 45031.0
1994 6 26130.0
1994 7 26798.0
1994 8 38799.0
1994 9 33605.0
1994 10 35818.0
1994 11 20780.0
1994 12 41054.0
1995 1 17091.0
1995 2 24251.0
1995 3 17250.0
1995 4 20383.0
1995 5 24132.0
1995 6 32272.0
1995 7 28161.0
1995 8 50569.0
1995 9 59337.0
1995 10 38532.0
1995 11 31975.0
1995 12 21182.0
1996 1 12193.0
1996 2 19590.0
1996 3 27338.0
1996 4 33624.0
1996 5 43594.0
1996 6 27128.0
1996 7 28323.0
1996 8 46174.0
1996 9 41029.0
1996 10 59901.0
1996 11 38896.0
1996 12 31922.0
1997 1 39336.0
1997 2 28871.0
1997 3 69902.0
1997 4 51184.0
1997 5 44755.0
1997 6 34522.0
1997 7 40233.0
1997 8 35553.0
1997 9 48482.0
1997 10 64256.0
1997 11 59958.0
1997 12 18903.0
1998 1 21286.0
1998 2 28271.0
1998 3 30596.0
1998 4 29622.0
1998 5 39176.0
1998 6 20600.0
1998 7 26568.0
1998 8 24598.0
1998 9 42884.0
1998 10 94596.0
1998 11 32240.0
1998 12 53135.0
1999 1 14699.0
1999 2 37650.0
1999 3 56751.0
1999 4 37027.0
1999 5 61189.0
1999 6 38399.0
1999 7 50058.0
1999 8 69906.0
1999 9 59259.0
1999 10 51417.0
1999 11 57925.0
1999 12 28237.0
2000 1 28123.0
2000 2 36531.0
2000 3 28302.0
2000 4 81186.0
2000 5 85193.0
2000 6 51767.0
2000 7 73118.0
2000 8 43276.0
2000 9 47863.0
2000 10 64196.0
2000 11 53219.0
2000 12 50082.0
2001 1 56629.0
2001 2 35301.0
2001 3 61057.0
2001 4 61214.0
2001 5 56022.0
2001 6 58182.0
2001 7 44546.0
2001 8 86396.0
2001 9 52247.0
2001 10 65159.0
2001 11 67006.0
2001 12 86816.0
2002 1 47559.0
2002 2 44482.0
2002 3 75290.0
2002 4 53721.0
2002 5 68028.0
2002 6 75218.0
2002 7 119135.0
2002 8 31785.0
2002 9 59851.0
2002 10 85290.0
2002 11 52916.0
2002 12 67429.0
2003 1 44977.0
2003 2 38622.0
2003 3 55664.0
2003 4 83555.0
2003 5 71903.0
2003 6 164494.0
2003 7 95382.0
2003 8 118439.0
2003 9 90649.0
2003 10 162339.0
2003 11 109994.0
2003 12 77857.0
2004 1 39868.0
2004 2 30978.0
2004 3 89551.0
2004 4 38124.0
2004 5 54322.0
2004 6 68700.0
2004 7 84383.0
2004 8 87083.0
2004 9 115188.0
2004 10 96315.0
2004 11 82656.0
2004 12 84159.0
2005 1 44488.0
2005 2 60201.0
2005 3 92591.0
2005 4 119628.0
2005 5 98439.0
2005 6 65522.0
2005 7 87927.0
2005 8 171207.0
2005 9 109707.0
2005 10 101051.0
2005 11 127153.0
2005 12 134700.0
2006 1 131282.0
2006 2 160770.0
2006 3 97316.0
2006 4 105452.0
2006 5 135897.0
2006 6 124658.0
2006 7 146721.0
2006 8 146266.0
2006 9 105685.0
2006 10 106964.0
2006 11 85841.0
2006 12 100772.0
2007 1 215012.0
2007 2 151973.0
2007 3 136298.0
2007 4 103283.0
2007 5 93694.0
2007 6 106342.0
2007 7 101491.0
2007 8 87821.0
2007 9 138806.0
2007 10 65775.0
2007 11 74766.0
2007 12 138286.0
2008 1 116886.0
2008 2 41700.0
2008 3 42645.0
2008 4 247252.0
2008 5 142340.0
2008 6 33543.0
2008 7 31897.0
2008 8 27089.0
2008 9 27353.0
2008 10 50410.0
2008 11 16967.0
2008 12 120593.0
2009 1 5434.0
2009 2 4929.0
2009 3 22469.0
2009 4 2821.0
2009 5 4586.0
2009 6 19277.0
2009 7 42372.0
2009 8 13746.0
2009 9 111281.0
2009 10 15694.0
2009 11 42189.0
2009 12 24936.0
2010 1 2959.0
2010 2 16543.0
2010 3 15276.0
2010 4 19301.0
2010 5 231245.0
2010 6 58897.0
2010 7 5128.0
2010 8 40362.0
2010 9 41290.0
2010 10 61099.0
2010 11 8395.0
2010 12 61421.0
2011 1 80581.0
2011 2 3769.0
2011 3 20582.0
2011 4 16767.0
2011 5 47535.0
2011 6 55499.0
2011 7 11445.0
2011 8 16852.0
2011 9 51268.0
2011 10 48057.0
2011 11 112473.0
2011 12 86414.0
2012 1 3607.0
2012 2 13044.0
2012 3 104628.0
2012 4 21815.0
2012 5 12976.0
2012 6 38400.0
2012 7 26552.0
2012 8 70090.0
2012 9 46750.0
2012 10 74332.0
2012 11 67191.0
2012 12 7526.0
2013 1 9831.0
2013 2 36404.0
2013 3 47328.0
2013 4 60290.0
2013 5 36536.0
2013 6 31131.0
2013 7 38007.0
2013 8 22006.0
2013 9 168885.0
2013 10 101014.0
2013 11 80872.0
2013 12 25940.0
2014 1 40265.0
2014 2 62080.0
2014 3 139683.0
2014 4 206527.0
2014 5 77303.0
2014 6 96355.0
2014 7 175899.0
2014 8 56655.0
2014 9 91726.0
2014 10 162624.0
2014 11 53013.0
2014 12 135823.0
2015 1 24853.0
2015 2 111940.0
2015 3 120892.0
2015 4 165223.0
2015 5 91508.0
2015 6 162304.0
2015 7 36927.0
2015 8 112128.0
2015 9 41855.0
2015 10 62200.0
2015 11 499966.0
2015 12 68741.0
2016 1 304849.0
2016 2 47651.0
2016 3 69417.0
2016 4 29890.0
2016 5 105494.0
2016 6 55463.0
2016 7 86951.0
2016 8 117529.0
2016 9 220116.0
2016 10 196669.0
2016 11 45119.0
2016 12 135691.0
2017 1 38809.0
2017 2 113057.0
2017 3 103152.0
2017 4 132714.0
2017 5 88094.0
2017 6 273908.0
2017 7 56341.0
2017 8 106668.0
2017 9 170445.0
2017 10 176711.0
2017 11 156347.0
2017 12 140078.0
2018 1 59495.0
2018 2 80113.0
2018 3 186782.0
2018 4 44703.0
2018 5 170542.0
2018 6 60872.0
2018 7 68122.0
2018 8 74208.0
2018 9 207052.0
2018 10 174644.0
2018 11 163583.0
2018 12 97929.0
2019 1 104246.0
2019 2 68138.0
2019 3 50144.0
2019 4 281675.0
2019 5 78589.0
2019 6 63582.0
2019 7 110214.0
2019 8 66035.0
2019 9 44261.0
2019 10 70567.0
2019 11 41774.0
2019 12 130150.0
2020 1 50728.0
2020 2 71963.0
2020 3 76430.0
2020 4 116550.0
2020 5 68503.0
2020 6 51039.0
2020 7 82650.0
2020 8 14340.0
2020 9 59246.0
2020 10 81654.0
2020 11 98045.0
2020 12 53530.0
2021 1 49417.0
2021 2 40398.0
2021 3 101496.0
2021 4 76144.0
2021 5 46222.0
2021 6 67439.0
2021 7 174197.0
2021 8 77741.0
2021 9 56857.0
2021 10 111833.0
2021 11 37492.0
2021 12 40170.0
2022 1 132696.0
2022 2 38269.0
2022 3 203799.0
2022 4 177656.0
2022 5 58218.0
2022 6 56517.0
2022 7 77968.0
2022 8 136396.0
2022 9 84982.0
2022 10 173354.0
2022 11 73437.0
2022 12 206290.0
2023 1 166854.0
2023 2 49617.0
2023 3 149745.0
2023 4 103546.0
2023 5 87522.0
2023 6 68700.0
2023 7 36382.0
2023 8 56419.0
2023 9 102188.0
2023 10 92091.0
2023 11 44871.0
2023 12 46773.0
2024 1 56465.0
2024 2 51660.0
2024 3 251288.0
2024 4 30438.0
2024 5 134179.0
2024 6 177047.0
2024 7 91791.0
2024 8 177538.0
