1960 5 2670.0
1960 6 2978.0
1960 7 2211.0
1960 8 4374.0
1960 9 3125.0
1960 10 2353.0
1960 11 3369.0
1960 12 2377.0
1961 1 2842.0
1961 2 2758.0
1961 3 4945.0
1961 4 5128.0
1961 5 3820.0
1961 6 3204.0
1961 7 3583.0
1961 8 3233.0
1961 9 2461.0
1961 10 2951.0
1961 11 1981.0
1961 12 2438.0
1962 1 2001.0
1962 2 1966.0
1962 3 2171.0
1962 4 3739.0
1962 5 4269.0
1962 6 2797.0
1962 7 3854.0
1962 8 1632.0
1962 9 3047.0
1962 10 3740.0
1962 11 2524.0
1962 12 2071.0
1963 1 1856.0
1963 2 2785.0
1963 3 4550.0
1963 4 5535.0
1963 5 4209.0
1963 6 5040.0
1963 7 4165.0
1963 8 4603.0
1963 9 3208.0
1963 10 4641.0
1963 11 3547.0
1963 12 2455.0
1964 1 1482.0
1964 2 2979.0
1964 3 3608.0
1964 4 3688.0
1964 5 3598.0
1964 6 5033.0
1964 7 2593.0
1964 8 2576.0
1964 9 3199.0
1964 10 3839.0
1964 11 4308.0
1964 12 1761.0
1965 1 1910.0
1965 2 2574.0
1965 3 4244.0
1965 4 3346.0
1965 5 3177.0
1965 6 3333.0
1965 7 3593.0
1965 8 3448.0
1965 9 4466.0
1965 10 1905.0
1965 11 2882.0
1965 12 2372.0
1966 1 1469.0
1966 2 3436.0
1966 3 3527.0
1966 4 3230.0
1966 5 3707.0
1966 6 2568.0
1966 7 3545.0
1966 8 2430.0
1966 9 2189.0
1966 10 1750.0
1966 11 1709.0
1966 12 1154.0
1967 1 585.0
1967 2 1119.0
1967 3 3561.0
1967 4 2370.0
1967 5 2587.0
1967 6 2428.0
1967 7 2124.0
1967 8 2861.0
1967 9 2284.0
1967 10 2883.0
1967 11 3358.0
1967 12 2088.0
1968 1 2433.0
1968 2 2359.0
1968 3 2958.0
1968 4 3318.0
1968 5 4695.0
1968 6 4660.0
1968 7 3008.0
1968 8 3234.0
1968 9 3307.0
1968 10 4409.0
1968 11 4305.0
1968 12 2952.0
1969 1 1706.0
1969 2 1884.0
1969 3 4176.0
1969 4 7505.0
1969 5 4306.0
1969 6 3961.0
1969 7 2226.0
1969 8 2255.0
1969 9 3566.0
1969 10 3565.0
1969 11 2758.0
1969 12 2406.0
1970 1 1349.0
1970 2 1541.0
1970 3 2818.0
1970 4 2310.0
1970 5 6005.0
1970 6 4611.0
1970 7 4298.0
1970 8 3189.0
1970 9 3757.0
1970 10 4326.0
1970 11 3944.0
1970 12 6142.0
1971 1 1698.0
1971 2 1542.0
1971 3 5541.0
1971 4 4337.0
1971 5 4760.0
1971 6 5537.0
1971 7 9715.0
1971 8 3752.0
1971 9 6740.0
1971 10 7042.0
1971 11 6761.0
1971 12 2650.0
1972 1 2357.0
1972 2 1465.0
1972 3 3515.0
1972 4 4791.0
1972 5 7820.0
1972 6 6826.0
1972 7 4479.0
1972 8 8194.0
1972 9 7172.0
1972 10 6416.0
1972 11 7186.0
1972 12 3090.0
1973 1 4897.0
1973 2 2621.0
1973 3 6956.0
1973 4 5901.0
1973 5 7211.0
1973 6 7137.0
1973 7 5665.0
1973 8 4633.0
1973 9 4880.0
1973 10 2858.0
1973 11 3389.0
1973 12 2473.0
1974 1 3388.0
1974 2 1775.0
1974 3 3517.0
1974 4 3681.0
1974 5 2813.0
1974 6 6578.0
1974 7 2994.0
1974 8 4064.0
1974 9 3895.0
1974 10 2336.0
1974 11 4096.0
1974 12 2831.0
1975 1 1702.0
1975 2 1766.0
1975 3 3034.0
1975 4 2300.0
1975 5 4077.0
1975 6 3731.0
1975 7 8969.0
1975 8 2832.0
1975 9 2957.0
1975 10 4172.0
1975 11 3982.0
1975 12 2493.0
1976 1 898.0
1976 2 2228.0
1976 3 4603.0
1976 4 5308.0
1976 5 4040.0
1976 6 4409.0
1976 7 8206.0
1976 8 5290.0
1976 9 9579.0
1976 10 7540.0
1976 11 8765.0
1976 12 2097.0
1977 1 1309.0
1977 2 6820.0
1977 3 8692.0
1977 4 13419.0
1977 5 6836.0
1977 6 5742.0
1977 7 7350.0
1977 8 11021.0
1977 9 8395.0
1977 10 11087.0
1977 11 10594.0
1977 12 3456.0
1978 1 4021.0
1978 2 6787.0
1978 3 9760.0
1978 4 10318.0
1978 5 6582.0
1978 6 9855.0
1978 7 12155.0
1978 8 8574.0
1978 9 10759.0
1978 10 14294.0
1978 11 9010.0
1978 12 3424.0
1979 1 656.0
1979 2 1314.0
1979 3 5390.0
1979 4 8629.0
1979 5 9239.0
1979 6 12875.0
1979 7 8038.0
1979 8 13599.0
1979 9 8286.0
1979 10 6336.0
1979 11 4585.0
1979 12 4240.0
1980 1 1502.0
1980 2 1985.0
1980 3 2478.0
1980 4 2908.0
1980 5 3886.0
1980 6 4575.0
1980 7 4637.0
1980 8 10651.0
1980 9 17839.0
1980 10 12002.0
1980 11 10996.0
1980 12 3943.0
1981 1 1670.0
1981 2 2150.0
1981 3 5060.0
1981 4 6004.0
1981 5 2513.0
1981 6 2714.0
1981 7 3446.0
1981 8 2531.0
1981 9 3284.0
1981 10 5668.0
1981 11 4139.0
1981 12 2212.0
1982 1 1063.0
1982 2 2213.0
1982 3 3101.0
1982 4 2890.0
1982 5 2444.0
1982 6 3664.0
1982 7 1783.0
1982 8 3480.0
1982 9 3979.0
1982 10 5825.0
1982 11 3638.5
1982 12 1452.0
1983 1 4846.0
1983 2 1581.0
1983 3 5026.0
1983 4 8368.0
1983 5 8719.0
1983 6 8039.0
1983 7 3753.0
1983 8 7073.0
1983 9 9633.0
1983 10 8572.0
1983 11 7088.0
1983 12 3508.0
1984 1 2431.0
1984 2 3872.0
1984 3 4496.0
1984 4 10083.0
1984 5 11132.0
1984 6 7064.0
1984 7 7789.0
1984 8 6761.0
1984 9 6675.0
1984 10 12009.0
1984 11 9172.0
1984 12 1831.0
1985 1 3171.0
1985 2 2657.0
1985 3 9268.0
1985 4 9400.0
1985 5 11871.0
1985 6 13660.0
1985 7 13340.0
1985 8 13575.0
1985 9 12724.0
1985 10 10724.0
1985 11 7204.0
1985 12 8122.0
1986 1 6508.0
1986 2 4632.0
1986 3 9954.0
1986 4 10704.0
1986 5 13665.0
1986 6 8284.0
1986 7 12210.0
1986 8 17337.0
1986 9 23191.0
1986 10 15688.0
1986 11 10257.0
1986 12 7215.0
1987 1 5288.0
1987 2 8119.0
1987 3 11373.0
1987 4 14560.0
1987 5 17097.0
1987 6 12944.0
1987 7 7312.0
1987 8 15398.0
1987 9 14519.0
1987 10 20563.0
1987 11 10851.0
1987 12 7502.0
1988 1 4184.0
1988 2 7049.0
1988 3 7426.0
1988 4 10277.0
1988 5 15368.0
1988 6 19561.0
1988 7 13374.0
1988 8 12828.0
1988 9 15097.0
1988 10 18874.0
1988 11 9972.0
1988 12 15038.0
1989 1 5791.0
1989 2 15223.0
1989 3 6985.0
1989 4 10817.0
1989 5 6641.0
1989 6 18195.0
1989 7 15619.0
1989 8 19466.0
1989 9 7720.0
1989 10 11439.0
1989 11 12854.0
1989 12 7902.0
1990 1 9373.0
1990 2 4809.0
1990 3 10595.0
1990 4 14108.0
1990 5 12819.0
1990 6 11671.0
1990 7 15088.0
1990 8 9186.0
1990 9 9083.0
1990 10 11641.0
1990 11 6924.0
1990 12 8398.0
1991 1 1884.0
1991 2 3420.0
1991 3 11011.0
1991 4 12343.0
1991 5 13637.0
1991 6 10849.0
1991 7 13093.0
1991 8 16234.0
1991 9 13064.0
1991 10 25116.0
1991 11 9753.0
1991 12 9612.0
1992 1 5521.0
1992 2 12316.0
1992 3 16036.0
1992 4 17558.0
1992 5 13724.0
1992 6 13524.0
1992 7 13961.0
1992 8 14988.0
1992 9 13022.0
1992 10 16359.0
1992 11 11979.0
1992 12 12080.0
1993 1 6380.0
1993 2 6776.0
1993 3 15029.0
1993 4 14908.0
1993 5 22895.0
1993 6 20226.0
1993 7 18673.0
1993 8 13433.0
1993 9 16093.0
1993 10 24500.0
1993 11 12680.0
1993 12 15568.0
1994 1 8112.0
1994 2 9131.0
1994 3 20599.0
1994 4 24759.0
1994 5 23784.0
1994 6 18684.0
1994 7 22052.0
1994 8 32052.0
1994 9 23805.0
1994 10 30864.0
1994 11 24317.0
1994 12 12273.0
1995 1 8455.0
1995 2 11546.0
1995 3 19769.0
1995 4 18963.0
1995 5 28284.0
1995 6 30571.0
1995 7 25314.0
1995 8 29225.0
1995 9 23843.0
1995 10 25034.0
1995 11 20716.0
1995 12 10969.0
1996 1 18525.0
1996 2 9985.0
1996 3 19652.0
1996 4 31112.0
1996 5 23603.0
1996 6 23018.0
1996 7 25740.0
1996 8 21437.0
1996 9 26037.0
1996 10 32389.0
1996 11 33951.0
1996 12 21550.0
1997 1 8642.0
1997 2 12707.0
1997 3 27789.0
1997 4 32533.0
1997 5 26084.0
1997 6 20977.0
1997 7 27627.0
1997 8 19575.0
1997 9 19783.0
1997 10 51826.0
1997 11 22982.0
1997 12 19539.0
1998 1 10107.0
1998 2 15976.0
1998 3 13063.0
1998 4 23663.0
1998 5 15589.0
1998 6 32813.0
1998 7 24359.0
1998 8 19947.0
1998 9 25690.0
1998 10 18621.0
1998 11 16848.0
1998 12 23149.0
1999 1 11878.0
1999 2 17676.0
1999 3 20333.0
1999 4 21966.0
1999 5 20156.0
1999 6 27523.0
1999 7 15299.0
1999 8 22139.0
1999 9 23825.0
1999 10 18277.0
1999 11 22641.0
1999 12 18307.0
2000 1 8181.0
2000 2 18999.0
2000 3 17792.0
2000 4 26656.0
2000 5 24120.0
2000 6 34484.0
2000 7 16907.0
2000 8 22550.0
2000 9 16402.0
2000 10 23470.0
2000 11 17507.0
2000 12 11639.0
2001 1 13369.0
2001 2 11861.0
2001 3 21711.0
2001 4 18447.0
2001 5 21245.0
2001 6 25258.0
2001 7 26260.0
2001 8 17037.0
2001 9 22451.0
2001 10 27273.0
2001 11 34248.0
2001 12 18862.0
2002 1 11735.0
2002 2 11140.0
2002 3 17244.0
2002 4 35225.0
2002 5 23198.0
2002 6 28355.0
2002 7 26153.0
2002 8 26329.0
2002 9 56724.0
2002 10 30128.0
2002 11 16674.0
2002 12 15279.0
2003 1 16308.0
2003 2 13737.0
2003 3 12862.0
2003 4 43304.0
2003 5 29406.0
2003 6 31802.0
2003 7 37957.0
2003 8 49268.0
2003 9 33594.0
2003 10 47599.0
2003 11 28724.0
2003 12 24250.0
2004 1 19264.0
2004 2 12354.0
2004 3 27078.0
2004 4 14843.0
2004 5 29673.0
2004 6 36436.0
2004 7 44124.0
2004 8 30662.0
2004 9 22095.0
2004 10 41499.0
2004 11 29233.0
2004 12 42553.0
2005 1 20985.0
2005 2 19761.0
2005 3 48248.0
2005 4 38593.0
2005 5 42213.0
2005 6 42352.0
2005 7 39194.0
2005 8 43653.0
2005 9 39462.0
2005 10 36947.0
2005 11 42757.0
2005 12 39938.0
2006 1 38756.0
2006 2 30076.0
2006 3 33400.0
2006 4 26422.0
2006 5 33988.0
2006 6 28973.0
2006 7 33980.0
2006 8 36820.0
2006 9 23901.0
2006 10 21366.0
2006 11 16678.0
2006 12 21427.0
2007 1 21848.0
2007 2 10443.0
2007 3 28043.0
2007 4 22639.0
2007 5 19456.0
2007 6 29840.0
2007 7 17254.0
2007 8 25810.0
2007 9 19869.0
2007 10 25643.0
2007 11 21303.0
2007 12 10823.0
2008 1 9278.0
2008 2 17751.0
2008 3 7288.0
2008 4 19862.0
2008 5 8569.0
2008 6 8438.0
2008 7 15498.0
2008 8 13340.0
2008 9 11789.0
2008 10 18588.0
2008 11 5240.0
2008 12 3060.0
2009 1 2975.0
2009 2 3794.0
2009 3 11399.0
2009 4 3815.0
2009 5 4474.0
2009 6 6733.0
2009 7 9321.0
2009 8 7484.0
2009 9 1662.0
2009 10 9345.0
2009 11 5424.0
2009 12 1405.0
2010 1 2871.0
2010 2 1345.0
2010 3 3805.0
2010 4 3766.0
2010 5 11208.0
2010 6 6819.0
2010 7 4210.0
2010 8 10785.0
2010 9 4180.0
2010 10 8107.0
2010 11 6385.0
2010 12 6755.0
2011 1 1160.0
2011 2 3682.0
2011 3 5452.0
2011 4 2968.0
2011 5 6652.0
2011 6 6365.0
2011 7 6755.0
2011 8 16413.0
2011 9 6599.0
2011 10 4450.0
2011 11 4804.0
2011 12 4795.0
2012 1 1222.0
2012 2 1895.0
2012 3 8123.0
2012 4 9662.0
2012 5 12451.0
2012 6 14106.0
2012 7 7006.0
2012 8 7065.0
2012 9 5679.0
2012 10 4515.0
2012 11 3461.0
2012 12 18369.0
2013 1 10070.0
2013 2 11205.0
2013 3 9585.0
2013 4 26423.0
2013 5 11978.0
2013 6 6823.0
2013 7 5582.0
2013 8 7381.0
2013 9 19142.0
2013 10 6087.0
2013 11 6494.0
2013 12 6815.0
2014 1 6282.0
2014 2 14448.0
2014 3 5888.0
2014 4 14262.0
2014 5 8514.0
2014 6 7569.0
2014 7 18383.0
2014 8 13791.0
2014 9 8610.0
2014 10 10707.0
2014 11 5923.0
2014 12 6372.0
2015 1 2035.0
2015 2 1867.0
2015 3 11993.0
2015 4 9227.0
2015 5 7777.0
2015 6 7143.0
2015 7 10569.0
2015 8 10708.0
2015 9 11489.0
2015 10 17409.0
2015 11 14181.0
2015 12 16604.0
2016 1 7137.0
2016 2 8108.0
2016 3 14276.0
2016 4 11684.0
2016 5 7823.0
2016 6 14503.0
2016 7 14998.0
2016 8 12368.0
2016 9 18064.0
2016 10 13813.0
2016 11 27758.0
2016 12 11512.0
2017 1 8806.0
2017 2 9718.0
2017 3 22689.0
2017 4 16622.0
2017 5 13856.0
2017 6 13996.0
2017 7 12752.0
2017 8 27998.0
2017 9 18390.0
2017 10 29815.0
2017 11 23454.0
2017 12 12849.0
2018 1 4881.0
2018 2 9394.0
2018 3 19040.0
2018 4 15439.0
2018 5 17087.0
2018 6 16275.0
2018 7 22298.0
2018 8 24055.0
2018 9 20724.0
2018 10 24955.0
2018 11 17375.0
2018 12 6265.0
2019 1 10795.0
2019 2 11924.0
2019 3 17479.0
2019 4 13391.0
2019 5 21180.0
2019 6 17773.0
2019 7 23161.0
2019 8 20160.0
2019 9 32271.0
2019 10 34326.0
2019 11 10745.0
2019 12 10369.0
2020 1 9163.0
2020 2 7179.0
2020 3 11914.0
2020 4 16429.0
2020 5 13585.0
2020 6 16092.0
2020 7 19056.0
2020 8 16570.0
2020 9 11063.0
2020 10 9793.0
2020 11 9110.0
2020 12 11398.0
2021 1 12851.0
2021 2 6982.0
2021 3 11619.0
2021 4 23282.0
2021 5 13009.0
2021 6 24753.0
2021 7 17658.0
2021 8 16382.0
2021 9 25022.0
2021 10 42492.0
2021 11 16410.0
2021 12 16214.0
2022 1 17270.0
2022 2 10848.0
2022 3 20211.0
2022 4 27172.0
2022 5 21403.0
2022 6 24707.0
2022 7 12196.0
2022 8 20718.0
2022 9 23862.0
2022 10 32422.0
2022 11 11852.0
2022 12 11378.0
2023 1 6722.0
2023 2 12567.0
2023 3 17916.0
2023 4 14838.0
2023 5 15132.0
2023 6 22004.0
2023 7 20001.0
2023 8 22278.0
2023 9 32804.0
2023 10 17202.0
2023 11 16132.0
2023 12 13714.0
2024 1 16570.0
2024 2 10677.0
2024 3 16231.0
2024 4 18138.0
2024 5 12626.0
2024 6 16614.0
2024 7 26176.0
2024 8 18003.0
