1960 5 49652.0
1960 6 52627.0
1960 7 45011.0
1960 8 44890.0
1960 9 37674.0
1960 10 42954.0
1960 11 29214.0
1960 12 21327.0
1961 1 18659.0
1961 2 20544.0
1961 3 41069.0
1961 4 49755.0
1961 5 46376.0
1961 6 45917.0
1961 7 39882.0
1961 8 41855.0
1961 9 34186.0
1961 10 39970.0
1961 11 31518.0
1961 12 19141.0
1962 1 14171.0
1962 2 16418.0
1962 3 34967.0
1962 4 45673.0
1962 5 44573.0
1962 6 45615.0
1962 7 38705.0
1962 8 38207.0
1962 9 34942.0
1962 10 36597.0
1962 11 29410.0
1962 12 19424.0
1963 1 12876.0
1963 2 12534.0
1963 3 33375.0
1963 4 47806.0
1963 5 48470.0
1963 6 38965.0
1963 7 37856.0
1963 8 33749.0
1963 9 34434.0
1963 10 39897.0
1963 11 28586.0
1963 12 18053.0
1964 1 16137.0
1964 2 22760.0
1964 3 41164.0
1964 4 41361.0
1964 5 42020.0
1964 6 42633.0
1964 7 37161.0
1964 8 33227.0
1964 9 32765.0
1964 10 36610.0
1964 11 32109.0
1964 12 16308.0
1965 1 15732.0
1965 2 16218.0
1965 3 38418.0
1965 4 43321.0
1965 5 45420.0
1965 6 49173.0
1965 7 45086.0
1965 8 38221.0
1965 9 39195.0
1965 10 38598.0
1965 11 36987.0
1965 12 28412.0
1966 1 15432.0
1966 2 21473.0
1966 3 46886.0
1966 4 43848.0
1966 5 38813.0
1966 6 46073.0
1966 7 35511.0
1966 8 37348.0
1966 9 35294.0
1966 10 30120.0
1966 11 25799.0
1966 12 16155.0
1967 1 14123.0
1967 2 13146.0
1967 3 36163.0
1967 4 45019.0
1967 5 50705.0
1967 6 50154.0
1967 7 46701.0
1967 8 48953.0
1967 9 40855.0
1967 10 48594.0
1967 11 39360.0
1967 12 27830.0
1968 1 20047.0
1968 2 25792.0
1968 3 51019.0
1968 4 57038.0
1968 5 86919.0
1968 6 66943.0
1968 7 71746.0
1968 8 70110.0
1968 9 63255.0
1968 10 75677.0
1968 11 54560.0
1968 12 43411.0
1969 1 25750.0
1969 2 41202.0
1969 3 70283.0
1969 4 77204.0
1969 5 69878.0
1969 6 67670.0
1969 7 62244.0
1969 8 48600.0
1969 9 44626.0
1969 10 51359.0
1969 11 35970.0
1969 12 52740.0
1970 1 13435.0
1970 2 21860.0
1970 3 44787.0
1970 4 53416.0
1970 5 49425.0
1970 6 48288.0
1970 7 54807.0
1970 8 47020.0
1970 9 55955.0
1970 10 61355.0
1970 11 51051.0
1970 12 40425.0
1971 1 21719.0
1971 2 29600.0
1971 3 71476.0
1971 4 96125.0
1971 5 84952.0
1971 6 82061.0
1971 7 79157.0
1971 8 75452.0
1971 9 75454.0
1971 10 75246.0
1971 11 83677.0
1971 12 50241.0
1972 1 35334.0
1972 2 36540.0
1972 3 89888.0
1972 4 93199.0
1972 5 107927.0
1972 6 92691.0
1972 7 81918.0
1972 8 87713.0
1972 9 74714.0
1972 10 83980.0
1972 11 73735.0
1972 12 41744.0
1973 1 44346.0
1973 2 66213.0
1973 3 93488.0
1973 4 92035.0
1973 5 114064.0
1973 6 98129.0
1973 7 95583.0
1973 8 84982.0
1973 9 66630.0
1973 10 67194.0
1973 11 52638.0
1973 12 27969.0
1974 1 25907.0
1974 2 37854.0
1974 3 68391.0
1974 4 92520.0
1974 5 76063.0
1974 6 48717.0
1974 7 76047.0
1974 8 78031.0
1974 9 74050.0
1974 10 58269.0
1974 11 45935.0
1974 12 30348.0
1975 1 24839.0
1975 2 28370.0
1975 3 53158.0
1975 4 77797.0
1975 5 83877.0
1975 6 90173.0
1975 7 87709.0
1975 8 86915.0
1975 9 91399.0
1975 10 112587.0
1975 11 77762.0
1975 12 62145.0
1976 1 40003.0
1976 2 61696.0
1976 3 128531.0
1976 4 155467.0
1976 5 150837.0
1976 6 149090.0
1976 7 142431.0
1976 8 135144.0
1976 9 143960.0
1976 10 152141.0
1976 11 136488.0
1976 12 77765.0
1977 1 35099.0
1977 2 68351.0
1977 3 179118.0
1977 4 218440.0
1977 5 232799.0
1977 6 243421.0
1977 7 204748.0
1977 8 206995.0
1977 9 195228.0
1977 10 189346.0
1977 11 183855.0
1977 12 98954.0
1978 1 53074.0
1978 2 70009.0
1978 3 180298.0
1978 4 211512.0
1978 5 245921.0
1978 6 236530.0
1978 7 186383.0
1978 8 209436.0
1978 9 188917.0
1978 10 205498.0
1978 11 158900.0
1978 12 74154.0
1979 1 21755.0
1979 2 34714.0
1979 3 105162.0
1979 4 152204.0
1979 5 181493.0
1979 6 163301.0
1979 7 136453.0
1979 8 142747.0
1979 9 103795.0
1979 10 99738.0
1979 11 60302.0
1979 12 39606.0
1980 1 25600.0
1980 2 18801.0
1980 3 33028.0
1980 4 40323.0
1980 5 44238.0
1980 6 49494.0
1980 7 60955.0
1980 8 64658.0
1980 9 79905.0
1980 10 94144.0
1980 11 64102.0
1980 12 35044.0
1981 1 16751.0
1981 2 20290.0
1981 3 57923.0
1981 4 70840.0
1981 5 55427.0
1981 6 57171.0
1981 7 42840.0
1981 8 41610.0
1981 9 34160.0
1981 10 43118.0
1981 11 37284.0
1981 12 24911.0
1982 1 7752.0
1982 2 11337.0
1982 3 28049.0
1982 4 45834.0
1982 5 44032.0
1982 6 44240.0
1982 7 44849.0
1982 8 44605.0
1982 9 44148.0
1982 10 54892.0
1982 11 46327.5
1982 12 37763.0
1983 1 27278.0
1983 2 41593.0
1983 3 96007.0
1983 4 102586.0
1983 5 131900.0
1983 6 142282.0
1983 7 117852.0
1983 8 120031.0
1983 9 105774.0
1983 10 108067.0
1983 11 92337.0
1983 12 60526.0
1984 1 36104.0
1984 2 76763.0
1984 3 107273.0
1984 4 142710.0
1984 5 181862.0
1984 6 155485.0
1984 7 135016.0
1984 8 134779.0
1984 9 120894.0
1984 10 122344.0
1984 11 108286.0
1984 12 61193.0
1985 1 45653.0
1985 2 44848.0
1985 3 122186.0
1985 4 167079.0
1985 5 180539.0
1985 6 166028.0
1985 7 176249.0
1985 8 152800.0
1985 9 144682.0
1985 10 177799.0
1985 11 113496.0
1985 12 73646.0
1986 1 73349.0
1986 2 84732.0
1986 3 173853.0
1986 4 273543.0
1986 5 275446.0
1986 6 256030.0
1986 7 262632.0
1986 8 241273.0
1986 9 236949.0
1986 10 240930.0
1986 11 180727.0
1986 12 163159.0
1987 1 122204.0
1987 2 169118.0
1987 3 276278.0
1987 4 331453.0
1987 5 299596.0
1987 6 324376.0
1987 7 304566.0
1987 8 263846.0
1987 9 269505.0
1987 10 270736.0
1987 11 222682.0
1987 12 162596.0
1988 1 108436.0
1988 2 141161.0
1988 3 309254.0
1988 4 318437.0
1988 5 346805.0
1988 6 348808.0
1988 7 307567.0
1988 8 326613.0
1988 9 302140.0
1988 10 322305.0
1988 11 249366.0
1988 12 234460.0
1989 1 155140.0
1989 2 157681.0
1989 3 286908.0
1989 4 309891.0
1989 5 332868.0
1989 6 302925.0
1989 7 267022.0
1989 8 297762.0
1989 9 290567.0
1989 10 316771.0
1989 11 256360.0
1989 12 173603.0
1990 1 176867.0
1990 2 191007.0
1990 3 297173.0
1990 4 315159.0
1990 5 329022.0
1990 6 297723.0
1990 7 263719.0
1990 8 278360.0
1990 9 221234.0
1990 10 229033.0
1990 11 170782.0
1990 12 144618.0
1991 1 85209.0
1991 2 126724.0
1991 3 223646.0
1991 4 301708.0
1991 5 324179.0
1991 6 290371.0
1991 7 296379.0
1991 8 277956.0
1991 9 255601.0
1991 10 264981.0
1991 11 203492.0
1991 12 149736.0
1992 1 160658.0
1992 2 203437.0
1992 3 312954.0
1992 4 344616.0
1992 5 331917.0
1992 6 348498.0
1992 7 318562.0
1992 8 304667.0
1992 9 314506.0
1992 10 321626.0
1992 11 238011.0
1992 12 219140.0
1993 1 166682.0
1993 2 206177.0
1993 3 324124.0
1993 4 363545.0
1993 5 361405.0
1993 6 372990.0
1993 7 346598.0
1993 8 377144.0
1993 9 355765.0
1993 10 422209.0
1993 11 350418.0
1993 12 290567.0
1994 1 198678.0
1994 2 206711.0
1994 3 439711.0
1994 4 453658.0
1994 5 496648.0
1994 6 430905.0
1994 7 403540.0
1994 8 436608.0
1994 9 405024.0
1994 10 391252.0
1994 11 334254.0
1994 12 251218.0
1995 1 170757.0
1995 2 222430.0
1995 3 389922.0
1995 4 364027.0
1995 5 428764.0
1995 6 422689.0
1995 7 376397.0
1995 8 424205.0
1995 9 381541.0
1995 10 412736.0
1995 11 365265.0
1995 12 243753.0
1996 1 199311.0
1996 2 266594.0
1996 3 376002.0
1996 4 501290.0
1996 5 464940.0
1996 6 417754.0
1996 7 443860.0
1996 8 438964.0
1996 9 381832.0
1996 10 414827.0
1996 11 346107.0
1996 12 241209.0
1997 1 181382.0
1997 2 235252.0
1997 3 358727.0
1997 4 446272.0
1997 5 436086.0
1997 6 412900.0
1997 7 428212.0
1997 8 363830.0
1997 9 398481.0
1997 10 382758.0
1997 11 309209.0
1997 12 281245.0
1998 1 209813.0
1998 2 295296.0
1998 3 417663.0
1998 4 507362.0
1998 5 460265.0
1998 6 507700.0
1998 7 461686.0
1998 8 422959.0
1998 9 449433.0
1998 10 435612.0
1998 11 387443.0
1998 12 347398.0
1999 1 222606.0
1999 2 319096.0
1999 3 487400.0
1999 4 532203.0
1999 5 499460.0
1999 6 545766.0
1999 7 489539.0
1999 8 521039.0
1999 9 526652.0
1999 10 488217.0
1999 11 483820.0
1999 12 345970.0
2000 1 293237.0
2000 2 363792.0
2000 3 557205.0
2000 4 541221.0
2000 5 536387.0
2000 6 532458.0
2000 7 499678.0
2000 8 546754.0
2000 9 486800.0
2000 10 495297.0
2000 11 468780.0
2000 12 245836.0
2001 1 328155.0
2001 2 346854.0
2001 3 538652.0
2001 4 596991.0
2001 5 612790.0
2001 6 636763.0
2001 7 569216.0
2001 8 578964.0
2001 9 467668.0
2001 10 567866.0
2001 11 464997.0
2001 12 347781.0
2002 1 364533.0
2002 2 412023.0
2002 3 525474.0
2002 4 689363.0
2002 5 653980.0
2002 6 606671.0
2002 7 588297.0
2002 8 607030.0
2002 9 610260.0
2002 10 714382.0
2002 11 505838.0
2002 12 443854.0
2003 1 365453.0
2003 2 395910.0
2003 3 600097.0
2003 4 702080.0
2003 5 659296.0
2003 6 736772.0
2003 7 733480.0
2003 8 703121.0
2003 9 726791.0
2003 10 831248.0
2003 11 529966.0
2003 12 504380.0
2004 1 429915.0
2004 2 462829.0
2004 3 764098.0
2004 4 811205.0
2004 5 737445.0
2004 6 802292.0
2004 7 782742.0
2004 8 824343.0
2004 9 761926.0
2004 10 717509.0
2004 11 644986.0
2004 12 538860.0
2005 1 428661.0
2005 2 527941.0
2005 3 822157.0
2005 4 860364.0
2005 5 876581.0
2005 6 931079.0
2005 7 881620.0
2005 8 898518.0
2005 9 877165.0
2005 10 837673.0
2005 11 763581.0
2005 12 583714.0
2006 1 518431.0
2006 2 559903.0
2006 3 819634.0
2006 4 762591.0
2006 5 878423.0
2006 6 749907.0
2006 7 666330.0
2006 8 702256.0
2006 9 592669.0
2006 10 615847.0
2006 11 467121.0
2006 12 321008.0
2007 1 349755.0
2007 2 298364.0
2007 3 553880.0
2007 4 530562.0
2007 5 604678.0
2007 6 553373.0
2007 7 502134.0
2007 8 472362.0
2007 9 390001.0
2007 10 445858.0
2007 11 335005.0
2007 12 203196.0
2008 1 181766.0
2008 2 183674.0
2008 3 247232.0
2008 4 353360.0
2008 5 317660.0
2008 6 295611.0
2008 7 289234.0
2008 8 223167.0
2008 9 244073.0
2008 10 211468.0
2008 11 150929.0
2008 12 85838.0
2009 1 69200.0
2009 2 99153.0
2009 3 118850.0
2009 4 170335.0
2009 5 166745.0
2009 6 179706.0
2009 7 197574.0
2009 8 159995.0
2009 9 176695.0
2009 10 190136.0
2009 11 157972.0
2009 12 115441.0
2010 1 76071.0
2010 2 108262.0
2010 3 179443.0
2010 4 187732.0
2010 5 175735.0
2010 6 169201.0
2010 7 144248.0
2010 8 152508.0
2010 9 149912.0
2010 10 146529.0
2010 11 149798.0
2010 12 77096.0
2011 1 55607.0
2011 2 86933.0
2011 3 148686.0
2011 4 167323.0
2011 5 171915.0
2011 6 157262.0
2011 7 144058.0
2011 8 184002.0
2011 9 148385.0
2011 10 169688.0
2011 11 140041.0
2011 12 103238.0
2012 1 79029.0
2012 2 89393.0
2012 3 181741.0
2012 4 169893.0
2012 5 214908.0
2012 6 177560.0
2012 7 189683.0
2012 8 218718.0
2012 9 184128.0
2012 10 231984.0
2012 11 171037.0
2012 12 146927.0
2013 1 105867.0
2013 2 113503.0
2013 3 200963.0
2013 4 218917.0
2013 5 243783.0
2013 6 232677.0
2013 7 240142.0
2013 8 273704.0
2013 9 223851.0
2013 10 270451.0
2013 11 227269.0
2013 12 165486.0
2014 1 91385.0
2014 2 122783.0
2014 3 232051.0
2014 4 275523.0
2014 5 271705.0
2014 6 237893.0
2014 7 254988.0
2014 8 239364.0
2014 9 235780.0
2014 10 290656.0
2014 11 209191.0
2014 12 166143.0
2015 1 112371.0
2015 2 106623.0
2015 3 202771.0
2015 4 248118.0
2015 5 271868.0
2015 6 291675.0
2015 7 287628.0
2015 8 264044.0
2015 9 275295.0
2015 10 280846.0
2015 11 228786.0
2015 12 167145.0
2016 1 150046.0
2016 2 142911.0
2016 3 283187.0
2016 4 253332.0
2016 5 284938.0
2016 6 276087.0
2016 7 266128.0
2016 8 280066.0
2016 9 258243.0
2016 10 290817.0
2016 11 211673.0
2016 12 149559.0
2017 1 139171.0
2017 2 155217.0
2017 3 233742.0
2017 4 236941.0
2017 5 270798.0
2017 6 285174.0
2017 7 255576.0
2017 8 293894.0
2017 9 277338.0
2017 10 265348.0
2017 11 224548.0
2017 12 158631.0
2018 1 135286.0
2018 2 132937.0
2018 3 260494.0
2018 4 249796.0
2018 5 293569.0
2018 6 277985.0
2018 7 233016.0
2018 8 264556.0
2018 9 215312.0
2018 10 280115.0
2018 11 184931.0
2018 12 135838.0
2019 1 134872.0
2019 2 132584.0
2019 3 203152.0
2019 4 275545.0
2019 5 265703.0
2019 6 214823.0
2019 7 226519.0
2019 8 213467.0
2019 9 221577.0
2019 10 236098.0
2019 11 174181.0
2019 12 153150.0
2020 1 146649.0
2020 2 155861.0
2020 3 184458.0
2020 4 189761.0
2020 5 191556.0
2020 6 250733.0
2020 7 279150.0
2020 8 254210.0
2020 9 276583.0
2020 10 263780.0
2020 11 222232.0
2020 12 201392.0
2021 1 170813.0
2021 2 182737.0
2021 3 298423.0
2021 4 348503.0
2021 5 273781.0
2021 6 304255.0
2021 7 263073.0
2021 8 305842.0
2021 9 291328.0
2021 10 247672.0
2021 11 262963.0
2021 12 230508.0
2022 1 160885.0
2022 2 188250.0
2022 3 300994.0
2022 4 297328.0
2022 5 291869.0
2022 6 312177.0
2022 7 262883.0
2022 8 270146.0
2022 9 244236.0
2022 10 245960.0
2022 11 192453.0
2022 12 145418.0
2023 1 135348.0
2023 2 156421.0
2023 3 255849.0
2023 4 262441.0
2023 5 344006.0
2023 6 273117.0
2023 7 264688.0
2023 8 275347.0
2023 9 256509.0
2023 10 277687.0
2023 11 277585.0
2023 12 200104.0
2024 1 158170.0
2024 2 222868.0
2024 3 290461.0
2024 4 331847.0
2024 5 379491.0
2024 6 323964.0
2024 7 369043.0
2024 8 332069.0
