1960 5 12324.0
1960 6 8109.0
1960 7 10238.0
1960 8 10300.0
1960 9 9730.0
1960 10 12072.0
1960 11 12996.0
1960 12 12464.0
1961 1 8817.0
1961 2 22309.0
1961 3 17214.0
1961 4 14987.0
1961 5 21252.0
1961 6 9201.0
1961 7 14365.0
1961 8 17006.0
1961 9 23647.0
1961 10 9938.0
1961 11 13612.0
1961 12 8223.0
1962 1 9102.0
1962 2 12987.0
1962 3 14078.0
1962 4 14902.0
1962 5 13952.0
1962 6 31747.0
1962 7 20073.0
1962 8 14832.0
1962 9 12554.0
1962 10 11610.0
1962 11 8829.0
1962 12 15094.0
1963 1 6317.0
1963 2 7821.0
1963 3 13187.0
1963 4 14331.0
1963 5 13552.0
1963 6 15255.0
1963 7 15911.0
1963 8 14075.0
1963 9 8517.0
1963 10 17071.0
1963 11 20619.0
1963 12 11754.0
1964 1 19178.0
1964 2 8315.0
1964 3 14032.0
1964 4 12781.0
1964 5 12708.0
1964 6 20606.0
1964 7 13151.0
1964 8 13752.0
1964 9 15790.0
1964 10 14534.0
1964 11 14327.0
1964 12 15587.0
1965 1 10256.0
1965 2 5689.0
1965 3 16741.0
1965 4 16394.0
1965 5 9378.0
1965 6 20005.0
1965 7 19728.0
1965 8 21096.0
1965 9 25296.0
1965 10 12178.0
1965 11 16782.0
1965 12 16304.0
1966 1 24829.0
1966 2 29293.0
1966 3 28116.0
1966 4 20627.0
1966 5 17385.0
1966 6 11520.0
1966 7 15062.0
1966 8 33194.0
1966 9 12036.0
1966 10 18125.0
1966 11 19322.0
1966 12 14421.0
1967 1 9069.0
1967 2 7793.0
1967 3 14498.0
1967 4 24085.0
1967 5 22026.0
1967 6 21555.0
1967 7 18976.0
1967 8 30570.0
1967 9 27279.0
1967 10 25368.0
1967 11 31002.0
1967 12 20027.0
1968 1 17173.0
1968 2 17149.0
1968 3 24189.0
1968 4 24141.0
1968 5 45123.0
1968 6 40186.0
1968 7 27887.0
1968 8 37724.0
1968 9 37326.0
1968 10 42791.0
1968 11 58440.0
1968 12 24702.0
1969 1 31907.0
1969 2 36023.0
1969 3 30139.0
1969 4 57387.0
1969 5 22858.0
1969 6 35956.0
1969 7 37536.0
1969 8 34560.0
1969 9 33683.0
1969 10 17445.0
1969 11 25689.0
1969 12 28919.0
1970 1 4794.0
1970 2 14653.0
1970 3 40053.0
1970 4 18386.0
1970 5 24157.0
1970 6 42942.0
1970 7 35840.0
1970 8 17992.0
1970 9 21583.0
1970 10 38004.0
1970 11 23785.0
1970 12 32117.0
1971 1 18458.0
1971 2 10812.0
1971 3 58927.0
1971 4 44234.0
1971 5 37820.0
1971 6 78109.0
1971 7 45364.0
1971 8 53579.0
1971 9 56609.0
1971 10 25777.0
1971 11 43650.0
1971 12 68263.0
1972 1 13904.0
1972 2 14565.0
1972 3 24698.0
1972 4 41728.0
1972 5 57021.0
1972 6 42888.0
1972 7 36893.0
1972 8 60233.0
1972 9 51568.0
1972 10 56998.0
1972 11 77535.0
1972 12 39254.0
1973 1 40488.0
1973 2 30357.0
1973 3 31006.0
1973 4 45547.0
1973 5 38407.0
1973 6 42044.0
1973 7 66677.0
1973 8 55674.0
1973 9 27165.0
1973 10 26883.0
1973 11 21048.0
1973 12 29690.0
1974 1 17535.0
1974 2 12339.0
1974 3 28076.0
1974 4 15263.0
1974 5 25922.0
1974 6 19008.0
1974 7 8242.0
1974 8 22832.0
1974 9 13659.0
1974 10 8387.0
1974 11 14239.0
1974 12 23937.0
1975 1 24842.0
1975 2 5528.0
1975 3 10597.0
1975 4 14609.0
1975 5 10265.0
1975 6 19504.0
1975 7 23733.0
1975 8 7704.0
1975 9 12827.0
1975 10 25670.0
1975 11 23253.0
1975 12 17959.0
1976 1 12393.0
1976 2 9922.0
1976 3 23469.0
1976 4 22657.0
1976 5 33757.0
1976 6 26588.0
1976 7 27158.0
1976 8 28230.0
1976 9 40666.0
1976 10 47730.0
1976 11 44002.0
1976 12 21869.0
1977 1 3814.0
1977 2 16162.0
1977 3 42662.0
1977 4 60866.0
1977 5 45113.0
1977 6 45711.0
1977 7 33977.0
1977 8 53824.0
1977 9 42087.0
1977 10 44071.0
1977 11 41515.0
1977 12 24926.0
1978 1 18045.0
1978 2 24494.0
1978 3 41173.0
1978 4 41286.0
1978 5 44627.0
1978 6 54692.0
1978 7 63006.0
1978 8 62167.0
1978 9 52307.0
1978 10 73094.0
1978 11 77503.0
1978 12 32203.0
1979 1 17374.0
1979 2 18585.0
1979 3 28638.0
1979 4 38925.0
1979 5 70152.0
1979 6 82349.0
1979 7 37676.0
1979 8 61311.0
1979 9 58377.0
1979 10 47715.0
1979 11 34548.0
1979 12 34953.0
1980 1 10143.0
1980 2 23172.0
1980 3 17074.0
1980 4 12767.0
1980 5 8486.0
1980 6 24270.0
1980 7 47744.0
1980 8 50633.0
1980 9 61167.0
1980 10 51417.0
1980 11 59982.0
1980 12 25613.0
1981 1 15987.0
1981 2 19305.0
1981 3 31482.0
1981 4 20979.0
1981 5 16996.0
1981 6 13374.0
1981 7 22231.0
1981 8 19472.0
1981 9 13060.0
1981 10 18849.0
1981 11 11894.0
1981 12 11584.0
1982 1 5776.0
1982 2 9936.0
1982 3 7438.0
1982 4 10423.0
1982 5 50433.0
1982 6 17650.0
1982 7 29879.0
1982 8 21430.0
1982 9 67746.0
1982 10 39734.0
1982 11 34663.5
1982 12 29593.0
1983 1 9402.0
1983 2 5804.0
1983 3 18074.0
1983 4 27408.0
1983 5 31452.0
1983 6 25897.0
1983 7 76124.0
1983 8 50634.0
1983 9 50401.0
1983 10 72194.0
1983 11 23059.0
1983 12 42403.0
1984 1 13398.0
1984 2 17343.0
1984 3 18978.0
1984 4 27553.0
1984 5 41085.0
1984 6 45134.0
1984 7 51414.0
1984 8 30468.0
1984 9 18628.0
1984 10 30791.0
1984 11 26139.0
1984 12 11176.0
1985 1 12037.0
1985 2 26331.0
1985 3 25945.0
1985 4 48891.0
1985 5 73294.0
1985 6 60005.0
1985 7 74411.0
1985 8 73150.0
1985 9 66330.0
1985 10 37029.0
1985 11 43503.0
1985 12 94535.0
1986 1 42359.0
1986 2 28111.0
1986 3 33973.0
1986 4 103690.0
1986 5 104887.0
1986 6 69550.0
1986 7 90595.0
1986 8 59055.0
1986 9 137173.0
1986 10 37041.0
1986 11 105825.0
1986 12 43021.0
1987 1 45004.0
1987 2 25645.0
1987 3 40563.0
1987 4 56079.0
1987 5 70228.0
1987 6 72372.0
1987 7 42770.0
1987 8 59748.0
1987 9 65436.0
1987 10 68944.0
1987 11 61343.0
1987 12 44988.0
1988 1 12546.0
1988 2 21149.0
1988 3 37399.0
1988 4 34500.0
1988 5 48066.0
1988 6 75609.0
1988 7 46548.0
1988 8 37166.0
1988 9 64039.0
1988 10 55921.0
1988 11 46629.0
1988 12 175316.0
1989 1 12590.0
1989 2 57867.0
1989 3 29776.0
1989 4 79795.0
1989 5 52999.0
1989 6 35848.0
1989 7 44870.0
1989 8 55009.0
1989 9 36971.0
1989 10 74050.0
1989 11 31303.0
1989 12 18306.0
1990 1 51096.0
1990 2 39940.0
1990 3 29394.0
1990 4 42579.0
1990 5 30385.0
1990 6 33038.0
1990 7 41963.0
1990 8 38369.0
1990 9 56497.0
1990 10 31306.0
1990 11 35941.0
1990 12 17205.0
1991 1 2898.0
1991 2 4837.0
1991 3 18751.0
1991 4 35518.0
1991 5 32850.0
1991 6 32983.0
1991 7 33612.0
1991 8 37652.0
1991 9 41257.0
1991 10 52025.0
1991 11 24488.0
1991 12 18753.0
1992 1 15704.0
1992 2 30437.0
1992 3 35133.0
1992 4 32329.0
1992 5 77083.0
1992 6 33429.0
1992 7 46704.0
1992 8 39150.0
1992 9 45140.0
1992 10 49110.0
1992 11 24494.0
1992 12 18961.0
1993 1 17619.0
1993 2 14448.0
1993 3 29364.0
1993 4 31979.0
1993 5 43925.0
1993 6 41238.0
1993 7 40991.0
1993 8 30796.0
1993 9 38810.0
1993 10 47693.0
1993 11 46776.0
1993 12 32420.0
1994 1 19631.0
1994 2 20175.0
1994 3 51231.0
1994 4 48321.0
1994 5 68815.0
1994 6 44814.0
1994 7 48850.0
1994 8 70851.0
1994 9 57410.0
1994 10 66682.0
1994 11 45097.0
1994 12 53327.0
1995 1 25546.0
1995 2 35797.0
1995 3 37019.0
1995 4 39346.0
1995 5 52416.0
1995 6 62843.0
1995 7 53475.0
1995 8 79794.0
1995 9 83180.0
1995 10 63566.0
1995 11 52691.0
1995 12 32151.0
1996 1 30718.0
1996 2 29575.0
1996 3 46990.0
1996 4 64736.0
1996 5 67197.0
1996 6 50146.0
1996 7 54063.0
1996 8 67611.0
1996 9 67066.0
1996 10 92290.0
1996 11 72847.0
1996 12 53472.0
1997 1 47978.0
1997 2 41578.0
1997 3 97691.0
1997 4 83717.0
1997 5 70839.0
1997 6 55499.0
1997 7 67860.0
1997 8 55128.0
1997 9 68265.0
1997 10 116082.0
1997 11 82940.0
1997 12 38442.0
1998 1 31393.0
1998 2 44247.0
1998 3 43659.0
1998 4 53285.0
1998 5 54765.0
1998 6 53413.0
1998 7 50927.0
1998 8 44545.0
1998 9 68574.0
1998 10 113217.0
1998 11 49088.0
1998 12 76284.0
1999 1 26577.0
1999 2 55326.0
1999 3 77084.0
1999 4 58993.0
1999 5 81345.0
1999 6 65922.0
1999 7 65357.0
1999 8 92045.0
1999 9 83084.0
1999 10 69694.0
1999 11 80566.0
1999 12 46544.0
2000 1 36304.0
2000 2 55530.0
2000 3 46094.0
2000 4 107842.0
2000 5 109313.0
2000 6 86251.0
2000 7 90025.0
2000 8 65826.0
2000 9 64265.0
2000 10 87666.0
2000 11 70726.0
2000 12 61721.0
2001 1 69998.0
2001 2 47162.0
2001 3 82768.0
2001 4 79661.0
2001 5 77267.0
2001 6 83440.0
2001 7 70806.0
2001 8 103433.0
2001 9 74698.0
2001 10 92432.0
2001 11 101254.0
2001 12 105678.0
2002 1 59294.0
2002 2 55622.0
2002 3 92534.0
2002 4 88946.0
2002 5 91226.0
2002 6 103573.0
2002 7 145288.0
2002 8 58114.0
2002 9 116575.0
2002 10 115418.0
2002 11 69590.0
2002 12 82708.0
2003 1 61285.0
2003 2 52359.0
2003 3 68526.0
2003 4 126859.0
2003 5 101309.0
2003 6 196296.0
2003 7 133339.0
2003 8 167707.0
2003 9 124243.0
2003 10 209938.0
2003 11 138718.0
2003 12 102107.0
2004 1 59132.0
2004 2 43332.0
2004 3 116629.0
2004 4 52967.0
2004 5 83995.0
2004 6 105136.0
2004 7 128507.0
2004 8 117745.0
2004 9 137283.0
2004 10 137814.0
2004 11 111889.0
2004 12 126712.0
2005 1 65473.0
2005 2 79962.0
2005 3 140839.0
2005 4 158221.0
2005 5 140652.0
2005 6 107874.0
2005 7 127121.0
2005 8 214860.0
2005 9 149169.0
2005 10 137998.0
2005 11 169910.0
2005 12 174638.0
2006 1 170038.0
2006 2 190846.0
2006 3 130716.0
2006 4 131874.0
2006 5 169885.0
2006 6 153631.0
2006 7 180701.0
2006 8 183086.0
2006 9 129586.0
2006 10 128330.0
2006 11 102519.0
2006 12 122199.0
2007 1 236860.0
2007 2 162416.0
2007 3 164341.0
2007 4 125922.0
2007 5 113150.0
2007 6 136182.0
2007 7 118745.0
2007 8 113631.0
2007 9 158675.0
2007 10 91418.0
2007 11 96069.0
2007 12 149109.0
2008 1 126164.0
2008 2 59451.0
2008 3 49933.0
2008 4 267114.0
2008 5 150909.0
2008 6 41981.0
2008 7 47395.0
2008 8 40429.0
2008 9 39142.0
2008 10 68998.0
2008 11 22207.0
2008 12 123653.0
2009 1 8409.0
2009 2 8723.0
2009 3 33868.0
2009 4 6636.0
2009 5 9060.0
2009 6 26010.0
2009 7 51693.0
2009 8 21230.0
2009 9 112943.0
2009 10 25039.0
2009 11 47613.0
2009 12 26341.0
2010 1 5830.0
2010 2 17888.0
2010 3 19081.0
2010 4 23067.0
2010 5 242453.0
2010 6 65716.0
2010 7 9338.0
2010 8 51147.0
2010 9 45470.0
2010 10 69206.0
2010 11 14780.0
2010 12 68176.0
2011 1 81741.0
2011 2 7451.0
2011 3 26034.0
2011 4 19735.0
2011 5 54187.0
2011 6 61864.0
2011 7 18200.0
2011 8 33265.0
2011 9 57867.0
2011 10 52507.0
2011 11 117277.0
2011 12 91209.0
2012 1 4829.0
2012 2 14939.0
2012 3 112751.0
2012 4 31477.0
2012 5 25427.0
2012 6 52506.0
2012 7 33558.0
2012 8 77155.0
2012 9 52429.0
2012 10 78847.0
2012 11 70652.0
2012 12 25895.0
2013 1 19901.0
2013 2 47609.0
2013 3 56913.0
2013 4 86713.0
2013 5 48514.0
2013 6 37954.0
2013 7 43589.0
2013 8 29387.0
2013 9 188027.0
2013 10 107101.0
2013 11 87366.0
2013 12 32755.0
2014 1 46547.0
2014 2 76528.0
2014 3 145571.0
2014 4 220789.0
2014 5 85817.0
2014 6 103924.0
2014 7 194282.0
2014 8 70446.0
2014 9 100336.0
2014 10 173331.0
2014 11 58936.0
2014 12 142195.0
2015 1 26888.0
2015 2 113807.0
2015 3 132885.0
2015 4 174450.0
2015 5 99285.0
2015 6 169447.0
2015 7 47496.0
2015 8 122836.0
2015 9 53344.0
2015 10 79609.0
2015 11 514147.0
2015 12 85345.0
2016 1 311986.0
2016 2 55759.0
2016 3 83693.0
2016 4 41574.0
2016 5 113317.0
2016 6 69966.0
2016 7 101949.0
2016 8 129897.0
2016 9 238180.0
2016 10 210482.0
2016 11 72877.0
2016 12 147203.0
2017 1 47615.0
2017 2 122775.0
2017 3 125841.0
2017 4 149336.0
2017 5 101950.0
2017 6 287904.0
2017 7 69093.0
2017 8 134666.0
2017 9 188835.0
2017 10 206526.0
2017 11 179801.0
2017 12 152927.0
2018 1 64376.0
2018 2 89507.0
2018 3 205822.0
2018 4 60142.0
2018 5 187629.0
2018 6 77147.0
2018 7 90420.0
2018 8 98263.0
2018 9 227776.0
2018 10 199599.0
2018 11 180958.0
2018 12 104194.0
2019 1 115041.0
2019 2 80062.0
2019 3 67623.0
2019 4 295066.0
2019 5 99769.0
2019 6 81355.0
2019 7 133375.0
2019 8 86195.0
2019 9 76532.0
2019 10 104893.0
2019 11 52519.0
2019 12 140519.0
2020 1 59891.0
2020 2 79142.0
2020 3 88344.0
2020 4 132979.0
2020 5 82088.0
2020 6 67131.0
2020 7 101706.0
2020 8 30910.0
2020 9 70309.0
2020 10 91447.0
2020 11 107155.0
2020 12 64928.0
2021 1 62268.0
2021 2 47380.0
2021 3 113115.0
2021 4 99426.0
2021 5 59231.0
2021 6 92192.0
2021 7 191855.0
2021 8 94123.0
2021 9 81879.0
2021 10 154325.0
2021 11 53902.0
2021 12 56384.0
2022 1 149966.0
2022 2 49117.0
2022 3 224010.0
2022 4 204828.0
2022 5 79621.0
2022 6 81224.0
2022 7 90164.0
2022 8 157114.0
2022 9 108844.0
2022 10 205776.0
2022 11 85289.0
2022 12 217668.0
2023 1 173576.0
2023 2 62184.0
2023 3 167661.0
2023 4 118384.0
2023 5 102654.0
2023 6 90704.0
2023 7 56383.0
2023 8 78697.0
2023 9 134992.0
2023 10 109293.0
2023 11 61003.0
2023 12 60487.0
2024 1 73035.0
2024 2 62337.0
2024 3 267519.0
2024 4 48576.0
2024 5 146805.0
2024 6 193661.0
2024 7 117967.0
2024 8 195541.0
