1960 5 168.0
1960 6 55.0
1960 7 200.0
1960 8 333.0
1960 9 501.0
1960 10 416.0
1960 11 150.0
1960 12 160.0
1961 1 68.0
1961 2 126.0
1961 3 304.0
1961 4 160.0
1961 5 550.0
1961 6 56.0
1961 7 1474.0
1961 8 985.0
1961 9 1598.0
1961 10 380.0
1961 11 1914.0
1961 12 1036.5
1962 1 159.0
1962 2 246.0
1962 3 2204.0
1962 4 590.0
1962 5 982.0
1962 6 1099.0
1962 7 6022.0
1962 8 760.0
1962 9 705.0
1962 10 4067.0
1962 11 1823.0
1962 12 365.0
1963 1 588.0
1963 2 546.0
1963 3 2773.0
1963 4 4849.0
1963 5 992.0
1963 6 2674.0
1963 7 2863.0
1963 8 3573.0
1963 9 7628.0
1963 10 5269.0
1963 11 1965.0
1963 12 2276.0
1964 1 1145.0
1964 2 1129.0
1964 3 5042.0
1964 4 4228.0
1964 5 2129.0
1964 6 4924.0
1964 7 4107.0
1964 8 3564.0
1964 9 4982.0
1964 10 6562.0
1964 11 5460.0
1964 12 2322.0
1965 1 1336.0
1965 2 2834.0
1965 3 1262.0
1965 4 6518.0
1965 5 3529.0
1965 6 5077.0
1965 7 4183.0
1965 8 4841.0
1965 9 4905.0
1965 10 2604.0
1965 11 4557.0
1965 12 6242.0
1966 1 2370.0
1966 2 9322.0
1966 3 8119.0
1966 4 5096.0
1966 5 7412.0
1966 6 3133.0
1966 7 6307.0
1966 8 7692.0
1966 9 4001.0
1966 10 2946.0
1966 11 3760.0
1966 12 974.0
1967 1 1265.0
1967 2 2462.0
1967 3 1566.0
1967 4 2338.0
1967 5 5176.0
1967 6 5093.0
1967 7 4719.0
1967 8 4990.0
1967 9 5251.0
1967 10 14647.0
1967 11 4072.0
1967 12 9791.0
1968 1 3285.0
1968 2 3673.0
1968 3 3682.0
1968 4 9533.0
1968 5 8644.0
1968 6 6837.0
1968 7 10733.0
1968 8 2523.0
1968 9 7199.0
1968 10 13836.0
1968 11 11507.0
1968 12 2521.0
1969 1 5420.0
1969 2 3701.0
1969 3 15086.0
1969 4 8669.0
1969 5 9889.0
1969 6 12366.0
1969 7 8500.0
1969 8 9824.0
1969 9 6348.0
1969 10 17738.0
1969 11 4438.0
1969 12 10255.0
1970 1 2638.0
1970 2 957.0
1970 3 3621.0
1970 4 2295.0
1970 5 10973.0
1970 6 7605.0
1970 7 13484.0
1970 8 14911.0
1970 9 7865.0
1970 10 8024.0
1970 11 8308.0
1970 12 6209.0
1971 1 1953.0
1971 2 8762.0
1971 3 6101.0
1971 4 10873.0
1971 5 16886.0
1971 6 14985.0
1971 7 15831.0
1971 8 5881.0
1971 9 9557.0
1971 10 11039.0
1971 11 17935.0
1971 12 10723.0
1972 1 4411.0
1972 2 11544.0
1972 3 10001.0
1972 4 8949.0
1972 5 6695.0
1972 6 9541.0
1972 7 22403.0
1972 8 8461.0
1972 9 9652.0
1972 10 17968.0
1972 11 26965.0
1972 12 7681.0
1973 1 17812.0
1973 2 17793.0
1973 3 11805.0
1973 4 24448.0
1973 5 42716.0
1973 6 11932.0
1973 7 19514.0
1973 8 9854.0
1973 9 13003.0
1973 10 14461.0
1973 11 8727.0
1973 12 3501.0
1974 1 2839.0
1974 2 8951.0
1974 3 8085.0
1974 4 1768.0
1974 5 20724.0
1974 6 17067.0
1974 7 5407.0
1974 8 3664.0
1974 9 5802.0
1974 10 3110.0
1974 11 3280.0
1974 12 565.0
1975 1 1660.0
1975 2 700.0
1975 3 1693.0
1975 4 3846.0
1975 5 12486.0
1975 6 11850.0
1975 7 2372.0
1975 8 3365.0
1975 9 5046.0
1975 10 7064.0
1975 11 1846.0
1975 12 2525.0
1976 1 1016.0
1976 2 254.0
1976 3 9882.0
1976 4 4755.0
1976 5 2761.0
1976 6 7264.0
1976 7 7871.0
1976 8 8628.0
1976 9 26048.0
1976 10 8273.0
1976 11 6320.0
1976 12 5793.0
1977 1 2728.0
1977 2 2818.0
1977 3 8744.0
1977 4 8409.0
1977 5 7982.0
1977 6 20112.0
1977 7 19249.0
1977 8 12917.0
1977 9 13735.0
1977 10 21526.0
1977 11 5736.0
1977 12 16312.0
1978 1 1569.0
1978 2 5022.0
1978 3 13314.0
1978 4 8889.0
1978 5 12324.0
1978 6 7009.0
1978 7 4816.0
1978 8 18425.0
1978 9 35733.0
1978 10 25336.0
1978 11 19308.0
1978 12 6132.0
1979 1 455.0
1979 2 1172.0
1979 3 32837.0
1979 4 6539.0
1979 5 3720.0
1979 6 5915.0
1979 7 18318.0
1979 8 21327.0
1979 9 41998.0
1979 10 16604.0
1979 11 6169.0
1979 12 8661.0
1980 1 10347.0
1980 2 9481.0
1980 3 2910.0
1980 4 6304.0
1980 5 8891.0
1980 6 10611.0
1980 7 16099.0
1980 8 21693.0
1980 9 40881.0
1980 10 23861.0
1980 11 7457.0
1980 12 29201.0
1981 1 6355.0
1981 2 5242.0
1981 3 24660.0
1981 4 13169.0
1981 5 13468.0
1981 6 2919.0
1981 7 2051.0
1981 8 11549.0
1981 9 22849.0
1981 10 4942.0
1981 11 6040.0
1981 12 1490.0
1982 1 1516.0
1982 2 800.0
1982 3 10917.0
1982 4 18225.0
1982 5 23901.0
1982 6 11658.0
1982 7 7416.0
1982 8 8224.0
1982 9 9937.0
1982 10 3061.0
1982 11 3318.5
1982 12 3576.0
1983 1 846.0
1983 2 1012.0
1983 3 6962.0
1983 4 8823.0
1983 5 11646.0
1983 6 12298.0
1983 7 6928.0
1983 8 41896.0
1983 9 25031.0
1983 10 14709.0
1983 11 21460.0
1983 12 5375.0
1984 1 4143.0
1984 2 4490.0
1984 3 15547.0
1984 4 19054.0
1984 5 16310.0
1984 6 20643.0
1984 7 11756.0
1984 8 22477.0
1984 9 15485.0
1984 10 22862.0
1984 11 17495.0
1984 12 5197.0
1985 1 5542.0
1985 2 4065.0
1985 3 13023.0
1985 4 16448.0
1985 5 9586.0
1985 6 34872.0
1985 7 18395.0
1985 8 22213.0
1985 9 11551.0
1985 10 33487.0
1985 11 19720.0
1985 12 35115.0
1986 1 20042.0
1986 2 5054.0
1986 3 15839.0
1986 4 47946.0
1986 5 12339.0
1986 6 14557.0
1986 7 14254.0
1986 8 15934.0
1986 9 28076.0
1986 10 52538.0
1986 11 21801.0
1986 12 28433.0
1987 1 5691.0
1987 2 3074.0
1987 3 19306.0
1987 4 28578.0
1987 5 17107.0
1987 6 7275.0
1987 7 12895.0
1987 8 3881.0
1987 9 36064.0
1987 10 17478.0
1987 11 16989.0
1987 12 7010.0
1988 1 4682.0
1988 2 932.0
1988 3 12442.0
1988 4 10967.0
1988 5 3548.0
1988 6 7356.0
1988 7 11010.0
1988 8 7126.0
1988 9 14054.0
1988 10 3798.0
1988 11 4026.0
1988 12 27414.0
1989 1 18436.0
1989 2 15247.0
1989 3 9492.0
1989 4 7131.0
1989 5 7422.0
1989 6 4581.0
1989 7 6883.0
1989 8 17411.0
1989 9 26121.0
1989 10 28935.0
1989 11 10324.0
1989 12 15096.0
1990 1 25867.0
1990 2 4744.0
1990 3 4473.0
1990 4 13291.0
1990 5 8036.0
1990 6 9871.0
1990 7 21899.0
1990 8 15314.0
1990 9 8394.0
1990 10 6741.0
1990 11 6090.0
1990 12 9036.0
1991 1 3036.0
1991 2 4330.0
1991 3 2327.0
1991 4 4974.0
1991 5 13489.0
1991 6 4932.0
1991 7 33998.0
1991 8 17548.0
1991 9 9427.0
1991 10 6680.0
1991 11 4366.0
1991 12 8026.0
1992 1 1938.0
1992 2 2294.0
1992 3 13110.0
1992 4 5333.0
1992 5 3490.0
1992 6 4974.0
1992 7 6312.0
1992 8 16550.0
1992 9 34505.0
1992 10 10044.0
1992 11 11312.0
1992 12 1413.0
1993 1 4445.0
1993 2 5932.0
1993 3 10473.0
1993 4 5105.0
1993 5 9950.0
1993 6 11235.0
1993 7 13160.0
1993 8 18996.0
1993 9 3319.0
1993 10 9372.0
1993 11 6990.0
1993 12 8240.0
1994 1 11037.0
1994 2 6152.0
1994 3 10829.0
1994 4 11604.0
1994 5 14145.0
1994 6 16130.0
1994 7 10425.0
1994 8 19259.0
1994 9 14892.0
1994 10 17106.0
1994 11 13441.0
1994 12 5292.0
1995 1 3299.0
1995 2 7496.0
1995 3 12381.0
1995 4 11885.0
1995 5 27135.0
1995 6 14373.0
1995 7 35778.0
1995 8 32167.0
1995 9 25685.0
1995 10 16265.0
1995 11 15365.0
1995 12 15182.0
1996 1 5058.0
1996 2 10952.0
1996 3 9964.0
1996 4 13026.0
1996 5 17780.0
1996 6 14492.0
1996 7 22905.0
1996 8 13634.0
1996 9 22085.0
1996 10 27786.0
1996 11 32419.0
1996 12 23851.0
1997 1 11966.0
1997 2 30675.0
1997 3 12798.0
1997 4 22988.0
1997 5 14596.0
1997 6 14371.0
1997 7 14835.0
1997 8 35966.0
1997 9 20307.0
1997 10 17672.0
1997 11 22095.0
1997 12 30351.0
1998 1 10842.0
1998 2 6772.0
1998 3 29220.0
1998 4 23101.0
1998 5 32453.0
1998 6 19909.0
1998 7 6452.0
1998 8 27004.0
1998 9 20872.0
1998 10 35836.0
1998 11 25969.0
1998 12 63038.0
1999 1 240.0
1999 2 5233.0
1999 3 15009.0
1999 4 10518.0
1999 5 39554.0
1999 6 22166.0
1999 7 37474.0
1999 8 11785.0
1999 9 24112.0
1999 10 37753.0
1999 11 35453.0
1999 12 14367.0
2000 1 11407.0
2000 2 7791.0
2000 3 31225.0
2000 4 21477.0
2000 5 35787.0
2000 6 11661.0
2000 7 12672.0
2000 8 39569.0
2000 9 50339.0
2000 10 15472.0
2000 11 15288.0
2000 12 7276.0
2001 1 12107.0
2001 2 17119.0
2001 3 19724.0
2001 4 23703.0
2001 5 9808.0
2001 6 25561.0
2001 7 5205.0
2001 8 6779.0
2001 9 22390.0
2001 10 39208.0
2001 11 11974.0
2001 12 23565.0
2002 1 32336.0
2002 2 9669.0
2002 3 26412.0
2002 4 36213.0
2002 5 21956.0
2002 6 18454.0
2002 7 52809.0
2002 8 28095.0
2002 9 12853.0
2002 10 20486.0
2002 11 25684.0
2002 12 51890.0
2003 1 3381.0
2003 2 11277.0
2003 3 23786.0
2003 4 15619.0
2003 5 20901.0
2003 6 57347.0
2003 7 13634.0
2003 8 80294.0
2003 9 24155.0
2003 10 23174.0
2003 11 47003.0
2003 12 21771.0
2004 1 11786.0
2004 2 23429.0
2004 3 16929.0
2004 4 38566.0
2004 5 28662.0
2004 6 14629.0
2004 7 10433.0
2004 8 20971.0
2004 9 23699.0
2004 10 24978.0
2004 11 10651.0
2004 12 49042.0
2005 1 19034.0
2005 2 5808.0
2005 3 12041.0
2005 4 23946.0
2005 5 18312.0
2005 6 20591.0
2005 7 15843.0
2005 8 30662.0
2005 9 7273.0
2005 10 59757.0
2005 11 20254.0
2005 12 19431.0
2006 1 20859.0
2006 2 17769.0
2006 3 22296.0
2006 4 15052.0
2006 5 14964.0
2006 6 16162.0
2006 7 9928.0
2006 8 5466.0
2006 9 18013.0
2006 10 7730.0
2006 11 21172.0
2006 12 30022.0
2007 1 10624.0
2007 2 6664.0
2007 3 18870.0
2007 4 13698.0
2007 5 23912.0
2007 6 17884.0
2007 7 15556.0
2007 8 9035.0
2007 9 19945.0
2007 10 20463.0
2007 11 23390.0
2007 12 12052.0
2008 1 5794.0
2008 2 17538.0
2008 3 9989.0
2008 4 15373.0
2008 5 20390.0
2008 6 43342.0
2008 7 26467.0
2008 8 29169.0
2008 9 13281.0
2008 10 46848.0
2008 11 19684.0
2008 12 17617.0
2009 1 6397.0
2009 2 9870.0
2009 3 21439.0
2009 4 4693.0
2009 5 864.0
2009 6 21845.0
2009 7 34852.0
2009 8 6941.0
2009 9 27131.0
2009 10 11219.0
2009 11 10284.0
2009 12 12998.0
2010 1 11729.0
2010 2 1324.0
2010 3 11582.0
2010 4 24812.0
2010 5 9236.0
2010 6 2366.0
2010 7 25491.0
2010 8 9458.0
2010 9 18368.0
2010 10 11898.0
2010 11 9408.0
2010 12 4758.0
2011 1 17637.0
2011 2 1180.0
2011 3 23704.0
2011 4 2087.0
2011 5 6526.0
2011 6 14513.0
2011 7 18588.0
2011 8 25681.0
2011 9 26672.0
2011 10 3171.0
2011 11 14531.0
2011 12 15929.0
2012 1 632.0
2012 2 16309.0
2012 3 15114.0
2012 4 21576.0
2012 5 14174.0
2012 6 25948.0
2012 7 4414.0
2012 8 12746.0
2012 9 10888.0
2012 10 23365.0
2012 11 44469.0
2012 12 6697.0
2013 1 9068.0
2013 2 19698.0
2013 3 15056.0
2013 4 18138.0
2013 5 23536.0
2013 6 48027.0
2013 7 17511.0
2013 8 35323.0
2013 9 42406.0
2013 10 49991.0
2013 11 49657.0
2013 12 42643.0
2014 1 24502.0
2014 2 3413.0
2014 3 20819.0
2014 4 24734.0
2014 5 25062.0
2014 6 54863.0
2014 7 56229.0
2014 8 13816.0
2014 9 93456.0
2014 10 34963.0
2014 11 14038.0
2014 12 23726.0
2015 1 7984.0
2015 2 12593.0
2015 3 11130.0
2015 4 84624.0
2015 5 64375.0
2015 6 33721.0
2015 7 17087.0
2015 8 60444.0
2015 9 135474.0
2015 10 52011.0
2015 11 105319.0
2015 12 34331.0
2016 1 33053.0
2016 2 24475.0
2016 3 25316.0
2016 4 24804.0
2016 5 22499.0
2016 6 4847.0
2016 7 59950.0
2016 8 32892.0
2016 9 39166.0
2016 10 49654.0
2016 11 18370.0
2016 12 16090.0
2017 1 43121.0
2017 2 71629.0
2017 3 1758.0
2017 4 30594.0
2017 5 32715.0
2017 6 37259.0
2017 7 15374.0
2017 8 14802.0
2017 9 15100.0
2017 10 10487.0
2017 11 18618.0
2017 12 35937.0
2018 1 8265.0
2018 2 27109.0
2018 3 93031.0
2018 4 107335.0
2018 5 83047.0
2018 6 19724.0
2018 7 47757.0
2018 8 37867.0
2018 9 8652.0
2018 10 65907.0
2018 11 23354.0
2018 12 8963.0
2019 1 59487.0
2019 2 56558.0
2019 3 35989.0
2019 4 52694.0
2019 5 13187.0
2019 6 56422.0
2019 7 29617.0
2019 8 77449.0
2019 9 30366.0
2019 10 42298.0
2019 11 66357.0
2019 12 30420.0
2020 1 12095.0
2020 2 5375.0
2020 3 18345.0
2020 4 66967.0
2020 5 105703.0
2020 6 30250.0
2020 7 70110.0
2020 8 14212.0
2020 9 49814.0
2020 10 67818.0
2020 11 18364.0
2020 12 18078.0
2021 1 16630.0
2021 2 10816.0
2021 3 11416.0
2021 4 28856.0
2021 5 20661.0
2021 6 75098.0
2021 7 78225.0
2021 8 65924.0
2021 9 77966.0
2021 10 44742.0
2021 11 71441.0
2021 12 175147.0
2022 1 114837.0
2022 2 34372.0
2022 3 97977.0
2022 4 176017.0
2022 5 80894.0
2022 6 12210.0
2022 7 47161.0
2022 8 77405.0
2022 9 139206.0
2022 10 97103.0
2022 11 100539.0
2022 12 82728.0
2023 1 161994.0
2023 2 55472.0
2023 3 133822.0
2023 4 98190.0
2023 5 133213.0
2023 6 148108.0
2023 7 115220.0
2023 8 44240.0
2023 9 182811.0
2023 10 271366.0
2023 11 142079.0
2023 12 75181.0
2024 1 28313.0
2024 2 99462.0
2024 3 88284.0
2024 4 40686.0
2024 5 48715.0
2024 6 66263.0
2024 7 62185.0
2024 8 80590.0
