1960 5 20968.0
1960 6 22815.0
1960 7 18381.0
1960 8 14728.0
1960 9 16257.0
1960 10 13747.0
1960 11 12032.0
1960 12 8928.0
1961 1 9055.0
1961 2 8962.0
1961 3 14102.0
1961 4 18040.0
1961 5 20055.0
1961 6 21123.0
1961 7 18071.0
1961 8 18985.0
1961 9 16645.0
1961 10 20106.0
1961 11 14837.0
1961 12 10254.0
1962 1 6060.0
1962 2 7841.0
1962 3 14578.0
1962 4 19849.0
1962 5 25952.0
1962 6 19357.0
1962 7 19921.0
1962 8 18836.0
1962 9 14360.0
1962 10 15917.0
1962 11 13142.0
1962 12 7230.0
1963 1 5974.0
1963 2 4480.0
1963 3 12099.0
1963 4 20427.0
1963 5 18363.0
1963 6 19325.0
1963 7 18355.0
1963 8 20955.0
1963 9 15371.0
1963 10 15876.0
1963 11 10415.0
1963 12 8361.0
1964 1 7024.0
1964 2 9140.0
1964 3 15286.0
1964 4 17763.0
1964 5 16803.0
1964 6 17273.0
1964 7 14679.0
1964 8 13793.0
1964 9 13512.0
1964 10 14955.0
1964 11 11923.0
1964 12 7907.0
1965 1 6797.0
1965 2 5999.0
1965 3 13005.0
1965 4 18682.0
1965 5 20184.0
1965 6 20450.0
1965 7 18122.0
1965 8 18282.0
1965 9 15258.0
1965 10 13138.0
1965 11 13613.0
1965 12 9800.0
1966 1 7053.0
1966 2 7093.0
1966 3 17289.0
1966 4 19169.0
1966 5 14673.0
1966 6 16532.0
1966 7 11781.0
1966 8 14265.0
1966 9 10658.0
1966 10 9548.0
1966 11 8045.0
1966 12 6189.0
1967 1 6127.0
1967 2 7801.0
1967 3 13347.0
1967 4 15819.0
1967 5 16771.0
1967 6 18579.0
1967 7 14612.0
1967 8 17913.0
1967 9 16178.0
1967 10 13808.0
1967 11 10663.0
1967 12 8877.0
1968 1 6043.0
1968 2 8857.0
1968 3 15513.0
1968 4 19676.0
1968 5 29818.0
1968 6 24287.0
1968 7 25495.0
1968 8 22233.0
1968 9 22326.0
1968 10 24678.0
1968 11 19462.0
1968 12 12723.0
1969 1 9588.0
1969 2 16303.0
1969 3 25947.0
1969 4 28996.0
1969 5 26674.0
1969 6 26439.0
1969 7 22183.0
1969 8 19500.0
1969 9 18490.0
1969 10 21756.0
1969 11 13299.0
1969 12 11244.0
1970 1 7038.0
1970 2 7245.0
1970 3 17022.0
1970 4 22044.0
1970 5 22497.0
1970 6 25916.0
1970 7 22368.0
1970 8 20554.0
1970 9 23617.0
1970 10 22331.0
1970 11 20294.0
1970 12 19156.0
1971 1 10747.0
1971 2 8735.0
1971 3 29316.0
1971 4 37748.0
1971 5 35003.0
1971 6 36456.0
1971 7 29423.0
1971 8 33200.0
1971 9 36395.0
1971 10 30633.0
1971 11 29564.0
1971 12 21572.0
1972 1 16768.0
1972 2 21236.0
1972 3 37440.0
1972 4 41075.0
1972 5 44506.0
1972 6 42273.0
1972 7 36260.0
1972 8 40317.0
1972 9 34030.0
1972 10 36251.0
1972 11 28837.0
1972 12 19645.0
1973 1 21317.0
1973 2 27967.0
1973 3 47921.0
1973 4 45807.0
1973 5 53550.0
1973 6 50012.0
1973 7 43412.0
1973 8 39581.0
1973 9 30243.0
1973 10 32179.0
1973 11 27506.0
1973 12 17608.0
1974 1 11998.0
1974 2 21945.0
1974 3 33977.0
1974 4 47344.0
1974 5 44263.0
1974 6 44305.0
1974 7 41344.0
1974 8 35774.0
1974 9 25572.0
1974 10 33363.0
1974 11 21741.0
1974 12 13974.0
1975 1 13539.0
1975 2 18674.0
1975 3 34642.0
1975 4 47973.0
1975 5 53027.0
1975 6 48933.0
1975 7 47727.0
1975 8 47050.0
1975 9 46958.0
1975 10 47468.0
1975 11 39195.0
1975 12 30893.0
1976 1 20713.0
1976 2 32459.0
1976 3 67180.0
1976 4 71894.0
1976 5 67206.0
1976 6 63005.0
1976 7 59496.0
1976 8 62416.0
1976 9 61963.0
1976 10 59751.0
1976 11 49555.0
1976 12 33155.0
1977 1 13849.0
1977 2 32952.0
1977 3 91511.0
1977 4 92119.0
1977 5 100699.0
1977 6 105152.0
1977 7 84588.0
1977 8 94084.0
1977 9 78143.0
1977 10 83449.0
1977 11 72876.0
1977 12 33851.0
1978 1 27466.0
1978 2 26033.0
1978 3 84610.0
1978 4 119994.0
1978 5 126396.0
1978 6 122779.0
1978 7 99472.0
1978 8 97515.0
1978 9 94917.0
1978 10 98167.0
1978 11 67716.0
1978 12 42550.0
1979 1 20066.0
1979 2 21430.0
1979 3 86362.0
1979 4 102617.0
1979 5 120069.0
1979 6 104124.0
1979 7 88849.0
1979 8 93654.0
1979 9 80294.0
1979 10 90427.0
1979 11 53124.0
1979 12 32355.0
1980 1 21316.0
1980 2 23404.0
1980 3 34339.0
1980 4 38065.0
1980 5 37054.0
1980 6 47533.0
1980 7 58927.0
1980 8 63074.0
1980 9 69599.0
1980 10 70848.0
1980 11 51403.0
1980 12 34915.0
1981 1 14814.0
1981 2 19210.0
1981 3 50107.0
1981 4 50642.0
1981 5 47532.0
1981 6 40719.0
1981 7 38276.0
1981 8 34696.0
1981 9 36246.0
1981 10 24227.0
1981 11 19875.0
1981 12 17379.0
1982 1 7657.0
1982 2 7719.0
1982 3 31169.0
1982 4 34813.0
1982 5 27823.0
1982 6 31909.0
1982 7 27054.0
1982 8 32197.0
1982 9 30617.0
1982 10 32500.0
1982 11 27354.0
1982 12 22208.0
1983 1 18792.0
1983 2 21050.0
1983 3 53942.0
1983 4 56042.0
1983 5 61190.0
1983 6 68137.0
1983 7 62037.0
1983 8 66862.0
1983 9 55818.0
1983 10 50664.0
1983 11 57942.0
1983 12 28194.0
1984 1 25432.0
1984 2 34478.0
1984 3 52276.0
1984 4 70215.0
1984 5 84018.0
1984 6 87269.0
1984 7 57788.0
1984 8 65309.0
1984 9 63211.0
1984 10 58264.0
1984 11 47552.0
1984 12 32289.0
1985 1 23802.0
1985 2 25335.0
1985 3 74681.0
1985 4 91279.0
1985 5 105823.0
1985 6 89308.0
1985 7 93115.0
1985 8 93382.0
1985 9 82935.0
1985 10 77887.0
1985 11 50507.0
1985 12 38175.0
1986 1 42653.0
1986 2 49888.0
1986 3 101326.0
1986 4 143624.0
1986 5 132909.0
1986 6 134474.0
1986 7 129025.0
1986 8 124471.0
1986 9 144115.0
1986 10 115966.0
1986 11 100925.0
1986 12 69748.0
1987 1 64439.0
1987 2 80974.0
1987 3 158868.0
1987 4 156487.0
1987 5 139062.0
1987 6 160316.0
1987 7 150204.0
1987 8 129832.0
1987 9 134896.0
1987 10 133915.0
1987 11 104563.0
1987 12 80218.0
1988 1 45034.0
1988 2 85836.0
1988 3 167409.0
1988 4 178871.0
1988 5 172803.0
1988 6 176601.0
1988 7 149024.0
1988 8 146092.0
1988 9 145662.0
1988 10 136677.0
1988 11 107083.0
1988 12 103753.0
1989 1 65761.0
1989 2 82510.0
1989 3 160698.0
1989 4 167677.0
1989 5 183576.0
1989 6 178318.0
1989 7 168392.0
1989 8 181594.0
1989 9 149948.0
1989 10 171915.0
1989 11 137297.0
1989 12 79742.0
1990 1 97965.0
1990 2 112101.0
1990 3 167291.0
1990 4 204275.0
1990 5 185771.0
1990 6 198615.0
1990 7 174920.0
1990 8 185867.0
1990 9 133711.0
1990 10 152185.0
1990 11 121264.0
1990 12 75159.0
1991 1 61258.0
1991 2 92286.0
1991 3 147327.0
1991 4 208561.0
1991 5 203666.0
1991 6 192047.0
1991 7 207243.0
1991 8 192628.0
1991 9 158406.0
1991 10 190307.0
1991 11 125616.0
1991 12 115274.0
1992 1 115959.0
1992 2 165542.0
1992 3 230330.0
1992 4 248870.0
1992 5 237620.0
1992 6 247826.0
1992 7 228456.0
1992 8 210544.0
1992 9 230088.0
1992 10 246564.0
1992 11 170842.0
1992 12 169465.0
1993 1 130462.0
1993 2 149910.0
1993 3 237085.0
1993 4 261840.0
1993 5 246911.0
1993 6 289239.0
1993 7 245242.0
1993 8 267649.0
1993 9 264067.0
1993 10 259088.0
1993 11 242109.0
1993 12 190170.0
1994 1 124395.0
1994 2 172109.0
1994 3 322889.0
1994 4 311236.0
1994 5 300053.0
1994 6 321014.0
1994 7 260375.0
1994 8 294077.0
1994 9 267387.0
1994 10 256766.0
1994 11 223183.0
1994 12 194015.0
1995 1 124059.0
1995 2 147654.0
1995 3 275427.0
1995 4 252713.0
1995 5 295539.0
1995 6 309386.0
1995 7 276607.0
1995 8 317008.0
1995 9 279215.0
1995 10 303158.0
1995 11 280529.0
1995 12 197908.0
1996 1 181694.0
1996 2 197939.0
1996 3 320038.0
1996 4 383018.0
1996 5 366447.0
1996 6 315941.0
1996 7 359282.0
1996 8 324154.0
1996 9 283019.0
1996 10 338503.0
1996 11 237820.0
1996 12 192097.0
1997 1 161284.0
1997 2 190372.0
1997 3 298386.0
1997 4 381957.0
1997 5 349356.0
1997 6 299773.0
1997 7 318711.0
1997 8 311706.0
1997 9 300346.0
1997 10 315179.0
1997 11 236207.0
1997 12 224908.0
1998 1 184333.0
1998 2 242811.0
1998 3 345124.0
1998 4 381741.0
1998 5 384818.0
1998 6 393387.0
1998 7 356299.0
1998 8 335772.0
1998 9 352508.0
1998 10 365757.0
1998 11 291378.0
1998 12 290315.0
1999 1 176039.0
1999 2 278917.0
1999 3 421133.0
1999 4 448702.0
1999 5 405341.0
1999 6 452687.0
1999 7 392885.0
1999 8 406741.0
1999 9 361358.0
1999 10 367783.0
1999 11 328457.0
1999 12 270839.0
2000 1 214997.0
2000 2 250642.0
2000 3 407139.0
2000 4 383101.0
2000 5 416319.0
2000 6 411083.0
2000 7 332822.0
2000 8 401196.0
2000 9 334987.0
2000 10 352478.0
2000 11 287210.0
2000 12 208373.0
2001 1 229529.0
2001 2 282859.0
2001 3 433483.0
2001 4 437451.0
2001 5 508423.0
2001 6 465591.0
2001 7 413170.0
2001 8 427204.0
2001 9 320593.0
2001 10 366421.0
2001 11 322497.0
2001 12 250282.0
2002 1 273368.0
2002 2 264440.0
2002 3 367333.0
2002 4 454303.0
2002 5 471626.0
2002 6 417024.0
2002 7 415602.0
2002 8 410700.0
2002 9 388517.0
2002 10 455788.0
2002 11 361892.0
2002 12 274474.0
2003 1 240422.0
2003 2 254967.0
2003 3 387751.0
2003 4 478096.0
2003 5 480556.0
2003 6 472526.0
2003 7 490142.0
2003 8 473184.0
2003 9 468144.0
2003 10 489164.0
2003 11 341801.0
2003 12 324786.0
2004 1 267298.0
2004 2 303207.0
2004 3 474502.0
2004 4 504560.0
2004 5 457051.0
2004 6 519990.0
2004 7 474662.0
2004 8 461532.0
2004 9 438257.0
2004 10 438363.0
2004 11 448897.0
2004 12 338457.0
2005 1 248366.0
2005 2 290732.0
2005 3 481826.0
2005 4 516787.0
2005 5 519662.0
2005 6 496307.0
2005 7 440602.0
2005 8 524013.0
2005 9 456251.0
2005 10 504007.0
2005 11 427457.0
2005 12 293507.0
2006 1 305873.0
2006 2 321681.0
2006 3 457605.0
2006 4 409933.0
2006 5 433731.0
2006 6 449963.0
2006 7 339219.0
2006 8 393226.0
2006 9 390733.0
2006 10 336474.0
2006 11 267206.0
2006 12 234881.0
2007 1 232136.0
2007 2 192436.0
2007 3 350437.0
2007 4 358984.0
2007 5 380667.0
2007 6 386625.0
2007 7 336281.0
2007 8 355016.0
2007 9 239439.0
2007 10 291282.0
2007 11 232988.0
2007 12 144834.0
2008 1 143172.0
2008 2 137860.0
2008 3 187386.0
2008 4 264304.0
2008 5 237326.0
2008 6 231749.0
2008 7 230798.0
2008 8 198021.0
2008 9 187108.0
2008 10 167381.0
2008 11 116064.0
2008 12 78117.0
2009 1 58048.0
2009 2 79837.0
2009 3 137827.0
2009 4 164020.0
2009 5 171134.0
2009 6 187428.0
2009 7 183683.0
2009 8 190826.0
2009 9 167859.0
2009 10 186624.0
2009 11 150576.0
2009 12 110947.0
2010 1 94913.0
2010 2 117493.0
2010 3 196022.0
2010 4 192213.0
2010 5 175038.0
2010 6 181138.0
2010 7 153120.0
2010 8 150309.0
2010 9 139883.0
2010 10 149973.0
2010 11 132464.0
2010 12 85720.0
2011 1 64746.0
2011 2 81255.0
2011 3 160186.0
2011 4 179506.0
2011 5 168169.0
2011 6 175777.0
2011 7 148343.0
2011 8 212574.0
2011 9 182762.0
2011 10 150680.0
2011 11 135122.0
2011 12 106384.0
2012 1 87726.0
2012 2 128967.0
2012 3 193939.0
2012 4 199333.0
2012 5 218890.0
2012 6 192767.0
2012 7 187728.0
2012 8 221282.0
2012 9 195302.0
2012 10 228366.0
2012 11 192700.0
2012 12 131872.0
2013 1 133053.0
2013 2 164336.0
2013 3 212789.0
2013 4 274769.0
2013 5 297827.0
2013 6 260765.0
2013 7 276482.0
2013 8 280448.0
2013 9 242222.0
2013 10 242741.0
2013 11 206502.0
2013 12 139043.0
2014 1 123721.0
2014 2 140257.0
2014 3 216288.0
2014 4 270290.0
2014 5 289241.0
2014 6 285914.0
2014 7 284784.0
2014 8 251371.0
2014 9 268901.0
2014 10 267151.0
2014 11 195099.0
2014 12 164252.0
2015 1 118457.0
2015 2 146832.0
2015 3 237687.0
2015 4 269205.0
2015 5 277924.0
2015 6 283721.0
2015 7 256471.0
2015 8 248434.0
2015 9 241000.0
2015 10 288188.0
2015 11 232007.0
2015 12 202768.0
2016 1 178396.0
2016 2 222535.0
2016 3 303011.0
2016 4 317216.0
2016 5 329520.0
2016 6 365248.0
2016 7 286681.0
2016 8 336845.0
2016 9 292126.0
2016 10 303157.0
2016 11 287020.0
2016 12 192282.0
2017 1 217551.0
2017 2 229372.0
2017 3 359125.0
2017 4 307664.0
2017 5 368934.0
2017 6 403200.0
2017 7 309713.0
2017 8 375903.0
2017 9 326831.0
2017 10 364507.0
2017 11 298376.0
2017 12 250077.0
2018 1 225062.0
2018 2 263224.0
2018 3 405839.0
2018 4 438531.0
2018 5 459466.0
2018 6 400666.0
2018 7 393944.0
2018 8 432258.0
2018 9 337742.0
2018 10 374371.0
2018 11 353602.0
2018 12 259262.0
2019 1 222737.0
2019 2 235651.0
2019 3 312537.0
2019 4 424724.0
2019 5 416475.0
2019 6 392299.0
2019 7 394337.0
2019 8 412380.0
2019 9 395716.0
2019 10 417757.0
2019 11 294747.0
2019 12 362090.0
2020 1 310430.0
2020 2 299893.0
2020 3 395641.0
2020 4 357623.0
2020 5 344140.0
2020 6 484481.0
2020 7 491654.0
2020 8 462860.0
2020 9 538076.0
2020 10 531662.0
2020 11 455999.0
2020 12 453610.0
2021 1 397389.0
2021 2 417117.0
2021 3 642823.0
2021 4 660200.0
2021 5 619222.0
2021 6 670336.0
2021 7 543881.0
2021 8 527291.0
2021 9 537754.0
2021 10 560407.0
2021 11 506064.0
2021 12 519913.0
2022 1 443685.0
2022 2 459259.0
2022 3 592123.0
2022 4 602395.0
2022 5 620057.0
2022 6 578375.0
2022 7 533463.0
2022 8 473041.0
2022 9 497079.0
2022 10 432914.0
2022 11 332191.0
2022 12 271341.0
2023 1 266149.0
2023 2 329986.0
2023 3 477663.0
2023 4 521381.0
2023 5 567172.0
2023 6 576818.0
2023 7 490188.0
2023 8 598384.0
2023 9 546068.0
2023 10 515690.0
2023 11 435557.0
2023 12 398606.0
2024 1 439643.0
2024 2 497506.0
2024 3 573782.0
2024 4 698407.0
2024 5 578888.0
2024 6 620259.0
2024 7 589590.0
2024 8 657995.0
