1960 5 21237.0
1960 6 23155.0
1960 7 18718.0
1960 8 15336.0
1960 9 16929.0
1960 10 14513.0
1960 11 12397.0
1960 12 10140.0
1961 1 9262.0
1961 2 9162.0
1961 3 14756.0
1961 4 18274.0
1961 5 20727.0
1961 6 21452.0
1961 7 20014.0
1961 8 20203.0
1961 9 18770.0
1961 10 20629.0
1961 11 16822.0
1961 12 10443.0
1962 1 6299.0
1962 2 8136.0
1962 3 16899.0
1962 4 20678.0
1962 5 27387.0
1962 6 20534.0
1962 7 26319.0
1962 8 19882.0
1962 9 15275.0
1962 10 20140.0
1962 11 15211.0
1962 12 7717.0
1963 1 6738.0
1963 2 5100.0
1963 3 15105.0
1963 4 25662.0
1963 5 19606.0
1963 6 22239.0
1963 7 21494.0
1963 8 25052.0
1963 9 23221.0
1963 10 21377.0
1963 11 12568.0
1963 12 10942.0
1964 1 8807.0
1964 2 10706.0
1964 3 21160.0
1964 4 22238.0
1964 5 19431.0
1964 6 22669.0
1964 7 19322.0
1964 8 17597.0
1964 9 18842.0
1964 10 21779.0
1964 11 17568.0
1964 12 10538.0
1965 1 8703.0
1965 2 9014.0
1965 3 14439.0
1965 4 25704.0
1965 5 24154.0
1965 6 25737.0
1965 7 22738.0
1965 8 23618.0
1965 9 20530.0
1965 10 16138.0
1965 11 18562.0
1965 12 16267.0
1966 1 9652.0
1966 2 16807.0
1966 3 26078.0
1966 4 25419.0
1966 5 22451.0
1966 6 19930.0
1966 7 18594.0
1966 8 22364.0
1966 9 14772.0
1966 10 12929.0
1966 11 12051.0
1966 12 7422.0
1967 1 7935.0
1967 2 10853.0
1967 3 15609.0
1967 4 18504.0
1967 5 22610.0
1967 6 24356.0
1967 7 19521.0
1967 8 23272.0
1967 9 21796.0
1967 10 29370.0
1967 11 15556.0
1967 12 18983.0
1968 1 9496.0
1968 2 12744.0
1968 3 19720.0
1968 4 29826.0
1968 5 39840.0
1968 6 34867.0
1968 7 36809.0
1968 8 25356.0
1968 9 30113.0
1968 10 39337.0
1968 11 31917.0
1968 12 15990.0
1969 1 15260.0
1969 2 21086.0
1969 3 42954.0
1969 4 38492.0
1969 5 37337.0
1969 6 40715.0
1969 7 31731.0
1969 8 30145.0
1969 9 25363.0
1969 10 40495.0
1969 11 18652.0
1969 12 23343.0
1970 1 10136.0
1970 2 8988.0
1970 3 21552.0
1970 4 25381.0
1970 5 34317.0
1970 6 34123.0
1970 7 36783.0
1970 8 37170.0
1970 9 32794.0
1970 10 31365.0
1970 11 29629.0
1970 12 25915.0
1971 1 13543.0
1971 2 18084.0
1971 3 36596.0
1971 4 50174.0
1971 5 53127.0
1971 6 54072.0
1971 7 46809.0
1971 8 40853.0
1971 9 48065.0
1971 10 42805.0
1971 11 49158.0
1971 12 33239.0
1972 1 21647.0
1972 2 33170.0
1972 3 48993.0
1972 4 51930.0
1972 5 56017.0
1972 6 53112.0
1972 7 59728.0
1972 8 51847.0
1972 9 48282.0
1972 10 55698.0
1972 11 57219.0
1972 12 31011.0
1973 1 40767.0
1973 2 46563.0
1973 3 61106.0
1973 4 71474.0
1973 5 97295.0
1973 6 64235.0
1973 7 67762.0
1973 8 51583.0
1973 9 45366.0
1973 10 48021.0
1973 11 36937.0
1973 12 21877.0
1974 1 15327.0
1974 2 32460.0
1974 3 43303.0
1974 4 50182.0
1974 5 66478.0
1974 6 62455.0
1974 7 47984.0
1974 8 40162.0
1974 9 32293.0
1974 10 37986.0
1974 11 25972.0
1974 12 15099.0
1975 1 15664.0
1975 2 20080.0
1975 3 37811.0
1975 4 53363.0
1975 5 67876.0
1975 6 61540.0
1975 7 51086.0
1975 8 51401.0
1975 9 52567.0
1975 10 57360.0
1975 11 42786.0
1975 12 34265.0
1976 1 22128.0
1976 2 33499.0
1976 3 78809.0
1976 4 77512.0
1976 5 72219.0
1976 6 72224.0
1976 7 68415.0
1976 8 72344.0
1976 9 90222.0
1976 10 70262.0
1976 11 57846.0
1976 12 39802.0
1977 1 17246.0
1977 2 36195.0
1977 3 101910.0
1977 4 103350.0
1977 5 114344.0
1977 6 130005.0
1977 7 107314.0
1977 8 113270.0
1977 9 96879.0
1977 10 107822.0
1977 11 81490.0
1977 12 52193.0
1978 1 30660.0
1978 2 31804.0
1978 3 102346.0
1978 4 132198.0
1978 5 143754.0
1978 6 134277.0
1978 7 108990.0
1978 8 118785.0
1978 9 133402.0
1978 10 128122.0
1978 11 90879.0
1978 12 50839.0
1979 1 21327.0
1979 2 23419.0
1979 3 121555.0
1979 4 112526.0
1979 5 126332.0
1979 6 117546.0
1979 7 110885.0
1979 8 119617.0
1979 9 126656.0
1979 10 111608.0
1979 11 61627.0
1979 12 43488.0
1980 1 33905.0
1980 2 34519.0
1980 3 40448.0
1980 4 45933.0
1980 5 49964.0
1980 6 59969.0
1980 7 78427.0
1980 8 87063.0
1980 9 114522.0
1980 10 97898.0
1980 11 62891.0
1980 12 68124.0
1981 1 25533.0
1981 2 26533.0
1981 3 77820.0
1981 4 65424.0
1981 5 69364.0
1981 6 47095.0
1981 7 46420.0
1981 8 52789.0
1981 9 60296.0
1981 10 31253.0
1981 11 28796.0
1981 12 20790.0
1982 1 9442.0
1982 2 8998.0
1982 3 42977.0
1982 4 62816.0
1982 5 53905.0
1982 6 48193.0
1982 7 36359.0
1982 8 42954.0
1982 9 45514.0
1982 10 38271.0
1982 11 32459.0
1982 12 26647.0
1983 1 21523.0
1983 2 23215.0
1983 3 66047.0
1983 4 67682.0
1983 5 76112.0
1983 6 83725.0
1983 7 71951.0
1983 8 113320.0
1983 9 86975.0
1983 10 69277.0
1983 11 86351.0
1983 12 37113.0
1984 1 32132.0
1984 2 40891.0
1984 3 71069.0
1984 4 94988.0
1984 5 105124.0
1984 6 114027.0
1984 7 82639.0
1984 8 97351.0
1984 9 82705.0
1984 10 85534.0
1984 11 69350.0
1984 12 40521.0
1985 1 31503.0
1985 2 30234.0
1985 3 92340.0
1985 4 112532.0
1985 5 122596.0
1985 6 130597.0
1985 7 117158.0
1985 8 118707.0
1985 9 102964.0
1985 10 118625.0
1985 11 72675.0
1985 12 75824.0
1986 1 63944.0
1986 2 56141.0
1986 3 123715.0
1986 4 199091.0
1986 5 152956.0
1986 6 156988.0
1986 7 151697.0
1986 8 149183.0
1986 9 182387.0
1986 10 178113.0
1986 11 126006.0
1986 12 104168.0
1987 1 73320.0
1987 2 89191.0
1987 3 184764.0
1987 4 194545.0
1987 5 165538.0
1987 6 177808.0
1987 7 167184.0
1987 8 139973.0
1987 9 179194.0
1987 10 160692.0
1987 11 127421.0
1987 12 91557.0
1988 1 50841.0
1988 2 89375.0
1988 3 185623.0
1988 4 197176.0
1988 5 180311.0
1988 6 187509.0
1988 7 164816.0
1988 8 160515.0
1988 9 167442.0
1988 10 160107.0
1988 11 116197.0
1988 12 134353.0
1989 1 87778.0
1989 2 103808.0
1989 3 189964.0
1989 4 178862.0
1989 5 195336.0
1989 6 189431.0
1989 7 187420.0
1989 8 206089.0
1989 9 181605.0
1989 10 207372.0
1989 11 150886.0
1989 12 98618.0
1990 1 132394.0
1990 2 120747.0
1990 3 176371.0
1990 4 224043.0
1990 5 202327.0
1990 6 213095.0
1990 7 205736.0
1990 8 215459.0
1990 9 146168.0
1990 10 165366.0
1990 11 132925.0
1990 12 87604.0
1991 1 66582.0
1991 2 98314.0
1991 3 154428.0
1991 4 217655.0
1991 5 221858.0
1991 6 201922.0
1991 7 247780.0
1991 8 215922.0
1991 9 172158.0
1991 10 201301.0
1991 11 133858.0
1991 12 126209.0
1992 1 124241.0
1992 2 174042.0
1992 3 247123.0
1992 4 259245.0
1992 5 246296.0
1992 6 258761.0
1992 7 239238.0
1992 8 232444.0
1992 9 270862.0
1992 10 261218.0
1992 11 184163.0
1992 12 174473.0
1993 1 136417.0
1993 2 159830.0
1993 3 252441.0
1993 4 272107.0
1993 5 263643.0
1993 6 305586.0
1993 7 267668.0
1993 8 292974.0
1993 9 273377.0
1993 10 275885.0
1993 11 254162.0
1993 12 201877.0
1994 1 137959.0
1994 2 182176.0
1994 3 344468.0
1994 4 329412.0
1994 5 323824.0
1994 6 344993.0
1994 7 275453.0
1994 8 319736.0
1994 9 287239.0
1994 10 284947.0
1994 11 242568.0
1994 12 207664.0
1995 1 133217.0
1995 2 159804.0
1995 3 304538.0
1995 4 274654.0
1995 5 337105.0
1995 6 335139.0
1995 7 320934.0
1995 8 360877.0
1995 9 314392.0
1995 10 334035.0
1995 11 306057.0
1995 12 218353.0
1996 1 204506.0
1996 2 215058.0
1996 3 337318.0
1996 4 403415.0
1996 5 393521.0
1996 6 337625.0
1996 7 392530.0
1996 8 349218.0
1996 9 319093.0
1996 10 378025.0
1996 11 278013.0
1996 12 220975.0
1997 1 177087.0
1997 2 230033.0
1997 3 318788.0
1997 4 412957.0
1997 5 372578.0
1997 6 329681.0
1997 7 342152.0
1997 8 356444.0
1997 9 333379.0
1997 10 350155.0
1997 11 265124.0
1997 12 263588.0
1998 1 200067.0
1998 2 257136.0
1998 3 383394.0
1998 4 413645.0
1998 5 421873.0
1998 6 418685.0
1998 7 378891.0
1998 8 372848.0
1998 9 387664.0
1998 10 413985.0
1998 11 329753.0
1998 12 372087.0
1999 1 182816.0
1999 2 291578.0
1999 3 446904.0
1999 4 469763.0
1999 5 455913.0
1999 6 495878.0
1999 7 440259.0
1999 8 430183.0
1999 9 394767.0
1999 10 416992.0
1999 11 376873.0
1999 12 295004.0
2000 1 233016.0
2000 2 263213.0
2000 3 446807.0
2000 4 415009.0
2000 5 466959.0
2000 6 433415.0
2000 7 353375.0
2000 8 453987.0
2000 9 394643.0
2000 10 381100.0
2000 11 315305.0
2000 12 218880.0
2001 1 247657.0
2001 2 307708.0
2001 3 464427.0
2001 4 471926.0
2001 5 534105.0
2001 6 504684.0
2001 7 434408.0
2001 8 445235.0
2001 9 355665.0
2001 10 420045.0
2001 11 350204.0
2001 12 285951.0
2002 1 313837.0
2002 2 283346.0
2002 3 400656.0
2002 4 502549.0
2002 5 508237.0
2002 6 454704.0
2002 7 478905.0
2002 8 452595.0
2002 9 416520.0
2002 10 496860.0
2002 11 403730.0
2002 12 338099.0
2003 1 250261.0
2003 2 271264.0
2003 3 422656.0
2003 4 510408.0
2003 5 516839.0
2003 6 547828.0
2003 7 521700.0
2003 8 578316.0
2003 9 523090.0
2003 10 529876.0
2003 11 405156.0
2003 12 361384.0
2004 1 285940.0
2004 2 332168.0
2004 3 505539.0
2004 4 567239.0
2004 5 502269.0
2004 6 546599.0
2004 7 500598.0
2004 8 496321.0
2004 9 479033.0
2004 10 486558.0
2004 11 481570.0
2004 12 406882.0
2005 1 275782.0
2005 2 306596.0
2005 3 509822.0
2005 4 560201.0
2005 5 554484.0
2005 6 531454.0
2005 7 475733.0
2005 8 570804.0
2005 9 482476.0
2005 10 580068.0
2005 11 458545.0
2005 12 321716.0
2006 1 338830.0
2006 2 351182.0
2006 3 487157.0
2006 4 439926.0
2006 5 463772.0
2006 6 475201.0
2006 7 360754.0
2006 8 415302.0
2006 9 418879.0
2006 10 355418.0
2006 11 297192.0
2006 12 270616.0
2007 1 250144.0
2007 2 204366.0
2007 3 380532.0
2007 4 381519.0
2007 5 414478.0
2007 6 415110.0
2007 7 359308.0
2007 8 371525.0
2007 9 264012.0
2007 10 320907.0
2007 11 269622.0
2007 12 160821.0
2008 1 152517.0
2008 2 158103.0
2008 3 202461.0
2008 4 282528.0
2008 5 262989.0
2008 6 279423.0
2008 7 261570.0
2008 8 231767.0
2008 9 202157.0
2008 10 217131.0
2008 11 140042.0
2008 12 97369.0
2009 1 65056.0
2009 2 91007.0
2009 3 161414.0
2009 4 173422.0
2009 5 174155.0
2009 6 211163.0
2009 7 219497.0
2009 8 200777.0
2009 9 197332.0
2009 10 199351.0
2009 11 163352.0
2009 12 125065.0
2010 1 112544.0
2010 2 120369.0
2010 3 214809.0
2010 4 217568.0
2010 5 186352.0
2010 6 189166.0
2010 7 180882.0
2010 8 163145.0
2010 9 164937.0
2010 10 171938.0
2010 11 145077.0
2010 12 96275.0
2011 1 82752.0
2011 2 84819.0
2011 3 185371.0
2011 4 184518.0
2011 5 177148.0
2011 6 193562.0
2011 7 171292.0
2011 8 240601.0
2011 9 214672.0
2011 10 156045.0
2011 11 166149.0
2011 12 124470.0
2012 1 92575.0
2012 2 146177.0
2012 3 213821.0
2012 4 225970.0
2012 5 236290.0
2012 6 221520.0
2012 7 193485.0
2012 8 241121.0
2012 9 210345.0
2012 10 255939.0
2012 11 240707.0
2012 12 139535.0
2013 1 143633.0
2013 2 186789.0
2013 3 230619.0
2013 4 295598.0
2013 5 324451.0
2013 6 315735.0
2013 7 301985.0
2013 8 319874.0
2013 9 287165.0
2013 10 296401.0
2013 11 257809.0
2013 12 184878.0
2014 1 150880.0
2014 2 143876.0
2014 3 239510.0
2014 4 299782.0
2014 5 317741.0
2014 6 345199.0
2014 7 345574.0
2014 8 269218.0
2014 9 372794.0
2014 10 311023.0
2014 11 216427.0
2014 12 191695.0
2015 1 130020.0
2015 2 160431.0
2015 3 250693.0
2015 4 358656.0
2015 5 348463.0
2015 6 324192.0
2015 7 280678.0
2015 8 313050.0
2015 9 382718.0
2015 10 356227.0
2015 11 340328.0
2015 12 243404.0
2016 1 215591.0
2016 2 249448.0
2016 3 334194.0
2016 4 346297.0
2016 5 357575.0
2016 6 380986.0
2016 7 355416.0
2016 8 381611.0
2016 9 336888.0
2016 10 358112.0
2016 11 313612.0
2016 12 217012.0
2017 1 261506.0
2017 2 307527.0
2017 3 365549.0
2017 4 342407.0
2017 5 420560.0
2017 6 449137.0
2017 7 333646.0
2017 8 394820.0
2017 9 348784.0
2017 10 381300.0
2017 11 319276.0
2017 12 288078.0
2018 1 243197.0
2018 2 291913.0
2018 3 510248.0
2018 4 549572.0
2018 5 552880.0
2018 6 426973.0
2018 7 446626.0
2018 8 475093.0
2018 9 347894.0
2018 10 443428.0
2018 11 380637.0
2018 12 270416.0
2019 1 287449.0
2019 2 296314.0
2019 3 350683.0
2019 4 490054.0
2019 5 433095.0
2019 6 455656.0
2019 7 429227.0
2019 8 507432.0
2019 9 429737.0
2019 10 465483.0
2019 11 366403.0
2019 12 396290.0
2020 1 325994.0
2020 2 307920.0
2020 3 421264.0
2020 4 430161.0
2020 5 467230.0
2020 6 531698.0
2020 7 571874.0
2020 8 482821.0
2020 9 597310.0
2020 10 614931.0
2020 11 480823.0
2020 12 477952.0
2021 1 423460.0
2021 2 435027.0
2021 3 666655.0
2021 4 696858.0
2021 5 649217.0
2021 6 765680.0
2021 7 640574.0
2021 8 607736.0
2021 9 636695.0
2021 10 617590.0
2021 11 579810.0
2021 12 701240.0
2022 1 565650.0
2022 2 500401.0
2022 3 703106.0
2022 4 789562.0
2022 5 707347.0
2022 6 601974.0
2022 7 583707.0
2022 8 560219.0
2022 9 647718.0
2022 10 542607.0
2022 11 435796.0
2022 12 355864.0
2023 1 433147.0
2023 2 391587.0
2023 3 615365.0
2023 4 633067.0
2023 5 707655.0
2023 6 735681.0
2023 7 612219.0
2023 8 656606.0
2023 9 738683.0
2023 10 804462.0
2023 11 595884.0
2023 12 487116.0
2024 1 480780.0
2024 2 611453.0
2024 3 670267.0
2024 4 748132.0
2024 5 646830.0
2024 6 691626.0
2024 7 668298.0
2024 8 743509.0
