1960 5 7481.0
1960 6 7258.0
1960 7 7307.0
1960 8 8247.0
1960 9 7219.0
1960 10 6350.0
1960 11 6135.0
1960 12 3931.0
1961 1 3151.0
1961 2 3370.0
1961 3 5791.0
1961 4 7677.0
1961 5 7809.0
1961 6 7293.0
1961 7 5858.0
1961 8 7203.0
1961 9 6173.0
1961 10 7808.0
1961 11 5826.0
1961 12 3194.0
1962 1 1921.0
1962 2 2826.0
1962 3 4403.0
1962 4 7426.0
1962 5 6802.0
1962 6 6862.0
1962 7 5822.0
1962 8 6073.0
1962 9 6029.0
1962 10 7325.0
1962 11 5423.0
1962 12 2650.0
1963 1 1657.0
1963 2 1871.0
1963 3 5328.0
1963 4 8239.0
1963 5 7353.0
1963 6 7425.0
1963 7 7233.0
1963 8 6325.0
1963 9 6170.0
1963 10 7588.0
1963 11 6260.0
1963 12 2839.0
1964 1 2433.0
1964 2 4742.0
1964 3 6749.0
1964 4 8666.0
1964 5 8009.444444444444
1964 6 7352.888888888889
1964 7 6696.333333333334
1964 8 6039.777777777777
1964 9 5383.222222222223
1964 10 4726.666666666667
1964 11 4070.1111111111113
1964 12 3413.5555555555557
1965 1 2757.0
1965 2 3100.0
1965 3 5775.0
1965 4 9150.0
1965 5 9431.0
1965 6 10618.0
1965 7 8819.0
1965 8 8418.0
1965 9 8040.0
1965 10 8702.0
1965 11 9103.0
1965 12 5612.0
1966 1 2586.0
1966 2 3432.0
1966 3 9738.0
1966 4 9883.0
1966 5 8601.0
1966 6 7832.0
1966 7 6431.0
1966 8 6965.0
1966 9 4649.0
1966 10 5034.0
1966 11 5642.0
1966 12 3402.0
1967 1 2116.0
1967 2 3491.0
1967 3 8430.0
1967 4 7737.0
1967 5 8853.0
1967 6 8725.0
1967 7 8445.0
1967 8 8473.0
1967 9 7440.0
1967 10 9818.0
1967 11 7458.0
1967 12 6402.0
1968 1 2582.0
1968 2 4068.0
1968 3 8571.0
1968 4 9423.0
1968 5 13555.0
1968 6 12140.0
1968 7 12562.0
1968 8 11412.0
1968 9 11978.0
1968 10 17119.0
1968 11 11505.0
1968 12 7305.0
1969 1 3414.0
1969 2 4037.0
1969 3 9629.0
1969 4 16107.0
1969 5 14458.0
1969 6 14996.0
1969 7 15866.0
1969 8 9880.0
1969 9 9548.0
1969 10 12293.0
1969 11 9165.0
1969 12 6002.0
1970 1 2174.0
1970 2 5974.0
1970 3 8643.0
1970 4 11375.0
1970 5 12109.0
1970 6 14892.0
1970 7 9636.0
1970 8 9236.0
1970 9 12753.0
1970 10 10644.0
1970 11 10206.0
1970 12 6271.0
1971 1 2044.0
1971 2 2758.0
1971 3 11116.0
1971 4 25451.0
1971 5 17571.0
1971 6 15847.0
1971 7 13017.0
1971 8 14822.0
1971 9 15085.0
1971 10 10543.0
1971 11 11122.0
1971 12 6593.0
1972 1 4012.0
1972 2 3088.0
1972 3 12155.0
1972 4 17202.0
1972 5 17820.0
1972 6 19624.0
1972 7 14196.0
1972 8 15773.0
1972 9 14408.0
1972 10 15249.0
1972 11 11183.0
1972 12 10732.0
1973 1 5213.0
1973 2 6399.0
1973 3 14171.0
1973 4 18558.0
1973 5 19945.0
1973 6 15315.0
1973 7 14468.0
1973 8 15620.0
1973 9 12339.0
1973 10 15156.0
1973 11 11898.0
1973 12 4119.0
1974 1 3192.0
1974 2 4492.0
1974 3 15128.0
1974 4 20845.0
1974 5 19296.0
1974 6 19603.0
1974 7 19178.0
1974 8 20115.0
1974 9 18441.0
1974 10 18083.0
1974 11 13276.0
1974 12 6100.0
1975 1 3951.0
1975 2 4366.0
1975 3 11842.0
1975 4 29657.0
1975 5 23924.0
1975 6 27604.0
1975 7 20564.0
1975 8 27388.0
1975 9 29230.0
1975 10 34548.0
1975 11 18843.0
1975 12 15941.0
1976 1 7151.0
1976 2 12221.0
1976 3 35336.0
1976 4 37227.0
1976 5 31046.0
1976 6 44001.0
1976 7 33035.0
1976 8 36639.0
1976 9 38330.0
1976 10 37713.0
1976 11 35799.0
1976 12 14620.0
1977 1 6170.0
1977 2 15382.0
1977 3 47475.0
1977 4 60140.0
1977 5 53357.0
1977 6 48421.0
1977 7 43243.0
1977 8 50297.0
1977 9 42024.0
1977 10 47687.0
1977 11 38297.0
1977 12 18588.0
1978 1 11391.0
1978 2 9498.0
1978 3 41849.0
1978 4 45629.0
1978 5 48248.0
1978 6 48158.0
1978 7 36358.0
1978 8 40088.0
1978 9 41651.0
1978 10 39931.0
1978 11 26949.0
1978 12 15137.0
1979 1 4257.0
1979 2 6527.0
1979 3 23699.0
1979 4 45046.0
1979 5 46985.0
1979 6 46047.0
1979 7 33924.0
1979 8 35276.0
1979 9 28653.0
1979 10 36194.0
1979 11 17267.0
1979 12 12168.0
1980 1 5270.0
1980 2 6413.0
1980 3 10730.0
1980 4 15160.0
1980 5 16141.0
1980 6 17254.0
1980 7 24498.0
1980 8 24411.0
1980 9 24844.0
1980 10 29624.0
1980 11 20219.0
1980 12 10941.0
1981 1 4125.0
1981 2 4019.0
1981 3 12709.0
1981 4 18481.0
1981 5 22119.0
1981 6 16426.0
1981 7 14657.0
1981 8 12425.0
1981 9 13400.0
1981 10 12800.0
1981 11 11591.0
1981 12 6306.0
1982 1 949.0
1982 2 2225.0
1982 3 7452.0
1982 4 17759.0
1982 5 8330.0
1982 6 16797.0
1982 7 10059.0
1982 8 16128.0
1982 9 14559.0
1982 10 15917.0
1982 11 10554.5
1982 12 5192.0
1983 1 2100.0
1983 2 3862.0
1983 3 13279.0
1983 4 19576.0
1983 5 25166.0
1983 6 28588.0
1983 7 20233.0
1983 8 29275.0
1983 9 22405.0
1983 10 22175.0
1983 11 15286.0
1983 12 6082.0
1984 1 5189.0
1984 2 9573.0
1984 3 16500.0
1984 4 21612.0
1984 5 26158.0
1984 6 24578.0
1984 7 22006.0
1984 8 15007.0
1984 9 19839.0
1984 10 20762.0
1984 11 16232.0
1984 12 7242.0
1985 1 4471.0
1985 2 2760.0
1985 3 19582.0
1985 4 21082.0
1985 5 23709.0
1985 6 21416.0
1985 7 19506.0
1985 8 18738.0
1985 9 15051.0
1985 10 18764.0
1985 11 9387.0
1985 12 4424.0
1986 1 3750.0
1986 2 3961.0
1986 3 14856.0
1986 4 24369.0
1986 5 24773.0
1986 6 23881.0
1986 7 20887.0
1986 8 23728.0
1986 9 23752.0
1986 10 22711.0
1986 11 13474.0
1986 12 9636.0
1987 1 7849.0
1987 2 15361.0
1987 3 24882.0
1987 4 30404.0
1987 5 26974.0
1987 6 26844.0
1987 7 28130.0
1987 8 23925.0
1987 9 26124.0
1987 10 28010.0
1987 11 20596.0
1987 12 12750.0
1988 1 4643.0
1988 2 8619.0
1988 3 31052.0
1988 4 43223.0
1988 5 36471.0
1988 6 35139.0
1988 7 27946.0
1988 8 35822.0
1988 9 35705.0
1988 10 32600.0
1988 11 30427.0
1988 12 18942.0
1989 1 12957.0
1989 2 12789.0
1989 3 33697.0
1989 4 43015.0
1989 5 41837.0
1989 6 43920.0
1989 7 33346.0
1989 8 40201.0
1989 9 39295.0
1989 10 44878.0
1989 11 32242.0
1989 12 15180.0
1990 1 15686.0
1990 2 19593.0
1990 3 48124.0
1990 4 50223.0
1990 5 49972.0
1990 6 45221.0
1990 7 41114.0
1990 8 47351.0
1990 9 33813.0
1990 10 44219.0
1990 11 31669.0
1990 12 16004.0
1991 1 7579.0
1991 2 22478.0
1991 3 43227.0
1991 4 57976.0
1991 5 53903.0
1991 6 50252.0
1991 7 61773.0
1991 8 55000.0
1991 9 52978.0
1991 10 64343.0
1991 11 51722.0
1991 12 25711.0
1992 1 25377.0
1992 2 37841.0
1992 3 71679.0
1992 4 69011.0
1992 5 64226.0
1992 6 69198.0
1992 7 58845.0
1992 8 61057.0
1992 9 66504.0
1992 10 71898.0
1992 11 48426.0
1992 12 32156.0
1993 1 23441.0
1993 2 23933.0
1993 3 63347.0
1993 4 79156.0
1993 5 75160.0
1993 6 81600.0
1993 7 66051.0
1993 8 83714.0
1993 9 76239.0
1993 10 80594.0
1993 11 68987.0
1993 12 49521.0
1994 1 22453.0
1994 2 27103.0
1994 3 99931.0
1994 4 110240.0
1994 5 100932.0
1994 6 77484.0
1994 7 72990.0
1994 8 76363.0
1994 9 69930.0
1994 10 68207.0
1994 11 56947.0
1994 12 37685.0
1995 1 18005.0
1995 2 32413.0
1995 3 62173.0
1995 4 79268.0
1995 5 83737.0
1995 6 78881.0
1995 7 83136.0
1995 8 75129.0
1995 9 71787.0
1995 10 75342.0
1995 11 59817.0
1995 12 38790.0
1996 1 22950.0
1996 2 41944.0
1996 3 89284.0
1996 4 124245.0
1996 5 97756.0
1996 6 78162.0
1996 7 91273.0
1996 8 80459.0
1996 9 78561.0
1996 10 83212.0
1996 11 59268.0
1996 12 41443.0
1997 1 23808.0
1997 2 24064.0
1997 3 70587.0
1997 4 126358.0
1997 5 93395.0
1997 6 99129.0
1997 7 89444.0
1997 8 88388.0
1997 9 84416.0
1997 10 93175.0
1997 11 68773.0
1997 12 38777.0
1998 1 32616.0
1998 2 45577.0
1998 3 88905.0
1998 4 107405.0
1998 5 110329.0
1998 6 107082.0
1998 7 118963.0
1998 8 90837.0
1998 9 99008.0
1998 10 111144.0
1998 11 88089.0
1998 12 80477.0
1999 1 37997.0
1999 2 65236.0
1999 3 115619.0
1999 4 130992.0
1999 5 111142.0
1999 6 128008.0
1999 7 132765.0
1999 8 114790.0
1999 9 106099.0
1999 10 92006.0
1999 11 102145.0
1999 12 57600.0
2000 1 40137.0
2000 2 58678.0
2000 3 130149.0
2000 4 116429.0
2000 5 151399.0
2000 6 102740.0
2000 7 86425.0
2000 8 117115.0
2000 9 100596.0
2000 10 101715.0
2000 11 82217.0
2000 12 32017.0
2001 1 57710.0
2001 2 39021.0
2001 3 110430.0
2001 4 131177.0
2001 5 146802.0
2001 6 125499.0
2001 7 104281.0
2001 8 106809.0
2001 9 100302.0
2001 10 125963.0
2001 11 101505.0
2001 12 68552.0
2002 1 56416.0
2002 2 70105.0
2002 3 121524.0
2002 4 133950.0
2002 5 143538.0
2002 6 121105.0
2002 7 116606.0
2002 8 118590.0
2002 9 130533.0
2002 10 133077.0
2002 11 125132.0
2002 12 102031.0
2003 1 61547.0
2003 2 60983.0
2003 3 154185.0
2003 4 197508.0
2003 5 172800.0
2003 6 194479.0
2003 7 187046.0
2003 8 156365.0
2003 9 156093.0
2003 10 177150.0
2003 11 140684.0
2003 12 102754.0
2004 1 74939.0
2004 2 69237.0
2004 3 179003.0
2004 4 214317.0
2004 5 210779.0
2004 6 204476.0
2004 7 159120.0
2004 8 166111.0
2004 9 159968.0
2004 10 170557.0
2004 11 158011.0
2004 12 109007.0
2005 1 68810.0
2005 2 104136.0
2005 3 206455.0
2005 4 212414.0
2005 5 189901.0
2005 6 212273.0
2005 7 177504.0
2005 8 206209.0
2005 9 196729.0
2005 10 219340.0
2005 11 176295.0
2005 12 83962.0
2006 1 91798.0
2006 2 94575.0
2006 3 173578.0
2006 4 168745.0
2006 5 178274.0
2006 6 168488.0
2006 7 151818.0
2006 8 139395.0
2006 9 135949.0
2006 10 159089.0
2006 11 106829.0
2006 12 87553.0
2007 1 64692.0
2007 2 53488.0
2007 3 138815.0
2007 4 166358.0
2007 5 166575.0
2007 6 166084.0
2007 7 151609.0
2007 8 139642.0
2007 9 130951.0
2007 10 130752.0
2007 11 105819.0
2007 12 57407.0
2008 1 41218.0
2008 2 39364.0
2008 3 92679.0
2008 4 122291.0
2008 5 129096.0
2008 6 87246.0
2008 7 85480.0
2008 8 89383.0
2008 9 104130.0
2008 10 95846.0
2008 11 54040.0
2008 12 30297.0
2009 1 19440.0
2009 2 31364.0
2009 3 69988.0
2009 4 89481.0
2009 5 99191.0
2009 6 114541.0
2009 7 109261.0
2009 8 101738.0
2009 9 102678.0
2009 10 89624.0
2009 11 79644.0
2009 12 54472.0
2010 1 31188.0
2010 2 48609.0
2010 3 110287.0
2010 4 126911.0
2010 5 94370.0
2010 6 129061.0
2010 7 87604.0
2010 8 88166.0
2010 9 85263.0
2010 10 97812.0
2010 11 103595.0
2010 12 56701.0
2011 1 23105.0
2011 2 34302.0
2011 3 110321.0
2011 4 107721.0
2011 5 117355.0
2011 6 121778.0
2011 7 89709.0
2011 8 140866.0
2011 9 84116.0
2011 10 98555.0
2011 11 77129.0
2011 12 72145.0
2012 1 32886.0
2012 2 55511.0
2012 3 127097.0
2012 4 140192.0
2012 5 151205.0
2012 6 135194.0
2012 7 137899.0
2012 8 148466.0
2012 9 111879.0
2012 10 168728.0
2012 11 117302.0
2012 12 60436.0
2013 1 58923.0
2013 2 64261.0
2013 3 126485.0
2013 4 169179.0
2013 5 169878.0
2013 6 139478.0
2013 7 167149.0
2013 8 183687.0
2013 9 143416.0
2013 10 182819.0
2013 11 135791.0
2013 12 62898.0
2014 1 65051.0
2014 2 31724.0
2014 3 125479.0
2014 4 194070.0
2014 5 161247.0
2014 6 183183.0
2014 7 159124.0
2014 8 132493.0
2014 9 154545.0
2014 10 175098.0
2014 11 120355.0
2014 12 86792.0
2015 1 52583.0
2015 2 60473.0
2015 3 151243.0
2015 4 139973.0
2015 5 167115.0
2015 6 177521.0
2015 7 175947.0
2015 8 143758.0
2015 9 141265.0
2015 10 151722.0
2015 11 92999.0
2015 12 87409.0
2016 1 39237.0
2016 2 77758.0
2016 3 201192.0
2016 4 162037.0
2016 5 166303.0
2016 6 200974.0
2016 7 110464.0
2016 8 233044.0
2016 9 210532.0
2016 10 197792.0
2016 11 160691.0
2016 12 105014.0
2017 1 51466.0
2017 2 127060.0
2017 3 212384.0
2017 4 171971.0
2017 5 161476.0
2017 6 180105.0
2017 7 142836.0
2017 8 170754.0
2017 9 200828.0
2017 10 250500.0
2017 11 189051.0
2017 12 95810.0
2018 1 56639.0
2018 2 81791.0
2018 3 189041.0
2018 4 183762.0
2018 5 205522.0
2018 6 181308.0
2018 7 194180.0
2018 8 202694.0
2018 9 143566.0
2018 10 190597.0
2018 11 128455.0
2018 12 88321.0
2019 1 66005.0
2019 2 51445.0
2019 3 121124.0
2019 4 211485.0
2019 5 202780.0
2019 6 189026.0
2019 7 176164.0
2019 8 238780.0
2019 9 245363.0
2019 10 263499.0
2019 11 146959.0
2019 12 92012.0
2020 1 89214.0
2020 2 105041.0
2020 3 168550.0
2020 4 167107.0
2020 5 174610.0
2020 6 276867.0
2020 7 286777.0
2020 8 216556.0
2020 9 260558.0
2020 10 228547.0
2020 11 202177.0
2020 12 186294.0
2021 1 111972.0
2021 2 128958.0
2021 3 309617.0
2021 4 285119.0
2021 5 235753.0
2021 6 242755.0
2021 7 168973.0
2021 8 212510.0
2021 9 233057.0
2021 10 244941.0
2021 11 211040.0
2021 12 175689.0
2022 1 112039.0
2022 2 151639.0
2022 3 238824.0
2022 4 265515.0
2022 5 250471.0
2022 6 221450.0
2022 7 199922.0
2022 8 202212.0
2022 9 206375.0
2022 10 190327.0
2022 11 117519.0
2022 12 96840.0
2023 1 66192.0
2023 2 110822.0
2023 3 197865.0
2023 4 246688.0
2023 5 254054.0
2023 6 230914.0
2023 7 214029.0
2023 8 267828.0
2023 9 200512.0
2023 10 221222.0
2023 11 248446.0
2023 12 149843.0
2024 1 118666.0
2024 2 177783.0
2024 3 252427.0
2024 4 271202.0
2024 5 254764.0
2024 6 231007.0
2024 7 199281.0
2024 8 232530.0
