1960 5 625.0
1960 6 1716.0
1960 7 307.0
1960 8 292.0
1960 9 230.0
1960 10 339.0
1960 11 558.0
1960 12 305.0
1961 1 343.0
1961 2 133.0
1961 3 567.0
1961 4 680.0
1961 5 298.0
1961 6 563.0
1961 7 444.0
1961 8 329.0
1961 9 257.0
1961 10 536.0
1961 11 1187.0
1961 12 419.0
1962 1 173.0
1962 2 552.0
1962 3 1468.0
1962 4 493.0
1962 5 954.0
1962 6 236.0
1962 7 281.0
1962 8 315.0
1962 9 1919.0
1962 10 419.0
1962 11 551.0
1962 12 1862.0
1963 1 39.0
1963 2 77.0
1963 3 707.0
1963 4 958.0
1963 5 655.0
1963 6 519.0
1963 7 207.0
1963 8 542.0
1963 9 722.0
1963 10 694.0
1963 11 1262.0
1963 12 233.0
1964 1 857.0
1964 2 71.0
1964 3 989.0
1964 4 1684.0
1964 5 1650.7777777777778
1964 6 1617.5555555555557
1964 7 1584.3333333333333
1964 8 1551.111111111111
1964 9 1517.888888888889
1964 10 1484.6666666666667
1964 11 1451.4444444444443
1964 12 1418.2222222222222
1965 1 1385.0
1965 2 338.0
1965 3 2245.0
1965 4 3987.0
1965 5 2096.0
1965 6 1111.0
1965 7 3390.0
1965 8 3550.0
1965 9 3583.0
1965 10 2909.0
1965 11 4102.0
1965 12 4921.0
1966 1 1032.0
1966 2 595.0
1966 3 1061.0
1966 4 2529.0
1966 5 2620.0
1966 6 1940.0
1966 7 1220.0
1966 8 1247.0
1966 9 2409.0
1966 10 632.0
1966 11 2420.0
1966 12 1112.0
1967 1 342.0
1967 2 957.0
1967 3 1513.0
1967 4 1952.0
1967 5 3799.0
1967 6 1756.0
1967 7 1970.0
1967 8 2319.0
1967 9 3270.0
1967 10 3815.0
1967 11 4791.0
1967 12 5120.0
1968 1 397.0
1968 2 2404.0
1968 3 2060.0
1968 4 5800.0
1968 5 5554.0
1968 6 2036.0
1968 7 2559.0
1968 8 653.0
1968 9 2526.0
1968 10 3202.0
1968 11 4714.0
1968 12 2593.0
1969 1 1339.0
1969 2 981.0
1969 3 2342.0
1969 4 4996.0
1969 5 2745.0
1969 6 2840.0
1969 7 6126.0
1969 8 1421.0
1969 9 4237.0
1969 10 4659.0
1969 11 3620.0
1969 12 1810.0
1970 1 510.0
1970 2 1425.0
1970 3 2240.0
1970 4 4507.0
1970 5 5111.0
1970 6 9365.0
1970 7 2560.0
1970 8 1533.0
1970 9 1460.0
1970 10 4346.0
1970 11 6817.0
1970 12 2996.0
1971 1 2283.0
1971 2 652.0
1971 3 1922.0
1971 4 4858.0
1971 5 2846.0
1971 6 3253.0
1971 7 5313.0
1971 8 3911.0
1971 9 6857.0
1971 10 14496.0
1971 11 6616.0
1971 12 6893.0
1972 1 2027.0
1972 2 334.0
1972 3 7804.0
1972 4 4804.0
1972 5 7253.0
1972 6 9066.0
1972 7 3501.0
1972 8 5129.0
1972 9 9554.0
1972 10 4417.0
1972 11 1930.0
1972 12 1069.0
1973 1 2024.0
1973 2 2196.0
1973 3 7074.0
1973 4 5174.0
1973 5 4482.0
1973 6 7248.0
1973 7 2877.0
1973 8 1394.0
1973 9 4024.0
1973 10 8393.0
1973 11 7932.0
1973 12 5766.0
1974 1 2287.0
1974 2 3245.0
1974 3 3888.0
1974 4 3756.0
1974 5 3379.0
1974 6 2109.0
1974 7 5766.0
1974 8 5927.0
1974 9 3472.0
1974 10 2469.0
1974 11 5340.0
1974 12 9672.0
1975 1 189.0
1975 2 617.0
1975 3 5390.0
1975 4 7139.0
1975 5 4658.0
1975 6 3270.0
1975 7 12922.0
1975 8 4460.0
1975 9 11202.0
1975 10 10470.0
1975 11 4174.0
1975 12 5757.0
1976 1 1414.0
1976 2 1522.0
1976 3 19435.0
1976 4 11266.0
1976 5 3350.0
1976 6 9914.0
1976 7 6769.0
1976 8 10301.0
1976 9 16867.0
1976 10 21206.0
1976 11 13417.0
1976 12 9950.0
1977 1 3184.0
1977 2 4674.0
1977 3 10801.0
1977 4 9963.0
1977 5 13129.0
1977 6 13770.0
1977 7 8048.0
1977 8 17130.0
1977 9 17777.0
1977 10 12240.0
1977 11 6114.0
1977 12 9075.0
1978 1 1638.0
1978 2 3710.0
1978 3 10345.0
1978 4 8466.0
1978 5 9081.0
1978 6 10961.0
1978 7 10824.0
1978 8 10645.0
1978 9 9962.0
1978 10 15175.0
1978 11 7519.0
1978 12 5920.0
1979 1 5090.0
1979 2 718.0
1979 3 13068.0
1979 4 19454.0
1979 5 15872.0
1979 6 11189.0
1979 7 6128.0
1979 8 6680.0
1979 9 10158.0
1979 10 10683.0
1979 11 7521.0
1979 12 2423.0
1980 1 1319.0
1980 2 8645.0
1980 3 5354.0
1980 4 1187.0
1980 5 4793.0
1980 6 5948.0
1980 7 4933.0
1980 8 7320.0
1980 9 17139.0
1980 10 19507.0
1980 11 7358.0
1980 12 5598.0
1981 1 3015.0
1981 2 869.0
1981 3 2720.0
1981 4 12183.0
1981 5 5685.0
1981 6 1597.0
1981 7 1386.0
1981 8 763.0
1981 9 4652.0
1981 10 7856.0
1981 11 4729.0
1981 12 4025.0
1982 1 4569.0
1982 2 1153.0
1982 3 1584.0
1982 4 3039.0
1982 5 2990.0
1982 6 4162.0
1982 7 9938.0
1982 8 8333.0
1982 9 8797.0
1982 10 7930.0
1982 11 5182.5
1982 12 2435.0
1983 1 2902.0
1983 2 1333.0
1983 3 6277.0
1983 4 8544.0
1983 5 5528.0
1983 6 8946.0
1983 7 6094.0
1983 8 7216.0
1983 9 6787.0
1983 10 8941.0
1983 11 4181.0
1983 12 5079.0
1984 1 6355.0
1984 2 4478.0
1984 3 3003.0
1984 4 5087.0
1984 5 5908.0
1984 6 7131.0
1984 7 3758.0
1984 8 6645.0
1984 9 5438.0
1984 10 10500.0
1984 11 7683.0
1984 12 3730.0
1985 1 6342.0
1985 2 78.0
1985 3 3067.0
1985 4 6682.0
1985 5 10010.0
1985 6 6296.0
1985 7 4366.0
1985 8 9912.0
1985 9 8857.0
1985 10 9180.0
1985 11 10480.0
1985 12 2642.0
1986 1 556.0
1986 2 3070.0
1986 3 12640.0
1986 4 7529.0
1986 5 8966.0
1986 6 6654.0
1986 7 4306.0
1986 8 4344.0
1986 9 6866.0
1986 10 10079.0
1986 11 6648.0
1986 12 2751.0
1987 1 2049.0
1987 2 914.0
1987 3 6232.0
1987 4 3863.0
1987 5 5813.0
1987 6 7268.0
1987 7 10128.0
1987 8 1984.0
1987 9 6573.0
1987 10 11941.0
1987 11 3169.0
1987 12 5164.0
1988 1 1633.0
1988 2 207.0
1988 3 6727.0
1988 4 1538.0
1988 5 3690.0
1988 6 16922.0
1988 7 5418.0
1988 8 2534.0
1988 9 4790.0
1988 10 11070.0
1988 11 8099.0
1988 12 5761.0
1989 1 7714.0
1989 2 1261.0
1989 3 12060.0
1989 4 5727.0
1989 5 9226.0
1989 6 10678.0
1989 7 7725.0
1989 8 9036.0
1989 9 10322.0
1989 10 10329.0
1989 11 6153.0
1989 12 4294.0
1990 1 8919.0
1990 2 11662.0
1990 3 7119.0
1990 4 5199.0
1990 5 6632.0
1990 6 7680.0
1990 7 4767.0
1990 8 11027.0
1990 9 8340.0
1990 10 3402.0
1990 11 8429.0
1990 12 2777.0
1991 1 1439.0
1991 2 254.0
1991 3 13886.0
1991 4 5861.0
1991 5 16349.0
1991 6 6439.0
1991 7 12336.0
1991 8 5602.0
1991 9 9777.0
1991 10 8411.0
1991 11 2804.0
1991 12 8126.0
1992 1 8050.0
1992 2 2753.0
1992 3 11663.0
1992 4 4901.0
1992 5 12546.0
1992 6 15524.0
1992 7 28024.0
1992 8 13226.0
1992 9 8229.0
1992 10 12707.0
1992 11 5027.0
1992 12 6552.0
1993 1 5374.0
1993 2 2586.0
1993 3 11053.0
1993 4 7053.0
1993 5 9691.0
1993 6 4757.0
1993 7 7350.0
1993 8 10196.0
1993 9 14962.0
1993 10 21240.0
1993 11 20929.0
1993 12 9158.0
1994 1 8446.0
1994 2 5802.0
1994 3 6920.0
1994 4 26341.0
1994 5 16875.0
1994 6 14104.0
1994 7 17745.0
1994 8 10503.0
1994 9 12218.0
1994 10 21305.0
1994 11 13683.0
1994 12 26356.0
1995 1 2422.0
1995 2 7253.0
1995 3 5649.0
1995 4 15644.0
1995 5 22391.0
1995 6 18428.0
1995 7 11634.0
1995 8 8758.0
1995 9 12064.0
1995 10 33329.0
1995 11 12835.0
1995 12 7072.0
1996 1 1298.0
1996 2 8997.0
1996 3 18747.0
1996 4 15113.0
1996 5 6412.0
1996 6 11949.0
1996 7 10552.0
1996 8 19308.0
1996 9 10715.0
1996 10 8914.0
1996 11 6200.0
1996 12 35197.0
1997 1 4653.0
1997 2 3453.0
1997 3 20845.0
1997 4 44285.0
1997 5 16838.0
1997 6 16163.0
1997 7 25421.0
1997 8 30150.0
1997 9 11588.0
1997 10 17620.0
1997 11 10845.0
1997 12 15586.0
1998 1 23978.0
1998 2 13481.0
1998 3 7264.0
1998 4 9447.0
1998 5 27948.0
1998 6 12531.0
1998 7 16542.0
1998 8 31976.0
1998 9 36208.0
1998 10 43487.0
1998 11 12779.0
1998 12 34198.0
1999 1 5816.0
1999 2 4671.0
1999 3 13530.0
1999 4 9760.0
1999 5 14067.0
1999 6 17875.0
1999 7 8772.0
1999 8 10672.0
1999 9 16806.0
1999 10 17370.0
1999 11 33695.0
1999 12 20106.0
2000 1 10038.0
2000 2 15283.0
2000 3 20168.0
2000 4 26880.0
2000 5 6881.0
2000 6 43720.0
2000 7 35401.0
2000 8 15777.0
2000 9 6566.0
2000 10 12217.0
2000 11 17150.0
2000 12 6618.0
2001 1 6024.0
2001 2 18076.0
2001 3 16150.0
2001 4 17052.0
2001 5 24140.0
2001 6 16785.0
2001 7 2660.0
2001 8 16227.0
2001 9 17539.0
2001 10 46411.0
2001 11 16141.0
2001 12 28380.0
2002 1 31902.0
2002 2 62124.0
2002 3 17181.0
2002 4 22694.0
2002 5 19482.0
2002 6 17095.0
2002 7 17052.0
2002 8 14263.0
2002 9 31309.0
2002 10 21022.0
2002 11 8066.0
2002 12 12389.0
2003 1 4125.0
2003 2 26096.0
2003 3 13278.0
2003 4 30565.0
2003 5 24430.0
2003 6 14591.0
2003 7 28466.0
2003 8 26798.0
2003 9 30871.0
2003 10 12681.0
2003 11 29164.0
2003 12 50020.0
2004 1 29859.0
2004 2 8064.0
2004 3 13349.0
2004 4 43329.0
2004 5 5633.0
2004 6 24370.0
2004 7 12198.0
2004 8 16708.0
2004 9 23810.0
2004 10 23340.0
2004 11 27100.0
2004 12 8556.0
2005 1 8126.0
2005 2 21770.0
2005 3 28878.0
2005 4 38982.0
2005 5 28330.0
2005 6 22509.0
2005 7 38984.0
2005 8 20544.0
2005 9 35751.0
2005 10 21399.0
2005 11 35421.0
2005 12 6559.0
2006 1 21168.0
2006 2 15534.0
2006 3 8899.0
2006 4 12216.0
2006 5 15327.0
2006 6 40927.0
2006 7 27524.0
2006 8 15578.0
2006 9 9132.0
2006 10 36014.0
2006 11 39878.0
2006 12 25703.0
2007 1 6848.0
2007 2 2540.0
2007 3 38359.0
2007 4 32953.0
2007 5 29378.0
2007 6 20157.0
2007 7 26555.0
2007 8 4328.0
2007 9 19161.0
2007 10 17483.0
2007 11 11515.0
2007 12 6179.0
2008 1 35312.0
2008 2 2564.0
2008 3 6162.0
2008 4 12248.0
2008 5 9126.0
2008 6 23308.0
2008 7 14787.0
2008 8 13529.0
2008 9 11379.0
2008 10 48323.0
2008 11 22490.0
2008 12 10804.0
2009 1 1147.0
2009 2 871.0
2009 3 3088.0
2009 4 2592.0
2009 5 4760.0
2009 6 14170.0
2009 7 14561.0
2009 8 3084.0
2009 9 40341.0
2009 10 39841.0
2009 11 14100.0
2009 12 14189.0
2010 1 1292.0
2010 2 12007.0
2010 3 22552.0
2010 4 21244.0
2010 5 11200.0
2010 6 8458.0
2010 7 13131.0
2010 8 4692.0
2010 9 20054.0
2010 10 8098.0
2010 11 12273.0
2010 12 16112.0
2011 1 2180.0
2011 2 1998.0
2011 3 13028.0
2011 4 49191.0
2011 5 8891.0
2011 6 11628.0
2011 7 6128.0
2011 8 21415.0
2011 9 16375.0
2011 10 10945.0
2011 11 14012.0
2011 12 11303.0
2012 1 6532.0
2012 2 8172.0
2012 3 18280.0
2012 4 12886.0
2012 5 51316.0
2012 6 17000.0
2012 7 8267.0
2012 8 46560.0
2012 9 58874.0
2012 10 24658.0
2012 11 20812.0
2012 12 19352.0
2013 1 1763.0
2013 2 12327.0
2013 3 12025.0
2013 4 62182.0
2013 5 28215.0
2013 6 14326.0
2013 7 37132.0
2013 8 29615.0
2013 9 23571.0
2013 10 85471.0
2013 11 36427.0
2013 12 11990.0
2014 1 7799.0
2014 2 26542.0
2014 3 21714.0
2014 4 70573.0
2014 5 19046.0
2014 6 22552.0
2014 7 22800.0
2014 8 28158.0
2014 9 87566.0
2014 10 30129.0
2014 11 25197.0
2014 12 16832.0
2015 1 1207.0
2015 2 25713.0
2015 3 22470.0
2015 4 17473.0
2015 5 50049.0
2015 6 40459.0
2015 7 9673.0
2015 8 23970.0
2015 9 82932.0
2015 10 39659.0
2015 11 41692.0
2015 12 28667.0
2016 1 65655.0
2016 2 11989.0
2016 3 30669.0
2016 4 70973.0
2016 5 38066.0
2016 6 39411.0
2016 7 25512.0
2016 8 117338.0
2016 9 48516.0
2016 10 38428.0
2016 11 109553.0
2016 12 41245.0
2017 1 19227.0
2017 2 26721.0
2017 3 68182.0
2017 4 41069.0
2017 5 52991.0
2017 6 46090.0
2017 7 27616.0
2017 8 88602.0
2017 9 19464.0
2017 10 23582.0
2017 11 37339.0
2017 12 63836.0
2018 1 22589.0
2018 2 8240.0
2018 3 21006.0
2018 4 56325.0
2018 5 43571.0
2018 6 49612.0
2018 7 51419.0
2018 8 27485.0
2018 9 8568.0
2018 10 67907.0
2018 11 29833.0
2018 12 4431.0
2019 1 19979.0
2019 2 400.0
2019 3 8569.0
2019 4 9645.0
2019 5 21134.0
2019 6 77850.0
2019 7 32844.0
2019 8 47889.0
2019 9 6435.0
2019 10 91624.0
2019 11 8293.0
2019 12 13294.0
2020 1 14802.0
2020 2 2516.0
2020 3 38731.0
2020 4 21192.0
2020 5 17710.0
2020 6 35187.0
2020 7 37267.0
2020 8 32665.0
2020 9 30381.0
2020 10 29670.0
2020 11 32030.0
2020 12 55383.0
2021 1 2975.0
2021 2 30298.0
2021 3 102404.0
2021 4 71227.0
2021 5 10792.0
2021 6 42085.0
2021 7 45061.0
2021 8 22264.0
2021 9 76657.0
2021 10 87257.0
2021 11 71921.0
2021 12 14594.0
2022 1 21578.0
2022 2 11610.0
2022 3 31278.0
2022 4 106018.0
2022 5 51478.0
2022 6 149739.0
2022 7 22099.0
2022 8 88371.0
2022 9 64201.0
2022 10 83805.0
2022 11 82967.0
2022 12 56595.0
2023 1 24872.0
2023 2 39673.0
2023 3 71014.0
2023 4 32300.0
2023 5 124341.0
2023 6 51642.0
2023 7 42413.0
2023 8 37233.0
2023 9 63759.0
2023 10 34313.0
2023 11 21368.0
2023 12 62075.0
2024 1 41925.0
2024 2 17481.0
2024 3 42081.0
2024 4 23722.0
2024 5 18528.0
2024 6 70769.0
2024 7 97286.0
2024 8 68104.0
