1960 5 484.0
1960 6 216.0
1960 7 307.0
1960 8 154.0
1960 9 145.0
1960 10 339.0
1960 11 256.0
1960 12 265.0
1961 1 64.0
1961 2 53.0
1961 3 567.0
1961 4 330.0
1961 5 298.0
1961 6 330.0
1961 7 184.0
1961 8 199.0
1961 9 111.0
1961 10 341.0
1961 11 361.0
1961 12 289.0
1962 1 158.0
1962 2 392.0
1962 3 253.0
1962 4 265.0
1962 5 276.0
1962 6 172.0
1962 7 281.0
1962 8 315.0
1962 9 209.0
1962 10 289.0
1962 11 334.0
1962 12 625.0
1963 1 39.0
1963 2 77.0
1963 3 282.0
1963 4 192.0
1963 5 334.0
1963 6 291.0
1963 7 107.0
1963 8 508.0
1963 9 373.0
1963 10 196.0
1963 11 434.0
1963 12 103.0
1964 1 75.0
1964 2 71.0
1964 3 579.0
1964 4 214.0
1964 5 248.0
1964 6 282.0
1964 7 316.0
1964 8 350.0
1964 9 384.0
1964 10 418.0
1964 11 452.0
1964 12 486.0
1965 1 520.0
1965 2 144.0
1965 3 359.0
1965 4 419.0
1965 5 448.0
1965 6 605.0
1965 7 414.0
1965 8 354.0
1965 9 328.0
1965 10 267.0
1965 11 438.0
1965 12 563.0
1966 1 16.0
1966 2 97.0
1966 3 401.0
1966 4 339.0
1966 5 219.0
1966 6 972.0
1966 7 213.0
1966 8 401.0
1966 9 233.0
1966 10 74.0
1966 11 330.0
1966 12 122.0
1967 1 52.0
1967 2 128.0
1967 3 610.0
1967 4 309.0
1967 5 479.0
1967 6 216.0
1967 7 290.0
1967 8 445.0
1967 9 575.0
1967 10 856.0
1967 11 866.0
1967 12 532.0
1968 1 168.0
1968 2 542.0
1968 3 515.0
1968 4 903.0
1968 5 476.0
1968 6 334.0
1968 7 910.0
1968 8 492.0
1968 9 769.0
1968 10 924.0
1968 11 854.0
1968 12 519.0
1969 1 311.0
1969 2 519.0
1969 3 521.0
1969 4 668.0
1969 5 609.0
1969 6 521.0
1969 7 182.0
1969 8 284.0
1969 9 1400.0
1969 10 764.0
1969 11 1327.0
1969 12 279.0
1970 1 210.0
1970 2 256.0
1970 3 416.0
1970 4 413.0
1970 5 459.0
1970 6 883.0
1970 7 344.0
1970 8 146.0
1970 9 223.0
1970 10 488.0
1970 11 1376.0
1970 12 383.0
1971 1 93.0
1971 2 62.0
1971 3 446.0
1971 4 1409.0
1971 5 1117.0
1971 6 1014.0
1971 7 1935.0
1971 8 977.0
1971 9 1308.0
1971 10 1427.0
1971 11 572.0
1971 12 105.0
1972 1 682.0
1972 2 210.0
1972 3 385.0
1972 4 932.0
1972 5 626.0
1972 6 718.0
1972 7 801.0
1972 8 2166.0
1972 9 1185.0
1972 10 1620.0
1972 11 354.0
1972 12 189.0
1973 1 455.0
1973 2 94.0
1973 3 1799.0
1973 4 522.0
1973 5 768.0
1973 6 1046.0
1973 7 547.0
1973 8 442.0
1973 9 472.0
1973 10 1391.0
1973 11 1211.0
1973 12 55.0
1974 1 107.0
1974 2 385.0
1974 3 481.0
1974 4 1481.0
1974 5 416.0
1974 6 661.0
1974 7 1277.0
1974 8 1754.0
1974 9 893.0
1974 10 1262.0
1974 11 905.0
1974 12 175.0
1975 1 144.0
1975 2 530.0
1975 3 291.0
1975 4 2595.0
1975 5 1627.0
1975 6 1126.0
1975 7 2868.0
1975 8 657.0
1975 9 1420.0
1975 10 5282.0
1975 11 1177.0
1975 12 734.0
1976 1 688.0
1976 2 628.0
1976 3 2699.0
1976 4 3369.0
1976 5 2043.0
1976 6 2997.0
1976 7 1259.0
1976 8 3280.0
1976 9 3371.0
1976 10 5740.0
1976 11 3901.0
1976 12 1455.0
1977 1 1468.0
1977 2 3028.0
1977 3 5820.0
1977 4 4335.0
1977 5 3041.0
1977 6 2277.0
1977 7 4812.0
1977 8 7531.0
1977 9 4801.0
1977 10 4547.0
1977 11 4455.0
1977 12 2926.0
1978 1 659.0
1978 2 1282.0
1978 3 3582.0
1978 4 2784.0
1978 5 4716.0
1978 6 3771.0
1978 7 2000.0
1978 8 4778.0
1978 9 3230.0
1978 10 6601.0
1978 11 4649.0
1978 12 1446.0
1979 1 718.0
1979 2 200.0
1979 3 4834.0
1979 4 10094.0
1979 5 3967.0
1979 6 4861.0
1979 7 3066.0
1979 8 2264.0
1979 9 3285.0
1979 10 4016.0
1979 11 2183.0
1979 12 1139.0
1980 1 421.0
1980 2 6491.0
1980 3 4056.0
1980 4 957.0
1980 5 2840.0
1980 6 1201.0
1980 7 2124.0
1980 8 3148.0
1980 9 3418.0
1980 10 6028.0
1980 11 4607.0
1980 12 3599.0
1981 1 1207.0
1981 2 597.0
1981 3 1429.0
1981 4 9002.0
1981 5 3580.0
1981 6 1144.0
1981 7 914.0
1981 8 303.0
1981 9 1461.0
1981 10 3831.0
1981 11 3961.0
1981 12 577.0
1982 1 55.0
1982 2 208.0
1982 3 730.0
1982 4 715.0
1982 5 1026.0
1982 6 1333.0
1982 7 1028.0
1982 8 5317.0
1982 9 1508.0
1982 10 6830.0
1982 11 3915.5
1982 12 1001.0
1983 1 965.0
1983 2 247.0
1983 3 2109.0
1983 4 2614.0
1983 5 1450.0
1983 6 3685.0
1983 7 3744.0
1983 8 1615.0
1983 9 2729.0
1983 10 5383.0
1983 11 702.0
1983 12 587.0
1984 1 336.0
1984 2 948.0
1984 3 1114.0
1984 4 1086.0
1984 5 4073.0
1984 6 985.0
1984 7 820.0
1984 8 902.0
1984 9 1119.0
1984 10 1127.0
1984 11 987.0
1984 12 98.0
1985 1 291.0
1985 2 78.0
1985 3 765.0
1985 4 1399.0
1985 5 1312.0
1985 6 815.0
1985 7 1343.0
1985 8 1472.0
1985 9 2829.0
1985 10 2005.0
1985 11 681.0
1985 12 218.0
1986 1 386.0
1986 2 353.0
1986 3 2091.0
1986 4 784.0
1986 5 2098.0
1986 6 1550.0
1986 7 722.0
1986 8 979.0
1986 9 2412.0
1986 10 2144.0
1986 11 464.0
1986 12 1737.0
1987 1 164.0
1987 2 153.0
1987 3 142.0
1987 4 1098.0
1987 5 1129.0
1987 6 1424.0
1987 7 2305.0
1987 8 1097.0
1987 9 1317.0
1987 10 1905.0
1987 11 1195.0
1987 12 462.0
1988 1 662.0
1988 2 107.0
1988 3 1192.0
1988 4 1244.0
1988 5 1585.0
1988 6 3044.0
1988 7 1877.0
1988 8 2264.0
1988 9 632.0
1988 10 4281.0
1988 11 5851.0
1988 12 1190.0
1989 1 2579.0
1989 2 1261.0
1989 3 2184.0
1989 4 2105.0
1989 5 4630.0
1989 6 3423.0
1989 7 2799.0
1989 8 2325.0
1989 9 5943.0
1989 10 3258.0
1989 11 630.0
1989 12 1212.0
1990 1 296.0
1990 2 6538.0
1990 3 1683.0
1990 4 3290.0
1990 5 1671.0
1990 6 3061.0
1990 7 2067.0
1990 8 2293.0
1990 9 3401.0
1990 10 1820.0
1990 11 1489.0
1990 12 1066.0
1991 1 351.0
1991 2 254.0
1991 3 359.0
1991 4 2769.0
1991 5 7073.0
1991 6 1486.0
1991 7 1721.0
1991 8 2530.0
1991 9 2906.0
1991 10 4740.0
1991 11 956.0
1991 12 1107.0
1992 1 717.0
1992 2 1114.0
1992 3 1542.0
1992 4 1371.0
1992 5 4729.0
1992 6 10400.0
1992 7 2312.0
1992 8 4224.0
1992 9 2117.0
1992 10 6704.0
1992 11 3114.0
1992 12 869.0
1993 1 609.0
1993 2 664.0
1993 3 2012.0
1993 4 2265.0
1993 5 3114.0
1993 6 2856.0
1993 7 4749.0
1993 8 3307.0
1993 9 3216.0
1993 10 3470.0
1993 11 2504.0
1993 12 4307.0
1994 1 423.0
1994 2 781.0
1994 3 2800.0
1994 4 3658.0
1994 5 9037.0
1994 6 4666.0
1994 7 2914.0
1994 8 2370.0
1994 9 3098.0
1994 10 2713.0
1994 11 7339.0
1994 12 4129.0
1995 1 522.0
1995 2 3680.0
1995 3 2557.0
1995 4 2373.0
1995 5 5385.0
1995 6 5776.0
1995 7 1352.0
1995 8 3511.0
1995 9 6893.0
1995 10 6998.0
1995 11 3012.0
1995 12 2655.0
1996 1 1160.0
1996 2 3426.0
1996 3 1188.0
1996 4 7231.0
1996 5 2656.0
1996 6 3963.0
1996 7 5981.0
1996 8 5448.0
1996 9 2747.0
1996 10 2689.0
1996 11 333.0
1996 12 1533.0
1997 1 781.0
1997 2 1642.0
1997 3 2633.0
1997 4 5729.0
1997 5 4858.0
1997 6 6214.0
1997 7 2454.0
1997 8 5248.0
1997 9 2169.0
1997 10 4786.0
1997 11 5891.0
1997 12 5259.0
1998 1 1420.0
1998 2 7788.0
1998 3 3031.0
1998 4 3583.0
1998 5 5257.0
1998 6 3143.0
1998 7 5910.0
1998 8 3814.0
1998 9 2957.0
1998 10 6986.0
1998 11 6403.0
1998 12 4901.0
1999 1 344.0
1999 2 2904.0
1999 3 4664.0
1999 4 2159.0
1999 5 3820.0
1999 6 5439.0
1999 7 3199.0
1999 8 4953.0
1999 9 4526.0
1999 10 7207.0
1999 11 6815.0
1999 12 6813.0
2000 1 4370.0
2000 2 5313.0
2000 3 4506.0
2000 4 4463.0
2000 5 4339.0
2000 6 5528.0
2000 7 4467.0
2000 8 5350.0
2000 9 4939.0
2000 10 5125.0
2000 11 9240.0
2000 12 1032.0
2001 1 2177.0
2001 2 2453.0
2001 3 3825.0
2001 4 7155.0
2001 5 4365.0
2001 6 10787.0
2001 7 2660.0
2001 8 9724.0
2001 9 5455.0
2001 10 11570.0
2001 11 3730.0
2001 12 1932.0
2002 1 3008.0
2002 2 1940.0
2002 3 2936.0
2002 4 6599.0
2002 5 7984.0
2002 6 4866.0
2002 7 7550.0
2002 8 3448.0
2002 9 9719.0
2002 10 8834.0
2002 11 3611.0
2002 12 3016.0
2003 1 2086.0
2003 2 6100.0
2003 3 3284.0
2003 4 6275.0
2003 5 10952.0
2003 6 4351.0
2003 7 3689.0
2003 8 8558.0
2003 9 8844.0
2003 10 6446.0
2003 11 3705.0
2003 12 4645.0
2004 1 3081.0
2004 2 4247.0
2004 3 2554.0
2004 4 12464.0
2004 5 2221.0
2004 6 12746.0
2004 7 3542.0
2004 8 3675.0
2004 9 9735.0
2004 10 6757.0
2004 11 5571.0
2004 12 3509.0
2005 1 784.0
2005 2 5171.0
2005 3 6981.0
2005 4 4713.0
2005 5 8238.0
2005 6 6261.0
2005 7 8697.0
2005 8 5833.0
2005 9 4597.0
2005 10 7577.0
2005 11 6099.0
2005 12 3097.0
2006 1 1871.0
2006 2 3077.0
2006 3 3964.0
2006 4 7030.0
2006 5 7284.0
2006 6 3525.0
2006 7 4885.0
2006 8 8982.0
2006 9 5141.0
2006 10 12472.0
2006 11 3822.0
2006 12 3320.0
2007 1 2241.0
2007 2 1409.0
2007 3 3590.0
2007 4 12624.0
2007 5 7066.0
2007 6 5844.0
2007 7 2654.0
2007 8 4000.0
2007 9 4918.0
2007 10 11288.0
2007 11 4135.0
2007 12 878.0
2008 1 1804.0
2008 2 2564.0
2008 3 3656.0
2008 4 2363.0
2008 5 2920.0
2008 6 2325.0
2008 7 4959.0
2008 8 5268.0
2008 9 2053.0
2008 10 2880.0
2008 11 502.0
2008 12 830.0
2009 1 507.0
2009 2 871.0
2009 3 1998.0
2009 4 2592.0
2009 5 2723.0
2009 6 4507.0
2009 7 2728.0
2009 8 2781.0
2009 9 7678.0
2009 10 1282.0
2009 11 2412.0
2009 12 4844.0
2010 1 1292.0
2010 2 8813.0
2010 3 4124.0
2010 4 3785.0
2010 5 6620.0
2010 6 5411.0
2010 7 1538.0
2010 8 1609.0
2010 9 1502.0
2010 10 1695.0
2010 11 3554.0
2010 12 1480.0
2011 1 1202.5
2011 2 925.0
2011 3 2677.0
2011 4 2469.0
2011 5 7050.0
2011 6 2368.0
2011 7 2585.0
2011 8 3519.0
2011 9 3060.0
2011 10 2071.0
2011 11 3403.0
2011 12 2480.0
2012 1 891.0
2012 2 764.0
2012 3 1597.0
2012 4 3538.0
2012 5 3228.0
2012 6 4749.0
2012 7 3032.0
2012 8 1727.0
2012 9 2851.0
2012 10 6117.0
2012 11 3736.0
2012 12 1186.0
2013 1 1048.0
2013 2 1375.0
2013 3 3092.0
2013 4 6741.0
2013 5 2272.0
2013 6 3927.0
2013 7 3401.0
2013 8 4022.0
2013 9 2098.0
2013 10 11747.0
2013 11 2314.0
2013 12 1409.0
2014 1 488.0
2014 2 1540.0
2014 3 6165.0
2014 4 3647.0
2014 5 3388.0
2014 6 2458.0
2014 7 12091.0
2014 8 11768.0
2014 9 4561.0
2014 10 3803.0
2014 11 2167.0
2014 12 2410.0
2015 1 667.0
2015 2 811.0
2015 3 4056.0
2015 4 1992.0
2015 5 1857.0
2015 6 982.0
2015 7 5350.0
2015 8 860.0
2015 9 5358.0
2015 10 8718.0
2015 11 4616.0
2015 12 453.0
2016 1 1509.0
2016 2 710.0
2016 3 3337.0
2016 4 7415.0
2016 5 4029.0
2016 6 1900.0
2016 7 3857.0
2016 8 6758.0
2016 9 2011.0
2016 10 8020.0
2016 11 8026.0
2016 12 466.0
2017 1 543.0
2017 2 1292.0
2017 3 1793.0
2017 4 2955.0
2017 5 2152.0
2017 6 2016.0
2017 7 2561.0
2017 8 6168.0
2017 9 3663.0
2017 10 2078.0
2017 11 3018.0
2017 12 4014.0
2018 1 1200.0
2018 2 3354.0
2018 3 1249.0
2018 4 11121.0
2018 5 3340.0
2018 6 2152.0
2018 7 450.0
2018 8 3847.0
2018 9 585.0
2018 10 4613.0
2018 11 1132.0
2018 12 3375.0
2019 1 314.0
2019 2 705.5
2019 3 1097.0
2019 4 3932.0
2019 5 2319.0
2019 6 5129.0
2019 7 9269.0
2019 8 1395.0
2019 9 673.0
2019 10 3611.0
2019 11 1317.0
2019 12 2558.0
2020 1 1369.0
2020 2 721.0
2020 3 4250.0
2020 4 1915.0
2020 5 7587.0
2020 6 2942.0
2020 7 2847.0
2020 8 5276.0
2020 9 2323.0
2020 10 2672.0
2020 11 7410.0
2020 12 6313.0
2021 1 1925.0
2021 2 2830.0
2021 3 7190.0
2021 4 7826.0
2021 5 3903.0
2021 6 4968.0
2021 7 9300.0
2021 8 9912.0
2021 9 36507.0
2021 10 13587.0
2021 11 13409.0
2021 12 8289.0
2022 1 7045.0
2022 2 8053.0
2022 3 18819.0
2022 4 16228.0
2022 5 7183.0
2022 6 16083.0
2022 7 13546.0
2022 8 12436.0
2022 9 5262.0
2022 10 16427.0
2022 11 11497.0
2022 12 3238.0
2023 1 3122.0
2023 2 3812.0
2023 3 13636.0
2023 4 21484.0
2023 5 12577.0
2023 6 14424.0
2023 7 18003.0
2023 8 26023.0
2023 9 25252.0
2023 10 12235.0
2023 11 9515.0
2023 12 9223.0
2024 1 4156.0
2024 2 8642.0
2024 3 13536.0
2024 4 7554.0
2024 5 9767.0
2024 6 8409.0
2024 7 10332.0
2024 8 9070.0
