1960 5 8107.0
1960 6 8975.0
1960 7 7614.0
1960 8 8539.0
1960 9 7449.0
1960 10 6689.0
1960 11 6693.0
1960 12 4236.0
1961 1 3495.0
1961 2 3503.0
1961 3 6359.0
1961 4 8358.0
1961 5 8107.0
1961 6 7856.0
1961 7 6302.0
1961 8 7532.0
1961 9 6431.0
1961 10 8344.0
1961 11 7012.0
1961 12 3613.0
1962 1 2094.0
1962 2 3378.0
1962 3 5870.0
1962 4 7919.0
1962 5 7756.0
1962 6 7098.0
1962 7 6102.0
1962 8 6388.0
1962 9 7948.0
1962 10 7744.0
1962 11 5973.0
1962 12 4513.0
1963 1 1696.0
1963 2 1948.0
1963 3 6035.0
1963 4 9197.0
1963 5 8008.0
1963 6 7944.0
1963 7 7441.0
1963 8 6866.0
1963 9 6893.0
1963 10 8282.0
1963 11 7522.0
1963 12 3071.0
1964 1 3290.0
1964 2 4814.0
1964 3 7738.0
1964 4 10350.0
1964 5 9660.222222222223
1964 6 8970.444444444445
1964 7 8280.666666666666
1964 8 7590.888888888889
1964 9 6901.111111111111
1964 10 6211.333333333333
1964 11 5521.555555555555
1964 12 4831.777777777777
1965 1 4142.0
1965 2 3438.0
1965 3 8021.0
1965 4 13136.0
1965 5 11527.0
1965 6 11729.0
1965 7 12209.0
1965 8 11967.0
1965 9 11622.0
1965 10 11611.0
1965 11 13206.0
1965 12 10533.0
1966 1 3618.0
1966 2 4027.0
1966 3 10799.0
1966 4 12412.0
1966 5 11221.0
1966 6 9773.0
1966 7 7652.0
1966 8 8212.0
1966 9 7059.0
1966 10 5666.0
1966 11 8062.0
1966 12 4514.0
1967 1 2459.0
1967 2 4448.0
1967 3 9943.0
1967 4 9689.0
1967 5 12652.0
1967 6 10481.0
1967 7 10415.0
1967 8 10793.0
1967 9 10711.0
1967 10 13632.0
1967 11 12248.0
1967 12 11523.0
1968 1 2979.0
1968 2 6471.0
1968 3 10631.0
1968 4 15222.0
1968 5 19110.0
1968 6 14176.0
1968 7 15121.0
1968 8 12066.0
1968 9 14504.0
1968 10 20321.0
1968 11 16219.0
1968 12 9899.0
1969 1 4753.0
1969 2 5019.0
1969 3 11970.0
1969 4 21103.0
1969 5 17204.0
1969 6 17836.0
1969 7 21993.0
1969 8 11301.0
1969 9 13785.0
1969 10 16952.0
1969 11 12785.0
1969 12 7813.0
1970 1 2684.0
1970 2 7399.0
1970 3 10882.0
1970 4 15882.0
1970 5 17220.0
1970 6 24257.0
1970 7 12196.0
1970 8 10770.0
1970 9 14213.0
1970 10 14990.0
1970 11 17022.0
1970 12 9267.0
1971 1 4327.0
1971 2 3410.0
1971 3 13039.0
1971 4 30308.0
1971 5 20417.0
1971 6 19100.0
1971 7 18329.0
1971 8 18733.0
1971 9 21942.0
1971 10 25039.0
1971 11 17739.0
1971 12 13486.0
1972 1 6038.0
1972 2 3422.0
1972 3 19959.0
1972 4 22006.0
1972 5 25073.0
1972 6 28689.0
1972 7 17697.0
1972 8 20902.0
1972 9 23962.0
1972 10 19666.0
1972 11 13114.0
1972 12 11802.0
1973 1 7238.0
1973 2 8595.0
1973 3 21245.0
1973 4 23732.0
1973 5 24427.0
1973 6 22563.0
1973 7 17345.0
1973 8 17014.0
1973 9 16364.0
1973 10 23549.0
1973 11 19829.0
1973 12 9885.0
1974 1 5479.0
1974 2 7737.0
1974 3 19016.0
1974 4 24602.0
1974 5 22675.0
1974 6 21712.0
1974 7 24944.0
1974 8 26042.0
1974 9 21913.0
1974 10 20552.0
1974 11 18616.0
1974 12 15771.0
1975 1 4140.0
1975 2 4983.0
1975 3 17232.0
1975 4 36797.0
1975 5 28581.0
1975 6 30874.0
1975 7 33486.0
1975 8 31849.0
1975 9 40433.0
1975 10 45018.0
1975 11 23017.0
1975 12 21699.0
1976 1 8565.0
1976 2 13742.0
1976 3 54772.0
1976 4 48493.0
1976 5 34396.0
1976 6 53915.0
1976 7 39804.0
1976 8 46940.0
1976 9 55196.0
1976 10 58918.0
1976 11 49217.0
1976 12 24570.0
1977 1 9353.0
1977 2 20057.0
1977 3 58277.0
1977 4 70104.0
1977 5 66486.0
1977 6 62189.0
1977 7 51291.0
1977 8 67427.0
1977 9 59801.0
1977 10 59933.0
1977 11 44411.0
1977 12 27664.0
1978 1 13029.0
1978 2 13208.0
1978 3 52194.0
1978 4 54094.0
1978 5 57329.0
1978 6 59120.0
1978 7 47183.0
1978 8 50733.0
1978 9 51612.0
1978 10 55106.0
1978 11 34468.0
1978 12 21057.0
1979 1 9347.0
1979 2 7245.0
1979 3 36767.0
1979 4 64501.0
1979 5 62857.0
1979 6 57235.0
1979 7 40052.0
1979 8 41957.0
1979 9 38811.0
1979 10 46876.0
1979 11 24788.0
1979 12 14592.0
1980 1 6588.0
1980 2 15058.0
1980 3 16084.0
1980 4 16347.0
1980 5 20934.0
1980 6 23201.0
1980 7 29431.0
1980 8 31732.0
1980 9 41983.0
1980 10 49131.0
1980 11 27577.0
1980 12 16538.0
1981 1 7140.0
1981 2 4888.0
1981 3 15429.0
1981 4 30664.0
1981 5 27804.0
1981 6 18022.0
1981 7 16042.0
1981 8 13188.0
1981 9 18052.0
1981 10 20656.0
1981 11 16320.0
1981 12 10331.0
1982 1 5518.0
1982 2 3378.0
1982 3 9036.0
1982 4 20797.0
1982 5 11320.0
1982 6 20960.0
1982 7 19996.0
1982 8 24461.0
1982 9 23355.0
1982 10 23847.0
1982 11 15737.0
1982 12 7627.0
1983 1 5002.0
1983 2 5195.0
1983 3 19557.0
1983 4 28120.0
1983 5 30694.0
1983 6 37539.0
1983 7 26328.0
1983 8 36491.0
1983 9 29192.0
1983 10 31117.0
1983 11 19466.0
1983 12 11161.0
1984 1 11545.0
1984 2 14051.0
1984 3 19503.0
1984 4 26699.0
1984 5 32066.0
1984 6 31708.0
1984 7 25764.0
1984 8 21652.0
1984 9 25278.0
1984 10 31263.0
1984 11 23915.0
1984 12 10972.0
1985 1 10812.0
1985 2 2838.0
1985 3 22649.0
1985 4 27763.0
1985 5 33719.0
1985 6 27711.0
1985 7 23872.0
1985 8 28651.0
1985 9 23908.0
1985 10 27944.0
1985 11 19866.0
1985 12 7067.0
1986 1 4306.0
1986 2 7030.0
1986 3 27497.0
1986 4 31898.0
1986 5 33739.0
1986 6 30534.0
1986 7 25191.0
1986 8 28072.0
1986 9 30618.0
1986 10 32791.0
1986 11 20120.0
1986 12 12386.0
1987 1 9898.0
1987 2 16276.0
1987 3 31114.0
1987 4 34266.0
1987 5 32787.0
1987 6 34112.0
1987 7 38258.0
1987 8 25909.0
1987 9 32696.0
1987 10 39951.0
1987 11 23766.0
1987 12 17914.0
1988 1 6277.0
1988 2 8827.0
1988 3 37779.0
1988 4 44761.0
1988 5 40162.0
1988 6 52062.0
1988 7 33364.0
1988 8 38357.0
1988 9 40496.0
1988 10 43670.0
1988 11 38525.0
1988 12 24703.0
1989 1 20670.0
1989 2 14050.0
1989 3 45756.0
1989 4 48742.0
1989 5 51063.0
1989 6 54598.0
1989 7 41072.0
1989 8 49237.0
1989 9 49617.0
1989 10 55206.0
1989 11 38395.0
1989 12 19474.0
1990 1 24605.0
1990 2 31255.0
1990 3 55243.0
1990 4 55422.0
1990 5 56604.0
1990 6 52901.0
1990 7 45881.0
1990 8 58378.0
1990 9 42153.0
1990 10 47621.0
1990 11 40098.0
1990 12 18781.0
1991 1 9018.0
1991 2 22732.0
1991 3 57113.0
1991 4 63837.0
1991 5 70252.0
1991 6 56691.0
1991 7 74109.0
1991 8 60602.0
1991 9 62755.0
1991 10 72754.0
1991 11 54526.0
1991 12 33837.0
1992 1 33427.0
1992 2 40594.0
1992 3 83342.0
1992 4 73912.0
1992 5 76772.0
1992 6 84722.0
1992 7 86869.0
1992 8 74283.0
1992 9 74733.0
1992 10 84605.0
1992 11 53453.0
1992 12 38708.0
1993 1 28815.0
1993 2 26519.0
1993 3 74400.0
1993 4 86209.0
1993 5 84851.0
1993 6 86357.0
1993 7 73401.0
1993 8 93910.0
1993 9 91201.0
1993 10 101834.0
1993 11 89916.0
1993 12 58679.0
1994 1 30899.0
1994 2 32905.0
1994 3 106851.0
1994 4 136581.0
1994 5 117807.0
1994 6 91588.0
1994 7 90735.0
1994 8 86866.0
1994 9 82148.0
1994 10 89512.0
1994 11 70630.0
1994 12 64041.0
1995 1 20427.0
1995 2 39666.0
1995 3 67822.0
1995 4 94912.0
1995 5 106128.0
1995 6 97309.0
1995 7 94770.0
1995 8 83887.0
1995 9 83851.0
1995 10 108671.0
1995 11 72652.0
1995 12 45862.0
1996 1 24248.0
1996 2 50941.0
1996 3 108031.0
1996 4 139358.0
1996 5 104168.0
1996 6 90111.0
1996 7 101825.0
1996 8 99767.0
1996 9 89276.0
1996 10 92126.0
1996 11 65468.0
1996 12 76640.0
1997 1 28461.0
1997 2 27517.0
1997 3 91432.0
1997 4 170643.0
1997 5 110233.0
1997 6 115292.0
1997 7 114865.0
1997 8 118538.0
1997 9 96004.0
1997 10 110795.0
1997 11 79618.0
1997 12 54363.0
1998 1 56594.0
1998 2 59058.0
1998 3 96169.0
1998 4 116852.0
1998 5 138277.0
1998 6 119613.0
1998 7 135505.0
1998 8 122813.0
1998 9 135216.0
1998 10 154631.0
1998 11 100868.0
1998 12 114675.0
1999 1 43813.0
1999 2 69907.0
1999 3 129149.0
1999 4 140752.0
1999 5 125209.0
1999 6 145883.0
1999 7 141537.0
1999 8 125462.0
1999 9 122905.0
1999 10 109376.0
1999 11 135840.0
1999 12 77706.0
2000 1 50175.0
2000 2 73961.0
2000 3 150317.0
2000 4 143309.0
2000 5 158280.0
2000 6 146460.0
2000 7 121826.0
2000 8 132892.0
2000 9 107162.0
2000 10 113932.0
2000 11 99367.0
2000 12 38635.0
2001 1 63734.0
2001 2 57097.0
2001 3 126580.0
2001 4 148229.0
2001 5 170942.0
2001 6 142284.0
2001 7 106941.0
2001 8 123036.0
2001 9 117841.0
2001 10 172374.0
2001 11 117646.0
2001 12 96932.0
2002 1 88318.0
2002 2 132229.0
2002 3 138705.0
2002 4 156644.0
2002 5 163020.0
2002 6 138200.0
2002 7 133658.0
2002 8 132853.0
2002 9 161842.0
2002 10 154099.0
2002 11 133198.0
2002 12 114420.0
2003 1 65672.0
2003 2 87079.0
2003 3 167463.0
2003 4 228073.0
2003 5 197230.0
2003 6 209070.0
2003 7 215512.0
2003 8 183163.0
2003 9 186964.0
2003 10 189831.0
2003 11 169848.0
2003 12 152774.0
2004 1 104798.0
2004 2 77301.0
2004 3 192352.0
2004 4 257646.0
2004 5 216412.0
2004 6 228846.0
2004 7 171318.0
2004 8 182819.0
2004 9 183778.0
2004 10 193897.0
2004 11 185111.0
2004 12 117563.0
2005 1 76936.0
2005 2 125906.0
2005 3 235333.0
2005 4 251396.0
2005 5 218231.0
2005 6 234782.0
2005 7 216488.0
2005 8 226753.0
2005 9 232480.0
2005 10 240739.0
2005 11 211716.0
2005 12 90521.0
2006 1 112966.0
2006 2 110109.0
2006 3 182477.0
2006 4 180961.0
2006 5 193601.0
2006 6 209415.0
2006 7 179342.0
2006 8 154973.0
2006 9 145081.0
2006 10 195103.0
2006 11 146707.0
2006 12 113256.0
2007 1 71540.0
2007 2 56028.0
2007 3 177174.0
2007 4 199311.0
2007 5 195953.0
2007 6 186241.0
2007 7 178164.0
2007 8 143970.0
2007 9 150112.0
2007 10 148235.0
2007 11 117334.0
2007 12 63586.0
2008 1 76530.0
2008 2 41928.0
2008 3 98841.0
2008 4 134539.0
2008 5 138222.0
2008 6 110554.0
2008 7 100267.0
2008 8 102912.0
2008 9 115509.0
2008 10 144169.0
2008 11 76530.0
2008 12 41101.0
2009 1 20587.0
2009 2 32235.0
2009 3 73076.0
2009 4 92073.0
2009 5 103951.0
2009 6 128711.0
2009 7 123822.0
2009 8 104822.0
2009 9 143019.0
2009 10 129465.0
2009 11 93744.0
2009 12 68661.0
2010 1 32480.0
2010 2 60616.0
2010 3 132839.0
2010 4 148155.0
2010 5 105570.0
2010 6 137519.0
2010 7 100735.0
2010 8 92858.0
2010 9 105317.0
2010 10 105910.0
2010 11 115868.0
2010 12 72813.0
2011 1 25285.0
2011 2 36300.0
2011 3 123349.0
2011 4 156912.0
2011 5 126246.0
2011 6 133406.0
2011 7 95837.0
2011 8 162281.0
2011 9 100491.0
2011 10 109500.0
2011 11 91141.0
2011 12 83448.0
2012 1 39418.0
2012 2 63683.0
2012 3 145377.0
2012 4 153078.0
2012 5 202521.0
2012 6 152194.0
2012 7 146166.0
2012 8 195026.0
2012 9 170753.0
2012 10 193386.0
2012 11 138114.0
2012 12 79788.0
2013 1 60686.0
2013 2 76588.0
2013 3 138510.0
2013 4 231361.0
2013 5 198093.0
2013 6 153804.0
2013 7 204281.0
2013 8 213302.0
2013 9 166987.0
2013 10 268290.0
2013 11 172218.0
2013 12 74888.0
2014 1 72850.0
2014 2 58266.0
2014 3 147193.0
2014 4 264643.0
2014 5 180293.0
2014 6 205735.0
2014 7 181924.0
2014 8 160651.0
2014 9 242111.0
2014 10 205227.0
2014 11 145552.0
2014 12 103624.0
2015 1 53790.0
2015 2 86186.0
2015 3 173713.0
2015 4 157446.0
2015 5 217164.0
2015 6 217980.0
2015 7 185620.0
2015 8 167728.0
2015 9 224197.0
2015 10 191381.0
2015 11 134691.0
2015 12 116076.0
2016 1 104892.0
2016 2 89747.0
2016 3 231861.0
2016 4 233010.0
2016 5 204369.0
2016 6 240385.0
2016 7 135976.0
2016 8 350382.0
2016 9 259048.0
2016 10 236220.0
2016 11 270244.0
2016 12 146259.0
2017 1 70693.0
2017 2 153781.0
2017 3 280566.0
2017 4 213040.0
2017 5 214467.0
2017 6 226195.0
2017 7 170452.0
2017 8 259356.0
2017 9 220292.0
2017 10 274082.0
2017 11 226390.0
2017 12 159646.0
2018 1 79228.0
2018 2 90031.0
2018 3 210047.0
2018 4 240087.0
2018 5 249093.0
2018 6 230920.0
2018 7 245599.0
2018 8 230179.0
2018 9 152134.0
2018 10 258504.0
2018 11 158288.0
2018 12 92752.0
2019 1 85984.0
2019 2 51845.0
2019 3 129693.0
2019 4 221130.0
2019 5 223914.0
2019 6 266876.0
2019 7 209008.0
2019 8 286669.0
2019 9 251798.0
2019 10 355123.0
2019 11 155252.0
2019 12 105306.0
2020 1 104016.0
2020 2 107557.0
2020 3 207281.0
2020 4 188299.0
2020 5 192320.0
2020 6 312054.0
2020 7 324044.0
2020 8 249221.0
2020 9 290939.0
2020 10 258217.0
2020 11 234207.0
2020 12 241677.0
2021 1 114947.0
2021 2 159256.0
2021 3 412021.0
2021 4 356346.0
2021 5 246545.0
2021 6 284840.0
2021 7 214034.0
2021 8 234774.0
2021 9 309714.0
2021 10 332198.0
2021 11 282961.0
2021 12 190283.0
2022 1 133617.0
2022 2 163249.0
2022 3 270102.0
2022 4 371533.0
2022 5 301949.0
2022 6 371189.0
2022 7 222021.0
2022 8 290583.0
2022 9 270576.0
2022 10 274132.0
2022 11 200486.0
2022 12 153435.0
2023 1 91064.0
2023 2 150495.0
2023 3 268879.0
2023 4 278988.0
2023 5 378395.0
2023 6 282556.0
2023 7 256442.0
2023 8 305061.0
2023 9 264271.0
2023 10 255535.0
2023 11 269814.0
2023 12 211918.0
2024 1 160591.0
2024 2 195264.0
2024 3 294508.0
2024 4 294924.0
2024 5 273292.0
2024 6 301776.0
2024 7 296567.0
2024 8 300634.0
