1960 5 5279.0
1960 6 5985.0
1960 7 7163.0
1960 8 7278.0
1960 9 8123.0
1960 10 5261.0
1960 11 4786.0
1960 12 3585.0
1961 1 4709.0
1961 2 4986.0
1961 3 7882.0
1961 4 6479.0
1961 5 8261.0
1961 6 8757.0
1961 7 6202.0
1961 8 5706.0
1961 9 6498.0
1961 10 8163.0
1961 11 5585.0
1961 12 3500.0
1962 1 2980.0
1962 2 5905.0
1962 3 6506.0
1962 4 8349.0
1962 5 9242.0
1962 6 6967.0
1962 7 8151.0
1962 8 6632.0
1962 9 5953.0
1962 10 7379.0
1962 11 6088.0
1962 12 4227.0
1963 1 3809.0
1963 2 5011.0
1963 3 11356.0
1963 4 9105.0
1963 5 7660.0
1963 6 7544.0
1963 7 6167.0
1963 8 7599.0
1963 9 7471.0
1963 10 6773.0
1963 11 6301.0
1963 12 4300.0
1964 1 6808.0
1964 2 6323.0
1964 3 6589.0
1964 4 10086.0
1964 5 8134.0
1964 6 10234.0
1964 7 7850.0
1964 8 8020.0
1964 9 7448.0
1964 10 8908.0
1964 11 6035.0
1964 12 5460.0
1965 1 7377.0
1965 2 4673.0
1965 3 9875.0
1965 4 10207.0
1965 5 12667.0
1965 6 9613.0
1965 7 8976.0
1965 8 7755.0
1965 9 6653.0
1965 10 9284.0
1965 11 10203.0
1965 12 7931.0
1966 1 6292.0
1966 2 6466.0
1966 3 9682.0
1966 4 9211.0
1966 5 7607.0
1966 6 10128.0
1966 7 5874.0
1966 8 7704.0
1966 9 5733.0
1966 10 5316.0
1966 11 4617.0
1966 12 6385.0
1967 1 5413.0
1967 2 6729.0
1967 3 10003.0
1967 4 9908.0
1967 5 13118.0
1967 6 9498.0
1967 7 9585.0
1967 8 8477.0
1967 9 8979.0
1967 10 10347.0
1967 11 7383.0
1967 12 6832.0
1968 1 5832.0
1968 2 9599.0
1968 3 12394.0
1968 4 9366.0
1968 5 24723.0
1968 6 12510.0
1968 7 15273.0
1968 8 11923.0
1968 9 12287.0
1968 10 13098.0
1968 11 10759.0
1968 12 10870.0
1969 1 8456.0
1969 2 15536.0
1969 3 10583.0
1969 4 13497.0
1969 5 9352.0
1969 6 11480.0
1969 7 15007.0
1969 8 14082.0
1969 9 12716.0
1969 10 9295.0
1969 11 5856.0
1969 12 10145.0
1970 1 22807.0
1970 2 7784.0
1970 3 14064.0
1970 4 10846.0
1970 5 11069.0
1970 6 11614.0
1970 7 13388.0
1970 8 7044.0
1970 9 8039.0
1970 10 10497.0
1970 11 12074.0
1970 12 11357.0
1971 1 9747.0
1971 2 8956.0
1971 3 22423.0
1971 4 21789.0
1971 5 22860.0
1971 6 14955.0
1971 7 18403.0
1971 8 16447.0
1971 9 14439.0
1971 10 13949.0
1971 11 19193.0
1971 12 12011.0
1972 1 15171.0
1972 2 15310.0
1972 3 35655.0
1972 4 21093.0
1972 5 23921.0
1972 6 18248.0
1972 7 19635.0
1972 8 23038.0
1972 9 20105.0
1972 10 22726.0
1972 11 18107.0
1972 12 14661.0
1973 1 10391.0
1973 2 19731.0
1973 3 22696.0
1973 4 26378.0
1973 5 31985.0
1973 6 27424.0
1973 7 14722.0
1973 8 17562.0
1973 9 15826.0
1973 10 22461.0
1973 11 25771.0
1973 12 12267.0
1974 1 12029.0
1974 2 11693.0
1974 3 21437.0
1974 4 18964.0
1974 5 17181.0
1974 6 16230.0
1974 7 20567.0
1974 8 11452.0
1974 9 12581.0
1974 10 14865.0
1974 11 11806.0
1974 12 12695.0
1975 1 8725.0
1975 2 11622.0
1975 3 20980.0
1975 4 32804.0
1975 5 23030.0
1975 6 26706.0
1975 7 28890.0
1975 8 22988.0
1975 9 26161.0
1975 10 32988.0
1975 11 21956.0
1975 12 29141.0
1976 1 21011.0
1976 2 30028.0
1976 3 44507.0
1976 4 35632.0
1976 5 40107.0
1976 6 39399.0
1976 7 39285.0
1976 8 33729.0
1976 9 38738.0
1976 10 38601.0
1976 11 36747.0
1976 12 44179.0
1977 1 19547.0
1977 2 36041.0
1977 3 59220.0
1977 4 49564.0
1977 5 42225.0
1977 6 46623.0
1977 7 48808.0
1977 8 49479.0
1977 9 41625.0
1977 10 51905.0
1977 11 48005.0
1977 12 38043.0
1978 1 21409.0
1978 2 22279.0
1978 3 50291.0
1978 4 57527.0
1978 5 53276.0
1978 6 55150.0
1978 7 51072.0
1978 8 46199.0
1978 9 54778.0
1978 10 46007.0
1978 11 41601.0
1978 12 33980.0
1979 1 8779.0
1979 2 26873.0
1979 3 54637.0
1979 4 61649.0
1979 5 66916.0
1979 6 48124.0
1979 7 39144.0
1979 8 43207.0
1979 9 41921.0
1979 10 40928.0
1979 11 27264.0
1979 12 17089.0
1980 1 14799.0
1980 2 13807.0
1980 3 16562.0
1980 4 15176.0
1980 5 21623.0
1980 6 34936.0
1980 7 34612.0
1980 8 38923.0
1980 9 75220.0
1980 10 68883.0
1980 11 36136.0
1980 12 27928.0
1981 1 23339.0
1981 2 21487.0
1981 3 56773.0
1981 4 33166.0
1981 5 29630.0
1981 6 27093.0
1981 7 30527.0
1981 8 19230.0
1981 9 23313.0
1981 10 23228.0
1981 11 26751.0
1981 12 19980.0
1982 1 12271.0
1982 2 14519.0
1982 3 35282.0
1982 4 23085.0
1982 5 29468.0
1982 6 26897.0
1982 7 34086.0
1982 8 26209.0
1982 9 38392.0
1982 10 35913.0
1982 11 30832.5
1982 12 25752.0
1983 1 25388.0
1983 2 30611.0
1983 3 61400.0
1983 4 58393.0
1983 5 66724.0
1983 6 67201.0
1983 7 53658.0
1983 8 55143.0
1983 9 64918.0
1983 10 46508.0
1983 11 47271.0
1983 12 39429.0
1984 1 35806.0
1984 2 49789.0
1984 3 62757.0
1984 4 68162.0
1984 5 67484.0
1984 6 64879.0
1984 7 65294.0
1984 8 51924.0
1984 9 52286.0
1984 10 53161.0
1984 11 70374.0
1984 12 51340.0
1985 1 26121.0
1985 2 22771.0
1985 3 62166.0
1985 4 57982.0
1985 5 65959.0
1985 6 57369.0
1985 7 63823.0
1985 8 50302.0
1985 9 53986.0
1985 10 81525.0
1985 11 36784.0
1985 12 30551.0
1986 1 34992.0
1986 2 31018.0
1986 3 67193.0
1986 4 79007.0
1986 5 89824.0
1986 6 65627.0
1986 7 77605.0
1986 8 66187.0
1986 9 57080.0
1986 10 57462.0
1986 11 46550.0
1986 12 55541.0
1987 1 51690.0
1987 2 47077.0
1987 3 66443.0
1987 4 89331.0
1987 5 71821.0
1987 6 83985.0
1987 7 74767.0
1987 8 61173.0
1987 9 70981.0
1987 10 71704.0
1987 11 48818.0
1987 12 47973.0
1988 1 33560.0
1988 2 47838.0
1988 3 72544.0
1988 4 71088.0
1988 5 77045.0
1988 6 76124.0
1988 7 75334.0
1988 8 69812.0
1988 9 57731.0
1988 10 65021.0
1988 11 55256.0
1988 12 62873.0
1989 1 47718.0
1989 2 34113.0
1989 3 63949.0
1989 4 66396.0
1989 5 65320.0
1989 6 65432.0
1989 7 59735.0
1989 8 58082.0
1989 9 62070.0
1989 10 68236.0
1989 11 65220.0
1989 12 49769.0
1990 1 67104.0
1990 2 41432.0
1990 3 61601.0
1990 4 66079.0
1990 5 62445.0
1990 6 58360.0
1990 7 61782.0
1990 8 53631.0
1990 9 42709.0
1990 10 57997.0
1990 11 46411.0
1990 12 29260.0
1991 1 18637.0
1991 2 38370.0
1991 3 55677.0
1991 4 68550.0
1991 5 62994.0
1991 6 57294.0
1991 7 65974.0
1991 8 52219.0
1991 9 53177.0
1991 10 52736.0
1991 11 46818.0
1991 12 51234.0
1992 1 56111.0
1992 2 66384.0
1992 3 77306.0
1992 4 81065.0
1992 5 88129.0
1992 6 77552.0
1992 7 73016.0
1992 8 67950.0
1992 9 63564.0
1992 10 65810.0
1992 11 59206.0
1992 12 63514.0
1993 1 47353.0
1993 2 51312.0
1993 3 92061.0
1993 4 87649.0
1993 5 87163.0
1993 6 93867.0
1993 7 77444.0
1993 8 96810.0
1993 9 93386.0
1993 10 89855.0
1993 11 99025.0
1993 12 82668.0
1994 1 63020.0
1994 2 89960.0
1994 3 129061.0
1994 4 113200.0
1994 5 112195.0
1994 6 92907.0
1994 7 89468.0
1994 8 113306.0
1994 9 92518.0
1994 10 105004.0
1994 11 84784.0
1994 12 74347.0
1995 1 67440.0
1995 2 65927.0
1995 3 89085.0
1995 4 77539.0
1995 5 83567.0
1995 6 86552.0
1995 7 96154.0
1995 8 110077.0
1995 9 97188.0
1995 10 173450.0
1995 11 103071.0
1995 12 78895.0
1996 1 63250.0
1996 2 104290.0
1996 3 159603.0
1996 4 143403.0
1996 5 142096.0
1996 6 114865.0
1996 7 106683.0
1996 8 107738.0
1996 9 105037.0
1996 10 98859.0
1996 11 93396.0
1996 12 84580.0
1997 1 78767.0
1997 2 83010.0
1997 3 99812.0
1997 4 114988.0
1997 5 103400.0
1997 6 128518.0
1997 7 93983.0
1997 8 107496.0
1997 9 144144.0
1997 10 128836.0
1997 11 91049.0
1997 12 103104.0
1998 1 74223.0
1998 2 116749.0
1998 3 119498.0
1998 4 137005.0
1998 5 121117.0
1998 6 120936.0
1998 7 130587.0
1998 8 109327.0
1998 9 116035.0
1998 10 130021.0
1998 11 116850.0
1998 12 160601.0
1999 1 79714.0
1999 2 105831.0
1999 3 160479.0
1999 4 165303.0
1999 5 145219.0
1999 6 138296.0
1999 7 126452.0
1999 8 134665.0
1999 9 131860.0
1999 10 147768.0
1999 11 118369.0
1999 12 121343.0
2000 1 111892.0
2000 2 127147.0
2000 3 123856.0
2000 4 132548.0
2000 5 136179.0
2000 6 110873.0
2000 7 91541.0
2000 8 105812.0
2000 9 102288.0
2000 10 145345.0
2000 11 106550.0
2000 12 55915.0
2001 1 107958.0
2001 2 111285.0
2001 3 150447.0
2001 4 134190.0
2001 5 149061.0
2001 6 119041.0
2001 7 110119.0
2001 8 151370.0
2001 9 103594.0
2001 10 116508.0
2001 11 118594.0
2001 12 141237.0
2002 1 79045.0
2002 2 97136.0
2002 3 136258.0
2002 4 134283.0
2002 5 143046.0
2002 6 155469.0
2002 7 140864.0
2002 8 125979.0
2002 9 120123.0
2002 10 141189.0
2002 11 131625.0
2002 12 111674.0
2003 1 105079.0
2003 2 100403.0
2003 3 142311.0
2003 4 138958.0
2003 5 149426.0
2003 6 158699.0
2003 7 165660.0
2003 8 154786.0
2003 9 150537.0
2003 10 184924.0
2003 11 149551.0
2003 12 151460.0
2004 1 95604.0
2004 2 106750.0
2004 3 182682.0
2004 4 170883.0
2004 5 145909.0
2004 6 167993.0
2004 7 160183.0
2004 8 150532.0
2004 9 163589.0
2004 10 125611.0
2004 11 129467.0
2004 12 150856.0
2005 1 93596.0
2005 2 135628.0
2005 3 187047.0
2005 4 178289.0
2005 5 168255.0
2005 6 180504.0
2005 7 188577.0
2005 8 182035.0
2005 9 170195.0
2005 10 181365.0
2005 11 208922.0
2005 12 142878.0
2006 1 128330.0
2006 2 152487.0
2006 3 183433.0
2006 4 154160.0
2006 5 178589.0
2006 6 185596.0
2006 7 158242.0
2006 8 139660.0
2006 9 133803.0
2006 10 161467.0
2006 11 134466.0
2006 12 120208.0
2007 1 101397.0
2007 2 93808.0
2007 3 176630.0
2007 4 151272.0
2007 5 173956.0
2007 6 145336.0
2007 7 122875.0
2007 8 126416.0
2007 9 111968.0
2007 10 117664.0
2007 11 130123.0
2007 12 107647.0
2008 1 95376.0
2008 2 117784.0
2008 3 90943.0
2008 4 104714.0
2008 5 93621.0
2008 6 80559.0
2008 7 137533.0
2008 8 86757.0
2008 9 102180.0
2008 10 82672.0
2008 11 63603.0
2008 12 36948.0
2009 1 28749.0
2009 2 37210.0
2009 3 129502.0
2009 4 69436.0
2009 5 64985.0
2009 6 74668.0
2009 7 69946.0
2009 8 81620.0
2009 9 58749.0
2009 10 89971.0
2009 11 83176.0
2009 12 84137.0
2010 1 38947.0
2010 2 41034.0
2010 3 67980.0
2010 4 69403.0
2010 5 59243.0
2010 6 102795.0
2010 7 70752.0
2010 8 66198.0
2010 9 66040.0
2010 10 61076.0
2010 11 60899.0
2010 12 54097.0
2011 1 41214.0
2011 2 40256.0
2011 3 76461.0
2011 4 64578.0
2011 5 73135.0
2011 6 70621.0
2011 7 95523.0
2011 8 83576.0
2011 9 94969.0
2011 10 64743.0
2011 11 46195.0
2011 12 52025.0
2012 1 41784.0
2012 2 52293.0
2012 3 68585.0
2012 4 94830.0
2012 5 89171.0
2012 6 99215.0
2012 7 99771.0
2012 8 98077.0
2012 9 103686.0
2012 10 126965.0
2012 11 91326.0
2012 12 69041.0
2013 1 82774.0
2013 2 77637.0
2013 3 96993.0
2013 4 202366.0
2013 5 107113.0
2013 6 93045.0
2013 7 106678.0
2013 8 129494.0
2013 9 119999.0
2013 10 119664.0
2013 11 108806.0
2013 12 80549.0
2014 1 118565.0
2014 2 44623.0
2014 3 119993.0
2014 4 118806.0
2014 5 108306.0
2014 6 125222.0
2014 7 99453.0
2014 8 97838.0
2014 9 186826.0
2014 10 159091.0
2014 11 153362.0
2014 12 79301.0
2015 1 69450.0
2015 2 96952.0
2015 3 116414.0
2015 4 162912.0
2015 5 132332.0
2015 6 131744.0
2015 7 136265.0
2015 8 112836.0
2015 9 165314.0
2015 10 114668.0
2015 11 110558.0
2015 12 100442.0
2016 1 65773.0
2016 2 104093.0
2016 3 143748.0
2016 4 185194.0
2016 5 113979.0
2016 6 165016.0
2016 7 177782.0
2016 8 181749.0
2016 9 130610.0
2016 10 129306.0
2016 11 118480.0
2016 12 87750.0
2017 1 101811.0
2017 2 154297.0
2017 3 142545.0
2017 4 155691.0
2017 5 156834.0
2017 6 159170.0
2017 7 128117.0
2017 8 159245.0
2017 9 181116.0
2017 10 130357.0
2017 11 142500.0
2017 12 144474.0
2018 1 104840.0
2018 2 97667.0
2018 3 163489.0
2018 4 149642.0
2018 5 218167.0
2018 6 139527.0
2018 7 157240.0
2018 8 263960.0
2018 9 157836.0
2018 10 200568.0
2018 11 120662.0
2018 12 80815.0
2019 1 77736.0
2019 2 81580.0
2019 3 115231.0
2019 4 156388.0
2019 5 164076.0
2019 6 138442.0
2019 7 149200.0
2019 8 179977.0
2019 9 139261.0
2019 10 200520.0
2019 11 108349.0
2019 12 114754.0
2020 1 114834.0
2020 2 112575.0
2020 3 117301.0
2020 4 137218.0
2020 5 137603.0
2020 6 147977.0
2020 7 228805.0
2020 8 148227.0
2020 9 216801.0
2020 10 180636.0
2020 11 152834.0
2020 12 188247.0
2021 1 145590.0
2021 2 176781.0
2021 3 228094.0
2021 4 245770.0
2021 5 215051.0
2021 6 197245.0
2021 7 191922.0
2021 8 192894.0
2021 9 220320.0
2021 10 162193.0
2021 11 212528.0
2021 12 218201.0
2022 1 249945.0
2022 2 141427.0
2022 3 213369.0
2022 4 254318.0
2022 5 210950.0
2022 6 209527.0
2022 7 218826.0
2022 8 212437.0
2022 9 217932.0
2022 10 220664.0
2022 11 129814.0
2022 12 115666.0
2023 1 128913.0
2023 2 109452.0
2023 3 159480.0
2023 4 160162.0
2023 5 285696.0
2023 6 200689.0
2023 7 175848.0
2023 8 343493.0
2023 9 176991.0
2023 10 159876.0
2023 11 230178.0
2023 12 227949.0
2024 1 161277.0
2024 2 221640.0
2024 3 251907.0
2024 4 255617.0
2024 5 242781.0
2024 6 192137.0
2024 7 199858.0
2024 8 269376.0
