1960 5 99.0
1960 6 412.0
1960 7 71.0
1960 8 285.0
1960 9 149.0
1960 10 199.0
1960 11 343.0
1960 12 133.0
1961 1 301.0
1961 2 110.0
1961 3 406.0
1961 4 245.0
1961 5 431.0
1961 6 528.0
1961 7 556.0
1961 8 655.0
1961 9 374.0
1961 10 426.0
1961 11 268.0
1961 12 368.0
1962 1 148.0
1962 2 366.0
1962 3 890.0
1962 4 297.0
1962 5 462.0
1962 6 583.0
1962 7 1352.0
1962 8 696.0
1962 9 498.0
1962 10 710.0
1962 11 247.0
1962 12 520.0
1963 1 475.0
1963 2 341.0
1963 3 604.0
1963 4 562.0
1963 5 280.0
1963 6 445.0
1963 7 236.0
1963 8 1990.0
1963 9 443.0
1963 10 636.0
1963 11 229.0
1963 12 230.0
1964 1 119.0
1964 2 317.0
1964 3 417.0
1964 4 638.0
1964 5 275.0
1964 6 437.0
1964 7 509.0
1964 8 1015.0
1964 9 142.0
1964 10 401.0
1964 11 252.0
1964 12 240.0
1965 1 679.0
1965 2 398.0
1965 3 634.0
1965 4 787.0
1965 5 412.0
1965 6 944.0
1965 7 160.0
1965 8 302.0
1965 9 606.0
1965 10 763.0
1965 11 288.0
1965 12 240.0
1966 1 310.0
1966 2 153.0
1966 3 811.0
1966 4 557.0
1966 5 452.0
1966 6 694.0
1966 7 396.0
1966 8 185.0
1966 9 197.0
1966 10 1092.0
1966 11 460.0
1966 12 602.0
1967 1 343.0
1967 2 188.0
1967 3 1170.0
1967 4 454.0
1967 5 520.0
1967 6 216.0
1967 7 450.0
1967 8 514.0
1967 9 717.0
1967 10 564.0
1967 11 461.0
1967 12 280.0
1968 1 110.0
1968 2 1507.0
1968 3 1106.0
1968 4 1093.0
1968 5 1065.0
1968 6 233.0
1968 7 611.0
1968 8 366.0
1968 9 357.0
1968 10 1495.0
1968 11 525.0
1968 12 1924.0
1969 1 345.0
1969 2 494.0
1969 3 2007.0
1969 4 5084.0
1969 5 157.0
1969 6 552.0
1969 7 947.0
1969 8 427.0
1969 9 669.0
1969 10 431.0
1969 11 599.0
1969 12 1655.0
1970 1 2187.0
1970 2 557.0
1970 3 1414.0
1970 4 721.0
1970 5 2141.0
1970 6 1354.0
1970 7 754.0
1970 8 559.0
1970 9 1234.0
1970 10 589.0
1970 11 1017.0
1970 12 1188.0
1971 1 617.0
1971 2 1234.0
1971 3 1837.0
1971 4 1295.0
1971 5 2904.0
1971 6 1687.0
1971 7 2942.0
1971 8 917.0
1971 9 1508.0
1971 10 1477.0
1971 11 2078.0
1971 12 2355.0
1972 1 1971.0
1972 2 1568.0
1972 3 1742.0
1972 4 1756.0
1972 5 1566.0
1972 6 2457.0
1972 7 1983.0
1972 8 1794.0
1972 9 1372.0
1972 10 3341.0
1972 11 907.0
1972 12 1460.0
1973 1 722.0
1973 2 2187.0
1973 3 2758.0
1973 4 5824.0
1973 5 2960.0
1973 6 2028.0
1973 7 1620.0
1973 8 940.0
1973 9 514.0
1973 10 2946.0
1973 11 1465.0
1973 12 602.0
1974 1 298.0
1974 2 1259.0
1974 3 687.0
1974 4 1955.0
1974 5 898.0
1974 6 1284.0
1974 7 1289.0
1974 8 360.0
1974 9 807.0
1974 10 1237.0
1974 11 1129.0
1974 12 797.0
1975 1 422.0
1975 2 449.0
1975 3 810.0
1975 4 5778.0
1975 5 1595.0
1975 6 1580.0
1975 7 3291.0
1975 8 1236.0
1975 9 2696.0
1975 10 3926.0
1975 11 1106.0
1975 12 2091.0
1976 1 1693.0
1976 2 4635.0
1976 3 3746.0
1976 4 3708.0
1976 5 2029.0
1976 6 2553.0
1976 7 2449.0
1976 8 3246.0
1976 9 2955.0
1976 10 3353.0
1976 11 1834.0
1976 12 2483.0
1977 1 951.0
1977 2 2294.0
1977 3 3545.0
1977 4 2536.0
1977 5 4955.0
1977 6 3184.0
1977 7 2681.0
1977 8 2432.0
1977 9 4201.0
1977 10 5860.0
1977 11 4930.0
1977 12 2901.0
1978 1 2721.0
1978 2 917.0
1978 3 4723.0
1978 4 2771.0
1978 5 4228.0
1978 6 5021.0
1978 7 2813.0
1978 8 4887.0
1978 9 7388.0
1978 10 3668.0
1978 11 4304.0
1978 12 1408.0
1979 1 1465.0
1979 2 1788.0
1979 3 5282.0
1979 4 5575.0
1979 5 4709.0
1979 6 3616.0
1979 7 2132.0
1979 8 3965.0
1979 9 3939.0
1979 10 4081.0
1979 11 1640.0
1979 12 2420.0
1980 1 1992.0
1980 2 1884.0
1980 3 3528.0
1980 4 1509.0
1980 5 1998.0
1980 6 5446.0
1980 7 4129.0
1980 8 6992.0
1980 9 10397.0
1980 10 23793.0
1980 11 6562.0
1980 12 3320.0
1981 1 2229.0
1981 2 3118.0
1981 3 6648.0
1981 4 1866.0
1981 5 3304.0
1981 6 3367.0
1981 7 4283.0
1981 8 2257.0
1981 9 3765.0
1981 10 3709.0
1981 11 4573.0
1981 12 3440.0
1982 1 1506.0
1982 2 1929.0
1982 3 3854.0
1982 4 2681.0
1982 5 3455.0
1982 6 5689.0
1982 7 3518.0
1982 8 4244.0
1982 9 10154.0
1982 10 7091.0
1982 11 5068.5
1982 12 3046.0
1983 1 3984.0
1983 2 5224.0
1983 3 9025.0
1983 4 7148.0
1983 5 7891.0
1983 6 6788.0
1983 7 7835.0
1983 8 9566.0
1983 9 9572.0
1983 10 9326.0
1983 11 7819.0
1983 12 4659.0
1984 1 4893.0
1984 2 5685.0
1984 3 8503.0
1984 4 7255.0
1984 5 9125.0
1984 6 8695.0
1984 7 8360.0
1984 8 5628.0
1984 9 7258.0
1984 10 4912.0
1984 11 10404.0
1984 12 3691.0
1985 1 7606.0
1985 2 2652.0
1985 3 6453.0
1985 4 7399.0
1985 5 5384.0
1985 6 9740.0
1985 7 11078.0
1985 8 6859.0
1985 9 4271.0
1985 10 3984.0
1985 11 4171.0
1985 12 3368.0
1986 1 4676.0
1986 2 3669.0
1986 3 7592.0
1986 4 7110.0
1986 5 3988.0
1986 6 4593.0
1986 7 2793.0
1986 8 4066.0
1986 9 3498.0
1986 10 5918.0
1986 11 3637.0
1986 12 8601.0
1987 1 2413.0
1987 2 4440.0
1987 3 4783.0
1987 4 5335.0
1987 5 5190.0
1987 6 5115.0
1987 7 5789.0
1987 8 3465.0
1987 9 5048.0
1987 10 4181.0
1987 11 4346.0
1987 12 5722.0
1988 1 2028.0
1988 2 2809.0
1988 3 5157.0
1988 4 6397.0
1988 5 4942.0
1988 6 3873.0
1988 7 3697.0
1988 8 6265.0
1988 9 4637.0
1988 10 4010.0
1988 11 2047.0
1988 12 4759.0
1989 1 1765.0
1989 2 2317.0
1989 3 2859.0
1989 4 3313.0
1989 5 3504.0
1989 6 3879.0
1989 7 2540.0
1989 8 2297.0
1989 9 5824.0
1989 10 1882.0
1989 11 1828.0
1989 12 1705.0
1990 1 7760.0
1990 2 1447.0
1990 3 8168.0
1990 4 2978.0
1990 5 2435.0
1990 6 1652.0
1990 7 3603.0
1990 8 1370.0
1990 9 1459.0
1990 10 2866.0
1990 11 4388.0
1990 12 1424.0
1991 1 625.0
1991 2 3840.0
1991 3 1039.0
1991 4 3606.0
1991 5 1701.0
1991 6 4971.0
1991 7 1457.0
1991 8 2752.0
1991 9 1746.0
1991 10 1992.0
1991 11 3753.0
1991 12 898.0
1992 1 1493.0
1992 2 2821.0
1992 3 2197.0
1992 4 3189.0
1992 5 3296.0
1992 6 3058.0
1992 7 1501.0
1992 8 1298.0
1992 9 1811.0
1992 10 3081.0
1992 11 2900.0
1992 12 1391.0
1993 1 1566.0
1993 2 2652.0
1993 3 3024.0
1993 4 3881.0
1993 5 3584.0
1993 6 1547.0
1993 7 1069.0
1993 8 1808.0
1993 9 5016.0
1993 10 2969.0
1993 11 2397.0
1993 12 4816.0
1994 1 1279.0
1994 2 985.0
1994 3 4152.0
1994 4 8068.0
1994 5 2789.0
1994 6 1345.0
1994 7 3379.0
1994 8 5531.0
1994 9 1894.0
1994 10 3627.0
1994 11 5235.0
1994 12 3534.0
1995 1 2882.0
1995 2 2023.0
1995 3 2118.0
1995 4 3701.0
1995 5 2879.0
1995 6 2720.0
1995 7 7992.0
1995 8 1762.0
1995 9 5242.0
1995 10 5685.0
1995 11 3588.0
1995 12 2935.0
1996 1 1838.0
1996 2 4517.0
1996 3 7030.0
1996 4 4318.0
1996 5 5999.0
1996 6 3254.0
1996 7 4377.0
1996 8 5364.0
1996 9 5857.0
1996 10 5767.0
1996 11 3434.0
1996 12 5979.0
1997 1 4527.0
1997 2 12254.0
1997 3 7354.0
1997 4 2680.0
1997 5 3310.0
1997 6 5808.0
1997 7 5866.0
1997 8 2393.0
1997 9 7477.0
1997 10 16102.0
1997 11 3084.0
1997 12 1873.0
1998 1 3283.0
1998 2 2645.0
1998 3 6344.0
1998 4 12987.0
1998 5 5234.0
1998 6 2020.0
1998 7 6716.0
1998 8 6448.0
1998 9 8123.0
1998 10 5364.0
1998 11 6658.0
1998 12 15963.0
1999 1 3707.0
1999 2 3667.0
1999 3 6274.0
1999 4 3930.0
1999 5 5596.0
1999 6 7587.0
1999 7 3328.0
1999 8 8390.0
1999 9 4522.0
1999 10 7634.0
1999 11 4561.0
1999 12 8379.0
2000 1 4904.0
2000 2 3430.0
2000 3 6166.0
2000 4 4190.0
2000 5 2931.0
2000 6 3554.0
2000 7 1921.0
2000 8 5931.0
2000 9 2584.0
2000 10 7011.0
2000 11 6786.0
2000 12 5015.0
2001 1 4236.0
2001 2 7894.0
2001 3 5400.0
2001 4 5494.0
2001 5 7188.0
2001 6 3534.0
2001 7 4085.0
2001 8 8510.0
2001 9 6179.0
2001 10 8076.0
2001 11 4222.0
2001 12 6024.0
2002 1 6286.0
2002 2 5996.0
2002 3 6074.0
2002 4 11586.0
2002 5 10292.0
2002 6 7620.0
2002 7 7974.0
2002 8 11822.0
2002 9 8288.0
2002 10 6068.0
2002 11 5979.0
2002 12 4581.0
2003 1 5486.0
2003 2 3740.0
2003 3 3359.0
2003 4 12641.0
2003 5 8136.0
2003 6 5532.0
2003 7 12339.0
2003 8 6538.0
2003 9 5538.0
2003 10 7142.0
2003 11 23770.0
2003 12 3201.0
2004 1 3897.0
2004 2 2018.0
2004 3 2736.0
2004 4 6084.0
2004 5 4115.0
2004 6 5629.0
2004 7 8668.0
2004 8 3892.0
2004 9 3348.0
2004 10 4848.0
2004 11 9308.0
2004 12 15205.0
2005 1 2826.0
2005 2 5640.0
2005 3 10665.0
2005 4 9167.0
2005 5 10268.0
2005 6 3766.0
2005 7 7055.0
2005 8 9497.0
2005 9 6488.0
2005 10 4925.0
2005 11 4528.0
2005 12 11424.0
2006 1 2505.0
2006 2 6389.0
2006 3 7639.0
2006 4 3818.0
2006 5 5343.0
2006 6 4133.0
2006 7 21185.0
2006 8 4587.0
2006 9 6753.0
2006 10 11116.0
2006 11 4959.0
2006 12 3276.0
2007 1 1290.0
2007 2 1968.0
2007 3 3070.0
2007 4 5526.0
2007 5 7723.0
2007 6 6217.0
2007 7 3900.0
2007 8 2227.0
2007 9 8369.0
2007 10 3779.0
2007 11 1555.0
2007 12 2977.0
2008 1 910.0
2008 2 387.0
2008 3 3769.0
2008 4 3648.0
2008 5 1847.0
2008 6 882.0
2008 7 7994.0
2008 8 5555.0
2008 9 1386.0
2008 10 2782.0
2008 11 1386.0
2008 12 3636.0
2009 1 1858.0
2009 2 773.0
2009 3 2638.0
2009 4 8469.0
2009 5 1444.0
2009 6 2251.0
2009 7 677.0
2009 8 3688.0
2009 9 1219.0
2009 10 1810.0
2009 11 32229.0
2009 12 2633.0
2010 1 1052.0
2010 2 2104.0
2010 3 3952.0
2010 4 1332.0
2010 5 2144.0
2010 6 1997.0
2010 7 1025.0
2010 8 3017.0
2010 9 1106.0
2010 10 3966.0
2010 11 3031.0
2010 12 3924.0
2011 1 563.0
2011 2 3540.0
2011 3 6494.0
2011 4 4501.0
2011 5 3485.0
2011 6 1725.0
2011 7 1646.0
2011 8 1713.0
2011 9 5133.0
2011 10 5208.0
2011 11 1479.0
2011 12 1897.0
2012 1 3135.0
2012 2 404.0
2012 3 1730.0
2012 4 1964.0
2012 5 3917.0
2012 6 4829.0
2012 7 4814.0
2012 8 3672.0
2012 9 4820.0
2012 10 6083.0
2012 11 5319.0
2012 12 2712.0
2013 1 2458.0
2013 2 3345.0
2013 3 1580.0
2013 4 3749.0
2013 5 1859.0
2013 6 6865.0
2013 7 7626.0
2013 8 6487.0
2013 9 6251.0
2013 10 6368.0
2013 11 1689.0
2013 12 1437.0
2014 1 2559.0
2014 2 1729.0
2014 3 5397.0
2014 4 5491.0
2014 5 2366.0
2014 6 5182.0
2014 7 2833.0
2014 8 2350.0
2014 9 3851.0
2014 10 3514.0
2014 11 4313.0
2014 12 2559.0
2015 1 832.0
2015 2 1209.0
2015 3 3216.0
2015 4 3411.0
2015 5 3118.0
2015 6 4007.0
2015 7 2542.0
2015 8 4854.0
2015 9 2810.0
2015 10 3672.0
2015 11 3521.0
2015 12 3376.0
2016 1 1318.0
2016 2 953.0
2016 3 3545.0
2016 4 3875.0
2016 5 2160.0
2016 6 4055.0
2016 7 3138.0
2016 8 9162.0
2016 9 3806.0
2016 10 2394.0
2016 11 3333.0
2016 12 3205.0
2017 1 3213.0
2017 2 2267.0
2017 3 4565.0
2017 4 4002.0
2017 5 1836.0
2017 6 3494.0
2017 7 3341.0
2017 8 11846.0
2017 9 3415.0
2017 10 3438.0
2017 11 5125.0
2017 12 3075.0
2018 1 18083.0
2018 2 3423.0
2018 3 6941.0
2018 4 3883.0
2018 5 5578.0
2018 6 9364.0
2018 7 10637.0
2018 8 5389.0
2018 9 7867.0
2018 10 4737.0
2018 11 2546.0
2018 12 1508.0
2019 1 3420.0
2019 2 2017.0
2019 3 3258.0
2019 4 7841.0
2019 5 5535.0
2019 6 8715.0
2019 7 8742.0
2019 8 6268.0
2019 9 8207.0
2019 10 7020.0
2019 11 10771.0
2019 12 11672.0
2020 1 10595.0
2020 2 12282.0
2020 3 2428.0
2020 4 5706.0
2020 5 7588.0
2020 6 5572.0
2020 7 6864.0
2020 8 8156.0
2020 9 7948.0
2020 10 9524.0
2020 11 2535.0
2020 12 8504.0
2021 1 8904.0
2021 2 6841.0
2021 3 10022.0
2021 4 8996.0
2021 5 12159.0
2021 6 7004.0
2021 7 7070.0
2021 8 2838.0
2021 9 11795.0
2021 10 5253.0
2021 11 6890.0
2021 12 15421.0
2022 1 18174.0
2022 2 4630.0
2022 3 18647.0
2022 4 24708.0
2022 5 11851.0
2022 6 6016.0
2022 7 14883.0
2022 8 10637.0
2022 9 14079.0
2022 10 13434.0
2022 11 5049.0
2022 12 12558.0
2023 1 17020.0
2023 2 4938.0
2023 3 8690.0
2023 4 7336.0
2023 5 26845.0
2023 6 12645.0
2023 7 14263.0
2023 8 24454.0
2023 9 17333.0
2023 10 9903.0
2023 11 12486.0
2023 12 12419.0
2024 1 23195.0
2024 2 19131.0
2024 3 20784.0
2024 4 13135.0
2024 5 9924.0
2024 6 18097.0
2024 7 14004.0
2024 8 32248.0
