1960 5 5180.0
1960 6 5375.0
1960 7 6952.0
1960 8 6993.0
1960 9 7924.0
1960 10 5062.0
1960 11 4413.0
1960 12 3172.0
1961 1 4248.0
1961 2 4785.0
1961 3 6486.0
1961 4 5862.0
1961 5 6389.0
1961 6 7660.0
1961 7 5359.0
1961 8 4781.0
1961 9 4750.0
1961 10 7215.0
1961 11 4726.0
1961 12 3112.0
1962 1 2410.0
1962 2 5540.0
1962 3 4985.0
1962 4 7509.0
1962 5 7631.0
1962 6 6057.0
1962 7 5338.0
1962 8 5869.0
1962 9 5019.0
1962 10 5987.0
1962 11 5054.0
1962 12 3707.0
1963 1 3074.0
1963 2 4670.0
1963 3 10251.0
1963 4 7208.0
1963 5 6748.0
1963 6 6258.0
1963 7 5791.0
1963 8 5609.0
1963 9 5096.0
1963 10 5936.0
1963 11 4815.0
1963 12 3105.0
1964 1 5207.0
1964 2 5342.0
1964 3 5686.0
1964 4 7082.0
1964 5 6153.0
1964 6 7318.0
1964 7 6178.0
1964 8 5369.0
1964 9 5983.0
1964 10 5612.0
1964 11 4861.0
1964 12 3657.0
1965 1 4628.0
1965 2 3976.0
1965 3 6933.0
1965 4 6986.0
1965 5 6900.0
1965 6 6415.0
1965 7 6010.0
1965 8 5664.0
1965 9 5214.0
1965 10 6078.0
1965 11 6409.0
1965 12 4976.0
1966 1 4799.0
1966 2 5453.0
1966 3 6916.0
1966 4 6532.0
1966 5 5667.0
1966 6 5038.0
1966 7 4768.0
1966 8 3958.0
1966 9 3727.0
1966 10 3334.0
1966 11 3365.0
1966 12 2328.0
1967 1 3768.0
1967 2 6313.0
1967 3 7295.0
1967 4 6775.0
1967 5 8136.0
1967 6 7044.0
1967 7 6008.0
1967 8 6808.0
1967 9 6855.0
1967 10 6803.0
1967 11 5408.0
1967 12 3942.0
1968 1 4327.0
1968 2 5946.0
1968 3 7814.0
1968 4 7251.0
1968 5 9230.0
1968 6 7602.0
1968 7 8160.0
1968 8 7491.0
1968 9 7009.0
1968 10 9341.0
1968 11 8150.0
1968 12 5463.0
1969 1 4388.0
1969 2 7206.0
1969 3 7677.0
1969 4 5608.0
1969 5 5751.0
1969 6 4426.0
1969 7 6834.0
1969 8 6947.0
1969 9 6472.0
1969 10 7008.0
1969 11 4849.0
1969 12 5418.0
1970 1 2764.0
1970 2 5997.0
1970 3 6687.0
1970 4 6335.0
1970 5 7753.0
1970 6 8137.0
1970 7 10696.0
1970 8 5553.0
1970 9 6526.0
1970 10 8224.0
1970 11 7131.0
1970 12 5957.0
1971 1 5981.0
1971 2 5457.0
1971 3 10698.0
1971 4 11539.0
1971 5 9690.0
1971 6 10801.0
1971 7 9473.0
1971 8 10086.0
1971 9 9749.0
1971 10 9530.0
1971 11 9381.0
1971 12 7368.0
1972 1 8158.0
1972 2 8969.0
1972 3 17323.0
1972 4 12473.0
1972 5 13889.0
1972 6 13446.0
1972 7 14102.0
1972 8 13182.0
1972 9 12445.0
1972 10 14577.0
1972 11 10697.0
1972 12 8211.0
1973 1 9169.0
1973 2 11731.0
1973 3 16384.0
1973 4 15290.0
1973 5 17966.0
1973 6 15958.0
1973 7 12764.0
1973 8 13180.0
1973 9 7670.0
1973 10 9267.0
1973 11 12396.0
1973 12 6436.0
1974 1 7071.0
1974 2 10077.0
1974 3 18389.0
1974 4 16515.0
1974 5 15550.0
1974 6 14804.0
1974 7 16487.0
1974 8 11062.0
1974 9 11374.0
1974 10 10579.0
1974 11 10170.0
1974 12 10157.0
1975 1 7653.0
1975 2 9807.0
1975 3 17165.0
1975 4 25558.0
1975 5 20830.0
1975 6 21290.0
1975 7 23788.0
1975 8 19534.0
1975 9 21834.0
1975 10 28237.0
1975 11 19408.0
1975 12 16074.0
1976 1 17090.0
1976 2 24903.0
1976 3 36969.0
1976 4 31607.0
1976 5 33724.0
1976 6 33905.0
1976 7 29472.0
1976 8 26654.0
1976 9 31321.0
1976 10 30530.0
1976 11 29229.0
1976 12 25491.0
1977 1 15213.0
1977 2 31418.0
1977 3 45881.0
1977 4 43012.0
1977 5 34969.0
1977 6 41955.0
1977 7 43741.0
1977 8 45266.0
1977 9 36388.0
1977 10 42760.0
1977 11 40785.0
1977 12 28771.0
1978 1 17714.0
1978 2 16519.0
1978 3 42258.0
1978 4 52264.0
1978 5 43764.0
1978 6 46761.0
1978 7 41653.0
1978 8 39047.0
1978 9 34179.0
1978 10 42339.0
1978 11 29727.0
1978 12 26450.0
1979 1 5951.0
1979 2 19270.0
1979 3 45207.0
1979 4 51358.0
1979 5 50024.0
1979 6 40386.0
1979 7 35897.0
1979 8 37275.0
1979 9 31908.0
1979 10 32197.0
1979 11 21067.0
1979 12 14574.0
1980 1 11166.0
1980 2 11627.0
1980 3 12058.0
1980 4 12897.0
1980 5 19625.0
1980 6 24814.0
1980 7 27135.0
1980 8 30979.0
1980 9 40495.0
1980 10 41956.0
1980 11 28131.0
1980 12 24233.0
1981 1 20192.0
1981 2 17059.0
1981 3 31774.0
1981 4 29520.0
1981 5 24214.0
1981 6 23009.0
1981 7 24949.0
1981 8 16656.0
1981 9 18998.0
1981 10 18763.0
1981 11 22035.0
1981 12 15835.0
1982 1 9560.0
1982 2 10323.0
1982 3 21926.0
1982 4 17263.0
1982 5 15691.0
1982 6 17931.0
1982 7 17134.0
1982 8 20825.0
1982 9 21109.0
1982 10 22080.0
1982 11 22054.5
1982 12 22029.0
1983 1 20838.0
1983 2 25319.0
1983 3 47505.0
1983 4 42527.0
1983 5 52487.0
1983 6 55675.0
1983 7 43855.0
1983 8 41759.0
1983 9 38336.0
1983 10 32564.0
1983 11 32787.0
1983 12 20522.0
1984 1 29349.0
1984 2 40583.0
1984 3 41636.0
1984 4 51118.0
1984 5 51110.0
1984 6 42318.0
1984 7 38263.0
1984 8 37986.0
1984 9 27309.0
1984 10 43461.0
1984 11 35956.0
1984 12 25652.0
1985 1 17683.0
1985 2 18840.0
1985 3 47075.0
1985 4 41871.0
1985 5 49870.0
1985 6 39248.0
1985 7 43745.0
1985 8 41024.0
1985 9 37756.0
1985 10 39137.0
1985 11 24488.0
1985 12 18591.0
1986 1 26109.0
1986 2 24996.0
1986 3 47962.0
1986 4 52050.0
1986 5 61954.0
1986 6 56389.0
1986 7 56720.0
1986 8 48456.0
1986 9 48304.0
1986 10 49694.0
1986 11 41164.0
1986 12 45826.0
1987 1 33880.0
1987 2 41175.0
1987 3 60127.0
1987 4 75234.0
1987 5 65415.0
1987 6 75437.0
1987 7 67019.0
1987 8 55427.0
1987 9 56209.0
1987 10 58715.0
1987 11 39709.0
1987 12 41191.0
1988 1 29706.0
1988 2 41004.0
1988 3 66032.0
1988 4 61950.0
1988 5 64035.0
1988 6 71316.0
1988 7 60457.0
1988 8 61903.0
1988 9 51378.0
1988 10 50186.0
1988 11 51733.0
1988 12 47004.0
1989 1 45605.0
1989 2 29080.0
1989 3 57139.0
1989 4 62208.0
1989 5 61815.0
1989 6 60866.0
1989 7 55133.0
1989 8 54567.0
1989 9 49846.0
1989 10 62001.0
1989 11 55650.0
1989 12 35249.0
1990 1 44912.0
1990 2 39714.0
1990 3 53030.0
1990 4 59437.0
1990 5 59819.0
1990 6 55441.0
1990 7 57499.0
1990 8 51078.0
1990 9 39104.0
1990 10 52757.0
1990 11 36228.0
1990 12 26185.0
1991 1 16777.0
1991 2 33575.0
1991 3 50216.0
1991 4 63687.0
1991 5 59866.0
1991 6 51639.0
1991 7 64284.0
1991 8 49279.0
1991 9 49864.0
1991 10 50531.0
1991 11 43065.0
1991 12 46703.0
1992 1 53584.0
1992 2 60665.0
1992 3 73681.0
1992 4 76278.0
1992 5 81890.0
1992 6 73414.0
1992 7 71356.0
1992 8 66513.0
1992 9 61371.0
1992 10 60953.0
1992 11 50425.0
1992 12 62123.0
1993 1 44730.0
1993 2 45160.0
1993 3 86759.0
1993 4 79253.0
1993 5 68446.0
1993 6 89309.0
1993 7 71670.0
1993 8 91152.0
1993 9 87941.0
1993 10 84880.0
1993 11 89535.0
1993 12 75124.0
1994 1 61741.0
1994 2 83615.0
1994 3 119570.0
1994 4 98016.0
1994 5 109056.0
1994 6 91562.0
1994 7 81987.0
1994 8 93351.0
1994 9 88224.0
1994 10 87227.0
1994 11 75549.0
1994 12 67813.0
1995 1 59504.0
1995 2 62924.0
1995 3 83830.0
1995 4 73458.0
1995 5 80082.0
1995 6 82283.0
1995 7 86722.0
1995 8 103019.0
1995 9 74202.0
1995 10 144523.0
1995 11 93382.0
1995 12 61854.0
1996 1 61412.0
1996 2 87610.0
1996 3 111392.0
1996 4 115087.0
1996 5 116523.0
1996 6 93812.0
1996 7 97026.0
1996 8 96706.0
1996 9 82258.0
1996 10 89622.0
1996 11 78016.0
1996 12 73469.0
1997 1 71384.0
1997 2 67089.0
1997 3 91859.0
1997 4 104212.0
1997 5 91489.0
1997 6 107328.0
1997 7 87251.0
1997 8 80862.0
1997 9 96642.0
1997 10 104814.0
1997 11 80038.0
1997 12 83510.0
1998 1 70940.0
1998 2 88312.0
1998 3 112456.0
1998 4 123680.0
1998 5 115646.0
1998 6 115943.0
1998 7 111208.0
1998 8 98337.0
1998 9 100722.0
1998 10 112526.0
1998 11 90291.0
1998 12 118690.0
1999 1 75257.0
1999 2 96679.0
1999 3 129996.0
1999 4 137355.0
1999 5 130942.0
1999 6 113149.0
1999 7 121106.0
1999 8 115760.0
1999 9 118685.0
1999 10 124582.0
1999 11 94895.0
1999 12 104250.0
2000 1 95461.0
2000 2 88360.0
2000 3 115330.0
2000 4 109967.0
2000 5 126636.0
2000 6 104563.0
2000 7 89392.0
2000 8 96265.0
2000 9 94235.0
2000 10 113887.0
2000 11 95393.0
2000 12 49739.0
2001 1 86446.0
2001 2 70760.0
2001 3 125733.0
2001 4 124780.0
2001 5 120709.0
2001 6 110023.0
2001 7 104558.0
2001 8 135373.0
2001 9 95353.0
2001 10 105892.0
2001 11 110418.0
2001 12 121416.0
2002 1 72759.0
2002 2 85776.0
2002 3 128873.0
2002 4 121705.0
2002 5 130421.0
2002 6 125780.0
2002 7 121115.0
2002 8 111607.0
2002 9 110532.0
2002 10 129260.0
2002 11 118432.0
2002 12 106703.0
2003 1 91444.0
2003 2 88309.0
2003 3 136749.0
2003 4 126219.0
2003 5 139411.0
2003 6 153167.0
2003 7 153023.0
2003 8 134186.0
2003 9 123777.0
2003 10 150773.0
2003 11 117855.0
2003 12 146037.0
2004 1 91707.0
2004 2 104408.0
2004 3 169754.0
2004 4 164500.0
2004 5 135814.0
2004 6 159092.0
2004 7 147963.0
2004 8 144365.0
2004 9 152732.0
2004 10 120210.0
2004 11 116926.0
2004 12 132805.0
2005 1 88295.0
2005 2 125719.0
2005 3 164638.0
2005 4 156195.0
2005 5 155802.0
2005 6 173576.0
2005 7 171468.0
2005 8 168262.0
2005 9 154162.0
2005 10 174776.0
2005 11 187084.0
2005 12 117225.0
2006 1 122604.0
2006 2 132768.0
2006 3 166127.0
2006 4 149780.0
2006 5 168609.0
2006 6 150331.0
2006 7 127360.0
2006 8 134673.0
2006 9 111652.0
2006 10 130573.0
2006 11 107740.0
2006 12 98044.0
2007 1 80241.0
2007 2 90130.0
2007 3 163809.0
2007 4 134543.0
2007 5 152751.0
2007 6 118190.0
2007 7 113923.0
2007 8 121889.0
2007 9 97461.0
2007 10 105852.0
2007 11 113935.0
2007 12 87336.0
2008 1 64005.0
2008 2 55298.0
2008 3 78632.0
2008 4 98673.0
2008 5 88520.0
2008 6 74535.0
2008 7 86364.0
2008 8 72262.0
2008 9 87980.0
2008 10 73407.0
2008 11 49509.0
2008 12 32507.0
2009 1 26544.0
2009 2 34681.0
2009 3 47262.0
2009 4 54149.0
2009 5 61623.0
2009 6 71540.0
2009 7 68884.0
2009 8 59641.0
2009 9 51538.0
2009 10 70135.0
2009 11 46581.0
2009 12 53305.0
2010 1 35477.0
2010 2 38930.0
2010 3 62881.0
2010 4 64736.0
2010 5 54810.0
2010 6 97661.0
2010 7 62301.0
2010 8 57103.0
2010 9 57576.0
2010 10 57110.0
2010 11 55111.0
2010 12 47696.0
2011 1 25960.0
2011 2 35898.0
2011 3 61946.0
2011 4 58161.0
2011 5 66843.0
2011 6 67436.0
2011 7 69287.0
2011 8 70962.0
2011 9 53026.0
2011 10 55879.0
2011 11 42166.0
2011 12 47117.0
2012 1 37007.0
2012 2 47780.0
2012 3 59110.0
2012 4 71318.0
2012 5 76735.0
2012 6 75545.0
2012 7 74657.0
2012 8 80951.0
2012 9 80082.0
2012 10 95978.0
2012 11 71141.0
2012 12 58326.0
2013 1 66287.0
2013 2 58374.0
2013 3 88703.0
2013 4 107496.0
2013 5 105254.0
2013 6 80970.0
2013 7 97576.0
2013 8 92972.0
2013 9 93778.0
2013 10 97702.0
2013 11 89342.0
2013 12 56138.0
2014 1 56215.0
2014 2 42230.0
2014 3 84984.0
2014 4 112229.0
2014 5 100259.0
2014 6 98333.0
2014 7 94564.0
2014 8 88270.0
2014 9 98210.0
2014 10 112513.0
2014 11 72035.0
2014 12 72775.0
2015 1 55752.0
2015 2 61983.0
2015 3 89452.0
2015 4 124149.0
2015 5 107761.0
2015 6 122817.0
2015 7 120874.0
2015 8 106627.0
2015 9 107891.0
2015 10 105897.0
2015 11 81063.0
2015 12 96976.0
2016 1 64320.0
2016 2 90098.0
2016 3 118918.0
2016 4 116704.0
2016 5 106356.0
2016 6 137820.0
2016 7 107093.0
2016 8 118932.0
2016 9 102287.0
2016 10 119114.0
2016 11 111249.0
2016 12 80932.0
2017 1 92193.0
2017 2 114504.0
2017 3 129504.0
2017 4 140172.0
2017 5 134716.0
2017 6 136119.0
2017 7 115380.0
2017 8 120914.0
2017 9 111965.0
2017 10 117697.0
2017 11 111928.0
2017 12 111668.0
2018 1 83272.0
2018 2 90829.0
2018 3 137377.0
2018 4 136934.0
2018 5 165574.0
2018 6 126211.0
2018 7 129093.0
2018 8 145587.0
2018 9 114256.0
2018 10 128763.0
2018 11 95902.0
2018 12 67894.0
2019 1 65545.0
2019 2 73558.0
2019 3 78567.0
2019 4 142230.0
2019 5 112766.0
2019 6 117076.0
2019 7 134518.0
2019 8 116949.0
2019 9 113208.0
2019 10 125915.0
2019 11 91618.0
2019 12 98084.0
2020 1 93164.0
2020 2 90595.0
2020 3 113139.0
2020 4 121153.0
2020 5 112059.0
2020 6 140618.0
2020 7 160814.0
2020 8 138166.0
2020 9 178713.0
2020 10 168811.0
2020 11 149064.0
2020 12 131341.0
2021 1 131683.0
2021 2 119631.0
2021 3 207343.0
2021 4 220123.0
2021 5 194828.0
2021 6 186623.0
2021 7 178529.0
2021 8 160056.0
2021 9 182284.0
2021 10 156090.0
2021 11 161015.0
2021 12 171883.0
2022 1 155242.0
2022 2 135800.0
2022 3 189471.0
2022 4 184795.0
2022 5 189483.0
2022 6 171436.0
2022 7 175663.0
2022 8 192277.0
2022 9 155654.0
2022 10 149473.0
2022 11 116699.0
2022 12 98121.0
2023 1 107104.0
2023 2 101100.0
2023 3 141830.0
2023 4 140154.0
2023 5 178965.0
2023 6 155897.0
2023 7 148445.0
2023 8 182050.0
2023 9 148414.0
2023 10 147877.0
2023 11 146232.0
2023 12 142642.0
2024 1 106923.0
2024 2 146986.0
2024 3 162806.0
2024 4 199518.0
2024 5 184108.0
2024 6 163345.0
2024 7 179542.0
2024 8 189887.0
