1960 6 198.0
1960 7 140.0
1960 8 95.0
1960 9 50.0
1960 10 40.0
1960 11 30.0
1960 12 280.0
1961 1 160.0
1961 2 91.0
1961 3 990.0
1961 4 371.0
1961 5 1441.0
1961 6 568.0
1961 7 287.0
1961 8 270.0
1961 9 1375.0
1961 10 522.0
1961 11 592.0
1961 12 20.0
1962 1 423.0
1962 2 527.0
1962 3 631.0
1962 4 543.0
1962 5 1150.0
1962 6 327.0
1962 7 1461.0
1962 8 67.0
1962 9 435.0
1962 10 682.0
1962 11 787.0
1962 12 523.0
1963 1 259.0
1963 2 379.5
1963 3 500.0
1963 4 1335.0
1963 5 632.0
1963 6 842.0
1963 7 140.0
1963 8 1036.0
1963 9 1932.0
1963 10 200.0
1963 11 1258.0
1963 12 964.0
1964 1 1482.0
1964 2 665.0
1964 3 486.0
1964 4 2366.0
1964 5 1706.0
1964 6 2479.0
1964 7 1163.0
1964 8 1635.0
1964 9 1323.0
1964 10 2896.0
1964 11 922.0
1964 12 1564.0
1965 1 2070.0
1965 2 300.0
1965 3 2308.0
1965 4 2434.0
1965 5 5356.0
1965 6 2254.0
1965 7 2806.0
1965 8 1789.0
1965 9 833.0
1965 10 2443.0
1965 11 3507.0
1965 12 2714.0
1966 1 1184.0
1966 2 860.0
1966 3 1955.0
1966 4 2122.0
1966 5 1488.0
1966 6 4395.0
1966 7 710.0
1966 8 3562.0
1966 9 1808.0
1966 10 890.0
1966 11 792.0
1966 12 3456.0
1967 1 1302.0
1967 2 227.0
1967 3 1538.0
1967 4 2679.0
1967 5 4461.0
1967 6 2238.0
1967 7 3127.0
1967 8 1154.0
1967 9 1407.0
1967 10 2980.0
1967 11 1514.0
1967 12 2611.0
1968 1 1395.0
1968 2 2145.0
1968 3 3475.0
1968 4 1022.0
1968 5 14428.0
1968 6 4675.0
1968 7 6502.0
1968 8 4066.0
1968 9 4922.0
1968 10 2262.0
1968 11 2085.0
1968 12 3483.0
1969 1 3724.0
1969 2 7836.0
1969 3 899.0
1969 4 2805.0
1969 5 3444.0
1969 6 6502.0
1969 7 7226.0
1969 8 6708.0
1969 9 5576.0
1969 10 1857.0
1969 11 409.0
1969 12 3072.0
1970 1 17856.0
1970 2 1231.0
1970 3 5963.0
1970 4 3790.0
1970 5 1175.0
1970 6 2124.0
1970 7 1939.0
1970 8 933.0
1970 9 280.0
1970 10 1684.0
1970 11 3927.0
1970 12 4212.0
1971 1 3148.0
1971 2 2265.0
1971 3 9888.0
1971 4 8955.0
1971 5 10266.0
1971 6 2467.0
1971 7 5987.0
1971 8 5444.0
1971 9 3182.0
1971 10 2942.0
1971 11 7734.0
1971 12 2288.0
1972 1 5043.0
1972 2 4773.0
1972 3 16590.0
1972 4 6863.0
1972 5 8466.0
1972 6 2344.0
1972 7 3550.0
1972 8 8063.0
1972 9 6287.0
1972 10 4809.0
1972 11 6504.0
1972 12 4991.0
1973 1 499.0
1973 2 5813.0
1973 3 3554.0
1973 4 5264.0
1973 5 11056.0
1973 6 9438.0
1973 7 339.0
1973 8 3442.0
1973 9 7642.0
1973 10 10247.0
1973 11 11910.0
1973 12 5229.0
1974 1 4660.0
1974 2 357.0
1974 3 2360.0
1974 4 494.0
1974 5 732.0
1974 6 142.0
1974 7 2790.0
1974 8 30.0
1974 9 400.0
1974 10 3049.0
1974 11 507.0
1974 12 1741.0
1975 1 650.0
1975 2 1366.0
1975 3 3004.0
1975 4 1468.0
1975 5 605.0
1975 6 3836.0
1975 7 1811.0
1975 8 2218.0
1975 9 1631.0
1975 10 825.0
1975 11 1442.0
1975 12 10975.0
1976 1 2228.0
1976 2 490.0
1976 3 3792.0
1976 4 317.0
1976 5 4354.0
1976 6 2941.0
1976 7 7365.0
1976 8 3829.0
1976 9 4462.0
1976 10 4718.0
1976 11 5685.0
1976 12 16205.0
1977 1 3382.0
1977 2 2329.0
1977 3 9793.0
1977 4 4016.0
1977 5 2301.0
1977 6 1485.0
1977 7 2387.0
1977 8 1782.0
1977 9 1036.0
1977 10 3284.0
1977 11 2290.0
1977 12 6371.0
1978 1 974.0
1978 2 4839.0
1978 3 3310.0
1978 4 2492.0
1978 5 5283.0
1978 6 3368.0
1978 7 6607.0
1978 8 2265.0
1978 9 13210.0
1978 10 10390.0
1978 11 7570.0
1978 12 6122.0
1979 1 1363.0
1979 2 5816.0
1979 3 4148.0
1979 4 4716.0
1979 5 12183.0
1979 6 4122.0
1979 7 1116.0
1979 8 1966.0
1979 9 6074.0
1979 10 4650.0
1979 11 4557.0
1979 12 95.0
1980 1 1641.0
1980 2 296.0
1980 3 976.0
1980 4 770.0
1980 5 2723.0
1980 6 4676.0
1980 7 3349.0
1980 8 952.0
1980 9 24328.0
1980 10 3133.0
1980 11 1443.0
1980 12 375.0
1981 1 913.0
1981 2 1310.0
1981 3 18350.0
1981 4 1780.0
1981 5 2112.0
1981 6 717.0
1981 7 1295.0
1981 8 317.0
1981 9 551.0
1981 10 757.0
1981 11 143.0
1981 12 706.0
1982 1 1205.0
1982 2 2267.0
1982 3 9502.0
1982 4 3140.0
1982 5 10322.0
1982 6 3282.0
1982 7 13434.0
1982 8 1139.0
1982 9 7129.0
1982 10 6742.0
1982 11 3709.5
1982 12 677.0
1983 1 565.0
1983 2 69.0
1983 3 4870.0
1983 4 8718.0
1983 5 6346.0
1983 6 4739.0
1983 7 1967.0
1983 8 3817.0
1983 9 17010.0
1983 10 4618.0
1983 11 6665.0
1983 12 14248.0
1984 1 1564.0
1984 2 3521.0
1984 3 12619.0
1984 4 9789.0
1984 5 7249.0
1984 6 13866.0
1984 7 18670.0
1984 8 8310.0
1984 9 17719.0
1984 10 4787.0
1984 11 24013.0
1984 12 21997.0
1985 1 832.0
1985 2 1279.0
1985 3 8639.0
1985 4 8713.0
1985 5 10700.0
1985 6 8381.0
1985 7 9002.0
1985 8 2418.0
1985 9 11959.0
1985 10 38404.0
1985 11 8124.0
1985 12 8593.0
1986 1 4206.0
1986 2 2353.0
1986 3 11638.0
1986 4 19848.0
1986 5 23882.0
1986 6 4644.0
1986 7 18092.0
1986 8 13666.0
1986 9 5278.0
1986 10 1849.0
1986 11 1750.0
1986 12 1114.0
1987 1 15397.0
1987 2 1461.0
1987 3 1533.0
1987 4 8763.0
1987 5 1217.0
1987 6 3432.0
1987 7 1958.0
1987 8 2281.0
1987 9 9722.0
1987 10 8808.0
1987 11 4763.0
1987 12 1061.0
1988 1 1828.0
1988 2 4025.0
1988 3 1357.0
1988 4 2742.0
1988 5 8068.0
1988 6 935.0
1988 7 11181.0
1988 8 1645.0
1988 9 1717.0
1988 10 10826.0
1988 11 1476.0
1988 12 11109.0
1989 1 347.0
1989 2 2717.0
1989 3 3950.0
1989 4 875.0
1989 5 781.5
1989 6 688.0
1989 7 2063.0
1989 8 1219.0
1989 9 6400.0
1989 10 4355.0
1989 11 7742.0
1989 12 12815.0
1990 1 14432.0
1990 2 271.0
1990 3 403.0
1990 4 3664.0
1990 5 191.0
1990 6 1267.0
1990 7 680.0
1990 8 1183.0
1990 9 2146.0
1990 10 2374.0
1990 11 5795.0
1990 12 1651.0
1991 1 1235.0
1991 2 955.0
1991 3 4422.0
1991 4 1257.0
1991 5 1427.0
1991 6 684.0
1991 7 233.0
1991 8 188.0
1991 9 1567.0
1991 10 213.0
1991 11 1923.0
1991 12 3633.0
1992 1 1034.0
1992 2 2898.0
1992 3 1428.0
1992 4 1598.0
1992 5 2943.0
1992 6 1080.0
1992 7 159.0
1992 8 139.0
1992 9 382.0
1992 10 1776.0
1992 11 5881.0
1992 12 3469.0
1993 1 1057.0
1993 2 3500.0
1993 3 2278.0
1993 4 4515.0
1993 5 15133.0
1993 6 3011.0
1993 7 4705.0
1993 8 3850.0
1993 9 429.0
1993 10 2006.0
1993 11 7093.0
1993 12 2728.0
1994 1 4044.0
1994 2 5360.0
1994 3 5339.0
1994 4 7116.0
1994 5 350.0
1994 6 2226.0
1994 7 4102.0
1994 8 14424.0
1994 9 2400.0
1994 10 14150.0
1994 11 4000.0
1994 12 3000.0
1995 1 5054.0
1995 2 980.0
1995 3 3137.0
1995 4 380.0
1995 5 606.0
1995 6 1549.0
1995 7 1440.0
1995 8 5296.0
1995 9 17744.0
1995 10 23242.0
1995 11 6101.0
1995 12 14106.0
1996 1 13134.5
1996 2 12163.0
1996 3 41181.0
1996 4 23998.0
1996 5 19574.0
1996 6 17799.0
1996 7 5280.0
1996 8 5668.0
1996 9 16922.0
1996 10 3470.0
1996 11 11946.0
1996 12 5132.0
1997 1 2856.0
1997 2 3667.0
1997 3 599.0
1997 4 8096.0
1997 5 8601.0
1997 6 15382.0
1997 7 866.0
1997 8 24241.0
1997 9 40025.0
1997 10 7920.0
1997 11 7927.0
1997 12 17721.0
1998 1 21756.5
1998 2 25792.0
1998 3 698.0
1998 4 338.0
1998 5 237.0
1998 6 2973.0
1998 7 12663.0
1998 8 4542.0
1998 9 7190.0
1998 10 12131.0
1998 11 19901.0
1998 12 25948.0
1999 1 750.0
1999 2 5485.0
1999 3 24209.0
1999 4 24018.0
1999 5 8681.0
1999 6 17560.0
1999 7 2018.0
1999 8 10515.0
1999 9 8653.0
1999 10 15552.0
1999 11 18913.0
1999 12 8714.0
2000 1 11527.0
2000 2 35357.0
2000 3 2360.0
2000 4 18391.0
2000 5 6612.0
2000 6 2756.0
2000 7 228.0
2000 8 3616.0
2000 9 5469.0
2000 10 24447.0
2000 11 4371.0
2000 12 1161.0
2001 1 17276.0
2001 2 32631.0
2001 3 19314.0
2001 4 3916.0
2001 5 21164.0
2001 6 5484.0
2001 7 1476.0
2001 8 7487.0
2001 9 2062.0
2001 10 2540.0
2001 11 3954.0
2001 12 13797.0
2002 1 9580.5
2002 2 5364.0
2002 3 1311.0
2002 4 992.0
2002 5 2333.0
2002 6 22069.0
2002 7 11775.0
2002 8 2550.0
2002 9 1303.0
2002 10 5861.0
2002 11 7214.0
2002 12 390.0
2003 1 8149.0
2003 2 8354.0
2003 3 2203.0
2003 4 98.0
2003 5 1879.0
2003 6 1088.5
2003 7 298.0
2003 8 14062.0
2003 9 21222.0
2003 10 27009.0
2003 11 7926.0
2003 12 2222.0
2004 1 1273.0
2004 2 324.0
2004 3 10192.0
2004 4 299.0
2004 5 5980.0
2004 6 3272.0
2004 7 3552.0
2004 8 2275.0
2004 9 7509.0
2004 10 553.0
2004 11 3233.0
2004 12 2846.0
2005 1 2475.0
2005 2 4269.0
2005 3 11744.0
2005 4 12927.0
2005 5 2185.0
2005 6 3162.0
2005 7 10054.0
2005 8 4276.0
2005 9 9545.0
2005 10 1664.0
2005 11 17310.0
2005 12 14229.0
2006 1 3221.0
2006 2 13330.0
2006 3 9667.0
2006 4 562.0
2006 5 4637.0
2006 6 31132.0
2006 7 9697.0
2006 8 400.0
2006 9 15398.0
2006 10 19778.0
2006 11 21767.0
2006 12 18888.0
2007 1 19866.0
2007 2 1710.0
2007 3 9751.0
2007 4 11203.0
2007 5 13482.0
2007 6 20929.0
2007 7 5052.0
2007 8 2300.0
2007 9 6138.0
2007 10 8033.0
2007 11 14633.0
2007 12 17334.0
2008 1 30461.0
2008 2 62099.0
2008 3 8542.0
2008 4 2393.0
2008 5 3254.0
2008 6 5142.0
2008 7 43175.0
2008 8 8940.0
2008 9 12814.0
2008 10 6483.0
2008 11 12708.0
2008 12 805.0
2009 1 347.0
2009 2 1756.0
2009 3 79602.0
2009 4 6818.0
2009 5 1918.0
2009 6 877.0
2009 7 385.0
2009 8 18291.0
2009 9 5992.0
2009 10 18026.0
2009 11 4366.0
2009 12 28199.0
2010 1 2418.0
2010 2 1782.5
2010 3 1147.0
2010 4 3335.0
2010 5 2289.0
2010 6 3137.0
2010 7 7426.0
2010 8 6078.0
2010 9 7358.0
2010 10 5057.5
2010 11 2757.0
2010 12 2477.0
2011 1 14691.0
2011 2 818.0
2011 3 8021.0
2011 4 1916.0
2011 5 2807.0
2011 6 1460.0
2011 7 24590.0
2011 8 10901.0
2011 9 36810.0
2011 10 3656.0
2011 11 2550.0
2011 12 3011.0
2012 1 1642.0
2012 2 4109.0
2012 3 7745.0
2012 4 21548.0
2012 5 8519.0
2012 6 18841.0
2012 7 20300.0
2012 8 13454.0
2012 9 18784.0
2012 10 24904.0
2012 11 14866.0
2012 12 8003.0
2013 1 14029.0
2013 2 15918.0
2013 3 6710.0
2013 4 91121.0
2013 5 48165.5
2013 6 5210.0
2013 7 1476.0
2013 8 30035.0
2013 9 19970.0
2013 10 15594.0
2013 11 17775.0
2013 12 22974.0
2014 1 59791.0
2014 2 664.0
2014 3 29612.0
2014 4 1086.0
2014 5 5681.0
2014 6 21707.0
2014 7 2056.0
2014 8 7218.0
2014 9 84765.0
2014 10 43064.0
2014 11 77014.0
2014 12 3967.0
2015 1 12866.0
2015 2 33760.0
2015 3 23746.0
2015 4 35352.0
2015 5 21453.0
2015 6 4920.0
2015 7 12849.0
2015 8 1355.0
2015 9 54613.0
2015 10 5099.0
2015 11 25974.0
2015 12 90.0
2016 1 135.0
2016 2 13042.0
2016 3 21285.0
2016 4 64615.0
2016 5 5463.0
2016 6 23141.0
2016 7 67551.0
2016 8 53655.0
2016 9 24517.0
2016 10 7798.0
2016 11 3898.0
2016 12 3613.0
2017 1 6405.0
2017 2 37526.0
2017 3 8476.0
2017 4 11517.0
2017 5 20282.0
2017 6 19557.0
2017 7 9396.0
2017 8 26485.0
2017 9 65736.0
2017 10 9222.0
2017 11 25447.0
2017 12 29731.0
2018 1 3485.0
2018 2 3415.0
2018 3 19171.0
2018 4 8825.0
2018 5 47015.0
2018 6 3952.0
2018 7 17510.0
2018 8 112984.0
2018 9 35713.0
2018 10 67068.0
2018 11 22214.0
2018 12 11413.0
2019 1 8771.0
2019 2 6005.0
2019 3 33406.0
2019 4 6317.0
2019 5 45775.0
2019 6 12651.0
2019 7 5940.0
2019 8 56760.0
2019 9 17846.0
2019 10 67585.0
2019 11 5960.0
2019 12 4998.0
2020 1 11075.0
2020 2 9698.0
2020 3 1734.0
2020 4 10359.0
2020 5 17956.0
2020 6 1787.0
2020 7 61127.0
2020 8 1905.0
2020 9 30140.0
2020 10 2301.0
2020 11 1235.0
2020 12 48402.0
2021 1 5003.0
2021 2 50309.0
2021 3 10729.0
2021 4 16651.0
2021 5 8064.0
2021 6 3618.0
2021 7 6323.0
2021 8 30000.0
2021 9 26241.0
2021 10 850.0
2021 11 44623.0
2021 12 30897.0
2022 1 76529.0
2022 2 997.0
2022 3 5251.0
2022 4 44815.0
2022 5 9616.0
2022 6 32075.0
2022 7 28280.0
2022 8 9523.0
2022 9 48199.0
2022 10 57757.0
2022 11 8066.0
2022 12 4987.0
2023 1 4789.0
2023 2 3414.0
2023 3 8960.0
2023 4 12672.0
2023 5 79886.0
2023 6 32147.0
2023 7 13140.0
2023 8 136989.0
2023 9 11244.0
2023 10 2096.0
2023 11 71460.0
2023 12 72888.0
2024 1 31159.0
2024 2 55523.0
2024 3 68317.0
2024 4 42964.0
2024 5 48749.0
2024 6 10695.0
2024 7 6312.0
2024 8 47241.0
