1960 5 210.0
1960 6 224.0
1960 7 149.0
1960 8 71.0
1960 9 345.0
1960 10 220.0
1960 11 187.0
1960 12 173.0
1961 1 70.0
1961 2 186.0
1961 3 211.0
1961 4 214.0
1961 5 247.0
1961 6 502.0
1961 7 60.0
1961 8 25.0
1961 9 103.0
1961 10 226.0
1961 11 80.0
1961 12 25.0
1962 1 142.0
1962 2 41.0
1962 3 128.0
1962 4 276.0
1962 5 329.0
1962 6 420.0
1962 7 173.0
1962 8 181.0
1962 9 120.0
1962 10 100.0
1962 11 311.0
1962 12 361.0
1963 1 335.0
1963 2 131.0
1963 3 318.0
1963 4 262.0
1963 5 170.0
1963 6 286.0
1963 7 211.0
1963 8 249.0
1963 9 339.0
1963 10 410.0
1963 11 182.0
1963 12 152.0
1964 1 144.0
1964 2 50.0
1964 3 337.0
1964 4 341.0
1964 5 217.0
1964 6 426.0
1964 7 567.0
1964 8 388.0
1964 9 368.0
1964 10 576.0
1964 11 572.0
1964 12 168.0
1965 1 264.0
1965 2 170.0
1965 3 564.0
1965 4 278.0
1965 5 395.0
1965 6 311.0
1965 7 297.0
1965 8 360.0
1965 9 420.0
1965 10 277.0
1965 11 216.0
1965 12 394.0
1966 1 101.0
1966 2 105.0
1966 3 426.0
1966 4 190.0
1966 5 175.0
1966 6 226.0
1966 7 80.0
1966 8 355.0
1966 9 112.0
1966 10 236.0
1966 11 136.0
1966 12 36.0
1967 1 208.0
1967 2 74.0
1967 3 414.0
1967 4 364.0
1967 5 231.0
1967 6 357.0
1967 7 267.0
1967 8 516.0
1967 9 316.0
1967 10 487.0
1967 11 388.0
1967 12 108.0
1968 1 188.0
1968 2 429.0
1968 3 449.0
1968 4 446.0
1968 5 723.0
1968 6 1244.0
1968 7 684.0
1968 8 193.0
1968 9 535.0
1968 10 468.0
1968 11 2077.0
1968 12 173.0
1969 1 546.0
1969 2 320.0
1969 3 303.0
1969 4 522.0
1969 5 625.0
1969 6 376.0
1969 7 680.0
1969 8 72.0
1969 9 401.0
1969 10 290.0
1969 11 148.0
1969 12 401.0
1970 1 81.0
1970 2 345.0
1970 3 189.0
1970 4 440.0
1970 5 317.0
1970 6 513.0
1970 7 560.0
1970 8 412.0
1970 9 688.0
1970 10 393.0
1970 11 255.0
1970 12 244.0
1971 1 760.0
1971 2 727.0
1971 3 1206.0
1971 4 1781.0
1971 5 415.0
1971 6 2682.0
1971 7 1178.0
1971 8 340.0
1971 9 1188.0
1971 10 649.0
1971 11 932.0
1971 12 482.0
1972 1 1387.0
1972 2 677.0
1972 3 1324.0
1972 4 1342.0
1972 5 760.0
1972 6 2026.0
1972 7 978.0
1972 8 239.0
1972 9 1852.0
1972 10 1559.0
1972 11 152.0
1972 12 653.0
1973 1 417.0
1973 2 1198.0
1973 3 481.0
1973 4 331.0
1973 5 1161.0
1973 6 1091.0
1973 7 557.0
1973 8 933.0
1973 9 260.0
1973 10 258.0
1973 11 536.0
1973 12 358.0
1974 1 88.0
1974 2 77.0
1974 3 701.0
1974 4 451.0
1974 5 299.0
1974 6 207.0
1974 7 394.0
1974 8 270.0
1974 9 123.0
1974 10 406.0
1974 11 190.0
1974 12 178.0
1975 1 192.0
1975 2 685.0
1975 3 670.0
1975 4 379.0
1975 5 715.0
1975 6 328.0
1975 7 1327.0
1975 8 924.0
1975 9 646.0
1975 10 612.0
1975 11 1101.0
1975 12 694.0
1976 1 494.0
1976 2 395.0
1976 3 1951.0
1976 4 1142.0
1976 5 1716.0
1976 6 911.0
1976 7 1285.0
1976 8 2056.0
1976 9 1007.0
1976 10 575.0
1976 11 1391.0
1976 12 1035.0
1977 1 328.0
1977 2 1409.0
1977 3 1040.0
1977 4 2793.0
1977 5 942.0
1977 6 1002.0
1977 7 1556.0
1977 8 1006.0
1977 9 1953.0
1977 10 1223.0
1977 11 1412.0
1977 12 800.0
1978 1 108.0
1978 2 620.0
1978 3 1977.0
1978 4 3461.0
1978 5 4022.0
1978 6 2914.0
1978 7 1704.0
1978 8 3075.0
1978 9 3694.0
1978 10 3289.0
1978 11 3580.0
1978 12 1699.0
1979 1 694.0
1979 2 1339.0
1979 3 2740.0
1979 4 4350.0
1979 5 4132.0
1979 6 4369.0
1979 7 3036.0
1979 8 3423.0
1979 9 3587.0
1979 10 2275.0
1979 11 1809.0
1979 12 1280.0
1980 1 917.0
1980 2 603.0
1980 3 1327.0
1980 4 4176.0
1980 5 1260.0
1980 6 1509.0
1980 7 2425.0
1980 8 2393.0
1980 9 4400.0
1980 10 2591.0
1980 11 4006.0
1980 12 2145.0
1981 1 1643.0
1981 2 552.0
1981 3 1517.0
1981 4 1989.0
1981 5 2093.0
1981 6 1440.0
1981 7 2130.0
1981 8 1724.0
1981 9 1269.0
1981 10 848.0
1981 11 811.0
1981 12 711.0
1982 1 385.0
1982 2 895.0
1982 3 1528.0
1982 4 1947.0
1982 5 637.0
1982 6 340.0
1982 7 625.0
1982 8 1795.0
1982 9 1943.0
1982 10 3471.0
1982 11 2209.0
1982 12 947.0
1983 1 1514.0
1983 2 1278.0
1983 3 1768.0
1983 4 1935.0
1983 5 2167.0
1983 6 3385.0
1983 7 4208.0
1983 8 3471.0
1983 9 1844.0
1983 10 2200.0
1983 11 2208.0
1983 12 2320.0
1984 1 1152.0
1984 2 2085.0
1984 3 1075.0
1984 4 3323.0
1984 5 2108.0
1984 6 1741.0
1984 7 2644.0
1984 8 2340.0
1984 9 2936.0
1984 10 2925.0
1984 11 1091.0
1984 12 2127.0
1985 1 1162.0
1985 2 926.0
1985 3 2562.0
1985 4 3429.0
1985 5 1705.0
1985 6 7502.0
1985 7 2150.0
1985 8 1155.0
1985 9 3895.0
1985 10 2858.0
1985 11 1146.0
1985 12 1878.0
1986 1 1234.0
1986 2 1444.0
1986 3 2209.0
1986 4 1835.0
1986 5 2739.0
1986 6 2085.0
1986 7 1814.0
1986 8 4470.0
1986 9 1421.0
1986 10 16824.0
1986 11 1635.0
1986 12 540.0
1987 1 581.0
1987 2 1993.0
1987 3 2192.0
1987 4 1029.0
1987 5 4894.0
1987 6 2812.0
1987 7 1141.0
1987 8 1934.0
1987 9 1754.0
1987 10 2149.0
1987 11 2549.0
1987 12 3319.0
1988 1 2136.0
1988 2 2914.0
1988 3 1530.0
1988 4 1724.0
1988 5 2666.0
1988 6 2603.0
1988 7 1685.0
1988 8 863.0
1988 9 2022.0
1988 10 1919.0
1988 11 1493.0
1988 12 1411.0
1989 1 1618.0
1989 2 2559.0
1989 3 2256.0
1989 4 1458.0
1989 5 2152.0
1989 6 1417.0
1989 7 446.0
1989 8 4935.0
1989 9 1752.0
1989 10 940.0
1989 11 1050.0
1989 12 1373.0
1990 1 2242.0
1990 2 1759.0
1990 3 2248.0
1990 4 2069.0
1990 5 1772.0
1990 6 3472.0
1990 7 1965.0
1990 8 2987.0
1990 9 2377.0
1990 10 2980.0
1990 11 1737.0
1990 12 835.0
1991 1 1080.0
1991 2 1682.0
1991 3 2161.0
1991 4 1417.0
1991 5 2919.0
1991 6 1441.0
1991 7 1194.0
1991 8 2448.0
1991 9 847.0
1991 10 2431.0
1991 11 1621.0
1991 12 3094.0
1992 1 4558.0
1992 2 2801.0
1992 3 3643.0
1992 4 2843.0
1992 5 1818.0
1992 6 3177.0
1992 7 4069.0
1992 8 3418.0
1992 9 1983.0
1992 10 2350.0
1992 11 1604.0
1992 12 2053.0
1993 1 2288.0
1993 2 2028.0
1993 3 2685.0
1993 4 2685.0
1993 5 2054.0
1993 6 5501.0
1993 7 3635.0
1993 8 5771.0
1993 9 5128.0
1993 10 3582.0
1993 11 4131.0
1993 12 1846.0
1994 1 1150.0
1994 2 2042.0
1994 3 5448.0
1994 4 4993.0
1994 5 6402.0
1994 6 4098.0
1994 7 3794.0
1994 8 4888.0
1994 9 6673.0
1994 10 3765.0
1994 11 3676.0
1994 12 1975.0
1995 1 5354.0
1995 2 2558.0
1995 3 3625.0
1995 4 2945.0
1995 5 2720.0
1995 6 4885.0
1995 7 3634.0
1995 8 2869.0
1995 9 5982.0
1995 10 9787.0
1995 11 5726.0
1995 12 7251.0
1996 1 2336.0
1996 2 2793.0
1996 3 2751.0
1996 4 10545.0
1996 5 6227.0
1996 6 1867.0
1996 7 4793.0
1996 8 2850.0
1996 9 6018.0
1996 10 6855.0
1996 11 5323.0
1996 12 3355.0
1997 1 7403.0
1997 2 5629.0
1997 3 6733.0
1997 4 6979.0
1997 5 7204.0
1997 6 6796.0
1997 7 8912.0
1997 8 6270.0
1997 9 6993.0
1997 10 7942.0
1997 11 5723.0
1997 12 3750.0
1998 1 3328.0
1998 2 4285.0
1998 3 9101.0
1998 4 5001.0
1998 5 3937.0
1998 6 5394.0
1998 7 3601.0
1998 8 9269.0
1998 9 5166.0
1998 10 4985.0
1998 11 5759.0
1998 12 5106.0
1999 1 3686.0
1999 2 3773.0
1999 3 4152.0
1999 4 6261.0
1999 5 4232.0
1999 6 3664.0
1999 7 6742.0
1999 8 6229.0
1999 9 3804.0
1999 10 4718.0
1999 11 6333.0
1999 12 2356.0
2000 1 2729.0
2000 2 5017.0
2000 3 5710.0
2000 4 2386.0
2000 5 2373.0
2000 6 4917.0
2000 7 1306.0
2000 8 2492.0
2000 9 6285.0
2000 10 1642.0
2000 11 2707.0
2000 12 1704.0
2001 1 2473.0
2001 2 4140.0
2001 3 2333.0
2001 4 2257.0
2001 5 4903.0
2001 6 12138.0
2001 7 4376.0
2001 8 4138.0
2001 9 3104.0
2001 10 2177.0
2001 11 3854.0
2001 12 3522.0
2002 1 2534.0
2002 2 3850.0
2002 3 4014.0
2002 4 3647.0
2002 5 4890.0
2002 6 4799.0
2002 7 3350.0
2002 8 1797.0
2002 9 2110.0
2002 10 5378.0
2002 11 3756.0
2002 12 3569.0
2003 1 1913.0
2003 2 3905.0
2003 3 4463.0
2003 4 3320.0
2003 5 6187.0
2003 6 2176.0
2003 7 3068.0
2003 8 5846.0
2003 9 5038.0
2003 10 4175.0
2003 11 2504.0
2003 12 809.0
2004 1 3924.0
2004 2 5463.0
2004 3 5018.0
2004 4 7166.0
2004 5 5755.0
2004 6 4789.0
2004 7 4448.0
2004 8 6120.0
2004 9 2934.0
2004 10 3374.0
2004 11 4771.0
2004 12 3229.0
2005 1 2360.0
2005 2 2758.0
2005 3 2600.0
2005 4 2792.0
2005 5 4263.0
2005 6 5631.0
2005 7 2143.0
2005 8 2493.0
2005 9 10810.0
2005 10 2223.0
2005 11 4373.0
2005 12 2090.0
2006 1 3327.0
2006 2 2248.0
2006 3 5641.0
2006 4 1559.0
2006 5 11329.0
2006 6 5308.0
2006 7 2603.0
2006 8 4463.0
2006 9 2745.0
2006 10 2230.0
2006 11 3637.0
2006 12 6315.0
2007 1 9974.0
2007 2 3478.0
2007 3 10775.0
2007 4 4664.0
2007 5 3196.0
2007 6 1474.0
2007 7 4383.0
2007 8 7308.0
2007 9 3411.0
2007 10 3675.0
2007 11 1632.0
2007 12 7657.0
2008 1 1735.0
2008 2 1145.0
2008 3 2261.0
2008 4 15091.0
2008 5 8971.0
2008 6 2108.0
2008 7 1570.0
2008 8 5339.0
2008 9 1812.0
2008 10 10937.0
2008 11 1896.0
2008 12 1872.0
2009 1 815.0
2009 2 3396.0
2009 3 4359.0
2009 4 1843.0
2009 5 1626.0
2009 6 3212.0
2009 7 2534.0
2009 8 3322.0
2009 9 2109.0
2009 10 1053.0
2009 11 2897.0
2009 12 1000.0
2010 1 1722.0
2010 2 366.0
2010 3 527.0
2010 4 2631.0
2010 5 903.0
2010 6 31173.0
2010 7 4582.0
2010 8 1258.0
2010 9 1272.0
2010 10 1819.0
2010 11 200.0
2010 12 1710.0
2011 1 2816.0
2011 2 994.0
2011 3 2432.0
2011 4 8994.0
2011 5 1814.0
2011 6 5219.0
2011 7 1940.0
2011 8 4854.0
2011 9 2385.0
2011 10 3025.0
2011 11 2588.0
2011 12 777.0
2012 1 638.0
2012 2 3783.0
2012 3 3900.0
2012 4 2755.0
2012 5 7838.0
2012 6 624.0
2012 7 3932.0
2012 8 4453.0
2012 9 5185.0
2012 10 2873.0
2012 11 2102.0
2012 12 2677.0
2013 1 2957.0
2013 2 2171.0
2013 3 2885.0
2013 4 4073.0
2013 5 2246.0
2013 6 4977.0
2013 7 2737.0
2013 8 2311.0
2013 9 1768.0
2013 10 981.0
2013 11 2442.0
2013 12 5336.0
2014 1 2963.0
2014 2 1360.0
2014 3 2853.0
2014 4 2042.0
2014 5 1776.0
2014 6 1803.0
2014 7 3523.0
2014 8 3071.0
2014 9 4441.0
2014 10 6701.0
2014 11 1557.0
2014 12 2439.0
2015 1 3408.0
2015 2 4530.0
2015 3 2934.0
2015 4 2930.0
2015 5 4366.0
2015 6 3146.0
2015 7 2124.0
2015 8 3096.0
2015 9 2508.0
2015 10 2762.0
2015 11 7265.0
2015 12 3656.0
2016 1 2789.0
2016 2 2576.0
2016 3 5575.0
2016 4 5513.0
2016 5 3511.0
2016 6 1408.0
2016 7 2061.0
2016 8 12972.0
2016 9 6431.0
2016 10 3377.0
2016 11 3684.0
2016 12 2421.0
2017 1 4657.0
2017 2 8502.0
2017 3 5776.0
2017 4 4695.0
2017 5 6999.0
2017 6 4034.0
2017 7 7357.0
2017 8 6320.0
2017 9 10778.0
2017 10 3342.0
2017 11 4820.0
2017 12 4879.0
2018 1 3793.0
2018 2 3314.0
2018 3 4035.0
2018 4 8700.0
2018 5 2971.0
2018 6 4234.0
2018 7 1073.0
2018 8 6861.0
2018 9 3851.0
2018 10 3468.0
2018 11 1853.0
2018 12 2697.0
2019 1 5232.0
2019 2 4326.0
2019 3 6561.0
2019 4 3294.0
2019 5 4944.0
2019 6 2302.0
2019 7 14950.0
2019 8 3568.0
2019 9 4380.0
2019 10 4059.0
2019 11 1919.0
2019 12 4657.0
2020 1 3165.0
2020 2 5289.0
2020 3 8355.0
2020 4 4508.0
2020 5 4482.0
2020 6 6081.0
2020 7 2539.0
2020 8 15279.0
2020 9 5087.0
2020 10 11064.0
2020 11 2557.0
2020 12 2234.0
2021 1 1899.0
2021 2 4623.0
2021 3 7146.0
2021 4 5039.0
2021 5 5643.0
2021 6 10928.0
2021 7 5997.0
2021 8 2950.0
2021 9 4120.0
2021 10 6430.0
2021 11 3917.0
2021 12 4476.0
2022 1 6396.0
2022 2 4251.0
2022 3 7344.0
2022 4 7257.0
2022 5 11576.0
2022 6 6927.0
2022 7 5660.0
2022 8 8136.0
2022 9 14959.0
2022 10 5110.0
2022 11 10968.0
2022 12 4377.0
2023 1 5957.0
2023 2 6316.0
2023 3 14361.0
2023 4 12004.0
2023 5 10692.0
2023 6 10754.0
2023 7 9347.0
2023 8 37661.0
2023 9 10981.0
2023 10 4846.0
2023 11 5648.0
2023 12 7322.0
2024 1 4205.0
2024 2 12312.0
2024 3 7103.0
2024 4 9705.0
2024 5 12135.0
2024 6 5921.0
2024 7 11353.0
2024 8 10794.0
