1960 5 10423.0
1960 6 10992.0
1960 7 7854.0
1960 8 5992.0
1960 9 6568.0
1960 10 6399.0
1960 11 5755.0
1960 12 4589.0
1961 1 3060.0
1961 2 3525.0
1961 3 6844.0
1961 4 7714.0
1961 5 7597.0
1961 6 7804.0
1961 7 7366.0
1961 8 7477.0
1961 9 7266.0
1961 10 6278.0
1961 11 5031.0
1961 12 3103.0
1962 1 3498.0
1962 2 6105.0
1962 3 7831.0
1962 4 8415.0
1962 5 10060.0
1962 6 8691.0
1962 7 8575.0
1962 8 8489.0
1962 9 8297.0
1962 10 8496.0
1962 11 7243.0
1962 12 4642.0
1963 1 4493.0
1963 2 5756.0
1963 3 8914.0
1963 4 10718.0
1963 5 9863.0
1963 6 9969.0
1963 7 11329.0
1963 8 9359.0
1963 9 10427.0
1963 10 12420.0
1963 11 7508.0
1963 12 4623.0
1964 1 8416.0
1964 2 8504.0
1964 3 12589.0
1964 4 14785.0
1964 5 12392.0
1964 6 13934.0
1964 7 12359.0
1964 8 9849.0
1964 9 11296.0
1964 10 12552.0
1964 11 11769.0
1964 12 6880.0
1965 1 7301.0
1965 2 9521.0
1965 3 12290.0
1965 4 14169.0
1965 5 12329.0
1965 6 14995.0
1965 7 11632.0
1965 8 12122.0
1965 9 11302.0
1965 10 10445.0
1965 11 10290.0
1965 12 9491.0
1966 1 5988.0
1966 2 6718.0
1966 3 12967.0
1966 4 11320.0
1966 5 7246.0
1966 6 8897.0
1966 7 7083.0
1966 8 8292.0
1966 9 5870.0
1966 10 5873.0
1966 11 3298.0
1966 12 3652.0
1967 1 6483.0
1967 2 6218.0
1967 3 9292.0
1967 4 9729.0
1967 5 12851.0
1967 6 16313.0
1967 7 9559.0
1967 8 10983.0
1967 9 11422.0
1967 10 10865.0
1967 11 9390.0
1967 12 6147.0
1968 1 4906.0
1968 2 9302.0
1968 3 9405.0
1968 4 18651.0
1968 5 16897.0
1968 6 13350.0
1968 7 17034.0
1968 8 14602.0
1968 9 12485.0
1968 10 19481.0
1968 11 16386.0
1968 12 11216.0
1969 1 11277.0
1969 2 13881.0
1969 3 14659.0
1969 4 15809.0
1969 5 15587.0
1969 6 18946.0
1969 7 15604.0
1969 8 16951.0
1969 9 11979.0
1969 10 9772.0
1969 11 9031.0
1969 12 6909.0
1970 1 5525.0
1970 2 8678.0
1970 3 14646.0
1970 4 16934.0
1970 5 11828.0
1970 6 15993.0
1970 7 17943.0
1970 8 14492.0
1970 9 20653.0
1970 10 10735.0
1970 11 20732.0
1970 12 20512.0
1971 1 12011.0
1971 2 13172.0
1971 3 23425.0
1971 4 25340.0
1971 5 29510.0
1971 6 26495.0
1971 7 23137.0
1971 8 19017.0
1971 9 38359.0
1971 10 22001.0
1971 11 27176.0
1971 12 21131.0
1972 1 15101.0
1972 2 19443.0
1972 3 35331.0
1972 4 26622.0
1972 5 30677.0
1972 6 32244.0
1972 7 26615.0
1972 8 31470.0
1972 9 34920.0
1972 10 22827.0
1972 11 24159.0
1972 12 20600.0
1973 1 22596.0
1973 2 20287.0
1973 3 22154.0
1973 4 32705.0
1973 5 29764.0
1973 6 30368.0
1973 7 17836.0
1973 8 18819.0
1973 9 19271.0
1973 10 18612.0
1973 11 15248.0
1973 12 15168.0
1974 1 13691.0
1974 2 15762.0
1974 3 22882.0
1974 4 21575.0
1974 5 26154.0
1974 6 17047.0
1974 7 15251.0
1974 8 18491.0
1974 9 11658.0
1974 10 14393.0
1974 11 6595.0
1974 12 6386.0
1975 1 9067.0
1975 2 9918.0
1975 3 12614.0
1975 4 19824.0
1975 5 20941.0
1975 6 29252.0
1975 7 20780.0
1975 8 24475.0
1975 9 16362.0
1975 10 18466.0
1975 11 17141.0
1975 12 12437.0
1976 1 10837.0
1976 2 16253.0
1976 3 32998.0
1976 4 25830.0
1976 5 24037.0
1976 6 22197.0
1976 7 21540.0
1976 8 28800.0
1976 9 34401.0
1976 10 25095.0
1976 11 25303.0
1976 12 16492.0
1977 1 6596.0
1977 2 19374.0
1977 3 34836.0
1977 4 56484.0
1977 5 32292.0
1977 6 39660.0
1977 7 37239.0
1977 8 44284.0
1977 9 42530.0
1977 10 33585.0
1977 11 25843.0
1977 12 29806.0
1978 1 10753.0
1978 2 13536.0
1978 3 35699.0
1978 4 55168.0
1978 5 44815.0
1978 6 50954.0
1978 7 43604.0
1978 8 45083.0
1978 9 41863.0
1978 10 43152.0
1978 11 33738.0
1978 12 19227.0
1979 1 13879.0
1979 2 13165.0
1979 3 38347.0
1979 4 43702.0
1979 5 52361.0
1979 6 44247.0
1979 7 35639.0
1979 8 44184.0
1979 9 71452.0
1979 10 33973.0
1979 11 28135.0
1979 12 20841.0
1980 1 18993.0
1980 2 13867.0
1980 3 21807.0
1980 4 22943.0
1980 5 25258.0
1980 6 61707.0
1980 7 29519.0
1980 8 39268.0
1980 9 44332.0
1980 10 32988.0
1980 11 26615.0
1980 12 21818.0
1981 1 16852.0
1981 2 13908.0
1981 3 29360.0
1981 4 29261.0
1981 5 30470.0
1981 6 23935.0
1981 7 23008.0
1981 8 28120.0
1981 9 18177.0
1981 10 15118.0
1981 11 12694.0
1981 12 16409.0
1982 1 5897.0
1982 2 10055.0
1982 3 38454.0
1982 4 16209.0
1982 5 13684.0
1982 6 15315.0
1982 7 18079.0
1982 8 23020.0
1982 9 37651.0
1982 10 25602.0
1982 11 21106.0
1982 12 16610.0
1983 1 19036.0
1983 2 18328.0
1983 3 31957.0
1983 4 30002.0
1983 5 31885.0
1983 6 44675.0
1983 7 54900.0
1983 8 47259.0
1983 9 43412.0
1983 10 29803.0
1983 11 28194.0
1983 12 17002.0
1984 1 18893.0
1984 2 36852.0
1984 3 49436.0
1984 4 34523.0
1984 5 54562.0
1984 6 53742.0
1984 7 38448.0
1984 8 41339.0
1984 9 29742.0
1984 10 37075.0
1984 11 32806.0
1984 12 20923.0
1985 1 18479.0
1985 2 22417.0
1985 3 47907.0
1985 4 55278.0
1985 5 41911.0
1985 6 58031.0
1985 7 51210.0
1985 8 45540.0
1985 9 39031.0
1985 10 57620.0
1985 11 33284.0
1985 12 30759.0
1986 1 37330.0
1986 2 23653.0
1986 3 44875.0
1986 4 85394.0
1986 5 51998.0
1986 6 51962.0
1986 7 68514.0
1986 8 56044.0
1986 9 54194.0
1986 10 72843.0
1986 11 47286.0
1986 12 37468.0
1987 1 59122.0
1987 2 42400.0
1987 3 76728.0
1987 4 63716.0
1987 5 75474.0
1987 6 87641.0
1987 7 56568.0
1987 8 61355.0
1987 9 58287.0
1987 10 57566.0
1987 11 45797.0
1987 12 40361.0
1988 1 35746.0
1988 2 54853.0
1988 3 76670.0
1988 4 74315.0
1988 5 74097.0
1988 6 76844.0
1988 7 61937.0
1988 8 79071.0
1988 9 84331.0
1988 10 60893.0
1988 11 60575.0
1988 12 47714.0
1989 1 45254.0
1989 2 42833.0
1989 3 77164.0
1989 4 67350.0
1989 5 72947.0
1989 6 74593.0
1989 7 75609.0
1989 8 99095.0
1989 9 67970.0
1989 10 68914.0
1989 11 56439.0
1989 12 35243.0
1990 1 69022.0
1990 2 55314.0
1990 3 87843.0
1990 4 74625.0
1990 5 80316.0
1990 6 72203.0
1990 7 72938.0
1990 8 67720.0
1990 9 54423.0
1990 10 53612.0
1990 11 41627.0
1990 12 34217.0
1991 1 30191.0
1991 2 39469.0
1991 3 68876.0
1991 4 71587.0
1991 5 75613.0
1991 6 73182.0
1991 7 77601.0
1991 8 67999.0
1991 9 56917.0
1991 10 75531.0
1991 11 52972.0
1991 12 59436.0
1992 1 60690.0
1992 2 79334.0
1992 3 90175.0
1992 4 96750.0
1992 5 78405.0
1992 6 92354.0
1992 7 90388.0
1992 8 83960.0
1992 9 87320.0
1992 10 93484.0
1992 11 71366.0
1992 12 69097.0
1993 1 70126.0
1993 2 74907.0
1993 3 84414.0
1993 4 96609.0
1993 5 89709.0
1993 6 107766.0
1993 7 116131.0
1993 8 113124.0
1993 9 119137.0
1993 10 123411.0
1993 11 88213.0
1993 12 81349.0
1994 1 65564.0
1994 2 84881.0
1994 3 129811.0
1994 4 123085.0
1994 5 145469.0
1994 6 144464.0
1994 7 116608.0
1994 8 137139.0
1994 9 121473.0
1994 10 113162.0
1994 11 95035.0
1994 12 76522.0
1995 1 77998.0
1995 2 69449.0
1995 3 130441.0
1995 4 110683.0
1995 5 109136.0
1995 6 96099.0
1995 7 106501.0
1995 8 120599.0
1995 9 105189.0
1995 10 130312.0
1995 11 107136.0
1995 12 82014.0
1996 1 54690.0
1996 2 99865.0
1996 3 121834.0
1996 4 150800.0
1996 5 135083.0
1996 6 128188.0
1996 7 129788.0
1996 8 133836.0
1996 9 113846.0
1996 10 111990.0
1996 11 110902.0
1996 12 79515.0
1997 1 93202.0
1997 2 103635.0
1997 3 123077.0
1997 4 146745.0
1997 5 148473.0
1997 6 130704.0
1997 7 129340.0
1997 8 125596.0
1997 9 138457.0
1997 10 134494.0
1997 11 94795.0
1997 12 101260.0
1998 1 108111.0
1998 2 108374.0
1998 3 174260.0
1998 4 156380.0
1998 5 168355.0
1998 6 140249.0
1998 7 155107.0
1998 8 161644.0
1998 9 151124.0
1998 10 143913.0
1998 11 125015.0
1998 12 148619.0
1999 1 83556.0
1999 2 120569.0
1999 3 200655.0
1999 4 183580.0
1999 5 158031.0
1999 6 188358.0
1999 7 155452.0
1999 8 160004.0
1999 9 135579.0
1999 10 138238.0
1999 11 134070.0
1999 12 97898.0
2000 1 107409.0
2000 2 133719.0
2000 3 157660.0
2000 4 143978.0
2000 5 149365.0
2000 6 152640.0
2000 7 132860.0
2000 8 141460.0
2000 9 144019.0
2000 10 134196.0
2000 11 141860.0
2000 12 94978.0
2001 1 99521.0
2001 2 128605.0
2001 3 156327.0
2001 4 159893.0
2001 5 155413.0
2001 6 170426.0
2001 7 149816.0
2001 8 166209.0
2001 9 129392.0
2001 10 143829.0
2001 11 127024.0
2001 12 106234.0
2002 1 126388.0
2002 2 146556.0
2002 3 153888.0
2002 4 186485.0
2002 5 178944.0
2002 6 179425.0
2002 7 169899.0
2002 8 172237.0
2002 9 168967.0
2002 10 166581.0
2002 11 144160.0
2002 12 120639.0
2003 1 136696.0
2003 2 147064.0
2003 3 189116.0
2003 4 206460.0
2003 5 203426.0
2003 6 172977.0
2003 7 216665.0
2003 8 208549.0
2003 9 209604.0
2003 10 238949.0
2003 11 140174.0
2003 12 126861.0
2004 1 136216.0
2004 2 190362.0
2004 3 262894.0
2004 4 207820.0
2004 5 251212.0
2004 6 257297.0
2004 7 225635.0
2004 8 246700.0
2004 9 215915.0
2004 10 221968.0
2004 11 181059.0
2004 12 150250.0
2005 1 156015.0
2005 2 202074.0
2005 3 259806.0
2005 4 268536.0
2005 5 261894.0
2005 6 267015.0
2005 7 235964.0
2005 8 212882.0
2005 9 193576.0
2005 10 191572.0
2005 11 159205.0
2005 12 131446.0
2006 1 153979.0
2006 2 151206.0
2006 3 190170.0
2006 4 171215.0
2006 5 254562.0
2006 6 242303.0
2006 7 181148.0
2006 8 198786.0
2006 9 155214.0
2006 10 160387.0
2006 11 147731.0
2006 12 122139.0
2007 1 153966.0
2007 2 149140.0
2007 3 214127.0
2007 4 193996.0
2007 5 176633.0
2007 6 177099.0
2007 7 159198.0
2007 8 128560.0
2007 9 110251.0
2007 10 153718.0
2007 11 103732.0
2007 12 92539.0
2008 1 97390.0
2008 2 105398.0
2008 3 118749.0
2008 4 151734.0
2008 5 121732.0
2008 6 115941.0
2008 7 146853.0
2008 8 100737.0
2008 9 85023.0
2008 10 103334.0
2008 11 59349.0
2008 12 51900.0
2009 1 45095.0
2009 2 51317.0
2009 3 64249.0
2009 4 72714.0
2009 5 72092.0
2009 6 83866.0
2009 7 92537.0
2009 8 107153.0
2009 9 73354.0
2009 10 72358.0
2009 11 63359.0
2009 12 58589.0
2010 1 51723.0
2010 2 61015.0
2010 3 108541.0
2010 4 90355.0
2010 5 77792.0
2010 6 136343.0
2010 7 74116.0
2010 8 89252.0
2010 9 73659.0
2010 10 104972.0
2010 11 70227.0
2010 12 49507.0
2011 1 48003.0
2011 2 60439.0
2011 3 77887.0
2011 4 82414.0
2011 5 70460.0
2011 6 84716.0
2011 7 67506.0
2011 8 79004.0
2011 9 77445.0
2011 10 74226.0
2011 11 66491.0
2011 12 52920.0
2012 1 58474.0
2012 2 69159.0
2012 3 92642.0
2012 4 78245.0
2012 5 100626.0
2012 6 105116.0
2012 7 94398.0
2012 8 103292.0
2012 9 108292.0
2012 10 83503.0
2012 11 76189.0
2012 12 55360.0
2013 1 77376.0
2013 2 81481.0
2013 3 102812.0
2013 4 121381.0
2013 5 138197.0
2013 6 114353.0
2013 7 112156.0
2013 8 113333.0
2013 9 106393.0
2013 10 99234.0
2013 11 86444.0
2013 12 85226.0
2014 1 96590.0
2014 2 80926.0
2014 3 110337.0
2014 4 114763.0
2014 5 106329.0
2014 6 117520.0
2014 7 116219.0
2014 8 102068.0
2014 9 106015.0
2014 10 97983.0
2014 11 72196.0
2014 12 79749.0
2015 1 94628.0
2015 2 79167.0
2015 3 108326.0
2015 4 129660.0
2015 5 137565.0
2015 6 147717.0
2015 7 134253.0
2015 8 126907.0
2015 9 131485.0
2015 10 161215.0
2015 11 155837.0
2015 12 106935.0
2016 1 98610.0
2016 2 110965.0
2016 3 168645.0
2016 4 157302.0
2016 5 175450.0
2016 6 188293.0
2016 7 131515.0
2016 8 176864.0
2016 9 148029.0
2016 10 146408.0
2016 11 143967.0
2016 12 103916.0
2017 1 111199.0
2017 2 131472.0
2017 3 168095.0
2017 4 166283.0
2017 5 233319.0
2017 6 202135.0
2017 7 161921.0
2017 8 184100.0
2017 9 179755.0
2017 10 173278.0
2017 11 162400.0
2017 12 142438.0
2018 1 135843.0
2018 2 126076.0
2018 3 201570.0
2018 4 347251.0
2018 5 197371.0
2018 6 234519.0
2018 7 245285.0
2018 8 251175.0
2018 9 274106.0
2018 10 205643.0
2018 11 131734.0
2018 12 126529.0
2019 1 146012.0
2019 2 125325.0
2019 3 162002.0
2019 4 210995.0
2019 5 222642.0
2019 6 180692.0
2019 7 226171.0
2019 8 227967.0
2019 9 213862.0
2019 10 223228.0
2019 11 160545.0
2019 12 137910.0
2020 1 199502.0
2020 2 168125.0
2020 3 168843.0
2020 4 146991.0
2020 5 186850.0
2020 6 223502.0
2020 7 208538.0
2020 8 268080.0
2020 9 232351.0
2020 10 193497.0
2020 11 208085.0
2020 12 216819.0
2021 1 211598.0
2021 2 249384.0
2021 3 343899.0
2021 4 274302.0
2021 5 258132.0
2021 6 244067.0
2021 7 211091.0
2021 8 251510.0
2021 9 254693.0
2021 10 239845.0
2021 11 293146.0
2021 12 244885.0
2022 1 202198.0
2022 2 208303.0
2022 3 269627.0
2022 4 234490.0
2022 5 270362.0
2022 6 244379.0
2022 7 243038.0
2022 8 267627.0
2022 9 210763.0
2022 10 257616.0
2022 11 213770.0
2022 12 194310.0
2023 1 192148.0
2023 2 234578.0
2023 3 304461.0
2023 4 254499.0
2023 5 218116.0
2023 6 226467.0
2023 7 204160.0
2023 8 307289.0
2023 9 280170.0
2023 10 293912.0
2023 11 207859.0
2023 12 232936.0
2024 1 217247.0
2024 2 229008.0
2024 3 268983.0
2024 4 435548.0
2024 5 287735.0
2024 6 253276.0
2024 7 295119.0
2024 8 328084.0
