1960 5 153.0
1960 6 147.0
1960 7 123.5
1960 8 100.0
1960 9 198.0
1960 10 610.0
1960 11 202.0
1960 12 816.0
1961 1 213.0
1961 2 67.0
1961 3 315.0
1961 4 528.0
1961 5 421.0
1961 6 770.0
1961 7 161.0
1961 8 235.0
1961 9 435.0
1961 10 263.0
1961 11 137.5
1961 12 12.0
1962 1 190.0
1962 2 220.0
1962 3 174.0
1962 4 267.0
1962 5 1658.0
1962 6 324.0
1962 7 343.0
1962 8 555.0
1962 9 1260.0
1962 10 40.0
1962 11 1600.0
1962 12 289.0
1963 1 186.0
1963 2 443.0
1963 3 359.0
1963 4 751.0
1963 5 317.0
1963 6 707.0
1963 7 790.0
1963 8 545.0
1963 9 540.0
1963 10 2411.0
1963 11 730.0
1963 12 1113.0
1964 1 2946.0
1964 2 1300.0
1964 3 1300.0
1964 4 1618.0
1964 5 1542.0
1964 6 1885.0
1964 7 1936.0
1964 8 1586.0
1964 9 2066.0
1964 10 1593.0
1964 11 2435.0
1964 12 1407.0
1965 1 1356.0
1965 2 2405.0
1965 3 2096.0
1965 4 1711.0
1965 5 1499.0
1965 6 4311.0
1965 7 1593.0
1965 8 1472.0
1965 9 2105.0
1965 10 2158.0
1965 11 2215.0
1965 12 566.0
1966 1 1139.0
1966 2 1210.0
1966 3 1399.0
1966 4 2633.0
1966 5 995.0
1966 6 1146.0
1966 7 1317.0
1966 8 2409.0
1966 9 1048.0
1966 10 1372.0
1966 11 205.0
1966 12 565.0
1967 1 872.0
1967 2 573.0
1967 3 949.0
1967 4 1163.0
1967 5 4099.0
1967 6 5529.0
1967 7 1046.0
1967 8 2173.0
1967 9 2634.0
1967 10 1757.0
1967 11 2161.0
1967 12 2264.0
1968 1 839.0
1968 2 1466.0
1968 3 826.0
1968 4 9323.0
1968 5 5332.0
1968 6 1878.0
1968 7 3683.0
1968 8 3360.0
1968 9 3340.0
1968 10 8176.0
1968 11 7825.0
1968 12 5271.0
1969 1 4228.0
1969 2 3716.0
1969 3 4042.0
1969 4 5038.0
1969 5 3310.0
1969 6 8121.0
1969 7 6495.0
1969 8 8662.0
1969 9 2831.0
1969 10 3026.0
1969 11 3568.0
1969 12 1564.0
1970 1 2320.0
1970 2 3824.0
1970 3 7034.0
1970 4 5657.0
1970 5 2768.0
1970 6 4052.0
1970 7 6365.0
1970 8 4147.0
1970 9 9606.0
1970 10 1794.0
1970 11 11455.0
1970 12 5852.0
1971 1 1710.0
1971 2 4318.0
1971 3 8416.0
1971 4 4137.0
1971 5 12306.0
1971 6 6281.0
1971 7 7144.0
1971 8 3214.0
1971 9 20265.0
1971 10 4368.0
1971 11 9449.0
1971 12 10332.0
1972 1 2117.0
1972 2 6413.0
1972 3 14741.0
1972 4 8534.0
1972 5 8301.0
1972 6 6794.0
1972 7 7916.0
1972 8 8458.0
1972 9 16502.0
1972 10 4952.0
1972 11 10953.0
1972 12 11028.0
1973 1 6196.0
1973 2 2274.0
1973 3 1785.0
1973 4 14530.0
1973 5 7104.0
1973 6 10389.0
1973 7 1062.0
1973 8 1860.0
1973 9 4452.0
1973 10 5164.0
1973 11 3230.0
1973 12 8225.0
1974 1 5353.0
1974 2 2655.0
1974 3 1094.0
1974 4 797.0
1974 5 7995.0
1974 6 1740.0
1974 7 987.0
1974 8 3727.0
1974 9 1700.0
1974 10 279.0
1974 11 160.0
1974 12 459.0
1975 1 359.5
1975 2 260.0
1975 3 257.0
1975 4 3106.0
1975 5 1351.0
1975 6 8475.0
1975 7 485.0
1975 8 6605.0
1975 9 893.0
1975 10 2025.0
1975 11 1845.0
1975 12 543.0
1976 1 225.0
1976 2 1883.5
1976 3 3542.0
1976 4 2605.0
1976 5 961.0
1976 6 350.0
1976 7 1421.0
1976 8 5757.0
1976 9 13393.0
1976 10 5786.0
1976 11 2688.0
1976 12 2675.0
1977 1 185.0
1977 2 4960.0
1977 3 3667.0
1977 4 25848.0
1977 5 3135.0
1977 6 7419.0
1977 7 9589.0
1977 8 12147.0
1977 9 9912.0
1977 10 6581.0
1977 11 2857.0
1977 12 12781.0
1978 1 3413.0
1978 2 5577.0
1978 3 5907.0
1978 4 6552.0
1978 5 7809.0
1978 6 5613.0
1978 7 7626.0
1978 8 6340.0
1978 9 10198.0
1978 10 6742.0
1978 11 7843.0
1978 12 2368.0
1979 1 780.0
1979 2 2955.0
1979 3 4000.0
1979 4 2719.0
1979 5 6161.0
1979 6 5554.0
1979 7 3489.0
1979 8 3696.0
1979 9 38046.0
1979 10 2978.0
1979 11 8365.0
1979 12 5694.0
1980 1 3887.0
1980 2 3079.0
1980 3 6710.0
1980 4 3142.0
1980 5 5691.0
1980 6 34033.0
1980 7 2077.0
1980 8 6458.0
1980 9 8700.0
1980 10 2919.0
1980 11 4845.0
1980 12 5985.0
1981 1 5873.0
1981 2 2335.0
1981 3 2872.0
1981 4 4120.0
1981 5 13669.0
1981 6 2215.0
1981 7 6025.0
1981 8 11677.0
1981 9 5802.0
1981 10 2838.0
1981 11 4175.0
1981 12 7792.0
1982 1 316.0
1982 2 579.0
1982 3 22902.0
1982 4 1911.0
1982 5 1921.0
1982 6 513.0
1982 7 5806.0
1982 8 2928.0
1982 9 18264.0
1982 10 6007.0
1982 11 5372.5
1982 12 4738.0
1983 1 6476.0
1983 2 2468.0
1983 3 7078.0
1983 4 2475.0
1983 5 2774.0
1983 6 8564.0
1983 7 23250.0
1983 8 15985.0
1983 9 13888.0
1983 10 5562.0
1983 11 4179.0
1983 12 2149.0
1984 1 4650.0
1984 2 12807.0
1984 3 12601.0
1984 4 4422.0
1984 5 12819.0
1984 6 15761.0
1984 7 10119.0
1984 8 15515.0
1984 9 4779.0
1984 10 8786.0
1984 11 10372.0
1984 12 4466.0
1985 1 4770.0
1985 2 3151.0
1985 3 15175.0
1985 4 12525.0
1985 5 2806.0
1985 6 18389.0
1985 7 9338.0
1985 8 7188.0
1985 9 5706.0
1985 10 22906.0
1985 11 9019.0
1985 12 7843.0
1986 1 9428.0
1986 2 826.0
1986 3 4533.0
1986 4 33393.0
1986 5 4269.0
1986 6 1320.0
1986 7 16138.0
1986 8 6388.0
1986 9 9687.0
1986 10 5165.0
1986 11 14870.0
1986 12 11430.0
1987 1 26197.0
1987 2 7253.0
1987 3 14167.0
1987 4 3100.0
1987 5 3850.0
1987 6 12752.0
1987 7 2147.0
1987 8 1449.0
1987 9 2544.0
1987 10 1087.0
1987 11 3298.0
1987 12 2366.0
1988 1 948.0
1988 2 11942.0
1988 3 5659.0
1988 4 2223.0
1988 5 4356.0
1988 6 6513.0
1988 7 6473.0
1988 8 9808.0
1988 9 24112.0
1988 10 9206.0
1988 11 8695.0
1988 12 4272.0
1989 1 1670.0
1989 2 1641.0
1989 3 10919.0
1989 4 2933.0
1989 5 8806.0
1989 6 7845.0
1989 7 16939.0
1989 8 19789.0
1989 9 9253.0
1989 10 2708.0
1989 11 3601.0
1989 12 2233.0
1990 1 13656.0
1990 2 7800.0
1990 3 4036.0
1990 4 6500.0
1990 5 4299.0
1990 6 4561.0
1990 7 8675.0
1990 8 3456.0
1990 9 2889.0
1990 10 4314.0
1990 11 2042.0
1990 12 1479.0
1991 1 1172.0
1991 2 1992.0
1991 3 3222.0
1991 4 308.0
1991 5 2759.0
1991 6 5412.0
1991 7 5232.0
1991 8 1820.0
1991 9 1868.0
1991 10 3635.0
1991 11 1498.0
1991 12 13163.0
1992 1 4736.0
1992 2 2735.0
1992 3 5942.0
1992 4 4316.0
1992 5 3278.0
1992 6 4201.0
1992 7 5181.0
1992 8 3367.0
1992 9 4331.0
1992 10 8298.0
1992 11 3820.0
1992 12 4210.0
1993 1 3469.0
1993 2 3027.0
1993 3 4779.0
1993 4 4044.0
1993 5 3399.0
1993 6 2985.0
1993 7 13074.0
1993 8 4167.0
1993 9 12845.0
1993 10 7438.0
1993 11 3705.0
1993 12 6288.0
1994 1 3325.0
1994 2 3480.0
1994 3 8349.0
1994 4 9258.0
1994 5 14986.0
1994 6 13677.0
1994 7 10869.0
1994 8 10913.0
1994 9 11129.0
1994 10 10882.0
1994 11 2935.0
1994 12 4923.0
1995 1 5785.0
1995 2 5349.0
1995 3 18860.0
1995 4 19359.0
1995 5 6201.0
1995 6 6538.0
1995 7 3771.0
1995 8 4163.0
1995 9 6317.0
1995 10 13588.0
1995 11 18271.0
1995 12 6788.0
1996 1 10787.0
1996 2 4251.0
1996 3 5179.0
1996 4 18606.0
1996 5 8847.0
1996 6 10484.0
1996 7 6430.0
1996 8 19239.0
1996 9 10801.0
1996 10 5263.0
1996 11 20429.0
1996 12 3247.0
1997 1 8573.0
1997 2 5357.0
1997 3 6751.0
1997 4 9289.0
1997 5 10598.0
1997 6 8062.0
1997 7 7793.0
1997 8 12482.0
1997 9 8494.0
1997 10 5754.0
1997 11 8281.0
1997 12 11830.0
1998 1 6228.0
1998 2 21100.0
1998 3 13351.0
1998 4 12215.0
1998 5 12423.0
1998 6 20836.0
1998 7 7275.0
1998 8 30504.0
1998 9 14651.0
1998 10 11724.0
1998 11 10346.0
1998 12 13171.0
1999 1 5538.0
1999 2 6134.0
1999 3 5622.0
1999 4 10310.0
1999 5 4476.0
1999 6 13115.0
1999 7 13844.0
1999 8 25876.0
1999 9 18667.0
1999 10 26405.0
1999 11 12927.0
1999 12 5708.0
2000 1 5427.0
2000 2 10458.0
2000 3 4126.0
2000 4 8878.0
2000 5 3963.0
2000 6 9611.0
2000 7 10786.0
2000 8 7480.0
2000 9 11950.0
2000 10 10924.0
2000 11 15197.0
2000 12 8355.0
2001 1 2300.0
2001 2 1326.0
2001 3 6652.0
2001 4 1682.0
2001 5 2642.0
2001 6 5811.0
2001 7 4070.0
2001 8 19341.0
2001 9 6650.0
2001 10 7265.0
2001 11 2538.0
2001 12 8206.0
2002 1 4154.0
2002 2 9472.0
2002 3 2771.0
2002 4 7627.0
2002 5 7022.0
2002 6 14265.0
2002 7 7398.0
2002 8 14977.0
2002 9 19238.0
2002 10 7047.0
2002 11 3483.0
2002 12 7692.0
2003 1 6449.0
2003 2 18622.0
2003 3 4903.0
2003 4 5646.0
2003 5 5566.0
2003 6 5346.0
2003 7 9965.0
2003 8 3558.0
2003 9 13887.0
2003 10 22328.0
2003 11 3171.0
2003 12 3366.0
2004 1 1822.0
2004 2 1891.0
2004 3 7603.0
2004 4 7593.0
2004 5 22365.0
2004 6 19890.0
2004 7 19093.0
2004 8 30666.0
2004 9 16584.0
2004 10 12467.0
2004 11 22649.0
2004 12 15180.0
2005 1 5016.0
2005 2 6986.0
2005 3 7516.0
2005 4 18974.0
2005 5 18050.0
2005 6 12929.0
2005 7 8643.0
2005 8 4240.0
2005 9 8570.0
2005 10 3925.0
2005 11 7235.0
2005 12 4933.0
2006 1 6581.0
2006 2 2427.0
2006 3 6302.0
2006 4 4796.0
2006 5 11933.0
2006 6 16595.0
2006 7 10710.0
2006 8 9989.0
2006 9 9783.0
2006 10 10274.0
2006 11 9416.0
2006 12 4710.0
2007 1 2077.0
2007 2 10048.0
2007 3 18324.0
2007 4 11254.0
2007 5 7787.0
2007 6 12000.0
2007 7 31246.0
2007 8 5369.0
2007 9 4790.0
2007 10 13764.0
2007 11 1881.0
2007 12 6994.0
2008 1 4658.0
2008 2 15586.0
2008 3 5527.0
2008 4 24170.0
2008 5 8402.0
2008 6 12701.0
2008 7 58325.0
2008 8 17632.0
2008 9 7181.0
2008 10 12023.0
2008 11 12429.0
2008 12 6547.0
2009 1 13510.0
2009 2 295.0
2009 3 2328.0
2009 4 495.0
2009 5 726.0
2009 6 6494.0
2009 7 1208.0
2009 8 12305.0
2009 9 1764.0
2009 10 3367.0
2009 11 1501.0
2009 12 4065.0
2010 1 2363.0
2010 2 2218.0
2010 3 3127.0
2010 4 2584.0
2010 5 935.0
2010 6 36116.0
2010 7 4359.0
2010 8 6159.0
2010 9 4444.0
2010 10 43166.0
2010 11 4564.0
2010 12 7521.0
2011 1 4856.0
2011 2 7030.0
2011 3 1724.0
2011 4 5834.0
2011 5 5875.0
2011 6 9211.0
2011 7 6283.0
2011 8 5023.0
2011 9 6931.0
2011 10 7889.0
2011 11 13537.0
2011 12 6074.0
2012 1 4924.0
2012 2 5368.0
2012 3 14182.0
2012 4 2882.0
2012 5 1206.0
2012 6 17790.0
2012 7 3307.0
2012 8 20032.0
2012 9 27220.0
2012 10 11343.0
2012 11 8558.0
2012 12 2170.0
2013 1 2715.0
2013 2 7202.0
2013 3 13306.0
2013 4 11597.0
2013 5 15137.0
2013 6 12400.0
2013 7 13129.0
2013 8 7921.0
2013 9 21484.0
2013 10 11105.0
2013 11 14482.0
2013 12 16292.0
2014 1 36820.0
2014 2 15615.0
2014 3 15829.0
2014 4 8295.0
2014 5 6495.0
2014 6 5212.0
2014 7 8341.0
2014 8 6201.0
2014 9 9569.0
2014 10 2252.0
2014 11 8429.0
2014 12 8586.0
2015 1 7207.0
2015 2 9368.0
2015 3 6503.0
2015 4 4214.0
2015 5 14873.0
2015 6 18624.0
2015 7 21277.0
2015 8 11527.0
2015 9 13616.0
2015 10 25261.0
2015 11 36007.0
2015 12 13857.0
2016 1 16494.0
2016 2 11561.0
2016 3 19157.0
2016 4 11197.0
2016 5 23824.0
2016 6 38272.0
2016 7 31139.0
2016 8 22906.0
2016 9 16644.0
2016 10 31102.0
2016 11 17728.0
2016 12 10694.0
2017 1 12581.0
2017 2 16009.0
2017 3 10144.0
2017 4 11525.0
2017 5 27313.0
2017 6 19066.0
2017 7 13649.0
2017 8 22836.0
2017 9 6743.0
2017 10 8417.0
2017 11 28162.0
2017 12 26995.0
2018 1 17785.0
2018 2 10112.0
2018 3 27747.0
2018 4 132759.0
2018 5 18786.0
2018 6 44092.0
2018 7 27765.0
2018 8 66723.0
2018 9 108982.0
2018 10 55640.0
2018 11 14978.0
2018 12 19340.0
2019 1 27369.0
2019 2 13359.0
2019 3 4858.0
2019 4 17325.0
2019 5 25416.0
2019 6 23233.0
2019 7 39531.0
2019 8 48634.0
2019 9 42687.0
2019 10 46790.0
2019 11 29675.0
2019 12 28490.0
2020 1 44771.0
2020 2 25703.0
2020 3 8970.0
2020 4 8099.0
2020 5 35253.0
2020 6 27379.0
2020 7 9650.0
2020 8 32886.0
2020 9 32550.0
2020 10 8693.0
2020 11 33974.0
2020 12 11320.0
2021 1 28361.0
2021 2 80935.0
2021 3 50460.0
2021 4 11018.0
2021 5 27213.0
2021 6 11241.0
2021 7 14472.0
2021 8 17439.0
2021 9 36191.0
2021 10 36349.0
2021 11 55760.0
2021 12 49331.0
2022 1 14668.0
2022 2 12109.0
2022 3 20375.0
2022 4 18617.0
2022 5 20804.0
2022 6 27324.0
2022 7 66179.0
2022 8 60476.0
2022 9 47271.0
2022 10 90688.0
2022 11 31410.0
2022 12 72911.0
2023 1 60206.0
2023 2 87996.0
2023 3 94875.0
2023 4 68220.0
2023 5 27861.0
2023 6 19349.0
2023 7 16463.0
2023 8 55294.0
2023 9 100720.0
2023 10 107126.0
2023 11 43942.0
2023 12 79886.0
2024 1 57834.0
2024 2 40679.0
2024 3 65564.0
2024 4 228656.0
2024 5 43682.0
2024 6 43873.0
2024 7 47177.0
2024 8 116534.0
