1960 5 642.0
1960 6 881.0
1960 7 523.0
1960 8 707.0
1960 9 500.0
1960 10 1116.0
1960 11 765.0
1960 12 886.0
1961 1 721.0
1961 2 1594.0
1961 3 625.0
1961 4 1180.0
1961 5 1153.0
1961 6 647.0
1961 7 1038.0
1961 8 1414.0
1961 9 886.0
1961 10 666.0
1961 11 265.0
1961 12 1187.0
1962 1 2351.0
1962 2 1146.0
1962 3 6305.0
1962 4 276.0
1962 5 4674.0
1962 6 3483.0
1962 7 1118.0
1962 8 1048.0
1962 9 2158.0
1962 10 1330.0
1962 11 1998.0
1962 12 1584.0
1963 1 3666.0
1963 2 867.0
1963 3 1597.0
1963 4 1489.0
1963 5 2801.0
1963 6 3722.0
1963 7 2110.0
1963 8 3701.0
1963 9 5190.0
1963 10 7839.0
1963 11 4488.0
1963 12 1196.0
1964 1 1753.0
1964 2 1227.0
1964 3 3676.0
1964 4 3505.0
1964 5 4722.0
1964 6 4153.0
1964 7 7557.0
1964 8 4500.0
1964 9 4151.0
1964 10 6307.0
1964 11 2441.0
1964 12 4327.0
1965 1 10104.0
1965 2 2175.0
1965 3 3626.0
1965 4 3544.0
1965 5 2477.0
1965 6 7900.0
1965 7 1806.0
1965 8 4749.0
1965 9 4424.0
1965 10 3265.0
1965 11 1330.0
1965 12 2842.0
1966 1 3315.0
1966 2 2625.0
1966 3 6561.0
1966 4 3300.0
1966 5 15168.0
1966 6 3884.0
1966 7 3802.0
1966 8 3297.0
1966 9 1757.0
1966 10 1177.0
1966 11 1187.0
1966 12 854.0
1967 1 2039.0
1967 2 1587.0
1967 3 4137.0
1967 4 3764.0
1967 5 2446.0
1967 6 2975.0
1967 7 1590.0
1967 8 5922.0
1967 9 4446.0
1967 10 902.0
1967 11 2765.0
1967 12 5666.0
1968 1 5978.0
1968 2 3061.0
1968 3 3824.0
1968 4 3836.0
1968 5 3161.0
1968 6 2060.0
1968 7 7493.0
1968 8 2903.0
1968 9 3507.0
1968 10 3248.0
1968 11 7509.0
1968 12 6968.0
1969 1 2504.0
1969 2 8243.0
1969 3 4694.0
1969 4 9634.0
1969 5 6850.0
1969 6 5482.0
1969 7 4526.0
1969 8 5937.0
1969 9 8005.0
1969 10 10244.0
1969 11 8445.0
1969 12 4090.0
1970 1 6992.0
1970 2 2920.0
1970 3 5133.0
1970 4 7098.0
1970 5 4162.0
1970 6 4683.0
1970 7 4983.0
1970 8 4877.0
1970 9 5908.0
1970 10 12229.0
1970 11 5486.0
1970 12 8643.0
1971 1 7724.0
1971 2 18662.0
1971 3 12439.0
1971 4 18775.0
1971 5 21011.0
1971 6 22311.0
1971 7 16479.0
1971 8 8516.0
1971 9 11702.0
1971 10 8022.0
1971 11 21717.0
1971 12 12584.0
1972 1 9873.0
1972 2 16708.0
1972 3 18874.0
1972 4 25063.0
1972 5 23370.0
1972 6 13824.0
1972 7 20867.0
1972 8 15190.0
1972 9 9330.0
1972 10 16999.0
1972 11 11457.0
1972 12 6836.0
1973 1 16906.0
1973 2 14439.0
1973 3 7132.0
1973 4 12880.0
1973 5 20971.0
1973 6 10066.0
1973 7 20068.0
1973 8 21294.0
1973 9 10569.0
1973 10 7785.0
1973 11 10927.0
1973 12 6298.0
1974 1 4176.0
1974 2 9936.0
1974 3 6348.0
1974 4 11740.0
1974 5 4397.0
1974 6 735.0
1974 7 12036.0
1974 8 3841.0
1974 9 2633.0
1974 10 1972.0
1974 11 511.0
1974 12 675.0
1975 1 251.0
1975 2 1051.0
1975 3 572.0
1975 4 1087.0
1975 5 911.0
1975 6 957.0
1975 7 1616.0
1975 8 2339.0
1975 9 13599.0
1975 10 903.0
1975 11 5003.0
1975 12 927.0
1976 1 1855.0
1976 2 2094.0
1976 3 3114.0
1976 4 2874.0
1976 5 2853.0
1976 6 8379.0
1976 7 2750.0
1976 8 5484.0
1976 9 8269.0
1976 10 3182.0
1976 11 2296.0
1976 12 11128.0
1977 1 6179.0
1977 2 6252.0
1977 3 8201.0
1977 4 7880.0
1977 5 6753.0
1977 6 8492.0
1977 7 12180.0
1977 8 6354.0
1977 9 14676.0
1977 10 17057.0
1977 11 11424.0
1977 12 15365.0
1978 1 4679.0
1978 2 7610.0
1978 3 21572.0
1978 4 16113.0
1978 5 13234.0
1978 6 12109.0
1978 7 11611.0
1978 8 8355.0
1978 9 4388.0
1978 10 13243.0
1978 11 9201.0
1978 12 13501.0
1979 1 14406.0
1979 2 6213.0
1979 3 13371.0
1979 4 9691.0
1979 5 13474.0
1979 6 11545.0
1979 7 5966.0
1979 8 6071.0
1979 9 19151.0
1979 10 15142.0
1979 11 7160.0
1979 12 4475.0
1980 1 22213.0
1980 2 13025.0
1980 3 7504.0
1980 4 5595.0
1980 5 9262.0
1980 6 6300.0
1980 7 12298.0
1980 8 25754.0
1980 9 33119.0
1980 10 25417.0
1980 11 10854.0
1980 12 14836.0
1981 1 11984.0
1981 2 26188.0
1981 3 12611.0
1981 4 23419.0
1981 5 19079.0
1981 6 9996.0
1981 7 9806.0
1981 8 14942.0
1981 9 21529.0
1981 10 11170.0
1981 11 8016.0
1981 12 14623.0
1982 1 15408.0
1982 2 5181.0
1982 3 18992.0
1982 4 15939.0
1982 5 18737.0
1982 6 9397.0
1982 7 33758.0
1982 8 13919.0
1982 9 31557.0
1982 10 11766.0
1982 11 16491.5
1982 12 21217.0
1983 1 25343.0
1983 2 16146.0
1983 3 35431.0
1983 4 24818.0
1983 5 37186.0
1983 6 36860.0
1983 7 20886.0
1983 8 36544.0
1983 9 49694.0
1983 10 47626.0
1983 11 23181.0
1983 12 21115.0
1984 1 26716.0
1984 2 55683.0
1984 3 26371.0
1984 4 25585.0
1984 5 39491.0
1984 6 43568.0
1984 7 21564.0
1984 8 27936.0
1984 9 18516.0
1984 10 13206.0
1984 11 18725.0
1984 12 9415.0
1985 1 39448.0
1985 2 6383.0
1985 3 12789.0
1985 4 16289.0
1985 5 13327.0
1985 6 29494.0
1985 7 10495.0
1985 8 19757.0
1985 9 10665.0
1985 10 4715.0
1985 11 8531.0
1985 12 12444.0
1986 1 2328.0
1986 2 2769.0
1986 3 10494.0
1986 4 7569.0
1986 5 2772.0
1986 6 2870.0
1986 7 6608.0
1986 8 3739.0
1986 9 18237.0
1986 10 2394.0
1986 11 912.0
1986 12 1954.0
1987 1 5891.0
1987 2 873.0
1987 3 3519.0
1987 4 1897.0
1987 5 295.0
1987 6 1714.0
1987 7 1309.0
1987 8 870.0
1987 9 536.0
1987 10 1644.0
1987 11 642.0
1987 12 901.0
1988 1 929.0
1988 2 504.0
1988 3 3080.0
1988 4 2093.0
1988 5 820.0
1988 6 7853.0
1988 7 2229.0
1988 8 1740.0
1988 9 12382.0
1988 10 1663.0
1988 11 875.0
1988 12 950.0
1989 1 427.0
1989 2 3370.0
1989 3 3258.0
1989 4 177.0
1989 5 317.0
1989 6 6281.0
1989 7 1010.0
1989 8 151.0
1989 9 326.0
1989 10 7652.0
1989 11 214.0
1989 12 4452.0
1990 1 680.0
1990 2 411.0
1990 3 1444.0
1990 4 2308.5
1990 5 3173.0
1990 6 1757.0
1990 7 25.0
1990 8 235.0
1990 9 220.0
1990 10 401.0
1990 11 1524.0
1990 12 10756.0
1991 1 133.0
1991 2 89.0
1991 3 813.0
1991 4 28.0
1991 5 25.0
1991 6 111.0
1991 7 299.0
1991 8 65.0
1991 9 5421.0
1991 10 1604.0
1991 11 243.0
1991 12 265.0
1992 1 2292.0
1992 2 261.0
1992 3 1016.0
1992 4 3529.0
1992 5 4992.0
1992 6 6455.0
1992 7 2353.0
1992 8 126.0
1992 9 4937.0
1992 10 959.0
1992 11 361.0
1992 12 1660.0
1993 1 2079.0
1993 2 7864.0
1993 3 396.0
1993 4 517.0
1993 5 373.0
1993 6 950.0
1993 7 984.0
1993 8 16804.0
1993 9 5538.0
1993 10 580.0
1993 11 620.0
1993 12 2919.0
1994 1 836.0
1994 2 614.0
1994 3 15371.0
1994 4 13689.0
1994 5 1932.0
1994 6 883.0
1994 7 44668.0
1994 8 11021.0
1994 9 9715.0
1994 10 9027.0
1994 11 772.0
1994 12 7400.0
1995 1 1328.0
1995 2 4653.0
1995 3 25120.0
1995 4 1764.0
1995 5 3883.0
1995 6 21224.0
1995 7 889.0
1995 8 4499.0
1995 9 20340.0
1995 10 14081.0
1995 11 4386.0
1995 12 5396.0
1996 1 16367.0
1996 2 6374.0
1996 3 2084.0
1996 4 33687.0
1996 5 4114.0
1996 6 8373.0
1996 7 4810.0
1996 8 3287.0
1996 9 2608.0
1996 10 2165.0
1996 11 19207.0
1996 12 4818.0
1997 1 3181.0
1997 2 20748.0
1997 3 9447.0
1997 4 26803.0
1997 5 2734.0
1997 6 12746.0
1997 7 4168.0
1997 8 3436.0
1997 9 1401.0
1997 10 1847.0
1997 11 9685.0
1997 12 3641.0
1998 1 5119.0
1998 2 4689.0
1998 3 8525.0
1998 4 18417.0
1998 5 5351.0
1998 6 4961.0
1998 7 3712.0
1998 8 9151.0
1998 9 17070.0
1998 10 10512.0
1998 11 1460.0
1998 12 669.0
1999 1 10137.0
1999 2 14544.0
1999 3 15986.0
1999 4 12565.0
1999 5 4518.0
1999 6 24542.0
1999 7 40702.0
1999 8 4822.0
1999 9 6199.0
1999 10 13346.0
1999 11 3568.0
1999 12 14976.0
2000 1 6257.0
2000 2 4302.0
2000 3 11682.0
2000 4 4188.0
2000 5 1661.0
2000 6 2255.0
2000 7 3807.0
2000 8 5035.0
2000 9 8767.0
2000 10 5841.0
2000 11 4188.0
2000 12 7556.0
2001 1 21600.0
2001 2 1409.0
2001 3 6860.0
2001 4 2143.0
2001 5 10885.0
2001 6 18545.0
2001 7 8886.0
2001 8 3567.0
2001 9 19522.0
2001 10 17728.0
2001 11 3927.0
2001 12 3867.0
2002 1 2851.0
2002 2 3756.0
2002 3 19965.0
2002 4 3804.0
2002 5 7893.0
2002 6 2520.0
2002 7 38971.0
2002 8 24016.0
2002 9 5843.0
2002 10 3982.0
2002 11 12065.0
2002 12 26224.0
2003 1 4503.0
2003 2 2730.0
2003 3 3245.0
2003 4 5925.0
2003 5 29106.0
2003 6 41120.0
2003 7 26729.0
2003 8 8411.0
2003 9 33928.0
2003 10 24220.0
2003 11 14171.0
2003 12 17293.0
2004 1 9617.0
2004 2 18881.0
2004 3 13845.0
2004 4 16042.0
2004 5 23735.0
2004 6 21746.0
2004 7 3149.0
2004 8 7368.0
2004 9 4941.0
2004 10 17748.0
2004 11 16937.0
2004 12 13598.0
2005 1 4836.0
2005 2 18032.0
2005 3 35428.0
2005 4 4698.0
2005 5 14652.0
2005 6 10286.0
2005 7 10563.0
2005 8 9202.0
2005 9 4568.0
2005 10 5269.0
2005 11 8700.0
2005 12 4340.0
2006 1 5396.0
2006 2 7820.0
2006 3 6700.0
2006 4 12439.0
2006 5 17630.0
2006 6 16254.0
2006 7 13132.0
2006 8 13212.0
2006 9 11608.0
2006 10 26529.0
2006 11 11223.0
2006 12 122817.0
2007 1 56171.0
2007 2 7275.0
2007 3 24747.0
2007 4 15482.0
2007 5 49298.0
2007 6 99948.0
2007 7 52903.0
2007 8 31195.0
2007 9 119519.0
2007 10 4857.0
2007 11 23037.0
2007 12 17336.0
2008 1 46899.0
2008 2 22890.0
2008 3 29548.0
2008 4 51849.0
2008 5 30549.0
2008 6 17136.0
2008 7 23438.0
2008 8 34111.0
2008 9 128456.0
2008 10 16301.0
2008 11 3222.0
2008 12 4838.0
2009 1 6362.0
2009 2 21391.0
2009 3 4946.0
2009 4 1870.0
2009 5 16008.0
2009 6 16128.0
2009 7 9524.0
2009 8 3548.0
2009 9 9182.0
2009 10 3516.0
2009 11 2837.0
2009 12 3646.0
2010 1 1759.0
2010 2 3623.0
2010 3 5507.0
2010 4 8487.0
2010 5 3706.0
2010 6 4026.0
2010 7 4063.0
2010 8 5795.0
2010 9 9332.0
2010 10 6062.0
2010 11 6406.0
2010 12 15574.0
2011 1 3144.0
2011 2 22027.0
2011 3 7873.0
2011 4 29097.0
2011 5 47606.0
2011 6 15601.0
2011 7 7168.0
2011 8 15356.0
2011 9 5539.0
2011 10 12087.0
2011 11 6143.0
2011 12 9207.0
2012 1 7302.0
2012 2 4826.0
2012 3 7033.0
2012 4 15308.0
2012 5 10296.0
2012 6 8670.0
2012 7 7433.0
2012 8 11288.0
2012 9 12548.0
2012 10 11312.0
2012 11 25735.0
2012 12 12222.0
2013 1 11390.0
2013 2 15845.0
2013 3 12461.0
2013 4 8575.0
2013 5 9169.0
2013 6 6075.0
2013 7 5281.0
2013 8 26423.0
2013 9 9189.0
2013 10 8390.0
2013 11 6235.0
2013 12 12477.0
2014 1 11140.0
2014 2 19890.0
2014 3 6970.0
2014 4 6823.0
2014 5 14287.0
2014 6 12001.0
2014 7 6805.0
2014 8 39213.0
2014 9 50838.0
2014 10 30599.0
2014 11 8318.0
2014 12 8438.0
2015 1 5778.0
2015 2 65336.0
2015 3 6024.0
2015 4 13319.0
2015 5 12380.0
2015 6 11975.0
2015 7 22339.0
2015 8 2083.0
2015 9 11688.0
2015 10 12551.0
2015 11 8276.0
2015 12 49900.0
2016 1 7498.0
2016 2 7519.0
2016 3 23414.0
2016 4 7998.0
2016 5 5953.0
2016 6 27350.0
2016 7 5841.0
2016 8 59089.0
2016 9 60572.0
2016 10 17434.0
2016 11 7787.0
2016 12 5393.0
2017 1 4629.0
2017 2 6887.0
2017 3 12196.0
2017 4 6659.0
2017 5 9323.0
2017 6 10527.0
2017 7 9505.0
2017 8 9171.0
2017 9 8446.0
2017 10 9376.0
2017 11 165937.0
2017 12 9389.0
2018 1 11162.0
2018 2 6434.0
2018 3 14533.0
2018 4 6000.0
2018 5 4997.0
2018 6 6959.0
2018 7 3896.0
2018 8 63180.0
2018 9 7047.0
2018 10 4110.0
2018 11 5288.0
2018 12 4532.0
2019 1 7274.0
2019 2 9719.0
2019 3 3656.0
2019 4 11944.0
2019 5 6254.0
2019 6 14402.0
2019 7 14454.0
2019 8 18485.0
2019 9 38247.0
2019 10 30935.0
2019 11 15474.0
2019 12 13626.0
2020 1 17556.0
2020 2 14222.0
2020 3 14190.0
2020 4 12501.0
2020 5 13856.0
2020 6 61458.0
2020 7 16317.0
2020 8 14227.0
2020 9 4347.0
2020 10 13987.0
2020 11 11276.0
2020 12 13986.0
2021 1 13062.0
2021 2 12600.0
2021 3 17668.0
2021 4 50755.0
2021 5 21514.0
2021 6 14508.0
2021 7 13348.0
2021 8 16335.0
2021 9 11873.0
2021 10 11814.0
2021 11 11743.0
2021 12 15387.0
2022 1 25591.0
2022 2 18674.0
2022 3 25406.0
2022 4 25986.0
2022 5 24015.0
2022 6 59574.0
2022 7 54112.0
2022 8 30065.0
2022 9 24110.0
2022 10 25843.0
2022 11 21590.0
2022 12 22034.0
2023 1 69290.0
2023 2 28170.0
2023 3 24415.0
2023 4 58419.0
2023 5 19572.0
2023 6 16507.0
2023 7 38201.0
2023 8 22935.0
2023 9 121930.0
2023 10 15664.0
2023 11 9905.0
2023 12 60502.0
2024 1 74766.0
2024 2 35095.0
2024 3 10961.0
2024 4 20786.0
2024 5 11709.0
2024 6 41477.0
2024 7 59180.0
2024 8 24643.0
