1960 5 335.0
1960 6 522.0
1960 7 399.0
1960 8 429.0
1960 9 446.0
1960 10 395.0
1960 11 575.0
1960 12 292.0
1961 1 513.0
1961 2 318.0
1961 3 466.0
1961 4 540.0
1961 5 379.0
1961 6 344.0
1961 7 225.0
1961 8 758.0
1961 9 402.0
1961 10 474.0
1961 11 240.0
1961 12 304.0
1962 1 425.0
1962 2 814.0
1962 3 792.0
1962 4 276.0
1962 5 406.0
1962 6 761.0
1962 7 415.0
1962 8 401.0
1962 9 638.0
1962 10 528.0
1962 11 528.0
1962 12 573.0
1963 1 805.0
1963 2 659.0
1963 3 1597.0
1963 4 264.0
1963 5 652.0
1963 6 1798.0
1963 7 1127.0
1963 8 906.0
1963 9 608.0
1963 10 2260.0
1963 11 2838.0
1963 12 601.0
1964 1 993.0
1964 2 647.0
1964 3 908.0
1964 4 1990.0
1964 5 1013.0
1964 6 1876.0
1964 7 3856.0
1964 8 1613.0
1964 9 1214.0
1964 10 4069.0
1964 11 782.0
1964 12 821.0
1965 1 4731.0
1965 2 1467.0
1965 3 1500.0
1965 4 2474.0
1965 5 1184.0
1965 6 4817.0
1965 7 808.0
1965 8 2284.0
1965 9 2067.0
1965 10 754.0
1965 11 740.0
1965 12 617.0
1966 1 1631.0
1966 2 1211.0
1966 3 1310.0
1966 4 1359.0
1966 5 4607.0
1966 6 2100.0
1966 7 3042.0
1966 8 1652.0
1966 9 667.0
1966 10 732.0
1966 11 769.0
1966 12 656.0
1967 1 1229.0
1967 2 1294.0
1967 3 2032.0
1967 4 1963.0
1967 5 1332.0
1967 6 1077.0
1967 7 526.0
1967 8 1381.0
1967 9 2082.0
1967 10 788.0
1967 11 1687.0
1967 12 1471.0
1968 1 1423.0
1968 2 1618.0
1968 3 910.0
1968 4 1532.0
1968 5 1102.0
1968 6 778.0
1968 7 1720.0
1968 8 1583.0
1968 9 1321.0
1968 10 1284.0
1968 11 1209.0
1968 12 1728.0
1969 1 1552.0
1969 2 1040.0
1969 3 2405.0
1969 4 1263.0
1969 5 1270.0
1969 6 5013.0
1969 7 1227.0
1969 8 898.0
1969 9 884.0
1969 10 1036.0
1969 11 1395.0
1969 12 701.0
1970 1 1729.0
1970 2 734.0
1970 3 995.0
1970 4 2784.0
1970 5 854.0
1970 6 2033.0
1970 7 1165.0
1970 8 1465.0
1970 9 1169.0
1970 10 2541.0
1970 11 541.0
1970 12 2417.0
1971 1 1185.0
1971 2 3905.0
1971 3 2703.0
1971 4 2792.0
1971 5 2738.0
1971 6 5732.0
1971 7 3882.0
1971 8 4762.0
1971 9 2152.0
1971 10 3023.0
1971 11 3422.0
1971 12 1884.0
1972 1 2566.0
1972 2 2504.0
1972 3 4365.0
1972 4 3802.0
1972 5 2718.0
1972 6 3255.0
1972 7 1359.0
1972 8 2498.0
1972 9 3076.0
1972 10 3248.0
1972 11 1678.0
1972 12 990.0
1973 1 1851.0
1973 2 2270.0
1973 3 1700.0
1973 4 2092.0
1973 5 2766.0
1973 6 1577.0
1973 7 1389.0
1973 8 1194.0
1973 9 716.0
1973 10 1481.0
1973 11 867.0
1973 12 654.0
1974 1 1165.0
1974 2 657.0
1974 3 567.0
1974 4 408.0
1974 5 1855.0
1974 6 309.0
1974 7 531.0
1974 8 297.0
1974 9 170.0
1974 10 415.0
1974 11 511.0
1974 12 626.0
1975 1 201.0
1975 2 819.0
1975 3 197.0
1975 4 989.0
1975 5 254.0
1975 6 394.0
1975 7 984.0
1975 8 359.0
1975 9 12583.0
1975 10 592.0
1975 11 706.0
1975 12 805.0
1976 1 722.0
1976 2 891.0
1976 3 809.0
1976 4 1094.0
1976 5 1786.0
1976 6 2099.0
1976 7 2100.0
1976 8 3832.0
1976 9 4158.0
1976 10 2027.0
1976 11 2075.0
1976 12 2241.0
1977 1 2378.0
1977 2 2449.0
1977 3 2419.0
1977 4 5869.0
1977 5 3724.0
1977 6 5720.0
1977 7 4051.0
1977 8 4644.0
1977 9 4996.0
1977 10 3285.0
1977 11 3703.0
1977 12 2846.0
1978 1 2735.0
1978 2 1359.0
1978 3 5100.0
1978 4 4176.0
1978 5 2863.0
1978 6 5413.0
1978 7 2129.0
1978 8 5278.0
1978 9 3192.0
1978 10 2051.0
1978 11 2705.0
1978 12 1757.0
1979 1 3725.0
1979 2 2065.0
1979 3 5004.0
1979 4 2941.0
1979 5 4360.0
1979 6 5463.0
1979 7 4248.0
1979 8 5509.0
1979 9 5655.0
1979 10 7175.0
1979 11 5278.0
1979 12 1719.0
1980 1 18651.0
1980 2 4498.0
1980 3 5597.0
1980 4 2790.0
1980 5 7394.0
1980 6 4157.0
1980 7 4929.0
1980 8 8848.0
1980 9 8317.0
1980 10 8708.0
1980 11 5054.0
1980 12 5710.0
1981 1 4561.0
1981 2 3693.0
1981 3 5942.0
1981 4 10468.0
1981 5 7126.0
1981 6 6230.0
1981 7 6367.0
1981 8 8774.0
1981 9 9380.0
1981 10 4230.0
1981 11 5874.0
1981 12 5222.0
1982 1 3185.0
1982 2 3700.0
1982 3 6794.0
1982 4 6468.0
1982 5 7197.0
1982 6 5379.0
1982 7 15353.0
1982 8 5807.0
1982 9 9346.0
1982 10 5690.0
1982 11 7773.0
1982 12 9856.0
1983 1 6477.0
1983 2 9017.0
1983 3 10580.0
1983 4 11242.0
1983 5 8528.0
1983 6 9250.0
1983 7 6442.0
1983 8 10288.0
1983 9 11061.0
1983 10 10093.0
1983 11 7768.0
1983 12 5828.0
1984 1 6037.0
1984 2 5256.0
1984 3 7864.0
1984 4 6464.0
1984 5 9647.0
1984 6 9755.0
1984 7 14031.0
1984 8 10449.0
1984 9 2730.0
1984 10 5563.0
1984 11 5325.0
1984 12 1466.0
1985 1 3019.0
1985 2 1867.0
1985 3 6795.0
1985 4 9074.0
1985 5 3722.0
1985 6 9183.0
1985 7 3398.0
1985 8 8311.0
1985 9 3383.0
1985 10 1314.0
1985 11 3226.0
1985 12 1339.0
1986 1 1301.0
1986 2 1005.0
1986 3 1376.0
1986 4 1595.0
1986 5 1530.0
1986 6 915.0
1986 7 1214.0
1986 8 1594.0
1986 9 1224.0
1986 10 692.0
1986 11 650.0
1986 12 530.0
1987 1 141.0
1987 2 873.0
1987 3 578.0
1987 4 847.0
1987 5 295.0
1987 6 1287.0
1987 7 882.0
1987 8 443.0
1987 9 536.0
1987 10 486.0
1987 11 72.0
1987 12 713.0
1988 1 126.0
1988 2 504.0
1988 3 760.0
1988 4 652.0
1988 5 468.0
1988 6 672.0
1988 7 335.0
1988 8 40.0
1988 9 30.0
1988 10 284.0
1988 11 490.0
1988 12 383.0
1989 1 107.0
1989 2 311.0
1989 3 754.0
1989 4 50.0
1989 5 17.0
1989 6 282.0
1989 7 904.0
1989 8 539.5
1989 9 175.0
1989 10 7501.0
1989 11 108.0
1989 12 73.0
1990 1 166.0
1990 2 305.0
1990 3 393.0
1990 4 281.0
1990 5 169.0
1990 6 1606.0
1990 7 25.0
1990 8 84.0
1990 9 220.0
1990 10 250.0
1990 11 208.0
1990 12 164.0
1991 1 44.0
1991 2 428.5
1991 3 813.0
1991 4 28.0
1991 5 25.0
1991 6 111.0
1991 7 235.0
1991 8 65.0
1991 9 50.0
1991 10 405.0
1991 11 243.0
1991 12 265.0
1992 1 236.0
1992 2 261.0
1992 3 484.0
1992 4 505.0
1992 5 354.0
1992 6 203.0
1992 7 328.0
1992 8 126.0
1992 9 392.0
1992 10 335.0
1992 11 261.0
1992 12 244.0
1993 1 233.0
1993 2 364.0
1993 3 396.0
1993 4 517.0
1993 5 201.0
1993 6 950.0
1993 7 498.0
1993 8 466.0
1993 9 480.0
1993 10 430.0
1993 11 620.0
1993 12 536.0
1994 1 836.0
1994 2 614.0
1994 3 1860.0
1994 4 1205.0
1994 5 1932.0
1994 6 883.0
1994 7 2493.0
1994 8 2673.0
1994 9 738.0
1994 10 1165.0
1994 11 629.0
1994 12 2784.0
1995 1 1198.0
1995 2 1170.0
1995 3 2726.0
1995 4 1160.0
1995 5 1019.0
1995 6 4105.0
1995 7 186.0
1995 8 2523.0
1995 9 396.0
1995 10 3529.0
1995 11 3161.0
1995 12 2241.0
1996 1 1262.0
1996 2 3374.0
1996 3 1375.0
1996 4 842.0
1996 5 1495.0
1996 6 2073.0
1996 7 797.0
1996 8 2259.0
1996 9 573.0
1996 10 2063.0
1996 11 1601.0
1996 12 1284.0
1997 1 1481.0
1997 2 2716.0
1997 3 1426.0
1997 4 4645.0
1997 5 2428.0
1997 6 1406.0
1997 7 2924.0
1997 8 1967.0
1997 9 272.0
1997 10 1460.0
1997 11 2644.0
1997 12 2799.0
1998 1 1201.0
1998 2 2223.0
1998 3 3019.0
1998 4 7214.0
1998 5 2461.0
1998 6 2771.0
1998 7 2614.0
1998 8 3855.0
1998 9 994.0
1998 10 2361.0
1998 11 1096.0
1998 12 506.0
1999 1 1976.0
1999 2 2978.0
1999 3 3628.0
1999 4 2711.0
1999 5 3827.0
1999 6 10085.0
1999 7 889.0
1999 8 1144.0
1999 9 687.0
1999 10 8323.0
1999 11 2824.0
1999 12 1961.0
2000 1 2239.0
2000 2 1878.0
2000 3 4092.0
2000 4 513.0
2000 5 693.0
2000 6 1016.0
2000 7 3195.0
2000 8 1409.0
2000 9 896.0
2000 10 1350.0
2000 11 2243.0
2000 12 4209.0
2001 1 1261.0
2001 2 797.0
2001 3 1612.0
2001 4 1524.0
2001 5 2319.0
2001 6 1949.0
2001 7 3602.0
2001 8 3051.0
2001 9 4918.0
2001 10 3098.0
2001 11 2534.0
2001 12 1125.0
2002 1 1716.0
2002 2 2037.0
2002 3 3249.0
2002 4 1324.0
2002 5 1896.0
2002 6 1851.0
2002 7 1454.0
2002 8 1420.0
2002 9 3843.0
2002 10 2728.0
2002 11 518.0
2002 12 1425.0
2003 1 1578.0
2003 2 1072.0
2003 3 1722.0
2003 4 904.0
2003 5 3083.0
2003 6 25922.0
2003 7 428.0
2003 8 4726.0
2003 9 1998.0
2003 10 2290.0
2003 11 1581.0
2003 12 4220.0
2004 1 3915.0
2004 2 2863.0
2004 3 3481.0
2004 4 7996.0
2004 5 16666.0
2004 6 1327.0
2004 7 2136.0
2004 8 1048.0
2004 9 2226.0
2004 10 10739.0
2004 11 4676.0
2004 12 2671.0
2005 1 1199.0
2005 2 17632.0
2005 3 19224.0
2005 4 2000.0
2005 5 1959.0
2005 6 3404.0
2005 7 2394.0
2005 8 4051.0
2005 9 2995.0
2005 10 2156.0
2005 11 601.0
2005 12 1644.0
2006 1 2275.0
2006 2 843.0
2006 3 2019.0
2006 4 2345.0
2006 5 6871.0
2006 6 1371.0
2006 7 3452.0
2006 8 1092.0
2006 9 3986.0
2006 10 9019.0
2006 11 5188.0
2006 12 6013.0
2007 1 9376.0
2007 2 2505.0
2007 3 7555.0
2007 4 3708.0
2007 5 5695.0
2007 6 9387.0
2007 7 2252.0
2007 8 4592.0
2007 9 2809.0
2007 10 3131.0
2007 11 5258.0
2007 12 7250.0
2008 1 1661.0
2008 2 501.0
2008 3 2786.0
2008 4 3301.0
2008 5 3801.0
2008 6 3539.0
2008 7 2419.0
2008 8 3365.0
2008 9 77199.0
2008 10 5528.0
2008 11 1471.0
2008 12 2539.0
2009 1 3116.0
2009 2 951.0
2009 3 2368.0
2009 4 1870.0
2009 5 1516.0
2009 6 2672.0
2009 7 3282.0
2009 8 2291.0
2009 9 6810.0
2009 10 1916.0
2009 11 2113.0
2009 12 2405.0
2010 1 994.0
2010 2 1850.0
2010 3 1715.0
2010 4 1511.0
2010 5 1837.0
2010 6 1253.0
2010 7 1738.0
2010 8 3267.0
2010 9 3973.0
2010 10 4582.0
2010 11 4395.0
2010 12 6783.0
2011 1 1335.0
2011 2 3890.0
2011 3 3446.0
2011 4 5686.0
2011 5 4944.0
2011 6 6468.0
2011 7 1621.0
2011 8 4557.0
2011 9 2626.0
2011 10 2113.0
2011 11 2102.0
2011 12 2971.0
2012 1 1485.0
2012 2 1541.0
2012 3 1964.0
2012 4 10025.0
2012 5 2539.0
2012 6 2463.0
2012 7 2864.0
2012 8 4159.0
2012 9 4283.0
2012 10 2027.0
2012 11 3349.0
2012 12 2048.0
2013 1 7121.0
2013 2 9587.0
2013 3 6058.0
2013 4 2833.0
2013 5 3437.0
2013 6 1919.0
2013 7 1858.0
2013 8 2933.0
2013 9 2670.0
2013 10 2266.0
2013 11 2266.0
2013 12 1563.0
2014 1 7041.0
2014 2 1546.0
2014 3 1800.0
2014 4 2253.0
2014 5 2205.0
2014 6 2001.0
2014 7 3912.0
2014 8 5845.0
2014 9 1952.0
2014 10 1919.0
2014 11 2588.0
2014 12 3726.0
2015 1 2273.0
2015 2 3240.0
2015 3 3253.0
2015 4 4637.0
2015 5 3239.0
2015 6 3176.0
2015 7 4727.0
2015 8 1504.0
2015 9 4428.0
2015 10 3813.0
2015 11 1617.0
2015 12 10115.0
2016 1 1446.0
2016 2 2784.0
2016 3 4763.0
2016 4 1399.0
2016 5 2641.0
2016 6 501.0
2016 7 2157.0
2016 8 4350.0
2016 9 36612.0
2016 10 3336.0
2016 11 2370.0
2016 12 2536.0
2017 1 693.0
2017 2 2765.0
2017 3 6934.0
2017 4 1569.0
2017 5 3829.0
2017 6 3500.0
2017 7 4184.0
2017 8 2116.0
2017 9 4175.0
2017 10 1357.0
2017 11 4656.0
2017 12 5052.0
2018 1 4699.0
2018 2 1837.0
2018 3 3626.0
2018 4 2714.0
2018 5 2941.0
2018 6 2355.0
2018 7 1681.0
2018 8 1907.0
2018 9 4832.0
2018 10 1808.0
2018 11 2011.0
2018 12 1578.0
2019 1 4726.0
2019 2 4071.0
2019 3 1441.0
2019 4 8786.0
2019 5 1779.0
2019 6 4441.0
2019 7 2944.0
2019 8 4088.0
2019 9 2672.0
2019 10 6091.0
2019 11 2467.0
2019 12 3560.0
2020 1 3224.0
2020 2 3765.0
2020 3 4124.0
2020 4 4409.0
2020 5 5854.0
2020 6 22626.0
2020 7 4365.0
2020 8 4916.0
2020 9 2861.0
2020 10 8011.0
2020 11 4184.0
2020 12 7080.0
2021 1 4295.0
2021 2 4577.0
2021 3 8157.0
2021 4 4559.0
2021 5 6004.0
2021 6 5355.0
2021 7 5446.0
2021 8 3207.0
2021 9 2899.0
2021 10 3733.0
2021 11 2769.0
2021 12 5225.0
2022 1 4127.0
2022 2 4418.0
2022 3 14235.0
2022 4 7911.0
2022 5 6129.0
2022 6 8541.0
2022 7 5932.0
2022 8 10297.0
2022 9 4801.0
2022 10 6255.0
2022 11 6737.0
2022 12 4023.0
2023 1 4981.0
2023 2 3736.0
2023 3 5896.0
2023 4 5659.0
2023 5 6599.0
2023 6 4452.0
2023 7 3901.0
2023 8 7181.0
2023 9 11023.0
2023 10 8033.0
2023 11 4566.0
2023 12 5827.0
2024 1 4364.0
2024 2 6785.0
2024 3 5529.0
2024 4 5870.0
2024 5 5178.0
2024 6 6687.0
2024 7 4360.0
2024 8 8773.0
