1960 5 307.0
1960 6 359.0
1960 7 124.0
1960 8 278.0
1960 9 54.0
1960 10 721.0
1960 11 190.0
1960 12 594.0
1961 1 208.0
1961 2 1276.0
1961 3 159.0
1961 4 640.0
1961 5 774.0
1961 6 303.0
1961 7 813.0
1961 8 656.0
1961 9 484.0
1961 10 192.0
1961 11 25.0
1961 12 883.0
1962 1 1926.0
1962 2 332.0
1962 3 5513.0
1962 4 4890.5
1962 5 4268.0
1962 6 2722.0
1962 7 703.0
1962 8 647.0
1962 9 1520.0
1962 10 802.0
1962 11 1470.0
1962 12 1011.0
1963 1 2861.0
1963 2 208.0
1963 3 716.5
1963 4 1225.0
1963 5 2149.0
1963 6 1924.0
1963 7 983.0
1963 8 2795.0
1963 9 4582.0
1963 10 5579.0
1963 11 1650.0
1963 12 595.0
1964 1 760.0
1964 2 580.0
1964 3 2768.0
1964 4 1515.0
1964 5 3709.0
1964 6 2277.0
1964 7 3701.0
1964 8 2887.0
1964 9 2937.0
1964 10 2238.0
1964 11 1659.0
1964 12 3506.0
1965 1 5373.0
1965 2 708.0
1965 3 2126.0
1965 4 1070.0
1965 5 1293.0
1965 6 3083.0
1965 7 998.0
1965 8 2465.0
1965 9 2357.0
1965 10 2511.0
1965 11 590.0
1965 12 2225.0
1966 1 1684.0
1966 2 1414.0
1966 3 5251.0
1966 4 1941.0
1966 5 10561.0
1966 6 1784.0
1966 7 760.0
1966 8 1645.0
1966 9 1090.0
1966 10 445.0
1966 11 418.0
1966 12 198.0
1967 1 810.0
1967 2 293.0
1967 3 2105.0
1967 4 1801.0
1967 5 1114.0
1967 6 1898.0
1967 7 1064.0
1967 8 4541.0
1967 9 2364.0
1967 10 114.0
1967 11 1078.0
1967 12 4195.0
1968 1 4555.0
1968 2 1443.0
1968 3 2914.0
1968 4 2304.0
1968 5 2059.0
1968 6 1282.0
1968 7 5773.0
1968 8 1320.0
1968 9 2186.0
1968 10 1964.0
1968 11 6300.0
1968 12 5240.0
1969 1 952.0
1969 2 7203.0
1969 3 2289.0
1969 4 8371.0
1969 5 5580.0
1969 6 469.0
1969 7 3299.0
1969 8 5039.0
1969 9 7121.0
1969 10 9208.0
1969 11 7050.0
1969 12 3389.0
1970 1 5263.0
1970 2 2186.0
1970 3 4138.0
1970 4 4314.0
1970 5 3308.0
1970 6 2650.0
1970 7 3818.0
1970 8 3412.0
1970 9 4739.0
1970 10 9688.0
1970 11 4945.0
1970 12 6226.0
1971 1 6539.0
1971 2 14757.0
1971 3 9736.0
1971 4 15983.0
1971 5 18273.0
1971 6 16579.0
1971 7 12597.0
1971 8 3754.0
1971 9 9550.0
1971 10 4999.0
1971 11 18295.0
1971 12 10700.0
1972 1 7307.0
1972 2 14204.0
1972 3 14509.0
1972 4 21261.0
1972 5 20652.0
1972 6 10569.0
1972 7 19508.0
1972 8 12692.0
1972 9 6254.0
1972 10 13751.0
1972 11 9779.0
1972 12 5846.0
1973 1 15055.0
1973 2 12169.0
1973 3 5432.0
1973 4 10788.0
1973 5 18205.0
1973 6 8489.0
1973 7 18679.0
1973 8 20100.0
1973 9 9853.0
1973 10 6304.0
1973 11 10060.0
1973 12 5644.0
1974 1 3011.0
1974 2 9279.0
1974 3 5781.0
1974 4 11332.0
1974 5 2542.0
1974 6 426.0
1974 7 11505.0
1974 8 3544.0
1974 9 2463.0
1974 10 1557.0
1974 11 803.0
1974 12 49.0
1975 1 50.0
1975 2 232.0
1975 3 375.0
1975 4 98.0
1975 5 657.0
1975 6 563.0
1975 7 632.0
1975 8 1980.0
1975 9 1016.0
1975 10 311.0
1975 11 4297.0
1975 12 122.0
1976 1 1133.0
1976 2 1203.0
1976 3 2305.0
1976 4 1780.0
1976 5 1067.0
1976 6 6280.0
1976 7 650.0
1976 8 1652.0
1976 9 4111.0
1976 10 1155.0
1976 11 221.0
1976 12 8887.0
1977 1 3801.0
1977 2 3803.0
1977 3 5782.0
1977 4 2011.0
1977 5 3029.0
1977 6 2772.0
1977 7 8129.0
1977 8 1710.0
1977 9 9680.0
1977 10 13772.0
1977 11 7721.0
1977 12 12519.0
1978 1 1944.0
1978 2 6251.0
1978 3 16472.0
1978 4 11937.0
1978 5 10371.0
1978 6 6696.0
1978 7 9482.0
1978 8 3077.0
1978 9 1196.0
1978 10 11192.0
1978 11 6496.0
1978 12 11744.0
1979 1 10681.0
1979 2 4148.0
1979 3 8367.0
1979 4 6750.0
1979 5 9114.0
1979 6 6082.0
1979 7 1718.0
1979 8 562.0
1979 9 13496.0
1979 10 7967.0
1979 11 1882.0
1979 12 2756.0
1980 1 3562.0
1980 2 8527.0
1980 3 1907.0
1980 4 2805.0
1980 5 1868.0
1980 6 2143.0
1980 7 7369.0
1980 8 16906.0
1980 9 24802.0
1980 10 16709.0
1980 11 5800.0
1980 12 9126.0
1981 1 7423.0
1981 2 22495.0
1981 3 6669.0
1981 4 12951.0
1981 5 11953.0
1981 6 3766.0
1981 7 3439.0
1981 8 6168.0
1981 9 12149.0
1981 10 6940.0
1981 11 2142.0
1981 12 9401.0
1982 1 12223.0
1982 2 1481.0
1982 3 12198.0
1982 4 9471.0
1982 5 11540.0
1982 6 4018.0
1982 7 18405.0
1982 8 8112.0
1982 9 22211.0
1982 10 6076.0
1982 11 8718.5
1982 12 11361.0
1983 1 18866.0
1983 2 7129.0
1983 3 24851.0
1983 4 13576.0
1983 5 28658.0
1983 6 27610.0
1983 7 14444.0
1983 8 26256.0
1983 9 38633.0
1983 10 37533.0
1983 11 15413.0
1983 12 15287.0
1984 1 20679.0
1984 2 50427.0
1984 3 18507.0
1984 4 19121.0
1984 5 29844.0
1984 6 33813.0
1984 7 7533.0
1984 8 17487.0
1984 9 15786.0
1984 10 7643.0
1984 11 13400.0
1984 12 7949.0
1985 1 36429.0
1985 2 4516.0
1985 3 5994.0
1985 4 7215.0
1985 5 9605.0
1985 6 20311.0
1985 7 7097.0
1985 8 11446.0
1985 9 7282.0
1985 10 3401.0
1985 11 5305.0
1985 12 11105.0
1986 1 1027.0
1986 2 1764.0
1986 3 9118.0
1986 4 5974.0
1986 5 1242.0
1986 6 1955.0
1986 7 5394.0
1986 8 2145.0
1986 9 17013.0
1986 10 1702.0
1986 11 262.0
1986 12 1424.0
1987 1 5750.0
1987 2 4345.5
1987 3 2941.0
1987 4 1050.0
1987 5 738.5
1987 6 427.0
1987 7 427.0
1987 8 427.0
1987 9 792.5
1987 10 1158.0
1987 11 570.0
1987 12 188.0
1988 1 803.0
1988 2 1561.5
1988 3 2320.0
1988 4 1441.0
1988 5 352.0
1988 6 7181.0
1988 7 1894.0
1988 8 1700.0
1988 9 12352.0
1988 10 1379.0
1988 11 385.0
1988 12 567.0
1989 1 320.0
1989 2 3059.0
1989 3 2504.0
1989 4 127.0
1989 5 300.0
1989 6 5999.0
1989 7 106.0
1989 8 151.0
1989 9 151.0
1989 10 151.0
1989 11 106.0
1989 12 4379.0
1990 1 514.0
1990 2 106.0
1990 3 1051.0
1990 4 2027.5
1990 5 3004.0
1990 6 151.0
1990 7 151.0
1990 8 151.0
1990 9 151.0
1990 10 151.0
1990 11 1316.0
1990 12 10592.0
1991 1 89.0
1991 2 89.0
1991 3 84.0
1991 4 79.0
1991 5 74.0
1991 6 69.0
1991 7 64.0
1991 8 2717.5
1991 9 5371.0
1991 10 1199.0
1991 11 1484.6666666666667
1991 12 1770.3333333333335
1992 1 2056.0
1992 2 1294.0
1992 3 532.0
1992 4 3024.0
1992 5 4638.0
1992 6 6252.0
1992 7 2025.0
1992 8 3285.0
1992 9 4545.0
1992 10 624.0
1992 11 100.0
1992 12 1416.0
1993 1 1846.0
1993 2 7500.0
1993 3 5057.333333333334
1993 4 2614.666666666667
1993 5 172.0
1993 6 329.0
1993 7 486.0
1993 8 16338.0
1993 9 5058.0
1993 10 150.0
1993 11 1266.5
1993 12 2383.0
1994 1 6092.333333333334
1994 2 9801.666666666668
1994 3 13511.0
1994 4 12484.0
1994 5 22381.0
1994 6 32278.0
1994 7 42175.0
1994 8 8348.0
1994 9 8977.0
1994 10 7862.0
1994 11 143.0
1994 12 4616.0
1995 1 130.0
1995 2 3483.0
1995 3 22394.0
1995 4 604.0
1995 5 2864.0
1995 6 17119.0
1995 7 703.0
1995 8 1976.0
1995 9 19944.0
1995 10 10552.0
1995 11 1225.0
1995 12 3155.0
1996 1 15105.0
1996 2 3000.0
1996 3 709.0
1996 4 32845.0
1996 5 2619.0
1996 6 6300.0
1996 7 4013.0
1996 8 1028.0
1996 9 2035.0
1996 10 102.0
1996 11 17606.0
1996 12 3534.0
1997 1 1700.0
1997 2 18032.0
1997 3 8021.0
1997 4 22158.0
1997 5 306.0
1997 6 11340.0
1997 7 1244.0
1997 8 1469.0
1997 9 1129.0
1997 10 387.0
1997 11 7041.0
1997 12 842.0
1998 1 3918.0
1998 2 2466.0
1998 3 5506.0
1998 4 11203.0
1998 5 2890.0
1998 6 2190.0
1998 7 1098.0
1998 8 5296.0
1998 9 16076.0
1998 10 8151.0
1998 11 364.0
1998 12 163.0
1999 1 8161.0
1999 2 11566.0
1999 3 12358.0
1999 4 9854.0
1999 5 691.0
1999 6 14457.0
1999 7 39813.0
1999 8 3678.0
1999 9 5512.0
1999 10 5023.0
1999 11 744.0
1999 12 13015.0
2000 1 4018.0
2000 2 2424.0
2000 3 7590.0
2000 4 3675.0
2000 5 968.0
2000 6 1239.0
2000 7 612.0
2000 8 3626.0
2000 9 7871.0
2000 10 4491.0
2000 11 1945.0
2000 12 3347.0
2001 1 20339.0
2001 2 612.0
2001 3 5248.0
2001 4 619.0
2001 5 8566.0
2001 6 16596.0
2001 7 5284.0
2001 8 516.0
2001 9 14604.0
2001 10 14630.0
2001 11 1393.0
2001 12 2742.0
2002 1 1135.0
2002 2 1719.0
2002 3 16716.0
2002 4 2480.0
2002 5 5997.0
2002 6 669.0
2002 7 37517.0
2002 8 22596.0
2002 9 2000.0
2002 10 1254.0
2002 11 11547.0
2002 12 24799.0
2003 1 2925.0
2003 2 1658.0
2003 3 1523.0
2003 4 5021.0
2003 5 26023.0
2003 6 15198.0
2003 7 26301.0
2003 8 3685.0
2003 9 31930.0
2003 10 21930.0
2003 11 12590.0
2003 12 13073.0
2004 1 5702.0
2004 2 16018.0
2004 3 10364.0
2004 4 8046.0
2004 5 7069.0
2004 6 20419.0
2004 7 1013.0
2004 8 6320.0
2004 9 2715.0
2004 10 7009.0
2004 11 12261.0
2004 12 10927.0
2005 1 3637.0
2005 2 400.0
2005 3 16204.0
2005 4 2698.0
2005 5 12693.0
2005 6 6882.0
2005 7 8169.0
2005 8 5151.0
2005 9 1573.0
2005 10 3113.0
2005 11 8099.0
2005 12 2696.0
2006 1 3121.0
2006 2 6977.0
2006 3 4681.0
2006 4 10094.0
2006 5 10759.0
2006 6 14883.0
2006 7 9680.0
2006 8 12120.0
2006 9 7622.0
2006 10 17510.0
2006 11 6035.0
2006 12 116804.0
2007 1 46795.0
2007 2 4770.0
2007 3 17192.0
2007 4 11774.0
2007 5 43603.0
2007 6 90561.0
2007 7 50651.0
2007 8 26603.0
2007 9 116710.0
2007 10 1726.0
2007 11 17779.0
2007 12 10086.0
2008 1 45238.0
2008 2 22389.0
2008 3 26762.0
2008 4 48548.0
2008 5 26748.0
2008 6 13597.0
2008 7 21019.0
2008 8 30746.0
2008 9 51257.0
2008 10 10773.0
2008 11 1751.0
2008 12 2299.0
2009 1 3246.0
2009 2 20440.0
2009 3 2578.0
2009 4 8535.0
2009 5 14492.0
2009 6 13456.0
2009 7 6242.0
2009 8 1257.0
2009 9 2372.0
2009 10 1600.0
2009 11 724.0
2009 12 1241.0
2010 1 765.0
2010 2 1773.0
2010 3 3792.0
2010 4 6976.0
2010 5 1869.0
2010 6 2773.0
2010 7 2325.0
2010 8 2528.0
2010 9 5359.0
2010 10 1480.0
2010 11 2011.0
2010 12 8791.0
2011 1 1809.0
2011 2 18137.0
2011 3 4427.0
2011 4 23411.0
2011 5 42662.0
2011 6 9133.0
2011 7 5547.0
2011 8 10799.0
2011 9 2913.0
2011 10 9974.0
2011 11 4041.0
2011 12 6236.0
2012 1 5817.0
2012 2 3285.0
2012 3 5069.0
2012 4 5283.0
2012 5 7757.0
2012 6 6207.0
2012 7 4569.0
2012 8 7129.0
2012 9 8265.0
2012 10 9285.0
2012 11 22386.0
2012 12 10174.0
2013 1 4269.0
2013 2 6258.0
2013 3 6403.0
2013 4 5742.0
2013 5 5732.0
2013 6 4156.0
2013 7 3423.0
2013 8 23490.0
2013 9 6519.0
2013 10 6124.0
2013 11 3969.0
2013 12 10914.0
2014 1 4099.0
2014 2 18344.0
2014 3 5170.0
2014 4 4570.0
2014 5 12082.0
2014 6 10000.0
2014 7 2893.0
2014 8 33368.0
2014 9 48886.0
2014 10 28680.0
2014 11 5730.0
2014 12 4712.0
2015 1 3505.0
2015 2 62096.0
2015 3 2771.0
2015 4 8682.0
2015 5 9141.0
2015 6 8799.0
2015 7 17612.0
2015 8 579.0
2015 9 7260.0
2015 10 8738.0
2015 11 6659.0
2015 12 39785.0
2016 1 6052.0
2016 2 4735.0
2016 3 18651.0
2016 4 6599.0
2016 5 3312.0
2016 6 26849.0
2016 7 3684.0
2016 8 54739.0
2016 9 23960.0
2016 10 14098.0
2016 11 5417.0
2016 12 2857.0
2017 1 3936.0
2017 2 4122.0
2017 3 5262.0
2017 4 5090.0
2017 5 5494.0
2017 6 7027.0
2017 7 5321.0
2017 8 7055.0
2017 9 4271.0
2017 10 8019.0
2017 11 161281.0
2017 12 4337.0
2018 1 6463.0
2018 2 4597.0
2018 3 10907.0
2018 4 3286.0
2018 5 2056.0
2018 6 4604.0
2018 7 2215.0
2018 8 61273.0
2018 9 2215.0
2018 10 2302.0
2018 11 3277.0
2018 12 2954.0
2019 1 2548.0
2019 2 5648.0
2019 3 2215.0
2019 4 3158.0
2019 5 4475.0
2019 6 9961.0
2019 7 11510.0
2019 8 14397.0
2019 9 35575.0
2019 10 24844.0
2019 11 13007.0
2019 12 10066.0
2020 1 14332.0
2020 2 10457.0
2020 3 10066.0
2020 4 8092.0
2020 5 8002.0
2020 6 38832.0
2020 7 11952.0
2020 8 9311.0
2020 9 1486.0
2020 10 5976.0
2020 11 7092.0
2020 12 6906.0
2021 1 8767.0
2021 2 8023.0
2021 3 9511.0
2021 4 46196.0
2021 5 15510.0
2021 6 9153.0
2021 7 7902.0
2021 8 13128.0
2021 9 8974.0
2021 10 8081.0
2021 11 8974.0
2021 12 10162.0
2022 1 21464.0
2022 2 14256.0
2022 3 11171.0
2022 4 18075.0
2022 5 17886.0
2022 6 51033.0
2022 7 48180.0
2022 8 19768.0
2022 9 19309.0
2022 10 19588.0
2022 11 14853.0
2022 12 18011.0
2023 1 64309.0
2023 2 24434.0
2023 3 18519.0
2023 4 52760.0
2023 5 12973.0
2023 6 12055.0
2023 7 34300.0
2023 8 15754.0
2023 9 110907.0
2023 10 7631.0
2023 11 5339.0
2023 12 54675.0
2024 1 70402.0
2024 2 28310.0
2024 3 5432.0
2024 4 14916.0
2024 5 6531.0
2024 6 34790.0
2024 7 54820.0
2024 8 15870.0
