1960 5 2211.0
1960 6 1850.0
1960 7 1703.0
1960 8 1907.0
1960 9 1938.0
1960 10 1762.0
1960 11 1444.0
1960 12 826.0
1961 1 350.0
1961 2 144.0
1961 3 669.0
1961 4 1728.0
1961 5 2338.0
1961 6 1911.0
1961 7 1831.0
1961 8 1950.0
1961 9 1691.0
1961 10 1554.0
1961 11 1490.0
1961 12 759.0
1962 1 487.0
1962 2 158.0
1962 3 664.0
1962 4 1971.0
1962 5 1752.0
1962 6 1601.0
1962 7 1604.0
1962 8 1585.0
1962 9 1212.0
1962 10 1710.0
1962 11 1573.0
1962 12 549.0
1963 1 302.0
1963 2 250.0
1963 3 642.0
1963 4 1629.0
1963 5 1719.0
1963 6 1686.0
1963 7 1615.0
1963 8 1705.0
1963 9 1666.0
1963 10 2013.0
1963 11 1044.0
1963 12 526.0
1964 1 572.0
1964 2 310.0
1964 3 685.0
1964 4 1473.0
1964 5 1572.0
1964 6 1439.0
1964 7 1248.0
1964 8 1210.0
1964 9 1517.0
1964 10 1415.0
1964 11 1303.0
1964 12 588.0
1965 1 170.0
1965 2 125.0
1965 3 722.0
1965 4 1495.0
1965 5 1111.0
1965 6 1406.0
1965 7 969.0
1965 8 1456.0
1965 9 1485.0
1965 10 1509.0
1965 11 1114.0
1965 12 505.0
1966 1 485.0
1966 2 401.0
1966 3 969.0
1966 4 2624.0
1966 5 2331.0
1966 6 1752.0
1966 7 2907.0
1966 8 1503.0
1966 9 1724.0
1966 10 1327.0
1966 11 1104.0
1966 12 972.0
1967 1 441.0
1967 2 279.0
1967 3 1937.0
1967 4 1752.0
1967 5 1996.0
1967 6 1604.0
1967 7 1749.0
1967 8 1983.0
1967 9 1669.0
1967 10 4936.0
1967 11 1838.0
1967 12 2438.0
1968 1 467.0
1968 2 706.0
1968 3 1205.0
1968 4 1919.0
1968 5 3636.0
1968 6 2720.0
1968 7 3383.0
1968 8 3193.0
1968 9 3261.0
1968 10 3316.0
1968 11 3131.0
1968 12 1746.0
1969 1 1186.0
1969 2 479.0
1969 3 1548.0
1969 4 2933.0
1969 5 3433.0
1969 6 4467.0
1969 7 3657.0
1969 8 2951.0
1969 9 3920.0
1969 10 3639.0
1969 11 2751.0
1969 12 1808.0
1970 1 1624.0
1970 2 882.0
1970 3 1695.0
1970 4 3888.0
1970 5 4549.0
1970 6 6252.0
1970 7 4065.0
1970 8 4330.0
1970 9 3921.0
1970 10 4241.0
1970 11 2959.0
1970 12 4189.0
1971 1 1247.0
1971 2 1189.0
1971 3 2037.0
1971 4 5392.0
1971 5 4833.0
1971 6 11276.0
1971 7 6026.0
1971 8 4514.0
1971 9 7622.0
1971 10 9892.0
1971 11 6005.0
1971 12 5912.0
1972 1 2899.0
1972 2 5570.0
1972 3 3486.0
1972 4 5866.0
1972 5 8143.0
1972 6 12381.0
1972 7 7803.0
1972 8 7248.0
1972 9 10127.0
1972 10 12795.0
1972 11 7391.0
1972 12 6711.0
1973 1 1891.0
1973 2 3405.0
1973 3 5767.0
1973 4 7869.0
1973 5 8895.0
1973 6 8225.0
1973 7 9639.0
1973 8 9979.0
1973 9 6295.0
1973 10 7124.0
1973 11 5429.0
1973 12 3848.0
1974 1 2465.0
1974 2 3292.0
1974 3 5424.0
1974 4 9095.0
1974 5 9458.0
1974 6 18268.0
1974 7 10020.0
1974 8 6380.0
1974 9 8903.0
1974 10 7197.0
1974 11 4758.0
1974 12 4011.0
1975 1 4000.0
1975 2 2872.0
1975 3 5382.0
1975 4 6806.0
1975 5 12115.0
1975 6 11869.0
1975 7 8915.0
1975 8 11108.0
1975 9 9608.0
1975 10 8746.0
1975 11 6186.0
1975 12 4626.0
1976 1 2794.0
1976 2 1695.0
1976 3 7795.0
1976 4 10351.0
1976 5 9495.0
1976 6 13304.0
1976 7 11408.0
1976 8 8750.0
1976 9 10155.0
1976 10 12289.0
1976 11 9062.0
1976 12 5094.0
1977 1 1852.0
1977 2 2619.0
1977 3 9548.0
1977 4 16632.0
1977 5 12928.0
1977 6 13631.0
1977 7 11452.0
1977 8 12910.0
1977 9 12986.0
1977 10 12734.0
1977 11 10158.0
1977 12 5422.0
1978 1 3023.0
1978 2 4050.0
1978 3 7462.0
1978 4 11139.0
1978 5 16984.0
1978 6 22028.0
1978 7 12281.0
1978 8 13157.0
1978 9 12613.0
1978 10 14801.0
1978 11 11160.0
1978 12 9412.0
1979 1 5002.0
1979 2 3901.0
1979 3 8688.0
1979 4 16789.0
1979 5 13983.0
1979 6 15275.0
1979 7 11449.0
1979 8 10127.0
1979 9 13812.0
1979 10 9333.0
1979 11 6905.0
1979 12 5570.0
1980 1 2490.0
1980 2 1965.0
1980 3 4391.0
1980 4 7249.0
1980 5 10505.0
1980 6 11125.0
1980 7 9414.0
1980 8 11170.0
1980 9 13121.0
1980 10 13972.0
1980 11 10811.0
1980 12 13292.0
1981 1 4018.0
1981 2 2459.0
1981 3 7529.0
1981 4 11877.0
1981 5 7536.0
1981 6 7666.0
1981 7 9026.0
1981 8 6767.0
1981 9 7113.0
1981 10 6552.0
1981 11 4786.0
1981 12 2605.0
1982 1 1193.0
1982 2 2372.0
1982 3 6496.0
1982 4 12439.0
1982 5 8569.0
1982 6 10313.0
1982 7 10136.0
1982 8 7009.0
1982 9 10768.0
1982 10 13610.0
1982 11 11245.5
1982 12 8881.0
1983 1 3580.0
1983 2 2737.0
1983 3 7435.0
1983 4 14256.0
1983 5 15801.0
1983 6 17025.0
1983 7 14724.0
1983 8 16474.0
1983 9 14917.0
1983 10 19128.0
1983 11 12315.0
1983 12 8937.0
1984 1 5781.0
1984 2 30126.0
1984 3 13701.0
1984 4 19881.0
1984 5 25640.0
1984 6 22435.0
1984 7 22673.0
1984 8 20188.0
1984 9 19261.0
1984 10 20325.0
1984 11 21955.0
1984 12 11388.0
1985 1 11094.0
1985 2 7770.0
1985 3 21772.0
1985 4 37664.0
1985 5 41026.0
1985 6 39324.0
1985 7 28803.0
1985 8 40522.0
1985 9 30760.0
1985 10 41350.0
1985 11 39010.0
1985 12 23249.0
1986 1 18345.0
1986 2 18662.0
1986 3 41665.0
1986 4 48662.0
1986 5 50986.0
1986 6 50354.0
1986 7 44872.0
1986 8 35925.0
1986 9 40059.0
1986 10 46884.0
1986 11 27631.0
1986 12 24377.0
1987 1 22794.0
1987 2 20107.0
1987 3 37718.0
1987 4 56985.0
1987 5 69397.0
1987 6 63609.0
1987 7 50451.0
1987 8 44840.0
1987 9 55290.0
1987 10 46438.0
1987 11 46604.0
1987 12 38335.0
1988 1 20978.0
1988 2 22459.0
1988 3 47122.0
1988 4 56676.0
1988 5 52419.0
1988 6 64979.0
1988 7 50570.0
1988 8 56432.0
1988 9 47207.0
1988 10 40598.0
1988 11 28937.0
1988 12 30927.0
1989 1 20537.0
1989 2 19003.0
1989 3 39754.0
1989 4 49549.0
1989 5 43077.0
1989 6 39797.0
1989 7 35753.0
1989 8 40873.0
1989 9 35268.0
1989 10 31632.0
1989 11 37013.0
1989 12 15639.0
1990 1 18341.0
1990 2 18254.0
1990 3 28267.0
1990 4 30443.0
1990 5 34241.0
1990 6 32619.0
1990 7 27242.0
1990 8 27294.0
1990 9 26503.0
1990 10 27320.0
1990 11 21431.0
1990 12 12091.0
1991 1 8316.0
1991 2 7702.0
1991 3 16538.0
1991 4 27595.0
1991 5 29821.0
1991 6 29447.0
1991 7 27462.0
1991 8 24205.0
1991 9 25919.0
1991 10 29505.0
1991 11 19961.0
1991 12 16180.0
1992 1 11947.0
1992 2 13670.0
1992 3 18559.0
1992 4 26923.0
1992 5 31717.0
1992 6 31908.0
1992 7 28530.0
1992 8 29471.0
1992 9 25794.0
1992 10 28208.0
1992 11 24565.0
1992 12 24590.0
1993 1 12351.0
1993 2 10001.0
1993 3 15558.0
1993 4 25564.0
1993 5 30771.0
1993 6 39833.0
1993 7 31200.0
1993 8 28886.0
1993 9 30952.0
1993 10 28943.0
1993 11 32219.0
1993 12 24484.0
1994 1 9110.0
1994 2 10931.0
1994 3 24034.0
1994 4 31641.0
1994 5 42442.0
1994 6 53914.0
1994 7 43977.0
1994 8 44840.0
1994 9 38034.0
1994 10 34652.0
1994 11 27920.0
1994 12 19682.0
1995 1 9793.0
1995 2 15492.0
1995 3 23248.0
1995 4 36955.0
1995 5 46248.0
1995 6 52001.0
1995 7 34373.0
1995 8 40705.0
1995 9 33753.0
1995 10 38507.0
1995 11 31363.0
1995 12 20849.0
1996 1 12137.0
1996 2 14484.0
1996 3 26711.0
1996 4 40923.0
1996 5 54433.0
1996 6 46523.0
1996 7 43272.0
1996 8 57320.0
1996 9 42123.0
1996 10 36740.0
1996 11 29188.0
1996 12 24130.0
1997 1 19126.0
1997 2 13859.0
1997 3 22197.0
1997 4 38181.0
1997 5 51913.0
1997 6 46142.0
1997 7 44928.0
1997 8 49045.0
1997 9 35787.0
1997 10 47894.0
1997 11 35245.0
1997 12 29359.0
1998 1 19187.0
1998 2 22566.0
1998 3 32314.0
1998 4 50059.0
1998 5 53669.0
1998 6 62896.0
1998 7 61998.0
1998 8 47015.0
1998 9 55529.0
1998 10 51804.0
1998 11 43968.0
1998 12 49318.0
1999 1 20920.0
1999 2 30443.0
1999 3 37364.0
1999 4 67533.0
1999 5 64536.0
1999 6 68065.0
1999 7 61489.0
1999 8 57439.0
1999 9 57777.0
1999 10 52200.0
1999 11 44561.0
1999 12 51634.0
2000 1 33468.0
2000 2 29381.0
2000 3 49564.0
2000 4 70274.0
2000 5 73472.0
2000 6 85828.0
2000 7 66940.0
2000 8 69331.0
2000 9 54535.0
2000 10 61875.0
2000 11 55429.0
2000 12 32256.0
2001 1 29415.0
2001 2 32319.0
2001 3 38584.0
2001 4 56261.0
2001 5 88739.0
2001 6 83030.0
2001 7 75921.0
2001 8 71822.0
2001 9 69169.0
2001 10 65510.0
2001 11 48219.0
2001 12 42134.0
2002 1 39806.0
2002 2 44332.0
2002 3 59117.0
2002 4 80084.0
2002 5 89529.0
2002 6 89220.0
2002 7 93655.0
2002 8 73935.0
2002 9 75315.0
2002 10 83726.0
2002 11 55381.0
2002 12 60970.0
2003 1 48408.0
2003 2 47315.0
2003 3 58174.0
2003 4 91571.0
2003 5 97518.0
2003 6 92001.0
2003 7 88920.0
2003 8 87341.0
2003 9 93732.0
2003 10 91522.0
2003 11 65559.0
2003 12 59789.0
2004 1 56408.0
2004 2 49815.0
2004 3 85998.0
2004 4 119615.0
2004 5 123302.0
2004 6 137920.0
2004 7 96569.0
2004 8 99980.0
2004 9 114349.0
2004 10 97193.0
2004 11 92703.0
2004 12 94841.0
2005 1 58733.0
2005 2 63974.0
2005 3 96626.0
2005 4 115168.0
2005 5 144048.0
2005 6 142484.0
2005 7 124898.0
2005 8 137555.0
2005 9 141392.0
2005 10 108890.0
2005 11 91424.0
2005 12 73330.0
2006 1 65390.0
2006 2 60294.0
2006 3 94961.0
2006 4 112110.0
2006 5 119817.0
2006 6 129943.0
2006 7 101345.0
2006 8 107867.0
2006 9 95636.0
2006 10 93375.0
2006 11 75868.0
2006 12 56619.0
2007 1 50205.0
2007 2 48771.0
2007 3 77729.0
2007 4 82274.0
2007 5 97551.0
2007 6 104110.0
2007 7 97509.0
2007 8 91838.0
2007 9 74433.0
2007 10 89682.0
2007 11 45170.0
2007 12 38163.0
2008 1 31948.0
2008 2 31129.0
2008 3 48965.0
2008 4 55517.0
2008 5 62992.0
2008 6 75268.0
2008 7 56358.0
2008 8 52561.0
2008 9 56164.0
2008 10 42699.0
2008 11 35647.0
2008 12 22361.0
2009 1 19850.0
2009 2 19102.0
2009 3 26752.0
2009 4 30662.0
2009 5 49233.0
2009 6 42051.0
2009 7 57168.0
2009 8 34059.0
2009 9 47684.0
2009 10 40169.0
2009 11 41203.0
2009 12 31924.0
2010 1 18856.0
2010 2 32009.0
2010 3 31583.0
2010 4 47428.0
2010 5 53152.0
2010 6 50064.0
2010 7 49029.0
2010 8 47778.0
2010 9 41909.0
2010 10 40756.0
2010 11 41198.0
2010 12 35584.0
2011 1 21466.0
2011 2 12012.0
2011 3 23243.0
2011 4 32468.0
2011 5 33401.0
2011 6 36077.0
2011 7 39382.0
2011 8 31146.0
2011 9 32767.0
2011 10 38261.0
2011 11 33885.0
2011 12 22530.0
2012 1 19426.0
2012 2 20677.0
2012 3 28883.0
2012 4 39374.0
2012 5 41825.0
2012 6 48335.0
2012 7 41602.0
2012 8 46916.0
2012 9 44675.0
2012 10 36581.0
2012 11 41261.0
2012 12 20503.0
2013 1 28031.0
2013 2 23566.0
2013 3 40531.0
2013 4 51410.0
2013 5 61509.0
2013 6 59641.0
2013 7 44464.0
2013 8 50133.0
2013 9 51370.0
2013 10 57115.0
2013 11 56730.0
2013 12 32138.0
2014 1 29008.0
2014 2 27730.0
2014 3 30319.0
2014 4 44011.0
2014 5 65019.0
2014 6 67197.0
2014 7 61360.0
2014 8 53111.0
2014 9 58671.0
2014 10 59032.0
2014 11 45025.0
2014 12 43719.0
2015 1 32501.0
2015 2 13603.0
2015 3 46477.0
2015 4 40204.0
2015 5 63712.0
2015 6 76379.0
2015 7 74123.0
2015 8 63697.0
2015 9 69261.0
2015 10 58966.0
2015 11 52913.0
2015 12 43855.0
2016 1 34439.0
2016 2 46807.0
2016 3 50364.0
2016 4 81716.0
2016 5 89707.0
2016 6 96774.0
2016 7 75929.0
2016 8 80296.0
2016 9 68017.0
2016 10 66172.0
2016 11 64762.0
2016 12 65313.0
2017 1 36021.0
2017 2 52950.0
2017 3 49752.0
2017 4 82049.0
2017 5 65775.0
2017 6 79540.0
2017 7 78883.0
2017 8 97463.0
2017 9 72737.0
2017 10 69166.0
2017 11 100320.0
2017 12 53400.0
2018 1 32439.0
2018 2 53969.0
2018 3 50419.0
2018 4 71153.0
2018 5 91308.0
2018 6 84264.0
2018 7 69767.0
2018 8 67267.0
2018 9 90559.0
2018 10 98149.0
2018 11 65277.0
2018 12 52828.0
2019 1 70351.0
2019 2 71094.0
2019 3 78932.0
2019 4 61462.0
2019 5 75113.0
2019 6 84712.0
2019 7 110393.0
2019 8 91354.0
2019 9 78718.0
2019 10 89327.0
2019 11 56274.0
2019 12 38159.0
2020 1 46425.0
2020 2 54291.0
2020 3 76622.0
2020 4 88854.0
2020 5 83008.0
2020 6 144759.0
2020 7 103837.0
2020 8 117577.0
2020 9 145388.0
2020 10 129967.0
2020 11 88497.0
2020 12 94976.0
2021 1 97830.0
2021 2 71832.0
2021 3 123046.0
2021 4 148065.0
2021 5 168728.0
2021 6 203858.0
2021 7 169927.0
2021 8 171477.0
2021 9 117440.0
2021 10 117504.0
2021 11 85890.0
2021 12 141105.0
2022 1 107204.0
2022 2 157167.0
2022 3 100406.0
2022 4 161258.0
2022 5 160665.0
2022 6 146145.0
2022 7 153998.0
2022 8 147386.0
2022 9 121388.0
2022 10 112417.0
2022 11 94696.0
2022 12 85808.0
2023 1 67429.0
2023 2 66359.0
2023 3 107340.0
2023 4 152609.0
2023 5 179463.0
2023 6 157217.0
2023 7 124679.0
2023 8 178729.0
2023 9 146104.0
2023 10 129327.0
2023 11 114335.0
2023 12 68689.0
2024 1 95220.0
2024 2 92874.0
2024 3 136210.0
2024 4 158607.0
2024 5 173795.0
2024 6 156460.0
2024 7 152272.0
2024 8 168300.0
