1960 5 2105.0
1960 6 1775.0
1960 7 1676.0
1960 8 1877.0
1960 9 1883.0
1960 10 1668.0
1960 11 1351.0
1960 12 808.0
1961 1 350.0
1961 2 144.0
1961 3 669.0
1961 4 1672.0
1961 5 2288.0
1961 6 1911.0
1961 7 1723.0
1961 8 1930.0
1961 9 1531.0
1961 10 1554.0
1961 11 1434.0
1961 12 741.0
1962 1 474.0
1962 2 158.0
1962 3 664.0
1962 4 1971.0
1962 5 1701.0
1962 6 1601.0
1962 7 1567.0
1962 8 1585.0
1962 9 1142.0
1962 10 1690.0
1962 11 1573.0
1962 12 539.0
1963 1 302.0
1963 2 250.0
1963 3 642.0
1963 4 1612.0
1963 5 1629.0
1963 6 1686.0
1963 7 1585.0
1963 8 1424.0
1963 9 1666.0
1963 10 1976.0
1963 11 1009.0
1963 12 526.0
1964 1 572.0
1964 2 310.0
1964 3 685.0
1964 4 1473.0
1964 5 1554.0
1964 6 1439.0
1964 7 1248.0
1964 8 1190.0
1964 9 1458.0
1964 10 1415.0
1964 11 1245.0
1964 12 588.0
1965 1 170.0
1965 2 125.0
1965 3 696.0
1965 4 1431.0
1965 5 1092.0
1965 6 1379.0
1965 7 915.0
1965 8 1446.0
1965 9 1391.0
1965 10 1490.0
1965 11 1061.0
1965 12 500.0
1966 1 430.0
1966 2 357.0
1966 3 953.0
1966 4 2474.0
1966 5 2234.0
1966 6 1710.0
1966 7 1761.0
1966 8 1503.0
1966 9 1684.0
1966 10 1303.0
1966 11 1026.0
1966 12 869.0
1967 1 417.0
1967 2 247.0
1967 3 697.0
1967 4 1711.0
1967 5 1921.0
1967 6 1496.0
1967 7 1734.0
1967 8 1875.0
1967 9 1650.0
1967 10 2093.0
1967 11 1470.0
1967 12 973.0
1968 1 439.0
1968 2 626.0
1968 3 862.0
1968 4 1651.0
1968 5 3436.0
1968 6 2669.0
1968 7 3358.0
1968 8 2975.0
1968 9 3154.0
1968 10 3188.0
1968 11 2475.0
1968 12 1484.0
1969 1 982.0
1969 2 479.0
1969 3 1311.0
1969 4 2814.0
1969 5 3359.0
1969 6 3277.0
1969 7 3522.0
1969 8 2657.0
1969 9 2543.0
1969 10 3059.0
1969 11 2588.0
1969 12 1683.0
1970 1 1056.0
1970 2 566.0
1970 3 1665.0
1970 4 3787.0
1970 5 4513.0
1970 6 4905.0
1970 7 3824.0
1970 8 4330.0
1970 9 3668.0
1970 10 3286.0
1970 11 2634.0
1970 12 2438.0
1971 1 989.0
1971 2 882.0
1971 3 1972.0
1971 4 4598.0
1971 5 4833.0
1971 6 4955.0
1971 7 5566.0
1971 8 4377.0
1971 9 4452.0
1971 10 5907.0
1971 11 5263.0
1971 12 3063.0
1972 1 2031.0
1972 2 3174.0
1972 3 3378.0
1972 4 5473.0
1972 5 7559.0
1972 6 10394.0
1972 7 6161.0
1972 8 5856.0
1972 9 6246.0
1972 10 7285.0
1972 11 6250.0
1972 12 4169.0
1973 1 1801.0
1973 2 3019.0
1973 3 5547.0
1973 4 6839.0
1973 5 8114.0
1973 6 7804.0
1973 7 7944.0
1973 8 9389.0
1973 9 5787.0
1973 10 5667.0
1973 11 4839.0
1973 12 2365.0
1974 1 1458.0
1974 2 3292.0
1974 3 5382.0
1974 4 7253.0
1974 5 9010.0
1974 6 17384.0
1974 7 9679.0
1974 8 6000.0
1974 9 8613.0
1974 10 6919.0
1974 11 4158.0
1974 12 3902.0
1975 1 2170.0
1975 2 2467.0
1975 3 5382.0
1975 4 6781.0
1975 5 12087.0
1975 6 11784.0
1975 7 8607.0
1975 8 10931.0
1975 9 9313.0
1975 10 7546.0
1975 11 6096.0
1975 12 4414.0
1976 1 2561.0
1976 2 1535.0
1976 3 7250.0
1976 4 10151.0
1976 5 9470.0
1976 6 13276.0
1976 7 8970.0
1976 8 8421.0
1976 9 8753.0
1976 10 8935.0
1976 11 8222.0
1976 12 4104.0
1977 1 1852.0
1977 2 2619.0
1977 3 7067.0
1977 4 7685.0
1977 5 12062.0
1977 6 13431.0
1977 7 11197.0
1977 8 12589.0
1977 9 9626.0
1977 10 9790.0
1977 11 8667.0
1977 12 4794.0
1978 1 2873.0
1978 2 3587.0
1978 3 7427.0
1978 4 9872.0
1978 5 16251.0
1978 6 15444.0
1978 7 9791.0
1978 8 11895.0
1978 9 10436.0
1978 10 10954.0
1978 11 8949.0
1978 12 5936.0
1979 1 1939.0
1979 2 2167.0
1979 3 6767.0
1979 4 14339.0
1979 5 13763.0
1979 6 12258.0
1979 7 11259.0
1979 8 9723.0
1979 9 9190.0
1979 10 7208.0
1979 11 6369.0
1979 12 3328.0
1980 1 2425.0
1980 2 1903.0
1980 3 4341.0
1980 4 6634.0
1980 5 7199.0
1980 6 9027.0
1980 7 8838.0
1980 8 9387.0
1980 9 9116.0
1980 10 9467.0
1980 11 6415.0
1980 12 4798.0
1981 1 2513.0
1981 2 2459.0
1981 3 6445.0
1981 4 11411.0
1981 5 6970.0
1981 6 7151.0
1981 7 8306.0
1981 8 6573.0
1981 9 6010.0
1981 10 4456.0
1981 11 4239.0
1981 12 2105.0
1982 1 971.0
1982 2 1472.0
1982 3 4643.0
1982 4 5863.0
1982 5 8549.0
1982 6 9264.0
1982 7 6182.0
1982 8 6664.0
1982 9 6336.0
1982 10 9511.0
1982 11 7445.5
1982 12 5380.0
1983 1 3370.0
1983 2 2635.0
1983 3 6915.0
1983 4 13824.0
1983 5 13894.0
1983 6 14490.0
1983 7 13726.0
1983 8 15316.0
1983 9 12914.0
1983 10 11280.0
1983 11 10580.0
1983 12 6768.0
1984 1 4827.0
1984 2 5736.0
1984 3 9133.0
1984 4 16609.0
1984 5 20077.0
1984 6 17968.0
1984 7 19048.0
1984 8 17030.0
1984 9 16143.0
1984 10 19181.0
1984 11 15179.0
1984 12 8662.0
1985 1 8250.0
1985 2 7498.0
1985 3 19363.0
1985 4 31467.0
1985 5 32210.0
1985 6 28421.0
1985 7 24486.0
1985 8 29519.0
1985 9 27329.0
1985 10 24720.0
1985 11 25705.0
1985 12 19858.0
1986 1 12415.0
1986 2 13947.0
1986 3 30304.0
1986 4 40057.0
1986 5 43716.0
1986 6 41124.0
1986 7 35890.0
1986 8 31428.0
1986 9 32100.0
1986 10 39380.0
1986 11 20887.0
1986 12 20638.0
1987 1 17613.0
1987 2 17030.0
1987 3 34499.0
1987 4 48681.0
1987 5 49418.0
1987 6 52086.0
1987 7 45237.0
1987 8 39353.0
1987 9 48258.0
1987 10 41971.0
1987 11 38479.0
1987 12 27255.0
1988 1 18393.0
1988 2 19426.0
1988 3 35871.0
1988 4 43871.0
1988 5 42079.0
1988 6 57732.0
1988 7 42283.0
1988 8 45223.0
1988 9 38215.0
1988 10 33937.0
1988 11 25830.0
1988 12 22874.0
1989 1 17892.0
1989 2 17003.0
1989 3 30517.0
1989 4 37227.0
1989 5 40690.0
1989 6 36291.0
1989 7 32238.0
1989 8 37771.0
1989 9 31997.0
1989 10 28748.0
1989 11 35149.0
1989 12 15256.0
1990 1 11829.0
1990 2 17508.0
1990 3 25078.0
1990 4 28156.0
1990 5 32468.0
1990 6 31503.0
1990 7 25738.0
1990 8 25612.0
1990 9 24922.0
1990 10 26297.0
1990 11 21029.0
1990 12 11448.0
1991 1 7421.0
1991 2 7312.0
1991 3 15749.0
1991 4 26984.0
1991 5 29305.0
1991 6 28402.0
1991 7 25469.0
1991 8 23778.0
1991 9 25442.0
1991 10 28331.0
1991 11 19212.0
1991 12 15733.0
1992 1 11845.0
1992 2 11933.0
1992 3 18304.0
1992 4 25753.0
1992 5 31477.0
1992 6 31447.0
1992 7 28357.0
1992 8 29413.0
1992 9 25608.0
1992 10 27701.0
1992 11 23454.0
1992 12 20842.0
1993 1 11551.0
1993 2 10001.0
1993 3 15408.0
1993 4 25264.0
1993 5 29684.0
1993 6 39005.0
1993 7 30129.0
1993 8 27120.0
1993 9 30575.0
1993 10 28021.0
1993 11 25290.0
1993 12 23811.0
1994 1 8839.0
1994 2 10487.0
1994 3 23722.0
1994 4 30933.0
1994 5 41712.0
1994 6 51465.0
1994 7 43155.0
1994 8 44137.0
1994 9 37411.0
1994 10 32811.0
1994 11 27088.0
1994 12 19094.0
1995 1 9418.0
1995 2 14886.0
1995 3 22031.0
1995 4 35281.0
1995 5 45799.0
1995 6 51322.0
1995 7 33846.0
1995 8 33549.0
1995 9 33024.0
1995 10 37159.0
1995 11 30034.0
1995 12 20100.0
1996 1 12008.0
1996 2 14484.0
1996 3 26441.0
1996 4 40126.0
1996 5 53212.0
1996 6 45721.0
1996 7 42526.0
1996 8 54639.0
1996 9 40355.0
1996 10 34480.0
1996 11 28412.0
1996 12 24005.0
1997 1 18283.0
1997 2 13500.0
1997 3 21895.0
1997 4 37693.0
1997 5 48936.0
1997 6 45562.0
1997 7 44391.0
1997 8 47861.0
1997 9 35221.0
1997 10 46471.0
1997 11 34707.0
1997 12 24885.0
1998 1 18912.0
1998 2 22366.0
1998 3 31235.0
1998 4 48307.0
1998 5 52048.0
1998 6 60063.0
1998 7 56049.0
1998 8 45591.0
1998 9 53163.0
1998 10 47494.0
1998 11 41049.0
1998 12 48344.0
1999 1 20235.0
1999 2 25590.0
1999 3 36561.0
1999 4 65458.0
1999 5 62509.0
1999 6 65666.0
1999 7 60051.0
1999 8 56037.0
1999 9 56038.0
1999 10 50278.0
1999 11 41747.0
1999 12 46367.0
2000 1 31826.0
2000 2 28122.0
2000 3 47783.0
2000 4 68095.0
2000 5 72099.0
2000 6 82202.0
2000 7 66262.0
2000 8 62403.0
2000 9 52146.0
2000 10 60601.0
2000 11 44791.0
2000 12 31653.0
2001 1 28276.0
2001 2 30567.0
2001 3 36324.0
2001 4 54418.0
2001 5 87818.0
2001 6 74772.0
2001 7 69649.0
2001 8 67385.0
2001 9 65852.0
2001 10 63244.0
2001 11 45598.0
2001 12 40415.0
2002 1 36807.0
2002 2 43813.0
2002 3 55421.0
2002 4 75198.0
2002 5 84219.0
2002 6 80415.0
2002 7 75395.0
2002 8 69432.0
2002 9 72400.0
2002 10 79769.0
2002 11 50100.0
2002 12 54273.0
2003 1 46153.0
2003 2 42769.0
2003 3 55702.0
2003 4 88174.0
2003 5 93372.0
2003 6 89697.0
2003 7 85100.0
2003 8 82634.0
2003 9 90719.0
2003 10 82104.0
2003 11 61609.0
2003 12 54571.0
2004 1 53993.0
2004 2 48609.0
2004 3 81138.0
2004 4 115294.0
2004 5 110773.0
2004 6 131896.0
2004 7 90857.0
2004 8 93579.0
2004 9 109877.0
2004 10 88850.0
2004 11 86030.0
2004 12 90984.0
2005 1 56657.0
2005 2 60808.0
2005 3 89150.0
2005 4 104749.0
2005 5 137281.0
2005 6 135085.0
2005 7 118818.0
2005 8 131251.0
2005 9 131046.0
2005 10 101854.0
2005 11 85522.0
2005 12 64564.0
2006 1 63597.0
2006 2 56821.0
2006 3 90213.0
2006 4 106504.0
2006 5 114211.0
2006 6 125300.0
2006 7 97366.0
2006 8 102296.0
2006 9 87871.0
2006 10 88720.0
2006 11 68688.0
2006 12 53085.0
2007 1 47709.0
2007 2 46904.0
2007 3 74460.0
2007 4 76422.0
2007 5 92225.0
2007 6 93916.0
2007 7 93165.0
2007 8 81828.0
2007 9 65980.0
2007 10 84209.0
2007 11 40155.0
2007 12 35125.0
2008 1 29315.0
2008 2 29247.0
2008 3 46561.0
2008 4 53352.0
2008 5 55505.0
2008 6 52781.0
2008 7 53179.0
2008 8 49213.0
2008 9 52054.0
2008 10 39608.0
2008 11 34068.0
2008 12 20872.0
2009 1 18930.0
2009 2 14863.0
2009 3 26166.0
2009 4 29850.0
2009 5 48829.0
2009 6 40378.0
2009 7 56144.0
2009 8 32866.0
2009 9 45512.0
2009 10 39950.0
2009 11 39033.0
2009 12 30725.0
2010 1 18184.0
2010 2 30555.0
2010 3 31343.0
2010 4 45848.0
2010 5 50078.0
2010 6 47705.0
2010 7 46985.0
2010 8 46038.0
2010 9 37507.0
2010 10 39450.0
2010 11 39839.0
2010 12 34522.0
2011 1 20885.0
2011 2 11598.0
2011 3 22108.0
2011 4 31970.0
2011 5 30401.0
2011 6 34311.0
2011 7 38874.0
2011 8 25628.0
2011 9 32022.0
2011 10 32237.0
2011 11 30300.0
2011 12 21821.0
2012 1 12414.0
2012 2 18776.0
2012 3 28664.0
2012 4 38233.0
2012 5 39240.0
2012 6 44588.0
2012 7 40377.0
2012 8 45895.0
2012 9 43889.0
2012 10 35376.0
2012 11 36421.0
2012 12 19214.0
2013 1 27370.0
2013 2 23347.0
2013 3 27694.0
2013 4 50133.0
2013 5 56226.0
2013 6 56123.0
2013 7 39812.0
2013 8 48654.0
2013 9 47749.0
2013 10 55727.0
2013 11 53394.0
2013 12 24112.0
2014 1 28101.0
2014 2 26999.0
2014 3 27799.0
2014 4 39900.0
2014 5 58833.0
2014 6 61125.0
2014 7 54475.0
2014 8 43639.0
2014 9 54714.0
2014 10 55493.0
2014 11 37295.0
2014 12 42302.0
2015 1 28568.0
2015 2 11936.0
2015 3 30440.0
2015 4 30472.0
2015 5 58519.0
2015 6 61847.0
2015 7 69411.0
2015 8 61598.0
2015 9 46907.0
2015 10 52407.0
2015 11 51049.0
2015 12 37831.0
2016 1 33174.0
2016 2 45089.0
2016 3 46023.0
2016 4 78314.0
2016 5 82342.0
2016 6 92789.0
2016 7 62881.0
2016 8 76285.0
2016 9 64081.0
2016 10 64967.0
2016 11 62102.0
2016 12 61530.0
2017 1 33091.0
2017 2 50212.0
2017 3 45844.0
2017 4 76437.0
2017 5 64121.0
2017 6 71354.0
2017 7 75667.0
2017 8 93401.0
2017 9 70815.0
2017 10 66434.0
2017 11 88889.0
2017 12 45497.0
2018 1 26631.0
2018 2 41736.0
2018 3 46766.0
2018 4 68689.0
2018 5 86930.0
2018 6 80411.0
2018 7 66410.0
2018 8 63092.0
2018 9 83358.0
2018 10 93154.0
2018 11 62247.0
2018 12 42469.0
2019 1 49011.0
2019 2 59555.0
2019 3 39514.0
2019 4 55436.0
2019 5 66970.0
2019 6 75561.0
2019 7 103481.0
2019 8 84496.0
2019 9 70881.0
2019 10 74735.0
2019 11 49965.0
2019 12 35419.0
2020 1 40739.0
2020 2 50902.0
2020 3 66362.0
2020 4 65210.0
2020 5 74849.0
2020 6 131690.0
2020 7 86171.0
2020 8 113542.0
2020 9 113503.0
2020 10 114275.0
2020 11 85303.0
2020 12 93008.0
2021 1 69214.0
2021 2 65668.0
2021 3 119369.0
2021 4 138371.0
2021 5 145850.0
2021 6 173628.0
2021 7 118822.0
2021 8 163733.0
2021 9 109301.0
2021 10 113986.0
2021 11 74494.0
2021 12 114948.0
2022 1 78279.0
2022 2 72508.0
2022 3 93820.0
2022 4 132669.0
2022 5 148738.0
2022 6 127008.0
2022 7 131606.0
2022 8 132235.0
2022 9 112469.0
2022 10 103513.0
2022 11 83831.0
2022 12 64925.0
2023 1 64006.0
2023 2 60895.0
2023 3 84074.0
2023 4 135419.0
2023 5 150919.0
2023 6 143651.0
2023 7 114905.0
2023 8 143365.0
2023 9 115322.0
2023 10 118301.0
2023 11 102437.0
2023 12 60546.0
2024 1 83475.0
2024 2 82283.0
2024 3 97213.0
2024 4 152266.0
2024 5 139827.0
2024 6 132872.0
2024 7 137195.0
2024 8 149887.0
