1960 8 1.0
1960 9 35.0
1960 10 41.25
1960 11 47.5
1960 12 53.75
1961 1 60.0
1961 2 66.25
1961 3 72.5
1961 4 78.75
1961 5 85.0
1961 6 91.25
1961 7 97.5
1961 8 103.75
1961 9 110.0
1961 10 109.0
1961 11 108.0
1961 12 107.0
1962 1 106.0
1962 2 105.0
1962 3 104.0
1962 4 103.0
1962 5 102.0
1962 6 101.0
1962 7 100.0
1962 8 99.0
1962 9 98.0
1962 10 97.0
1962 11 96.0
1962 12 95.0
1963 1 94.0
1963 2 93.0
1963 3 92.0
1963 4 91.0
1963 5 90.0
1963 6 143.33333333333334
1963 7 196.66666666666669
1963 8 250.0
1963 9 242.22222222222223
1963 10 234.44444444444446
1963 11 226.66666666666666
1963 12 218.88888888888889
1964 1 211.11111111111111
1964 2 203.33333333333334
1964 3 195.55555555555554
1964 4 187.77777777777777
1964 5 180.0
1964 6 172.22222222222223
1964 7 164.44444444444446
1964 8 156.66666666666669
1964 9 148.88888888888889
1964 10 141.11111111111111
1964 11 133.33333333333331
1964 12 125.55555555555556
1965 1 117.77777777777777
1965 2 110.0
1965 3 102.22222222222223
1965 4 94.44444444444446
1965 5 86.66666666666666
1965 6 78.88888888888889
1965 7 71.11111111111111
1965 8 63.33333333333334
1965 9 55.55555555555557
1965 10 47.77777777777777
1965 11 40.0
1965 12 62.0
1966 1 84.0
1966 2 106.0
1966 3 128.0
1966 4 150.0
1966 5 75.0
1966 6 301.5
1966 7 528.0
1966 8 415.5
1966 9 303.0
1966 10 190.5
1966 11 78.0
1966 12 83.0
1967 1 432.0
1967 2 781.0
1967 3 1130.0
1967 4 602.5
1967 5 75.0
1967 6 83.0
1967 7 81.5
1967 8 80.0
1967 9 1390.0
1967 10 2700.0
1967 11 328.0
1967 12 1400.0
1968 1 727.5
1968 2 55.0
1968 3 322.0
1968 4 200.0
1968 5 120.0
1968 6 73.0
1968 7 26.0
1968 8 54.0
1968 9 82.0
1968 10 110.0
1968 11 471.0
1968 12 195.0
1969 1 204.0
1969 2 392.2
1969 3 580.4
1969 4 768.5999999999999
1969 5 956.8
1969 6 1145.0
1969 7 55.0
1969 8 294.0
1969 9 1319.0
1969 10 525.0
1969 11 125.0
1969 12 346.5
1970 1 568.0
1970 2 280.0
1970 3 159.5
1970 4 39.0
1970 5 274.5
1970 6 510.0
1970 7 152.0
1970 8 176.0
1970 9 200.0
1970 10 909.0
1970 11 156.0
1970 12 600.0
1971 1 208.0
1971 2 200.0
1971 3 65.0
1971 4 690.0
1971 5 1742.0
1971 6 2794.0
1971 7 420.0
1971 8 70.0
1971 9 2465.0
1971 10 3875.0
1971 11 597.0
1971 12 2695.0
1972 1 850.0
1972 2 1945.0
1972 3 15.0
1972 4 331.0
1972 5 520.0
1972 6 1915.0
1972 7 1275.0
1972 8 690.0
1972 9 3294.0
1972 10 5255.0
1972 11 945.0
1972 12 1640.0
1973 1 946.5
1973 2 253.0
1973 3 160.0
1973 4 783.0
1973 5 250.0
1973 6 400.0
1973 7 1649.0
1973 8 415.0
1973 9 312.0
1973 10 1093.0
1973 11 200.0
1973 12 1394.0
1974 1 927.0
1974 2 1222.3333333333333
1974 3 1517.6666666666665
1974 4 1813.0
1974 5 272.0
1974 6 836.0
1974 7 623.3333333333334
1974 8 410.6666666666667
1974 9 198.0
1974 10 243.0
1974 11 600.0
1974 12 64.0
1975 1 1800.0
1975 2 1545.0
1975 3 1290.0
1975 4 1035.0
1975 5 780.0
1975 6 525.0
1975 7 270.0
1975 8 178.0
1975 9 250.0
1975 10 455.0
1975 11 371.6666666666667
1975 12 288.33333333333337
1976 1 205.0
1976 2 160.0
1976 3 460.0
1976 4 954.5
1976 5 1449.0
1976 6 1943.5
1976 7 2438.0
1976 8 160.0
1976 9 917.0
1976 10 3130.0
1976 11 364.0
1976 12 200.0
1977 1 878.0
1977 2 1556.0
1977 3 2234.0
1977 4 5236.0
1977 5 240.0
1977 6 200.0
1977 7 75.0
1977 8 119.0
1977 9 3210.0
1977 10 2733.0
1977 11 1010.0
1977 12 330.0
1978 1 379.0
1978 2 428.0
1978 3 539.0
1978 4 650.0
1978 5 170.0
1978 6 5982.0
1978 7 1359.0
1978 8 969.0
1978 9 1899.0
1978 10 2923.0
1978 11 2017.0
1978 12 3360.0
1979 1 2962.0
1979 2 1668.0
1979 3 1272.0
1979 4 1848.0
1979 5 155.0
1979 6 1455.0
1979 7 100.0
1979 8 272.0
1979 9 3017.0
1979 10 2056.0
1979 11 442.0
1979 12 1942.0
1980 1 1975.8
1980 2 2009.6
1980 3 2043.4
1980 4 2077.2
1980 5 2111.0
1980 6 2049.0
1980 7 338.0
1980 8 1421.0
1980 9 3634.0
1980 10 2400.0
1980 11 1600.0
1980 12 8494.0
1981 1 6867.2
1981 2 5240.4
1981 3 3613.6000000000004
1981 4 1986.8000000000002
1981 5 360.0
1981 6 360.0
1981 7 360.0
1981 8 169.0
1981 9 1060.0
1981 10 1540.0
1981 11 284.0
1981 12 289.3333333333333
1982 1 294.6666666666667
1982 2 300.0
1982 3 1653.0
1982 4 6226.0
1982 5 4793.0
1982 6 3360.0
1982 7 1927.0
1982 8 3163.0
1982 9 4399.0
1982 10 2344.0
1982 11 2222.0
1982 12 2100.0
1983 1 210.0
1983 2 230.0
1983 3 250.0
1983 4 189.0
1983 5 1235.0
1983 6 1926.0
1983 7 350.0
1983 8 320.0
1983 9 1941.0
1983 10 5873.0
1983 11 830.0
1983 12 1765.0
1984 1 569.0
1984 2 24053.0
1984 3 2895.0
1984 4 3131.0
1984 5 4407.0
1984 6 2228.0
1984 7 3067.0
1984 8 1470.0
1984 9 2578.0
1984 10 473.0
1984 11 5290.0
1984 12 2519.0
1985 1 265.0
1985 2 354.0
1985 3 443.0
1985 4 4025.0
1985 5 7887.0
1985 6 5339.0
1985 7 2942.0
1985 8 9421.0
1985 9 2320.0
1985 10 10007.0
1985 11 11558.0
1985 12 2129.0
1986 1 4071.0
1986 2 1759.0
1986 3 10652.0
1986 4 6477.0
1986 5 3517.0
1986 6 4898.0
1986 7 3168.0
1986 8 2011.0
1986 9 5292.0
1986 10 2782.0
1986 11 4703.0
1986 12 2709.0
1987 1 4598.0
1987 2 2132.0
1987 3 2191.0
1987 4 3734.0
1987 5 18393.0
1987 6 9503.0
1987 7 3303.0
1987 8 3609.0
1987 9 4311.0
1987 10 1828.0
1987 11 6081.0
1987 12 10744.0
1988 1 1691.0
1988 2 2497.0
1988 3 8998.0
1988 4 11571.0
1988 5 9241.0
1988 6 5386.0
1988 7 6398.0
1988 8 9759.0
1988 9 8221.0
1988 10 4582.0
1988 11 1820.0
1988 12 6691.0
1989 1 1854.0
1989 2 1920.0
1989 3 8294.0
1989 4 10703.0
1989 5 1018.0
1989 6 1567.0
1989 7 1825.0
1989 8 2565.0
1989 9 2388.0
1989 10 721.0
1989 11 419.0
1989 12 125.0
1990 1 6285.0
1990 2 462.0
1990 3 2468.0
1990 4 273.0
1990 5 735.0
1990 6 764.0
1990 7 232.0
1990 8 1117.0
1990 9 1180.0
1990 10 295.0
1990 11 187.0
1990 12 460.0
1991 1 175.0
1991 2 170.0
1991 3 267.0
1991 4 321.0
1991 5 102.0
1991 6 920.0
1991 7 1580.0
1991 8 102.0
1991 9 263.0
1991 10 1129.0
1991 11 352.0
1991 12 122.0
1992 1 102.0
1992 2 165.0
1992 3 181.75
1992 4 198.5
1992 5 215.25
1992 6 232.0
1992 7 227.0
1992 8 222.0
1992 9 217.0
1992 10 212.0
1992 11 1000.0
1992 12 3603.0
1993 1 800.0
1993 2 707.75
1993 3 615.5
1993 4 523.25
1993 5 431.0
1993 6 353.0
1993 7 469.0
1993 8 748.0
1993 9 499.0
1993 10 250.0
1993 11 6500.0
1993 12 403.0
1994 1 271.0
1994 2 250.0
1994 3 260.5
1994 4 271.0
1994 5 510.0
1994 6 1795.0
1994 7 521.0
1994 8 250.0
1994 9 250.0
1994 10 900.0
1994 11 379.0
1994 12 250.0
1995 1 220.0
1995 2 271.0
1995 3 1217.0
1995 4 1450.0
1995 5 250.0
1995 6 470.0
1995 7 462.0
1995 8 6397.0
1995 9 300.0
1995 10 721.0
1995 11 655.0
1995 12 650.0
1996 1 506.66666666666663
1996 2 363.3333333333333
1996 3 220.0
1996 4 483.0
1996 5 991.0
1996 6 522.0
1996 7 208.0
1996 8 2191.0
1996 9 1126.0
1996 10 1664.0
1996 11 301.0
1996 12 301.0
1997 1 301.0
1997 2 270.0
1997 3 239.0
1997 4 208.0
1997 5 2867.0
1997 6 243.0
1997 7 505.0
1997 8 767.0
1997 9 833.5
1997 10 900.0
1997 11 1918.5
1997 12 2937.0
1998 1 2058.3333333333335
1998 2 1179.6666666666667
1998 3 301.0
1998 4 325.0
1998 5 349.0
1998 6 2099.0
1998 7 5240.0
1998 8 349.0
1998 9 1174.0
1998 10 2901.0
1998 11 1969.0
1998 12 349.0
1999 1 465.0
1999 2 2500.0
1999 3 373.0
1999 4 885.0
1999 5 1011.0
1999 6 1517.0
1999 7 773.0
1999 8 813.0
1999 9 813.0
1999 10 813.0
1999 11 1422.0
1999 12 2793.0
2000 1 1198.0
2000 2 813.0
2000 3 983.0
2000 4 860.0
2000 5 598.0
2000 6 1700.0
2000 7 379.0
2000 8 6408.0
2000 9 860.0
2000 10 379.0
2000 11 8868.0
2000 12 219.0
2001 1 219.0
2001 2 379.0
2001 3 379.0
2001 4 218.0
2001 5 218.0
2001 6 7068.0
2001 7 3429.0
2001 8 2327.0
2001 9 1068.0
2001 10 1260.0
2001 11 1478.0
2001 12 1659.0
2002 1 1839.0
2002 2 219.0
2002 3 1681.0
2002 4 2868.0
2002 5 1498.0
2002 6 6499.0
2002 7 14643.0
2002 8 1420.0
2002 9 887.0
2002 10 696.0
2002 11 1944.0
2002 12 3719.0
2003 1 2351.0
2003 2 983.0
2003 3 792.0
2003 4 637.0
2003 5 921.0
2003 6 743.0
2003 7 1153.0
2003 8 1663.0
2003 9 987.0
2003 10 5754.0
2003 11 1435.0
2003 12 3853.0
2004 1 1684.0
2004 2 637.0
2004 3 1796.0
2004 4 1389.0
2004 5 9599.0
2004 6 2445.0
2004 7 2301.0
2004 8 1651.0
2004 9 967.0
2004 10 4625.0
2004 11 4268.0
2004 12 1796.0
2005 1 806.0
2005 2 1584.0
2005 3 2708.0
2005 4 8078.0
2005 5 2309.0
2005 6 2619.0
2005 7 2194.0
2005 8 4681.0
2005 9 5082.0
2005 10 4175.0
2005 11 4134.0
2005 12 6128.0
2006 1 1059.0
2006 2 1527.0
2006 3 2955.0
2006 4 2201.0
2006 5 2463.0
2006 6 1392.0
2006 7 1527.0
2006 8 3369.0
2006 9 4919.0
2006 10 1692.0
2006 11 4973.0
2006 12 1406.0
2007 1 1349.0
2007 2 1188.0
2007 3 1469.0
2007 4 3874.0
2007 5 2388.0
2007 6 7988.0
2007 7 2378.0
2007 8 7784.0
2007 9 3401.0
2007 10 4803.0
2007 11 3477.0
2007 12 2043.0
2008 1 1363.0
2008 2 522.0
2008 3 1643.0
2008 4 1368.0
2008 5 6076.0
2008 6 21673.0
2008 7 2025.0
2008 8 1144.0
2008 9 3829.0
2008 10 805.0
2008 11 1029.0
2008 12 1029.0
2009 1 1256.5
2009 2 1484.0
2009 3 851.5
2009 4 219.0
2009 5 219.0
2009 6 219.0
2009 7 664.0
2009 8 219.0
2009 9 219.0
2009 10 219.0
2009 11 1017.0
2009 12 886.0
2010 1 449.0
2010 2 219.0
2010 3 431.5
2010 4 644.0
2010 5 2714.0
2010 6 1503.0
2010 7 1734.0
2010 8 1189.0
2010 9 773.0
2010 10 688.0
2010 11 219.0
2010 12 350.0
2011 1 219.0
2011 2 219.0
2011 3 644.0
2011 4 219.0
2011 5 2829.0
2011 6 1116.0
2011 7 219.0
2011 8 3943.0
2011 9 263.0
2011 10 5885.0
2011 11 2306.0
2011 12 350.0
2012 1 6812.0
2012 2 606.0
2012 3 219.0
2012 4 731.0
2012 5 1370.0
2012 6 1262.0
2012 7 1022.0
2012 8 481.0
2012 9 438.0
2012 10 438.0
2012 11 3371.0
2012 12 525.0
2013 1 481.0
2013 2 219.0
2013 3 12438.0
2013 4 481.0
2013 5 4391.0
2013 6 1454.0
2013 7 1415.0
2013 8 919.0
2013 9 1706.0
2013 10 525.0
2013 11 1278.0
2013 12 7869.0
2014 1 647.0
2014 2 691.0
2014 3 1394.0
2014 4 3581.0
2014 5 4031.0
2014 6 5912.0
2014 7 4610.0
2014 8 8772.0
2014 9 3387.0
2014 10 1683.0
2014 11 7320.0
2014 12 1417.0
2015 1 3393.0
2015 2 1667.0
2015 3 16037.0
2015 4 8959.0
2015 5 5193.0
2015 6 6211.0
2015 7 3920.0
2015 8 875.0
2015 9 21015.0
2015 10 4684.0
2015 11 919.0
2015 12 5279.0
2016 1 215.0
2016 2 919.0
2016 3 657.0
2016 4 1534.0
2016 5 6246.0
2016 6 2051.0
2016 7 4103.0
2016 8 2110.0
2016 9 2682.0
2016 10 2230.0
2016 11 1778.0
2016 12 2205.0
2017 1 2026.0
2017 2 2058.0
2017 3 2176.0
2017 4 4753.0
2017 5 1054.0
2017 6 6693.0
2017 7 808.0
2017 8 3213.0
2017 9 1527.0
2017 10 1845.0
2017 11 11082.0
2017 12 7708.0
2018 1 5613.0
2018 2 9673.0
2018 3 2499.0
2018 4 1491.0
2018 5 1945.0
2018 6 2786.0
2018 7 3034.0
2018 8 2850.0
2018 9 6014.0
2018 10 3309.0
2018 11 4244.5
2018 12 5180.0
2019 1 20246.0
2019 2 10520.0
2019 3 31086.0
2019 4 2289.0
2019 5 6917.0
2019 6 5463.0
2019 7 5120.0
2019 8 5462.0
2019 9 4415.0
2019 10 6104.0
2019 11 5460.0
2019 12 1129.0
2020 1 4879.0
2020 2 1938.0
2020 3 3224.0
2020 4 22433.0
2020 5 5903.0
2020 6 6132.0
2020 7 14398.0
2020 8 22077.5
2020 9 29757.0
2020 10 5184.0
2020 11 2395.0
2020 12 348.0
2021 1 22597.0
2021 2 348.0
2021 3 852.0
2021 4 7351.0
2021 5 18240.0
2021 6 22948.0
2021 7 27355.0
2021 8 5242.0
2021 9 6253.0
2021 10 783.0
2021 11 9131.0
2021 12 12776.0
2022 1 25868.0
2022 2 79097.0
2022 3 3908.0
2022 4 24009.0
2022 5 8242.0
2022 6 15524.0
2022 7 19505.0
2022 8 9882.0
2022 9 6307.0
2022 10 6891.0
2022 11 5624.0
2022 12 16207.0
2023 1 1114.0
2023 2 3600.0
2023 3 21007.0
2023 4 12354.0
2023 5 22189.0
2023 6 3055.0
2023 7 6915.0
2023 8 28445.0
2023 9 25164.0
2023 10 7347.0
2023 11 7212.0
2023 12 6852.0
2024 1 8897.0
2024 2 6537.0
2024 3 33310.0
2024 4 3772.0
2024 5 16960.0
2024 6 15837.0
2024 7 7298.0
2024 8 9529.0
