1960 5 8951.0
1960 6 854.0
1960 7 3736.0
1960 8 3028.0
1960 9 2349.0
1960 10 745.0
1960 11 4106.0
1960 12 3069.0
1961 1 2074.0
1961 2 1980.0
1961 3 4478.0
1961 4 7281.0
1961 5 4795.0
1961 6 6837.0
1961 7 7212.0
1961 8 9085.0
1961 9 5107.0
1961 10 5595.0
1961 11 7577.0
1961 12 9493.0
1962 1 6935.0
1962 2 5428.0
1962 3 6052.0
1962 4 4323.0
1962 5 3522.0
1962 6 5093.0
1962 7 9486.0
1962 8 11649.0
1962 9 8847.0
1962 10 10106.0
1962 11 7325.0
1962 12 4794.0
1963 1 23968.0
1963 2 6563.0
1963 3 3497.0
1963 4 11996.0
1963 5 4224.0
1963 6 11160.0
1963 7 14972.0
1963 8 6154.0
1963 9 22468.0
1963 10 15280.0
1963 11 29805.0
1963 12 38137.0
1964 1 16381.0
1964 2 12353.0
1964 3 5557.0
1964 4 17016.0
1964 5 6080.0
1964 6 8611.0
1964 7 12762.0
1964 8 12897.0
1964 9 9960.0
1964 10 12700.0
1964 11 16717.0
1964 12 9929.0
1965 1 9536.0
1965 2 15774.0
1965 3 22343.0
1965 4 9252.0
1965 5 14803.0
1965 6 19033.0
1965 7 16894.0
1965 8 13314.0
1965 9 19417.0
1965 10 26003.0
1965 11 31869.0
1965 12 23482.0
1966 1 20747.0
1966 2 10640.0
1966 3 15096.0
1966 4 28411.0
1966 5 26306.0
1966 6 38386.0
1966 7 8250.0
1966 8 15135.0
1966 9 9438.0
1966 10 17132.0
1966 11 10622.0
1966 12 11439.0
1967 1 6365.0
1967 2 2594.0
1967 3 9057.0
1967 4 17650.0
1967 5 27937.0
1967 6 8678.0
1967 7 3828.0
1967 8 5328.0
1967 9 3819.0
1967 10 9068.0
1967 11 1817.0
1967 12 6976.0
1968 1 6436.0
1968 2 10212.0
1968 3 7278.0
1968 4 8588.0
1968 5 20874.0
1968 6 6215.0
1968 7 20178.0
1968 8 3619.0
1968 9 13940.0
1968 10 9777.0
1968 11 8678.0
1968 12 6810.0
1969 1 5328.0
1969 2 5579.0
1969 3 9901.0
1969 4 25044.0
1969 5 10517.0
1969 6 4484.0
1969 7 3609.0
1969 8 9834.0
1969 9 9828.0
1969 10 5779.0
1969 11 6238.0
1969 12 13292.0
1970 1 13240.0
1970 2 8535.0
1970 3 6944.0
1970 4 9676.0
1970 5 40639.0
1970 6 18119.0
1970 7 15946.0
1970 8 16334.0
1970 9 8128.0
1970 10 6865.0
1970 11 9980.0
1970 12 23106.0
1971 1 6926.0
1971 2 5487.0
1971 3 14072.0
1971 4 17832.0
1971 5 13831.0
1971 6 22826.0
1971 7 13689.0
1971 8 16605.0
1971 9 15268.0
1971 10 32599.0
1971 11 10851.0
1971 12 20331.0
1972 1 27109.0
1972 2 21962.0
1972 3 17260.0
1972 4 22848.0
1972 5 22189.0
1972 6 54247.0
1972 7 18155.0
1972 8 22807.0
1972 9 22448.0
1972 10 30113.0
1972 11 15174.0
1972 12 17749.0
1973 1 29426.0
1973 2 25938.0
1973 3 30781.0
1973 4 30664.0
1973 5 36814.0
1973 6 34481.0
1973 7 33014.0
1973 8 28862.0
1973 9 29643.0
1973 10 21880.0
1973 11 10040.0
1973 12 1006.0
1974 1 9594.0
1974 2 6719.0
1974 3 3609.0
1974 4 7279.0
1974 5 8249.0
1974 6 6577.0
1974 7 6927.0
1974 8 3386.0
1974 9 2250.0
1974 10 3736.0
1974 11 510.0
1974 12 11915.0
1975 1 712.0
1975 2 5133.0
1975 3 2591.5
1975 4 50.0
1975 5 1857.0
1975 6 12315.0
1975 7 4032.0
1975 8 9290.0
1975 9 1046.0
1975 10 3294.0
1975 11 6164.0
1975 12 453.0
1976 1 2073.0
1976 2 2246.5
1976 3 2420.0
1976 4 1653.0
1976 5 13790.0
1976 6 11041.0
1976 7 1929.0
1976 8 5743.0
1976 9 15812.0
1976 10 390.0
1976 11 4530.0
1976 12 3087.0
1977 1 5691.0
1977 2 1820.0
1977 3 7996.0
1977 4 4517.0
1977 5 6098.0
1977 6 14284.0
1977 7 5814.0
1977 8 7332.0
1977 9 10603.0
1977 10 7812.0
1977 11 2629.0
1977 12 14141.0
1978 1 2564.0
1978 2 1726.0
1978 3 5338.0
1978 4 6463.0
1978 5 7214.0
1978 6 19838.0
1978 7 14087.0
1978 8 13425.0
1978 9 8493.0
1978 10 5976.0
1978 11 8877.0
1978 12 13477.0
1979 1 5149.0
1979 2 3331.0
1979 3 3099.0
1979 4 10847.0
1979 5 5382.0
1979 6 6286.0
1979 7 10752.0
1979 8 7351.0
1979 9 19767.0
1979 10 9877.0
1979 11 14038.0
1979 12 8580.0
1980 1 716.0
1980 2 5824.0
1980 3 5233.0
1980 4 4958.0
1980 5 3084.0
1980 6 2331.0
1980 7 11349.0
1980 8 5630.0
1980 9 13391.0
1980 10 6506.0
1980 11 6008.0
1980 12 6150.0
1981 1 3192.0
1981 2 786.0
1981 3 10618.0
1981 4 16143.0
1981 5 9500.0
1981 6 5610.0
1981 7 22888.0
1981 8 18002.0
1981 9 4800.0
1981 10 780.0
1981 11 1077.0
1981 12 9461.0
1982 1 2460.0
1982 2 6353.0
1982 3 2399.0
1982 4 19332.0
1982 5 1841.0
1982 6 8469.0
1982 7 14292.0
1982 8 4135.0
1982 9 20448.0
1982 10 2004.0
1982 11 4289.5
1982 12 6575.0
1983 1 11807.0
1983 2 27121.0
1983 3 12086.0
1983 4 8504.0
1983 5 20334.0
1983 6 44360.0
1983 7 22544.0
1983 8 14490.0
1983 9 16810.0
1983 10 5538.0
1983 11 16239.0
1983 12 12337.0
1984 1 6817.0
1984 2 21461.0
1984 3 16458.0
1984 4 2944.0
1984 5 6940.0
1984 6 32007.0
1984 7 8708.0
1984 8 14706.0
1984 9 26552.0
1984 10 3224.0
1984 11 47826.0
1984 12 7426.0
1985 1 27051.0
1985 2 25410.0
1985 3 25425.0
1985 4 10842.0
1985 5 17241.0
1985 6 18453.0
1985 7 15823.0
1985 8 28880.0
1985 9 11234.0
1985 10 11461.0
1985 11 16104.0
1985 12 57849.0
1986 1 17152.0
1986 2 19796.0
1986 3 17415.0
1986 4 28974.0
1986 5 20467.0
1986 6 23660.0
1986 7 11334.0
1986 8 9795.0
1986 9 10201.0
1986 10 14403.0
1986 11 13935.0
1986 12 13896.0
1987 1 5502.0
1987 2 25450.0
1987 3 10940.0
1987 4 85397.0
1987 5 26327.0
1987 6 8291.0
1987 7 8858.0
1987 8 7115.0
1987 9 16714.0
1987 10 17343.0
1987 11 31110.0
1987 12 7674.0
1988 1 3280.0
1988 2 19263.0
1988 3 15530.0
1988 4 21495.0
1988 5 4666.0
1988 6 13544.0
1988 7 24938.0
1988 8 16804.0
1988 9 45092.0
1988 10 14348.0
1988 11 18740.0
1988 12 1426.0
1989 1 24610.0
1989 2 18182.0
1989 3 5839.0
1989 4 16228.0
1989 5 26572.0
1989 6 28801.0
1989 7 18444.0
1989 8 28373.0
1989 9 51930.0
1989 10 26159.0
1989 11 38355.0
1989 12 29556.0
1990 1 108300.0
1990 2 9638.0
1990 3 23145.0
1990 4 11347.0
1990 5 40419.0
1990 6 33542.0
1990 7 22071.0
1990 8 18343.0
1990 9 7051.0
1990 10 2790.0
1990 11 16986.0
1990 12 7172.0
1991 1 2103.0
1991 2 3167.0
1991 3 12529.0
1991 4 12642.0
1991 5 20611.0
1991 6 12720.0
1991 7 13321.0
1991 8 9735.0
1991 9 3124.0
1991 10 4993.0
1991 11 12820.0
1991 12 24346.0
1992 1 17880.0
1992 2 4474.0
1992 3 10040.0
1992 4 3351.0
1992 5 21647.0
1992 6 2790.0
1992 7 8115.0
1992 8 6495.0
1992 9 17344.0
1992 10 14050.0
1992 11 5436.0
1992 12 19667.0
1993 1 32103.0
1993 2 7166.0
1993 3 5470.0
1993 4 26162.0
1993 5 10876.0
1993 6 17020.0
1993 7 10160.0
1993 8 21605.0
1993 9 6626.0
1993 10 5095.0
1993 11 3927.0
1993 12 22465.0
1994 1 8730.0
1994 2 4694.0
1994 3 9422.0
1994 4 14940.0
1994 5 7477.0
1994 6 25817.0
1994 7 10742.0
1994 8 18654.0
1994 9 11833.0
1994 10 24578.0
1994 11 9710.0
1994 12 12268.0
1995 1 4651.0
1995 2 3326.0
1995 3 23003.0
1995 4 4271.0
1995 5 17474.0
1995 6 6723.0
1995 7 4463.0
1995 8 25249.0
1995 9 14514.0
1995 10 7261.0
1995 11 12732.0
1995 12 6930.0
1996 1 11188.0
1996 2 7952.0
1996 3 11567.0
1996 4 8868.0
1996 5 4991.0
1996 6 5741.0
1996 7 3725.0
1996 8 7595.0
1996 9 24096.0
1996 10 13552.0
1996 11 4245.0
1996 12 8248.0
1997 1 18816.0
1997 2 12505.0
1997 3 4352.0
1997 4 7530.0
1997 5 27280.0
1997 6 15268.0
1997 7 10266.0
1997 8 8761.0
1997 9 9151.0
1997 10 13827.0
1997 11 23314.0
1997 12 48898.0
1998 1 13694.0
1998 2 13070.0
1998 3 20363.0
1998 4 13767.0
1998 5 55961.0
1998 6 16360.0
1998 7 35848.0
1998 8 30466.0
1998 9 23427.0
1998 10 16501.0
1998 11 15575.0
1998 12 31430.0
1999 1 5637.0
1999 2 8970.0
1999 3 26917.0
1999 4 43558.0
1999 5 19232.0
1999 6 11456.0
1999 7 19404.0
1999 8 16259.0
1999 9 18548.0
1999 10 20386.0
1999 11 23332.0
1999 12 28288.0
2000 1 10829.0
2000 2 3699.0
2000 3 10057.0
2000 4 15992.0
2000 5 5604.0
2000 6 13946.0
2000 7 5768.0
2000 8 12416.0
2000 9 16079.0
2000 10 14346.0
2000 11 9829.0
2000 12 10917.0
2001 1 10452.0
2001 2 20106.0
2001 3 16651.0
2001 4 11765.0
2001 5 14626.0
2001 6 37507.0
2001 7 29562.0
2001 8 13589.0
2001 9 19040.0
2001 10 44792.0
2001 11 19274.0
2001 12 9556.0
2002 1 30161.0
2002 2 7564.0
2002 3 24930.0
2002 4 21484.0
2002 5 16584.0
2002 6 13280.0
2002 7 20436.0
2002 8 4941.0
2002 9 30206.0
2002 10 15226.0
2002 11 31100.0
2002 12 18894.0
2003 1 24039.0
2003 2 24064.0
2003 3 14680.0
2003 4 22556.0
2003 5 15738.0
2003 6 17459.0
2003 7 12184.0
2003 8 19389.0
2003 9 29413.0
2003 10 21334.0
2003 11 25591.0
2003 12 30185.0
2004 1 15315.0
2004 2 16384.0
2004 3 55159.0
2004 4 40645.0
2004 5 10467.0
2004 6 35622.0
2004 7 21036.0
2004 8 50263.0
2004 9 84994.0
2004 10 39529.0
2004 11 41669.0
2004 12 27457.0
2005 1 10651.0
2005 2 52896.0
2005 3 93314.0
2005 4 40161.0
2005 5 49970.0
2005 6 57246.0
2005 7 24887.0
2005 8 45431.0
2005 9 28980.0
2005 10 10939.0
2005 11 16425.0
2005 12 22228.0
2006 1 10595.0
2006 2 28808.0
2006 3 16642.0
2006 4 80553.0
2006 5 23971.0
2006 6 139333.0
2006 7 39386.0
2006 8 121467.0
2006 9 115307.0
2006 10 30113.0
2006 11 37056.0
2006 12 107028.0
2007 1 15247.0
2007 2 75258.0
2007 3 80423.0
2007 4 118456.0
2007 5 105513.0
2007 6 39724.0
2007 7 3666.0
2007 8 21814.0
2007 9 3395.0
2007 10 45763.0
2007 11 29232.0
2007 12 45067.0
2008 1 50097.0
2008 2 54335.0
2008 3 35204.0
2008 4 13229.0
2008 5 66850.0
2008 6 67528.0
2008 7 75132.0
2008 8 37475.0
2008 9 30007.0
2008 10 5314.0
2008 11 4014.0
2008 12 24575.0
2009 1 39447.0
2009 2 4765.0
2009 3 11871.0
2009 4 4115.0
2009 5 11345.0
2009 6 11798.0
2009 7 2520.0
2009 8 10472.0
2009 9 6963.0
2009 10 5153.0
2009 11 9061.0
2009 12 68352.0
2010 1 16949.0
2010 2 5689.0
2010 3 100557.0
2010 4 22800.0
2010 5 125267.0
2010 6 53222.0
2010 7 49002.0
2010 8 70510.0
2010 9 23407.0
2010 10 51292.0
2010 11 4853.0
2010 12 6054.0
2011 1 24543.0
2011 2 32122.0
2011 3 48902.0
2011 4 4408.0
2011 5 58626.0
2011 6 7276.0
2011 7 34215.0
2011 8 39828.0
2011 9 20167.0
2011 10 10188.0
2011 11 13293.0
2011 12 55556.0
2012 1 14187.0
2012 2 30879.0
2012 3 24780.0
2012 4 14188.0
2012 5 21933.0
2012 6 29093.0
2012 7 39806.0
2012 8 62176.0
2012 9 45203.0
2012 10 25595.0
2012 11 73244.0
2012 12 59201.0
2013 1 37347.0
2013 2 12061.0
2013 3 49950.0
2013 4 60911.0
2013 5 20411.0
2013 6 85139.0
2013 7 27801.0
2013 8 23580.0
2013 9 162486.0
2013 10 29029.0
2013 11 60807.0
2013 12 40496.0
2014 1 44403.0
2014 2 89871.0
2014 3 21380.0
2014 4 17402.0
2014 5 15055.0
2014 6 28284.0
2014 7 112711.0
2014 8 30995.0
2014 9 117975.0
2014 10 17652.0
2014 11 68174.0
2014 12 64227.0
2015 1 47190.0
2015 2 17355.0
2015 3 12547.0
2015 4 94918.0
2015 5 35683.0
2015 6 97141.0
2015 7 49451.0
2015 8 8358.0
2015 9 58021.0
2015 10 19543.0
2015 11 39352.0
2015 12 24185.0
2016 1 35633.0
2016 2 67622.0
2016 3 29323.0
2016 4 34052.0
2016 5 85564.0
2016 6 62960.0
2016 7 24213.0
2016 8 21632.0
2016 9 40477.0
2016 10 22212.0
2016 11 17714.0
2016 12 13488.0
2017 1 18638.0
2017 2 14077.0
2017 3 51122.0
2017 4 50342.0
2017 5 122429.0
2017 6 25197.0
2017 7 80396.0
2017 8 41709.0
2017 9 137865.0
2017 10 2877.0
2017 11 20210.0
2017 12 3602.0
2018 1 44324.0
2018 2 11866.0
2018 3 172713.0
2018 4 39200.0
2018 5 25100.0
2018 6 11000.0
2018 7 87788.0
2018 8 179893.0
2018 9 91978.0
2018 10 32075.0
2018 11 78877.0
2018 12 72137.0
2019 1 86964.0
2019 2 25794.0
2019 3 97950.0
2019 4 121780.0
2019 5 128640.0
2019 6 115587.0
2019 7 33028.0
2019 8 59143.0
2019 9 68384.0
2019 10 229637.0
2019 11 43180.0
2019 12 117561.0
2020 1 51623.0
2020 2 34942.0
2020 3 114644.0
2020 4 34095.0
2020 5 178988.0
2020 6 44578.0
2020 7 24562.0
2020 8 126439.0
2020 9 77460.0
2020 10 61549.0
2020 11 57718.0
2020 12 81428.0
2021 1 16979.0
2021 2 82686.0
2021 3 21166.0
2021 4 12973.0
2021 5 61885.0
2021 6 62338.0
2021 7 46665.0
2021 8 80018.0
2021 9 139562.0
2021 10 52621.0
2021 11 54178.0
2021 12 39716.0
2022 1 130567.0
2022 2 134372.0
2022 3 104644.0
2022 4 193024.0
2022 5 105520.0
2022 6 172376.0
2022 7 249353.0
2022 8 80679.0
2022 9 124684.0
2022 10 49145.0
2022 11 76519.0
2022 12 121939.0
2023 1 107821.0
2023 2 56288.0
2023 3 31559.0
2023 4 67581.0
2023 5 122488.0
2023 6 18020.0
2023 7 77656.0
2023 8 106451.0
2023 9 25419.0
2023 10 183391.0
2023 11 37818.0
2023 12 101132.0
2024 1 15572.0
2024 2 149698.0
2024 3 101429.0
2024 4 215501.0
2024 5 171243.0
2024 6 58318.0
2024 7 103350.0
2024 8 110534.0
