1960 5 21227.0
1960 6 20340.0
1960 7 15447.0
1960 8 15775.0
1960 9 15801.0
1960 10 11173.0
1960 11 12566.0
1960 12 7828.0
1961 1 10509.0
1961 2 8256.0
1961 3 18251.0
1961 4 17532.0
1961 5 24334.0
1961 6 19574.0
1961 7 25128.0
1961 8 22958.0
1961 9 15789.0
1961 10 22114.0
1961 11 20232.0
1961 12 13522.0
1962 1 16561.0
1962 2 14233.0
1962 3 20664.0
1962 4 24361.0
1962 5 26159.0
1962 6 22043.0
1962 7 23026.0
1962 8 23082.0
1962 9 20585.0
1962 10 22471.0
1962 11 15734.0
1962 12 12162.0
1963 1 13129.0
1963 2 10038.0
1963 3 20625.0
1963 4 25524.0
1963 5 28492.0
1963 6 21388.0
1963 7 26780.0
1963 8 23631.0
1963 9 18959.0
1963 10 26846.0
1963 11 16266.0
1963 12 13220.0
1964 1 12007.0
1964 2 12971.0
1964 3 23917.0
1964 4 28820.0
1964 5 24183.0
1964 6 25264.0
1964 7 29703.0
1964 8 23281.0
1964 9 27169.0
1964 10 25458.0
1964 11 28575.0
1964 12 17381.0
1965 1 15550.0
1965 2 16126.0
1965 3 30261.0
1965 4 32023.0
1965 5 28315.0
1965 6 32492.0
1965 7 27433.0
1965 8 28881.0
1965 9 22266.0
1965 10 30380.0
1965 11 24506.0
1965 12 19475.0
1966 1 15308.0
1966 2 17891.0
1966 3 27164.0
1966 4 30088.0
1966 5 30314.0
1966 6 27830.0
1966 7 17496.0
1966 8 19989.0
1966 9 15711.0
1966 10 9252.0
1966 11 15564.0
1966 12 12576.0
1967 1 8887.0
1967 2 12330.0
1967 3 23951.0
1967 4 26328.0
1967 5 45140.0
1967 6 28346.0
1967 7 23880.0
1967 8 19360.0
1967 9 19015.0
1967 10 20462.0
1967 11 19864.0
1967 12 13940.0
1968 1 12774.0
1968 2 15627.0
1968 3 25044.0
1968 4 25485.0
1968 5 31421.0
1968 6 25413.0
1968 7 27522.0
1968 8 25643.0
1968 9 27242.0
1968 10 30998.0
1968 11 24105.0
1968 12 22912.0
1969 1 19603.0
1969 2 21692.0
1969 3 33989.0
1969 4 38139.0
1969 5 39835.0
1969 6 33404.0
1969 7 28024.0
1969 8 24262.0
1969 9 26537.0
1969 10 24268.0
1969 11 17979.0
1969 12 25621.0
1970 1 11896.0
1970 2 9040.0
1970 3 19493.0
1970 4 32820.0
1970 5 29930.0
1970 6 33866.0
1970 7 31044.0
1970 8 26877.0
1970 9 27433.0
1970 10 27754.0
1970 11 23373.0
1970 12 19764.0
1971 1 14061.0
1971 2 15728.0
1971 3 43403.0
1971 4 45311.0
1971 5 38863.0
1971 6 44746.0
1971 7 48160.0
1971 8 42046.0
1971 9 49179.0
1971 10 39288.0
1971 11 38437.0
1971 12 28584.0
1972 1 27193.0
1972 2 25004.0
1972 3 37016.0
1972 4 54593.0
1972 5 50227.0
1972 6 58917.0
1972 7 65207.0
1972 8 72460.0
1972 9 42084.0
1972 10 53320.0
1972 11 48154.0
1972 12 33730.0
1973 1 41867.0
1973 2 35967.0
1973 3 59466.0
1973 4 65153.0
1973 5 66074.0
1973 6 55501.0
1973 7 58930.0
1973 8 62942.0
1973 9 32421.0
1973 10 37135.0
1973 11 25532.0
1973 12 18131.0
1974 1 29354.0
1974 2 22851.0
1974 3 25852.0
1974 4 37177.0
1974 5 53105.0
1974 6 34331.0
1974 7 31651.0
1974 8 35384.0
1974 9 28200.0
1974 10 26377.0
1974 11 27495.0
1974 12 24171.0
1975 1 15346.0
1975 2 15095.0
1975 3 19906.0
1975 4 32285.0
1975 5 38159.0
1975 6 42300.0
1975 7 39239.0
1975 8 27206.0
1975 9 41737.0
1975 10 32610.0
1975 11 27463.0
1975 12 32901.0
1976 1 34042.0
1976 2 34256.0
1976 3 46558.0
1976 4 57228.0
1976 5 54551.0
1976 6 69608.0
1976 7 56526.0
1976 8 52304.0
1976 9 52775.0
1976 10 47400.0
1976 11 39912.0
1976 12 38848.0
1977 1 43086.0
1977 2 34586.0
1977 3 52663.0
1977 4 60779.0
1977 5 73585.0
1977 6 80329.0
1977 7 67765.0
1977 8 74886.0
1977 9 59756.0
1977 10 63915.0
1977 11 58794.0
1977 12 38812.0
1978 1 35980.0
1978 2 40962.0
1978 3 67295.0
1978 4 74366.0
1978 5 88950.0
1978 6 75528.0
1978 7 74178.0
1978 8 69945.0
1978 9 63641.0
1978 10 75167.0
1978 11 62509.0
1978 12 43546.0
1979 1 50596.0
1979 2 24586.0
1979 3 51486.0
1979 4 71415.0
1979 5 71008.0
1979 6 72166.0
1979 7 85003.0
1979 8 82085.0
1979 9 79167.0
1979 10 73743.0
1979 11 62320.0
1979 12 35802.0
1980 1 46624.0
1980 2 38920.0
1980 3 42277.0
1980 4 51295.0
1980 5 41899.0
1980 6 53083.0
1980 7 60923.0
1980 8 69237.0
1980 9 84173.0
1980 10 83946.0
1980 11 62171.0
1980 12 48799.0
1981 1 43359.0
1981 2 31344.0
1981 3 53506.0
1981 4 69084.0
1981 5 59545.0
1981 6 65363.0
1981 7 44748.0
1981 8 51011.0
1981 9 54905.0
1981 10 35129.0
1981 11 36504.0
1981 12 32381.0
1982 1 27446.0
1982 2 27636.0
1982 3 46745.0
1982 4 63483.0
1982 5 57296.0
1982 6 61040.0
1982 7 61632.0
1982 8 58474.0
1982 9 75351.0
1982 10 77930.0
1982 11 77303.0
1982 12 76676.0
1983 1 68679.0
1983 2 65503.0
1983 3 120099.0
1983 4 136871.0
1983 5 110626.0
1983 6 147698.0
1983 7 144630.0
1983 8 157677.0
1983 9 130028.0
1983 10 116475.0
1983 11 94434.0
1983 12 100490.0
1984 1 100633.0
1984 2 81235.0
1984 3 141960.0
1984 4 122071.0
1984 5 126083.0
1984 6 142415.0
1984 7 146609.0
1984 8 129430.0
1984 9 109195.0
1984 10 123346.0
1984 11 95912.0
1984 12 93603.0
1985 1 80214.0
1985 2 85556.0
1985 3 140309.0
1985 4 168788.0
1985 5 161522.0
1985 6 135322.0
1985 7 165343.0
1985 8 145968.0
1985 9 140596.0
1985 10 183939.0
1985 11 203079.0
1985 12 135626.0
1986 1 129343.0
1986 2 102269.0
1986 3 158952.0
1986 4 212798.0
1986 5 198705.0
1986 6 194859.0
1986 7 223309.0
1986 8 161141.0
1986 9 212185.0
1986 10 170614.0
1986 11 119524.0
1986 12 121701.0
1987 1 100232.0
1987 2 115794.0
1987 3 190193.0
1987 4 217687.0
1987 5 205909.0
1987 6 301223.0
1987 7 196357.0
1987 8 226314.0
1987 9 174656.0
1987 10 214031.0
1987 11 135882.0
1987 12 130624.0
1988 1 97300.0
1988 2 147125.0
1988 3 198024.0
1988 4 248363.0
1988 5 208743.0
1988 6 319889.0
1988 7 198786.0
1988 8 241332.0
1988 9 257982.0
1988 10 215382.0
1988 11 190212.0
1988 12 147718.0
1989 1 129270.0
1989 2 132837.0
1989 3 199388.0
1989 4 232137.0
1989 5 221568.0
1989 6 274150.0
1989 7 202673.0
1989 8 192267.0
1989 9 261067.0
1989 10 150079.0
1989 11 234670.0
1989 12 136431.0
1990 1 150851.0
1990 2 156668.0
1990 3 201545.0
1990 4 189606.0
1990 5 209075.0
1990 6 224777.0
1990 7 148325.0
1990 8 168350.0
1990 9 131306.0
1990 10 159743.0
1990 11 121663.0
1990 12 113957.0
1991 1 92600.0
1991 2 91454.0
1991 3 150172.0
1991 4 176912.0
1991 5 196358.0
1991 6 175207.0
1991 7 168159.0
1991 8 177721.0
1991 9 172472.0
1991 10 155315.0
1991 11 143904.0
1991 12 131589.0
1992 1 150224.0
1992 2 133133.0
1992 3 217569.0
1992 4 280523.0
1992 5 239458.0
1992 6 433888.0
1992 7 191963.0
1992 8 140558.0
1992 9 177330.0
1992 10 154199.0
1992 11 147841.0
1992 12 163815.0
1993 1 133777.0
1993 2 137379.0
1993 3 178810.0
1993 4 252412.0
1993 5 194662.0
1993 6 220459.0
1993 7 216176.0
1993 8 210573.0
1993 9 198522.0
1993 10 208270.0
1993 11 183090.0
1993 12 186101.0
1994 1 124970.0
1994 2 141176.0
1994 3 193803.0
1994 4 219075.0
1994 5 214808.0
1994 6 236841.0
1994 7 185270.0
1994 8 214342.0
1994 9 205024.0
1994 10 173023.0
1994 11 151729.0
1994 12 175379.0
1995 1 136140.0
1995 2 135089.0
1995 3 207452.0
1995 4 209603.0
1995 5 195741.0
1995 6 189978.0
1995 7 188998.0
1995 8 231241.0
1995 9 148095.0
1995 10 211908.0
1995 11 176740.0
1995 12 134120.0
1996 1 106045.0
1996 2 142378.0
1996 3 217764.0
1996 4 197357.0
1996 5 242172.0
1996 6 208215.0
1996 7 204564.0
1996 8 201231.0
1996 9 171674.0
1996 10 167117.0
1996 11 158126.0
1996 12 141578.0
1997 1 133730.0
1997 2 141167.0
1997 3 191351.0
1997 4 176874.0
1997 5 190637.0
1997 6 214569.0
1997 7 212026.0
1997 8 176225.0
1997 9 183029.0
1997 10 180960.0
1997 11 141159.0
1997 12 142423.0
1998 1 143128.0
1998 2 138651.0
1998 3 194469.0
1998 4 195206.0
1998 5 263159.0
1998 6 238890.0
1998 7 229630.0
1998 8 230957.0
1998 9 289726.0
1998 10 199144.0
1998 11 171599.0
1998 12 188146.0
1999 1 143905.0
1999 2 212046.0
1999 3 235976.0
1999 4 249730.0
1999 5 239142.0
1999 6 238669.0
1999 7 271778.0
1999 8 243568.0
1999 9 192440.0
1999 10 206537.0
1999 11 195186.0
1999 12 201957.0
2000 1 173287.0
2000 2 199221.0
2000 3 273486.0
2000 4 203271.0
2000 5 264408.0
2000 6 257610.0
2000 7 202814.0
2000 8 242644.0
2000 9 210076.0
2000 10 230856.0
2000 11 226203.0
2000 12 242089.0
2001 1 188383.0
2001 2 186730.0
2001 3 245126.0
2001 4 238850.0
2001 5 259411.0
2001 6 298995.0
2001 7 267142.0
2001 8 271520.0
2001 9 202473.0
2001 10 265160.0
2001 11 218843.0
2001 12 207935.0
2002 1 200266.0
2002 2 223466.0
2002 3 272465.0
2002 4 283122.0
2002 5 272129.0
2002 6 293646.0
2002 7 278498.0
2002 8 277082.0
2002 9 269400.0
2002 10 257555.0
2002 11 272948.0
2002 12 204352.0
2003 1 212346.0
2003 2 161845.0
2003 3 247080.0
2003 4 261188.0
2003 5 338250.0
2003 6 427061.0
2003 7 259223.0
2003 8 246398.0
2003 9 241180.0
2003 10 283429.0
2003 11 196377.0
2003 12 286140.0
2004 1 274042.0
2004 2 203180.0
2004 3 280709.0
2004 4 294555.0
2004 5 271774.0
2004 6 332213.0
2004 7 251590.0
2004 8 296762.0
2004 9 249702.0
2004 10 297305.0
2004 11 255660.0
2004 12 245618.0
2005 1 220955.0
2005 2 259341.0
2005 3 353174.0
2005 4 381357.0
2005 5 371490.0
2005 6 413112.0
2005 7 242062.0
2005 8 333643.0
2005 9 264486.0
2005 10 312627.0
2005 11 278037.0
2005 12 262423.0
2006 1 219092.0
2006 2 280881.0
2006 3 348311.0
2006 4 308122.0
2006 5 309890.0
2006 6 293177.0
2006 7 203308.0
2006 8 281053.0
2006 9 264772.0
2006 10 219559.0
2006 11 183961.0
2006 12 198850.0
2007 1 194166.0
2007 2 196495.0
2007 3 216262.0
2007 4 205791.0
2007 5 326252.0
2007 6 253824.0
2007 7 315598.0
2007 8 283512.0
2007 9 175676.0
2007 10 167527.0
2007 11 127128.0
2007 12 120406.0
2008 1 111810.0
2008 2 118474.0
2008 3 157209.0
2008 4 174442.0
2008 5 133750.0
2008 6 169954.0
2008 7 145161.0
2008 8 136232.0
2008 9 145909.0
2008 10 116333.0
2008 11 88456.0
2008 12 84423.0
2009 1 65745.0
2009 2 93066.0
2009 3 120052.0
2009 4 142664.0
2009 5 111958.0
2009 6 189450.0
2009 7 161260.0
2009 8 122970.0
2009 9 141263.0
2009 10 109306.0
2009 11 118633.0
2009 12 132335.0
2010 1 111536.0
2010 2 86079.0
2010 3 172804.0
2010 4 152057.0
2010 5 138034.0
2010 6 130316.0
2010 7 122903.0
2010 8 130504.0
2010 9 118283.0
2010 10 90738.0
2010 11 118063.0
2010 12 95432.0
2011 1 124042.0
2011 2 116187.0
2011 3 123451.0
2011 4 129005.0
2011 5 126831.0
2011 6 131451.0
2011 7 134369.0
2011 8 140852.0
2011 9 122234.0
2011 10 125236.0
2011 11 124362.0
2011 12 112665.0
2012 1 135208.0
2012 2 148697.0
2012 3 143015.0
2012 4 154212.0
2012 5 166323.0
2012 6 171986.0
2012 7 160691.0
2012 8 159041.0
2012 9 144494.0
2012 10 150875.0
2012 11 140503.0
2012 12 137925.0
2013 1 130428.0
2013 2 173421.0
2013 3 199823.0
2013 4 240223.0
2013 5 219819.0
2013 6 230114.0
2013 7 185167.0
2013 8 201718.0
2013 9 172339.0
2013 10 201710.0
2013 11 148840.0
2013 12 139244.0
2014 1 160354.0
2014 2 117043.0
2014 3 172266.0
2014 4 211851.0
2014 5 212881.0
2014 6 216815.0
2014 7 225373.0
2014 8 221433.0
2014 9 183292.0
2014 10 188150.0
2014 11 164734.0
2014 12 138506.0
2015 1 151169.0
2015 2 141570.0
2015 3 189283.0
2015 4 215102.0
2015 5 273438.0
2015 6 275438.0
2015 7 215986.0
2015 8 348317.0
2015 9 177042.0
2015 10 226540.0
2015 11 150244.0
2015 12 197244.0
2016 1 161669.0
2016 2 159741.0
2016 3 246013.0
2016 4 195706.0
2016 5 213351.0
2016 6 264369.0
2016 7 197676.0
2016 8 226768.0
2016 9 197751.0
2016 10 184429.0
2016 11 183453.0
2016 12 205983.0
2017 1 203318.0
2017 2 205672.0
2017 3 267237.0
2017 4 218748.0
2017 5 263569.0
2017 6 279470.0
2017 7 218619.0
2017 8 259558.0
2017 9 213245.0
2017 10 205933.0
2017 11 214680.0
2017 12 171967.0
2018 1 226475.0
2018 2 219719.0
2018 3 228664.0
2018 4 254377.0
2018 5 311690.0
2018 6 291317.0
2018 7 264914.0
2018 8 268572.0
2018 9 185979.0
2018 10 222558.0
2018 11 204234.0
2018 12 180451.0
2019 1 216197.0
2019 2 146566.0
2019 3 259750.0
2019 4 258225.0
2019 5 258342.0
2019 6 249863.0
2019 7 237690.0
2019 8 229979.0
2019 9 209889.0
2019 10 216657.0
2019 11 228018.0
2019 12 190337.0
2020 1 247162.0
2020 2 237540.0
2020 3 203806.0
2020 4 203059.0
2020 5 173153.0
2020 6 253596.0
2020 7 267378.0
2020 8 224388.0
2020 9 325376.0
2020 10 312915.0
2020 11 213321.0
2020 12 280679.0
2021 1 292326.0
2021 2 284598.0
2021 3 357713.0
2021 4 296548.0
2021 5 251420.0
2021 6 276082.0
2021 7 207697.0
2021 8 252894.0
2021 9 260552.0
2021 10 244375.0
2021 11 196503.0
2021 12 252961.0
2022 1 226802.0
2022 2 226739.0
2022 3 292058.0
2022 4 271677.0
2022 5 281930.0
2022 6 245996.0
2022 7 166526.0
2022 8 212872.0
2022 9 228290.0
2022 10 184125.0
2022 11 178155.0
2022 12 165323.0
2023 1 184168.0
2023 2 189382.0
2023 3 229093.0
2023 4 233926.0
2023 5 273397.0
2023 6 309297.0
2023 7 204105.0
2023 8 301052.0
2023 9 237708.0
2023 10 255886.0
2023 11 241694.0
2023 12 189509.0
2024 1 258353.0
2024 2 257109.0
2024 3 269384.0
2024 4 275056.0
2024 5 253200.0
2024 6 287554.0
2024 7 245677.0
2024 8 247945.0
