1960 5 30228.0
1960 6 21244.0
1960 7 19197.0
1960 8 18803.0
1960 9 18219.0
1960 10 11974.0
1960 11 16968.0
1960 12 10957.0
1961 1 12625.0
1961 2 10276.0
1961 3 22755.0
1961 4 24896.0
1961 5 29152.0
1961 6 26449.0
1961 7 32352.0
1961 8 32610.0
1961 9 20916.0
1961 10 28024.0
1961 11 27937.0
1961 12 23023.0
1962 1 23547.0
1962 2 19684.0
1962 3 26778.0
1962 4 31132.0
1962 5 36340.0
1962 6 27156.0
1962 7 32520.0
1962 8 34798.0
1962 9 29457.0
1962 10 32690.0
1962 11 23416.0
1962 12 17006.0
1963 1 37157.0
1963 2 16621.0
1963 3 24433.0
1963 4 37599.0
1963 5 32788.0
1963 6 32582.0
1963 7 41804.0
1963 8 29850.0
1963 9 41520.0
1963 10 42251.0
1963 11 46294.0
1963 12 51407.0
1964 1 28430.0
1964 2 25407.0
1964 3 29592.0
1964 4 45996.0
1964 5 30376.0
1964 6 33953.0
1964 7 42612.0
1964 8 36237.0
1964 9 37174.0
1964 10 38219.0
1964 11 45861.0
1964 12 27429.0
1965 1 25145.0
1965 2 31930.0
1965 3 52621.0
1965 4 41337.0
1965 5 43262.0
1965 6 51545.0
1965 7 44352.0
1965 8 42292.0
1965 9 41701.0
1965 10 56793.0
1965 11 56494.0
1965 12 43281.0
1966 1 36152.0
1966 2 28616.0
1966 3 42641.0
1966 4 58542.0
1966 5 56699.0
1966 6 66292.0
1966 7 25746.0
1966 8 35186.0
1966 9 25230.0
1966 10 26560.0
1966 11 26231.0
1966 12 24084.0
1967 1 15359.0
1967 2 15103.0
1967 3 33109.0
1967 4 44039.0
1967 5 73216.0
1967 6 37039.0
1967 7 27799.0
1967 8 24821.0
1967 9 22834.0
1967 10 29638.0
1967 11 21749.0
1967 12 20995.0
1968 1 19225.0
1968 2 25944.0
1968 3 32501.0
1968 4 34190.0
1968 5 52461.0
1968 6 31707.0
1968 7 47846.0
1968 8 29307.0
1968 9 41607.0
1968 10 40982.0
1968 11 32783.0
1968 12 29747.0
1969 1 25149.0
1969 2 27306.0
1969 3 43976.0
1969 4 63278.0
1969 5 50391.0
1969 6 37933.0
1969 7 31688.0
1969 8 34178.0
1969 9 36652.0
1969 10 30111.0
1969 11 24261.0
1969 12 39045.0
1970 1 25905.0
1970 2 17639.0
1970 3 26489.0
1970 4 42578.0
1970 5 70654.0
1970 6 52008.0
1970 7 46990.0
1970 8 43872.0
1970 9 36029.0
1970 10 36484.0
1970 11 33591.0
1970 12 42935.0
1971 1 20987.0
1971 2 21394.0
1971 3 57577.0
1971 4 63299.0
1971 5 53176.0
1971 6 68687.0
1971 7 61879.0
1971 8 60118.0
1971 9 65463.0
1971 10 72099.0
1971 11 49691.0
1971 12 48941.0
1972 1 55173.0
1972 2 47526.0
1972 3 54887.0
1972 4 77570.0
1972 5 72840.0
1972 6 113784.0
1972 7 83402.0
1972 8 97058.0
1972 9 65840.0
1972 10 83485.0
1972 11 63488.0
1972 12 51532.0
1973 1 71349.0
1973 2 63592.0
1973 3 90345.0
1973 4 98274.0
1973 5 105072.0
1973 6 90065.0
1973 7 92016.0
1973 8 92272.0
1973 9 62103.0
1973 10 59075.0
1973 11 35713.0
1973 12 19218.0
1974 1 39063.0
1974 2 29674.0
1974 3 29547.0
1974 4 44699.0
1974 5 61483.0
1974 6 40963.0
1974 7 38752.0
1974 8 38846.0
1974 9 30450.0
1974 10 30113.0
1974 11 28005.0
1974 12 36087.0
1975 1 16086.0
1975 2 20345.0
1975 3 19906.0
1975 4 32497.0
1975 5 40372.0
1975 6 55121.0
1975 7 43270.0
1975 8 36496.0
1975 9 42958.0
1975 10 35904.0
1975 11 33653.0
1975 12 33355.0
1976 1 36115.0
1976 2 34256.0
1976 3 49103.0
1976 4 58926.0
1976 5 68559.0
1976 6 80928.0
1976 7 58794.0
1976 8 58689.0
1976 9 69456.0
1976 10 47790.0
1976 11 44559.0
1976 12 42198.0
1977 1 48978.0
1977 2 36712.0
1977 3 60674.0
1977 4 66262.0
1977 5 79918.0
1977 6 94993.0
1977 7 74255.0
1977 8 82412.0
1977 9 70628.0
1977 10 71888.0
1977 11 63425.0
1977 12 53049.0
1978 1 38545.0
1978 2 42688.0
1978 3 73543.0
1978 4 80885.0
1978 5 96649.0
1978 6 95477.0
1978 7 88939.0
1978 8 85558.0
1978 9 72251.0
1978 10 81182.0
1978 11 71501.0
1978 12 57353.0
1979 1 55778.0
1979 2 28396.0
1979 3 55838.0
1979 4 83039.0
1979 5 76679.0
1979 6 79442.0
1979 7 95986.0
1979 8 90194.0
1979 9 99722.0
1979 10 84001.0
1979 11 76408.0
1979 12 44626.0
1980 1 48120.0
1980 2 44822.0
1980 3 47681.0
1980 4 56253.0
1980 5 45122.0
1980 6 56443.0
1980 7 73699.0
1980 8 75641.0
1980 9 98739.0
1980 10 90681.0
1980 11 68222.0
1980 12 54949.0
1981 1 46551.0
1981 2 32179.0
1981 3 64404.0
1981 4 85894.0
1981 5 70127.0
1981 6 71688.0
1981 7 67744.0
1981 8 69189.0
1981 9 59768.0
1981 10 36501.0
1981 11 38032.0
1981 12 42421.0
1982 1 29961.0
1982 2 34042.0
1982 3 49608.0
1982 4 82872.0
1982 5 59508.0
1982 6 69509.0
1982 7 77587.0
1982 8 63245.0
1982 9 96193.0
1982 10 80109.0
1982 11 82035.5
1982 12 83962.0
1983 1 80876.0
1983 2 92861.0
1983 3 133290.0
1983 4 145620.0
1983 5 133881.0
1983 6 192918.0
1983 7 167396.0
1983 8 173752.0
1983 9 148941.0
1983 10 122237.0
1983 11 112418.0
1983 12 113354.0
1984 1 107624.0
1984 2 103239.0
1984 3 158718.0
1984 4 125473.0
1984 5 133463.0
1984 6 174617.0
1984 7 155591.0
1984 8 145273.0
1984 9 138204.0
1984 10 127032.0
1984 11 145247.0
1984 12 101401.0
1985 1 107335.0
1985 2 111121.0
1985 3 166877.0
1985 4 179939.0
1985 5 179288.0
1985 6 154088.0
1985 7 181498.0
1985 8 176504.0
1985 9 152077.0
1985 10 199451.0
1985 11 219338.0
1985 12 193597.0
1986 1 148233.0
1986 2 122782.0
1986 3 177413.0
1986 4 242051.0
1986 5 220323.0
1986 6 219689.0
1986 7 235500.0
1986 8 171585.0
1986 9 224994.0
1986 10 187023.0
1986 11 135309.0
1986 12 135744.0
1987 1 106958.0
1987 2 142107.0
1987 3 203984.0
1987 4 308036.0
1987 5 232456.0
1987 6 309974.0
1987 7 205215.0
1987 8 233752.0
1987 9 191520.0
1987 10 234201.0
1987 11 169666.0
1987 12 138355.0
1988 1 100782.0
1988 2 166967.0
1988 3 214588.0
1988 4 270894.0
1988 5 214324.0
1988 6 337485.0
1988 7 225189.0
1988 8 258941.0
1988 9 303458.0
1988 10 230027.0
1988 11 209372.0
1988 12 152806.0
1989 1 154137.0
1989 2 151321.0
1989 3 206018.0
1989 4 248876.0
1989 5 248535.0
1989 6 304907.0
1989 7 221623.0
1989 8 221673.0
1989 9 313860.0
1989 10 176767.0
1989 11 273942.0
1989 12 166057.0
1990 1 259913.0
1990 2 166873.0
1990 3 226009.0
1990 4 202832.0
1990 5 249702.0
1990 6 258620.0
1990 7 170454.0
1990 8 188101.0
1990 9 138503.0
1990 10 162952.0
1990 11 138757.0
1990 12 121583.0
1991 1 94743.0
1991 2 97697.0
1991 3 163551.0
1991 4 190710.0
1991 5 217488.0
1991 6 189308.0
1991 7 181764.0
1991 8 187800.0
1991 9 175982.0
1991 10 160794.0
1991 11 157005.0
1991 12 156561.0
1992 1 168229.0
1992 2 138081.0
1992 3 228065.0
1992 4 284229.0
1992 5 261601.0
1992 6 437325.0
1992 7 200472.0
1992 8 147805.0
1992 9 194972.0
1992 10 168669.0
1992 11 153277.0
1992 12 184039.0
1993 1 166279.0
1993 2 144545.0
1993 3 184647.0
1993 4 283381.0
1993 5 205633.0
1993 6 237729.0
1993 7 226481.0
1993 8 233436.0
1993 9 205208.0
1993 10 213734.0
1993 11 187229.0
1993 12 208795.0
1994 1 135507.0
1994 2 146333.0
1994 3 204024.0
1994 4 234280.0
1994 5 223102.0
1994 6 263869.0
1994 7 196397.0
1994 8 233166.0
1994 9 217503.0
1994 10 197810.0
1994 11 161559.0
1994 12 188577.0
1995 1 141236.0
1995 2 138767.0
1995 3 230856.0
1995 4 213920.0
1995 5 214112.0
1995 6 197255.0
1995 7 194169.0
1995 8 257550.0
1995 9 164497.0
1995 10 222179.0
1995 11 190082.0
1995 12 141549.0
1996 1 117547.0
1996 2 150966.0
1996 3 229974.0
1996 4 206860.0
1996 5 247877.0
1996 6 214624.0
1996 7 208626.0
1996 8 209219.0
1996 9 195867.0
1996 10 182605.0
1996 11 162439.0
1996 12 150123.0
1997 1 153914.0
1997 2 154460.0
1997 3 196077.0
1997 4 186598.0
1997 5 218280.0
1997 6 230328.0
1997 7 223696.0
1997 8 186316.0
1997 9 193293.0
1997 10 197117.0
1997 11 170572.0
1997 12 192385.0
1998 1 158188.0
1998 2 154138.0
1998 3 216305.0
1998 4 210362.0
1998 5 320596.0
1998 6 258080.0
1998 7 266724.0
1998 8 262464.0
1998 9 315669.0
1998 10 217555.0
1998 11 188220.0
1998 12 221818.0
1999 1 149658.0
1999 2 223118.0
1999 3 263445.0
1999 4 294204.0
1999 5 259118.0
1999 6 251098.0
1999 7 292092.0
1999 8 260158.0
1999 9 212366.0
1999 10 227826.0
1999 11 219135.0
1999 12 230764.0
2000 1 184442.0
2000 2 203850.0
2000 3 285220.0
2000 4 220521.0
2000 5 271072.0
2000 6 274273.0
2000 7 211153.0
2000 8 256360.0
2000 9 226155.0
2000 10 245447.0
2000 11 236589.0
2000 12 253471.0
2001 1 200059.0
2001 2 208615.0
2001 3 262827.0
2001 4 250837.0
2001 5 275264.0
2001 6 338652.0
2001 7 298087.0
2001 8 285584.0
2001 9 221664.0
2001 10 310440.0
2001 11 239362.0
2001 12 219455.0
2002 1 231118.0
2002 2 231723.0
2002 3 298439.0
2002 4 305251.0
2002 5 289345.0
2002 6 308105.0
2002 7 300898.0
2002 8 282662.0
2002 9 300130.0
2002 10 274381.0
2002 11 305017.0
2002 12 227481.0
2003 1 238050.0
2003 2 187229.0
2003 3 262626.0
2003 4 284976.0
2003 5 355591.0
2003 6 445901.0
2003 7 272039.0
2003 8 267149.0
2003 9 271899.0
2003 10 306103.0
2003 11 224597.0
2003 12 316325.0
2004 1 290535.0
2004 2 220412.0
2004 3 337469.0
2004 4 337325.0
2004 5 282639.0
2004 6 369425.0
2004 7 274881.0
2004 8 349150.0
2004 9 337750.0
2004 10 338525.0
2004 11 302043.0
2004 12 274428.0
2005 1 234050.0
2005 2 316158.0
2005 3 448724.0
2005 4 425222.0
2005 5 424775.0
2005 6 489285.0
2005 7 270073.0
2005 8 383081.0
2005 9 305908.0
2005 10 326539.0
2005 11 295293.0
2005 12 289292.0
2006 1 230441.0
2006 2 311789.0
2006 3 367706.0
2006 4 389874.0
2006 5 336639.0
2006 6 437939.0
2006 7 243558.0
2006 8 409755.0
2006 9 385628.0
2006 10 253579.0
2006 11 223070.0
2006 12 308547.0
2007 1 211323.0
2007 2 273708.0
2007 3 299233.0
2007 4 324397.0
2007 5 434730.0
2007 6 295132.0
2007 7 323247.0
2007 8 310837.0
2007 9 179131.0
2007 10 213467.0
2007 11 157493.0
2007 12 165910.0
2008 1 163666.0
2008 2 175668.0
2008 3 192413.0
2008 4 188120.0
2008 5 200600.0
2008 6 240482.0
2008 7 220293.0
2008 8 174018.0
2008 9 177516.0
2008 10 122047.0
2008 11 92470.0
2008 12 109677.0
2009 1 106155.0
2009 2 97831.0
2009 3 132073.0
2009 4 146878.0
2009 5 123303.0
2009 6 202748.0
2009 7 163780.0
2009 8 133442.0
2009 9 148576.0
2009 10 115786.0
2009 11 127694.0
2009 12 217317.0
2010 1 128635.0
2010 2 92375.0
2010 3 274251.0
2010 4 175026.0
2010 5 264910.0
2010 6 184315.0
2010 7 173799.0
2010 8 201433.0
2010 9 144775.0
2010 10 144289.0
2010 11 123275.0
2010 12 101965.0
2011 1 149155.0
2011 2 148309.0
2011 3 174724.0
2011 4 136312.0
2011 5 186738.0
2011 6 139598.0
2011 7 172935.0
2011 8 182025.0
2011 9 144652.0
2011 10 136318.0
2011 11 138401.0
2011 12 169435.0
2012 1 149991.0
2012 2 180470.0
2012 3 169489.0
2012 4 169333.0
2012 5 188986.0
2012 6 201779.0
2012 7 201664.0
2012 8 222661.0
2012 9 190248.0
2012 10 177637.0
2012 11 214024.0
2012 12 197126.0
2013 1 170040.0
2013 2 186582.0
2013 3 249773.0
2013 4 301284.0
2013 5 243014.0
2013 6 316533.0
2013 7 213811.0
2013 8 225298.0
2013 9 336137.0
2013 10 230739.0
2013 11 209647.0
2013 12 180696.0
2014 1 204757.0
2014 2 207746.0
2014 3 193646.0
2014 4 230063.0
2014 5 228529.0
2014 6 246121.0
2014 7 342308.0
2014 8 254622.0
2014 9 302411.0
2014 10 210003.0
2014 11 234352.0
2014 12 204417.0
2015 1 199552.0
2015 2 165804.0
2015 3 202579.0
2015 4 310466.0
2015 5 309121.0
2015 6 377903.0
2015 7 267053.0
2015 8 357598.0
2015 9 236067.0
2015 10 248519.0
2015 11 190092.0
2015 12 226429.0
2016 1 198976.0
2016 2 227363.0
2016 3 276130.0
2016 4 230897.0
2016 5 299814.0
2016 6 328093.0
2016 7 222098.0
2016 8 250898.0
2016 9 238228.0
2016 10 206841.0
2016 11 201367.0
2016 12 219680.0
2017 1 222421.0
2017 2 219963.0
2017 3 318676.0
2017 4 269153.0
2017 5 387148.0
2017 6 313092.0
2017 7 300065.0
2017 8 301267.0
2017 9 351261.0
2017 10 217035.0
2017 11 236190.0
2017 12 175569.0
2018 1 270874.0
2018 2 236417.0
2018 3 403300.0
2018 4 293577.0
2018 5 311957.0
2018 6 305748.0
2018 7 373734.0
2018 8 449257.0
2018 9 278463.0
2018 10 255100.0
2018 11 283378.0
2018 12 252721.0
2019 1 304036.0
2019 2 174225.0
2019 3 357700.0
2019 4 395272.0
2019 5 390372.0
2019 6 369326.0
2019 7 275018.0
2019 8 290572.0
2019 9 278273.0
2019 10 450524.0
2019 11 274924.0
2019 12 311811.0
2020 1 303193.0
2020 2 274337.0
2020 3 321692.0
2020 4 239826.0
2020 5 352493.0
2020 6 299220.0
2020 7 294889.0
2020 8 354160.0
2020 9 406367.0
2020 10 379115.0
2020 11 273072.0
2020 12 369711.0
2021 1 311103.0
2021 2 368641.0
2021 3 383472.0
2021 4 335774.0
2021 5 317355.0
2021 6 341233.0
2021 7 257562.0
2021 8 335056.0
2021 9 402324.0
2021 10 298504.0
2021 11 250681.0
2021 12 309470.0
2022 1 357369.0
2022 2 361281.0
2022 3 397561.0
2022 4 465091.0
2022 5 388550.0
2022 6 420119.0
2022 7 427052.0
2022 8 297451.0
2022 9 354394.0
2022 10 233795.0
2022 11 255894.0
2022 12 287712.0
2023 1 298410.0
2023 2 246871.0
2023 3 261042.0
2023 4 302933.0
2023 5 396620.0
2023 6 327417.0
2023 7 282231.0
2023 8 408591.0
2023 9 265997.0
2023 10 442367.0
2023 11 280415.0
2023 12 292454.0
2024 1 274670.0
2024 2 406807.0
2024 3 372213.0
2024 4 490557.0
2024 5 424753.0
2024 6 345872.0
2024 7 349977.0
2024 8 358479.0
