1960 5 9001.0
1960 6 904.0
1960 7 3750.0
1960 8 3028.0
1960 9 2418.0
1960 10 801.0
1960 11 4402.0
1960 12 3129.0
1961 1 2116.0
1961 2 2021.0
1961 3 4504.0
1961 4 7363.0
1961 5 4818.0
1961 6 6875.0
1961 7 7224.0
1961 8 9651.0
1961 9 5128.0
1961 10 5910.0
1961 11 7705.0
1961 12 9501.0
1962 1 6986.0
1962 2 5451.0
1962 3 6113.0
1962 4 6771.0
1962 5 10180.0
1962 6 5113.0
1962 7 9494.0
1962 8 11717.0
1962 9 8872.0
1962 10 10218.0
1962 11 7682.0
1962 12 4844.0
1963 1 24028.0
1963 2 6583.0
1963 3 3808.0
1963 4 12076.0
1963 5 4296.0
1963 6 11194.0
1963 7 15024.0
1963 8 6219.0
1963 9 22560.0
1963 10 15405.0
1963 11 30028.0
1963 12 38188.0
1964 1 16423.0
1964 2 12436.0
1964 3 5675.0
1964 4 17177.0
1964 5 6194.0
1964 6 8689.0
1964 7 12908.0
1964 8 12955.0
1964 9 10005.0
1964 10 12761.0
1964 11 17287.0
1964 12 10049.0
1965 1 9595.0
1965 2 15804.0
1965 3 22360.0
1965 4 9314.0
1965 5 14947.0
1965 6 19053.0
1965 7 16919.0
1965 8 13411.0
1965 9 19435.0
1965 10 26412.0
1965 11 31988.0
1965 12 23806.0
1966 1 20843.0
1966 2 10725.0
1966 3 15477.0
1966 4 28454.0
1966 5 26385.0
1966 6 38462.0
1966 7 8250.0
1966 8 15197.0
1966 9 9519.0
1966 10 17308.0
1966 11 10668.0
1966 12 11508.0
1967 1 6472.0
1967 2 2773.0
1967 3 9158.0
1967 4 17711.0
1967 5 28075.0
1967 6 8693.0
1967 7 3918.0
1967 8 5462.0
1967 9 3819.0
1967 10 9176.0
1967 11 1885.0
1967 12 7056.0
1968 1 6451.0
1968 2 10317.0
1968 3 7457.0
1968 4 8705.0
1968 5 21040.0
1968 6 6295.0
1968 7 20324.0
1968 8 3664.0
1968 9 14365.0
1968 10 9985.0
1968 11 8678.0
1968 12 6835.0
1969 1 5546.0
1969 2 5615.0
1969 3 9987.0
1969 4 25139.0
1969 5 10557.0
1969 6 4529.0
1969 7 3665.0
1969 8 9916.0
1969 9 10116.0
1969 10 5843.0
1969 11 6282.0
1969 12 13424.0
1970 1 14009.0
1970 2 8599.0
1970 3 6996.0
1970 4 9758.0
1970 5 40724.0
1970 6 18143.0
1970 7 15946.0
1970 8 16995.0
1970 9 8595.0
1970 10 8730.0
1970 11 10217.0
1970 12 23172.0
1971 1 6926.0
1971 2 5666.0
1971 3 14174.0
1971 4 17988.0
1971 5 14313.0
1971 6 23942.0
1971 7 13719.0
1971 8 18072.0
1971 9 16283.0
1971 10 32811.0
1971 11 11254.0
1971 12 20358.0
1972 1 27981.0
1972 2 22522.0
1972 3 17871.0
1972 4 22977.0
1972 5 22613.0
1972 6 54867.0
1972 7 18195.0
1972 8 24598.0
1972 9 23757.0
1972 10 30165.0
1972 11 15334.0
1972 12 17802.0
1973 1 29482.0
1973 2 27625.0
1973 3 30879.0
1973 4 33122.0
1973 5 38998.0
1973 6 34565.0
1973 7 33086.0
1973 8 29330.0
1973 9 29683.0
1973 10 21940.0
1973 11 10181.0
1973 12 1088.0
1974 1 9708.0
1974 2 6822.0
1974 3 3695.0
1974 4 7521.0
1974 5 8379.0
1974 6 6632.0
1974 7 7101.0
1974 8 3462.0
1974 9 2250.0
1974 10 3736.0
1974 11 510.0
1974 12 11915.0
1975 1 740.0
1975 2 5250.0
1975 3 2731.0
1975 4 212.0
1975 5 2213.0
1975 6 12821.0
1975 7 4032.0
1975 8 9290.0
1975 9 1221.0
1975 10 3294.0
1975 11 6190.0
1975 12 453.0
1976 1 2073.0
1976 2 2309.0
1976 3 2545.0
1976 4 1698.0
1976 5 14008.0
1976 6 11320.0
1976 7 2268.0
1976 8 6386.0
1976 9 16681.0
1976 10 390.0
1976 11 4647.0
1976 12 3350.0
1977 1 5893.0
1977 2 2125.0
1977 3 8012.0
1977 4 5483.0
1977 5 6333.0
1977 6 14664.0
1977 7 6489.0
1977 8 7526.0
1977 9 10872.0
1977 10 7973.0
1977 11 4631.0
1977 12 14237.0
1978 1 2564.0
1978 2 1726.0
1978 3 6248.0
1978 4 6519.0
1978 5 7699.0
1978 6 19950.0
1978 7 14762.0
1978 8 15614.0
1978 9 8610.0
1978 10 6015.0
1978 11 8991.0
1978 12 13807.0
1979 1 5183.0
1979 2 3810.0
1979 3 4352.0
1979 4 11623.0
1979 5 5671.0
1979 6 7275.0
1979 7 10982.0
1979 8 8109.0
1979 9 20556.0
1979 10 10257.0
1979 11 14088.0
1979 12 8824.0
1980 1 1496.0
1980 2 5902.0
1980 3 5403.0
1980 4 4958.0
1980 5 3223.0
1980 6 3360.0
1980 7 12776.0
1980 8 6405.0
1980 9 14566.0
1980 10 6736.0
1980 11 6052.0
1980 12 6150.0
1981 1 3192.0
1981 2 836.0
1981 3 10898.0
1981 4 16810.0
1981 5 10582.0
1981 6 6326.0
1981 7 22996.0
1981 8 18178.0
1981 9 4863.0
1981 10 1372.0
1981 11 1527.0
1981 12 10040.0
1982 1 2516.0
1982 2 6406.0
1982 3 2863.0
1982 4 19389.0
1982 5 2212.0
1982 6 8469.0
1982 7 15955.0
1982 8 4771.0
1982 9 20841.0
1982 10 2179.0
1982 11 4732.0
1982 12 7285.0
1983 1 12197.0
1983 2 27358.0
1983 3 13191.0
1983 4 8750.0
1983 5 23256.0
1983 6 45220.0
1983 7 22766.0
1983 8 16074.0
1983 9 18913.0
1983 10 5763.0
1983 11 17984.0
1983 12 12864.0
1984 1 6990.0
1984 2 22050.0
1984 3 16758.0
1984 4 3402.0
1984 5 7380.0
1984 6 32202.0
1984 7 8982.0
1984 8 15843.0
1984 9 29009.0
1984 10 3686.0
1984 11 49335.0
1984 12 7797.0
1985 1 27122.0
1985 2 25565.0
1985 3 26568.0
1985 4 11151.0
1985 5 17766.0
1985 6 18766.0
1985 7 16154.0
1985 8 30536.0
1985 9 11481.0
1985 10 15512.0
1985 11 16258.0
1985 12 57971.0
1986 1 18891.0
1986 2 20512.0
1986 3 18461.0
1986 4 29253.0
1986 5 21617.0
1986 6 24831.0
1986 7 12191.0
1986 8 10443.0
1986 9 12810.0
1986 10 16409.0
1986 11 15785.0
1986 12 14043.0
1987 1 6726.0
1987 2 26313.0
1987 3 13791.0
1987 4 90350.0
1987 5 26548.0
1987 6 8751.0
1987 7 8858.0
1987 8 7438.0
1987 9 16864.0
1987 10 20170.0
1987 11 33785.0
1987 12 7729.0
1988 1 3482.0
1988 2 19843.0
1988 3 16563.0
1988 4 22532.0
1988 5 5581.0
1988 6 17594.0
1988 7 26402.0
1988 8 17607.0
1988 9 45476.0
1988 10 14645.0
1988 11 19160.0
1988 12 5089.0
1989 1 24867.0
1989 2 18485.0
1989 3 6628.0
1989 4 16739.0
1989 5 26968.0
1989 6 30757.0
1989 7 18949.0
1989 8 29406.0
1989 9 52794.0
1989 10 26688.0
1989 11 39271.0
1989 12 29626.0
1990 1 109062.0
1990 2 10205.0
1990 3 24464.0
1990 4 13226.0
1990 5 40627.0
1990 6 33843.0
1990 7 22129.0
1990 8 19751.0
1990 9 7197.0
1990 10 3209.0
1990 11 17094.0
1990 12 7626.0
1991 1 2143.0
1991 2 6243.0
1991 3 13379.0
1991 4 13798.0
1991 5 21130.0
1991 6 14101.0
1991 7 13605.0
1991 8 10079.0
1991 9 3510.0
1991 10 5479.0
1991 11 13101.0
1991 12 24972.0
1992 1 18005.0
1992 2 4948.0
1992 3 10496.0
1992 4 3706.0
1992 5 22143.0
1992 6 3437.0
1992 7 8509.0
1992 8 7247.0
1992 9 17642.0
1992 10 14470.0
1992 11 5436.0
1992 12 20224.0
1993 1 32502.0
1993 2 7166.0
1993 3 5837.0
1993 4 30969.0
1993 5 10971.0
1993 6 17270.0
1993 7 10305.0
1993 8 22863.0
1993 9 6686.0
1993 10 5464.0
1993 11 4139.0
1993 12 22694.0
1994 1 10537.0
1994 2 5157.0
1994 3 10221.0
1994 4 15205.0
1994 5 8294.0
1994 6 27028.0
1994 7 11127.0
1994 8 18824.0
1994 9 12479.0
1994 10 24787.0
1994 11 9830.0
1994 12 13198.0
1995 1 5096.0
1995 2 3678.0
1995 3 23404.0
1995 4 4317.0
1995 5 18371.0
1995 6 7277.0
1995 7 5171.0
1995 8 26309.0
1995 9 16402.0
1995 10 10271.0
1995 11 13342.0
1995 12 7429.0
1996 1 11502.0
1996 2 8588.0
1996 3 12210.0
1996 4 9503.0
1996 5 5705.0
1996 6 6409.0
1996 7 4062.0
1996 8 7988.0
1996 9 24193.0
1996 10 15488.0
1996 11 4313.0
1996 12 8545.0
1997 1 20184.0
1997 2 13293.0
1997 3 4726.0
1997 4 9724.0
1997 5 27643.0
1997 6 15759.0
1997 7 11670.0
1997 8 10091.0
1997 9 10264.0
1997 10 16157.0
1997 11 29413.0
1997 12 49962.0
1998 1 15060.0
1998 2 15487.0
1998 3 21836.0
1998 4 15156.0
1998 5 57437.0
1998 6 19190.0
1998 7 37094.0
1998 8 31507.0
1998 9 25943.0
1998 10 18411.0
1998 11 16621.0
1998 12 33672.0
1999 1 5753.0
1999 2 11072.0
1999 3 27469.0
1999 4 44474.0
1999 5 19976.0
1999 6 12429.0
1999 7 20314.0
1999 8 16590.0
1999 9 19926.0
1999 10 21289.0
1999 11 23949.0
1999 12 28807.0
2000 1 11155.0
2000 2 4629.0
2000 3 11734.0
2000 4 17250.0
2000 5 6664.0
2000 6 16663.0
2000 7 8339.0
2000 8 13716.0
2000 9 16079.0
2000 10 14591.0
2000 11 10386.0
2000 12 11382.0
2001 1 11676.0
2001 2 21885.0
2001 3 17701.0
2001 4 11987.0
2001 5 15853.0
2001 6 39657.0
2001 7 30945.0
2001 8 14064.0
2001 9 19191.0
2001 10 45280.0
2001 11 20519.0
2001 12 11520.0
2002 1 30852.0
2002 2 8257.0
2002 3 25974.0
2002 4 22129.0
2002 5 17216.0
2002 6 14459.0
2002 7 22400.0
2002 8 5580.0
2002 9 30730.0
2002 10 16826.0
2002 11 32069.0
2002 12 23129.0
2003 1 25704.0
2003 2 25384.0
2003 3 15546.0
2003 4 23788.0
2003 5 17341.0
2003 6 18840.0
2003 7 12816.0
2003 8 20751.0
2003 9 30719.0
2003 10 22674.0
2003 11 28220.0
2003 12 30185.0
2004 1 16493.0
2004 2 17232.0
2004 3 56760.0
2004 4 42770.0
2004 5 10865.0
2004 6 37212.0
2004 7 23291.0
2004 8 52388.0
2004 9 88048.0
2004 10 41220.0
2004 11 46383.0
2004 12 28810.0
2005 1 13095.0
2005 2 56817.0
2005 3 95550.0
2005 4 43865.0
2005 5 53285.0
2005 6 76173.0
2005 7 28011.0
2005 8 49438.0
2005 9 41422.0
2005 10 13912.0
2005 11 17256.0
2005 12 26869.0
2006 1 11349.0
2006 2 30908.0
2006 3 19395.0
2006 4 81752.0
2006 5 26749.0
2006 6 144762.0
2006 7 40250.0
2006 8 128702.0
2006 9 120856.0
2006 10 34020.0
2006 11 39109.0
2006 12 109697.0
2007 1 17157.0
2007 2 77213.0
2007 3 82971.0
2007 4 118606.0
2007 5 108478.0
2007 6 41308.0
2007 7 7649.0
2007 8 27325.0
2007 9 3455.0
2007 10 45940.0
2007 11 30365.0
2007 12 45504.0
2008 1 51856.0
2008 2 57194.0
2008 3 35204.0
2008 4 13678.0
2008 5 66850.0
2008 6 70528.0
2008 7 75132.0
2008 8 37786.0
2008 9 31607.0
2008 10 5714.0
2008 11 4014.0
2008 12 25254.0
2009 1 40410.0
2009 2 4765.0
2009 3 12021.0
2009 4 4214.0
2009 5 11345.0
2009 6 13298.0
2009 7 2520.0
2009 8 10472.0
2009 9 7313.0
2009 10 6480.0
2009 11 9061.0
2009 12 84982.0
2010 1 17099.0
2010 2 6296.0
2010 3 101447.0
2010 4 22969.0
2010 5 126876.0
2010 6 53999.0
2010 7 50896.0
2010 8 70929.0
2010 9 26492.0
2010 10 53551.0
2010 11 5212.0
2010 12 6533.0
2011 1 25113.0
2011 2 32122.0
2011 3 51273.0
2011 4 7307.0
2011 5 59907.0
2011 6 8147.0
2011 7 38566.0
2011 8 41173.0
2011 9 22418.0
2011 10 11082.0
2011 11 14039.0
2011 12 56770.0
2012 1 14783.0
2012 2 31773.0
2012 3 26474.0
2012 4 15121.0
2012 5 22663.0
2012 6 29793.0
2012 7 40973.0
2012 8 63620.0
2012 9 45754.0
2012 10 26762.0
2012 11 73521.0
2012 12 59201.0
2013 1 39612.0
2013 2 13161.0
2013 3 49950.0
2013 4 61061.0
2013 5 23195.0
2013 6 86419.0
2013 7 28644.0
2013 8 23580.0
2013 9 163798.0
2013 10 29029.0
2013 11 60807.0
2013 12 41452.0
2014 1 44403.0
2014 2 90703.0
2014 3 21380.0
2014 4 18212.0
2014 5 15648.0
2014 6 29306.0
2014 7 116935.0
2014 8 33189.0
2014 9 119119.0
2014 10 21853.0
2014 11 69618.0
2014 12 65911.0
2015 1 48383.0
2015 2 24234.0
2015 3 13296.0
2015 4 95364.0
2015 5 35683.0
2015 6 102465.0
2015 7 51067.0
2015 8 9281.0
2015 9 59025.0
2015 10 21979.0
2015 11 39848.0
2015 12 29185.0
2016 1 37307.0
2016 2 67622.0
2016 3 30117.0
2016 4 35191.0
2016 5 86463.0
2016 6 63724.0
2016 7 24422.0
2016 8 24130.0
2016 9 40477.0
2016 10 22412.0
2016 11 17914.0
2016 12 13697.0
2017 1 19103.0
2017 2 14291.0
2017 3 51439.0
2017 4 50405.0
2017 5 123579.0
2017 6 33622.0
2017 7 81446.0
2017 8 41709.0
2017 9 138016.0
2017 10 11102.0
2017 11 21510.0
2017 12 3602.0
2018 1 44399.0
2018 2 16698.0
2018 3 174636.0
2018 4 39200.0
2018 5 267.0
2018 6 14431.0
2018 7 108820.0
2018 8 180685.0
2018 9 92484.0
2018 10 32542.0
2018 11 79144.0
2018 12 72270.0
2019 1 87839.0
2019 2 27659.0
2019 3 97950.0
2019 4 137047.0
2019 5 132030.0
2019 6 119463.0
2019 7 37328.0
2019 8 60593.0
2019 9 68384.0
2019 10 233867.0
2019 11 46906.0
2019 12 121474.0
2020 1 56031.0
2020 2 36797.0
2020 3 117886.0
2020 4 36767.0
2020 5 179340.0
2020 6 45624.0
2020 7 27511.0
2020 8 129772.0
2020 9 80991.0
2020 10 66200.0
2020 11 59751.0
2020 12 89032.0
2021 1 18777.0
2021 2 84043.0
2021 3 25759.0
2021 4 39226.0
2021 5 65935.0
2021 6 65151.0
2021 7 49865.0
2021 8 82162.0
2021 9 141772.0
2021 10 54129.0
2021 11 54178.0
2021 12 56509.0
2022 1 130567.0
2022 2 134542.0
2022 3 105503.0
2022 4 193414.0
2022 5 106620.0
2022 6 174123.0
2022 7 260526.0
2022 8 84579.0
2022 9 126104.0
2022 10 49670.0
2022 11 77739.0
2022 12 122389.0
2023 1 114242.0
2023 2 57489.0
2023 3 31949.0
2023 4 69007.0
2023 5 123223.0
2023 6 18120.0
2023 7 78126.0
2023 8 107539.0
2023 9 28289.0
2023 10 186481.0
2023 11 38721.0
2023 12 102945.0
2024 1 16317.0
2024 2 149698.0
2024 3 102829.0
2024 4 215501.0
2024 5 171553.0
2024 6 58318.0
2024 7 104300.0
2024 8 110534.0
