1960 5 19693.0
1960 6 21430.0
1960 7 19670.0
1960 8 21641.0
1960 9 18784.0
1960 10 20282.0
1960 11 18763.0
1960 12 13376.0
1961 1 7424.0
1961 2 5862.0
1961 3 19463.0
1961 4 23562.0
1961 5 29053.0
1961 6 27882.0
1961 7 21624.0
1961 8 23379.0
1961 9 18099.0
1961 10 22956.0
1961 11 19677.0
1961 12 20026.0
1962 1 15277.0
1962 2 14143.0
1962 3 20096.0
1962 4 23237.0
1962 5 24501.0
1962 6 23140.0
1962 7 24151.0
1962 8 30441.0
1962 9 21072.0
1962 10 22708.0
1962 11 22583.454545454544
1962 12 22458.909090909092
1963 1 22334.363636363636
1963 2 22209.81818181818
1963 3 22085.272727272728
1963 4 21960.727272727272
1963 5 21836.18181818182
1963 6 21711.636363636364
1963 7 21587.090909090908
1963 8 21462.545454545456
1963 9 21338.0
1963 10 29089.0
1963 11 19414.0
1963 12 32416.0
1964 1 18735.0
1964 2 21672.0
1964 3 39758.0
1964 4 27878.0
1964 5 25379.0
1964 6 29684.0
1964 7 22976.0
1964 8 20258.0
1964 9 23963.0
1964 10 25430.0
1964 11 24589.0
1964 12 33935.0
1965 1 13200.0
1965 2 11039.0
1965 3 21971.0
1965 4 29701.0
1965 5 24992.0
1965 6 28040.0
1965 7 25828.0
1965 8 23423.0
1965 9 20523.0
1965 10 44814.0
1965 11 28640.0
1965 12 22477.0
1966 1 14787.0
1966 2 10741.0
1966 3 25030.0
1966 4 29388.0
1966 5 20969.0
1966 6 28872.0
1966 7 18836.0
1966 8 19531.0
1966 9 15804.0
1966 10 15845.0
1966 11 19255.0
1966 12 31406.0
1967 1 30125.69230769231
1967 2 28845.384615384617
1967 3 27565.076923076922
1967 4 26284.76923076923
1967 5 25004.46153846154
1967 6 23724.153846153844
1967 7 22443.846153846152
1967 8 21163.53846153846
1967 9 19883.23076923077
1967 10 18602.923076923078
1967 11 17322.615384615383
1967 12 16042.307692307691
1968 1 14762.0
1968 2 25909.0
1968 3 33013.0
1968 4 43624.0
1968 5 39326.0
1968 6 39160.0
1968 7 36814.0
1968 8 57592.0
1968 9 34878.0
1968 10 52596.0
1968 11 30677.0
1968 12 30530.0
1969 1 24685.0
1969 2 17456.0
1969 3 25877.0
1969 4 42912.0
1969 5 38817.0
1969 6 48111.0
1969 7 38544.0
1969 8 47979.0
1969 9 51359.0
1969 10 42748.0
1969 11 44680.0
1969 12 25471.0
1970 1 30699.0
1970 2 62238.0
1970 3 32527.0
1970 4 41830.0
1970 5 45325.0
1970 6 43613.0
1970 7 48993.0
1970 8 41088.0
1970 9 42580.0
1970 10 45871.0
1970 11 55836.0
1970 12 43568.0
1971 1 32494.0
1971 2 22176.0
1971 3 49631.0
1971 4 59395.0
1971 5 58123.0
1971 6 69144.0
1971 7 67655.0
1971 8 60382.0
1971 9 75618.0
1971 10 68608.0
1971 11 72171.0
1971 12 55619.0
1972 1 53995.0
1972 2 60054.0
1972 3 48976.0
1972 4 59129.0
1972 5 86644.0
1972 6 67305.0
1972 7 68688.0
1972 8 63479.0
1972 9 45171.0
1972 10 67547.0
1972 11 69777.0
1972 12 62720.0
1973 1 45637.0
1973 2 47433.0
1973 3 83623.0
1973 4 82417.0
1973 5 65948.0
1973 6 74068.0
1973 7 80865.0
1973 8 84366.0
1973 9 47880.0
1973 10 56674.0
1973 11 37273.0
1973 12 45979.0
1974 1 58625.0
1974 2 35903.0
1974 3 52741.0
1974 4 54312.0
1974 5 54347.0
1974 6 44939.0
1974 7 38848.0
1974 8 37886.0
1974 9 34699.0
1974 10 30227.0
1974 11 23833.0
1974 12 40151.0
1975 1 9173.0
1975 2 10792.0
1975 3 19451.0
1975 4 44812.0
1975 5 39979.0
1975 6 42883.0
1975 7 44727.0
1975 8 49275.0
1975 9 42420.0
1975 10 33297.0
1975 11 31070.0
1975 12 31115.0
1976 1 17443.0
1976 2 28783.0
1976 3 35425.0
1976 4 51294.0
1976 5 36672.0
1976 6 50878.0
1976 7 43095.0
1976 8 53549.0
1976 9 44071.0
1976 10 55084.0
1976 11 48010.0
1976 12 36125.0
1977 1 16130.0
1977 2 15664.0
1977 3 66874.0
1977 4 56233.0
1977 5 55554.0
1977 6 68218.0
1977 7 56458.0
1977 8 63194.0
1977 9 55799.0
1977 10 55553.0
1977 11 68976.0
1977 12 84957.0
1978 1 22389.0
1978 2 17308.0
1978 3 35212.0
1978 4 42882.0
1978 5 51406.0
1978 6 61297.0
1978 7 82189.0
1978 8 78500.0
1978 9 58537.0
1978 10 56885.0
1978 11 49490.0
1978 12 39266.0
1979 1 35684.0
1979 2 28472.0
1979 3 38827.0
1979 4 54490.0
1979 5 71514.0
1979 6 78302.0
1979 7 60670.0
1979 8 58250.0
1979 9 79321.0
1979 10 58611.0
1979 11 63549.0
1979 12 43504.0
1980 1 30689.0
1980 2 27404.0
1980 3 52839.0
1980 4 23850.0
1980 5 41196.0
1980 6 54441.0
1980 7 56636.0
1980 8 52909.0
1980 9 68023.0
1980 10 63876.0
1980 11 48182.0
1980 12 49384.0
1981 1 34756.0
1981 2 38371.0
1981 3 55468.0
1981 4 89704.0
1981 5 55597.0
1981 6 61040.0
1981 7 59051.0
1981 8 59573.0
1981 9 54504.0
1981 10 63451.0
1981 11 37634.0
1981 12 42198.0
1982 1 15640.0
1982 2 28961.0
1982 3 34247.0
1982 4 44294.0
1982 5 62860.0
1982 6 73900.0
1982 7 57555.0
1982 8 90231.0
1982 9 110687.0
1982 10 77178.0
1982 11 66800.0
1982 12 56422.0
1983 1 44256.0
1983 2 50797.0
1983 3 86933.0
1983 4 84546.0
1983 5 116147.0
1983 6 126629.0
1983 7 109840.0
1983 8 128964.0
1983 9 124183.0
1983 10 99979.0
1983 11 94290.0
1983 12 71655.0
1984 1 68606.0
1984 2 79645.0
1984 3 120992.0
1984 4 127728.0
1984 5 164491.0
1984 6 141602.0
1984 7 148173.0
1984 8 139684.0
1984 9 149002.0
1984 10 147780.0
1984 11 122320.0
1984 12 121014.0
1985 1 119565.0
1985 2 135916.0
1985 3 195660.0
1985 4 231162.0
1985 5 242539.0
1985 6 193078.0
1985 7 221186.0
1985 8 195606.0
1985 9 216295.0
1985 10 281403.0
1985 11 194613.0
1985 12 169761.0
1986 1 144709.0
1986 2 137566.0
1986 3 223161.0
1986 4 271477.0
1986 5 286224.0
1986 6 259857.0
1986 7 281943.0
1986 8 249800.0
1986 9 279874.0
1986 10 304697.0
1986 11 201798.0
1986 12 235751.0
1987 1 172776.0
1987 2 155198.0
1987 3 243536.0
1987 4 262298.0
1987 5 278015.0
1987 6 320902.0
1987 7 304915.0
1987 8 271428.0
1987 9 269341.0
1987 10 261926.0
1987 11 224905.0
1987 12 219745.0
1988 1 135992.0
1988 2 142952.0
1988 3 274090.0
1988 4 236123.0
1988 5 229351.0
1988 6 295160.0
1988 7 214037.0
1988 8 202446.0
1988 9 202798.0
1988 10 231508.0
1988 11 190475.0
1988 12 164004.0
1989 1 137311.0
1989 2 115017.0
1989 3 165702.0
1989 4 199180.0
1989 5 159443.0
1989 6 186142.0
1989 7 153474.0
1989 8 153152.0
1989 9 163410.0
1989 10 159663.0
1989 11 153378.0
1989 12 121687.0
1990 1 107946.0
1990 2 98897.0
1990 3 113108.0
1990 4 123902.0
1990 5 129220.0
1990 6 140582.0
1990 7 108089.0
1990 8 128077.0
1990 9 91822.0
1990 10 120773.0
1990 11 92233.0
1990 12 72947.0
1991 1 57239.0
1991 2 46487.0
1991 3 82913.0
1991 4 116280.0
1991 5 118274.0
1991 6 127964.0
1991 7 134433.0
1991 8 125378.0
1991 9 120387.0
1991 10 135966.0
1991 11 120676.0
1991 12 90198.0
1992 1 78805.0
1992 2 69901.0
1992 3 136828.0
1992 4 149046.0
1992 5 157216.0
1992 6 179880.0
1992 7 170975.0
1992 8 144299.0
1992 9 157773.0
1992 10 173635.0
1992 11 158356.0
1992 12 127222.0
1993 1 89593.0
1993 2 91191.0
1993 3 118809.0
1993 4 161469.0
1993 5 175013.0
1993 6 181217.0
1993 7 164452.0
1993 8 198941.0
1993 9 189716.0
1993 10 194559.0
1993 11 186750.0
1993 12 159350.0
1994 1 92753.0
1994 2 93651.0
1994 3 154480.0
1994 4 183261.0
1994 5 191513.0
1994 6 207728.0
1994 7 218767.0
1994 8 210913.0
1994 9 191873.0
1994 10 189232.0
1994 11 195115.0
1994 12 166364.0
1995 1 111811.0
1995 2 88954.0
1995 3 171611.0
1995 4 152270.0
1995 5 177635.0
1995 6 180298.0
1995 7 162651.0
1995 8 166813.0
1995 9 167896.0
1995 10 165679.0
1995 11 198232.0
1995 12 134227.0
1996 1 89560.0
1996 2 102225.0
1996 3 149637.0
1996 4 188340.0
1996 5 192455.0
1996 6 189079.0
1996 7 211689.0
1996 8 197086.0
1996 9 183887.0
1996 10 205694.0
1996 11 186981.0
1996 12 162129.0
1997 1 156151.0
1997 2 131297.0
1997 3 164278.0
1997 4 180771.0
1997 5 195386.0
1997 6 222699.0
1997 7 214371.0
1997 8 201669.0
1997 9 193951.0
1997 10 205986.0
1997 11 160590.0
1997 12 170834.0
1998 1 144664.0
1998 2 163663.0
1998 3 220178.0
1998 4 206704.0
1998 5 218434.0
1998 6 213062.0
1998 7 240524.0
1998 8 202629.0
1998 9 241173.0
1998 10 213258.0
1998 11 200723.0
1998 12 196017.0
1999 1 152013.0
1999 2 152083.0
1999 3 214512.0
1999 4 245294.0
1999 5 208481.0
1999 6 296377.0
1999 7 244746.0
1999 8 228648.0
1999 9 202057.0
1999 10 224574.0
1999 11 202126.0
1999 12 228780.0
2000 1 161609.0
2000 2 144026.0
2000 3 251038.0
2000 4 222899.0
2000 5 214652.0
2000 6 230878.0
2000 7 246356.0
2000 8 223378.0
2000 9 212807.0
2000 10 212121.0
2000 11 254445.0
2000 12 186394.0
2001 1 187585.0
2001 2 187411.0
2001 3 176213.0
2001 4 212714.0
2001 5 273992.0
2001 6 236205.0
2001 7 252532.0
2001 8 269539.0
2001 9 206671.0
2001 10 214162.0
2001 11 243792.0
2001 12 188249.0
2002 1 175315.0
2002 2 163079.0
2002 3 193652.0
2002 4 232568.0
2002 5 304342.0
2002 6 272796.0
2002 7 257211.0
2002 8 255532.0
2002 9 241164.0
2002 10 233297.0
2002 11 219618.0
2002 12 202398.0
2003 1 156257.0
2003 2 163713.0
2003 3 192648.0
2003 4 245256.0
2003 5 252191.0
2003 6 259087.0
2003 7 292693.0
2003 8 289264.0
2003 9 252445.0
2003 10 288787.0
2003 11 252680.0
2003 12 261141.0
2004 1 205808.0
2004 2 150832.0
2004 3 261392.0
2004 4 308585.0
2004 5 298236.0
2004 6 336644.0
2004 7 320245.0
2004 8 366863.0
2004 9 302896.0
2004 10 266948.0
2004 11 306983.0
2004 12 351697.0
2005 1 239504.0
2005 2 185474.0
2005 3 311879.0
2005 4 295771.0
2005 5 377401.0
2005 6 398919.0
2005 7 402669.0
2005 8 368838.0
2005 9 345747.0
2005 10 368314.0
2005 11 296471.0
2005 12 310466.0
2006 1 234957.0
2006 2 225785.0
2006 3 342648.0
2006 4 361492.0
2006 5 275279.0
2006 6 298973.0
2006 7 271902.0
2006 8 252193.0
2006 9 253238.0
2006 10 222984.0
2006 11 234853.0
2006 12 253907.0
2007 1 335051.0
2007 2 148631.0
2007 3 192221.0
2007 4 216548.0
2007 5 296555.0
2007 6 211796.0
2007 7 229861.0
2007 8 210044.0
2007 9 197973.0
2007 10 219761.0
2007 11 179861.0
2007 12 225693.0
2008 1 111988.0
2008 2 98276.0
2008 3 136540.0
2008 4 166542.0
2008 5 212660.0
2008 6 265353.0
2008 7 167319.0
2008 8 150892.0
2008 9 147172.0
2008 10 109681.0
2008 11 95274.0
2008 12 102693.0
2009 1 67000.0
2009 2 144824.0
2009 3 83222.0
2009 4 89153.0
2009 5 123150.0
2009 6 106818.0
2009 7 112219.0
2009 8 133776.0
2009 9 130061.0
2009 10 128531.0
2009 11 117773.0
2009 12 160399.0
2010 1 98053.0
2010 2 93999.0
2010 3 121132.0
2010 4 139699.0
2010 5 115529.0
2010 6 226855.0
2010 7 180321.0
2010 8 131701.0
2010 9 160478.0
2010 10 121362.0
2010 11 161482.0
2010 12 151688.0
2011 1 80283.0
2011 2 69826.0
2011 3 95040.0
2011 4 108886.0
2011 5 169931.0
2011 6 157230.0
2011 7 121642.0
2011 8 126771.0
2011 9 116957.0
2011 10 173129.0
2011 11 225835.0
2011 12 179771.0
2012 1 90128.0
2012 2 154633.0
2012 3 124554.0
2012 4 210938.0
2012 5 201973.0
2012 6 147972.0
2012 7 158963.0
2012 8 265523.0
2012 9 171526.0
2012 10 191515.0
2012 11 197017.0
2012 12 254024.0
2013 1 179098.0
2013 2 132694.0
2013 3 184109.0
2013 4 212816.0
2013 5 226720.0
2013 6 363212.0
2013 7 357704.0
2013 8 250937.0
2013 9 329355.0
2013 10 234508.0
2013 11 223057.0
2013 12 841603.0
2014 1 230606.0
2014 2 223327.0
2014 3 158785.0
2014 4 222361.0
2014 5 269607.0
2014 6 297107.0
2014 7 288199.0
2014 8 229191.0
2014 9 256922.0
2014 10 261402.0
2014 11 347969.0
2014 12 223022.0
2015 1 289249.0
2015 2 141286.0
2015 3 222744.0
2015 4 222458.0
2015 5 592778.0
2015 6 292335.0
2015 7 296923.0
2015 8 328090.0
2015 9 424904.0
2015 10 284185.0
2015 11 236989.0
2015 12 313121.0
2016 1 225637.0
2016 2 192049.0
2016 3 280600.0
2016 4 279164.0
2016 5 232702.0
2016 6 331954.0
2016 7 278077.0
2016 8 299224.0
2016 9 575960.0
2016 10 259118.0
2016 11 272358.0
2016 12 261444.0
2017 1 179214.0
2017 2 155117.0
2017 3 522821.0
2017 4 213461.0
2017 5 488931.0
2017 6 463866.0
2017 7 371433.0
2017 8 285849.0
2017 9 288569.0
2017 10 355579.0
2017 11 269953.0
2017 12 427868.0
2018 1 352785.0
2018 2 235582.0
2018 3 305462.0
2018 4 216636.0
2018 5 644115.0
2018 6 366474.0
2018 7 234288.0
2018 8 245546.0
2018 9 234310.0
2018 10 327359.0
2018 11 261699.0
2018 12 271535.0
2019 1 198335.0
2019 2 199856.0
2019 3 252034.0
2019 4 254855.0
2019 5 220645.0
2019 6 341836.0
2019 7 280176.0
2019 8 280426.0
2019 9 208856.0
2019 10 306274.0
2019 11 301608.0
2019 12 256309.0
2020 1 369593.0
2020 2 196490.0
2020 3 259374.0
2020 4 137976.0
2020 5 265698.0
2020 6 443095.0
2020 7 383042.0
2020 8 224588.0
2020 9 298869.0
2020 10 255942.0
2020 11 394533.0
2020 12 451789.0
2021 1 315259.0
2021 2 264476.0
2021 3 385402.0
2021 4 419834.0
2021 5 353174.0
2021 6 349664.0
2021 7 334529.0
2021 8 302188.0
2021 9 390102.0
2021 10 234644.0
2021 11 244407.0
2021 12 669311.0
2022 1 321305.0
2022 2 509495.0
2022 3 450350.0
2022 4 581545.0
2022 5 466120.0
2022 6 552951.0
2022 7 426168.0
2022 8 329489.0
2022 9 426328.0
2022 10 362778.0
2022 11 404182.0
2022 12 428029.0
2023 1 367402.0
2023 2 285153.0
2023 3 370200.0
2023 4 281036.0
2023 5 376439.0
2023 6 518299.0
2023 7 356965.0
2023 8 348645.0
2023 9 335801.0
2023 10 290426.0
2023 11 315161.0
2023 12 529380.0
2024 1 585419.0
2024 2 365907.0
2024 3 463351.0
2024 4 327095.0
2024 5 428848.0
2024 6 487687.0
2024 7 361212.0
2024 8 516807.0
