1960 5 457.0
1960 6 563.0
1960 7 379.0
1960 8 521.0
1960 9 445.0
1960 10 279.0
1960 11 275.0
1960 12 286.0
1961 1 144.0
1961 2 406.0
1961 3 481.0
1961 4 226.0
1961 5 339.0
1961 6 625.0
1961 7 270.0
1961 8 290.0
1961 9 248.0
1961 10 328.0
1961 11 766.0
1961 12 456.0
1962 1 264.0
1962 2 249.0
1962 3 1683.0
1962 4 1085.0
1962 5 630.0
1962 6 679.0
1962 7 438.0
1962 8 667.0
1962 9 269.0
1962 10 609.0
1962 11 639.5454545454545
1962 12 670.0909090909091
1963 1 700.6363636363636
1963 2 731.1818181818182
1963 3 761.7272727272727
1963 4 792.2727272727273
1963 5 822.8181818181818
1963 6 853.3636363636364
1963 7 883.909090909091
1963 8 914.4545454545455
1963 9 945.0
1963 10 1150.0
1963 11 834.0
1963 12 417.0
1964 1 1143.0
1964 2 793.0
1964 3 3666.0
1964 4 734.0
1964 5 681.0
1964 6 734.0
1964 7 838.0
1964 8 511.0
1964 9 615.0
1964 10 1128.0
1964 11 459.0
1964 12 1312.0
1965 1 799.0
1965 2 465.0
1965 3 609.0
1965 4 1500.0
1965 5 905.0
1965 6 813.0
1965 7 2569.0
1965 8 536.0
1965 9 512.0
1965 10 788.0
1965 11 596.0
1965 12 1001.0
1966 1 545.0
1966 2 139.0
1966 3 881.0
1966 4 695.0
1966 5 567.0
1966 6 539.0
1966 7 437.0
1966 8 570.0
1966 9 323.0
1966 10 726.0
1966 11 706.0
1966 12 453.0
1967 1 518.6153846153846
1967 2 584.2307692307693
1967 3 649.8461538461538
1967 4 715.4615384615385
1967 5 781.0769230769231
1967 6 846.6923076923076
1967 7 912.3076923076923
1967 8 977.9230769230769
1967 9 1043.5384615384614
1967 10 1109.1538461538462
1967 11 1174.7692307692307
1967 12 1240.3846153846152
1968 1 1306.0
1968 2 783.0
1968 3 553.0
1968 4 522.0
1968 5 1083.0
1968 6 622.0
1968 7 1571.0
1968 8 458.0
1968 9 746.0
1968 10 942.0
1968 11 474.0
1968 12 1056.0
1969 1 756.0
1969 2 380.0
1969 3 2602.0
1969 4 675.0
1969 5 573.0
1969 6 578.0
1969 7 1667.0
1969 8 983.0
1969 9 836.0
1969 10 2148.0
1969 11 877.0
1969 12 1547.0
1970 1 378.0
1970 2 702.0
1970 3 1033.0
1970 4 2136.0
1970 5 697.0
1970 6 992.0
1970 7 682.0
1970 8 1678.0
1970 9 2266.0
1970 10 1558.0
1970 11 1112.0
1970 12 694.0
1971 1 1105.0
1971 2 1065.0
1971 3 2165.0
1971 4 1780.0
1971 5 1369.0
1971 6 2668.0
1971 7 1848.0
1971 8 1886.0
1971 9 10597.0
1971 10 3364.0
1971 11 4382.0
1971 12 1862.0
1972 1 2329.0
1972 2 1598.0
1972 3 1837.0
1972 4 3522.0
1972 5 4594.0
1972 6 1779.0
1972 7 1573.0
1972 8 1884.0
1972 9 2132.0
1972 10 2816.0
1972 11 1657.0
1972 12 937.0
1973 1 3100.0
1973 2 1490.0
1973 3 2113.0
1973 4 3583.0
1973 5 2141.0
1973 6 1570.0
1973 7 1850.0
1973 8 2476.0
1973 9 2574.0
1973 10 1534.0
1973 11 2063.0
1973 12 3154.0
1974 1 974.0
1974 2 1065.0
1974 3 900.0
1974 4 1657.0
1974 5 1497.0
1974 6 363.0
1974 7 1504.0
1974 8 1118.0
1974 9 1263.0
1974 10 1536.0
1974 11 564.0
1974 12 1920.0
1975 1 114.0
1975 2 562.0
1975 3 439.0
1975 4 4042.0
1975 5 1708.0
1975 6 466.0
1975 7 511.0
1975 8 1215.0
1975 9 623.0
1975 10 1142.0
1975 11 873.0
1975 12 3171.0
1976 1 427.0
1976 2 562.0
1976 3 631.0
1976 4 1179.0
1976 5 550.0
1976 6 758.0
1976 7 863.0
1976 8 3497.0
1976 9 1247.0
1976 10 653.0
1976 11 703.0
1976 12 297.0
1977 1 360.0
1977 2 521.0
1977 3 1250.0
1977 4 510.0
1977 5 2422.0
1977 6 682.0
1977 7 1002.0
1977 8 1072.0
1977 9 714.0
1977 10 1293.0
1977 11 584.0
1977 12 1020.0
1978 1 185.0
1978 2 825.0
1978 3 993.0
1978 4 235.0
1978 5 653.0
1978 6 1089.0
1978 7 1002.0
1978 8 482.0
1978 9 728.0
1978 10 1030.0
1978 11 1344.0
1978 12 660.0
1979 1 1338.0
1979 2 402.0
1979 3 436.0
1979 4 1510.0
1979 5 869.0
1979 6 861.0
1979 7 1016.0
1979 8 1101.0
1979 9 2298.0
1979 10 2097.0
1979 11 747.0
1979 12 888.0
1980 1 565.0
1980 2 424.0
1980 3 308.0
1980 4 382.0
1980 5 1309.0
1980 6 2534.0
1980 7 947.0
1980 8 4819.0
1980 9 4360.0
1980 10 1266.0
1980 11 2071.0
1980 12 2019.0
1981 1 1259.0
1981 2 582.0
1981 3 4841.0
1981 4 5292.0
1981 5 1775.0
1981 6 1776.0
1981 7 3392.0
1981 8 1401.0
1981 9 1318.0
1981 10 5026.0
1981 11 2823.0
1981 12 705.0
1982 1 1030.0
1982 2 1119.0
1982 3 995.0
1982 4 2641.0
1982 5 8827.0
1982 6 2352.0
1982 7 2088.0
1982 8 3350.0
1982 9 3575.0
1982 10 2029.0
1982 11 1762.0
1982 12 1495.0
1983 1 2154.0
1983 2 1629.0
1983 3 2275.0
1983 4 4036.0
1983 5 4171.0
1983 6 3144.0
1983 7 2779.0
1983 8 2275.0
1983 9 5480.0
1983 10 2646.0
1983 11 6507.0
1983 12 2784.0
1984 1 1925.0
1984 2 2497.0
1984 3 15475.0
1984 4 5268.0
1984 5 5564.0
1984 6 4557.0
1984 7 5353.0
1984 8 5528.0
1984 9 4009.0
1984 10 7449.0
1984 11 7547.0
1984 12 6299.0
1985 1 6206.0
1985 2 12758.0
1985 3 8901.0
1985 4 16112.0
1985 5 9065.0
1985 6 8376.0
1985 7 10624.0
1985 8 8221.0
1985 9 7594.0
1985 10 13110.0
1985 11 9766.0
1985 12 10973.0
1986 1 11736.0
1986 2 8758.0
1986 3 7114.0
1986 4 17757.0
1986 5 16552.0
1986 6 17967.0
1986 7 16946.0
1986 8 15498.0
1986 9 20433.0
1986 10 17332.0
1986 11 14243.0
1986 12 11667.0
1987 1 11217.0
1987 2 9661.0
1987 3 16901.0
1987 4 26366.0
1987 5 20802.0
1987 6 28249.0
1987 7 33758.0
1987 8 15759.0
1987 9 16732.0
1987 10 19498.0
1987 11 14196.0
1987 12 11377.0
1988 1 7331.0
1988 2 9670.0
1988 3 19125.0
1988 4 15911.0
1988 5 14347.0
1988 6 26309.0
1988 7 28973.0
1988 8 8571.0
1988 9 12979.0
1988 10 22181.0
1988 11 17307.0
1988 12 11106.0
1989 1 17391.0
1989 2 7188.0
1989 3 12947.0
1989 4 8788.0
1989 5 7949.0
1989 6 19673.0
1989 7 13625.0
1989 8 9723.0
1989 9 11775.0
1989 10 6656.0
1989 11 12410.0
1989 12 13981.0
1990 1 9415.0
1990 2 6368.0
1990 3 3484.0
1990 4 11307.0
1990 5 13975.0
1990 6 6855.0
1990 7 9804.0
1990 8 10635.0
1990 9 4966.0
1990 10 6163.0
1990 11 4255.0
1990 12 6027.0
1991 1 3325.0
1991 2 2961.0
1991 3 2487.0
1991 4 9135.0
1991 5 2412.0
1991 6 3641.0
1991 7 1558.0
1991 8 1773.0
1991 9 3187.0
1991 10 3501.0
1991 11 1833.0
1991 12 2047.0
1992 1 2252.0
1992 2 881.0
1992 3 3577.0
1992 4 1567.0
1992 5 1531.0
1992 6 3215.0
1992 7 1357.0
1992 8 2695.0
1992 9 2903.0
1992 10 3471.0
1992 11 1475.0
1992 12 1403.0
1993 1 1604.0
1993 2 5069.0
1993 3 704.0
1993 4 1811.0
1993 5 1896.0
1993 6 2611.0
1993 7 2524.0
1993 8 5662.0
1993 9 3048.0
1993 10 3433.0
1993 11 3373.0
1993 12 4411.0
1994 1 1675.0
1994 2 1334.0
1994 3 4483.0
1994 4 2597.0
1994 5 2530.0
1994 6 3539.0
1994 7 3495.0
1994 8 5017.0
1994 9 2386.0
1994 10 3053.0
1994 11 5663.0
1994 12 2518.0
1995 1 2966.0
1995 2 3994.0
1995 3 2330.0
1995 4 2408.0
1995 5 2042.0
1995 6 2287.0
1995 7 2843.0
1995 8 1930.0
1995 9 3448.0
1995 10 3009.0
1995 11 2670.0
1995 12 5724.0
1996 1 1500.0
1996 2 1823.0
1996 3 2513.0
1996 4 1543.0
1996 5 2070.0
1996 6 2036.0
1996 7 5599.0
1996 8 3317.0
1996 9 1932.0
1996 10 5560.0
1996 11 5540.0
1996 12 3022.0
1997 1 1987.0
1997 2 3565.0
1997 3 4449.0
1997 4 4000.0
1997 5 3627.0
1997 6 4077.0
1997 7 6909.0
1997 8 2802.0
1997 9 3835.0
1997 10 6322.0
1997 11 3356.0
1997 12 5686.0
1998 1 6702.0
1998 2 7375.0
1998 3 5050.0
1998 4 5753.0
1998 5 4178.0
1998 6 6214.0
1998 7 7098.0
1998 8 5864.0
1998 9 5954.0
1998 10 5603.0
1998 11 6129.0
1998 12 8424.0
1999 1 3569.0
1999 2 5487.0
1999 3 7749.0
1999 4 10386.0
1999 5 6217.0
1999 6 8113.0
1999 7 9121.0
1999 8 7540.0
1999 9 10967.0
1999 10 4011.0
1999 11 9401.0
1999 12 11693.0
2000 1 6364.0
2000 2 5331.0
2000 3 6119.0
2000 4 5203.0
2000 5 9233.0
2000 6 11164.0
2000 7 6432.0
2000 8 5775.0
2000 9 5735.0
2000 10 10963.0
2000 11 6247.0
2000 12 8195.0
2001 1 2664.0
2001 2 5953.0
2001 3 3096.0
2001 4 5498.0
2001 5 20537.0
2001 6 5067.0
2001 7 8520.0
2001 8 7756.0
2001 9 7379.0
2001 10 7594.0
2001 11 5603.0
2001 12 10630.0
2002 1 6713.0
2002 2 4816.0
2002 3 6984.0
2002 4 8127.0
2002 5 10768.0
2002 6 9737.0
2002 7 6005.0
2002 8 9780.0
2002 9 6672.0
2002 10 11105.0
2002 11 9432.0
2002 12 7759.0
2003 1 6586.0
2003 2 7193.0
2003 3 7782.0
2003 4 9557.0
2003 5 15940.0
2003 6 16406.0
2003 7 9989.0
2003 8 10322.0
2003 9 8603.0
2003 10 12828.0
2003 11 16381.0
2003 12 11100.0
2004 1 7810.0
2004 2 4403.0
2004 3 12840.0
2004 4 8520.0
2004 5 9545.0
2004 6 19026.0
2004 7 17393.0
2004 8 17988.0
2004 9 9701.0
2004 10 17003.0
2004 11 15640.0
2004 12 24453.0
2005 1 10210.0
2005 2 10561.0
2005 3 23277.0
2005 4 16973.0
2005 5 20039.0
2005 6 10412.0
2005 7 20991.0
2005 8 12312.0
2005 9 13045.0
2005 10 16399.0
2005 11 11147.0
2005 12 11349.0
2006 1 9668.0
2006 2 9336.0
2006 3 14042.0
2006 4 16214.0
2006 5 20744.0
2006 6 22582.0
2006 7 10370.0
2006 8 15137.0
2006 9 19811.0
2006 10 11958.0
2006 11 9556.0
2006 12 7534.0
2007 1 7944.0
2007 2 5238.0
2007 3 12880.0
2007 4 9023.0
2007 5 12177.0
2007 6 8759.0
2007 7 5921.0
2007 8 8008.0
2007 9 5684.0
2007 10 8484.0
2007 11 9433.0
2007 12 4982.0
2008 1 7755.0
2008 2 3166.0
2008 3 7002.0
2008 4 3040.0
2008 5 7811.0
2008 6 7251.0
2008 7 5021.0
2008 8 4227.0
2008 9 5786.0
2008 10 2466.0
2008 11 2425.0
2008 12 6099.0
2009 1 3454.0
2009 2 5712.0
2009 3 5379.0
2009 4 3406.0
2009 5 6519.0
2009 6 3993.0
2009 7 3824.0
2009 8 5049.0
2009 9 3431.0
2009 10 2665.0
2009 11 3428.0
2009 12 4833.0
2010 1 4842.0
2010 2 4004.0
2010 3 2427.0
2010 4 3572.0
2010 5 3583.0
2010 6 14316.0
2010 7 3698.0
2010 8 2533.0
2010 9 14858.0
2010 10 3188.0
2010 11 2339.0
2010 12 3799.0
2011 1 3591.0
2011 2 609.0
2011 3 2417.0
2011 4 2499.0
2011 5 1952.0
2011 6 4938.0
2011 7 2964.0
2011 8 2120.0
2011 9 2859.0
2011 10 6358.0
2011 11 5701.0
2011 12 3320.0
2012 1 2702.0
2012 2 5380.0
2012 3 2727.0
2012 4 2600.0
2012 5 5770.0
2012 6 6476.0
2012 7 5558.0
2012 8 5488.0
2012 9 11050.0
2012 10 5279.0
2012 11 14830.0
2012 12 7811.0
2013 1 8585.0
2013 2 5802.0
2013 3 4951.0
2013 4 5287.0
2013 5 11878.0
2013 6 6032.0
2013 7 10279.0
2013 8 11334.0
2013 9 8349.0
2013 10 12054.0
2013 11 7487.0
2013 12 13733.0
2014 1 5196.0
2014 2 5851.0
2014 3 8559.0
2014 4 11168.0
2014 5 13609.0
2014 6 6524.0
2014 7 4302.0
2014 8 15488.0
2014 9 8652.0
2014 10 9948.0
2014 11 5267.0
2014 12 6565.0
2015 1 5143.0
2015 2 2881.0
2015 3 10791.0
2015 4 8898.0
2015 5 11237.0
2015 6 17869.0
2015 7 7542.0
2015 8 6511.0
2015 9 7444.0
2015 10 15948.0
2015 11 11382.0
2015 12 19276.0
2016 1 7095.0
2016 2 9902.0
2016 3 7541.0
2016 4 19737.0
2016 5 10308.0
2016 6 9859.0
2016 7 8883.0
2016 8 9435.0
2016 9 15712.0
2016 10 10288.0
2016 11 13288.0
2016 12 20303.0
2017 1 6591.0
2017 2 5560.0
2017 3 8132.0
2017 4 15621.0
2017 5 8556.0
2017 6 15147.0
2017 7 6843.0
2017 8 15017.0
2017 9 11135.0
2017 10 17569.0
2017 11 10992.0
2017 12 9850.0
2018 1 11540.0
2018 2 14714.0
2018 3 16070.0
2018 4 12536.0
2018 5 14453.0
2018 6 13265.0
2018 7 12653.0
2018 8 11281.0
2018 9 23134.0
2018 10 11447.0
2018 11 12255.0
2018 12 15317.0
2019 1 16650.0
2019 2 10745.0
2019 3 11781.0
2019 4 20923.0
2019 5 10219.0
2019 6 14341.0
2019 7 14849.0
2019 8 9836.0
2019 9 10887.0
2019 10 18346.0
2019 11 15372.0
2019 12 12365.0
2020 1 16441.0
2020 2 9541.0
2020 3 22474.0
2020 4 4319.0
2020 5 7699.0
2020 6 15051.0
2020 7 15154.0
2020 8 20505.0
2020 9 8153.0
2020 10 15041.0
2020 11 14159.0
2020 12 20309.0
2021 1 10851.0
2021 2 5273.0
2021 3 15169.0
2021 4 13331.0
2021 5 8496.0
2021 6 11381.0
2021 7 14106.0
2021 8 14631.0
2021 9 8038.0
2021 10 15597.0
2021 11 20384.0
2021 12 19960.0
2022 1 12690.0
2022 2 14804.0
2022 3 18641.0
2022 4 15020.0
2022 5 23718.0
2022 6 21507.0
2022 7 15305.0
2022 8 17633.0
2022 9 24784.0
2022 10 14768.0
2022 11 14745.0
2022 12 15414.0
2023 1 14911.0
2023 2 4844.0
2023 3 30992.0
2023 4 11210.0
2023 5 16027.0
2023 6 10732.0
2023 7 11090.0
2023 8 28894.0
2023 9 13468.0
2023 10 14839.0
2023 11 11334.0
2023 12 42116.0
2024 1 6419.0
2024 2 13947.0
2024 3 11666.0
2024 4 22937.0
2024 5 23510.0
2024 6 24895.0
2024 7 20289.0
2024 8 11706.0
