1960 5 716.0
1960 6 968.0
1960 7 2456.0
1960 8 1178.0
1960 9 1900.0
1960 10 955.0
1960 11 1077.0
1960 12 1129.0
1961 1 238.0
1961 2 912.0
1961 3 3670.0
1961 4 4174.0
1961 5 4844.0
1961 6 7447.0
1961 7 2643.0
1961 8 3871.0
1961 9 2816.0
1961 10 5442.0
1961 11 2705.0
1961 12 7328.0
1962 1 4122.0
1962 2 7644.0
1962 3 7646.0
1962 4 2475.0
1962 5 2494.0
1962 6 4100.0
1962 7 7342.0
1962 8 12095.0
1962 9 3123.0
1962 10 5195.0
1962 11 5156.272727272727
1962 12 5117.545454545455
1963 1 5078.818181818182
1963 2 5040.090909090909
1963 3 5001.363636363636
1963 4 4962.636363636364
1963 5 4923.909090909091
1963 6 4885.181818181818
1963 7 4846.454545454545
1963 8 4807.727272727273
1963 9 4769.0
1963 10 8365.0
1963 11 4691.0
1963 12 19325.0
1964 1 10176.0
1964 2 13305.0
1964 3 23335.0
1964 4 6726.0
1964 5 5299.0
1964 6 10212.0
1964 7 4397.0
1964 8 3412.0
1964 9 6507.0
1964 10 6423.0
1964 11 6583.0
1964 12 18720.0
1965 1 3849.0
1965 2 3193.0
1965 3 3687.0
1965 4 9382.0
1965 5 4616.0
1965 6 7157.0
1965 7 8086.0
1965 8 4167.0
1965 9 2336.0
1965 10 26126.0
1965 11 8979.0
1965 12 5350.0
1966 1 3228.0
1966 2 3825.0
1966 3 4955.0
1966 4 7792.0
1966 5 3133.0
1966 6 10784.0
1966 7 3374.0
1966 8 3594.0
1966 9 2340.0
1966 10 1515.0
1966 11 4949.0
1966 12 19995.0
1967 1 18883.46153846154
1967 2 17771.923076923078
1967 3 16660.384615384617
1967 4 15548.846153846154
1967 5 14437.307692307693
1967 6 13325.76923076923
1967 7 12214.23076923077
1967 8 11102.692307692309
1967 9 9991.153846153848
1967 10 8879.615384615387
1967 11 7768.076923076924
1967 12 6656.538461538463
1968 1 5545.0
1968 2 16732.0
1968 3 16823.0
1968 4 19988.0
1968 5 8972.0
1968 6 13180.0
1968 7 9652.0
1968 8 29581.0
1968 9 7082.0
1968 10 22116.0
1968 11 6672.0
1968 12 10090.0
1969 1 8739.0
1969 2 7379.0
1969 3 10160.0
1969 4 11613.0
1969 5 8510.0
1969 6 16639.0
1969 7 12759.0
1969 8 23825.0
1969 9 23363.0
1969 10 14074.0
1969 11 22578.0
1969 12 7468.0
1970 1 21301.0
1970 2 48826.0
1970 3 14163.0
1970 4 16720.0
1970 5 21986.0
1970 6 16335.0
1970 7 27150.0
1970 8 16834.0
1970 9 13750.0
1970 10 19630.0
1970 11 29832.0
1970 12 24239.0
1971 1 21508.0
1971 2 10293.0
1971 3 22064.0
1971 4 18200.0
1971 5 24820.0
1971 6 28854.0
1971 7 32758.0
1971 8 22342.0
1971 9 39822.0
1971 10 36579.0
1971 11 35869.0
1971 12 24650.0
1972 1 30548.0
1972 2 40161.0
1972 3 17600.0
1972 4 21078.0
1972 5 42067.0
1972 6 27149.0
1972 7 33101.0
1972 8 14586.0
1972 9 8614.0
1972 10 16078.0
1972 11 26778.0
1972 12 35116.0
1973 1 14411.0
1973 2 21130.0
1973 3 39892.0
1973 4 31881.0
1973 5 20296.0
1973 6 29595.0
1973 7 31763.0
1973 8 38007.0
1973 9 15791.0
1973 10 23653.0
1973 11 7586.0
1973 12 24366.0
1974 1 42793.0
1974 2 19292.0
1974 3 28634.0
1974 4 17209.0
1974 5 18895.0
1974 6 11287.0
1974 7 4114.0
1974 8 9228.0
1974 9 6988.0
1974 10 7876.0
1974 11 2927.0
1974 12 21386.0
1975 1 114.0
1975 2 1207.0
1975 3 1750.0
1975 4 16684.0
1975 5 6080.0
1975 6 3806.0
1975 7 9630.0
1975 8 14876.0
1975 9 10857.0
1975 10 2708.0
1975 11 7100.0
1975 12 6755.0
1976 1 1181.0
1976 2 11234.0
1976 3 2828.0
1976 4 8819.0
1976 5 2553.0
1976 6 2227.0
1976 7 1492.0
1976 8 12292.0
1976 9 6398.0
1976 10 14178.0
1976 11 9502.0
1976 12 6240.0
1977 1 1526.0
1977 2 1151.0
1977 3 24014.0
1977 4 3599.0
1977 5 4544.0
1977 6 6498.0
1977 7 1850.0
1977 8 7860.0
1977 9 7040.0
1977 10 8067.0
1977 11 16599.0
1977 12 29019.0
1978 1 4817.0
1978 2 6075.0
1978 3 4285.0
1978 4 4071.0
1978 5 3313.0
1978 6 7966.0
1978 7 32471.0
1978 8 27494.0
1978 9 13083.0
1978 10 11260.0
1978 11 6655.0
1978 12 6163.0
1979 1 12496.0
1979 2 6571.0
1979 3 3751.0
1979 4 5902.0
1979 5 19348.0
1979 6 25979.0
1979 7 11176.0
1979 8 7620.0
1979 9 40130.0
1979 10 16301.0
1979 11 27093.0
1979 12 18736.0
1980 1 4238.0
1980 2 7910.0
1980 3 28468.0
1980 4 1103.0
1980 5 10416.0
1980 6 18088.0
1980 7 15341.0
1980 8 9715.0
1980 9 18403.0
1980 10 11966.0
1980 11 4971.0
1980 12 9612.0
1981 1 9827.0
1981 2 14983.0
1981 3 14364.0
1981 4 36115.0
1981 5 11332.0
1981 6 6720.0
1981 7 12836.0
1981 8 18801.0
1981 9 18914.0
1981 10 24347.0
1981 11 5328.0
1981 12 9614.0
1982 1 3656.0
1982 2 13380.0
1982 3 4140.0
1982 4 11498.0
1982 5 29523.0
1982 6 33545.0
1982 7 18745.0
1982 8 52092.0
1982 9 57371.0
1982 10 21160.0
1982 11 16747.5
1982 12 12335.0
1983 1 15765.0
1983 2 20320.0
1983 3 25771.0
1983 4 15958.0
1983 5 17235.0
1983 6 28482.0
1983 7 18696.0
1983 8 34352.0
1983 9 31854.0
1983 10 17237.0
1983 11 19068.0
1983 12 14230.0
1984 1 7626.0
1984 2 18617.0
1984 3 27408.0
1984 4 18947.0
1984 5 33212.0
1984 6 15713.0
1984 7 33738.0
1984 8 22533.0
1984 9 42098.0
1984 10 32026.0
1984 11 21111.0
1984 12 35096.0
1985 1 24359.0
1985 2 36523.0
1985 3 59124.0
1985 4 37648.0
1985 5 49878.0
1985 6 36359.0
1985 7 48764.0
1985 8 27123.0
1985 9 62554.0
1985 10 89795.0
1985 11 40485.0
1985 12 51141.0
1986 1 41326.0
1986 2 42798.0
1986 3 65043.0
1986 4 49854.0
1986 5 77071.0
1986 6 49545.0
1986 7 73665.0
1986 8 41552.0
1986 9 68350.0
1986 10 76047.0
1986 11 33217.0
1986 12 75911.0
1987 1 55645.0
1987 2 38454.0
1987 3 64454.0
1987 4 61935.0
1987 5 62075.0
1987 6 83003.0
1987 7 91161.0
1987 8 86882.0
1987 9 79155.0
1987 10 79002.0
1987 11 49979.0
1987 12 33824.0
1988 1 34194.0
1988 2 37885.0
1988 3 73946.0
1988 4 61265.0
1988 5 33813.0
1988 6 91002.0
1988 7 49682.0
1988 8 33415.0
1988 9 41088.0
1988 10 48016.0
1988 11 36715.0
1988 12 28575.0
1989 1 35217.0
1989 2 29467.0
1989 3 38399.0
1989 4 42754.0
1989 5 24955.0
1989 6 36812.0
1989 7 32581.0
1989 8 26117.0
1989 9 37847.0
1989 10 30181.0
1989 11 30114.0
1989 12 30195.0
1990 1 32819.0
1990 2 28036.0
1990 3 9842.0
1990 4 15414.0
1990 5 17826.0
1990 6 16383.0
1990 7 13640.0
1990 8 23516.0
1990 9 10194.0
1990 10 23803.0
1990 11 6047.0
1990 12 7675.0
1991 1 9572.0
1991 2 4052.0
1991 3 9687.0
1991 4 9867.0
1991 5 4230.0
1991 6 5746.0
1991 7 3070.0
1991 8 4205.0
1991 9 5524.0
1991 10 6207.0
1991 11 4395.0
1991 12 2980.0
1992 1 3087.0
1992 2 1548.0
1992 3 5550.0
1992 4 11417.0
1992 5 3205.0
1992 6 8219.0
1992 7 4069.0
1992 8 4182.0
1992 9 6500.0
1992 10 6887.0
1992 11 16965.0
1992 12 2058.0
1993 1 2055.0
1993 2 6015.0
1993 3 12975.0
1993 4 5230.0
1993 5 3208.0
1993 6 4773.0
1993 7 5836.0
1993 8 19404.0
1993 9 4552.0
1993 10 5478.0
1993 11 7658.0
1993 12 14186.0
1994 1 3111.0
1994 2 2947.0
1994 3 11313.0
1994 4 5641.0
1994 5 4922.0
1994 6 6829.0
1994 7 6649.0
1994 8 6933.0
1994 9 5763.0
1994 10 9559.0
1994 11 12252.0
1994 12 3996.0
1995 1 4536.0
1995 2 5063.0
1995 3 13155.0
1995 4 7820.0
1995 5 4526.0
1995 6 13072.0
1995 7 6851.0
1995 8 6231.0
1995 9 12037.0
1995 10 9191.0
1995 11 33993.0
1995 12 8008.0
1996 1 2627.0
1996 2 2975.0
1996 3 6074.0
1996 4 6114.0
1996 5 7013.0
1996 6 10225.0
1996 7 9481.0
1996 8 21384.0
1996 9 11820.0
1996 10 24592.0
1996 11 35606.0
1996 12 22252.0
1997 1 32035.0
1997 2 11149.0
1997 3 11721.0
1997 4 5090.0
1997 5 6654.0
1997 6 22507.0
1997 7 8262.0
1997 8 15136.0
1997 9 6976.0
1997 10 8058.0
1997 11 5368.0
1997 12 11511.0
1998 1 10166.0
1998 2 20406.0
1998 3 17608.0
1998 4 9472.0
1998 5 8015.0
1998 6 7936.0
1998 7 46582.0
1998 8 15984.0
1998 9 45852.0
1998 10 25699.0
1998 11 11059.0
1998 12 16340.0
1999 1 24319.0
1999 2 24461.0
1999 3 9615.0
1999 4 19173.0
1999 5 8242.0
1999 6 80815.0
1999 7 38564.0
1999 8 9422.0
1999 9 20492.0
1999 10 44559.0
1999 11 23162.0
1999 12 38485.0
2000 1 28440.0
2000 2 10747.0
2000 3 39456.0
2000 4 28374.0
2000 5 16764.0
2000 6 20703.0
2000 7 51599.0
2000 8 11416.0
2000 9 13753.0
2000 10 17930.0
2000 11 64183.0
2000 12 21578.0
2001 1 39844.0
2001 2 42564.0
2001 3 5667.0
2001 4 18041.0
2001 5 35145.0
2001 6 32666.0
2001 7 48599.0
2001 8 23545.0
2001 9 20648.0
2001 10 12528.0
2001 11 50426.0
2001 12 15555.0
2002 1 12007.0
2002 2 25519.0
2002 3 13439.0
2002 4 16482.0
2002 5 57881.0
2002 6 72501.0
2002 7 21468.0
2002 8 28059.0
2002 9 14583.0
2002 10 17166.0
2002 11 18104.0
2002 12 21555.0
2003 1 11160.0
2003 2 54947.0
2003 3 18171.0
2003 4 40133.0
2003 5 37796.0
2003 6 40780.0
2003 7 49370.0
2003 8 83943.0
2003 9 22781.0
2003 10 44621.0
2003 11 59525.0
2003 12 44653.0
2004 1 38264.0
2004 2 16516.0
2004 3 21151.0
2004 4 60727.0
2004 5 54184.0
2004 6 56925.0
2004 7 61936.0
2004 8 88404.0
2004 9 52198.0
2004 10 55272.0
2004 11 76609.0
2004 12 117152.0
2005 1 68348.0
2005 2 42619.0
2005 3 81537.0
2005 4 66589.0
2005 5 90196.0
2005 6 102218.0
2005 7 119082.0
2005 8 42766.0
2005 9 53560.0
2005 10 59923.0
2005 11 65403.0
2005 12 108745.0
2006 1 46108.0
2006 2 57390.0
2006 3 93621.0
2006 4 135667.0
2006 5 61719.0
2006 6 82183.0
2006 7 73606.0
2006 8 60606.0
2006 9 67787.0
2006 10 36182.0
2006 11 54164.0
2006 12 98178.0
2007 1 209862.0
2007 2 41621.0
2007 3 43472.0
2007 4 36201.0
2007 5 89522.0
2007 6 33063.0
2007 7 62863.0
2007 8 30016.0
2007 9 31381.0
2007 10 30996.0
2007 11 30403.0
2007 12 38431.0
2008 1 19652.0
2008 2 13415.0
2008 3 48482.0
2008 4 47285.0
2008 5 90529.0
2008 6 148295.0
2008 7 28324.0
2008 8 19156.0
2008 9 23973.0
2008 10 14959.0
2008 11 9218.0
2008 12 28219.0
2009 1 9882.0
2009 2 89696.0
2009 3 12313.0
2009 4 11972.0
2009 5 36689.0
2009 6 10146.0
2009 7 9909.0
2009 8 38860.0
2009 9 15861.0
2009 10 9043.0
2009 11 7615.0
2009 12 24655.0
2010 1 19359.0
2010 2 23253.0
2010 3 7910.0
2010 4 26163.0
2010 5 9432.0
2010 6 61802.0
2010 7 64019.0
2010 8 23662.0
2010 9 26620.0
2010 10 24276.0
2010 11 31666.0
2010 12 23199.0
2011 1 15621.0
2011 2 11558.0
2011 3 11643.0
2011 4 8974.0
2011 5 45510.0
2011 6 46432.0
2011 7 6950.0
2011 8 12512.0
2011 9 10973.0
2011 10 41770.0
2011 11 108720.0
2011 12 77982.0
2012 1 13777.0
2012 2 81036.0
2012 3 11544.0
2012 4 100674.0
2012 5 61743.0
2012 6 25773.0
2012 7 23089.0
2012 8 114762.0
2012 9 29085.0
2012 10 33249.0
2012 11 47131.0
2012 12 125625.0
2013 1 71339.0
2013 2 38689.0
2013 3 46265.0
2013 4 50629.0
2013 5 47477.0
2013 6 185998.0
2013 7 192973.0
2013 8 59653.0
2013 9 151662.0
2013 10 41160.0
2013 11 46418.0
2013 12 700103.0
2014 1 104647.0
2014 2 124061.0
2014 3 29239.0
2014 4 46640.0
2014 5 92587.0
2014 6 113737.0
2014 7 115829.0
2014 8 77109.0
2014 9 66220.0
2014 10 73653.0
2014 11 218408.0
2014 12 63672.0
2015 1 172276.0
2015 2 77073.0
2015 3 122446.0
2015 4 71411.0
2015 5 445330.0
2015 6 118322.0
2015 7 95990.0
2015 8 76485.0
2015 9 228973.0
2015 10 88825.0
2015 11 77749.0
2015 12 142154.0
2016 1 112948.0
2016 2 69234.0
2016 3 99338.0
2016 4 90904.0
2016 5 44427.0
2016 6 115163.0
2016 7 106412.0
2016 8 55288.0
2016 9 388478.0
2016 10 60837.0
2016 11 86193.0
2016 12 100423.0
2017 1 43154.0
2017 2 48108.0
2017 3 329680.0
2017 4 51804.0
2017 5 302208.0
2017 6 130100.0
2017 7 179704.0
2017 8 78756.0
2017 9 89491.0
2017 10 126510.0
2017 11 85154.0
2017 12 251594.0
2018 1 206332.0
2018 2 85746.0
2018 3 115863.0
2018 4 32685.0
2018 5 447798.0
2018 6 132295.0
2018 7 66662.0
2018 8 43535.0
2018 9 59446.0
2018 10 111766.0
2018 11 109601.0
2018 12 117992.0
2019 1 61487.0
2019 2 83320.0
2019 3 115270.0
2019 4 64038.0
2019 5 82146.0
2019 6 187633.0
2019 7 98045.0
2019 8 121210.0
2019 9 67510.0
2019 10 102033.0
2019 11 167143.0
2019 12 147592.0
2020 1 185110.0
2020 2 67597.0
2020 3 114253.0
2020 4 25356.0
2020 5 106047.0
2020 6 251790.0
2020 7 163537.0
2020 8 57604.0
2020 9 86283.0
2020 10 72134.0
2020 11 228932.0
2020 12 240269.0
2021 1 158288.0
2021 2 70902.0
2021 3 147260.0
2021 4 197661.0
2021 5 124131.0
2021 6 135518.0
2021 7 171469.0
2021 8 112888.0
2021 9 205066.0
2021 10 84799.0
2021 11 74916.0
2021 12 430035.0
2022 1 127684.0
2022 2 324830.0
2022 3 202892.0
2022 4 354334.0
2022 5 218693.0
2022 6 315335.0
2022 7 198223.0
2022 8 98372.0
2022 9 190130.0
2022 10 157084.0
2022 11 227377.0
2022 12 244248.0
2023 1 215558.0
2023 2 152363.0
2023 3 191804.0
2023 4 76386.0
2023 5 171933.0
2023 6 279851.0
2023 7 162148.0
2023 8 124551.0
2023 9 133388.0
2023 10 76397.0
2023 11 88620.0
2023 12 350905.0
2024 1 394898.0
2024 2 180455.0
2024 3 278474.0
2024 4 92855.0
2024 5 167178.0
2024 6 162611.0
2024 7 115557.0
2024 8 302640.0
