1960 5 18977.0
1960 6 20462.0
1960 7 17214.0
1960 8 20463.0
1960 9 16884.0
1960 10 19327.0
1960 11 17686.0
1960 12 12247.0
1961 1 7186.0
1961 2 4950.0
1961 3 15793.0
1961 4 19387.0
1961 5 24209.0
1961 6 20435.0
1961 7 18981.0
1961 8 19508.0
1961 9 15283.0
1961 10 17514.0
1961 11 16971.0
1961 12 12698.0
1962 1 11156.0
1962 2 6499.0
1962 3 12450.0
1962 4 20763.0
1962 5 22007.0
1962 6 19040.0
1962 7 16809.0
1962 8 18346.0
1962 9 17949.0
1962 10 17513.0
1962 11 17427.18181818182
1962 12 17341.363636363636
1963 1 17255.545454545456
1963 2 17169.727272727272
1963 3 17083.909090909092
1963 4 16998.090909090908
1963 5 16912.272727272728
1963 6 16826.454545454544
1963 7 16740.636363636364
1963 8 16654.81818181818
1963 9 16569.0
1963 10 20723.0
1963 11 14724.0
1963 12 13091.0
1964 1 8559.0
1964 2 8367.0
1964 3 16424.0
1964 4 21152.0
1964 5 20080.0
1964 6 19472.0
1964 7 18578.0
1964 8 16846.0
1964 9 17457.0
1964 10 19007.0
1964 11 18005.0
1964 12 15215.0
1965 1 9351.0
1965 2 7846.0
1965 3 18285.0
1965 4 20319.0
1965 5 20376.0
1965 6 20883.0
1965 7 17743.0
1965 8 19256.0
1965 9 18186.0
1965 10 18688.0
1965 11 19661.0
1965 12 17127.0
1966 1 11559.0
1966 2 6916.0
1966 3 20076.0
1966 4 21596.0
1966 5 17837.0
1966 6 18087.0
1966 7 15461.0
1966 8 15937.0
1966 9 13463.0
1966 10 14330.0
1966 11 14306.0
1966 12 11412.0
1967 1 11243.153846153846
1967 2 11074.307692307691
1967 3 10905.461538461539
1967 4 10736.615384615385
1967 5 10567.76923076923
1967 6 10398.923076923076
1967 7 10230.076923076924
1967 8 10061.23076923077
1967 9 9892.384615384615
1967 10 9723.538461538461
1967 11 9554.692307692309
1967 12 9385.846153846154
1968 1 9217.0
1968 2 9177.0
1968 3 16190.0
1968 4 23636.0
1968 5 30354.0
1968 6 25981.0
1968 7 27162.0
1968 8 28011.0
1968 9 27796.0
1968 10 30480.0
1968 11 24006.0
1968 12 20440.0
1969 1 15946.0
1969 2 10077.0
1969 3 15718.0
1969 4 31299.0
1969 5 30307.0
1969 6 31472.0
1969 7 25784.0
1969 8 24154.0
1969 9 27997.0
1969 10 28674.0
1969 11 22102.0
1969 12 18003.0
1970 1 9398.0
1970 2 13412.0
1970 3 18364.0
1970 4 25111.0
1970 5 23339.0
1970 6 27279.0
1970 7 21843.0
1970 8 24255.0
1970 9 28830.0
1970 10 26241.0
1970 11 26004.0
1970 12 19329.0
1971 1 10986.0
1971 2 11883.0
1971 3 27567.0
1971 4 41196.0
1971 5 33304.0
1971 6 40290.0
1971 7 34897.0
1971 8 38039.0
1971 9 35797.0
1971 10 32029.0
1971 11 36302.0
1971 12 30969.0
1972 1 23447.0
1972 2 19894.0
1972 3 31376.0
1972 4 38051.0
1972 5 44577.0
1972 6 40156.0
1972 7 35586.0
1972 8 48893.0
1972 9 36558.0
1972 10 51469.0
1972 11 42999.0
1972 12 27604.0
1973 1 31227.0
1973 2 26303.0
1973 3 43730.0
1973 4 50536.0
1973 5 45652.0
1973 6 44473.0
1973 7 49102.0
1973 8 46359.0
1973 9 32089.0
1973 10 33021.0
1973 11 29687.0
1973 12 21613.0
1974 1 15831.0
1974 2 16612.0
1974 3 24107.0
1974 4 37102.0
1974 5 35452.0
1974 6 33652.0
1974 7 34734.0
1974 8 28658.0
1974 9 27711.0
1974 10 22351.0
1974 11 20907.0
1974 12 18766.0
1975 1 9059.0
1975 2 9585.0
1975 3 17701.0
1975 4 28128.0
1975 5 33900.0
1975 6 39078.0
1975 7 35097.0
1975 8 34398.0
1975 9 31562.0
1975 10 30590.0
1975 11 23970.0
1975 12 24360.0
1976 1 16262.0
1976 2 17549.0
1976 3 32597.0
1976 4 42474.0
1976 5 34119.0
1976 6 48651.0
1976 7 41603.0
1976 8 41257.0
1976 9 37673.0
1976 10 40906.0
1976 11 38509.0
1976 12 29885.0
1977 1 14604.0
1977 2 14513.0
1977 3 42860.0
1977 4 52634.0
1977 5 51010.0
1977 6 61721.0
1977 7 54609.0
1977 8 55335.0
1977 9 48758.0
1977 10 47485.0
1977 11 52377.0
1977 12 55938.0
1978 1 17572.0
1978 2 11239.0
1978 3 30927.0
1978 4 38811.0
1978 5 48094.0
1978 6 53331.0
1978 7 49718.0
1978 8 51006.0
1978 9 45454.0
1978 10 45626.0
1978 11 42835.0
1978 12 33103.0
1979 1 23188.0
1979 2 21901.0
1979 3 35076.0
1979 4 48589.0
1979 5 52167.0
1979 6 52322.0
1979 7 49494.0
1979 8 50630.0
1979 9 39191.0
1979 10 42310.0
1979 11 36457.0
1979 12 24769.0
1980 1 26451.0
1980 2 19494.0
1980 3 24370.0
1980 4 22747.0
1980 5 30780.0
1980 6 36353.0
1980 7 41295.0
1980 8 43194.0
1980 9 49620.0
1980 10 51911.0
1980 11 43211.0
1980 12 39772.0
1981 1 24934.0
1981 2 23388.0
1981 3 41103.0
1981 4 53590.0
1981 5 44264.0
1981 6 54320.0
1981 7 46215.0
1981 8 40771.0
1981 9 35590.0
1981 10 39104.0
1981 11 32306.0
1981 12 32584.0
1982 1 11989.0
1982 2 15582.0
1982 3 30107.0
1982 4 32797.0
1982 5 33337.0
1982 6 40355.0
1982 7 38810.0
1982 8 38139.0
1982 9 53317.0
1982 10 56018.0
1982 11 50053.0
1982 12 44088.0
1983 1 28491.0
1983 2 30477.0
1983 3 61161.0
1983 4 68588.0
1983 5 98912.0
1983 6 98147.0
1983 7 91143.0
1983 8 94611.0
1983 9 92329.0
1983 10 82742.0
1983 11 75222.0
1983 12 57425.0
1984 1 60980.0
1984 2 61028.0
1984 3 93584.0
1984 4 108781.0
1984 5 131279.0
1984 6 125889.0
1984 7 114435.0
1984 8 117151.0
1984 9 106904.0
1984 10 115754.0
1984 11 101210.0
1984 12 85919.0
1985 1 95206.0
1985 2 99393.0
1985 3 136537.0
1985 4 193514.0
1985 5 192661.0
1985 6 156719.0
1985 7 172422.0
1985 8 168482.0
1985 9 153740.0
1985 10 191608.0
1985 11 154127.0
1985 12 118620.0
1986 1 103384.0
1986 2 94768.0
1986 3 158117.0
1986 4 221623.0
1986 5 209153.0
1986 6 210312.0
1986 7 208277.0
1986 8 208249.0
1986 9 211524.0
1986 10 228649.0
1986 11 168581.0
1986 12 159840.0
1987 1 117132.0
1987 2 116743.0
1987 3 179082.0
1987 4 200362.0
1987 5 215941.0
1987 6 237899.0
1987 7 213754.0
1987 8 184545.0
1987 9 190187.0
1987 10 182923.0
1987 11 174926.0
1987 12 185921.0
1988 1 101797.0
1988 2 105067.0
1988 3 200144.0
1988 4 174858.0
1988 5 195537.0
1988 6 204158.0
1988 7 164355.0
1988 8 169030.0
1988 9 161710.0
1988 10 183491.0
1988 11 153760.0
1988 12 135429.0
1989 1 102093.0
1989 2 85550.0
1989 3 127303.0
1989 4 156426.0
1989 5 134488.0
1989 6 149331.0
1989 7 120892.0
1989 8 127034.0
1989 9 125563.0
1989 10 129482.0
1989 11 123263.0
1989 12 91492.0
1990 1 75127.0
1990 2 70861.0
1990 3 103266.0
1990 4 108488.0
1990 5 111394.0
1990 6 124199.0
1990 7 94449.0
1990 8 104561.0
1990 9 81628.0
1990 10 96970.0
1990 11 86186.0
1990 12 65272.0
1991 1 47667.0
1991 2 42435.0
1991 3 73226.0
1991 4 106413.0
1991 5 114044.0
1991 6 122218.0
1991 7 131363.0
1991 8 121173.0
1991 9 114863.0
1991 10 129759.0
1991 11 116281.0
1991 12 87218.0
1992 1 75718.0
1992 2 68353.0
1992 3 131278.0
1992 4 137629.0
1992 5 154011.0
1992 6 171661.0
1992 7 166906.0
1992 8 140117.0
1992 9 151273.0
1992 10 166748.0
1992 11 141391.0
1992 12 125164.0
1993 1 87538.0
1993 2 85176.0
1993 3 105834.0
1993 4 156239.0
1993 5 171805.0
1993 6 176444.0
1993 7 158616.0
1993 8 179537.0
1993 9 185164.0
1993 10 189081.0
1993 11 179092.0
1993 12 145164.0
1994 1 89642.0
1994 2 90704.0
1994 3 143167.0
1994 4 177620.0
1994 5 186591.0
1994 6 200899.0
1994 7 212118.0
1994 8 203980.0
1994 9 186110.0
1994 10 179673.0
1994 11 182863.0
1994 12 162368.0
1995 1 107275.0
1995 2 83891.0
1995 3 158456.0
1995 4 144450.0
1995 5 173109.0
1995 6 167226.0
1995 7 155800.0
1995 8 160582.0
1995 9 155859.0
1995 10 156488.0
1995 11 164239.0
1995 12 126219.0
1996 1 86933.0
1996 2 99250.0
1996 3 143563.0
1996 4 182226.0
1996 5 185442.0
1996 6 178854.0
1996 7 202208.0
1996 8 175702.0
1996 9 172067.0
1996 10 181102.0
1996 11 151375.0
1996 12 139877.0
1997 1 124116.0
1997 2 120148.0
1997 3 152557.0
1997 4 175681.0
1997 5 188732.0
1997 6 200192.0
1997 7 206109.0
1997 8 186533.0
1997 9 186975.0
1997 10 197928.0
1997 11 155222.0
1997 12 159323.0
1998 1 134498.0
1998 2 143257.0
1998 3 202570.0
1998 4 197232.0
1998 5 210419.0
1998 6 205126.0
1998 7 193942.0
1998 8 186645.0
1998 9 195321.0
1998 10 187559.0
1998 11 189664.0
1998 12 179677.0
1999 1 127694.0
1999 2 127622.0
1999 3 204897.0
1999 4 226121.0
1999 5 200239.0
1999 6 215562.0
1999 7 206182.0
1999 8 219226.0
1999 9 181565.0
1999 10 180015.0
1999 11 178964.0
1999 12 190295.0
2000 1 133169.0
2000 2 133279.0
2000 3 211582.0
2000 4 194525.0
2000 5 197888.0
2000 6 210175.0
2000 7 194757.0
2000 8 211962.0
2000 9 199054.0
2000 10 194191.0
2000 11 190262.0
2000 12 164816.0
2001 1 147741.0
2001 2 144847.0
2001 3 170546.0
2001 4 194673.0
2001 5 238847.0
2001 6 203539.0
2001 7 203933.0
2001 8 245994.0
2001 9 186023.0
2001 10 201634.0
2001 11 193366.0
2001 12 172694.0
2002 1 163308.0
2002 2 137560.0
2002 3 180213.0
2002 4 216086.0
2002 5 246461.0
2002 6 200295.0
2002 7 235743.0
2002 8 227473.0
2002 9 226581.0
2002 10 216131.0
2002 11 201514.0
2002 12 180843.0
2003 1 145097.0
2003 2 108766.0
2003 3 174477.0
2003 4 205123.0
2003 5 214395.0
2003 6 218307.0
2003 7 243323.0
2003 8 205321.0
2003 9 229664.0
2003 10 244166.0
2003 11 193155.0
2003 12 216488.0
2004 1 167544.0
2004 2 134316.0
2004 3 240241.0
2004 4 247858.0
2004 5 244052.0
2004 6 279719.0
2004 7 258309.0
2004 8 278459.0
2004 9 250698.0
2004 10 211676.0
2004 11 230374.0
2004 12 234545.0
2005 1 171156.0
2005 2 142855.0
2005 3 230342.0
2005 4 229182.0
2005 5 287205.0
2005 6 296701.0
2005 7 283587.0
2005 8 326072.0
2005 9 292187.0
2005 10 308391.0
2005 11 231068.0
2005 12 201721.0
2006 1 188849.0
2006 2 168395.0
2006 3 249027.0
2006 4 225825.0
2006 5 213560.0
2006 6 216790.0
2006 7 198296.0
2006 8 191587.0
2006 9 185451.0
2006 10 186802.0
2006 11 180689.0
2006 12 155729.0
2007 1 125189.0
2007 2 107010.0
2007 3 148749.0
2007 4 180347.0
2007 5 207033.0
2007 6 178733.0
2007 7 166998.0
2007 8 180028.0
2007 9 166592.0
2007 10 188765.0
2007 11 149458.0
2007 12 187262.0
2008 1 92336.0
2008 2 84861.0
2008 3 88058.0
2008 4 119257.0
2008 5 122131.0
2008 6 117058.0
2008 7 138995.0
2008 8 131736.0
2008 9 123199.0
2008 10 94722.0
2008 11 86056.0
2008 12 74474.0
2009 1 57118.0
2009 2 55128.0
2009 3 70909.0
2009 4 77181.0
2009 5 86461.0
2009 6 96672.0
2009 7 102310.0
2009 8 94916.0
2009 9 114200.0
2009 10 119488.0
2009 11 110158.0
2009 12 135744.0
2010 1 78694.0
2010 2 70746.0
2010 3 113222.0
2010 4 113536.0
2010 5 106097.0
2010 6 165053.0
2010 7 116302.0
2010 8 108039.0
2010 9 133858.0
2010 10 97086.0
2010 11 129816.0
2010 12 128489.0
2011 1 64662.0
2011 2 58268.0
2011 3 83397.0
2011 4 99912.0
2011 5 124421.0
2011 6 110798.0
2011 7 114692.0
2011 8 114259.0
2011 9 105984.0
2011 10 131359.0
2011 11 117115.0
2011 12 101789.0
2012 1 76351.0
2012 2 73597.0
2012 3 113010.0
2012 4 110264.0
2012 5 140230.0
2012 6 122199.0
2012 7 135874.0
2012 8 150761.0
2012 9 142441.0
2012 10 158266.0
2012 11 149886.0
2012 12 128399.0
2013 1 107759.0
2013 2 94005.0
2013 3 137844.0
2013 4 162187.0
2013 5 179243.0
2013 6 177214.0
2013 7 164731.0
2013 8 191284.0
2013 9 177693.0
2013 10 193348.0
2013 11 176639.0
2013 12 141500.0
2014 1 125959.0
2014 2 99266.0
2014 3 129546.0
2014 4 175721.0
2014 5 177020.0
2014 6 183370.0
2014 7 172370.0
2014 8 152082.0
2014 9 190702.0
2014 10 187749.0
2014 11 129561.0
2014 12 159350.0
2015 1 116973.0
2015 2 64213.0
2015 3 100298.0
2015 4 151047.0
2015 5 147448.0
2015 6 174013.0
2015 7 200933.0
2015 8 251605.0
2015 9 195931.0
2015 10 195360.0
2015 11 159240.0
2015 12 170967.0
2016 1 112689.0
2016 2 122815.0
2016 3 181262.0
2016 4 188260.0
2016 5 188275.0
2016 6 216791.0
2016 7 171665.0
2016 8 243936.0
2016 9 187482.0
2016 10 198281.0
2016 11 186165.0
2016 12 161021.0
2017 1 136060.0
2017 2 107009.0
2017 3 193141.0
2017 4 161657.0
2017 5 186723.0
2017 6 333766.0
2017 7 191729.0
2017 8 207093.0
2017 9 199078.0
2017 10 229069.0
2017 11 184799.0
2017 12 176274.0
2018 1 146453.0
2018 2 149836.0
2018 3 189599.0
2018 4 183951.0
2018 5 196317.0
2018 6 234179.0
2018 7 167626.0
2018 8 202011.0
2018 9 174864.0
2018 10 215593.0
2018 11 152098.0
2018 12 153543.0
2019 1 136848.0
2019 2 116536.0
2019 3 136764.0
2019 4 190817.0
2019 5 138499.0
2019 6 154203.0
2019 7 182131.0
2019 8 159216.0
2019 9 141346.0
2019 10 204241.0
2019 11 134465.0
2019 12 108717.0
2020 1 184483.0
2020 2 128893.0
2020 3 145121.0
2020 4 112620.0
2020 5 159651.0
2020 6 191305.0
2020 7 219505.0
2020 8 166984.0
2020 9 212586.0
2020 10 183808.0
2020 11 165601.0
2020 12 211520.0
2021 1 156971.0
2021 2 193574.0
2021 3 238142.0
2021 4 222173.0
2021 5 229043.0
2021 6 214146.0
2021 7 163060.0
2021 8 189300.0
2021 9 185036.0
2021 10 149845.0
2021 11 169491.0
2021 12 239276.0
2022 1 193621.0
2022 2 184665.0
2022 3 247458.0
2022 4 227211.0
2022 5 247427.0
2022 6 237616.0
2022 7 227945.0
2022 8 231117.0
2022 9 236198.0
2022 10 205694.0
2022 11 176805.0
2022 12 183781.0
2023 1 151844.0
2023 2 132790.0
2023 3 178396.0
2023 4 204650.0
2023 5 204506.0
2023 6 238448.0
2023 7 194817.0
2023 8 224094.0
2023 9 202413.0
2023 10 214029.0
2023 11 226541.0
2023 12 178475.0
2024 1 190521.0
2024 2 185452.0
2024 3 184877.0
2024 4 234240.0
2024 5 261670.0
2024 6 325076.0
2024 7 245655.0
2024 8 214167.0
