1960 5 38086.0
1960 6 39606.0
1960 7 35566.0
1960 8 32817.0
1960 9 30307.0
1960 10 29258.0
1960 11 23345.0
1960 12 14741.0
1961 1 14684.0
1961 2 20929.0
1961 3 30137.0
1961 4 32129.0
1961 5 36872.0
1961 6 49344.0
1961 7 30486.0
1961 8 35577.0
1961 9 24934.0
1961 10 28456.0
1961 11 22631.0
1961 12 15519.0
1962 1 21385.0
1962 2 15807.0
1962 3 30655.0
1962 4 40704.0
1962 5 47415.0
1962 6 37643.0
1962 7 44679.0
1962 8 39727.0
1962 9 31409.0
1962 10 33540.0
1962 11 27484.0
1962 12 19332.0
1963 1 13579.0
1963 2 15626.0
1963 3 33319.0
1963 4 51965.0
1963 5 44683.0
1963 6 44144.0
1963 7 43375.0
1963 8 38841.0
1963 9 35118.0
1963 10 42936.0
1963 11 32448.0
1963 12 27283.0
1964 1 24918.0
1964 2 38594.0
1964 3 48740.0
1964 4 50746.0
1964 5 48447.666666666664
1964 6 46149.333333333336
1964 7 43851.0
1964 8 41552.666666666664
1964 9 39254.33333333333
1964 10 36956.0
1964 11 34657.666666666664
1964 12 32359.333333333332
1965 1 30061.0
1965 2 31317.0
1965 3 51592.0
1965 4 60295.0
1965 5 66301.0
1965 6 67710.0
1965 7 69581.0
1965 8 62058.0
1965 9 72135.0
1965 10 52109.0
1965 11 49202.0
1965 12 52354.0
1966 1 43101.0
1966 2 43943.0
1966 3 68467.0
1966 4 68897.0
1966 5 59426.0
1966 6 50352.0
1966 7 42457.0
1966 8 42551.0
1966 9 40161.0
1966 10 36562.0
1966 11 29267.0
1966 12 22392.0
1967 1 26013.0
1967 2 34562.0
1967 3 56560.0
1967 4 62643.0
1967 5 68829.0
1967 6 65087.0
1967 7 51466.0
1967 8 60481.0
1967 9 60780.0
1967 10 68138.0
1967 11 61585.0
1967 12 41794.0
1968 1 36966.0
1968 2 69093.0
1968 3 63250.0
1968 4 62689.0
1968 5 72751.0
1968 6 60355.0
1968 7 84384.0
1968 8 70725.0
1968 9 89790.0
1968 10 86903.0
1968 11 85097.0
1968 12 53829.0
1969 1 51517.0
1969 2 58921.0
1969 3 93128.0
1969 4 95106.0
1969 5 74918.0
1969 6 93913.0
1969 7 59178.0
1969 8 65662.0
1969 9 69939.0
1969 10 69788.0
1969 11 66378.0
1969 12 52890.0
1970 1 22709.0
1970 2 34287.0
1970 3 75720.0
1970 4 75988.0
1970 5 71757.0
1970 6 91650.0
1970 7 84478.0
1970 8 80404.0
1970 9 78464.0
1970 10 86745.0
1970 11 60325.0
1970 12 80709.0
1971 1 42243.0
1971 2 57013.0
1971 3 96279.0
1971 4 128888.0
1971 5 122986.0
1971 6 127421.0
1971 7 137592.0
1971 8 117392.0
1971 9 114759.0
1971 10 108733.0
1971 11 118408.0
1971 12 106720.0
1972 1 56229.0
1972 2 65290.0
1972 3 96117.0
1972 4 154869.0
1972 5 162610.0
1972 6 141151.0
1972 7 110175.0
1972 8 127222.0
1972 9 106058.0
1972 10 104084.0
1972 11 101775.0
1972 12 68780.0
1973 1 84341.0
1973 2 103916.0
1973 3 134822.0
1973 4 124199.0
1973 5 155028.0
1973 6 113497.0
1973 7 125957.0
1973 8 135901.0
1973 9 97954.0
1973 10 90417.0
1973 11 93832.0
1973 12 49470.0
1974 1 50299.0
1974 2 43704.0
1974 3 88721.0
1974 4 115549.0
1974 5 110836.0
1974 6 104705.0
1974 7 88250.0
1974 8 74167.0
1974 9 72354.0
1974 10 76452.0
1974 11 53441.0
1974 12 33802.0
1975 1 37911.0
1975 2 29919.0
1975 3 51693.0
1975 4 83517.0
1975 5 95622.0
1975 6 93462.0
1975 7 97169.0
1975 8 89966.0
1975 9 91383.0
1975 10 106912.0
1975 11 64679.0
1975 12 57171.0
1976 1 33224.0
1976 2 64687.0
1976 3 90067.0
1976 4 137923.0
1976 5 120494.0
1976 6 150051.0
1976 7 106556.0
1976 8 112583.0
1976 9 123611.0
1976 10 111927.0
1976 11 100954.0
1976 12 79808.0
1977 1 45320.0
1977 2 69337.0
1977 3 129548.0
1977 4 187713.0
1977 5 203167.0
1977 6 210007.0
1977 7 161200.0
1977 8 180453.0
1977 9 153681.0
1977 10 162620.0
1977 11 174078.0
1977 12 101945.0
1978 1 62593.0
1978 2 69924.0
1978 3 155983.0
1978 4 213886.0
1978 5 241643.0
1978 6 213220.0
1978 7 176942.0
1978 8 204688.0
1978 9 193323.0
1978 10 197556.0
1978 11 155656.0
1978 12 97311.0
1979 1 44147.0
1979 2 71144.0
1979 3 166049.0
1979 4 219691.0
1979 5 239317.0
1979 6 227622.0
1979 7 191825.0
1979 8 185302.0
1979 9 179323.0
1979 10 164634.0
1979 11 97443.0
1979 12 63443.0
1980 1 44246.0
1980 2 45804.0
1980 3 59187.0
1980 4 85331.0
1980 5 86061.0
1980 6 106796.0
1980 7 133540.0
1980 8 116862.0
1980 9 156512.0
1980 10 151679.0
1980 11 89553.0
1980 12 50807.0
1981 1 27470.0
1981 2 33546.0
1981 3 77997.0
1981 4 102451.0
1981 5 104907.0
1981 6 88391.0
1981 7 89615.0
1981 8 59002.0
1981 9 62596.0
1981 10 52714.0
1981 11 34964.0
1981 12 26190.0
1982 1 10630.0
1982 2 8937.0
1982 3 26194.0
1982 4 47085.0
1982 5 61462.0
1982 6 70077.0
1982 7 60102.0
1982 8 47747.0
1982 9 65649.0
1982 10 62046.0
1982 11 47723.0
1982 12 33400.0
1983 1 24840.0
1983 2 30817.0
1983 3 72843.0
1983 4 94312.0
1983 5 124285.0
1983 6 140800.0
1983 7 101504.0
1983 8 130508.0
1983 9 110181.0
1983 10 97908.0
1983 11 79720.0
1983 12 50146.0
1984 1 42217.0
1984 2 61084.0
1984 3 100295.0
1984 4 146339.0
1984 5 146094.0
1984 6 153508.0
1984 7 126147.0
1984 8 120483.0
1984 9 97603.0
1984 10 125188.0
1984 11 97504.0
1984 12 59965.0
1985 1 52462.0
1985 2 67799.0
1985 3 104568.0
1985 4 163182.0
1985 5 233686.0
1985 6 190360.0
1985 7 210663.0
1985 8 187222.0
1985 9 183069.0
1985 10 165795.0
1985 11 103866.0
1985 12 106980.0
1986 1 92692.0
1986 2 109512.0
1986 3 145085.0
1986 4 241371.0
1986 5 251756.0
1986 6 275145.0
1986 7 251181.0
1986 8 256644.0
1986 9 234093.0
1986 10 210987.0
1986 11 164729.0
1986 12 149890.0
1987 1 149304.0
1987 2 127387.0
1987 3 207809.0
1987 4 282673.0
1987 5 269717.0
1987 6 281776.0
1987 7 248701.0
1987 8 218741.0
1987 9 236992.0
1987 10 238100.0
1987 11 195053.0
1987 12 126147.0
1988 1 83259.0
1988 2 110583.0
1988 3 245379.0
1988 4 283123.0
1988 5 309751.0
1988 6 343513.0
1988 7 256322.0
1988 8 287803.0
1988 9 258103.0
1988 10 261507.0
1988 11 178090.0
1988 12 142824.0
1989 1 113136.0
1989 2 131620.0
1989 3 216512.0
1989 4 292893.0
1989 5 312272.0
1989 6 313422.0
1989 7 259542.0
1989 8 293984.0
1989 9 287106.0
1989 10 308010.0
1989 11 248688.0
1989 12 136123.0
1990 1 159365.0
1990 2 148826.0
1990 3 246981.0
1990 4 303174.0
1990 5 311349.0
1990 6 315508.0
1990 7 280172.0
1990 8 284810.0
1990 9 217450.0
1990 10 220459.0
1990 11 143059.0
1990 12 97194.0
1991 1 92033.0
1991 2 106560.0
1991 3 178645.0
1991 4 304337.0
1991 5 312552.0
1991 6 276459.0
1991 7 283277.0
1991 8 263751.0
1991 9 252518.0
1991 10 259245.0
1991 11 191935.0
1991 12 134777.0
1992 1 123157.0
1992 2 171174.0
1992 3 245072.0
1992 4 323804.0
1992 5 336422.0
1992 6 336071.0
1992 7 314768.0
1992 8 278904.0
1992 9 315902.0
1992 10 303135.0
1992 11 199336.0
1992 12 169780.0
1993 1 150277.0
1993 2 154754.0
1993 3 235597.0
1993 4 303299.0
1993 5 329247.0
1993 6 346113.0
1993 7 331786.0
1993 8 328560.0
1993 9 356127.0
1993 10 333832.0
1993 11 306328.0
1993 12 231638.0
1994 1 159720.0
1994 2 184595.0
1994 3 318640.0
1994 4 415279.0
1994 5 457416.0
1994 6 450277.0
1994 7 345035.0
1994 8 405505.0
1994 9 387943.0
1994 10 387888.0
1994 11 298346.0
1994 12 258112.0
1995 1 182258.0
1995 2 184922.0
1995 3 321394.0
1995 4 383119.0
1995 5 455102.0
1995 6 464861.0
1995 7 387495.0
1995 8 464943.0
1995 9 379035.0
1995 10 412736.0
1995 11 331340.0
1995 12 276125.0
1996 1 215101.0
1996 2 261777.0
1996 3 358100.0
1996 4 511391.0
1996 5 540095.0
1996 6 479953.0
1996 7 502262.0
1996 8 509129.0
1996 9 450590.0
1996 10 488454.0
1996 11 359460.0
1996 12 299250.0
1997 1 255318.0
1997 2 276642.0
1997 3 355026.0
1997 4 535254.0
1997 5 489834.0
1997 6 487611.0
1997 7 463841.0
1997 8 457553.0
1997 9 463063.0
1997 10 473015.0
1997 11 323432.0
1997 12 316980.0
1998 1 273462.0
1998 2 304822.0
1998 3 475300.0
1998 4 543571.0
1998 5 533482.0
1998 6 616570.0
1998 7 531605.0
1998 8 513347.0
1998 9 518775.0
1998 10 566005.0
1998 11 437455.0
1998 12 422358.0
1999 1 240212.0
1999 2 299599.0
1999 3 518685.0
1999 4 636891.0
1999 5 654877.0
1999 6 639709.0
1999 7 552943.0
1999 8 562186.0
1999 9 528438.0
1999 10 507555.0
1999 11 448840.0
1999 12 373256.0
2000 1 323633.0
2000 2 335392.0
2000 3 579087.0
2000 4 596584.0
2000 5 614246.0
2000 6 582985.0
2000 7 570798.0
2000 8 599618.0
2000 9 526011.0
2000 10 569316.0
2000 11 432056.0
2000 12 277412.0
2001 1 295982.0
2001 2 323964.0
2001 3 457699.0
2001 4 605872.0
2001 5 629593.0
2001 6 623048.0
2001 7 613995.0
2001 8 580514.0
2001 9 507503.0
2001 10 487322.0
2001 11 403121.0
2001 12 369187.0
2002 1 338203.0
2002 2 331699.0
2002 3 495825.0
2002 4 619038.0
2002 5 687341.0
2002 6 588530.0
2002 7 593327.0
2002 8 598722.0
2002 9 521925.0
2002 10 635326.0
2002 11 444375.0
2002 12 425403.0
2003 1 317972.0
2003 2 313294.0
2003 3 488345.0
2003 4 609804.0
2003 5 648287.0
2003 6 692470.0
2003 7 686778.0
2003 8 649311.0
2003 9 734584.0
2003 10 756873.0
2003 11 462839.0
2003 12 441338.0
2004 1 353960.0
2004 2 406890.0
2004 3 585217.0
2004 4 743314.0
2004 5 690976.0
2004 6 694802.0
2004 7 723926.0
2004 8 721658.0
2004 9 706095.0
2004 10 691782.0
2004 11 582475.0
2004 12 421752.0
2005 1 356224.0
2005 2 585560.0
2005 3 500178.0
2005 4 628193.0
2005 5 678536.0
2005 6 672445.0
2005 7 665024.0
2005 8 668632.0
2005 9 607910.0
2005 10 574591.0
2005 11 517377.0
2005 12 307563.0
2006 1 288869.0
2006 2 295188.0
2006 3 417548.0
2006 4 408966.0
2006 5 538738.0
2006 6 469079.0
2006 7 443268.0
2006 8 439105.0
2006 9 423745.0
2006 10 368706.0
2006 11 286042.0
2006 12 196784.0
2007 1 175003.0
2007 2 154947.0
2007 3 244139.0
2007 4 284292.0
2007 5 359193.0
2007 6 331728.0
2007 7 344235.0
2007 8 378475.0
2007 9 248854.0
2007 10 275411.0
2007 11 177917.0
2007 12 127570.0
2008 1 110767.0
2008 2 105979.0
2008 3 100919.0
2008 4 202164.0
2008 5 211619.0
2008 6 210316.0
2008 7 186137.0
2008 8 159070.0
2008 9 157338.0
2008 10 180475.0
2008 11 91777.0
2008 12 68932.0
2009 1 37211.0
2009 2 50928.0
2009 3 54955.0
2009 4 87878.0
2009 5 124690.0
2009 6 116250.0
2009 7 123135.0
2009 8 137401.0
2009 9 129724.0
2009 10 128686.0
2009 11 93429.0
2009 12 80695.0
2010 1 71988.0
2010 2 73551.0
2010 3 112410.0
2010 4 133150.0
2010 5 122196.0
2010 6 153235.0
2010 7 131961.0
2010 8 148912.0
2010 9 135436.0
2010 10 151619.0
2010 11 156294.0
2010 12 92066.0
2011 1 66624.0
2011 2 72949.0
2011 3 124698.0
2011 4 151639.0
2011 5 151128.0
2011 6 157447.0
2011 7 145859.0
2011 8 177454.0
2011 9 156809.0
2011 10 151302.0
2011 11 138176.0
2011 12 96231.0
2012 1 86876.0
2012 2 100100.0
2012 3 138642.0
2012 4 189044.0
2012 5 256210.0
2012 6 198710.0
2012 7 210190.0
2012 8 228630.0
2012 9 227125.0
2012 10 267832.0
2012 11 210261.0
2012 12 139517.0
2013 1 136063.0
2013 2 139494.0
2013 3 195286.0
2013 4 293028.0
2013 5 328148.0
2013 6 308974.0
2013 7 303094.0
2013 8 323527.0
2013 9 352365.0
2013 10 324183.0
2013 11 222951.0
2013 12 182990.0
2014 1 139852.0
2014 2 130979.0
2014 3 187758.0
2014 4 276233.0
2014 5 351223.0
2014 6 347667.0
2014 7 372539.0
2014 8 321631.0
2014 9 358855.0
2014 10 343159.0
2014 11 198655.0
2014 12 170050.0
2015 1 149699.0
2015 2 130786.0
2015 3 251899.0
2015 4 374734.0
2015 5 393139.0
2015 6 473608.0
2015 7 451784.0
2015 8 373463.0
2015 9 448034.0
2015 10 446852.0
2015 11 367613.0
2015 12 271307.0
2016 1 245913.0
2016 2 276271.0
2016 3 343469.0
2016 4 402105.0
2016 5 440587.0
2016 6 502360.0
2016 7 490029.0
2016 8 438442.0
2016 9 461825.0
2016 10 395010.0
2016 11 370533.0
2016 12 252311.0
2017 1 214763.0
2017 2 281697.0
2017 3 399981.0
2017 4 442925.0
2017 5 522939.0
2017 6 583000.0
2017 7 469517.0
2017 8 463618.0
2017 9 464709.0
2017 10 538595.0
2017 11 368358.0
2017 12 297935.0
2018 1 289227.0
2018 2 272501.0
2018 3 368209.0
2018 4 500626.0
2018 5 511752.0
2018 6 425435.0
2018 7 388159.0
2018 8 513839.0
2018 9 404840.0
2018 10 529445.0
2018 11 330560.0
2018 12 215229.0
2019 1 242717.0
2019 2 352988.0
2019 3 402476.0
2019 4 434755.0
2019 5 507320.0
2019 6 410486.0
2019 7 443415.0
2019 8 392920.0
2019 9 515233.0
2019 10 496753.0
2019 11 298470.0
2019 12 258498.0
2020 1 288605.0
2020 2 300131.0
2020 3 273557.0
2020 4 153486.0
2020 5 358630.0
2020 6 498024.0
2020 7 525471.0
2020 8 397224.0
2020 9 481134.0
2020 10 556330.0
2020 11 437678.0
2020 12 493764.0
2021 1 346895.0
2021 2 357026.0
2021 3 590605.0
2021 4 583154.0
2021 5 540119.0
2021 6 548052.0
2021 7 392651.0
2021 8 448322.0
2021 9 469376.0
2021 10 387551.0
2021 11 703254.0
2021 12 368704.0
2022 1 323749.0
2022 2 355810.0
2022 3 513317.0
2022 4 733916.0
2022 5 590093.0
2022 6 546593.0
2022 7 414782.0
2022 8 543347.0
2022 9 450298.0
2022 10 420680.0
2022 11 299257.0
2022 12 297604.0
2023 1 270714.0
2023 2 267821.0
2023 3 417460.0
2023 4 473294.0
2023 5 463463.0
2023 6 536825.0
2023 7 482647.0
2023 8 564238.0
2023 9 485084.0
2023 10 464500.0
2023 11 478301.0
2023 12 315148.0
2024 1 300380.0
2024 2 384738.0
2024 3 438813.0
2024 4 511475.0
2024 5 634337.0
2024 6 553368.0
2024 7 512677.0
2024 8 600722.0
