1960 5 251.0
1960 6 380.0
1960 7 225.0
1960 8 279.0
1960 9 310.0
1960 10 502.0
1960 11 190.0
1960 12 70.0
1961 1 47.0
1961 2 108.0
1961 3 451.0
1961 4 344.0
1961 5 479.0
1961 6 505.0
1961 7 411.0
1961 8 464.0
1961 9 304.0
1961 10 272.0
1961 11 350.0
1961 12 230.0
1962 1 134.0
1962 2 83.0
1962 3 178.0
1962 4 134.0
1962 5 325.0
1962 6 362.0
1962 7 279.0
1962 8 438.0
1962 9 383.0
1962 10 511.0
1962 11 201.0
1962 12 616.0
1963 1 106.0
1963 2 469.0
1963 3 228.0
1963 4 416.0
1963 5 698.0
1963 6 678.0
1963 7 502.0
1963 8 236.0
1963 9 569.0
1963 10 748.0
1963 11 829.0
1963 12 272.0
1964 1 356.0
1964 2 450.0
1964 3 1022.0
1964 4 1102.0
1964 5 1041.111111111111
1964 6 980.2222222222222
1964 7 919.3333333333334
1964 8 858.4444444444445
1964 9 797.5555555555555
1964 10 736.6666666666667
1964 11 675.7777777777778
1964 12 614.8888888888889
1965 1 554.0
1965 2 515.0
1965 3 537.0
1965 4 653.0
1965 5 1755.0
1965 6 2140.0
1965 7 739.0
1965 8 1087.0
1965 9 980.0
1965 10 731.0
1965 11 1036.0
1965 12 1220.0
1966 1 288.0
1966 2 1236.0
1966 3 983.0
1966 4 1647.0
1966 5 1754.0
1966 6 1153.0
1966 7 738.0
1966 8 1342.0
1966 9 629.0
1966 10 622.0
1966 11 517.0
1966 12 501.0
1967 1 425.0
1967 2 579.0
1967 3 1307.0
1967 4 1047.0
1967 5 1306.0
1967 6 1250.0
1967 7 1387.0
1967 8 2182.0
1967 9 1000.0
1967 10 878.0
1967 11 2005.0
1967 12 758.0
1968 1 725.0
1968 2 23407.0
1968 3 1122.0
1968 4 2754.0
1968 5 3481.0
1968 6 1703.0
1968 7 2141.0
1968 8 2106.0
1968 9 1728.0
1968 10 3494.0
1968 11 1702.0
1968 12 2160.0
1969 1 912.0
1969 2 1329.0
1969 3 3499.0
1969 4 1040.0
1969 5 1445.0
1969 6 3307.0
1969 7 1515.0
1969 8 817.0
1969 9 2069.0
1969 10 1200.0
1969 11 1203.0
1969 12 1441.0
1970 1 691.0
1970 2 346.0
1970 3 1665.0
1970 4 1479.0
1970 5 1003.0
1970 6 2394.0
1970 7 1638.0
1970 8 3386.0
1970 9 1785.0
1970 10 872.0
1970 11 1756.0
1970 12 2308.0
1971 1 589.0
1971 2 1299.0
1971 3 2329.0
1971 4 2580.0
1971 5 3217.0
1971 6 2946.0
1971 7 3979.0
1971 8 1503.0
1971 9 8267.0
1971 10 5731.0
1971 11 5061.0
1971 12 6310.0
1972 1 3534.0
1972 2 4195.0
1972 3 3029.0
1972 4 4297.0
1972 5 5722.0
1972 6 10118.0
1972 7 4027.0
1972 8 8160.0
1972 9 6941.0
1972 10 5019.0
1972 11 2995.0
1972 12 3872.0
1973 1 5357.0
1973 2 5952.0
1973 3 5253.0
1973 4 2638.0
1973 5 5999.0
1973 6 5262.0
1973 7 8414.0
1973 8 2510.0
1973 9 2282.0
1973 10 2153.0
1973 11 2053.0
1973 12 1563.0
1974 1 2727.0
1974 2 1990.0
1974 3 1967.0
1974 4 3456.0
1974 5 2664.0
1974 6 1282.0
1974 7 2466.0
1974 8 787.0
1974 9 1291.0
1974 10 365.0
1974 11 373.0
1974 12 2009.0
1975 1 464.0
1975 2 851.0
1975 3 1286.0
1975 4 1285.0
1975 5 1818.0
1975 6 1719.0
1975 7 2767.0
1975 8 3144.0
1975 9 1498.0
1975 10 2459.0
1975 11 2028.0
1975 12 1253.0
1976 1 494.0
1976 2 932.0
1976 3 1781.0
1976 4 2761.0
1976 5 1977.0
1976 6 2875.0
1976 7 3013.0
1976 8 2632.0
1976 9 3179.0
1976 10 2409.0
1976 11 2908.0
1976 12 1181.0
1977 1 2468.0
1977 2 1908.0
1977 3 1959.0
1977 4 3474.0
1977 5 4726.0
1977 6 3343.0
1977 7 3217.0
1977 8 2564.0
1977 9 8007.0
1977 10 4468.0
1977 11 5180.0
1977 12 1195.0
1978 1 2320.0
1978 2 2081.0
1978 3 3629.0
1978 4 5350.0
1978 5 3012.0
1978 6 4327.0
1978 7 4097.0
1978 8 3380.0
1978 9 3604.0
1978 10 5155.0
1978 11 5800.0
1978 12 3927.0
1979 1 1607.0
1979 2 1384.0
1979 3 3901.0
1979 4 6826.0
1979 5 6318.0
1979 6 4954.0
1979 7 7512.0
1979 8 5634.0
1979 9 10387.0
1979 10 5210.0
1979 11 3489.0
1979 12 5517.0
1980 1 2676.0
1980 2 2965.0
1980 3 1702.0
1980 4 2871.0
1980 5 3743.0
1980 6 3725.0
1980 7 2440.0
1980 8 9103.0
1980 9 8695.0
1980 10 7494.0
1980 11 3624.0
1980 12 3757.0
1981 1 2545.0
1981 2 742.0
1981 3 3613.0
1981 4 3826.0
1981 5 5104.0
1981 6 4741.0
1981 7 2661.0
1981 8 3587.0
1981 9 3679.0
1981 10 4620.0
1981 11 2163.0
1981 12 1447.0
1982 1 1154.0
1982 2 65.0
1982 3 821.0
1982 4 1092.0
1982 5 2476.0
1982 6 1973.0
1982 7 897.0
1982 8 1095.0
1982 9 3116.0
1982 10 1955.0
1982 11 1763.5
1982 12 1572.0
1983 1 315.0
1983 2 1207.0
1983 3 1998.0
1983 4 4138.0
1983 5 4546.0
1983 6 4572.0
1983 7 3835.0
1983 8 3968.0
1983 9 4343.0
1983 10 4906.0
1983 11 5490.0
1983 12 3054.0
1984 1 852.0
1984 2 1807.0
1984 3 2952.0
1984 4 6740.0
1984 5 6485.0
1984 6 7418.0
1984 7 7878.0
1984 8 15334.0
1984 9 4116.0
1984 10 6529.0
1984 11 2588.0
1984 12 1365.0
1985 1 4226.0
1985 2 1101.0
1985 3 5971.0
1985 4 8387.0
1985 5 6331.0
1985 6 9357.0
1985 7 8150.0
1985 8 5929.0
1985 9 10253.0
1985 10 9011.0
1985 11 5125.0
1985 12 6594.0
1986 1 10067.0
1986 2 4406.0
1986 3 10126.0
1986 4 15423.0
1986 5 19105.0
1986 6 23500.0
1986 7 12593.0
1986 8 11051.0
1986 9 11211.0
1986 10 8228.0
1986 11 9104.0
1986 12 5859.0
1987 1 19399.0
1987 2 5162.0
1987 3 6425.0
1987 4 8288.0
1987 5 8231.0
1987 6 10294.0
1987 7 8770.0
1987 8 10139.0
1987 9 13629.0
1987 10 13247.0
1987 11 10510.0
1987 12 4077.0
1988 1 8278.0
1988 2 5280.0
1988 3 14326.0
1988 4 11344.0
1988 5 7320.0
1988 6 11751.0
1988 7 8617.0
1988 8 6653.0
1988 9 10777.0
1988 10 9902.0
1988 11 4303.0
1988 12 5302.0
1989 1 4436.0
1989 2 5036.0
1989 3 5426.0
1989 4 8171.0
1989 5 8807.0
1989 6 9782.0
1989 7 8831.0
1989 8 8216.0
1989 9 13752.0
1989 10 10905.0
1989 11 5216.0
1989 12 3246.0
1990 1 4910.0
1990 2 3949.0
1990 3 10588.0
1990 4 5971.0
1990 5 6900.0
1990 6 8577.0
1990 7 5964.0
1990 8 6408.0
1990 9 7057.0
1990 10 9349.0
1990 11 4189.0
1990 12 2203.0
1991 1 3039.0
1991 2 1878.0
1991 3 5375.0
1991 4 5523.0
1991 5 6216.0
1991 6 6177.0
1991 7 4532.0
1991 8 9546.0
1991 9 8407.0
1991 10 6328.0
1991 11 2471.0
1991 12 2521.0
1992 1 2472.0
1992 2 2835.0
1992 3 5708.0
1992 4 4186.0
1992 5 7429.0
1992 6 4058.0
1992 7 5894.0
1992 8 7691.0
1992 9 16021.0
1992 10 4311.0
1992 11 4335.0
1992 12 3449.0
1993 1 2689.0
1993 2 3771.0
1993 3 3279.0
1993 4 2938.0
1993 5 3621.0
1993 6 3871.0
1993 7 7331.0
1993 8 5277.0
1993 9 6344.0
1993 10 10969.0
1993 11 3740.0
1993 12 3909.0
1994 1 4717.0
1994 2 3066.0
1994 3 6347.0
1994 4 4919.0
1994 5 10409.0
1994 6 8701.0
1994 7 5629.0
1994 8 9516.0
1994 9 17881.0
1994 10 18784.0
1994 11 14014.0
1994 12 6195.0
1995 1 8317.0
1995 2 6826.0
1995 3 17490.0
1995 4 9892.0
1995 5 16415.0
1995 6 13650.0
1995 7 6988.0
1995 8 13851.0
1995 9 9615.0
1995 10 13512.0
1995 11 7145.0
1995 12 6356.0
1996 1 4585.0
1996 2 4153.0
1996 3 11319.0
1996 4 7748.0
1996 5 11381.0
1996 6 11410.0
1996 7 12109.0
1996 8 13113.0
1996 9 11227.0
1996 10 13076.0
1996 11 11789.0
1996 12 10903.0
1997 1 10228.0
1997 2 12881.0
1997 3 14591.0
1997 4 19115.0
1997 5 10980.0
1997 6 18819.0
1997 7 12410.0
1997 8 16081.0
1997 9 12961.0
1997 10 17509.0
1997 11 7192.0
1997 12 8497.0
1998 1 6195.0
1998 2 8289.0
1998 3 11062.0
1998 4 10591.0
1998 5 6917.0
1998 6 27638.0
1998 7 12536.0
1998 8 14800.0
1998 9 10807.0
1998 10 13121.0
1998 11 13932.0
1998 12 7256.0
1999 1 4035.0
1999 2 5692.0
1999 3 10388.0
1999 4 10428.0
1999 5 13906.0
1999 6 16323.0
1999 7 10785.0
1999 8 13570.0
1999 9 12708.0
1999 10 13340.0
1999 11 13688.0
1999 12 12404.0
2000 1 12929.0
2000 2 7881.0
2000 3 10620.0
2000 4 9292.0
2000 5 14634.0
2000 6 15100.0
2000 7 13979.0
2000 8 18453.0
2000 9 13829.0
2000 10 13629.0
2000 11 11466.0
2000 12 12199.0
2001 1 6329.0
2001 2 14495.0
2001 3 16936.0
2001 4 12910.0
2001 5 6266.0
2001 6 15340.0
2001 7 12152.0
2001 8 11211.0
2001 9 11894.0
2001 10 6144.0
2001 11 4799.0
2001 12 6267.0
2002 1 9646.0
2002 2 7310.0
2002 3 10773.0
2002 4 25813.0
2002 5 15619.0
2002 6 11585.0
2002 7 14151.0
2002 8 20467.0
2002 9 14243.0
2002 10 17320.0
2002 11 5855.0
2002 12 4922.0
2003 1 6785.0
2003 2 4111.0
2003 3 10784.0
2003 4 11584.0
2003 5 12745.0
2003 6 10051.0
2003 7 8084.0
2003 8 10871.0
2003 9 18144.0
2003 10 14986.0
2003 11 13058.0
2003 12 4340.0
2004 1 6732.0
2004 2 8435.0
2004 3 9510.0
2004 4 12027.0
2004 5 17056.0
2004 6 12647.0
2004 7 13389.0
2004 8 16743.0
2004 9 13826.0
2004 10 18291.0
2004 11 10978.0
2004 12 10441.0
2005 1 9860.0
2005 2 7354.0
2005 3 7391.0
2005 4 8535.0
2005 5 12433.0
2005 6 11762.0
2005 7 11502.0
2005 8 14923.0
2005 9 10121.0
2005 10 14929.0
2005 11 9792.0
2005 12 4478.0
2006 1 6499.0
2006 2 4398.0
2006 3 13280.0
2006 4 3241.0
2006 5 9419.0
2006 6 8333.0
2006 7 15991.0
2006 8 11321.0
2006 9 3194.0
2006 10 6321.0
2006 11 6928.0
2006 12 7733.0
2007 1 1788.0
2007 2 1051.0
2007 3 2936.0
2007 4 3338.0
2007 5 5952.0
2007 6 1495.0
2007 7 1712.0
2007 8 10571.0
2007 9 2392.0
2007 10 2582.0
2007 11 1489.0
2007 12 1247.0
2008 1 1132.0
2008 2 955.0
2008 3 2783.0
2008 4 1329.0
2008 5 2654.0
2008 6 319.0
2008 7 2273.0
2008 8 1351.0
2008 9 10872.0
2008 10 1699.0
2008 11 889.0
2008 12 8687.0
2009 1 3225.0
2009 2 598.0
2009 3 618.0
2009 4 298.0
2009 5 305.0
2009 6 2332.0
2009 7 2670.0
2009 8 281.0
2009 9 1215.0
2009 10 1488.0
2009 11 754.0
2009 12 239.0
2010 1 9379.0
2010 2 655.0
2010 3 378.0
2010 4 874.0
2010 5 5712.0
2010 6 1267.0
2010 7 2498.0
2010 8 4691.0
2010 9 1730.0
2010 10 3607.0
2010 11 797.0
2010 12 1219.0
2011 1 990.0
2011 2 761.0
2011 3 194.0
2011 4 4025.0
2011 5 905.0
2011 6 2367.0
2011 7 1962.0
2011 8 8166.0
2011 9 2457.0
2011 10 4446.0
2011 11 684.0
2011 12 1211.0
2012 1 181.0
2012 2 916.0
2012 3 238.0
2012 4 1815.0
2012 5 6076.0
2012 6 4161.0
2012 7 3652.0
2012 8 1370.0
2012 9 2140.0
2012 10 2848.0
2012 11 2221.0
2012 12 728.0
2013 1 3459.0
2013 2 1753.0
2013 3 1661.0
2013 4 2820.0
2013 5 1552.0
2013 6 1836.0
2013 7 6026.0
2013 8 3648.0
2013 9 8042.0
2013 10 3767.0
2013 11 1024.0
2013 12 2668.0
2014 1 226.0
2014 2 2807.0
2014 3 4519.0
2014 4 3014.0
2014 5 2523.0
2014 6 10253.0
2014 7 7130.0
2014 8 3771.0
2014 9 4787.0
2014 10 4064.0
2014 11 2769.0
2014 12 6736.0
2015 1 3712.0
2015 2 1287.0
2015 3 7179.0
2015 4 3004.0
2015 5 4087.0
2015 6 3208.0
2015 7 8109.0
2015 8 8853.0
2015 9 7043.0
2015 10 7707.0
2015 11 3755.0
2015 12 3660.0
2016 1 1861.0
2016 2 11175.0
2016 3 5094.0
2016 4 7193.0
2016 5 5650.0
2016 6 16387.0
2016 7 2670.0
2016 8 9614.0
2016 9 9909.0
2016 10 7280.0
2016 11 11643.0
2016 12 4118.0
2017 1 1001.0
2017 2 8880.0
2017 3 9425.0
2017 4 6343.0
2017 5 9069.0
2017 6 14007.0
2017 7 4620.0
2017 8 13881.0
2017 9 6360.0
2017 10 11401.0
2017 11 1746.0
2017 12 3468.0
2018 1 4018.0
2018 2 1400.0
2018 3 5627.0
2018 4 13917.0
2018 5 10085.0
2018 6 6873.0
2018 7 8464.0
2018 8 6953.0
2018 9 9750.0
2018 10 7977.0
2018 11 6018.0
2018 12 5386.0
2019 1 1474.0
2019 2 2159.0
2019 3 7098.0
2019 4 3440.0
2019 5 6804.0
2019 6 16068.0
2019 7 6535.0
2019 8 12684.0
2019 9 7643.0
2019 10 9076.0
2019 11 13070.0
2019 12 544.0
2020 1 4198.0
2020 2 2740.0
2020 3 4260.0
2020 4 1199.0
2020 5 7512.0
2020 6 1058.0
2020 7 10627.0
2020 8 3310.0
2020 9 17633.0
2020 10 4348.0
2020 11 15097.0
2020 12 5299.0
2021 1 16478.0
2021 2 3239.0
2021 3 18673.0
2021 4 13524.0
2021 5 8884.0
2021 6 10578.0
2021 7 5716.0
2021 8 8100.0
2021 9 30692.0
2021 10 7801.0
2021 11 6462.0
2021 12 17072.0
2022 1 8359.0
2022 2 9924.0
2022 3 14819.0
2022 4 8530.0
2022 5 15676.0
2022 6 17265.0
2022 7 15590.0
2022 8 11458.0
2022 9 16393.0
2022 10 12684.0
2022 11 6666.0
2022 12 10627.0
2023 1 5651.0
2023 2 4037.0
2023 3 10803.0
2023 4 9895.0
2023 5 13467.0
2023 6 9853.0
2023 7 12390.0
2023 8 16495.0
2023 9 28364.0
2023 10 30826.0
2023 11 18716.0
2023 12 3634.0
2024 1 3714.0
2024 2 6286.0
2024 3 12383.0
2024 4 11807.0
2024 5 13149.0
2024 6 14018.0
2024 7 7630.0
2024 8 17253.0
