1960 5 36756.0
1960 6 39153.0
1960 7 33924.0
1960 8 31227.0
1960 9 29378.0
1960 10 27708.0
1960 11 22510.0
1960 12 14457.0
1961 1 13928.0
1961 2 19411.0
1961 3 28340.0
1961 4 30373.0
1961 5 34732.0
1961 6 47000.0
1961 7 29547.0
1961 8 33141.0
1961 9 24029.0
1961 10 27663.0
1961 11 21393.0
1961 12 15004.0
1962 1 12117.0
1962 2 15211.0
1962 3 28329.0
1962 4 38946.0
1962 5 37494.0
1962 6 35853.0
1962 7 32188.0
1962 8 31568.0
1962 9 25761.0
1962 10 30311.0
1962 11 23778.0
1962 12 16514.0
1963 1 10323.0
1963 2 13949.0
1963 3 29085.0
1963 4 44864.0
1963 5 39561.0
1963 6 40494.0
1963 7 38313.0
1963 8 32683.0
1963 9 31709.0
1963 10 33991.0
1963 11 25990.0
1963 12 20668.0
1964 1 20957.0
1964 2 29385.0
1964 3 40727.0
1964 4 43642.0
1964 5 41285.11111111111
1964 6 38928.22222222222
1964 7 36571.333333333336
1964 8 34214.444444444445
1964 9 31857.555555555555
1964 10 29500.666666666668
1964 11 27143.77777777778
1964 12 24786.88888888889
1965 1 22430.0
1965 2 26352.0
1965 3 42042.0
1965 4 51623.0
1965 5 50958.0
1965 6 51161.0
1965 7 46991.0
1965 8 47039.0
1965 9 45354.0
1965 10 41238.0
1965 11 36255.0
1965 12 32426.0
1966 1 25668.0
1966 2 33991.0
1966 3 56818.0
1966 4 53327.0
1966 5 40671.0
1966 6 37958.0
1966 7 29912.0
1966 8 31410.0
1966 9 27954.0
1966 10 23872.0
1966 11 25183.0
1966 12 18860.0
1967 1 22264.0
1967 2 24007.0
1967 3 43473.0
1967 4 45414.0
1967 5 51567.0
1967 6 48680.0
1967 7 37663.0
1967 8 44630.0
1967 9 45460.0
1967 10 43480.0
1967 11 38465.0
1967 12 27558.0
1968 1 25611.0
1968 2 35568.0
1968 3 48107.0
1968 4 46309.0
1968 5 56184.0
1968 6 48542.0
1968 7 63862.0
1968 8 53809.0
1968 9 56338.0
1968 10 63721.0
1968 11 51831.0
1968 12 31384.0
1969 1 29956.0
1969 2 41053.0
1969 3 53942.0
1969 4 59632.0
1969 5 53799.0
1969 6 46547.0
1969 7 45577.0
1969 8 41830.0
1969 9 44449.0
1969 10 49358.0
1969 11 40812.0
1969 12 26784.0
1970 1 15656.0
1970 2 23051.0
1970 3 52855.0
1970 4 65142.0
1970 5 58334.0
1970 6 73491.0
1970 7 63424.0
1970 8 62244.0
1970 9 59606.0
1970 10 61710.0
1970 11 44565.0
1970 12 57921.0
1971 1 36772.0
1971 2 43066.0
1971 3 74243.0
1971 4 95257.0
1971 5 106745.0
1971 6 97296.0
1971 7 87843.0
1971 8 83391.0
1971 9 82135.0
1971 10 75819.0
1971 11 66882.0
1971 12 71080.0
1972 1 37242.0
1972 2 46913.0
1972 3 64563.0
1972 4 108474.0
1972 5 108047.0
1972 6 100859.0
1972 7 79966.0
1972 8 89846.0
1972 9 72795.0
1972 10 69897.0
1972 11 64055.0
1972 12 34446.0
1973 1 47781.0
1973 2 78062.0
1973 3 84011.0
1973 4 96238.0
1973 5 103806.0
1973 6 93224.0
1973 7 81787.0
1973 8 76540.0
1973 9 65707.0
1973 10 65369.0
1973 11 52107.0
1973 12 29113.0
1974 1 30397.0
1974 2 34292.0
1974 3 58682.0
1974 4 89722.0
1974 5 87368.0
1974 6 76682.0
1974 7 71034.0
1974 8 61637.0
1974 9 57568.0
1974 10 49217.0
1974 11 36596.0
1974 12 22463.0
1975 1 21403.0
1975 2 25359.0
1975 3 47367.0
1975 4 77674.0
1975 5 84350.0
1975 6 77246.0
1975 7 82386.0
1975 8 75346.0
1975 9 81273.0
1975 10 86041.0
1975 11 56131.0
1975 12 40622.0
1976 1 32179.0
1976 2 51375.0
1976 3 80932.0
1976 4 121076.0
1976 5 104347.0
1976 6 117720.0
1976 7 95095.0
1976 8 95035.0
1976 9 106680.0
1976 10 90221.0
1976 11 78367.0
1976 12 47347.0
1977 1 33442.0
1977 2 59437.0
1977 3 117913.0
1977 4 158252.0
1977 5 176188.0
1977 6 177473.0
1977 7 132009.0
1977 8 163487.0
1977 9 139458.0
1977 10 137607.0
1977 11 117250.0
1977 12 72759.0
1978 1 52224.0
1978 2 66820.0
1978 3 134144.0
1978 4 186688.0
1978 5 210301.0
1978 6 187267.0
1978 7 147146.0
1978 8 170799.0
1978 9 151704.0
1978 10 161545.0
1978 11 116429.0
1978 12 73111.0
1979 1 38164.0
1979 2 60347.0
1979 3 139582.0
1979 4 189303.0
1979 5 201246.0
1979 6 194958.0
1979 7 159204.0
1979 8 152788.0
1979 9 136300.0
1979 10 130450.0
1979 11 79561.0
1979 12 45733.0
1980 1 32792.0
1980 2 40016.0
1980 3 51112.0
1980 4 64239.0
1980 5 77816.0
1980 6 84625.0
1980 7 98378.0
1980 8 96409.0
1980 9 109960.0
1980 10 107697.0
1980 11 65048.0
1980 12 40448.0
1981 1 18795.0
1981 2 22500.0
1981 3 50129.0
1981 4 81856.0
1981 5 75867.0
1981 6 75835.0
1981 7 62635.0
1981 8 47469.0
1981 9 47321.0
1981 10 42213.0
1981 11 26482.0
1981 12 20536.0
1982 1 6740.0
1982 2 8512.0
1982 3 23042.0
1982 4 37992.0
1982 5 44127.0
1982 6 47203.0
1982 7 36711.0
1982 8 43598.0
1982 9 41933.0
1982 10 42279.0
1982 11 33454.0
1982 12 24629.0
1983 1 21298.0
1983 2 26109.0
1983 3 63629.0
1983 4 81305.0
1983 5 94171.0
1983 6 103890.0
1983 7 84010.0
1983 8 91858.0
1983 9 81722.0
1983 10 75141.0
1983 11 59192.0
1983 12 39895.0
1984 1 30928.0
1984 2 49285.0
1984 3 84481.0
1984 4 117276.0
1984 5 126148.0
1984 6 107995.0
1984 7 95333.0
1984 8 90574.0
1984 9 79407.0
1984 10 91678.0
1984 11 65187.0
1984 12 45460.0
1985 1 39782.0
1985 2 48896.0
1985 3 85611.0
1985 4 131765.0
1985 5 157891.0
1985 6 144607.0
1985 7 153237.0
1985 8 137848.0
1985 9 130454.0
1985 10 137286.0
1985 11 77853.0
1985 12 62332.0
1986 1 55882.0
1986 2 84493.0
1986 3 108885.0
1986 4 193212.0
1986 5 214709.0
1986 6 203279.0
1986 7 185621.0
1986 8 184068.0
1986 9 185543.0
1986 10 159529.0
1986 11 112487.0
1986 12 89292.0
1987 1 97494.0
1987 2 103150.0
1987 3 174072.0
1987 4 225564.0
1987 5 214338.0
1987 6 228112.0
1987 7 206511.0
1987 8 183352.0
1987 9 183793.0
1987 10 180988.0
1987 11 139554.0
1987 12 97053.0
1988 1 64789.0
1988 2 89561.0
1988 3 189093.0
1988 4 247266.0
1988 5 253340.0
1988 6 251406.0
1988 7 216417.0
1988 8 238252.0
1988 9 208983.0
1988 10 224031.0
1988 11 145868.0
1988 12 109847.0
1989 1 97952.0
1989 2 116415.0
1989 3 189807.0
1989 4 252232.0
1989 5 274162.0
1989 6 259786.0
1989 7 238568.0
1989 8 230625.0
1989 9 233436.0
1989 10 255590.0
1989 11 169852.0
1989 12 103246.0
1990 1 119792.0
1990 2 126741.0
1990 3 210509.0
1990 4 278661.0
1990 5 290759.0
1990 6 267039.0
1990 7 248438.0
1990 8 242773.0
1990 9 180417.0
1990 10 189806.0
1990 11 125886.0
1990 12 83682.0
1991 1 69913.0
1991 2 98809.0
1991 3 165893.0
1991 4 279865.0
1991 5 292259.0
1991 6 249079.0
1991 7 268248.0
1991 8 240214.0
1991 9 223548.0
1991 10 227409.0
1991 11 160509.0
1991 12 123593.0
1992 1 114060.0
1992 2 153511.0
1992 3 224193.0
1992 4 303965.0
1992 5 310963.0
1992 6 318817.0
1992 7 289182.0
1992 8 263665.0
1992 9 279242.0
1992 10 283067.0
1992 11 184241.0
1992 12 153594.0
1993 1 133611.0
1993 2 147298.0
1993 3 214454.0
1993 4 294344.0
1993 5 314735.0
1993 6 325417.0
1993 7 310715.0
1993 8 307972.0
1993 9 320381.0
1993 10 317664.0
1993 11 277559.0
1993 12 206353.0
1994 1 149066.0
1994 2 179387.0
1994 3 302573.0
1994 4 396741.0
1994 5 421094.0
1994 6 417812.0
1994 7 323244.0
1994 8 373377.0
1994 9 341066.0
1994 10 327688.0
1994 11 260719.0
1994 12 213985.0
1995 1 160423.0
1995 2 170984.0
1995 3 283975.0
1995 4 355273.0
1995 5 416657.0
1995 6 436398.0
1995 7 362638.0
1995 8 420362.0
1995 9 346452.0
1995 10 369056.0
1995 11 299553.0
1995 12 242038.0
1996 1 203505.0
1996 2 241205.0
1996 3 336407.0
1996 4 476513.0
1996 5 517219.0
1996 6 438142.0
1996 7 467611.0
1996 8 444103.0
1996 9 398511.0
1996 10 439929.0
1996 11 300439.0
1996 12 249050.0
1997 1 224639.0
1997 2 251120.0
1997 3 325268.0
1997 4 493038.0
1997 5 448249.0
1997 6 449908.0
1997 7 428830.0
1997 8 409454.0
1997 9 423656.0
1997 10 430223.0
1997 11 293856.0
1997 12 280259.0
1998 1 245989.0
1998 2 277178.0
1998 3 427882.0
1998 4 511227.0
1998 5 498021.0
1998 6 537612.0
1998 7 485329.0
1998 8 435114.0
1998 9 471129.0
1998 10 496989.0
1998 11 399293.0
1998 12 376986.0
1999 1 223542.0
1999 2 284123.0
1999 3 476314.0
1999 4 577320.0
1999 5 564411.0
1999 6 590316.0
1999 7 513851.0
1999 8 508930.0
1999 9 480606.0
1999 10 469207.0
1999 11 402385.0
1999 12 340853.0
2000 1 291323.0
2000 2 316739.0
2000 3 523973.0
2000 4 557631.0
2000 5 572434.0
2000 6 538557.0
2000 7 486847.0
2000 8 528630.0
2000 9 477128.0
2000 10 513585.0
2000 11 398655.0
2000 12 221991.0
2001 1 273928.0
2001 2 274547.0
2001 3 425587.0
2001 4 574843.0
2001 5 589499.0
2001 6 580552.0
2001 7 534699.0
2001 8 552015.0
2001 9 452114.0
2001 10 457888.0
2001 11 377538.0
2001 12 291621.0
2002 1 314477.0
2002 2 303046.0
2002 3 456386.0
2002 4 562098.0
2002 5 634702.0
2002 6 534753.0
2002 7 557455.0
2002 8 527731.0
2002 9 483705.0
2002 10 571588.0
2002 11 404931.0
2002 12 374013.0
2003 1 283180.0
2003 2 289721.0
2003 3 456063.0
2003 4 570565.0
2003 5 604583.0
2003 6 645233.0
2003 7 657867.0
2003 8 591179.0
2003 9 651531.0
2003 10 687506.0
2003 11 425513.0
2003 12 412679.0
2004 1 319539.0
2004 2 379607.0
2004 3 540492.0
2004 4 684163.0
2004 5 656285.0
2004 6 666016.0
2004 7 661159.0
2004 8 643021.0
2004 9 646996.0
2004 10 615921.0
2004 11 511429.0
2004 12 394001.0
2005 1 327524.0
2005 2 557511.0
2005 3 470450.0
2005 4 586722.0
2005 5 611785.0
2005 6 632307.0
2005 7 614571.0
2005 8 623942.0
2005 9 561636.0
2005 10 534133.0
2005 11 440372.0
2005 12 291032.0
2006 1 263280.0
2006 2 274567.0
2006 3 378043.0
2006 4 375125.0
2006 5 510277.0
2006 6 434702.0
2006 7 411690.0
2006 8 383005.0
2006 9 344968.0
2006 10 343869.0
2006 11 253812.0
2006 12 167079.0
2007 1 169264.0
2007 2 147645.0
2007 3 233088.0
2007 4 270397.0
2007 5 332552.0
2007 6 319977.0
2007 7 321697.0
2007 8 313955.0
2007 9 222749.0
2007 10 260153.0
2007 11 164779.0
2007 12 121453.0
2008 1 101545.0
2008 2 89665.0
2008 3 96621.0
2008 4 191687.0
2008 5 190401.0
2008 6 192216.0
2008 7 167883.0
2008 8 135555.0
2008 9 141473.0
2008 10 160952.0
2008 11 86143.0
2008 12 58843.0
2009 1 31854.0
2009 2 47914.0
2009 3 53833.0
2009 4 85148.0
2009 5 120387.0
2009 6 108523.0
2009 7 119295.0
2009 8 136147.0
2009 9 119315.0
2009 10 120737.0
2009 11 90261.0
2009 12 78286.0
2010 1 59518.0
2010 2 72446.0
2010 3 110848.0
2010 4 129379.0
2010 5 115419.0
2010 6 141905.0
2010 7 119465.0
2010 8 138221.0
2010 9 132239.0
2010 10 142997.0
2010 11 147649.0
2010 12 78899.0
2011 1 65705.0
2011 2 71938.0
2011 3 123155.0
2011 4 146282.0
2011 5 148985.0
2011 6 149593.0
2011 7 129884.0
2011 8 162758.0
2011 9 148218.0
2011 10 143989.0
2011 11 129411.0
2011 12 94182.0
2012 1 83793.0
2012 2 95642.0
2012 3 127129.0
2012 4 184413.0
2012 5 228975.0
2012 6 190500.0
2012 7 197864.0
2012 8 221595.0
2012 9 217952.0
2012 10 245247.0
2012 11 179381.0
2012 12 137310.0
2013 1 126604.0
2013 2 133961.0
2013 3 184609.0
2013 4 281295.0
2013 5 312900.0
2013 6 300902.0
2013 7 293309.0
2013 8 308851.0
2013 9 303976.0
2013 10 287768.0
2013 11 205521.0
2013 12 162966.0
2014 1 122350.0
2014 2 127839.0
2014 3 182196.0
2014 4 265244.0
2014 5 307921.0
2014 6 316284.0
2014 7 316059.0
2014 8 281923.0
2014 9 309133.0
2014 10 328834.0
2014 11 183044.0
2014 12 156875.0
2015 1 135725.0
2015 2 125572.0
2015 3 229467.0
2015 4 317603.0
2015 5 314297.0
2015 6 337746.0
2015 7 365929.0
2015 8 289449.0
2015 9 339714.0
2015 10 333154.0
2015 11 225311.0
2015 12 187695.0
2016 1 174080.0
2016 2 219401.0
2016 3 281097.0
2016 4 309047.0
2016 5 362866.0
2016 6 419944.0
2016 7 365172.0
2016 8 387171.0
2016 9 394324.0
2016 10 306672.0
2016 11 288889.0
2016 12 215443.0
2017 1 179690.0
2017 2 222502.0
2017 3 355884.0
2017 4 386850.0
2017 5 413692.0
2017 6 451046.0
2017 7 371359.0
2017 8 417266.0
2017 9 377803.0
2017 10 400683.0
2017 11 325993.0
2017 12 247331.0
2018 1 267145.0
2018 2 257105.0
2018 3 307654.0
2018 4 459732.0
2018 5 472725.0
2018 6 399993.0
2018 7 346688.0
2018 8 452114.0
2018 9 365753.0
2018 10 429681.0
2018 11 294108.0
2018 12 195049.0
2019 1 183721.0
2019 2 278909.0
2019 3 290184.0
2019 4 393831.0
2019 5 418845.0
2019 6 379158.0
2019 7 361518.0
2019 8 360981.0
2019 9 435664.0
2019 10 408389.0
2019 11 250714.0
2019 12 246659.0
2020 1 242312.0
2020 2 256799.0
2020 3 261474.0
2020 4 119214.0
2020 5 310925.0
2020 6 465957.0
2020 7 460616.0
2020 8 366747.0
2020 9 421435.0
2020 10 489592.0
2020 11 325720.0
2020 12 367615.0
2021 1 280411.0
2021 2 316863.0
2021 3 528010.0
2021 4 523849.0
2021 5 475979.0
2021 6 473134.0
2021 7 339348.0
2021 8 389203.0
2021 9 387178.0
2021 10 331531.0
2021 11 337833.0
2021 12 291835.0
2022 1 279111.0
2022 2 300322.0
2022 3 413638.0
2022 4 448257.0
2022 5 476078.0
2022 6 493686.0
2022 7 348087.0
2022 8 418355.0
2022 9 386213.0
2022 10 356473.0
2022 11 275580.0
2022 12 211256.0
2023 1 175418.0
2023 2 213734.0
2023 3 339328.0
2023 4 418220.0
2023 5 415231.0
2023 6 473456.0
2023 7 406176.0
2023 8 456692.0
2023 9 432324.0
2023 10 399913.0
2023 11 382387.0
2023 12 268697.0
2024 1 248520.0
2024 2 335964.0
2024 3 396941.0
2024 4 461938.0
2024 5 490093.0
2024 6 468437.0
2024 7 422657.0
2024 8 464645.0
