1960 5 1079.0
1960 6 73.0
1960 7 1417.0
1960 8 1311.0
1960 9 619.0
1960 10 1047.0
1960 11 646.0
1960 12 214.0
1961 1 709.0
1961 2 1411.0
1961 3 1347.0
1961 4 1412.0
1961 5 1661.0
1961 6 1839.0
1961 7 527.0
1961 8 1972.0
1961 9 601.0
1961 10 521.0
1961 11 888.0
1961 12 285.0
1962 1 9133.0
1962 2 513.0
1962 3 2148.0
1962 4 1624.0
1962 5 9596.0
1962 6 1429.0
1962 7 12213.0
1962 8 7722.0
1962 9 5265.0
1962 10 2718.0
1962 11 3505.0
1962 12 2202.0
1963 1 3150.0
1963 2 1208.0
1963 3 4006.0
1963 4 6685.0
1963 5 4425.0
1963 6 2972.0
1963 7 4560.0
1963 8 5923.0
1963 9 2840.0
1963 10 8197.0
1963 11 5629.0
1963 12 6342.0
1964 1 3605.0
1964 2 8759.0
1964 3 6992.0
1964 4 6002.0
1964 5 6121.444444444444
1964 6 6240.888888888889
1964 7 6360.333333333333
1964 8 6479.777777777777
1964 9 6599.222222222223
1964 10 6718.666666666667
1964 11 6838.111111111111
1964 12 6957.555555555556
1965 1 7077.0
1965 2 4451.0
1965 3 9014.0
1965 4 8018.0
1965 5 13588.0
1965 6 14409.0
1965 7 21851.0
1965 8 13932.0
1965 9 25801.0
1965 10 10140.0
1965 11 11912.0
1965 12 18708.0
1966 1 17144.0
1966 2 8716.0
1966 3 10666.0
1966 4 13923.0
1966 5 17001.0
1966 6 11242.0
1966 7 11807.0
1966 8 9799.0
1966 9 11578.0
1966 10 12068.0
1966 11 3566.0
1966 12 3032.0
1967 1 3324.0
1967 2 9975.0
1967 3 11780.0
1967 4 16182.0
1967 5 15956.0
1967 6 15156.0
1967 7 12416.0
1967 8 13670.0
1967 9 14321.0
1967 10 23780.0
1967 11 21115.0
1967 12 13477.0
1968 1 10630.0
1968 2 10117.0
1968 3 14021.0
1968 4 13626.0
1968 5 13085.0
1968 6 10111.0
1968 7 18382.0
1968 8 14810.0
1968 9 31725.0
1968 10 19687.0
1968 11 31565.0
1968 12 20285.0
1969 1 20648.0
1969 2 16539.0
1969 3 35687.0
1969 4 34434.0
1969 5 19674.0
1969 6 44059.0
1969 7 12086.0
1969 8 23016.0
1969 9 23420.0
1969 10 19230.0
1969 11 24363.0
1969 12 24665.0
1970 1 6362.0
1970 2 10890.0
1970 3 21201.0
1970 4 9366.0
1970 5 12420.0
1970 6 15765.0
1970 7 19415.0
1970 8 14774.0
1970 9 17072.0
1970 10 24164.0
1970 11 14004.0
1970 12 20481.0
1971 1 4881.0
1971 2 12648.0
1971 3 19707.0
1971 4 31051.0
1971 5 13024.0
1971 6 27178.0
1971 7 45770.0
1971 8 32498.0
1971 9 24357.0
1971 10 27183.0
1971 11 46465.0
1971 12 29330.0
1972 1 15453.0
1972 2 14182.0
1972 3 28525.0
1972 4 42098.0
1972 5 48841.0
1972 6 30173.0
1972 7 26183.0
1972 8 29216.0
1972 9 26322.0
1972 10 29167.0
1972 11 34725.0
1972 12 30462.0
1973 1 31202.0
1973 2 19903.0
1973 3 45558.0
1973 4 25323.0
1973 5 45223.0
1973 6 15010.0
1973 7 35756.0
1973 8 56851.0
1973 9 29965.0
1973 10 22896.0
1973 11 39672.0
1973 12 18794.0
1974 1 17175.0
1974 2 7422.0
1974 3 28071.0
1974 4 22371.0
1974 5 20804.0
1974 6 26742.0
1974 7 14749.0
1974 8 11743.0
1974 9 13495.0
1974 10 26870.0
1974 11 16472.0
1974 12 9330.0
1975 1 16044.0
1975 2 3709.0
1975 3 3041.0
1975 4 4559.0
1975 5 9454.0
1975 6 14496.0
1975 7 12016.0
1975 8 11476.0
1975 9 8612.0
1975 10 18411.0
1975 11 6520.0
1975 12 15296.0
1976 1 550.0
1976 2 12380.0
1976 3 7355.0
1976 4 14087.0
1976 5 14170.0
1976 6 29456.0
1976 7 8448.0
1976 8 14916.0
1976 9 13752.0
1976 10 19297.0
1976 11 19679.0
1976 12 31280.0
1977 1 9410.0
1977 2 7991.0
1977 3 9677.0
1977 4 25988.0
1977 5 22254.0
1977 6 29191.0
1977 7 25973.0
1977 8 14402.0
1977 9 6215.0
1977 10 20546.0
1977 11 51648.0
1977 12 27991.0
1978 1 8049.0
1978 2 1023.0
1978 3 18210.0
1978 4 21848.0
1978 5 28330.0
1978 6 21626.0
1978 7 25698.0
1978 8 30509.0
1978 9 38016.0
1978 10 30855.0
1978 11 33428.0
1978 12 20273.0
1979 1 4376.0
1979 2 9413.0
1979 3 22566.0
1979 4 23562.0
1979 5 31753.0
1979 6 27710.0
1979 7 25109.0
1979 8 26880.0
1979 9 32636.0
1979 10 28974.0
1979 11 14393.0
1979 12 12194.0
1980 1 8778.0
1980 2 2823.0
1980 3 6374.0
1980 4 18221.0
1980 5 4503.0
1980 6 18446.0
1980 7 32722.0
1980 8 11350.0
1980 9 37857.0
1980 10 36488.0
1980 11 20882.0
1980 12 6602.0
1981 1 6130.0
1981 2 10304.0
1981 3 24254.0
1981 4 16769.0
1981 5 23936.0
1981 6 7815.0
1981 7 24319.0
1981 8 7946.0
1981 9 11596.0
1981 10 5881.0
1981 11 6319.0
1981 12 4206.0
1982 1 2736.0
1982 2 360.0
1982 3 2331.0
1982 4 8001.0
1982 5 14858.0
1982 6 20901.0
1982 7 22494.0
1982 8 3054.0
1982 9 20600.0
1982 10 17812.0
1982 11 12505.5
1982 12 7199.0
1983 1 3226.0
1983 2 3500.0
1983 3 7216.0
1983 4 8869.0
1983 5 25567.0
1983 6 32338.0
1983 7 13659.0
1983 8 34682.0
1983 9 24116.0
1983 10 17860.0
1983 11 15039.0
1983 12 7197.0
1984 1 10438.0
1984 2 9992.0
1984 3 12862.0
1984 4 22323.0
1984 5 13461.0
1984 6 38095.0
1984 7 22936.0
1984 8 14575.0
1984 9 14079.0
1984 10 26980.0
1984 11 29729.0
1984 12 13139.0
1985 1 8454.0
1985 2 17801.0
1985 3 12986.0
1985 4 23031.0
1985 5 69463.0
1985 6 36396.0
1985 7 49276.0
1985 8 43445.0
1985 9 42363.0
1985 10 19498.0
1985 11 20888.0
1985 12 38055.0
1986 1 26743.0
1986 2 20614.0
1986 3 26075.0
1986 4 32735.0
1986 5 17942.0
1986 6 48368.0
1986 7 52967.0
1986 8 61525.0
1986 9 37340.0
1986 10 43229.0
1986 11 43136.0
1986 12 54739.0
1987 1 32411.0
1987 2 19074.0
1987 3 27311.0
1987 4 48820.0
1987 5 47148.0
1987 6 43371.0
1987 7 33420.0
1987 8 25250.0
1987 9 39570.0
1987 10 43865.0
1987 11 44989.0
1987 12 25016.0
1988 1 10192.0
1988 2 15742.0
1988 3 41960.0
1988 4 24513.0
1988 5 49091.0
1988 6 80356.0
1988 7 31288.0
1988 8 42898.0
1988 9 38343.0
1988 10 27573.0
1988 11 27919.0
1988 12 27675.0
1989 1 10748.0
1989 2 10169.0
1989 3 21279.0
1989 4 32491.0
1989 5 29303.0
1989 6 43852.0
1989 7 12144.0
1989 8 55144.0
1989 9 39918.0
1989 10 41515.0
1989 11 73620.0
1989 12 29631.0
1990 1 34663.0
1990 2 18136.0
1990 3 25884.0
1990 4 18542.0
1990 5 13690.0
1990 6 39892.0
1990 7 25770.0
1990 8 35629.0
1990 9 29976.0
1990 10 21304.0
1990 11 12984.0
1990 12 11309.0
1991 1 19081.0
1991 2 5873.0
1991 3 7377.0
1991 4 18949.0
1991 5 14077.0
1991 6 21203.0
1991 7 10497.0
1991 8 13991.0
1991 9 20563.0
1991 10 25508.0
1991 11 28955.0
1991 12 8663.0
1992 1 6625.0
1992 2 14828.0
1992 3 15171.0
1992 4 15653.0
1992 5 18030.0
1992 6 13196.0
1992 7 19692.0
1992 8 7548.0
1992 9 20639.0
1992 10 15757.0
1992 11 10760.0
1992 12 12737.0
1993 1 13977.0
1993 2 3685.0
1993 3 17864.0
1993 4 6017.0
1993 5 10891.0
1993 6 16825.0
1993 7 13740.0
1993 8 15311.0
1993 9 29402.0
1993 10 5199.0
1993 11 25029.0
1993 12 21376.0
1994 1 5937.0
1994 2 2142.0
1994 3 9720.0
1994 4 13619.0
1994 5 25913.0
1994 6 23764.0
1994 7 16162.0
1994 8 22612.0
1994 9 28996.0
1994 10 41416.0
1994 11 23613.0
1994 12 37932.0
1995 1 13518.0
1995 2 7112.0
1995 3 19929.0
1995 4 17954.0
1995 5 22030.0
1995 6 14813.0
1995 7 17869.0
1995 8 30730.0
1995 9 22968.0
1995 10 30168.0
1995 11 24642.0
1995 12 27731.0
1996 1 7011.0
1996 2 16419.0
1996 3 10374.0
1996 4 27130.0
1996 5 11495.0
1996 6 30401.0
1996 7 22542.0
1996 8 51913.0
1996 9 40852.0
1996 10 35449.0
1996 11 47232.0
1996 12 39297.0
1997 1 20451.0
1997 2 12641.0
1997 3 15167.0
1997 4 23101.0
1997 5 30605.0
1997 6 18884.0
1997 7 22601.0
1997 8 32018.0
1997 9 26446.0
1997 10 25283.0
1997 11 22384.0
1997 12 28224.0
1998 1 21278.0
1998 2 19355.0
1998 3 36356.0
1998 4 21753.0
1998 5 28544.0
1998 6 51320.0
1998 7 33740.0
1998 8 63433.0
1998 9 36839.0
1998 10 55895.0
1998 11 24230.0
1998 12 38116.0
1999 1 12635.0
1999 2 9784.0
1999 3 31983.0
1999 4 49143.0
1999 5 76560.0
1999 6 33070.0
1999 7 28307.0
1999 8 39686.0
1999 9 35124.0
1999 10 25008.0
1999 11 32767.0
1999 12 19999.0
2000 1 19381.0
2000 2 10772.0
2000 3 44494.0
2000 4 29661.0
2000 5 27178.0
2000 6 29328.0
2000 7 69972.0
2000 8 52535.0
2000 9 35054.0
2000 10 42102.0
2000 11 21935.0
2000 12 43222.0
2001 1 15725.0
2001 2 34922.0
2001 3 15176.0
2001 4 18119.0
2001 5 33828.0
2001 6 27156.0
2001 7 67144.0
2001 8 17288.0
2001 9 43495.0
2001 10 23290.0
2001 11 20784.0
2001 12 71299.0
2002 1 14080.0
2002 2 21343.0
2002 3 28666.0
2002 4 31127.0
2002 5 37020.0
2002 6 42192.0
2002 7 21721.0
2002 8 50524.0
2002 9 23977.0
2002 10 46418.0
2002 11 33589.0
2002 12 46468.0
2003 1 28007.0
2003 2 19462.0
2003 3 21498.0
2003 4 27655.0
2003 5 30959.0
2003 6 37186.0
2003 7 20827.0
2003 8 47261.0
2003 9 64909.0
2003 10 54381.0
2003 11 24268.0
2003 12 24319.0
2004 1 27689.0
2004 2 18848.0
2004 3 35215.0
2004 4 47124.0
2004 5 17635.0
2004 6 16139.0
2004 7 49378.0
2004 8 61894.0
2004 9 45273.0
2004 10 57570.0
2004 11 60068.0
2004 12 17310.0
2005 1 18840.0
2005 2 20695.0
2005 3 22337.0
2005 4 32936.0
2005 5 54318.0
2005 6 28376.0
2005 7 38951.0
2005 8 29767.0
2005 9 36153.0
2005 10 25529.0
2005 11 67213.0
2005 12 12053.0
2006 1 19090.0
2006 2 16223.0
2006 3 26225.0
2006 4 30600.0
2006 5 19042.0
2006 6 26044.0
2006 7 15587.0
2006 8 44779.0
2006 9 75583.0
2006 10 18516.0
2006 11 25302.0
2006 12 21972.0
2007 1 3951.0
2007 2 6251.0
2007 3 8115.0
2007 4 10557.0
2007 5 20689.0
2007 6 10256.0
2007 7 20826.0
2007 8 53949.0
2007 9 23713.0
2007 10 12676.0
2007 11 11649.0
2007 12 4870.0
2008 1 8090.0
2008 2 15359.0
2008 3 1515.0
2008 4 9148.0
2008 5 18564.0
2008 6 17781.0
2008 7 15981.0
2008 8 22164.0
2008 9 4993.0
2008 10 17824.0
2008 11 4745.0
2008 12 1402.0
2009 1 2132.0
2009 2 2416.0
2009 3 504.0
2009 4 2432.0
2009 5 3998.0
2009 6 5395.0
2009 7 1170.0
2009 8 973.0
2009 9 9194.0
2009 10 6461.0
2009 11 2414.0
2009 12 2170.0
2010 1 3091.0
2010 2 450.0
2010 3 1184.0
2010 4 2897.0
2010 5 1065.0
2010 6 10063.0
2010 7 9998.0
2010 8 6000.0
2010 9 1467.0
2010 10 5015.0
2010 11 7848.0
2010 12 11948.0
2011 1 919.0
2011 2 250.0
2011 3 1349.0
2011 4 1332.0
2011 5 1238.0
2011 6 5487.0
2011 7 14013.0
2011 8 6530.0
2011 9 6134.0
2011 10 2867.0
2011 11 8081.0
2011 12 838.0
2012 1 2902.0
2012 2 3542.0
2012 3 11275.0
2012 4 2816.0
2012 5 21159.0
2012 6 4049.0
2012 7 8674.0
2012 8 5665.0
2012 9 7033.0
2012 10 19737.0
2012 11 28659.0
2012 12 1479.0
2013 1 6000.0
2013 2 3780.0
2013 3 9016.0
2013 4 8913.0
2013 5 13696.0
2013 6 6236.0
2013 7 3759.0
2013 8 11028.0
2013 9 40347.0
2013 10 32648.0
2013 11 16406.0
2013 12 17356.0
2014 1 17276.0
2014 2 333.0
2014 3 1043.0
2014 4 7975.0
2014 5 40779.0
2014 6 21130.0
2014 7 49350.0
2014 8 35937.0
2014 9 44935.0
2014 10 10261.0
2014 11 12842.0
2014 12 6439.0
2015 1 10262.0
2015 2 3927.0
2015 3 15253.0
2015 4 54127.0
2015 5 74755.0
2015 6 132654.0
2015 7 77746.0
2015 8 75161.0
2015 9 101277.0
2015 10 105991.0
2015 11 138547.0
2015 12 79952.0
2016 1 69972.0
2016 2 45695.0
2016 3 57278.0
2016 4 85865.0
2016 5 72071.0
2016 6 66029.0
2016 7 122187.0
2016 8 41657.0
2016 9 57592.0
2016 10 81058.0
2016 11 70001.0
2016 12 32750.0
2017 1 34072.0
2017 2 50315.0
2017 3 34672.0
2017 4 49732.0
2017 5 100178.0
2017 6 117947.0
2017 7 93538.0
2017 8 32471.0
2017 9 80546.0
2017 10 126511.0
2017 11 40619.0
2017 12 47136.0
2018 1 18064.0
2018 2 13996.0
2018 3 54928.0
2018 4 26977.0
2018 5 28942.0
2018 6 18569.0
2018 7 33007.0
2018 8 54772.0
2018 9 29337.0
2018 10 91787.0
2018 11 30434.0
2018 12 14794.0
2019 1 57522.0
2019 2 71920.0
2019 3 105194.0
2019 4 37484.0
2019 5 81671.0
2019 6 15260.0
2019 7 75362.0
2019 8 19255.0
2019 9 71926.0
2019 10 79288.0
2019 11 34686.0
2019 12 11295.0
2020 1 42095.0
2020 2 40592.0
2020 3 7823.0
2020 4 33073.0
2020 5 40193.0
2020 6 31009.0
2020 7 54228.0
2020 8 27167.0
2020 9 42066.0
2020 10 62390.0
2020 11 96861.0
2020 12 120850.0
2021 1 50006.0
2021 2 36924.0
2021 3 43922.0
2021 4 45781.0
2021 5 55256.0
2021 6 64340.0
2021 7 47587.0
2021 8 51019.0
2021 9 51506.0
2021 10 48219.0
2021 11 358959.0
2021 12 59797.0
2022 1 36279.0
2022 2 45564.0
2022 3 84860.0
2022 4 277129.0
2022 5 98339.0
2022 6 35642.0
2022 7 51105.0
2022 8 113534.0
2022 9 47692.0
2022 10 51523.0
2022 11 17011.0
2022 12 75721.0
2023 1 89645.0
2023 2 50050.0
2023 3 67329.0
2023 4 45179.0
2023 5 34765.0
2023 6 53516.0
2023 7 64081.0
2023 8 91051.0
2023 9 24396.0
2023 10 33761.0
2023 11 77198.0
2023 12 42817.0
2024 1 48146.0
2024 2 42488.0
2024 3 29489.0
2024 4 37730.0
2024 5 131095.0
2024 6 70913.0
2024 7 82390.0
2024 8 118824.0
