1960 5 19133.0
1960 6 16867.0
1960 7 13595.0
1960 8 16902.0
1960 9 18523.0
1960 10 19226.0
1960 11 13948.0
1960 12 13688.0
1961 1 7091.0
1961 2 8380.0
1961 3 13992.0
1961 4 16543.0
1961 5 18584.0
1961 6 17565.0
1961 7 14000.0
1961 8 13703.0
1961 9 18075.0
1961 10 16930.0
1961 11 15374.0
1961 12 9405.0
1962 1 7154.0
1962 2 11561.0
1962 3 13992.0
1962 4 17081.0
1962 5 18674.0
1962 6 19914.0
1962 7 19307.0
1962 8 17134.0
1962 9 15710.0
1962 10 18809.0
1962 11 17040.0
1962 12 11900.0
1963 1 5557.0
1963 2 7344.0
1963 3 13484.0
1963 4 24364.0
1963 5 25852.0
1963 6 17757.0
1963 7 18123.0
1963 8 20396.0
1963 9 17013.0
1963 10 19713.0
1963 11 20671.0
1963 12 9022.0
1964 1 12410.0
1964 2 14834.0
1964 3 16607.0
1964 4 19024.0
1964 5 23048.0
1964 6 19309.0
1964 7 31113.0
1964 8 21789.0
1964 9 16080.0
1964 10 19853.0
1964 11 16447.0
1964 12 10141.0
1965 1 5681.0
1965 2 4580.0
1965 3 13475.0
1965 4 18919.0
1965 5 21845.0
1965 6 22236.0
1965 7 19258.0
1965 8 15329.0
1965 9 19258.0
1965 10 21570.0
1965 11 17798.0
1965 12 13066.0
1966 1 4494.0
1966 2 7812.0
1966 3 17664.0
1966 4 20613.0
1966 5 22540.0
1966 6 15190.0
1966 7 10777.0
1966 8 10178.0
1966 9 11890.0
1966 10 10635.0
1966 11 10692.0
1966 12 5285.0
1967 1 4172.0
1967 2 8128.0
1967 3 12941.0
1967 4 19903.0
1967 5 20970.0
1967 6 22034.0
1967 7 22516.0
1967 8 24725.0
1967 9 20450.0
1967 10 21437.0
1967 11 26512.0
1967 12 17307.0
1968 1 17620.23076923077
1968 2 17933.46153846154
1968 3 18246.69230769231
1968 4 18559.923076923078
1968 5 18873.153846153848
1968 6 19186.384615384617
1968 7 19499.615384615383
1968 8 19812.846153846152
1968 9 20126.076923076922
1968 10 20439.30769230769
1968 11 20752.53846153846
1968 12 21065.76923076923
1969 1 21379.0
1969 2 24915.0
1969 3 33812.0
1969 4 52103.0
1969 5 39204.0
1969 6 45089.0
1969 7 38561.0
1969 8 30662.0
1969 9 24659.0
1969 10 48912.0
1969 11 27747.0
1969 12 26494.0
1970 1 9545.0
1970 2 11039.0
1970 3 34759.0
1970 4 45556.0
1970 5 38064.0
1970 6 31868.0
1970 7 27835.0
1970 8 42822.0
1970 9 31339.0
1970 10 39442.0
1970 11 28956.0
1970 12 23439.0
1971 1 18362.0
1971 2 18449.0
1971 3 30609.0
1971 4 60826.0
1971 5 45808.0
1971 6 55085.0
1971 7 46542.0
1971 8 44536.0
1971 9 44913.0
1971 10 47778.0
1971 11 50284.0
1971 12 46272.0
1972 1 13805.0
1972 2 40499.0
1972 3 43541.0
1972 4 47915.0
1972 5 62085.0
1972 6 58142.0
1972 7 44610.0
1972 8 55061.0
1972 9 53741.0
1972 10 55797.0
1972 11 40404.0
1972 12 137660.0
1973 1 21562.0
1973 2 20836.0
1973 3 43390.0
1973 4 49918.0
1973 5 47374.0
1973 6 45578.0
1973 7 36594.0
1973 8 44223.0
1973 9 42324.0
1973 10 34462.0
1973 11 30588.0
1973 12 29330.0
1974 1 19608.0
1974 2 21436.0
1974 3 47269.0
1974 4 55368.0
1974 5 51626.0
1974 6 41894.0
1974 7 39172.0
1974 8 47998.0
1974 9 38220.0
1974 10 49307.0
1974 11 25472.0
1974 12 21196.0
1975 1 8236.0
1975 2 14248.0
1975 3 28323.0
1975 4 38400.0
1975 5 52555.0
1975 6 67042.0
1975 7 59011.0
1975 8 51451.0
1975 9 50360.0
1975 10 55727.0
1975 11 41657.0
1975 12 40373.0
1976 1 65789.0
1976 2 27101.0
1976 3 51844.0
1976 4 80210.0
1976 5 77124.0
1976 6 76506.0
1976 7 68052.0
1976 8 66643.0
1976 9 74305.0
1976 10 76960.0
1976 11 64296.0
1976 12 39408.0
1977 1 18878.0
1977 2 41813.0
1977 3 97654.0
1977 4 111388.0
1977 5 115033.0
1977 6 124788.0
1977 7 106186.0
1977 8 139289.0
1977 9 126846.0
1977 10 116324.0
1977 11 108350.0
1977 12 116241.0
1978 1 29970.0
1978 2 53171.0
1978 3 105520.0
1978 4 152541.0
1978 5 168319.0
1978 6 147319.0
1978 7 116487.0
1978 8 134109.0
1978 9 142272.0
1978 10 140947.0
1978 11 93158.0
1978 12 80882.0
1979 1 28439.0
1979 2 45009.0
1979 3 84399.0
1979 4 139158.0
1979 5 136942.0
1979 6 160682.0
1979 7 116335.0
1979 8 126154.0
1979 9 119355.0
1979 10 116791.0
1979 11 60690.0
1979 12 65887.0
1980 1 49715.0
1980 2 47655.0
1980 3 55654.0
1980 4 57970.0
1980 5 71628.0
1980 6 63967.0
1980 7 93138.0
1980 8 91301.0
1980 9 111487.0
1980 10 109755.0
1980 11 89291.0
1980 12 102677.0
1981 1 31723.0
1981 2 30969.0
1981 3 65721.0
1981 4 86073.0
1981 5 78167.0
1981 6 81402.0
1981 7 78183.0
1981 8 76942.0
1981 9 82652.0
1981 10 83752.0
1981 11 70947.0
1981 12 36989.0
1982 1 13941.0
1982 2 20724.0
1982 3 64160.0
1982 4 59074.0
1982 5 90762.0
1982 6 83174.0
1982 7 77656.0
1982 8 71400.0
1982 9 85219.0
1982 10 136826.0
1982 11 97533.0
1982 12 58240.0
1983 1 50251.0
1983 2 46937.0
1983 3 96349.0
1983 4 116284.0
1983 5 159124.0
1983 6 153430.0
1983 7 108775.0
1983 8 137702.0
1983 9 132383.0
1983 10 149549.0
1983 11 110462.0
1983 12 51113.0
1984 1 54964.0
1984 2 91125.0
1984 3 95427.0
1984 4 160081.0
1984 5 155862.0
1984 6 149535.0
1984 7 132367.0
1984 8 141352.0
1984 9 121014.0
1984 10 133748.0
1984 11 104867.0
1984 12 95675.0
1985 1 40619.0
1985 2 56195.0
1985 3 102387.0
1985 4 148606.0
1985 5 193418.0
1985 6 187884.0
1985 7 166164.0
1985 8 153136.0
1985 9 194779.0
1985 10 178152.0
1985 11 129939.0
1985 12 99303.0
1986 1 77207.0
1986 2 98523.0
1986 3 149275.0
1986 4 213700.0
1986 5 238492.0
1986 6 231486.0
1986 7 227270.0
1986 8 195716.0
1986 9 184377.0
1986 10 239946.0
1986 11 152610.0
1986 12 147292.0
1987 1 94708.0
1987 2 147998.0
1987 3 257884.0
1987 4 267097.0
1987 5 219583.0
1987 6 252441.0
1987 7 232968.0
1987 8 202981.0
1987 9 259330.0
1987 10 259526.0
1987 11 174329.0
1987 12 118090.0
1988 1 64717.0
1988 2 90513.0
1988 3 171715.0
1988 4 236507.0
1988 5 243826.0
1988 6 243010.0
1988 7 174682.0
1988 8 222989.0
1988 9 187320.0
1988 10 185952.0
1988 11 156820.0
1988 12 125616.0
1989 1 76029.0
1989 2 80627.0
1989 3 155129.0
1989 4 192401.0
1989 5 219360.0
1989 6 229675.0
1989 7 187574.0
1989 8 221885.0
1989 9 196138.0
1989 10 200622.0
1989 11 132897.0
1989 12 91154.0
1990 1 136037.0
1990 2 96008.0
1990 3 144856.0
1990 4 182518.0
1990 5 212753.0
1990 6 208382.0
1990 7 204389.0
1990 8 191556.0
1990 9 169753.0
1990 10 174370.0
1990 11 120880.0
1990 12 81447.0
1991 1 78794.0
1991 2 78534.0
1991 3 130176.0
1991 4 195281.0
1991 5 221098.0
1991 6 210727.0
1991 7 199682.0
1991 8 173714.0
1991 9 172098.0
1991 10 189357.0
1991 11 127866.0
1991 12 125358.0
1992 1 106631.0
1992 2 135501.0
1992 3 204240.0
1992 4 248651.0
1992 5 219525.0
1992 6 252864.0
1992 7 246613.0
1992 8 231064.0
1992 9 221467.0
1992 10 242933.0
1992 11 165574.0
1992 12 162783.0
1993 1 96210.0
1993 2 118767.0
1993 3 212258.0
1993 4 252610.0
1993 5 251682.0
1993 6 276581.0
1993 7 258715.0
1993 8 238926.0
1993 9 260109.0
1993 10 276177.0
1993 11 211430.0
1993 12 176903.0
1994 1 93305.0
1994 2 119667.0
1994 3 228111.0
1994 4 264985.0
1994 5 298288.0
1994 6 288314.0
1994 7 261360.0
1994 8 245009.0
1994 9 232880.0
1994 10 258572.0
1994 11 190085.0
1994 12 168561.0
1995 1 76017.0
1995 2 102874.0
1995 3 173814.0
1995 4 200394.0
1995 5 276130.0
1995 6 298185.0
1995 7 269156.0
1995 8 290339.0
1995 9 242895.0
1995 10 278954.0
1995 11 216491.0
1995 12 154411.0
1996 1 103949.0
1996 2 130160.0
1996 3 192338.0
1996 4 287378.0
1996 5 325064.0
1996 6 298258.0
1996 7 298680.0
1996 8 258741.0
1996 9 231521.0
1996 10 267751.0
1996 11 192414.0
1996 12 176523.0
1997 1 93478.0
1997 2 119827.0
1997 3 225117.0
1997 4 266398.0
1997 5 257335.0
1997 6 314251.0
1997 7 258579.0
1997 8 235209.0
1997 9 298587.0
1997 10 324217.0
1997 11 200526.0
1997 12 189682.0
1998 1 115921.0
1998 2 157058.0
1998 3 235051.0
1998 4 329358.0
1998 5 344776.0
1998 6 364188.0
1998 7 355764.0
1998 8 297376.0
1998 9 324753.0
1998 10 328689.0
1998 11 283079.0
1998 12 298800.0
1999 1 115774.0
1999 2 185363.0
1999 3 344578.0
1999 4 386375.0
1999 5 359405.0
1999 6 434196.0
1999 7 354422.0
1999 8 396640.0
1999 9 376235.0
1999 10 370221.0
1999 11 306284.0
1999 12 289389.0
2000 1 176032.0
2000 2 257021.0
2000 3 395870.0
2000 4 455773.0
2000 5 365036.0
2000 6 387952.0
2000 7 318430.0
2000 8 392402.0
2000 9 370803.0
2000 10 415097.0
2000 11 319121.0
2000 12 218858.0
2001 1 201298.0
2001 2 206736.0
2001 3 350181.0
2001 4 364604.0
2001 5 470539.0
2001 6 444478.0
2001 7 406939.0
2001 8 381654.0
2001 9 390457.0
2001 10 427762.0
2001 11 413607.0
2001 12 314284.0
2002 1 298896.0
2002 2 285547.0
2002 3 326990.0
2002 4 469078.0
2002 5 465526.0
2002 6 431907.0
2002 7 467002.0
2002 8 480236.0
2002 9 465227.0
2002 10 524100.0
2002 11 373349.0
2002 12 417914.0
2003 1 289084.0
2003 2 279519.0
2003 3 344812.0
2003 4 531487.0
2003 5 527496.0
2003 6 554002.0
2003 7 586970.0
2003 8 565359.0
2003 9 640880.0
2003 10 619138.0
2003 11 450803.0
2003 12 512682.0
2004 1 241317.0
2004 2 295389.0
2004 3 439418.0
2004 4 615186.0
2004 5 606248.0
2004 6 663245.0
2004 7 560592.0
2004 8 608220.0
2004 9 594784.0
2004 10 634087.0
2004 11 470178.0
2004 12 488280.0
2005 1 253607.0
2005 2 276069.0
2005 3 396726.0
2005 4 643377.0
2005 5 637578.0
2005 6 670724.0
2005 7 587829.0
2005 8 555125.0
2005 9 576066.0
2005 10 621947.0
2005 11 569746.0
2005 12 380750.0
2006 1 291671.0
2006 2 280237.0
2006 3 470269.0
2006 4 434093.0
2006 5 522297.0
2006 6 559223.0
2006 7 482237.0
2006 8 415454.0
2006 9 416388.0
2006 10 353911.0
2006 11 288935.0
2006 12 305710.0
2007 1 191339.0
2007 2 161323.0
2007 3 269144.0
2007 4 314686.0
2007 5 408917.0
2007 6 360650.0
2007 7 347252.0
2007 8 286336.0
2007 9 263377.0
2007 10 285270.0
2007 11 205456.0
2007 12 135869.0
2008 1 108107.0
2008 2 92574.0
2008 3 141302.0
2008 4 189835.0
2008 5 248756.0
2008 6 220748.0
2008 7 209712.0
2008 8 165324.0
2008 9 252942.0
2008 10 170960.0
2008 11 93908.0
2008 12 98016.0
2009 1 119564.0
2009 2 55527.0
2009 3 73998.0
2009 4 108325.0
2009 5 165295.0
2009 6 163776.0
2009 7 168989.0
2009 8 154868.0
2009 9 180311.0
2009 10 187978.0
2009 11 129112.0
2009 12 133646.0
2010 1 51159.0
2010 2 88863.0
2010 3 180992.0
2010 4 180060.0
2010 5 199436.0
2010 6 151936.0
2010 7 149215.0
2010 8 173305.0
2010 9 136395.0
2010 10 180531.0
2010 11 109793.0
2010 12 107619.0
2011 1 62151.0
2011 2 66088.0
2011 3 97109.0
2011 4 141601.0
2011 5 158504.0
2011 6 177081.0
2011 7 162605.0
2011 8 166783.0
2011 9 170694.0
2011 10 163505.0
2011 11 141974.0
2011 12 141369.0
2012 1 114428.0
2012 2 147271.0
2012 3 149571.0
2012 4 217924.0
2012 5 223784.0
2012 6 237637.0
2012 7 282459.0
2012 8 248494.0
2012 9 318496.0
2012 10 387628.0
2012 11 258375.0
2012 12 236614.0
2013 1 129276.0
2013 2 156108.0
2013 3 241038.0
2013 4 292668.0
2013 5 369745.0
2013 6 291392.0
2013 7 413809.0
2013 8 371085.0
2013 9 377657.0
2013 10 364269.0
2013 11 271833.0
2013 12 254857.0
2014 1 144364.0
2014 2 150983.0
2014 3 262236.0
2014 4 259702.0
2014 5 416595.0
2014 6 382985.0
2014 7 384159.0
2014 8 371707.0
2014 9 397462.0
2014 10 390130.0
2014 11 183898.0
2014 12 274620.0
2015 1 199131.0
2015 2 191665.0
2015 3 340051.0
2015 4 296389.0
2015 5 421357.0
2015 6 487842.0
2015 7 419451.0
2015 8 423841.0
2015 9 417459.0
2015 10 460525.0
2015 11 301255.0
2015 12 209698.0
2016 1 166507.0
2016 2 231617.0
2016 3 315074.0
2016 4 396521.0
2016 5 444594.0
2016 6 476107.0
2016 7 439325.0
2016 8 535664.0
2016 9 447671.0
2016 10 471550.0
2016 11 513784.0
2016 12 435420.0
2017 1 259894.0
2017 2 287285.0
2017 3 533289.0
2017 4 439992.0
2017 5 494145.0
2017 6 527745.0
2017 7 371450.0
2017 8 500989.0
2017 9 488214.0
2017 10 508557.0
2017 11 393390.0
2017 12 341295.0
2018 1 336877.0
2018 2 306797.0
2018 3 395225.0
2018 4 418536.0
2018 5 606877.0
2018 6 573451.0
2018 7 555545.0
2018 8 829342.0
2018 9 455987.0
2018 10 549672.0
2018 11 436321.0
2018 12 258091.0
2019 1 315883.0
2019 2 330093.0
2019 3 423734.0
2019 4 606263.0
2019 5 675232.0
2019 6 514825.0
2019 7 519853.0
2019 8 607877.0
2019 9 422272.0
2019 10 631500.0
2019 11 582877.0
2019 12 558533.0
2020 1 354512.0
2020 2 239823.0
2020 3 476307.0
2020 4 447391.0
2020 5 543853.0
2020 6 627927.0
2020 7 649338.0
2020 8 616045.0
2020 9 616975.0
2020 10 622159.0
2020 11 472804.0
2020 12 593924.0
2021 1 486740.0
2021 2 459923.0
2021 3 696904.0
2021 4 687275.0
2021 5 819597.0
2021 6 694606.0
2021 7 620920.0
2021 8 741274.0
2021 9 765533.0
2021 10 806692.0
2021 11 559868.0
2021 12 662443.0
2022 1 368233.0
2022 2 623206.0
2022 3 903789.0
2022 4 748288.0
2022 5 809449.0
2022 6 754952.0
2022 7 570334.0
2022 8 685303.0
2022 9 618022.0
2022 10 638969.0
2022 11 421151.0
2022 12 352528.0
2023 1 352787.0
2023 2 279617.0
2023 3 429349.0
2023 4 545097.0
2023 5 702327.0
2023 6 703442.0
2023 7 544282.0
2023 8 766900.0
2023 9 532398.0
2023 10 498259.0
2023 11 400641.0
2023 12 381961.0
2024 1 509434.0
2024 2 378595.0
2024 3 453326.0
2024 4 534363.0
2024 5 646469.0
2024 6 594980.0
2024 7 581067.0
2024 8 626932.0
