1960 5 3792.0
1960 6 1692.0
1960 7 2453.0
1960 8 2457.0
1960 9 2264.0
1960 10 4671.0
1960 11 3553.0
1960 12 3698.0
1961 1 3155.0
1961 2 3183.0
1961 3 5364.0
1961 4 3633.0
1961 5 3475.0
1961 6 4334.0
1961 7 2558.0
1961 8 2769.0
1961 9 5464.0
1961 10 3940.0
1961 11 4255.0
1961 12 3700.0
1962 1 2565.0
1962 2 6577.0
1962 3 4726.0
1962 4 4414.0
1962 5 4989.0
1962 6 7229.0
1962 7 7868.0
1962 8 4105.0
1962 9 5577.0
1962 10 5787.0
1962 11 5788.0
1962 12 5282.0
1963 1 2514.0
1963 2 1997.0
1963 3 5204.0
1963 4 10164.0
1963 5 10799.0
1963 6 5423.0
1963 7 5706.0
1963 8 6287.0
1963 9 3611.0
1963 10 6982.0
1963 11 6044.0
1963 12 2587.0
1964 1 5627.0
1964 2 6866.0
1964 3 4694.0
1964 4 5190.0
1964 5 8509.0
1964 6 4589.0
1964 7 16844.0
1964 8 8749.0
1964 9 5165.0
1964 10 6675.0
1964 11 6414.0
1964 12 4654.0
1965 1 765.0
1965 2 297.0
1965 3 5881.0
1965 4 6261.0
1965 5 7364.0
1965 6 8863.0
1965 7 5803.0
1965 8 3564.0
1965 9 8884.0
1965 10 10467.0
1965 11 6706.0
1965 12 5968.0
1966 1 1433.0
1966 2 2571.0
1966 3 7549.0
1966 4 6275.0
1966 5 9988.0
1966 6 2732.0
1966 7 2651.0
1966 8 1437.0
1966 9 4319.0
1966 10 2759.0
1966 11 3625.0
1966 12 928.0
1967 1 1435.0
1967 2 4487.0
1967 3 4440.0
1967 4 6909.0
1967 5 7492.0
1967 6 7388.0
1967 7 8178.0
1967 8 11991.0
1967 9 9480.0
1967 10 7279.0
1967 11 15349.0
1967 12 9517.0
1968 1 9732.538461538461
1968 2 9948.076923076924
1968 3 10163.615384615385
1968 4 10379.153846153846
1968 5 10594.692307692309
1968 6 10810.23076923077
1968 7 11025.76923076923
1968 8 11241.307692307691
1968 9 11456.846153846154
1968 10 11672.384615384615
1968 11 11887.923076923078
1968 12 12103.461538461539
1969 1 12319.0
1969 2 10026.0
1969 3 12448.0
1969 4 21620.0
1969 5 11852.0
1969 6 19655.0
1969 7 16727.0
1969 8 10139.0
1969 9 5575.0
1969 10 28421.0
1969 11 12173.0
1969 12 13167.0
1970 1 4702.0
1970 2 3692.0
1970 3 20406.0
1970 4 20952.0
1970 5 16794.0
1970 6 9939.0
1970 7 7865.0
1970 8 22421.0
1970 9 10830.0
1970 10 17520.0
1970 11 12401.0
1970 12 12359.0
1971 1 10714.0
1971 2 5168.0
1971 3 9537.0
1971 4 33134.0
1971 5 16628.0
1971 6 23334.0
1971 7 15971.0
1971 8 14186.0
1971 9 17844.0
1971 10 15248.0
1971 11 25441.0
1971 12 29140.0
1972 1 5207.0
1972 2 24934.0
1972 3 16979.0
1972 4 12149.0
1972 5 15846.0
1972 6 17643.0
1972 7 13656.0
1972 8 13258.0
1972 9 20393.0
1972 10 13307.0
1972 11 8461.0
1972 12 84403.0
1973 1 7702.0
1973 2 3732.0
1973 3 3823.0
1973 4 9920.0
1973 5 4402.0
1973 6 6068.0
1973 7 6061.0
1973 8 13390.0
1973 9 13015.0
1973 10 6398.0
1973 11 4230.0
1973 12 12920.0
1974 1 8459.0
1974 2 3085.0
1974 3 12183.0
1974 4 7488.0
1974 5 3873.0
1974 6 4086.0
1974 7 5558.0
1974 8 11113.0
1974 9 3989.0
1974 10 12745.0
1974 11 603.0
1974 12 5475.0
1975 1 40.0
1975 2 597.0
1975 3 2070.0
1975 4 1135.0
1975 5 10677.0
1975 6 19071.0
1975 7 3534.0
1975 8 6798.0
1975 9 4052.0
1975 10 6074.0
1975 11 5590.0
1975 12 12851.0
1976 1 33903.0
1976 2 1800.0
1976 3 3614.0
1976 4 9162.0
1976 5 10695.0
1976 6 6231.0
1976 7 5103.0
1976 8 2352.0
1976 9 9294.0
1976 10 12172.0
1976 11 13663.0
1976 12 6141.0
1977 1 2604.0
1977 2 5051.0
1977 3 5907.0
1977 4 8977.0
1977 5 13723.0
1977 6 16439.0
1977 7 15621.0
1977 8 36774.0
1977 9 35661.0
1977 10 15811.0
1977 11 27876.0
1977 12 68212.0
1978 1 1884.0
1978 2 7613.0
1978 3 15104.0
1978 4 15556.0
1978 5 29702.0
1978 6 16541.0
1978 7 16562.0
1978 8 19257.0
1978 9 43375.0
1978 10 30408.0
1978 11 12401.0
1978 12 19028.0
1979 1 4554.0
1979 2 7702.0
1979 3 7832.0
1979 4 20902.0
1979 5 13287.0
1979 6 52570.0
1979 7 17514.0
1979 8 35957.0
1979 9 24827.0
1979 10 25698.0
1979 11 12465.0
1979 12 28261.0
1980 1 32917.0
1980 2 21003.0
1980 3 22242.0
1980 4 13862.0
1980 5 15873.0
1980 6 7769.0
1980 7 18700.0
1980 8 15050.0
1980 9 30303.0
1980 10 17730.0
1980 11 21359.0
1980 12 28418.0
1981 1 9379.0
1981 2 3213.0
1981 3 12569.0
1981 4 15579.0
1981 5 8766.0
1981 6 10294.0
1981 7 14785.0
1981 8 21212.0
1981 9 25197.0
1981 10 34941.0
1981 11 28324.0
1981 12 9908.0
1982 1 3075.0
1982 2 5564.0
1982 3 30156.0
1982 4 7635.0
1982 5 20218.0
1982 6 15665.0
1982 7 17889.0
1982 8 13386.0
1982 9 21264.0
1982 10 60839.0
1982 11 38865.0
1982 12 16891.0
1983 1 21235.0
1983 2 10480.0
1983 3 16611.0
1983 4 16992.0
1983 5 34709.0
1983 6 33672.0
1983 7 16247.0
1983 8 31703.0
1983 9 40984.0
1983 10 45930.0
1983 11 36348.0
1983 12 13807.0
1984 1 16407.0
1984 2 31909.0
1984 3 23795.0
1984 4 38394.0
1984 5 26962.0
1984 6 29455.0
1984 7 24513.0
1984 8 41328.0
1984 9 37116.0
1984 10 40177.0
1984 11 28795.0
1984 12 51738.0
1985 1 5491.0
1985 2 10332.0
1985 3 23295.0
1985 4 22698.0
1985 5 33154.0
1985 6 47616.0
1985 7 23991.0
1985 8 22684.0
1985 9 77941.0
1985 10 48743.0
1985 11 41660.0
1985 12 51638.0
1986 1 25147.0
1986 2 34365.0
1986 3 26619.0
1986 4 37955.0
1986 5 54913.0
1986 6 45527.0
1986 7 41616.0
1986 8 37757.0
1986 9 31863.0
1986 10 56823.0
1986 11 48273.0
1986 12 57469.0
1987 1 25660.0
1987 2 32674.0
1987 3 75214.0
1987 4 54118.0
1987 5 25802.0
1987 6 36337.0
1987 7 53788.0
1987 8 32158.0
1987 9 82015.0
1987 10 93760.0
1987 11 56291.0
1987 12 25011.0
1988 1 17382.0
1988 2 17501.0
1988 3 19756.0
1988 4 43243.0
1988 5 37268.0
1988 6 23076.0
1988 7 25930.0
1988 8 37137.0
1988 9 26529.0
1988 10 28428.0
1988 11 28844.0
1988 12 21367.0
1989 1 13721.0
1989 2 14148.0
1989 3 32315.0
1989 4 20984.0
1989 5 24654.0
1989 6 39063.0
1989 7 21266.0
1989 8 34964.0
1989 9 31056.0
1989 10 21791.0
1989 11 7741.0
1989 12 10203.0
1990 1 57060.0
1990 2 2585.0
1990 3 7536.0
1990 4 7976.0
1990 5 16679.0
1990 6 10297.0
1990 7 25348.0
1990 8 11414.0
1990 9 23998.0
1990 10 15292.0
1990 11 19919.0
1990 12 10862.0
1991 1 5034.0
1991 2 3510.0
1991 3 3543.0
1991 4 11128.0
1991 5 15744.0
1991 6 15136.0
1991 7 17367.0
1991 8 10720.0
1991 9 18620.0
1991 10 15362.0
1991 11 21759.0
1991 12 12231.0
1992 1 11548.0
1992 2 9145.0
1992 3 13078.0
1992 4 13218.0
1992 5 10893.0
1992 6 10737.0
1992 7 18456.0
1992 8 16657.0
1992 9 9328.0
1992 10 9487.0
1992 11 8962.0
1992 12 22669.0
1993 1 7423.0
1993 2 8515.0
1993 3 6764.0
1993 4 10415.0
1993 5 10823.0
1993 6 21573.0
1993 7 23543.0
1993 8 12509.0
1993 9 25862.0
1993 10 40373.0
1993 11 11143.0
1993 12 7434.0
1994 1 1844.0
1994 2 3095.0
1994 3 8592.0
1994 4 14351.0
1994 5 22769.0
1994 6 19984.0
1994 7 43306.0
1994 8 20771.0
1994 9 22446.0
1994 10 60994.0
1994 11 21866.0
1994 12 43890.0
1995 1 8655.0
1995 2 10909.0
1995 3 17721.0
1995 4 22128.0
1995 5 33409.0
1995 6 32286.0
1995 7 30910.0
1995 8 30155.0
1995 9 30862.0
1995 10 40684.0
1995 11 20238.0
1995 12 12712.0
1996 1 12333.0
1996 2 5377.0
1996 3 7744.0
1996 4 19005.0
1996 5 26327.0
1996 6 16207.0
1996 7 20625.0
1996 8 27919.0
1996 9 33116.0
1996 10 35315.0
1996 11 42191.0
1996 12 44152.0
1997 1 2155.0
1997 2 6630.0
1997 3 44585.0
1997 4 35852.0
1997 5 9622.0
1997 6 34391.0
1997 7 22889.0
1997 8 24240.0
1997 9 69985.0
1997 10 71989.0
1997 11 29323.0
1997 12 27856.0
1998 1 15027.0
1998 2 15457.0
1998 3 16307.0
1998 4 48609.0
1998 5 30511.0
1998 6 37217.0
1998 7 57080.0
1998 8 27852.0
1998 9 47324.0
1998 10 42739.0
1998 11 49792.0
1998 12 65962.0
1999 1 15023.0
1999 2 24835.0
1999 3 54348.0
1999 4 31815.0
1999 5 32767.0
1999 6 45233.0
1999 7 38082.0
1999 8 55756.0
1999 9 54372.0
1999 10 45857.0
1999 11 47269.0
1999 12 52233.0
2000 1 18725.0
2000 2 52677.0
2000 3 48239.0
2000 4 20111.0
2000 5 30790.0
2000 6 37061.0
2000 7 40487.0
2000 8 52214.0
2000 9 80020.0
2000 10 74378.0
2000 11 81815.0
2000 12 31895.0
2001 1 15734.0
2001 2 24554.0
2001 3 43276.0
2001 4 33106.0
2001 5 50999.0
2001 6 48269.0
2001 7 40534.0
2001 8 35905.0
2001 9 96731.0
2001 10 61965.0
2001 11 120807.0
2001 12 64578.0
2002 1 95614.0
2002 2 65936.0
2002 3 49778.0
2002 4 80567.0
2002 5 38806.0
2002 6 43818.0
2002 7 93964.0
2002 8 124387.0
2002 9 98898.0
2002 10 130555.0
2002 11 62705.0
2002 12 100315.0
2003 1 26247.0
2003 2 52694.0
2003 3 36242.0
2003 4 69204.0
2003 5 54967.0
2003 6 56174.0
2003 7 65516.0
2003 8 86082.0
2003 9 95020.0
2003 10 85176.0
2003 11 77517.0
2003 12 153450.0
2004 1 34581.0
2004 2 42730.0
2004 3 70543.0
2004 4 50185.0
2004 5 88483.0
2004 6 83334.0
2004 7 59947.0
2004 8 93917.0
2004 9 96238.0
2004 10 147100.0
2004 11 73580.0
2004 12 128763.0
2005 1 33749.0
2005 2 41280.0
2005 3 34915.0
2005 4 112617.0
2005 5 32659.0
2005 6 87058.0
2005 7 61787.0
2005 8 48335.0
2005 9 51106.0
2005 10 98800.0
2005 11 168350.0
2005 12 50081.0
2006 1 16792.0
2006 2 25318.0
2006 3 66952.0
2006 4 22882.0
2006 5 42236.0
2006 6 93074.0
2006 7 125281.0
2006 8 40414.0
2006 9 77008.0
2006 10 15328.0
2006 11 36291.0
2006 12 79315.0
2007 1 32731.0
2007 2 11194.0
2007 3 34180.0
2007 4 23594.0
2007 5 21409.0
2007 6 45869.0
2007 7 76731.0
2007 8 20726.0
2007 9 27743.0
2007 10 34400.0
2007 11 34636.0
2007 12 20785.0
2008 1 9283.0
2008 2 2538.0
2008 3 25140.0
2008 4 7037.0
2008 5 17582.0
2008 6 29219.0
2008 7 23770.0
2008 8 17732.0
2008 9 64779.0
2008 10 20347.0
2008 11 5261.0
2008 12 22921.0
2009 1 81019.0
2009 2 4955.0
2009 3 6584.0
2009 4 6464.0
2009 5 8136.0
2009 6 10991.0
2009 7 12118.0
2009 8 8688.0
2009 9 12243.0
2009 10 31225.0
2009 11 12397.0
2009 12 29479.0
2010 1 694.0
2010 2 9482.0
2010 3 31287.0
2010 4 14351.0
2010 5 50407.0
2010 6 10039.0
2010 7 7115.0
2010 8 32994.0
2010 9 10032.0
2010 10 60796.0
2010 11 11437.0
2010 12 29011.0
2011 1 2925.0
2011 2 2659.0
2011 3 9899.0
2011 4 11726.0
2011 5 15584.0
2011 6 16755.0
2011 7 20953.0
2011 8 8441.0
2011 9 14766.0
2011 10 33283.0
2011 11 33256.0
2011 12 45587.0
2012 1 40748.0
2012 2 52253.0
2012 3 13153.0
2012 4 39554.0
2012 5 22286.0
2012 6 21916.0
2012 7 77598.0
2012 8 25863.0
2012 9 122177.0
2012 10 173237.0
2012 11 84564.0
2012 12 84412.0
2013 1 7998.0
2013 2 18984.0
2013 3 76083.0
2013 4 63511.0
2013 5 71613.0
2013 6 20742.0
2013 7 120845.0
2013 8 91355.0
2013 9 96548.0
2013 10 92012.0
2013 11 61113.0
2013 12 83030.0
2014 1 34574.0
2014 2 19007.0
2014 3 81021.0
2014 4 14822.0
2014 5 134420.0
2014 6 107986.0
2014 7 82790.0
2014 8 100467.0
2014 9 129195.0
2014 10 87406.0
2014 11 9543.0
2014 12 75172.0
2015 1 29093.0
2015 2 33993.0
2015 3 118637.0
2015 4 38729.0
2015 5 128052.0
2015 6 100809.0
2015 7 65104.0
2015 8 90929.0
2015 9 125528.0
2015 10 164678.0
2015 11 108246.0
2015 12 11534.0
2016 1 29625.0
2016 2 38575.0
2016 3 56948.0
2016 4 49343.0
2016 5 59392.0
2016 6 95400.0
2016 7 126472.0
2016 8 141869.0
2016 9 107603.0
2016 10 156010.0
2016 11 253545.0
2016 12 188281.0
2017 1 104137.0
2017 2 95861.0
2017 3 216593.0
2017 4 84257.0
2017 5 94113.0
2017 6 105745.0
2017 7 28714.0
2017 8 109671.0
2017 9 124595.0
2017 10 99304.0
2017 11 126192.0
2017 12 113873.0
2018 1 156938.0
2018 2 119078.0
2018 3 146185.0
2018 4 64026.0
2018 5 148025.0
2018 6 172784.0
2018 7 153263.0
2018 8 413045.0
2018 9 121319.0
2018 10 186226.0
2018 11 147307.0
2018 12 64797.0
2019 1 145539.0
2019 2 157941.0
2019 3 172892.0
2019 4 238995.0
2019 5 201103.0
2019 6 69435.0
2019 7 104168.0
2019 8 243276.0
2019 9 66331.0
2019 10 223225.0
2019 11 275697.0
2019 12 286671.0
2020 1 153002.0
2020 2 44795.0
2020 3 216207.0
2020 4 103864.0
2020 5 224105.0
2020 6 204470.0
2020 7 178368.0
2020 8 158276.0
2020 9 126473.0
2020 10 148089.0
2020 11 126475.0
2020 12 228181.0
2021 1 194786.0
2021 2 155051.0
2021 3 179731.0
2021 4 138202.0
2021 5 271363.0
2021 6 175078.0
2021 7 158942.0
2021 8 269287.0
2021 9 329173.0
2021 10 362515.0
2021 11 128687.0
2021 12 343765.0
2022 1 100828.0
2022 2 338501.0
2022 3 472116.0
2022 4 284734.0
2022 5 320163.0
2022 6 280712.0
2022 7 203486.0
2022 8 266667.0
2022 9 259066.0
2022 10 263685.0
2022 11 167562.0
2022 12 173054.0
2023 1 189950.0
2023 2 98720.0
2023 3 153565.0
2023 4 202916.0
2023 5 253942.0
2023 6 253311.0
2023 7 135907.0
2023 8 344387.0
2023 9 123492.0
2023 10 91763.0
2023 11 101931.0
2023 12 162612.0
2024 1 258682.0
2024 2 73662.0
2024 3 117293.0
2024 4 49480.0
2024 5 138225.0
2024 6 174451.0
2024 7 137964.0
2024 8 148937.0
