1960 5 15344.0
1960 6 15175.0
1960 7 11142.0
1960 8 14445.0
1960 9 16259.0
1960 10 14555.0
1960 11 10395.0
1960 12 9989.0
1961 1 3936.0
1961 2 5197.0
1961 3 8629.0
1961 4 12911.0
1961 5 15109.0
1961 6 13231.0
1961 7 11442.0
1961 8 10933.0
1961 9 12611.0
1961 10 12990.0
1961 11 11119.0
1961 12 5705.0
1962 1 4589.0
1962 2 4984.0
1962 3 9266.0
1962 4 12667.0
1962 5 13684.0
1962 6 12685.0
1962 7 11439.0
1962 8 13029.0
1962 9 10133.0
1962 10 13022.0
1962 11 11252.0
1962 12 6617.0
1963 1 3042.0
1963 2 5346.0
1963 3 8280.0
1963 4 14200.0
1963 5 15052.0
1963 6 12333.0
1963 7 12417.0
1963 8 14109.0
1963 9 13402.0
1963 10 12731.0
1963 11 14627.0
1963 12 6435.0
1964 1 6784.0
1964 2 7968.0
1964 3 11913.0
1964 4 13833.0
1964 5 14539.0
1964 6 14720.0
1964 7 14269.0
1964 8 13040.0
1964 9 10915.0
1964 10 13178.0
1964 11 10033.0
1964 12 5487.0
1965 1 4916.0
1965 2 4283.0
1965 3 7594.0
1965 4 12659.0
1965 5 14481.0
1965 6 13373.0
1965 7 13456.0
1965 8 11764.0
1965 9 10375.0
1965 10 11103.0
1965 11 11092.0
1965 12 7099.0
1966 1 3061.0
1966 2 5241.0
1966 3 10114.0
1966 4 14339.0
1966 5 12552.0
1966 6 12457.0
1966 7 8126.0
1966 8 8741.0
1966 9 7571.0
1966 10 7876.0
1966 11 7066.0
1966 12 4357.0
1967 1 2736.0
1967 2 3642.0
1967 3 8501.0
1967 4 12993.0
1967 5 13479.0
1967 6 14645.0
1967 7 14338.0
1967 8 12733.0
1967 9 10970.0
1967 10 14158.0
1967 11 11162.0
1967 12 7789.0
1968 1 7886.7692307692305
1968 2 7984.538461538462
1968 3 8082.307692307692
1968 4 8180.076923076923
1968 5 8277.846153846154
1968 6 8375.615384615385
1968 7 8473.384615384615
1968 8 8571.153846153846
1968 9 8668.923076923076
1968 10 8766.692307692309
1968 11 8864.461538461539
1968 12 8962.23076923077
1969 1 9060.0
1969 2 14889.0
1969 3 21364.0
1969 4 30483.0
1969 5 27352.0
1969 6 25433.0
1969 7 21834.0
1969 8 20524.0
1969 9 19084.0
1969 10 20491.0
1969 11 15575.0
1969 12 13328.0
1970 1 4843.0
1970 2 7347.0
1970 3 14354.0
1970 4 24604.0
1970 5 21270.0
1970 6 21929.0
1970 7 19970.0
1970 8 20401.0
1970 9 20509.0
1970 10 21922.0
1970 11 16555.0
1970 12 11079.0
1971 1 7648.0
1971 2 13281.0
1971 3 21072.0
1971 4 27692.0
1971 5 29180.0
1971 6 31751.0
1971 7 30571.0
1971 8 30350.0
1971 9 27069.0
1971 10 32530.0
1971 11 24842.0
1971 12 17132.0
1972 1 8598.0
1972 2 15565.0
1972 3 26563.0
1972 4 35767.0
1972 5 46239.0
1972 6 40498.0
1972 7 30954.0
1972 8 41804.0
1972 9 33347.0
1972 10 42490.0
1972 11 31943.0
1972 12 53257.0
1973 1 13860.0
1973 2 17104.0
1973 3 39567.0
1973 4 39997.0
1973 5 42972.0
1973 6 39510.0
1973 7 30534.0
1973 8 30834.0
1973 9 29309.0
1973 10 28065.0
1973 11 26359.0
1973 12 16409.0
1974 1 11149.0
1974 2 18351.0
1974 3 35086.0
1974 4 47880.0
1974 5 47753.0
1974 6 37808.0
1974 7 33614.0
1974 8 36885.0
1974 9 34231.0
1974 10 36563.0
1974 11 24868.0
1974 12 15721.0
1975 1 8196.0
1975 2 13652.0
1975 3 26253.0
1975 4 37265.0
1975 5 41878.0
1975 6 47971.0
1975 7 55477.0
1975 8 44652.0
1975 9 46308.0
1975 10 49653.0
1975 11 36067.0
1975 12 27522.0
1976 1 31886.0
1976 2 25301.0
1976 3 48230.0
1976 4 71048.0
1976 5 66428.0
1976 6 70276.0
1976 7 62949.0
1976 8 64291.0
1976 9 65012.0
1976 10 64787.0
1976 11 50633.0
1976 12 33268.0
1977 1 16274.0
1977 2 36762.0
1977 3 91747.0
1977 4 102411.0
1977 5 101310.0
1977 6 108350.0
1977 7 90565.0
1977 8 102515.0
1977 9 91185.0
1977 10 100513.0
1977 11 80474.0
1977 12 48029.0
1978 1 28086.0
1978 2 45558.0
1978 3 90417.0
1978 4 136985.0
1978 5 138618.0
1978 6 130778.0
1978 7 99925.0
1978 8 114852.0
1978 9 98897.0
1978 10 110539.0
1978 11 80757.0
1978 12 61853.0
1979 1 23885.0
1979 2 37307.0
1979 3 76567.0
1979 4 118256.0
1979 5 123654.0
1979 6 108112.0
1979 7 98821.0
1979 8 90197.0
1979 9 94529.0
1979 10 91093.0
1979 11 48225.0
1979 12 37626.0
1980 1 16798.0
1980 2 26652.0
1980 3 33412.0
1980 4 44107.0
1980 5 55755.0
1980 6 56198.0
1980 7 74439.0
1980 8 76250.0
1980 9 81184.0
1980 10 92024.0
1980 11 67933.0
1980 12 74259.0
1981 1 22343.0
1981 2 27756.0
1981 3 53152.0
1981 4 70495.0
1981 5 69401.0
1981 6 71109.0
1981 7 63398.0
1981 8 55730.0
1981 9 57456.0
1981 10 48811.0
1981 11 42622.0
1981 12 27081.0
1982 1 10866.0
1982 2 15160.0
1982 3 34004.0
1982 4 51438.0
1982 5 70544.0
1982 6 67509.0
1982 7 59768.0
1982 8 58014.0
1982 9 63954.0
1982 10 75987.0
1982 11 58667.5
1982 12 41348.0
1983 1 29016.0
1983 2 36456.0
1983 3 79738.0
1983 4 99292.0
1983 5 124415.0
1983 6 119758.0
1983 7 92528.0
1983 8 105999.0
1983 9 91400.0
1983 10 103620.0
1983 11 74114.0
1983 12 37306.0
1984 1 38557.0
1984 2 59216.0
1984 3 71632.0
1984 4 121687.0
1984 5 128899.0
1984 6 120081.0
1984 7 107853.0
1984 8 100023.0
1984 9 83898.0
1984 10 93570.0
1984 11 76071.0
1984 12 43938.0
1985 1 35128.0
1985 2 45863.0
1985 3 79092.0
1985 4 125908.0
1985 5 160264.0
1985 6 140268.0
1985 7 142172.0
1985 8 130452.0
1985 9 116838.0
1985 10 129409.0
1985 11 88280.0
1985 12 47665.0
1986 1 52060.0
1986 2 64159.0
1986 3 122655.0
1986 4 175744.0
1986 5 183581.0
1986 6 185959.0
1986 7 185654.0
1986 8 157960.0
1986 9 152514.0
1986 10 183121.0
1986 11 104338.0
1986 12 89823.0
1987 1 69049.0
1987 2 115324.0
1987 3 182669.0
1987 4 212979.0
1987 5 193781.0
1987 6 216104.0
1987 7 179181.0
1987 8 170822.0
1987 9 177314.0
1987 10 165767.0
1987 11 118036.0
1987 12 93077.0
1988 1 47334.0
1988 2 73012.0
1988 3 151960.0
1988 4 193262.0
1988 5 206559.0
1988 6 219934.0
1988 7 148753.0
1988 8 185852.0
1988 9 160790.0
1988 10 157524.0
1988 11 127975.0
1988 12 104249.0
1989 1 62308.0
1989 2 66479.0
1989 3 122814.0
1989 4 171418.0
1989 5 194706.0
1989 6 190612.0
1989 7 166307.0
1989 8 186920.0
1989 9 165082.0
1989 10 178830.0
1989 11 125156.0
1989 12 80951.0
1990 1 78977.0
1990 2 93423.0
1990 3 137320.0
1990 4 174542.0
1990 5 196074.0
1990 6 198085.0
1990 7 179041.0
1990 8 180142.0
1990 9 145755.0
1990 10 159078.0
1990 11 100961.0
1990 12 70585.0
1991 1 73760.0
1991 2 75024.0
1991 3 126633.0
1991 4 184153.0
1991 5 205354.0
1991 6 195591.0
1991 7 182315.0
1991 8 162994.0
1991 9 153478.0
1991 10 173995.0
1991 11 106107.0
1991 12 113127.0
1992 1 95083.0
1992 2 126356.0
1992 3 191162.0
1992 4 235433.0
1992 5 208632.0
1992 6 242127.0
1992 7 228157.0
1992 8 214407.0
1992 9 212139.0
1992 10 233446.0
1992 11 156612.0
1992 12 140114.0
1993 1 88787.0
1993 2 110252.0
1993 3 205494.0
1993 4 242195.0
1993 5 240859.0
1993 6 255008.0
1993 7 235172.0
1993 8 226417.0
1993 9 234247.0
1993 10 235804.0
1993 11 200287.0
1993 12 169469.0
1994 1 91461.0
1994 2 116572.0
1994 3 219519.0
1994 4 250634.0
1994 5 275519.0
1994 6 268330.0
1994 7 218054.0
1994 8 224238.0
1994 9 210434.0
1994 10 197578.0
1994 11 168219.0
1994 12 124671.0
1995 1 67362.0
1995 2 91965.0
1995 3 156093.0
1995 4 178266.0
1995 5 242721.0
1995 6 265899.0
1995 7 238246.0
1995 8 260184.0
1995 9 212033.0
1995 10 238270.0
1995 11 196253.0
1995 12 141699.0
1996 1 91616.0
1996 2 124783.0
1996 3 184594.0
1996 4 268373.0
1996 5 298737.0
1996 6 282051.0
1996 7 278055.0
1996 8 230822.0
1996 9 198405.0
1996 10 232436.0
1996 11 150223.0
1996 12 132371.0
1997 1 91323.0
1997 2 113197.0
1997 3 180532.0
1997 4 230546.0
1997 5 247713.0
1997 6 279860.0
1997 7 235690.0
1997 8 210969.0
1997 9 228602.0
1997 10 252228.0
1997 11 171203.0
1997 12 161826.0
1998 1 100894.0
1998 2 141601.0
1998 3 218744.0
1998 4 280749.0
1998 5 314265.0
1998 6 326971.0
1998 7 298684.0
1998 8 269524.0
1998 9 277429.0
1998 10 285950.0
1998 11 233287.0
1998 12 232838.0
1999 1 100751.0
1999 2 160528.0
1999 3 290230.0
1999 4 354560.0
1999 5 326638.0
1999 6 388963.0
1999 7 316340.0
1999 8 340884.0
1999 9 321863.0
1999 10 324364.0
1999 11 259015.0
1999 12 237156.0
2000 1 157307.0
2000 2 204344.0
2000 3 347631.0
2000 4 435662.0
2000 5 334246.0
2000 6 350891.0
2000 7 277943.0
2000 8 340188.0
2000 9 290783.0
2000 10 340719.0
2000 11 237306.0
2000 12 186963.0
2001 1 185564.0
2001 2 182182.0
2001 3 306905.0
2001 4 331498.0
2001 5 419540.0
2001 6 396209.0
2001 7 366405.0
2001 8 345749.0
2001 9 293726.0
2001 10 365797.0
2001 11 292800.0
2001 12 249706.0
2002 1 203282.0
2002 2 219611.0
2002 3 277212.0
2002 4 388511.0
2002 5 426720.0
2002 6 388089.0
2002 7 373038.0
2002 8 355849.0
2002 9 366329.0
2002 10 393545.0
2002 11 310644.0
2002 12 317599.0
2003 1 262837.0
2003 2 226825.0
2003 3 308570.0
2003 4 462283.0
2003 5 472529.0
2003 6 497828.0
2003 7 521454.0
2003 8 479277.0
2003 9 545860.0
2003 10 533962.0
2003 11 373286.0
2003 12 359232.0
2004 1 206736.0
2004 2 252659.0
2004 3 368875.0
2004 4 565001.0
2004 5 517765.0
2004 6 579911.0
2004 7 500645.0
2004 8 514303.0
2004 9 498546.0
2004 10 486987.0
2004 11 396598.0
2004 12 359517.0
2005 1 219858.0
2005 2 234789.0
2005 3 361811.0
2005 4 530760.0
2005 5 604919.0
2005 6 583666.0
2005 7 526042.0
2005 8 506790.0
2005 9 524960.0
2005 10 523147.0
2005 11 401396.0
2005 12 330669.0
2006 1 274879.0
2006 2 254919.0
2006 3 403317.0
2006 4 411211.0
2006 5 480061.0
2006 6 466149.0
2006 7 356956.0
2006 8 375040.0
2006 9 339380.0
2006 10 338583.0
2006 11 252644.0
2006 12 226395.0
2007 1 158608.0
2007 2 150129.0
2007 3 234964.0
2007 4 291092.0
2007 5 387508.0
2007 6 314781.0
2007 7 270521.0
2007 8 265610.0
2007 9 235634.0
2007 10 250870.0
2007 11 170820.0
2007 12 115084.0
2008 1 98824.0
2008 2 90036.0
2008 3 116162.0
2008 4 182798.0
2008 5 231174.0
2008 6 191529.0
2008 7 185942.0
2008 8 147592.0
2008 9 188163.0
2008 10 150613.0
2008 11 88647.0
2008 12 75095.0
2009 1 38545.0
2009 2 50572.0
2009 3 67414.0
2009 4 101861.0
2009 5 157159.0
2009 6 152785.0
2009 7 156871.0
2009 8 146180.0
2009 9 168068.0
2009 10 156753.0
2009 11 116715.0
2009 12 104167.0
2010 1 50465.0
2010 2 79381.0
2010 3 149705.0
2010 4 165709.0
2010 5 149029.0
2010 6 141897.0
2010 7 142100.0
2010 8 140311.0
2010 9 126363.0
2010 10 119735.0
2010 11 98356.0
2010 12 78608.0
2011 1 59226.0
2011 2 63429.0
2011 3 87210.0
2011 4 129875.0
2011 5 142920.0
2011 6 160326.0
2011 7 141652.0
2011 8 158342.0
2011 9 155928.0
2011 10 130222.0
2011 11 108718.0
2011 12 95782.0
2012 1 73680.0
2012 2 95018.0
2012 3 136418.0
2012 4 178370.0
2012 5 201498.0
2012 6 215721.0
2012 7 204861.0
2012 8 222631.0
2012 9 196319.0
2012 10 214391.0
2012 11 173811.0
2012 12 152202.0
2013 1 121278.0
2013 2 137124.0
2013 3 164955.0
2013 4 229157.0
2013 5 298132.0
2013 6 270650.0
2013 7 292964.0
2013 8 279730.0
2013 9 281109.0
2013 10 272257.0
2013 11 210720.0
2013 12 171827.0
2014 1 109790.0
2014 2 131976.0
2014 3 181215.0
2014 4 244880.0
2014 5 282175.0
2014 6 274999.0
2014 7 301369.0
2014 8 271240.0
2014 9 268267.0
2014 10 302724.0
2014 11 174355.0
2014 12 199448.0
2015 1 170038.0
2015 2 157672.0
2015 3 221414.0
2015 4 257660.0
2015 5 293305.0
2015 6 387033.0
2015 7 354347.0
2015 8 332912.0
2015 9 291931.0
2015 10 295847.0
2015 11 193009.0
2015 12 198164.0
2016 1 136882.0
2016 2 193042.0
2016 3 258126.0
2016 4 347178.0
2016 5 385202.0
2016 6 380707.0
2016 7 312853.0
2016 8 393795.0
2016 9 340068.0
2016 10 315540.0
2016 11 260239.0
2016 12 247139.0
2017 1 155757.0
2017 2 191424.0
2017 3 316696.0
2017 4 355735.0
2017 5 400032.0
2017 6 422000.0
2017 7 342736.0
2017 8 391318.0
2017 9 363619.0
2017 10 409253.0
2017 11 267198.0
2017 12 227422.0
2018 1 179939.0
2018 2 187719.0
2018 3 249040.0
2018 4 354510.0
2018 5 458852.0
2018 6 400667.0
2018 7 402282.0
2018 8 416297.0
2018 9 334668.0
2018 10 363446.0
2018 11 289014.0
2018 12 193294.0
2019 1 170344.0
2019 2 172152.0
2019 3 250842.0
2019 4 367268.0
2019 5 474129.0
2019 6 445390.0
2019 7 415685.0
2019 8 364601.0
2019 9 355941.0
2019 10 408275.0
2019 11 307180.0
2019 12 271862.0
2020 1 201510.0
2020 2 195028.0
2020 3 260100.0
2020 4 343527.0
2020 5 319748.0
2020 6 423457.0
2020 7 470970.0
2020 8 457769.0
2020 9 490502.0
2020 10 474070.0
2020 11 346329.0
2020 12 365743.0
2021 1 291954.0
2021 2 304872.0
2021 3 517173.0
2021 4 549073.0
2021 5 548234.0
2021 6 519528.0
2021 7 461978.0
2021 8 471987.0
2021 9 436360.0
2021 10 444177.0
2021 11 431181.0
2021 12 318678.0
2022 1 267405.0
2022 2 284705.0
2022 3 431673.0
2022 4 463554.0
2022 5 489286.0
2022 6 474240.0
2022 7 366848.0
2022 8 418636.0
2022 9 358956.0
2022 10 375284.0
2022 11 253589.0
2022 12 179474.0
2023 1 162837.0
2023 2 180897.0
2023 3 275784.0
2023 4 342181.0
2023 5 448385.0
2023 6 450131.0
2023 7 408375.0
2023 8 422513.0
2023 9 408906.0
2023 10 406496.0
2023 11 298710.0
2023 12 219349.0
2024 1 250752.0
2024 2 304933.0
2024 3 336033.0
2024 4 484883.0
2024 5 508244.0
2024 6 420529.0
2024 7 443103.0
2024 8 477995.0
