1960 5 3108.0
1960 6 1107.0
1960 7 1698.0
1960 8 1387.0
1960 9 1694.0
1960 10 3445.0
1960 11 3012.0
1960 12 3143.0
1961 1 2724.0
1961 2 2962.0
1961 3 4751.0
1961 4 2443.0
1961 5 2628.0
1961 6 3481.0
1961 7 1866.0
1961 8 2147.0
1961 9 4720.0
1961 10 2993.0
1961 11 3346.0
1961 12 3514.0
1962 1 1893.0
1962 2 6248.0
1962 3 3612.0
1962 4 3432.0
1962 5 4154.0
1962 6 6395.0
1962 7 6497.0
1962 8 3464.0
1962 9 4826.0
1962 10 4642.0
1962 11 5129.0
1962 12 4668.0
1963 1 2250.0
1963 2 1827.0
1963 3 4430.0
1963 4 8983.0
1963 5 9775.0
1963 6 4700.0
1963 7 4445.0
1963 8 5661.0
1963 9 2838.0
1963 10 6474.0
1963 11 5555.0
1963 12 1587.0
1964 1 4647.0
1964 2 6716.0
1964 3 4328.0
1964 4 4515.0
1964 5 7556.0
1964 6 3551.0
1964 7 16172.0
1964 8 7703.0
1964 9 4523.0
1964 10 5771.0
1964 11 5650.0
1964 12 4110.0
1965 1 571.0
1965 2 279.0
1965 3 5535.0
1965 4 5991.0
1965 5 6407.0
1965 6 7582.0
1965 7 5120.0
1965 8 3054.0
1965 9 8074.0
1965 10 9553.0
1965 11 5726.0
1965 12 5669.0
1966 1 1215.0
1966 2 2248.0
1966 3 6868.0
1966 4 5577.0
1966 5 9238.0
1966 6 2472.0
1966 7 2241.0
1966 8 1168.0
1966 9 4069.0
1966 10 2124.0
1966 11 3150.0
1966 12 626.0
1967 1 1240.0
1967 2 4212.0
1967 3 4142.0
1967 4 6438.0
1967 5 6854.0
1967 6 6602.0
1967 7 7795.0
1967 8 11468.0
1967 9 9068.0
1967 10 5696.0
1967 11 14637.0
1967 12 8565.0
1968 1 8813.615384615385
1968 2 9062.23076923077
1968 3 9310.846153846154
1968 4 9559.461538461539
1968 5 9808.076923076924
1968 6 10056.692307692309
1968 7 10305.307692307691
1968 8 10553.923076923076
1968 9 10802.538461538461
1968 10 11051.153846153846
1968 11 11299.76923076923
1968 12 11548.384615384615
1969 1 11797.0
1969 2 9578.0
1969 3 12250.0
1969 4 20886.0
1969 5 11281.0
1969 6 18740.0
1969 7 15925.0
1969 8 9076.0
1969 9 3542.0
1969 10 27659.0
1969 11 11543.0
1969 12 12828.0
1970 1 4530.0
1970 2 3457.0
1970 3 19238.0
1970 4 20042.0
1970 5 15594.0
1970 6 9040.0
1970 7 7242.0
1970 8 21710.0
1970 9 9972.0
1970 10 16330.0
1970 11 11437.0
1970 12 10996.0
1971 1 10714.0
1971 2 4878.0
1971 3 8486.0
1971 4 31786.0
1971 5 14927.0
1971 6 22715.0
1971 7 14770.0
1971 8 13409.0
1971 9 17021.0
1971 10 13784.0
1971 11 23430.0
1971 12 28373.0
1972 1 4473.0
1972 2 23972.0
1972 3 15725.0
1972 4 10950.0
1972 5 14832.0
1972 6 15252.0
1972 7 12757.0
1972 8 12193.0
1972 9 18644.0
1972 10 11726.0
1972 11 6041.0
1972 12 82243.0
1973 1 7075.0
1973 2 2805.0
1973 3 3215.0
1973 4 9353.0
1973 5 2634.0
1973 6 4234.0
1973 7 4924.0
1973 8 11817.0
1973 9 11569.0
1973 10 5389.0
1973 11 3231.0
1973 12 11712.0
1974 1 8397.0
1974 2 2904.0
1974 3 10328.0
1974 4 5915.0
1974 5 3124.0
1974 6 3592.0
1974 7 5123.0
1974 8 10860.0
1974 9 3790.0
1974 10 11979.0
1974 11 8443.0
1974 12 4907.0
1975 1 2665.5
1975 2 424.0
1975 3 869.0
1975 4 780.0
1975 5 8881.0
1975 6 18151.0
1975 7 2302.0
1975 8 4726.0
1975 9 1745.0
1975 10 5257.0
1975 11 4972.0
1975 12 11515.0
1976 1 30706.0
1976 2 1000.0
1976 3 2237.0
1976 4 6689.0
1976 5 8619.0
1976 6 3947.0
1976 7 1375.0
1976 8 737.0
1976 9 6582.0
1976 10 9031.0
1976 11 10671.0
1976 12 3347.0
1977 1 1800.0
1977 2 3640.0
1977 3 3968.0
1977 4 6201.0
1977 5 11166.0
1977 6 14124.0
1977 7 12610.0
1977 8 33907.0
1977 9 30818.0
1977 10 10803.0
1977 11 25447.0
1977 12 64242.0
1978 1 608.0
1978 2 4521.0
1978 3 10499.0
1978 4 11399.0
1978 5 23883.0
1978 6 11710.0
1978 7 8084.0
1978 8 14532.0
1978 9 36921.0
1978 10 23448.0
1978 11 7362.0
1978 12 13393.0
1979 1 2110.0
1979 2 5725.0
1979 3 5450.0
1979 4 16022.0
1979 5 8400.0
1979 6 46485.0
1979 7 13033.0
1979 8 26319.0
1979 9 13124.0
1979 10 16101.0
1979 11 7605.0
1979 12 21186.0
1980 1 27754.0
1980 2 19330.0
1980 3 20913.0
1980 4 10329.0
1980 5 8241.0
1980 6 1560.0
1980 7 10953.0
1980 8 5835.0
1980 9 21279.0
1980 10 6540.0
1980 11 13363.0
1980 12 21768.0
1981 1 7920.0
1981 2 902.0
1981 3 6645.0
1981 4 7996.0
1981 5 3440.0
1981 6 4483.0
1981 7 6002.0
1981 8 13171.0
1981 9 19110.0
1981 10 25930.0
1981 11 22838.0
1981 12 7447.0
1982 1 5660.5
1982 2 3874.0
1982 3 27687.0
1982 4 4344.0
1982 5 16612.0
1982 6 7348.0
1982 7 11884.0
1982 8 7455.0
1982 9 10793.0
1982 10 52523.0
1982 11 29477.5
1982 12 6432.0
1983 1 18082.0
1983 2 8163.0
1983 3 6281.0
1983 4 8529.0
1983 5 28099.0
1983 6 25763.0
1983 7 6456.0
1983 8 21569.0
1983 9 33790.0
1983 10 38319.0
1983 11 29734.0
1983 12 10419.0
1984 1 12157.0
1984 2 28617.0
1984 3 17468.0
1984 4 32498.0
1984 5 19210.0
1984 6 19314.0
1984 7 18123.0
1984 8 32815.0
1984 9 29638.0
1984 10 32866.0
1984 11 24644.0
1984 12 48502.0
1985 1 3550.0
1985 2 7795.0
1985 3 20115.0
1985 4 18159.0
1985 5 26893.0
1985 6 42826.0
1985 7 20480.0
1985 8 17141.0
1985 9 73799.0
1985 10 41618.0
1985 11 35462.0
1985 12 47554.0
1986 1 22336.0
1986 2 31701.0
1986 3 22213.0
1986 4 32376.0
1986 5 48022.0
1986 6 36654.0
1986 7 35573.0
1986 8 33125.0
1986 9 25042.0
1986 10 50397.0
1986 11 44517.0
1986 12 54162.0
1987 1 24821.0
1987 2 29968.0
1987 3 71598.0
1987 4 45906.0
1987 5 20899.0
1987 6 29766.0
1987 7 49593.0
1987 8 27671.0
1987 9 78246.0
1987 10 88392.0
1987 11 53144.0
1987 12 22145.0
1988 1 16128.0
1988 2 16231.0
1988 3 15772.0
1988 4 39874.0
1988 5 33091.0
1988 6 19505.0
1988 7 22706.0
1988 8 34810.0
1988 9 23438.0
1988 10 22518.0
1988 11 26001.0
1988 12 18684.0
1989 1 12477.0
1989 2 13478.0
1989 3 30399.0
1989 4 18238.0
1989 5 21185.0
1989 6 34403.0
1989 7 18584.0
1989 8 31355.0
1989 9 27247.0
1989 10 16122.0
1989 11 5366.0
1989 12 8743.0
1990 1 55592.0
1990 2 1449.0
1990 3 6487.0
1990 4 4871.0
1990 5 14158.0
1990 6 8353.0
1990 7 22601.0
1990 8 8605.0
1990 9 22600.0
1990 10 11558.0
1990 11 17861.0
1990 12 8696.0
1991 1 1830.0
1991 2 1769.0
1991 3 2782.0
1991 4 9367.0
1991 5 13501.0
1991 6 10213.0
1991 7 14869.0
1991 8 7087.0
1991 9 14832.0
1991 10 11726.0
1991 11 19646.0
1991 12 10100.0
1992 1 9796.0
1992 2 8350.0
1992 3 10428.0
1992 4 10737.0
1992 5 8371.0
1992 6 7484.0
1992 7 15552.0
1992 8 14084.0
1992 9 6965.0
1992 10 7198.0
1992 11 6314.0
1992 12 19991.0
1993 1 6346.0
1993 2 7361.0
1993 3 5057.0
1993 4 6957.0
1993 5 7542.0
1993 6 18808.0
1993 7 20414.0
1993 8 9558.0
1993 9 21828.0
1993 10 39718.0
1993 11 7529.0
1993 12 4798.0
1994 1 1002.0
1994 2 744.0
1994 3 6893.0
1994 4 9499.0
1994 5 20699.0
1994 6 15151.0
1994 7 30367.0
1994 8 14676.0
1994 9 15750.0
1994 10 43381.0
1994 11 10775.0
1994 12 38994.0
1995 1 7651.0
1995 2 8527.0
1995 3 14409.0
1995 4 11369.0
1995 5 25874.0
1995 6 17394.0
1995 7 25902.0
1995 8 14714.0
1995 9 25788.0
1995 10 33337.0
1995 11 16473.0
1995 12 9439.0
1996 1 9746.0
1996 2 2600.0
1996 3 4949.0
1996 4 12459.0
1996 5 15732.0
1996 6 13029.0
1996 7 12744.0
1996 8 21490.0
1996 9 20610.0
1996 10 23960.0
1996 11 31531.0
1996 12 38134.0
1997 1 431.0
1997 2 3355.0
1997 3 39418.0
1997 4 26948.0
1997 5 2674.0
1997 6 23674.0
1997 7 9720.0
1997 8 14143.0
1997 9 45586.0
1997 10 24754.0
1997 11 18844.0
1997 12 13400.0
1998 1 12310.0
1998 2 5566.0
1998 3 6771.0
1998 4 36239.0
1998 5 19617.0
1998 6 21043.0
1998 7 37729.0
1998 8 10871.0
1998 9 20167.0
1998 10 24485.0
1998 11 35684.0
1998 12 40295.0
1999 1 6738.0
1999 2 17125.0
1999 3 39308.0
1999 4 12619.0
1999 5 22122.0
1999 6 25881.0
1999 7 23847.0
1999 8 40959.0
1999 9 37114.0
1999 10 26659.0
1999 11 35243.0
1999 12 35668.0
2000 1 14051.0
2000 2 43813.0
2000 3 32953.0
2000 4 6502.0
2000 5 23794.0
2000 6 21242.0
2000 7 27542.0
2000 8 37753.0
2000 9 72012.0
2000 10 57498.0
2000 11 76007.0
2000 12 28604.0
2001 1 12037.0
2001 2 15152.0
2001 3 31564.0
2001 4 15558.0
2001 5 39364.0
2001 6 22470.0
2001 7 26272.0
2001 8 22566.0
2001 9 74075.0
2001 10 41534.0
2001 11 112839.0
2001 12 39556.0
2002 1 89629.0
2002 2 58710.0
2002 3 38117.0
2002 4 65630.0
2002 5 30195.0
2002 6 32546.0
2002 7 78169.0
2002 8 109333.0
2002 9 74254.0
2002 10 109518.0
2002 11 48151.0
2002 12 91146.0
2003 1 18913.0
2003 2 45992.0
2003 3 24162.0
2003 4 56614.0
2003 5 39047.0
2003 6 43408.0
2003 7 50681.0
2003 8 68155.0
2003 9 73586.0
2003 10 60980.0
2003 11 56492.0
2003 12 131978.0
2004 1 24963.0
2004 2 36275.0
2004 3 61234.0
2004 4 32431.0
2004 5 67228.0
2004 6 65091.0
2004 7 47390.0
2004 8 75241.0
2004 9 79822.0
2004 10 123246.0
2004 11 65841.0
2004 12 111250.0
2005 1 29642.0
2005 2 39450.0
2005 3 26098.0
2005 4 100004.0
2005 5 23961.0
2005 6 80776.0
2005 7 50724.0
2005 8 37961.0
2005 9 44548.0
2005 10 83084.0
2005 11 154695.0
2005 12 45707.0
2006 1 11464.0
2006 2 23938.0
2006 3 61193.0
2006 4 19231.0
2006 5 34720.0
2006 6 90658.0
2006 7 121595.0
2006 8 36736.0
2006 9 68948.0
2006 10 11485.0
2006 11 33042.0
2006 12 73925.0
2007 1 30583.0
2007 2 10690.0
2007 3 32540.0
2007 4 21466.0
2007 5 15348.0
2007 6 40585.0
2007 7 71883.0
2007 8 14033.0
2007 9 25761.0
2007 10 31795.0
2007 11 30870.0
2007 12 20277.0
2008 1 8167.0
2008 2 1722.0
2008 3 23218.0
2008 4 6003.0
2008 5 12315.0
2008 6 27922.0
2008 7 23215.0
2008 8 16720.0
2008 9 62077.0
2008 10 18061.0
2008 11 3627.0
2008 12 22049.0
2009 1 80876.0
2009 2 4355.0
2009 3 5497.0
2009 4 3326.0
2009 5 6724.0
2009 6 6282.0
2009 7 10145.0
2009 8 7644.0
2009 9 11639.0
2009 10 26775.0
2009 11 11263.0
2009 12 24138.0
2010 1 16810.0
2010 2 9482.0
2010 3 29547.0
2010 4 12735.0
2010 5 46094.0
2010 6 7190.0
2010 7 5127.0
2010 8 27863.0
2010 9 6045.0
2010 10 56154.0
2010 11 10703.0
2010 12 26970.0
2011 1 2925.0
2011 2 2440.0
2011 3 9680.0
2011 4 10478.0
2011 5 14639.0
2011 6 15704.0
2011 7 17658.0
2011 8 3334.0
2011 9 12644.0
2011 10 31621.0
2011 11 30168.0
2011 12 45233.0
2012 1 40748.0
2012 2 51180.0
2012 3 7636.0
2012 4 38755.0
2012 5 22067.0
2012 6 20553.0
2012 7 76704.0
2012 8 22174.0
2012 9 121097.0
2012 10 171655.0
2012 11 82955.0
2012 12 81973.0
2013 1 7833.0
2013 2 18984.0
2013 3 71933.0
2013 4 62876.0
2013 5 65242.0
2013 6 14412.0
2013 7 108297.0
2013 8 90435.0
2013 9 96106.0
2013 10 88185.0
2013 11 57200.0
2013 12 81932.0
2014 1 30357.0
2014 2 19007.0
2014 3 79777.0
2014 4 12348.0
2014 5 129633.0
2014 6 102046.0
2014 7 78127.0
2014 8 95671.0
2014 9 124940.0
2014 10 82669.0
2014 11 9004.0
2014 12 71068.0
2015 1 25952.0
2015 2 32808.0
2015 3 115090.0
2015 4 35887.0
2015 5 121514.0
2015 6 100049.0
2015 7 57152.0
2015 8 87462.0
2015 9 123041.0
2015 10 159541.0
2015 11 108246.0
2015 12 11534.0
2016 1 25967.0
2016 2 37888.0
2016 3 53429.0
2016 4 41780.0
2016 5 45165.0
2016 6 84701.0
2016 7 109690.0
2016 8 127799.0
2016 9 99296.0
2016 10 141328.0
2016 11 232169.0
2016 12 180109.0
2017 1 102338.0
2017 2 89585.0
2017 3 204106.0
2017 4 67020.0
2017 5 85398.0
2017 6 97609.0
2017 7 20609.0
2017 8 105688.0
2017 9 119736.0
2017 10 97874.0
2017 11 118726.0
2017 12 110730.0
2018 1 151668.0
2018 2 116083.0
2018 3 141239.0
2018 4 58474.0
2018 5 142811.0
2018 6 169648.0
2018 7 145348.0
2018 8 411512.0
2018 9 120517.0
2018 10 183744.0
2018 11 146317.0
2018 12 61353.0
2019 1 145539.0
2019 2 155509.0
2019 3 171198.0
2019 4 235374.0
2019 5 199949.0
2019 6 65755.0
2019 7 91163.0
2019 8 239426.0
2019 9 63001.0
2019 10 220875.0
2019 11 270688.0
2019 12 278945.0
2020 1 151888.0
2020 2 40357.0
2020 3 213229.0
2020 4 95207.0
2020 5 217565.0
2020 6 200340.0
2020 7 167322.0
2020 8 126135.0
2020 9 105206.0
2020 10 139747.0
2020 11 121828.0
2020 12 221036.0
2021 1 193510.0
2021 2 153097.0
2021 3 169093.0
2021 4 100640.0
2021 5 252426.0
2021 6 168051.0
2021 7 134998.0
2021 8 263208.0
2021 9 318203.0
2021 10 341498.0
2021 11 122092.0
2021 12 325889.0
2022 1 95846.0
2022 2 331736.0
2022 3 459976.0
2022 4 275925.0
2022 5 309624.0
2022 6 271647.0
2022 7 192008.0
2022 8 247472.0
2022 9 247218.0
2022 10 252358.0
2022 11 163800.0
2022 12 165512.0
2023 1 187354.0
2023 2 95875.0
2023 3 145008.0
2023 4 195961.0
2023 5 244878.0
2023 6 242646.0
2023 7 124669.0
2023 8 328023.0
2023 9 109940.0
2023 10 74117.0
2023 11 96148.0
2023 12 158000.0
2024 1 251770.0
2024 2 67329.0
2024 3 113318.0
2024 4 43413.0
2024 5 130237.0
2024 6 167649.0
2024 7 124074.0
2024 8 134930.0
