1960 5 16389.0
1960 6 17499.0
1960 7 20351.0
1960 8 18015.0
1960 9 15737.0
1960 10 13573.0
1960 11 13805.0
1960 12 10513.0
1961 1 10467.0
1961 2 12459.0
1961 3 24224.0
1961 4 15149.0
1961 5 17412.0
1961 6 20524.0
1961 7 22265.0
1961 8 17430.0
1961 9 12983.0
1961 10 15578.0
1961 11 15515.0
1961 12 9258.0
1962 1 5580.0
1962 2 11781.0
1962 3 18857.0
1962 4 19684.0
1962 5 18915.0
1962 6 20646.0
1962 7 18015.0
1962 8 18119.0
1962 9 20637.0
1962 10 16517.0
1962 11 13777.0
1962 12 10652.0
1963 1 11144.0
1963 2 13075.0
1963 3 23954.0
1963 4 21506.0
1963 5 21375.0
1963 6 19005.0
1963 7 24148.0
1963 8 21176.0
1963 9 20327.0
1963 10 22404.0
1963 11 14812.0
1963 12 11569.0
1964 1 14344.0
1964 2 33592.0
1964 3 19893.0
1964 4 28047.0
1964 5 39059.0
1964 6 26725.0
1964 7 23500.0
1964 8 22822.0
1964 9 23027.0
1964 10 28149.0
1964 11 16761.0
1964 12 12377.0
1965 1 21006.0
1965 2 14324.0
1965 3 26216.0
1965 4 38468.0
1965 5 29274.0
1965 6 23600.0
1965 7 27188.0
1965 8 29828.0
1965 9 23861.0
1965 10 21665.0
1965 11 20753.0
1965 12 17451.0
1966 1 16733.0
1966 2 15448.0
1966 3 52343.0
1966 4 27123.0
1966 5 26124.0
1966 6 24428.0
1966 7 16952.0
1966 8 14449.0
1966 9 19902.0
1966 10 11946.0
1966 11 15229.0
1966 12 11494.0
1967 1 11411.0
1967 2 12152.0
1967 3 22451.0
1967 4 21648.0
1967 5 21527.0
1967 6 24884.0
1967 7 25327.0
1967 8 22248.0
1967 9 27448.0
1967 10 25370.0
1967 11 20307.0
1967 12 15735.0
1968 1 16727.0
1968 2 19957.0
1968 3 27050.0
1968 4 31942.0
1968 5 38211.0
1968 6 32789.0
1968 7 30465.0
1968 8 31514.0
1968 9 34196.0
1968 10 39477.0
1968 11 23252.0
1968 12 22733.0
1969 1 25115.0
1969 2 25795.0
1969 3 37511.0
1969 4 29951.0
1969 5 24514.0
1969 6 24867.0
1969 7 30776.0
1969 8 26540.0
1969 9 32542.0
1969 10 32648.0
1969 11 22308.0
1969 12 21489.0
1970 1 12078.0
1970 2 16758.0
1970 3 25161.0
1970 4 30006.0
1970 5 20159.0
1970 6 28685.0
1970 7 31162.0
1970 8 27625.0
1970 9 29191.0
1970 10 30431.0
1970 11 35507.0
1970 12 26271.0
1971 1 23319.0
1971 2 21805.0
1971 3 49781.0
1971 4 41773.0
1971 5 40729.0
1971 6 43170.0
1971 7 43690.0
1971 8 42502.0
1971 9 44772.0
1971 10 36227.0
1971 11 37828.0
1971 12 51433.0
1972 1 25128.0
1972 2 36208.0
1972 3 52726.0
1972 4 46130.0
1972 5 45300.0
1972 6 47719.0
1972 7 40841.0
1972 8 47422.0
1972 9 47827.0
1972 10 50508.0
1972 11 35274.0
1972 12 36824.0
1973 1 27851.0
1973 2 33496.0
1973 3 45272.0
1973 4 41845.0
1973 5 50410.0
1973 6 45829.0
1973 7 41189.0
1973 8 38612.0
1973 9 30192.0
1973 10 31037.0
1973 11 28309.0
1973 12 22652.0
1974 1 12184.0
1974 2 26960.0
1974 3 39539.0
1974 4 40028.0
1974 5 30776.0
1974 6 28414.0
1974 7 31263.0
1974 8 23420.0
1974 9 20901.0
1974 10 26077.0
1974 11 17116.0
1974 12 14123.0
1975 1 13950.0
1975 2 19596.0
1975 3 26892.0
1975 4 40894.0
1975 5 37128.0
1975 6 38564.0
1975 7 58597.0
1975 8 36023.0
1975 9 34626.0
1975 10 42679.0
1975 11 32818.0
1975 12 31775.0
1976 1 25182.0
1976 2 35882.0
1976 3 58987.0
1976 4 58114.0
1976 5 48192.0
1976 6 53362.0
1976 7 51551.0
1976 8 47983.0
1976 9 59772.0
1976 10 52749.0
1976 11 50255.0
1976 12 46224.0
1977 1 29053.0
1977 2 44752.0
1977 3 74304.0
1977 4 69780.0
1977 5 72864.0
1977 6 78503.0
1977 7 59661.0
1977 8 84806.0
1977 9 68784.0
1977 10 72205.0
1977 11 64783.0
1977 12 40380.0
1978 1 28293.0
1978 2 44742.0
1978 3 69809.0
1978 4 82548.0
1978 5 84119.0
1978 6 85699.0
1978 7 70195.0
1978 8 79162.0
1978 9 75241.0
1978 10 78671.0
1978 11 50469.0
1978 12 48132.0
1979 1 16050.0
1979 2 25730.0
1979 3 63816.0
1979 4 69091.0
1979 5 82122.0
1979 6 69028.0
1979 7 59461.0
1979 8 65568.0
1979 9 70681.0
1979 10 62454.0
1979 11 36561.0
1979 12 26105.0
1980 1 22528.0
1980 2 17840.0
1980 3 26206.0
1980 4 21603.0
1980 5 24935.0
1980 6 33104.0
1980 7 53443.0
1980 8 43467.0
1980 9 51302.0
1980 10 50941.0
1980 11 42221.0
1980 12 29007.0
1981 1 21895.0
1981 2 18315.0
1981 3 35585.0
1981 4 39341.0
1981 5 28922.0
1981 6 44717.0
1981 7 25267.0
1981 8 32730.0
1981 9 34032.0
1981 10 38773.0
1981 11 18327.0
1981 12 18132.0
1982 1 8811.0
1982 2 10865.0
1982 3 33862.0
1982 4 60439.0
1982 5 44792.0
1982 6 30779.0
1982 7 27095.0
1982 8 32262.0
1982 9 39339.0
1982 10 32526.0
1982 11 37961.0
1982 12 43396.0
1983 1 34257.0
1983 2 42499.0
1983 3 68534.0
1983 4 64288.0
1983 5 79028.0
1983 6 91432.0
1983 7 66410.0
1983 8 81977.0
1983 9 73311.0
1983 10 87714.0
1983 11 63655.0
1983 12 40496.0
1984 1 41358.0
1984 2 60454.0
1984 3 82746.0
1984 4 94335.0
1984 5 111587.0
1984 6 92473.0
1984 7 86083.0
1984 8 100152.0
1984 9 107927.0
1984 10 96366.0
1984 11 72097.0
1984 12 51738.0
1985 1 49213.0
1985 2 47377.0
1985 3 112143.0
1985 4 111253.0
1985 5 113323.0
1985 6 110376.0
1985 7 117925.0
1985 8 130955.0
1985 9 126564.0
1985 10 116868.0
1985 11 70899.0
1985 12 65825.0
1986 1 81617.0
1986 2 79860.0
1986 3 116549.0
1986 4 157094.0
1986 5 156873.0
1986 6 149435.0
1986 7 181872.0
1986 8 172300.0
1986 9 140984.0
1986 10 135471.0
1986 11 117940.0
1986 12 96634.0
1987 1 84596.0
1987 2 132648.0
1987 3 164857.0
1987 4 193291.0
1987 5 177417.0
1987 6 162346.0
1987 7 147715.0
1987 8 129103.0
1987 9 144313.0
1987 10 154127.0
1987 11 124207.0
1987 12 87129.0
1988 1 72753.0
1988 2 102434.0
1988 3 151457.0
1988 4 166840.0
1988 5 152333.0
1988 6 170891.0
1988 7 111665.0
1988 8 135608.0
1988 9 148656.0
1988 10 127646.0
1988 11 87993.0
1988 12 113558.0
1989 1 76554.0
1989 2 68574.0
1989 3 132209.0
1989 4 130483.0
1989 5 125823.0
1989 6 131471.0
1989 7 107012.0
1989 8 121695.0
1989 9 113439.0
1989 10 116504.0
1989 11 106498.0
1989 12 67104.0
1990 1 92120.0
1990 2 94442.0
1990 3 113531.0
1990 4 117554.0
1990 5 111899.0
1990 6 114400.0
1990 7 113353.0
1990 8 116889.0
1990 9 84765.0
1990 10 88584.0
1990 11 60282.0
1990 12 54306.0
1991 1 39901.0
1991 2 74527.0
1991 3 100163.0
1991 4 131984.0
1991 5 119750.0
1991 6 119241.0
1991 7 119425.0
1991 8 119965.0
1991 9 98024.0
1991 10 118813.0
1991 11 66780.0
1991 12 95662.0
1992 1 97246.0
1992 2 111385.0
1992 3 159177.0
1992 4 157532.0
1992 5 149207.0
1992 6 157622.0
1992 7 139500.0
1992 8 147028.0
1992 9 140375.0
1992 10 149316.0
1992 11 104569.0
1992 12 112427.0
1993 1 99992.0
1993 2 100340.0
1993 3 160034.0
1993 4 164783.0
1993 5 146028.0
1993 6 179383.0
1993 7 145066.0
1993 8 167497.0
1993 9 158253.0
1993 10 179054.0
1993 11 174100.0
1993 12 140000.0
1994 1 108630.0
1994 2 139813.0
1994 3 214314.0
1994 4 181968.0
1994 5 196461.0
1994 6 216858.0
1994 7 187122.0
1994 8 187623.0
1994 9 177072.0
1994 10 172396.0
1994 11 152078.0
1994 12 123080.0
1995 1 98567.0
1995 2 117099.0
1995 3 184335.0
1995 4 160199.0
1995 5 168982.0
1995 6 198139.0
1995 7 166997.0
1995 8 203602.0
1995 9 159516.0
1995 10 194727.0
1995 11 149680.0
1995 12 117160.0
1996 1 111591.0
1996 2 191030.0
1996 3 213990.0
1996 4 229666.0
1996 5 201472.0
1996 6 199518.0
1996 7 184199.0
1996 8 186677.0
1996 9 178923.0
1996 10 189904.0
1996 11 132477.0
1996 12 131368.0
1997 1 112763.0
1997 2 135796.0
1997 3 195887.0
1997 4 228227.0
1997 5 211203.0
1997 6 192149.0
1997 7 204356.0
1997 8 175023.0
1997 9 183399.0
1997 10 182615.0
1997 11 160103.0
1997 12 124405.0
1998 1 116422.0
1998 2 146451.0
1998 3 201802.0
1998 4 210676.0
1998 5 249811.0
1998 6 221673.0
1998 7 217526.0
1998 8 194401.0
1998 9 208575.0
1998 10 207890.0
1998 11 169457.0
1998 12 195684.0
1999 1 126920.0
1999 2 186569.0
1999 3 277747.0
1999 4 230650.0
1999 5 229767.0
1999 6 251827.0
1999 7 219071.0
1999 8 227259.0
1999 9 210459.0
1999 10 219869.0
1999 11 207306.0
1999 12 187929.0
2000 1 163664.0
2000 2 190279.0
2000 3 257464.0
2000 4 241479.0
2000 5 248014.0
2000 6 218543.0
2000 7 182485.0
2000 8 219754.0
2000 9 173283.0
2000 10 235351.0
2000 11 171685.0
2000 12 114970.0
2001 1 191579.0
2001 2 167954.0
2001 3 277151.0
2001 4 265132.0
2001 5 263430.0
2001 6 231773.0
2001 7 229399.0
2001 8 259862.0
2001 9 182343.0
2001 10 219033.0
2001 11 207632.0
2001 12 162025.0
2002 1 200991.0
2002 2 201591.0
2002 3 235585.0
2002 4 282417.0
2002 5 275984.0
2002 6 252243.0
2002 7 271350.0
2002 8 321748.0
2002 9 299725.0
2002 10 270717.0
2002 11 218322.0
2002 12 251041.0
2003 1 203754.0
2003 2 194134.0
2003 3 272645.0
2003 4 302795.0
2003 5 293753.0
2003 6 302386.0
2003 7 347959.0
2003 8 324319.0
2003 9 303785.0
2003 10 327190.0
2003 11 259653.0
2003 12 215374.0
2004 1 257937.0
2004 2 225220.0
2004 3 384396.0
2004 4 367805.0
2004 5 326887.0
2004 6 359069.0
2004 7 326464.0
2004 8 350991.0
2004 9 387071.0
2004 10 311681.0
2004 11 273430.0
2004 12 320293.0
2005 1 265495.0
2005 2 286037.0
2005 3 441735.0
2005 4 482656.0
2005 5 385492.0
2005 6 417216.0
2005 7 359087.0
2005 8 407200.0
2005 9 318991.0
2005 10 372495.0
2005 11 336057.0
2005 12 301703.0
2006 1 287599.0
2006 2 313646.0
2006 3 400824.0
2006 4 343159.0
2006 5 411040.0
2006 6 387998.0
2006 7 330793.0
2006 8 407948.0
2006 9 278497.0
2006 10 255924.0
2006 11 226193.0
2006 12 210164.0
2007 1 193061.0
2007 2 203567.0
2007 3 338266.0
2007 4 331811.0
2007 5 291858.0
2007 6 294260.0
2007 7 257359.0
2007 8 242403.0
2007 9 204962.0
2007 10 234401.0
2007 11 180072.0
2007 12 117205.0
2008 1 149578.0
2008 2 127040.0
2008 3 153881.0
2008 4 205836.0
2008 5 175031.0
2008 6 169405.0
2008 7 162219.0
2008 8 166724.0
2008 9 132620.0
2008 10 118544.0
2008 11 82855.0
2008 12 54429.0
2009 1 54865.0
2009 2 59657.0
2009 3 73394.0
2009 4 110218.0
2009 5 106932.0
2009 6 139365.0
2009 7 134303.0
2009 8 121754.0
2009 9 124343.0
2009 10 107696.0
2009 11 99471.0
2009 12 101725.0
2010 1 69945.0
2010 2 86639.0
2010 3 143702.0
2010 4 135060.0
2010 5 104482.0
2010 6 120888.0
2010 7 99101.0
2010 8 127308.0
2010 9 121950.0
2010 10 98127.0
2010 11 104262.0
2010 12 79517.0
2011 1 55834.0
2011 2 82937.0
2011 3 109952.0
2011 4 133429.0
2011 5 119704.0
2011 6 144129.0
2011 7 120988.0
2011 8 133270.0
2011 9 125405.0
2011 10 101205.0
2011 11 93490.0
2011 12 73673.0
2012 1 89057.0
2012 2 98750.0
2012 3 145767.0
2012 4 129595.0
2012 5 164848.0
2012 6 163783.0
2012 7 130983.0
2012 8 176737.0
2012 9 179223.0
2012 10 249912.0
2012 11 149457.0
2012 12 138955.0
2013 1 125302.0
2013 2 119191.0
2013 3 185986.0
2013 4 198465.0
2013 5 223073.0
2013 6 178583.0
2013 7 181515.0
2013 8 181590.0
2013 9 181809.0
2013 10 220269.0
2013 11 156419.0
2013 12 137967.0
2014 1 176856.0
2014 2 120546.0
2014 3 207967.0
2014 4 260394.0
2014 5 250147.0
2014 6 298171.0
2014 7 202979.0
2014 8 197520.0
2014 9 223994.0
2014 10 253825.0
2014 11 174167.0
2014 12 165644.0
2015 1 137704.0
2015 2 145418.0
2015 3 237438.0
2015 4 237890.0
2015 5 238644.0
2015 6 299018.0
2015 7 259073.0
2015 8 272716.0
2015 9 228639.0
2015 10 250436.0
2015 11 281590.0
2015 12 278408.0
2016 1 185803.0
2016 2 174268.0
2016 3 327816.0
2016 4 306437.0
2016 5 307101.0
2016 6 318023.0
2016 7 286004.0
2016 8 298542.0
2016 9 295218.0
2016 10 300931.0
2016 11 283516.0
2016 12 254453.0
2017 1 212748.0
2017 2 216253.0
2017 3 291403.0
2017 4 249888.0
2017 5 288410.0
2017 6 279692.0
2017 7 229020.0
2017 8 350961.0
2017 9 282576.0
2017 10 406098.0
2017 11 253929.0
2017 12 222983.0
2018 1 166849.0
2018 2 186447.0
2018 3 288040.0
2018 4 269552.0
2018 5 303507.0
2018 6 313816.0
2018 7 227372.0
2018 8 290765.0
2018 9 189503.0
2018 10 304065.0
2018 11 269331.0
2018 12 149153.0
2019 1 201656.0
2019 2 175622.0
2019 3 279875.0
2019 4 261006.0
2019 5 309164.0
2019 6 274736.0
2019 7 258162.0
2019 8 337835.0
2019 9 260462.0
2019 10 327345.0
2019 11 245420.0
2019 12 249654.0
2020 1 289364.0
2020 2 261659.0
2020 3 273881.0
2020 4 256435.0
2020 5 290796.0
2020 6 315008.0
2020 7 389301.0
2020 8 338919.0
2020 9 332678.0
2020 10 338156.0
2020 11 335529.0
2020 12 294256.0
2021 1 245049.0
2021 2 269777.0
2021 3 473746.0
2021 4 456205.0
2021 5 392209.0
2021 6 305212.0
2021 7 332542.0
2021 8 385205.0
2021 9 395557.0
2021 10 407810.0
2021 11 309681.0
2021 12 403653.0
2022 1 375932.0
2022 2 291353.0
2022 3 438115.0
2022 4 480805.0
2022 5 410360.0
2022 6 445886.0
2022 7 384720.0
2022 8 453822.0
2022 9 347698.0
2022 10 371885.0
2022 11 306878.0
2022 12 255928.0
2023 1 224299.0
2023 2 245951.0
2023 3 359210.0
2023 4 341217.0
2023 5 470465.0
2023 6 415094.0
2023 7 373070.0
2023 8 437228.0
2023 9 381553.0
2023 10 349398.0
2023 11 331209.0
2023 12 317323.0
2024 1 308303.0
2024 2 342662.0
2024 3 385794.0
2024 4 368801.0
2024 5 379531.0
2024 6 452580.0
2024 7 395448.0
2024 8 457704.0
