1960 5 972.0
1960 6 1030.0
1960 7 837.0
1960 8 872.0
1960 9 306.0
1960 10 408.0
1960 11 878.0
1960 12 537.0
1961 1 446.0
1961 2 887.0
1961 3 1538.0
1961 4 571.0
1961 5 1285.0
1961 6 884.0
1961 7 1254.0
1961 8 295.0
1961 9 290.0
1961 10 925.0
1961 11 299.0
1961 12 526.0
1962 1 290.0
1962 2 677.0
1962 3 3191.0
1962 4 589.0
1962 5 1297.0
1962 6 533.0
1962 7 650.0
1962 8 951.0
1962 9 454.0
1962 10 1022.0
1962 11 694.0
1962 12 592.0
1963 1 663.0
1963 2 814.0
1963 3 523.0
1963 4 759.0
1963 5 674.0
1963 6 692.0
1963 7 2338.0
1963 8 1120.0
1963 9 1053.0
1963 10 1531.0
1963 11 1000.0
1963 12 1349.0
1964 1 943.0
1964 2 465.0
1964 3 591.0
1964 4 705.0
1964 5 1147.0
1964 6 2312.0
1964 7 740.0
1964 8 794.0
1964 9 1679.0
1964 10 3567.0
1964 11 825.0
1964 12 536.0
1965 1 1229.0
1965 2 1074.0
1965 3 1399.0
1965 4 1866.0
1965 5 1182.0
1965 6 914.0
1965 7 3683.0
1965 8 2520.0
1965 9 1272.0
1965 10 1698.0
1965 11 1593.0
1965 12 664.0
1966 1 606.0
1966 2 1958.0
1966 3 2000.0
1966 4 1585.0
1966 5 1624.0
1966 6 1155.0
1966 7 954.0
1966 8 974.0
1966 9 535.0
1966 10 557.0
1966 11 689.0
1966 12 681.0
1967 1 365.0
1967 2 530.0
1967 3 743.0
1967 4 877.0
1967 5 904.0
1967 6 955.0
1967 7 1004.0
1967 8 1253.0
1967 9 2604.0
1967 10 1724.0
1967 11 1732.0
1967 12 839.0
1968 1 3186.0
1968 2 699.0
1968 3 944.0
1968 4 1334.0
1968 5 1451.0
1968 6 1362.0
1968 7 1143.0
1968 8 2569.0
1968 9 2099.0
1968 10 1752.0
1968 11 1485.0
1968 12 2384.0
1969 1 1875.0
1969 2 1127.0
1969 3 2567.0
1969 4 868.0
1969 5 592.0
1969 6 517.0
1969 7 1102.0
1969 8 692.0
1969 9 2231.0
1969 10 1657.0
1969 11 1531.0
1969 12 858.0
1970 1 330.0
1970 2 925.0
1970 3 1615.0
1970 4 1242.0
1970 5 1049.0
1970 6 1366.0
1970 7 1781.0
1970 8 1884.0
1970 9 2022.0
1970 10 1603.0
1970 11 1351.0
1970 12 1737.0
1971 1 1107.0
1971 2 1697.0
1971 3 3144.0
1971 4 2338.0
1971 5 2692.0
1971 6 2053.0
1971 7 1495.0
1971 8 3462.0
1971 9 1831.0
1971 10 3669.0
1971 11 3574.0
1971 12 1399.0
1972 1 861.0
1972 2 858.0
1972 3 2247.0
1972 4 3282.0
1972 5 1960.0
1972 6 1334.0
1972 7 1473.0
1972 8 3309.0
1972 9 1994.0
1972 10 2367.0
1972 11 2588.0
1972 12 1702.0
1973 1 2389.0
1973 2 465.0
1973 3 1333.0
1973 4 1927.0
1973 5 1702.0
1973 6 2382.0
1973 7 1091.0
1973 8 2471.0
1973 9 2689.0
1973 10 1443.0
1973 11 1643.0
1973 12 2055.0
1974 1 471.0
1974 2 1599.0
1974 3 1968.0
1974 4 2583.0
1974 5 1991.0
1974 6 1265.0
1974 7 693.0
1974 8 1682.0
1974 9 764.0
1974 10 573.0
1974 11 316.0
1974 12 992.0
1975 1 979.0
1975 2 744.0
1975 3 1600.0
1975 4 1720.0
1975 5 628.0
1975 6 1294.0
1975 7 1679.0
1975 8 1015.0
1975 9 1544.0
1975 10 1926.0
1975 11 736.0
1975 12 2166.0
1976 1 718.0
1976 2 795.0
1976 3 3832.0
1976 4 1952.0
1976 5 2524.0
1976 6 1261.0
1976 7 1206.0
1976 8 2927.0
1976 9 2688.0
1976 10 1856.0
1976 11 2243.0
1976 12 1724.0
1977 1 7579.0
1977 2 1549.0
1977 3 1542.0
1977 4 2812.0
1977 5 2523.0
1977 6 1959.0
1977 7 1681.0
1977 8 9723.0
1977 9 1691.0
1977 10 2447.0
1977 11 1950.0
1977 12 1110.0
1978 1 948.0
1978 2 256.0
1978 3 1007.0
1978 4 2863.0
1978 5 1842.0
1978 6 7815.0
1978 7 1565.0
1978 8 3098.0
1978 9 3545.0
1978 10 2527.0
1978 11 3014.0
1978 12 2189.0
1979 1 1311.0
1979 2 489.0
1979 3 4522.0
1979 4 1439.0
1979 5 3317.0
1979 6 3268.0
1979 7 2014.0
1979 8 5049.0
1979 9 2120.0
1979 10 3227.0
1979 11 2593.0
1979 12 2153.0
1980 1 2251.0
1980 2 855.0
1980 3 993.0
1980 4 1616.0
1980 5 2257.0
1980 6 2069.0
1980 7 5102.0
1980 8 3682.0
1980 9 5029.0
1980 10 4299.0
1980 11 1673.0
1980 12 2081.0
1981 1 2462.0
1981 2 1737.0
1981 3 2538.0
1981 4 2445.0
1981 5 2367.0
1981 6 3055.0
1981 7 1404.0
1981 8 3248.0
1981 9 1837.0
1981 10 10373.0
1981 11 1321.0
1981 12 2035.0
1982 1 638.0
1982 2 369.0
1982 3 2367.0
1982 4 8608.0
1982 5 3551.0
1982 6 5193.0
1982 7 1863.0
1982 8 2494.0
1982 9 3142.0
1982 10 2213.0
1982 11 2271.0
1982 12 2329.0
1983 1 5535.0
1983 2 2708.0
1983 3 3474.0
1983 4 3350.0
1983 5 9322.0
1983 6 6683.0
1983 7 4123.0
1983 8 6885.0
1983 9 5720.0
1983 10 6953.0
1983 11 6771.0
1983 12 5099.0
1984 1 2507.0
1984 2 4884.0
1984 3 3641.0
1984 4 8103.0
1984 5 10076.0
1984 6 10581.0
1984 7 3944.0
1984 8 8304.0
1984 9 10819.0
1984 10 10641.0
1984 11 9367.0
1984 12 6933.0
1985 1 5423.0
1985 2 3392.0
1985 3 6343.0
1985 4 7766.0
1985 5 10560.0
1985 6 8309.0
1985 7 9948.0
1985 8 10932.0
1985 9 17284.0
1985 10 9005.0
1985 11 8926.0
1985 12 8070.0
1986 1 9083.0
1986 2 10425.0
1986 3 8304.0
1986 4 11430.0
1986 5 11438.0
1986 6 12051.0
1986 7 9127.0
1986 8 12771.0
1986 9 9891.0
1986 10 8990.0
1986 11 9327.0
1986 12 13321.0
1987 1 3440.0
1987 2 12583.0
1987 3 8472.0
1987 4 13441.0
1987 5 10154.0
1987 6 16614.0
1987 7 14454.0
1987 8 8154.0
1987 9 13612.0
1987 10 10256.0
1987 11 8602.0
1987 12 5008.0
1988 1 5355.0
1988 2 5127.0
1988 3 8031.0
1988 4 10328.0
1988 5 9873.0
1988 6 27177.0
1988 7 6876.0
1988 8 10941.0
1988 9 9503.0
1988 10 12053.0
1988 11 6799.0
1988 12 8615.0
1989 1 2863.0
1989 2 3403.0
1989 3 8595.0
1989 4 4824.0
1989 5 4879.0
1989 6 5090.0
1989 7 6086.0
1989 8 13353.0
1989 9 9581.0
1989 10 11001.0
1989 11 10210.0
1989 12 3919.0
1990 1 9741.0
1990 2 4987.0
1990 3 3384.0
1990 4 3479.0
1990 5 4444.0
1990 6 4481.0
1990 7 6844.0
1990 8 4054.0
1990 9 2055.0
1990 10 6306.0
1990 11 3903.0
1990 12 2863.0
1991 1 2200.0
1991 2 6069.0
1991 3 5326.0
1991 4 11197.0
1991 5 2854.0
1991 6 6961.0
1991 7 8853.0
1991 8 7020.0
1991 9 4226.0
1991 10 5719.0
1991 11 7571.0
1991 12 5439.0
1992 1 3801.0
1992 2 4340.0
1992 3 5329.0
1992 4 7966.0
1992 5 7214.0
1992 6 9691.0
1992 7 9113.0
1992 8 5187.0
1992 9 3629.0
1992 10 4304.0
1992 11 4462.0
1992 12 4210.0
1993 1 7073.0
1993 2 9517.0
1993 3 4876.0
1993 4 4606.0
1993 5 4751.0
1993 6 8346.0
1993 7 6412.0
1993 8 12404.0
1993 9 11325.0
1993 10 13338.0
1993 11 12574.0
1993 12 5748.0
1994 1 2010.0
1994 2 3591.0
1994 3 7426.0
1994 4 7049.0
1994 5 8486.0
1994 6 10357.0
1994 7 8182.0
1994 8 6304.0
1994 9 8897.0
1994 10 11174.0
1994 11 12716.0
1994 12 9407.0
1995 1 5011.0
1995 2 7353.0
1995 3 12180.0
1995 4 6014.0
1995 5 6272.0
1995 6 10704.0
1995 7 7731.0
1995 8 14582.0
1995 9 8362.0
1995 10 8464.0
1995 11 8163.0
1995 12 4033.0
1996 1 8233.0
1996 2 12352.0
1996 3 21252.0
1996 4 15718.0
1996 5 9942.0
1996 6 10667.0
1996 7 9341.0
1996 8 9640.0
1996 9 10631.0
1996 10 15213.0
1996 11 11838.0
1996 12 8120.0
1997 1 6859.0
1997 2 11022.0
1997 3 15436.0
1997 4 12040.0
1997 5 9681.0
1997 6 10409.0
1997 7 14702.0
1997 8 7976.0
1997 9 18575.0
1997 10 20262.0
1997 11 15217.0
1997 12 9092.0
1998 1 7791.0
1998 2 9144.0
1998 3 7892.0
1998 4 8071.0
1998 5 17121.0
1998 6 9290.0
1998 7 8438.0
1998 8 14977.0
1998 9 14729.0
1998 10 8338.0
1998 11 12080.0
1998 12 8346.0
1999 1 4624.0
1999 2 8857.0
1999 3 16462.0
1999 4 11063.0
1999 5 11274.0
1999 6 16203.0
1999 7 7587.0
1999 8 8794.0
1999 9 16869.0
1999 10 10888.0
1999 11 8124.0
1999 12 9053.0
2000 1 6265.0
2000 2 6554.0
2000 3 13184.0
2000 4 9670.0
2000 5 8671.0
2000 6 6538.0
2000 7 7681.0
2000 8 8838.0
2000 9 9668.0
2000 10 25044.0
2000 11 14234.0
2000 12 7465.0
2001 1 5847.0
2001 2 4291.0
2001 3 9733.0
2001 4 14844.0
2001 5 12304.0
2001 6 8985.0
2001 7 5925.0
2001 8 12299.0
2001 9 11616.0
2001 10 11974.0
2001 11 16982.0
2001 12 8990.0
2002 1 11253.0
2002 2 10295.0
2002 3 15250.0
2002 4 12505.0
2002 5 11067.0
2002 6 20458.0
2002 7 11424.0
2002 8 21969.0
2002 9 20179.0
2002 10 16452.0
2002 11 6117.0
2002 12 11425.0
2003 1 17345.0
2003 2 6533.0
2003 3 9309.0
2003 4 17887.0
2003 5 11796.0
2003 6 16541.0
2003 7 15677.0
2003 8 28956.0
2003 9 14014.0
2003 10 12071.0
2003 11 13043.0
2003 12 10739.0
2004 1 16547.0
2004 2 12223.0
2004 3 17790.0
2004 4 20517.0
2004 5 13882.0
2004 6 14213.0
2004 7 9846.0
2004 8 13768.0
2004 9 36653.0
2004 10 18416.0
2004 11 19512.0
2004 12 15599.0
2005 1 7887.0
2005 2 17425.0
2005 3 22501.0
2005 4 17825.0
2005 5 16090.0
2005 6 15934.0
2005 7 16977.0
2005 8 27156.0
2005 9 10709.0
2005 10 23795.0
2005 11 20336.0
2005 12 17343.0
2006 1 15750.0
2006 2 32194.0
2006 3 19210.0
2006 4 18721.0
2006 5 33604.0
2006 6 17727.0
2006 7 13407.0
2006 8 26098.0
2006 9 18580.0
2006 10 10808.0
2006 11 8564.0
2006 12 11889.0
2007 1 6783.0
2007 2 17583.0
2007 3 23264.0
2007 4 18092.0
2007 5 14402.0
2007 6 15780.0
2007 7 19046.0
2007 8 15277.0
2007 9 4687.0
2007 10 21751.0
2007 11 15680.0
2007 12 6241.0
2008 1 7810.0
2008 2 10119.0
2008 3 12427.0
2008 4 12988.0
2008 5 3749.0
2008 6 5931.0
2008 7 14005.0
2008 8 12398.0
2008 9 18618.0
2008 10 13317.0
2008 11 3574.0
2008 12 865.0
2009 1 4406.0
2009 2 1854.0
2009 3 4968.0
2009 4 5466.0
2009 5 6384.0
2009 6 1730.0
2009 7 6000.0
2009 8 2944.0
2009 9 7387.0
2009 10 3451.0
2009 11 4579.0
2009 12 1323.0
2010 1 3052.0
2010 2 1434.0
2010 3 5701.0
2010 4 4286.0
2010 5 6791.0
2010 6 6038.0
2010 7 4954.0
2010 8 3014.0
2010 9 2767.0
2010 10 3023.0
2010 11 4753.0
2010 12 2114.0
2011 1 9307.0
2011 2 4484.0
2011 3 2728.0
2011 4 16486.0
2011 5 3728.0
2011 6 7947.0
2011 7 10500.0
2011 8 6165.0
2011 9 3454.0
2011 10 4410.0
2011 11 4447.0
2011 12 2890.0
2012 1 3156.0
2012 2 7812.0
2012 3 2993.0
2012 4 3798.0
2012 5 4361.0
2012 6 2970.0
2012 7 3581.0
2012 8 7062.0
2012 9 6248.0
2012 10 5060.0
2012 11 3897.0
2012 12 5165.0
2013 1 5186.0
2013 2 2109.0
2013 3 1662.0
2013 4 3968.0
2013 5 4748.0
2013 6 19412.0
2013 7 3338.0
2013 8 3583.0
2013 9 6500.0
2013 10 8497.0
2013 11 808.0
2013 12 2787.0
2014 1 4332.0
2014 2 3702.0
2014 3 4072.0
2014 4 3782.0
2014 5 7751.0
2014 6 6729.0
2014 7 4493.0
2014 8 4081.0
2014 9 8161.0
2014 10 16719.0
2014 11 7097.0
2014 12 9976.0
2015 1 2809.0
2015 2 4717.0
2015 3 2992.0
2015 4 14257.0
2015 5 4841.0
2015 6 10609.0
2015 7 8484.0
2015 8 5928.0
2015 9 3938.0
2015 10 5659.0
2015 11 6569.0
2015 12 22142.0
2016 1 4208.0
2016 2 1438.0
2016 3 5927.0
2016 4 13525.0
2016 5 5519.0
2016 6 17119.0
2016 7 6327.0
2016 8 5734.0
2016 9 8109.0
2016 10 7429.0
2016 11 20086.0
2016 12 9156.0
2017 1 4357.0
2017 2 6678.0
2017 3 14564.0
2017 4 10828.0
2017 5 8093.0
2017 6 9649.0
2017 7 6710.0
2017 8 15423.0
2017 9 17389.0
2017 10 12375.0
2017 11 7846.0
2017 12 7049.0
2018 1 8530.0
2018 2 6939.0
2018 3 10613.0
2018 4 6708.0
2018 5 5830.0
2018 6 14613.0
2018 7 3551.0
2018 8 14561.0
2018 9 3133.0
2018 10 10405.0
2018 11 7984.0
2018 12 4631.0
2019 1 4020.0
2019 2 3092.0
2019 3 14024.0
2019 4 8188.0
2019 5 6504.0
2019 6 6990.0
2019 7 12424.0
2019 8 13217.0
2019 9 3990.0
2019 10 10323.0
2019 11 13325.0
2019 12 16551.0
2020 1 11298.0
2020 2 15002.0
2020 3 5963.0
2020 4 11230.0
2020 5 14974.0
2020 6 8818.0
2020 7 11847.0
2020 8 9257.0
2020 9 6593.0
2020 10 8949.0
2020 11 8296.0
2020 12 4339.0
2021 1 2849.0
2021 2 2202.0
2021 3 4662.0
2021 4 21087.0
2021 5 7022.0
2021 6 5589.0
2021 7 28684.0
2021 8 10838.0
2021 9 13541.0
2021 10 45320.0
2021 11 10659.0
2021 12 20818.0
2022 1 12643.0
2022 2 5112.0
2022 3 6805.0
2022 4 10435.0
2022 5 9817.0
2022 6 31376.0
2022 7 21953.0
2022 8 16509.0
2022 9 15579.0
2022 10 15135.0
2022 11 11173.0
2022 12 5799.0
2023 1 10927.0
2023 2 7118.0
2023 3 16656.0
2023 4 24024.0
2023 5 14354.0
2023 6 21772.0
2023 7 12688.0
2023 8 10788.0
2023 9 10549.0
2023 10 19582.0
2023 11 15123.0
2023 12 9332.0
2024 1 12588.0
2024 2 19660.0
2024 3 19091.0
2024 4 23609.0
2024 5 8402.0
2024 6 16111.0
2024 7 21822.0
2024 8 23916.0
