1960 5 6285.0
1960 6 3709.0
1960 7 2930.0
1960 8 2526.0
1960 9 4510.0
1960 10 2729.0
1960 11 2292.0
1960 12 1900.0
1961 1 2155.0
1961 2 2170.0
1961 3 3240.0
1961 4 3941.0
1961 5 3949.0
1961 6 3319.0
1961 7 3912.0
1961 8 3833.0
1961 9 3048.0
1961 10 3133.0
1961 11 2411.0
1961 12 2123.0
1962 1 2162.0
1962 2 3452.0
1962 3 4058.0
1962 4 3092.0
1962 5 3292.0
1962 6 2949.0
1962 7 3559.0
1962 8 3878.0
1962 9 3484.0
1962 10 3187.0
1962 11 2577.0
1962 12 2134.0
1963 1 2646.0
1963 2 2851.0
1963 3 2833.0
1963 4 4198.0
1963 5 3249.0
1963 6 3059.0
1963 7 3987.0
1963 8 4076.0
1963 9 2963.0
1963 10 5049.0
1963 11 3149.0
1963 12 1917.0
1964 1 2842.0
1964 2 3180.0
1964 3 4480.0
1964 4 4703.0
1964 5 5216.0
1964 6 3364.0
1964 7 5091.0
1964 8 3174.0
1964 9 2842.0
1964 10 3257.0
1964 11 2603.0
1964 12 2173.0
1965 1 2822.0
1965 2 2258.0
1965 3 3827.0
1965 4 4133.0
1965 5 3340.0
1965 6 3334.0
1965 7 4210.0
1965 8 4367.0
1965 9 3681.0
1965 10 4024.0
1965 11 4232.0
1965 12 3044.0
1966 1 3119.0
1966 2 4265.0
1966 3 3702.0
1966 4 3367.0
1966 5 4496.0
1966 6 3393.0
1966 7 2353.0
1966 8 3313.0
1966 9 3465.0
1966 10 2573.0
1966 11 2941.0
1966 12 2936.0
1967 1 2175.0
1967 2 2676.0
1967 3 4203.0
1967 4 3662.0
1967 5 4142.0
1967 6 3431.0
1967 7 3714.0
1967 8 3680.0
1967 9 3503.0
1967 10 3534.0
1967 11 3630.0
1967 12 2866.0
1968 1 2720.0
1968 2 4807.0
1968 3 3900.0
1968 4 4128.0
1968 5 6742.0
1968 6 6633.0
1968 7 6836.0
1968 8 6772.0
1968 9 7356.0
1968 10 6736.0
1968 11 6081.0
1968 12 4692.0
1969 1 7532.0
1969 2 7334.0
1969 3 7468.0
1969 4 6799.0
1969 5 7742.0
1969 6 6951.0
1969 7 6645.0
1969 8 7941.0
1969 9 7330.0
1969 10 8708.0
1969 11 5024.0
1969 12 6969.0
1970 1 4706.0
1970 2 6745.0
1970 3 7809.0
1970 4 12953.0
1970 5 12721.0
1970 6 12814.0
1970 7 9894.0
1970 8 10385.0
1970 9 13887.0
1970 10 12883.0
1970 11 9178.0
1970 12 16148.0
1971 1 5982.0
1971 2 6880.0
1971 3 10897.0
1971 4 11709.0
1971 5 13373.0
1971 6 15319.0
1971 7 14477.0
1971 8 14044.0
1971 9 13001.0
1971 10 15923.0
1971 11 12470.0
1971 12 13563.0
1972 1 12484.0
1972 2 13669.0
1972 3 20739.0
1972 4 18086.0
1972 5 16661.0
1972 6 18887.0
1972 7 22905.0
1972 8 21746.0
1972 9 19737.0
1972 10 14988.0
1972 11 16763.0
1972 12 10831.0
1973 1 22513.0
1973 2 22636.0
1973 3 25722.0
1973 4 19417.0
1973 5 26188.0
1973 6 21836.0
1973 7 23735.0
1973 8 15070.0
1973 9 14213.0
1973 10 17553.0
1973 11 12055.0
1973 12 12426.0
1974 1 7679.0
1974 2 11362.0
1974 3 13878.0
1974 4 17306.0
1974 5 15167.0
1974 6 12156.0
1974 7 8813.0
1974 8 9101.0
1974 9 10027.0
1974 10 10137.0
1974 11 10515.0
1974 12 4776.0
1975 1 6134.0
1975 2 6463.0
1975 3 9107.0
1975 4 10077.0
1975 5 10433.0
1975 6 10451.0
1975 7 10593.0
1975 8 8625.0
1975 9 10835.0
1975 10 12450.0
1975 11 8406.0
1975 12 7162.0
1976 1 10973.0
1976 2 13392.0
1976 3 14740.0
1976 4 13522.0
1976 5 12950.0
1976 6 11960.0
1976 7 10621.0
1976 8 10281.0
1976 9 12265.0
1976 10 14740.0
1976 11 10049.0
1976 12 10758.0
1977 1 10444.0
1977 2 13006.0
1977 3 14667.0
1977 4 16541.0
1977 5 19732.0
1977 6 17147.0
1977 7 17355.0
1977 8 23240.0
1977 9 17662.0
1977 10 16538.0
1977 11 26610.0
1977 12 11913.0
1978 1 13244.0
1978 2 15553.0
1978 3 24798.0
1978 4 20162.0
1978 5 18689.0
1978 6 23391.0
1978 7 18210.0
1978 8 25896.0
1978 9 19023.0
1978 10 25094.0
1978 11 18109.0
1978 12 15484.0
1979 1 11745.0
1979 2 12363.0
1979 3 20284.0
1979 4 17278.0
1979 5 23599.0
1979 6 18991.0
1979 7 18225.0
1979 8 28710.0
1979 9 33393.0
1979 10 19261.0
1979 11 12684.0
1979 12 9098.0
1980 1 11192.0
1980 2 14146.0
1980 3 12666.0
1980 4 13921.0
1980 5 18717.0
1980 6 32724.0
1980 7 20274.0
1980 8 29896.0
1980 9 30958.0
1980 10 28248.0
1980 11 35737.0
1980 12 16534.0
1981 1 17726.0
1981 2 16204.0
1981 3 16149.0
1981 4 19855.0
1981 5 10071.0
1981 6 12595.0
1981 7 14561.0
1981 8 12865.0
1981 9 10725.0
1981 10 12249.0
1981 11 8741.0
1981 12 10628.0
1982 1 7780.0
1982 2 9732.0
1982 3 14886.0
1982 4 12493.0
1982 5 13373.0
1982 6 16203.0
1982 7 12025.0
1982 8 21326.0
1982 9 14723.0
1982 10 19776.0
1982 11 21873.5
1982 12 23971.0
1983 1 17588.0
1983 2 12622.0
1983 3 29811.0
1983 4 21717.0
1983 5 26913.0
1983 6 24599.0
1983 7 28057.0
1983 8 25713.0
1983 9 42577.0
1983 10 41781.0
1983 11 21448.0
1983 12 19061.0
1984 1 22079.0
1984 2 24564.0
1984 3 34655.0
1984 4 42167.0
1984 5 30578.0
1984 6 40916.0
1984 7 37759.0
1984 8 37911.0
1984 9 32570.0
1984 10 27186.0
1984 11 26114.0
1984 12 26088.0
1985 1 24234.0
1985 2 20000.0
1985 3 28857.0
1985 4 35127.0
1985 5 31494.0
1985 6 25262.0
1985 7 33288.0
1985 8 30893.0
1985 9 24556.0
1985 10 28489.0
1985 11 25001.0
1985 12 28290.0
1986 1 30451.0
1986 2 23969.0
1986 3 33789.0
1986 4 36164.0
1986 5 30135.0
1986 6 32503.0
1986 7 38955.0
1986 8 27859.0
1986 9 30259.0
1986 10 27634.0
1986 11 16279.0
1986 12 14893.0
1987 1 20237.0
1987 2 20828.0
1987 3 31872.0
1987 4 31240.0
1987 5 27798.0
1987 6 32389.0
1987 7 29295.0
1987 8 25334.0
1987 9 24358.0
1987 10 25464.0
1987 11 15392.0
1987 12 16880.0
1988 1 14096.0
1988 2 19405.0
1988 3 25864.0
1988 4 30056.0
1988 5 26271.0
1988 6 41000.0
1988 7 23127.0
1988 8 31652.0
1988 9 25368.0
1988 10 24855.0
1988 11 31154.0
1988 12 23694.0
1989 1 17232.0
1989 2 15484.0
1989 3 29751.0
1989 4 25251.0
1989 5 31899.0
1989 6 24151.0
1989 7 27130.0
1989 8 31718.0
1989 9 27689.0
1989 10 22574.0
1989 11 23086.0
1989 12 13956.0
1990 1 17194.0
1990 2 15797.0
1990 3 28504.0
1990 4 25499.0
1990 5 28917.0
1990 6 28202.0
1990 7 25514.0
1990 8 24299.0
1990 9 21502.0
1990 10 20260.0
1990 11 17508.0
1990 12 13732.0
1991 1 10103.0
1991 2 12619.0
1991 3 22190.0
1991 4 22339.0
1991 5 21956.0
1991 6 33707.0
1991 7 24756.0
1991 8 23636.0
1991 9 27624.0
1991 10 24674.0
1991 11 21310.0
1991 12 18900.0
1992 1 22632.0
1992 2 23293.0
1992 3 29084.0
1992 4 31648.0
1992 5 31216.0
1992 6 32167.0
1992 7 32083.0
1992 8 29077.0
1992 9 35311.0
1992 10 35055.0
1992 11 21029.0
1992 12 20776.0
1993 1 22751.0
1993 2 32007.0
1993 3 36316.0
1993 4 39128.0
1993 5 38049.0
1993 6 44912.0
1993 7 37748.0
1993 8 43836.0
1993 9 47065.0
1993 10 46289.0
1993 11 46164.0
1993 12 37320.0
1994 1 43246.0
1994 2 51762.0
1994 3 60945.0
1994 4 62503.0
1994 5 57221.0
1994 6 69771.0
1994 7 56083.0
1994 8 58736.0
1994 9 66071.0
1994 10 48141.0
1994 11 45154.0
1994 12 49523.0
1995 1 43442.0
1995 2 34037.0
1995 3 70987.0
1995 4 50281.0
1995 5 61220.0
1995 6 53937.0
1995 7 51932.0
1995 8 64049.0
1995 9 59228.0
1995 10 67271.0
1995 11 68620.0
1995 12 35547.0
1996 1 45453.0
1996 2 51690.0
1996 3 68241.0
1996 4 91594.0
1996 5 84435.0
1996 6 62966.0
1996 7 59623.0
1996 8 53133.0
1996 9 53611.0
1996 10 60227.0
1996 11 54400.0
1996 12 46975.0
1997 1 41081.0
1997 2 43862.0
1997 3 63015.0
1997 4 73156.0
1997 5 86217.0
1997 6 58505.0
1997 7 66467.0
1997 8 57803.0
1997 9 62297.0
1997 10 58121.0
1997 11 46264.0
1997 12 61805.0
1998 1 48925.0
1998 2 47809.0
1998 3 65761.0
1998 4 80933.0
1998 5 72659.0
1998 6 94285.0
1998 7 74920.0
1998 8 76189.0
1998 9 73875.0
1998 10 76225.0
1998 11 84550.0
1998 12 82299.0
1999 1 60527.0
1999 2 71914.0
1999 3 88521.0
1999 4 89410.0
1999 5 83973.0
1999 6 87713.0
1999 7 75440.0
1999 8 91180.0
1999 9 75875.0
1999 10 74322.0
1999 11 65670.0
1999 12 55581.0
2000 1 54608.0
2000 2 80874.0
2000 3 76658.0
2000 4 83005.0
2000 5 89413.0
2000 6 79250.0
2000 7 64497.0
2000 8 92832.0
2000 9 94969.0
2000 10 77624.0
2000 11 108127.0
2000 12 53118.0
2001 1 59349.0
2001 2 68787.0
2001 3 90249.0
2001 4 92151.0
2001 5 94808.0
2001 6 77099.0
2001 7 75906.0
2001 8 85908.0
2001 9 54714.0
2001 10 90803.0
2001 11 67313.0
2001 12 49826.0
2002 1 67822.0
2002 2 89954.0
2002 3 78750.0
2002 4 95719.0
2002 5 97506.0
2002 6 96348.0
2002 7 77422.0
2002 8 77782.0
2002 9 84193.0
2002 10 92862.0
2002 11 83977.0
2002 12 56114.0
2003 1 87567.0
2003 2 71164.0
2003 3 111143.0
2003 4 136719.0
2003 5 107271.0
2003 6 86471.0
2003 7 121741.0
2003 8 134811.0
2003 9 109979.0
2003 10 113672.0
2003 11 86853.0
2003 12 83027.0
2004 1 90641.0
2004 2 90937.0
2004 3 140765.0
2004 4 129523.0
2004 5 107079.0
2004 6 116349.0
2004 7 136816.0
2004 8 148797.0
2004 9 122052.0
2004 10 136285.0
2004 11 95783.0
2004 12 90901.0
2005 1 100350.0
2005 2 88449.0
2005 3 159897.0
2005 4 141735.0
2005 5 154051.0
2005 6 152211.0
2005 7 118411.0
2005 8 151343.0
2005 9 104153.0
2005 10 133666.0
2005 11 124950.0
2005 12 116454.0
2006 1 123614.0
2006 2 124202.0
2006 3 189876.0
2006 4 160333.0
2006 5 247940.0
2006 6 173357.0
2006 7 142187.0
2006 8 156306.0
2006 9 142866.0
2006 10 189409.0
2006 11 113721.0
2006 12 100746.0
2007 1 157989.0
2007 2 139998.0
2007 3 226686.0
2007 4 180736.0
2007 5 179030.0
2007 6 154616.0
2007 7 129801.0
2007 8 140825.0
2007 9 117216.0
2007 10 87926.0
2007 11 148328.0
2007 12 79745.0
2008 1 96644.0
2008 2 107343.0
2008 3 136619.0
2008 4 101314.0
2008 5 117829.0
2008 6 101644.0
2008 7 105770.0
2008 8 80121.0
2008 9 77142.0
2008 10 62705.0
2008 11 59943.0
2008 12 38188.0
2009 1 57094.0
2009 2 41011.0
2009 3 56569.0
2009 4 77017.0
2009 5 62142.0
2009 6 164091.0
2009 7 77125.0
2009 8 59308.0
2009 9 71042.0
2009 10 54939.0
2009 11 53463.0
2009 12 47165.0
2010 1 54141.0
2010 2 44048.0
2010 3 61082.0
2010 4 70007.0
2010 5 67422.0
2010 6 60872.0
2010 7 47623.0
2010 8 53938.0
2010 9 57323.0
2010 10 48427.0
2010 11 51540.0
2010 12 49634.0
2011 1 44483.0
2011 2 63614.0
2011 3 60826.0
2011 4 42408.0
2011 5 56979.0
2011 6 49682.0
2011 7 47867.0
2011 8 56872.0
2011 9 51456.0
2011 10 53981.0
2011 11 55292.0
2011 12 35830.0
2012 1 46480.0
2012 2 49304.0
2012 3 61832.0
2012 4 63176.0
2012 5 84630.0
2012 6 67959.0
2012 7 72019.0
2012 8 74443.0
2012 9 51280.0
2012 10 64720.0
2012 11 49169.0
2012 12 56219.0
2013 1 51394.0
2013 2 57090.0
2013 3 75287.0
2013 4 81293.0
2013 5 74082.0
2013 6 75519.0
2013 7 70420.0
2013 8 96753.0
2013 9 63199.0
2013 10 63304.0
2013 11 55080.0
2013 12 47447.0
2014 1 59923.0
2014 2 57405.0
2014 3 84329.0
2014 4 74391.0
2014 5 85007.0
2014 6 69304.0
2014 7 113713.0
2014 8 79805.0
2014 9 73819.0
2014 10 70524.0
2014 11 59174.0
2014 12 65215.0
2015 1 93267.0
2015 2 70347.0
2015 3 90427.0
2015 4 94446.0
2015 5 96777.0
2015 6 109837.0
2015 7 106496.0
2015 8 89122.0
2015 9 113698.0
2015 10 97700.0
2015 11 73096.0
2015 12 83794.0
2016 1 77541.0
2016 2 92643.0
2016 3 96111.0
2016 4 115635.0
2016 5 121221.0
2016 6 106890.0
2016 7 96251.0
2016 8 97421.0
2016 9 101966.0
2016 10 94364.0
2016 11 114761.0
2016 12 91036.0
2017 1 121007.0
2017 2 153679.0
2017 3 109679.0
2017 4 130246.0
2017 5 118576.0
2017 6 107512.0
2017 7 114513.0
2017 8 113058.0
2017 9 96739.0
2017 10 111922.0
2017 11 91495.0
2017 12 100324.0
2018 1 83961.0
2018 2 81788.0
2018 3 106620.0
2018 4 121084.0
2018 5 115922.0
2018 6 138915.0
2018 7 119503.0
2018 8 106864.0
2018 9 87391.0
2018 10 113249.0
2018 11 83995.0
2018 12 92748.0
2019 1 111301.0
2019 2 81275.0
2019 3 111825.0
2019 4 98608.0
2019 5 126427.0
2019 6 105765.0
2019 7 124275.0
2019 8 114383.0
2019 9 111347.0
2019 10 120706.0
2019 11 98860.0
2019 12 93691.0
2020 1 120159.0
2020 2 108095.0
2020 3 128976.0
2020 4 138853.0
2020 5 130450.0
2020 6 155302.0
2020 7 161142.0
2020 8 134944.0
2020 9 140191.0
2020 10 138978.0
2020 11 126057.0
2020 12 119295.0
2021 1 124186.0
2021 2 105903.0
2021 3 171672.0
2021 4 152122.0
2021 5 161837.0
2021 6 134367.0
2021 7 120190.0
2021 8 133505.0
2021 9 146165.0
2021 10 148166.0
2021 11 127458.0
2021 12 122885.0
2022 1 136946.0
2022 2 124179.0
2022 3 171205.0
2022 4 147163.0
2022 5 143556.0
2022 6 150361.0
2022 7 101313.0
2022 8 119020.0
2022 9 110851.0
2022 10 114202.0
2022 11 91406.0
2022 12 63466.0
2023 1 85651.0
2023 2 101969.0
2023 3 112871.0
2023 4 119775.0
2023 5 130360.0
2023 6 133579.0
2023 7 104333.0
2023 8 128342.0
2023 9 114214.0
2023 10 119057.0
2023 11 100825.0
2023 12 101768.0
2024 1 111103.0
2024 2 129208.0
2024 3 105659.0
2024 4 152315.0
2024 5 145974.0
2024 6 132204.0
2024 7 131525.0
2024 8 126417.0
