1960 5 89.0
1960 6 44.0
1960 7 100.0
1960 8 85.0
1960 9 37.0
1960 10 52.0
1960 11 81.0
1960 12 32.0
1961 1 91.0
1961 2 26.0
1961 3 51.0
1961 4 55.0
1961 5 405.0
1961 6 55.0
1961 7 540.0
1961 8 75.0
1961 9 41.0
1961 10 132.0
1961 11 36.0
1961 12 20.0
1962 1 44.0
1962 2 67.0
1962 3 65.0
1962 4 51.0
1962 5 50.0
1962 6 91.0
1962 7 103.0
1962 8 38.0
1962 9 59.0
1962 10 30.0
1962 11 32.0
1962 12 47.0
1963 1 96.0
1963 2 101.0
1963 3 79.0
1963 4 90.0
1963 5 84.0
1963 6 97.0
1963 7 130.0
1963 8 18.0
1963 9 23.0
1963 10 68.0
1963 11 89.0
1963 12 26.0
1964 1 50.0
1964 2 52.0
1964 3 26.0
1964 4 43.0
1964 5 35.0
1964 6 69.0
1964 7 75.0
1964 8 39.0
1964 9 60.0
1964 10 474.0
1964 11 51.0
1964 12 23.0
1965 1 64.0
1965 2 54.0
1965 3 102.0
1965 4 20.0
1965 5 34.0
1965 6 28.0
1965 7 73.0
1965 8 18.0
1965 9 91.0
1965 10 82.0
1965 11 118.0
1965 12 124.0
1966 1 55.0
1966 2 76.0
1966 3 58.0
1966 4 76.0
1966 5 90.0
1966 6 33.0
1966 7 42.0
1966 8 128.0
1966 9 32.0
1966 10 88.5
1966 11 145.0
1966 12 46.0
1967 1 6.0
1967 2 212.0
1967 3 130.0
1967 4 21.0
1967 5 185.0
1967 6 97.0
1967 7 211.0
1967 8 203.0
1967 9 93.0
1967 10 84.0
1967 11 123.0
1967 12 286.0
1968 1 158.5
1968 2 31.0
1968 3 64.0
1968 4 31.0
1968 5 68.0
1968 6 48.0
1968 7 54.0
1968 8 97.0
1968 9 104.0
1968 10 208.0
1968 11 47.0
1968 12 195.0
1969 1 77.0
1969 2 264.0
1969 3 71.0
1969 4 47.0
1969 5 138.0
1969 6 100.0
1969 7 82.0
1969 8 93.0
1969 9 63.0
1969 10 62.0
1969 11 20.0
1969 12 78.0
1970 1 131.0
1970 2 195.0
1970 3 77.0
1970 4 35.0
1970 5 92.0
1970 6 98.0
1970 7 454.0
1970 8 496.0
1970 9 361.0
1970 10 146.0
1970 11 61.0
1970 12 471.0
1971 1 168.0
1971 2 68.0
1971 3 571.0
1971 4 255.0
1971 5 615.0
1971 6 2729.0
1971 7 376.0
1971 8 490.0
1971 9 988.0
1971 10 285.0
1971 11 71.0
1971 12 110.0
1972 1 131.0
1972 2 67.0
1972 3 206.0
1972 4 205.0
1972 5 438.0
1972 6 634.0
1972 7 688.0
1972 8 1058.0
1972 9 176.0
1972 10 248.0
1972 11 1363.0
1972 12 132.0
1973 1 249.0
1973 2 2636.0
1973 3 251.0
1973 4 275.0
1973 5 227.0
1973 6 170.0
1973 7 18.0
1973 8 160.0
1973 9 40.0
1973 10 98.0
1973 11 64.0
1973 12 16.0
1974 1 138.0
1974 2 110.0
1974 3 384.5
1974 4 659.0
1974 5 561.0
1974 6 170.0
1974 7 149.5
1974 8 129.0
1974 9 209.0
1974 10 204.0
1974 11 70.0
1974 12 329.0
1975 1 181.0
1975 2 197.0
1975 3 18.0
1975 4 69.0
1975 5 86.0
1975 6 104.5
1975 7 123.0
1975 8 28.0
1975 9 71.0
1975 10 152.0
1975 11 197.0
1975 12 32.0
1976 1 539.0
1976 2 45.0
1976 3 134.0
1976 4 303.0
1976 5 138.0
1976 6 355.0
1976 7 178.0
1976 8 223.0
1976 9 16.0
1976 10 223.0
1976 11 169.0
1976 12 100.0
1977 1 1167.0
1977 2 161.0
1977 3 226.0
1977 4 457.0
1977 5 516.0
1977 6 258.0
1977 7 600.0
1977 8 726.0
1977 9 687.0
1977 10 544.0
1977 11 3470.0
1977 12 591.0
1978 1 97.0
1978 2 375.0
1978 3 1075.0
1978 4 175.0
1978 5 369.0
1978 6 776.0
1978 7 771.0
1978 8 782.0
1978 9 952.0
1978 10 2302.0
1978 11 765.0
1978 12 704.0
1979 1 258.0
1979 2 382.0
1979 3 375.0
1979 4 830.0
1979 5 1700.0
1979 6 967.0
1979 7 482.0
1979 8 2579.0
1979 9 968.0
1979 10 1216.0
1979 11 670.0
1979 12 340.0
1980 1 648.0
1980 2 1338.0
1980 3 420.0
1980 4 2093.0
1980 5 3226.0
1980 6 854.0
1980 7 1963.0
1980 8 4844.0
1980 9 1665.0
1980 10 3486.0
1980 11 2424.0
1980 12 512.0
1981 1 861.0
1981 2 575.0
1981 3 294.0
1981 4 1827.0
1981 5 183.0
1981 6 558.0
1981 7 412.0
1981 8 1039.0
1981 9 1189.0
1981 10 1421.0
1981 11 337.0
1981 12 362.0
1982 1 1419.0
1982 2 271.0
1982 3 1179.0
1982 4 666.0
1982 5 1999.0
1982 6 593.0
1982 7 796.0
1982 8 567.0
1982 9 835.0
1982 10 5483.0
1982 11 3065.0
1982 12 647.0
1983 1 1066.0
1983 2 1631.0
1983 3 6070.0
1983 4 2797.0
1983 5 4519.0
1983 6 5019.0
1983 7 1708.0
1983 8 1789.0
1983 9 3443.0
1983 10 13376.0
1983 11 4351.0
1983 12 2535.0
1984 1 1472.0
1984 2 2546.0
1984 3 2674.0
1984 4 3597.0
1984 5 1867.0
1984 6 3021.0
1984 7 3033.0
1984 8 1437.0
1984 9 1425.0
1984 10 3041.0
1984 11 1545.0
1984 12 1419.0
1985 1 1524.0
1985 2 590.0
1985 3 1613.0
1985 4 2838.0
1985 5 3829.0
1985 6 1479.0
1985 7 3009.0
1985 8 2234.0
1985 9 2086.0
1985 10 1205.0
1985 11 3594.0
1985 12 1429.0
1986 1 1631.0
1986 2 2202.0
1986 3 1501.0
1986 4 2950.0
1986 5 1294.0
1986 6 2604.0
1986 7 1232.0
1986 8 2443.0
1986 9 1528.0
1986 10 1475.0
1986 11 385.0
1986 12 673.0
1987 1 433.0
1987 2 1650.0
1987 3 1110.0
1987 4 668.0
1987 5 2463.0
1987 6 3113.0
1987 7 2854.0
1987 8 856.0
1987 9 314.0
1987 10 1350.0
1987 11 670.0
1987 12 1041.0
1988 1 673.0
1988 2 1225.0
1988 3 1303.0
1988 4 1419.0
1988 5 1588.0
1988 6 239.0
1988 7 1017.0
1988 8 717.0
1988 9 794.0
1988 10 1385.0
1988 11 1870.0
1988 12 1367.0
1989 1 1666.0
1989 2 857.0
1989 3 1464.0
1989 4 1091.0
1989 5 1641.0
1989 6 880.0
1989 7 928.0
1989 8 2849.0
1989 9 1982.0
1989 10 1199.0
1989 11 1277.0
1989 12 484.0
1990 1 999.0
1990 2 704.0
1990 3 1535.0
1990 4 488.0
1990 5 549.0
1990 6 749.0
1990 7 1313.0
1990 8 183.0
1990 9 424.0
1990 10 279.0
1990 11 600.0
1990 12 256.0
1991 1 129.0
1991 2 105.0
1991 3 335.0
1991 4 560.0
1991 5 433.0
1991 6 632.0
1991 7 786.0
1991 8 618.0
1991 9 643.0
1991 10 872.0
1991 11 990.0
1991 12 272.0
1992 1 793.0
1992 2 211.0
1992 3 249.0
1992 4 912.0
1992 5 394.0
1992 6 704.0
1992 7 253.0
1992 8 357.0
1992 9 774.0
1992 10 223.0
1992 11 270.0
1992 12 456.0
1993 1 327.0
1993 2 111.0
1993 3 415.0
1993 4 444.0
1993 5 654.0
1993 6 469.0
1993 7 486.0
1993 8 556.0
1993 9 590.0
1993 10 1674.0
1993 11 791.0
1993 12 317.0
1994 1 449.0
1994 2 741.0
1994 3 2332.0
1994 4 945.0
1994 5 1486.0
1994 6 1420.0
1994 7 591.0
1994 8 769.0
1994 9 1034.0
1994 10 1270.0
1994 11 250.0
1994 12 1571.0
1995 1 10345.0
1995 2 265.0
1995 3 1880.0
1995 4 400.0
1995 5 1704.0
1995 6 740.0
1995 7 1188.0
1995 8 768.0
1995 9 388.0
1995 10 1386.0
1995 11 11343.0
1995 12 580.0
1996 1 1030.0
1996 2 5395.0
1996 3 2896.0
1996 4 1316.0
1996 5 2049.0
1996 6 801.0
1996 7 894.0
1996 8 1298.0
1996 9 1322.0
1996 10 874.0
1996 11 968.0
1996 12 286.0
1997 1 1358.0
1997 2 1778.0
1997 3 279.0
1997 4 2865.0
1997 5 2201.0
1997 6 1129.0
1997 7 421.0
1997 8 2896.0
1997 9 2032.0
1997 10 388.0
1997 11 3344.0
1997 12 412.0
1998 1 1039.0
1998 2 257.0
1998 3 1084.0
1998 4 63.0
1998 5 376.0
1998 6 818.0
1998 7 1372.0
1998 8 1000.0
1998 9 163.0
1998 10 2063.0
1998 11 15388.0
1998 12 477.0
1999 1 1572.0
1999 2 826.0
1999 3 1141.0
1999 4 2285.0
1999 5 883.0
1999 6 2672.0
1999 7 1364.0
1999 8 888.0
1999 9 2628.0
1999 10 5797.0
1999 11 694.0
1999 12 2407.0
2000 1 281.0
2000 2 1364.0
2000 3 756.0
2000 4 611.0
2000 5 1423.0
2000 6 771.0
2000 7 539.0
2000 8 1658.0
2000 9 1450.0
2000 10 4435.0
2000 11 499.0
2000 12 2571.0
2001 1 655.0
2001 2 1094.0
2001 3 4612.0
2001 4 1034.0
2001 5 539.0
2001 6 1502.0
2001 7 290.0
2001 8 138.0
2001 9 1935.0
2001 10 495.0
2001 11 640.0
2001 12 845.0
2002 1 343.0
2002 2 2229.0
2002 3 915.0
2002 4 463.0
2002 5 331.0
2002 6 520.0
2002 7 165.0
2002 8 550.0
2002 9 180.0
2002 10 323.0
2002 11 1233.0
2002 12 222.0
2003 1 1183.0
2003 2 1166.0
2003 3 1595.0
2003 4 270.0
2003 5 7166.0
2003 6 146.0
2003 7 181.0
2003 8 4139.0
2003 9 531.0
2003 10 229.0
2003 11 187.0
2003 12 520.0
2004 1 308.0
2004 2 2309.0
2004 3 3168.0
2004 4 1062.0
2004 5 2032.0
2004 6 854.0
2004 7 7791.0
2004 8 4045.0
2004 9 410.0
2004 10 333.0
2004 11 1381.0
2004 12 1307.0
2005 1 1986.0
2005 2 260.0
2005 3 318.0
2005 4 1463.0
2005 5 1548.0
2005 6 2180.0
2005 7 617.0
2005 8 2696.0
2005 9 1132.0
2005 10 232.0
2005 11 1327.0
2005 12 288.0
2006 1 2500.0
2006 2 720.0
2006 3 1699.0
2006 4 2721.0
2006 5 2947.0
2006 6 3433.0
2006 7 698.0
2006 8 6779.0
2006 9 2426.0
2006 10 2863.0
2006 11 1951.0
2006 12 373.0
2007 1 26803.0
2007 2 5455.0
2007 3 2167.0
2007 4 2764.0
2007 5 3502.0
2007 6 1900.0
2007 7 2212.0
2007 8 6769.0
2007 9 69.0
2007 10 994.0
2007 11 1875.0
2007 12 19053.0
2008 1 2993.0
2008 2 9856.0
2008 3 21706.0
2008 4 3645.0
2008 5 3688.0
2008 6 2814.0
2008 7 1864.0
2008 8 2469.0
2008 9 3027.0
2008 10 9223.0
2008 11 1975.0
2008 12 3655.0
2009 1 2201.0
2009 2 1015.0
2009 3 5014.0
2009 4 2840.0
2009 5 1814.0
2009 6 35082.0
2009 7 534.0
2009 8 3047.0
2009 9 4731.0
2009 10 2540.0
2009 11 349.0
2009 12 1560.0
2010 1 1090.5
2010 2 621.0
2010 3 600.0
2010 4 164.0
2010 5 3350.0
2010 6 1213.0
2010 7 2093.0
2010 8 1411.0
2010 9 1972.0
2010 10 518.0
2010 11 8897.0
2010 12 9146.0
2011 1 313.0
2011 2 692.0
2011 3 689.0
2011 4 1153.0
2011 5 926.0
2011 6 943.0
2011 7 2142.0
2011 8 1361.0
2011 9 773.0
2011 10 709.0
2011 11 2589.0
2011 12 909.0
2012 1 881.0
2012 2 1767.0
2012 3 1842.0
2012 4 3241.0
2012 5 1527.0
2012 6 1562.0
2012 7 4723.0
2012 8 2436.0
2012 9 844.0
2012 10 367.0
2012 11 236.0
2012 12 412.0
2013 1 486.0
2013 2 1346.0
2013 3 241.0
2013 4 425.0
2013 5 2516.0
2013 6 359.0
2013 7 1004.0
2013 8 672.0
2013 9 1163.0
2013 10 599.0
2013 11 2508.0
2013 12 788.0
2014 1 709.0
2014 2 1339.0
2014 3 595.0
2014 4 604.0
2014 5 333.0
2014 6 1378.0
2014 7 1057.0
2014 8 748.0
2014 9 604.0
2014 10 2180.0
2014 11 322.0
2014 12 439.0
2015 1 819.0
2015 2 3581.0
2015 3 638.0
2015 4 1000.0
2015 5 823.0
2015 6 1264.0
2015 7 1113.0
2015 8 3307.0
2015 9 4987.0
2015 10 486.0
2015 11 500.0
2015 12 1783.0
2016 1 409.0
2016 2 686.0
2016 3 1067.0
2016 4 1758.0
2016 5 1055.0
2016 6 1261.0
2016 7 840.0
2016 8 542.5
2016 9 245.0
2016 10 851.0
2016 11 2286.0
2016 12 2101.0
2017 1 1496.0
2017 2 51176.0
2017 3 861.0
2017 4 3440.0
2017 5 621.0
2017 6 979.0
2017 7 746.0
2017 8 1173.5
2017 9 1601.0
2017 10 320.0
2017 11 348.0
2017 12 5372.0
2018 1 471.0
2018 2 871.0
2018 3 1751.0
2018 4 759.0
2018 5 1476.0
2018 6 586.0
2018 7 726.0
2018 8 245.0
2018 9 676.0
2018 10 7479.0
2018 11 1194.0
2018 12 2710.0
2019 1 8134.0
2019 2 2534.0
2019 3 1459.5
2019 4 385.0
2019 5 883.0
2019 6 1069.0
2019 7 999.0
2019 8 546.0
2019 9 716.0
2019 10 2864.0
2019 11 615.0
2019 12 7154.0
2020 1 1631.0
2020 2 601.0
2020 3 1548.0
2020 4 746.0
2020 5 1422.0
2020 6 1860.0
2020 7 886.0
2020 8 2941.0
2020 9 656.0
2020 10 1488.0
2020 11 3337.0
2020 12 942.0
2021 1 546.0
2021 2 1590.0
2021 3 736.0
2021 4 1234.0
2021 5 8391.0
2021 6 1022.0
2021 7 1151.0
2021 8 558.0
2021 9 5388.0
2021 10 1086.0
2021 11 786.0
2021 12 1402.0
2022 1 301.0
2022 2 533.0
2022 3 2111.0
2022 4 1539.0
2022 5 1179.0
2022 6 933.0
2022 7 1495.0
2022 8 1414.0
2022 9 1287.0
2022 10 2400.0
2022 11 1633.0
2022 12 848.0
2023 1 1589.0
2023 2 1743.0
2023 3 1956.0
2023 4 2370.0
2023 5 878.0
2023 6 2158.0
2023 7 545.0
2023 8 1551.0
2023 9 2273.0
2023 10 623.0
2023 11 718.0
2023 12 131.0
2024 1 542.0
2024 2 4626.0
2024 3 748.0
2024 4 1654.0
2024 5 1074.0
2024 6 2216.0
2024 7 869.0
2024 8 1326.0
