1960 5 14775.0
1960 6 15688.0
1960 7 15665.0
1960 8 16143.0
1960 9 14788.0
1960 10 12660.0
1960 11 12314.0
1960 12 9726.0
1961 1 9404.0
1961 2 8977.0
1961 3 18913.0
1961 4 13193.0
1961 5 13671.0
1961 6 14919.0
1961 7 14781.0
1961 8 15457.0
1961 9 12449.0
1961 10 13644.0
1961 11 8553.0
1961 12 8111.0
1962 1 4935.0
1962 2 10323.0
1962 3 12964.0
1962 4 17727.0
1962 5 16460.0
1962 6 17087.0
1962 7 16131.0
1962 8 14596.0
1962 9 16235.0
1962 10 13057.0
1962 11 11973.0
1962 12 8836.0
1963 1 5716.0
1963 2 10730.0
1963 3 19752.0
1963 4 19189.0
1963 5 17410.0
1963 6 15896.0
1963 7 18834.0
1963 8 15945.0
1963 9 16039.0
1963 10 15332.0
1963 11 12276.0
1963 12 7594.0
1964 1 11389.0
1964 2 30870.0
1964 3 16690.0
1964 4 22247.0
1964 5 22438.0
1964 6 17691.0
1964 7 18051.0
1964 8 15623.0
1964 9 17923.0
1964 10 16104.0
1964 11 11690.0
1964 12 9020.0
1965 1 11998.0
1965 2 10857.0
1965 3 19045.0
1965 4 20426.0
1965 5 25353.0
1965 6 19893.0
1965 7 20623.0
1965 8 20180.0
1965 9 18262.0
1965 10 15908.0
1965 11 16642.0
1965 12 13534.0
1966 1 13646.0
1966 2 11579.0
1966 3 22959.0
1966 4 18514.0
1966 5 19718.0
1966 6 19613.0
1966 7 13546.0
1966 8 11322.0
1966 9 11466.0
1966 10 9688.0
1966 11 10894.0
1966 12 5567.0
1967 1 10381.0
1967 2 10054.0
1967 3 20908.0
1967 4 17090.0
1967 5 17934.0
1967 6 18638.0
1967 7 16784.0
1967 8 19613.0
1967 9 17577.0
1967 10 18491.0
1967 11 12969.0
1967 12 10459.0
1968 1 11885.0
1968 2 14830.0
1968 3 18708.0
1968 4 23700.0
1968 5 27386.0
1968 6 25791.0
1968 7 25856.0
1968 8 24277.0
1968 9 23945.0
1968 10 26206.0
1968 11 18163.0
1968 12 15095.0
1969 1 15535.0
1969 2 15714.0
1969 3 23977.0
1969 4 21643.0
1969 5 20712.0
1969 6 19841.0
1969 7 20347.0
1969 8 19550.0
1969 9 19529.0
1969 10 19127.0
1969 11 12154.0
1969 12 13569.0
1970 1 7672.0
1970 2 11546.0
1970 3 15524.0
1970 4 19388.0
1970 5 13294.0
1970 6 21690.0
1970 7 22909.0
1970 8 17772.0
1970 9 18711.0
1970 10 21258.0
1970 11 17092.0
1970 12 15003.0
1971 1 12693.0
1971 2 14702.0
1971 3 28175.0
1971 4 30208.0
1971 5 26187.0
1971 6 33080.0
1971 7 27021.0
1971 8 28784.0
1971 9 26695.0
1971 10 26921.0
1971 11 25890.0
1971 12 22539.0
1972 1 16371.0
1972 2 25719.0
1972 3 39354.0
1972 4 35745.0
1972 5 38091.0
1972 6 37580.0
1972 7 30989.0
1972 8 33617.0
1972 9 31606.0
1972 10 30173.0
1972 11 23723.0
1972 12 19779.0
1973 1 20386.0
1973 2 28237.0
1973 3 37533.0
1973 4 35402.0
1973 5 37808.0
1973 6 35172.0
1973 7 32051.0
1973 8 28510.0
1973 9 20046.0
1973 10 24947.0
1973 11 20631.0
1973 12 10412.0
1974 1 9352.0
1974 2 19268.0
1974 3 30949.0
1974 4 33122.0
1974 5 26371.0
1974 6 22393.0
1974 7 26926.0
1974 8 20501.0
1974 9 17679.0
1974 10 19792.0
1974 11 14763.0
1974 12 12897.0
1975 1 10675.0
1975 2 14862.0
1975 3 23685.0
1975 4 36722.0
1975 5 32664.0
1975 6 34053.0
1975 7 34701.0
1975 8 33176.0
1975 9 30364.0
1975 10 38141.0
1975 11 30713.0
1975 12 27155.0
1976 1 23713.0
1976 2 32453.0
1976 3 50245.0
1976 4 51404.0
1976 5 41299.0
1976 6 43662.0
1976 7 42093.0
1976 8 39443.0
1976 9 43958.0
1976 10 40370.0
1976 11 42510.0
1976 12 33639.0
1977 1 19288.0
1977 2 41050.0
1977 3 66059.0
1977 4 58003.0
1977 5 61554.0
1977 6 65898.0
1977 7 52970.0
1977 8 68197.0
1977 9 58151.0
1977 10 66333.0
1977 11 52248.0
1977 12 35640.0
1978 1 26047.0
1978 2 31138.0
1978 3 61242.0
1978 4 71975.0
1978 5 76659.0
1978 6 71090.0
1978 7 57721.0
1978 8 72696.0
1978 9 59715.0
1978 10 61437.0
1978 11 44831.0
1978 12 43068.0
1979 1 12663.0
1979 2 22909.0
1979 3 56019.0
1979 4 60662.0
1979 5 73960.0
1979 6 57590.0
1979 7 52306.0
1979 8 54327.0
1979 9 53580.0
1979 10 46447.0
1979 11 25751.0
1979 12 22407.0
1980 1 19852.0
1980 2 12945.0
1980 3 20004.0
1980 4 17982.0
1980 5 21189.0
1980 6 23862.0
1980 7 36088.0
1980 8 35145.0
1980 9 39155.0
1980 10 38591.0
1980 11 35053.0
1980 12 20069.0
1981 1 18265.0
1981 2 16268.0
1981 3 27018.0
1981 4 31693.0
1981 5 24594.0
1981 6 27016.0
1981 7 22366.0
1981 8 18679.0
1981 9 24361.0
1981 10 19690.0
1981 11 15591.0
1981 12 13533.0
1982 1 7277.0
1982 2 10169.0
1982 3 23292.0
1982 4 31723.0
1982 5 23373.0
1982 6 23775.0
1982 7 20925.0
1982 8 25238.0
1982 9 27185.0
1982 10 27887.0
1982 11 28825.0
1982 12 29763.0
1983 1 25564.0
1983 2 31294.0
1983 3 58547.0
1983 4 56123.0
1983 5 63724.0
1983 6 76627.0
1983 7 58649.0
1983 8 62161.0
1983 9 54756.0
1983 10 57233.0
1983 11 45045.0
1983 12 31410.0
1984 1 35063.0
1984 2 52617.0
1984 3 59854.0
1984 4 67421.0
1984 5 79299.0
1984 6 60900.0
1984 7 62653.0
1984 8 60674.0
1984 9 46440.0
1984 10 53302.0
1984 11 45997.0
1984 12 35506.0
1985 1 30551.0
1985 2 35893.0
1985 3 76072.0
1985 4 79283.0
1985 5 82559.0
1985 6 69775.0
1985 7 86124.0
1985 8 78352.0
1985 9 74280.0
1985 10 77045.0
1985 11 47627.0
1985 12 33301.0
1986 1 57761.0
1986 2 53747.0
1986 3 94213.0
1986 4 119751.0
1986 5 119119.0
1986 6 113772.0
1986 7 106759.0
1986 8 108497.0
1986 9 106188.0
1986 10 92264.0
1986 11 77813.0
1986 12 71210.0
1987 1 62064.0
1987 2 88869.0
1987 3 125712.0
1987 4 139571.0
1987 5 143593.0
1987 6 141038.0
1987 7 121347.0
1987 8 111884.0
1987 9 106055.0
1987 10 113856.0
1987 11 94065.0
1987 12 71373.0
1988 1 63509.0
1988 2 82784.0
1988 3 132585.0
1988 4 123864.0
1988 5 126761.0
1988 6 137204.0
1988 7 101855.0
1988 8 114529.0
1988 9 110953.0
1988 10 98786.0
1988 11 78045.0
1988 12 77651.0
1989 1 69906.0
1989 2 55157.0
1989 3 108148.0
1989 4 115883.0
1989 5 118189.0
1989 6 113330.0
1989 7 97338.0
1989 8 105525.0
1989 9 96096.0
1989 10 93734.0
1989 11 87955.0
1989 12 56966.0
1990 1 74951.0
1990 2 82144.0
1990 3 105919.0
1990 4 108040.0
1990 5 101197.0
1990 6 103128.0
1990 7 101144.0
1990 8 105357.0
1990 9 73869.0
1990 10 80272.0
1990 11 55439.0
1990 12 42208.0
1991 1 32351.0
1991 2 62381.0
1991 3 89941.0
1991 4 119047.0
1991 5 114587.0
1991 6 109627.0
1991 7 108086.0
1991 8 110337.0
1991 9 89738.0
1991 10 99395.0
1991 11 57165.0
1991 12 68417.0
1992 1 87114.0
1992 2 102395.0
1992 3 145036.0
1992 4 146599.0
1992 5 137728.0
1992 6 139145.0
1992 7 127243.0
1992 8 127265.0
1992 9 126313.0
1992 10 135520.0
1992 11 91984.0
1992 12 101838.0
1993 1 83189.0
1993 2 89822.0
1993 3 148825.0
1993 4 155200.0
1993 5 133771.0
1993 6 169342.0
1993 7 137799.0
1993 8 151158.0
1993 9 141188.0
1993 10 162443.0
1993 11 148621.0
1993 12 132646.0
1994 1 103796.0
1994 2 128915.0
1994 3 201210.0
1994 4 171920.0
1994 5 181327.0
1994 6 201485.0
1994 7 172935.0
1994 8 167983.0
1994 9 154320.0
1994 10 149757.0
1994 11 132959.0
1994 12 112456.0
1995 1 89141.0
1995 2 109336.0
1995 3 164251.0
1995 4 142944.0
1995 5 152984.0
1995 6 182421.0
1995 7 158653.0
1995 8 174105.0
1995 9 143194.0
1995 10 171317.0
1995 11 140672.0
1995 12 107630.0
1996 1 98544.0
1996 2 174098.0
1996 3 188805.0
1996 4 198520.0
1996 5 185600.0
1996 6 184321.0
1996 7 173110.0
1996 8 168368.0
1996 9 154258.0
1996 10 167042.0
1996 11 117700.0
1996 12 120249.0
1997 1 92211.0
1997 2 121053.0
1997 3 174378.0
1997 4 198386.0
1997 5 187322.0
1997 6 175234.0
1997 7 172472.0
1997 8 146553.0
1997 9 157686.0
1997 10 154884.0
1997 11 131563.0
1997 12 111604.0
1998 1 103516.0
1998 2 125544.0
1998 3 172961.0
1998 4 194192.0
1998 5 209489.0
1998 6 209539.0
1998 7 203269.0
1998 8 176247.0
1998 9 174577.0
1998 10 187103.0
1998 11 151072.0
1998 12 166095.0
1999 1 122152.0
1999 2 171082.0
1999 3 242780.0
1999 4 217602.0
1999 5 208098.0
1999 6 228955.0
1999 7 206917.0
1999 8 210287.0
1999 9 179985.0
1999 10 183038.0
1999 11 179109.0
1999 12 151445.0
2000 1 136706.0
2000 2 179410.0
2000 3 222010.0
2000 4 204279.0
2000 5 231035.0
2000 6 190513.0
2000 7 166953.0
2000 8 205195.0
2000 9 158896.0
2000 10 180627.0
2000 11 151203.0
2000 12 101578.0
2001 1 131898.0
2001 2 147507.0
2001 3 237934.0
2001 4 229991.0
2001 5 235735.0
2001 6 217492.0
2001 7 198606.0
2001 8 227007.0
2001 9 166952.0
2001 10 197983.0
2001 11 182850.0
2001 12 142146.0
2002 1 180340.0
2002 2 181975.0
2002 3 214720.0
2002 4 262931.0
2002 5 225376.0
2002 6 229152.0
2002 7 246006.0
2002 8 228872.0
2002 9 221807.0
2002 10 247554.0
2002 11 197661.0
2002 12 187506.0
2003 1 180383.0
2003 2 185285.0
2003 3 242372.0
2003 4 268967.0
2003 5 263653.0
2003 6 261907.0
2003 7 303277.0
2003 8 283068.0
2003 9 279401.0
2003 10 292909.0
2003 11 229758.0
2003 12 199143.0
2004 1 200228.0
2004 2 212040.0
2004 3 356674.0
2004 4 321714.0
2004 5 310008.0
2004 6 331787.0
2004 7 311484.0
2004 8 316681.0
2004 9 288023.0
2004 10 286486.0
2004 11 235928.0
2004 12 287472.0
2005 1 247944.0
2005 2 249938.0
2005 3 408473.0
2005 4 433511.0
2005 5 346434.0
2005 6 370751.0
2005 7 314069.0
2005 8 352839.0
2005 9 293129.0
2005 10 342240.0
2005 11 304069.0
2005 12 248328.0
2006 1 253000.0
2006 2 246847.0
2006 3 345697.0
2006 4 314301.0
2006 5 331545.0
2006 6 297659.0
2006 7 284904.0
2006 8 293715.0
2006 9 219092.0
2006 10 222303.0
2006 11 209536.0
2006 12 168390.0
2007 1 166184.0
2007 2 178912.0
2007 3 286569.0
2007 4 281301.0
2007 5 268702.0
2007 6 265309.0
2007 7 214241.0
2007 8 215441.0
2007 9 179375.0
2007 10 190796.0
2007 11 154380.0
2007 12 103464.0
2008 1 121018.0
2008 2 104021.0
2008 3 134524.0
2008 4 155862.0
2008 5 156604.0
2008 6 142216.0
2008 7 135209.0
2008 8 103123.0
2008 9 99168.0
2008 10 92353.0
2008 11 56834.0
2008 12 47682.0
2009 1 43258.0
2009 2 53889.0
2009 3 63828.0
2009 4 99873.0
2009 5 93648.0
2009 6 111878.0
2009 7 116876.0
2009 8 111591.0
2009 9 109612.0
2009 10 96305.0
2009 11 82682.0
2009 12 74113.0
2010 1 61231.0
2010 2 77457.0
2010 3 127575.0
2010 4 122868.0
2010 5 88921.0
2010 6 109129.0
2010 7 87383.0
2010 8 107796.0
2010 9 91348.0
2010 10 81242.0
2010 11 95690.0
2010 12 66648.0
2011 1 43967.0
2011 2 60385.0
2011 3 96658.0
2011 4 107437.0
2011 5 102278.0
2011 6 101549.0
2011 7 106118.0
2011 8 115169.0
2011 9 110798.0
2011 10 91017.0
2011 11 79390.0
2011 12 67291.0
2012 1 81443.0
2012 2 84060.0
2012 3 119876.0
2012 4 117937.0
2012 5 143411.0
2012 6 144552.0
2012 7 124087.0
2012 8 147453.0
2012 9 156662.0
2012 10 167544.0
2012 11 124798.0
2012 12 120355.0
2013 1 106003.0
2013 2 100031.0
2013 3 152022.0
2013 4 186215.0
2013 5 202932.0
2013 6 151526.0
2013 7 175081.0
2013 8 164791.0
2013 9 155931.0
2013 10 171479.0
2013 11 126250.0
2013 12 127273.0
2014 1 106972.0
2014 2 103241.0
2014 3 169291.0
2014 4 187237.0
2014 5 190526.0
2014 6 201561.0
2014 7 167894.0
2014 8 165374.0
2014 9 159317.0
2014 10 190748.0
2014 11 135884.0
2014 12 131078.0
2015 1 111096.0
2015 2 126092.0
2015 3 175809.0
2015 4 213042.0
2015 5 213642.0
2015 6 244105.0
2015 7 194017.0
2015 8 185281.0
2015 9 183977.0
2015 10 191413.0
2015 11 145811.0
2015 12 148078.0
2016 1 144612.0
2016 2 158658.0
2016 3 244893.0
2016 4 223712.0
2016 5 228934.0
2016 6 262329.0
2016 7 188432.0
2016 8 247276.0
2016 9 228146.0
2016 10 196136.0
2016 11 192003.0
2016 12 176727.0
2017 1 164273.0
2017 2 191173.0
2017 3 252261.0
2017 4 220707.0
2017 5 211228.0
2017 6 244006.0
2017 7 197630.0
2017 8 225021.0
2017 9 229894.0
2017 10 260779.0
2017 11 220095.0
2017 12 160734.0
2018 1 153042.0
2018 2 173722.0
2018 3 235455.0
2018 4 225700.0
2018 5 248590.0
2018 6 240556.0
2018 7 221251.0
2018 8 235212.0
2018 9 177756.0
2018 10 234664.0
2018 11 198379.0
2018 12 144522.0
2019 1 156036.0
2019 2 135661.0
2019 3 192888.0
2019 4 239586.0
2019 5 265267.0
2019 6 249112.0
2019 7 218113.0
2019 8 256693.0
2019 9 217767.0
2019 10 244886.0
2019 11 194445.0
2019 12 193165.0
2020 1 201397.0
2020 2 207924.0
2020 3 233416.0
2020 4 230571.0
2020 5 222854.0
2020 6 276329.0
2020 7 291770.0
2020 8 294739.0
2020 9 303385.0
2020 10 299793.0
2020 11 246856.0
2020 12 274413.0
2021 1 206678.0
2021 2 238060.0
2021 3 392869.0
2021 4 386003.0
2021 5 304185.0
2021 6 273723.0
2021 7 269605.0
2021 8 299025.0
2021 9 294832.0
2021 10 315527.0
2021 11 276279.0
2021 12 308476.0
2022 1 254794.0
2022 2 223735.0
2022 3 338763.0
2022 4 356869.0
2022 5 316724.0
2022 6 310685.0
2022 7 295051.0
2022 8 302411.0
2022 9 255245.0
2022 10 272336.0
2022 11 223210.0
2022 12 203129.0
2023 1 155017.0
2023 2 191952.0
2023 3 268344.0
2023 4 303493.0
2023 5 345240.0
2023 6 338612.0
2023 7 308419.0
2023 8 349407.0
2023 9 330914.0
2023 10 311880.0
2023 11 269595.0
2023 12 269524.0
2024 1 217690.0
2024 2 292066.0
2024 3 350878.0
2024 4 338289.0
2024 5 346459.0
2024 6 330462.0
2024 7 318280.0
2024 8 337507.0
