1960 5 2642.0
1960 6 294.0
1960 7 18.0
1960 8 288.0
1960 9 1518.0
1960 10 1330.857142857143
1960 11 1143.7142857142858
1960 12 956.5714285714286
1961 1 769.4285714285714
1961 2 582.2857142857143
1961 3 395.1428571428571
1961 4 208.0
1961 5 111.0
1961 6 14.0
1961 7 22.0
1961 8 30.0
1961 9 86.75
1961 10 143.5
1961 11 200.25
1961 12 257.0
1962 1 140.5
1962 2 24.0
1962 3 67.0
1962 4 110.0
1962 5 76.0
1962 6 55.5
1962 7 35.0
1962 8 360.0
1962 9 80.0
1962 10 154.0
1962 11 49.0
1962 12 364.0
1963 1 312.0
1963 2 75.0
1963 3 50.0
1963 4 398.0
1963 5 68.0
1963 6 548.0
1963 7 286.0
1963 8 705.0
1963 9 389.0
1963 10 1933.0
1963 11 307.0
1963 12 90.0
1964 1 228.0
1964 2 152.0
1964 3 962.0
1964 4 1444.0
1964 5 1799.0
1964 6 499.0
1964 7 1548.0
1964 8 431.0
1964 9 52.0
1964 10 208.0
1964 11 334.0
1964 12 188.0
1965 1 101.5
1965 2 15.0
1965 3 731.0
1965 4 455.0
1965 5 140.0
1965 6 289.0
1965 7 1107.0
1965 8 814.0
1965 9 378.0
1965 10 513.0
1965 11 1391.0
1965 12 233.0
1966 1 350.0
1966 2 1195.0
1966 3 100.0
1966 4 438.0
1966 5 1229.0
1966 6 560.0
1966 7 617.5
1966 8 675.0
1966 9 1152.0
1966 10 870.0
1966 11 588.0
1966 12 1014.0
1967 1 513.0
1967 2 12.0
1967 3 650.0
1967 4 349.0
1967 5 849.0
1967 6 114.0
1967 7 666.0
1967 8 230.0
1967 9 395.0
1967 10 627.0
1967 11 790.0
1967 12 566.0
1968 1 505.0
1968 2 1809.0
1968 3 1264.0
1968 4 423.0
1968 5 145.0
1968 6 846.0
1968 7 146.0
1968 8 160.0
1968 9 1366.0
1968 10 987.0
1968 11 685.0
1968 12 130.0
1969 1 995.0
1969 2 970.0
1969 3 1316.0
1969 4 576.0
1969 5 975.0
1969 6 1717.0
1969 7 1736.0
1969 8 2613.0
1969 9 2434.0
1969 10 3230.0
1969 11 950.0
1969 12 1761.0
1970 1 236.0
1970 2 92.0
1970 3 1403.0
1970 4 5202.0
1970 5 5328.0
1970 6 4255.0
1970 7 1919.0
1970 8 1809.0
1970 9 3762.0
1970 10 5427.0
1970 11 1089.0
1970 12 4842.0
1971 1 90.0
1971 2 80.0
1971 3 1857.0
1971 4 3306.0
1971 5 1622.0
1971 6 1583.0
1971 7 2908.0
1971 8 1596.0
1971 9 1258.0
1971 10 5228.0
1971 11 2608.0
1971 12 5078.0
1972 1 4120.0
1972 2 4147.0
1972 3 4866.0
1972 4 2811.0
1972 5 2817.0
1972 6 5068.0
1972 7 7180.0
1972 8 6344.0
1972 9 4821.0
1972 10 1882.0
1972 11 4539.0
1972 12 1174.0
1973 1 8661.0
1973 2 8168.0
1973 3 8084.0
1973 4 5883.0
1973 5 8214.0
1973 6 6076.0
1973 7 10267.0
1973 8 5999.0
1973 9 3764.0
1973 10 8068.0
1973 11 2151.0
1973 12 5578.0
1974 1 654.0
1974 2 2297.0
1974 3 312.0
1974 4 3645.0
1974 5 2235.0
1974 6 2887.0
1974 7 336.0
1974 8 522.0
1974 9 2233.0
1974 10 686.0
1974 11 3863.0
1974 12 51.0
1975 1 133.0
1975 2 91.5
1975 3 50.0
1975 4 311.0
1975 5 1304.0
1975 6 614.0
1975 7 399.0
1975 8 184.0
1975 9 227.0
1975 10 129.0
1975 11 60.0
1975 12 130.0
1976 1 418.0
1976 2 1695.0
1976 3 537.0
1976 4 388.0
1976 5 180.0
1976 6 300.0
1976 7 136.0
1976 8 40.0
1976 9 273.0
1976 10 3607.0
1976 11 57.0
1976 12 1258.0
1977 1 861.0
1977 2 1371.0
1977 3 573.0
1977 4 344.0
1977 5 3260.0
1977 6 589.0
1977 7 2329.0
1977 8 4532.0
1977 9 4090.0
1977 10 300.0
1977 11 1676.0
1977 12 1823.0
1978 1 1970.0
1978 2 937.0
1978 3 3408.0
1978 4 3080.0
1978 5 1931.0
1978 6 1121.0
1978 7 1096.0
1978 8 7062.0
1978 9 1627.0
1978 10 3718.0
1978 11 2199.0
1978 12 3414.0
1979 1 1968.0
1979 2 893.0
1979 3 1514.0
1979 4 136.0
1979 5 3136.0
1979 6 1330.0
1979 7 736.0
1979 8 5102.0
1979 9 18937.0
1979 10 3747.0
1979 11 2114.0
1979 12 777.0
1980 1 546.0
1980 2 513.0
1980 3 799.0
1980 4 897.0
1980 5 2684.0
1980 6 16750.0
1980 7 1839.0
1980 8 2168.0
1980 9 11382.0
1980 10 7124.0
1980 11 17045.0
1980 12 4392.0
1981 1 6404.0
1981 2 85.0
1981 3 1944.0
1981 4 5106.0
1981 5 523.0
1981 6 1803.0
1981 7 1695.0
1981 8 1249.0
1981 9 466.0
1981 10 4307.0
1981 11 725.0
1981 12 2711.0
1982 1 580.0
1982 2 2013.0
1982 3 3255.0
1982 4 1401.0
1982 5 1185.0
1982 6 5087.0
1982 7 2804.0
1982 8 6077.0
1982 9 1812.0
1982 10 2483.0
1982 11 3608.0
1982 12 4733.0
1983 1 352.0
1983 2 424.0
1983 3 6653.0
1983 4 3851.0
1983 5 1203.0
1983 6 1631.0
1983 7 7442.0
1983 8 2469.0
1983 9 19253.0
1983 10 7407.0
1983 11 1580.0
1983 12 4328.0
1984 1 5621.0
1984 2 2324.0
1984 3 10864.0
1984 4 15170.0
1984 5 1310.0
1984 6 8811.0
1984 7 11390.0
1984 8 11428.0
1984 9 8332.0
1984 10 2222.0
1984 11 164.0
1984 12 5750.0
1985 1 4642.0
1985 2 985.0
1985 3 1626.0
1985 4 5547.0
1985 5 2914.0
1985 6 2088.0
1985 7 4669.0
1985 8 1589.0
1985 9 221.0
1985 10 5537.0
1985 11 1430.0
1985 12 9706.0
1986 1 2734.0
1986 2 875.0
1986 3 6306.0
1986 4 2429.0
1986 5 718.0
1986 6 3733.0
1986 7 8030.0
1986 8 79.0
1986 9 3044.0
1986 10 476.0
1986 11 1202.0
1986 12 125.0
1987 1 524.0
1987 2 1527.0
1987 3 3705.0
1987 4 104.0
1987 5 1221.0
1987 6 375.0
1987 7 713.0
1987 8 963.0
1987 9 1213.0
1987 10 1463.0
1987 11 1189.6666666666667
1987 12 916.3333333333334
1988 1 643.0
1988 2 653.0
1988 3 379.0
1988 4 3175.0
1988 5 414.0
1988 6 10244.0
1988 7 125.0
1988 8 3339.0
1988 9 2615.0
1988 10 1662.0
1988 11 8155.0
1988 12 3167.0
1989 1 2083.5
1989 2 1000.0
1989 3 5331.0
1989 4 896.0
1989 5 6158.0
1989 6 1038.0
1989 7 1502.0
1989 8 2280.0
1989 9 2977.0
1989 10 1450.0
1989 11 1242.0
1989 12 423.0
1990 1 1409.0
1990 2 242.0
1990 3 4307.0
1990 4 995.0
1990 5 971.0
1990 6 1318.0
1990 7 1665.0
1990 8 805.0
1990 9 2777.0
1990 10 1630.0
1990 11 615.0
1990 12 786.0
1991 1 957.0
1991 2 1128.0
1991 3 1299.0
1991 4 100.0
1991 5 655.0
1991 6 1210.0
1991 7 118.0
1991 8 80.0
1991 9 4390.0
1991 10 524.0
1991 11 1709.0
1991 12 218.0
1992 1 256.0
1992 2 80.0
1992 3 499.0
1992 4 1071.0
1992 5 1643.0
1992 6 1299.0
1992 7 2710.0
1992 8 1919.0
1992 9 3008.0
1992 10 312.0
1992 11 291.0
1992 12 270.0
1993 1 176.5
1993 2 83.0
1993 3 194.0
1993 4 478.0
1993 5 924.0
1993 6 2751.0
1993 7 351.0
1993 8 61.0
1993 9 3931.0
1993 10 7408.0
1993 11 7691.0
1993 12 764.0
1994 1 6335.0
1994 2 7127.0
1994 3 1881.0
1994 4 2886.0
1994 5 1908.0
1994 6 9658.0
1994 7 9723.0
1994 8 369.0
1994 9 11156.0
1994 10 100.0
1994 11 8875.0
1994 12 13185.0
1995 1 419.0
1995 2 208.0
1995 3 24830.0
1995 4 3039.0
1995 5 10064.0
1995 6 1581.0
1995 7 2023.0
1995 8 9586.0
1995 9 5080.0
1995 10 11786.0
1995 11 17748.0
1995 12 2116.0
1996 1 5419.0
1996 2 1860.0
1996 3 9734.0
1996 4 5082.0
1996 5 8407.0
1996 6 12430.0
1996 7 1771.0
1996 8 1516.0
1996 9 3730.0
1996 10 1298.0
1996 11 7389.0
1996 12 11777.0
1997 1 1538.0
1997 2 1680.0
1997 3 11696.0
1997 4 7696.0
1997 5 21180.0
1997 6 1879.0
1997 7 2902.0
1997 8 1624.0
1997 9 1858.0
1997 10 1584.0
1997 11 1294.0
1997 12 24974.0
1998 1 13535.0
1998 2 2289.0
1998 3 1864.0
1998 4 13782.0
1998 5 2259.0
1998 6 13705.0
1998 7 11140.0
1998 8 11012.0
1998 9 6975.0
1998 10 9443.0
1998 11 18098.0
1998 12 29428.0
1999 1 1753.0
1999 2 2399.0
1999 3 5258.0
1999 4 9469.0
1999 5 6351.0
1999 6 1927.0
1999 7 2471.0
1999 8 9315.0
1999 9 8677.0
1999 10 3170.0
1999 11 6165.0
1999 12 2522.0
2000 1 1469.0
2000 2 7417.0
2000 3 281.0
2000 4 16311.0
2000 5 16249.0
2000 6 6277.0
2000 7 2731.0
2000 8 19438.0
2000 9 31374.0
2000 10 3169.0
2000 11 56220.0
2000 12 13985.0
2001 1 8137.0
2001 2 3643.0
2001 3 4716.0
2001 4 5656.0
2001 5 5350.0
2001 6 3763.0
2001 7 3305.0
2001 8 7034.0
2001 9 2955.0
2001 10 20378.0
2001 11 497.0
2001 12 479.0
2002 1 376.0
2002 2 18555.0
2002 3 697.0
2002 4 743.0
2002 5 7441.0
2002 6 13793.0
2002 7 826.0
2002 8 1158.0
2002 9 1437.0
2002 10 9331.0
2002 11 16715.0
2002 12 1884.0
2003 1 1487.0
2003 2 2233.0
2003 3 29315.0
2003 4 31352.0
2003 5 2321.0
2003 6 3169.0
2003 7 15279.0
2003 8 12579.0
2003 9 1684.0
2003 10 4398.0
2003 11 4061.0
2003 12 8119.0
2004 1 7965.0
2004 2 7675.0
2004 3 2766.0
2004 4 1494.0
2004 5 3380.0
2004 6 2369.0
2004 7 7801.0
2004 8 27714.0
2004 9 6890.0
2004 10 29361.0
2004 11 8777.0
2004 12 5331.0
2005 1 499.0
2005 2 1506.0
2005 3 13796.0
2005 4 9154.0
2005 5 15858.0
2005 6 3671.0
2005 7 4905.0
2005 8 7449.0
2005 9 13274.0
2005 10 2510.0
2005 11 2001.0
2005 12 4250.0
2006 1 4472.0
2006 2 3182.0
2006 3 8094.0
2006 4 1644.0
2006 5 33751.0
2006 6 935.0
2006 7 12099.0
2006 8 1586.0
2006 9 827.0
2006 10 42511.0
2006 11 445.0
2006 12 3445.0
2007 1 1818.0
2007 2 550.0
2007 3 65560.0
2007 4 45761.0
2007 5 27192.0
2007 6 44077.0
2007 7 11702.0
2007 8 11724.0
2007 9 22754.0
2007 10 391.0
2007 11 65339.0
2007 12 1048.0
2008 1 11487.0
2008 2 17104.0
2008 3 18133.0
2008 4 9042.0
2008 5 15562.0
2008 6 9416.0
2008 7 23078.0
2008 8 11910.0
2008 9 12962.0
2008 10 3698.0
2008 11 15820.0
2008 12 2011.0
2009 1 2177.0
2009 2 1015.0
2009 3 2373.0
2009 4 803.0
2009 5 11247.0
2009 6 21990.0
2009 7 125.0
2009 8 40.0
2009 9 8867.0
2009 10 125.0
2009 11 125.0
2009 12 125.0
2010 1 125.0
2010 2 125.0
2010 3 216.0
2010 4 307.0
2010 5 7173.0
2010 6 1649.0
2010 7 1387.0
2010 8 6201.0
2010 9 1347.0
2010 10 694.0
2010 11 757.0
2010 12 4135.0
2011 1 1010.0
2011 2 1985.0
2011 3 1916.0
2011 4 1414.0
2011 5 1696.0
2011 6 2636.0
2011 7 2504.0
2011 8 2504.0
2011 9 1821.0
2011 10 2296.0
2011 11 8505.0
2011 12 2787.0
2012 1 3104.0
2012 2 2706.0
2012 3 3544.0
2012 4 3057.0
2012 5 11423.0
2012 6 2220.0
2012 7 125.0
2012 8 5077.0
2012 9 1063.0
2012 10 3403.0
2012 11 3617.0
2012 12 3768.0
2013 1 2390.0
2013 2 2641.0
2013 3 2444.0
2013 4 125.0
2013 5 442.0
2013 6 125.0
2013 7 125.0
2013 8 32297.0
2013 9 150.0
2013 10 250.0
2013 11 125.0
2013 12 150.0
2014 1 525.0
2014 2 175.0
2014 3 5625.0
2014 4 125.0
2014 5 468.0
2014 6 125.0
2014 7 38530.0
2014 8 250.0
2014 9 674.0
2014 10 250.0
2014 11 5949.0
2014 12 200.0
2015 1 24834.0
2015 2 1251.0
2015 3 972.0
2015 4 1081.0
2015 5 2195.0
2015 6 2310.0
2015 7 2088.0
2015 8 1106.0
2015 9 6671.0
2015 10 1720.0
2015 11 1216.0
2015 12 4875.0
2016 1 962.0
2016 2 4056.0
2016 3 972.0
2016 4 1251.0
2016 5 1957.0
2016 6 3114.0
2016 7 1194.0
2016 8 1087.0
2016 9 3811.0
2016 10 887.0
2016 11 5855.0
2016 12 3206.0
2017 1 34261.0
2017 2 887.0
2017 3 1574.0
2017 4 1077.0
2017 5 1746.0
2017 6 1331.0
2017 7 1071.0
2017 8 912.0
2017 9 1218.0
2017 10 2188.0
2017 11 957.0
2017 12 633.0
2018 1 802.0
2018 2 773.0
2018 3 2352.0
2018 4 2066.0
2018 5 827.0
2018 6 5840.0
2018 7 1742.0
2018 8 972.0
2018 9 887.0
2018 10 4633.0
2018 11 4541.0
2018 12 1226.0
2019 1 548.0
2019 2 1056.0
2019 3 912.0
2019 4 843.0
2019 5 927.0
2019 6 1167.0
2019 7 1097.0
2019 8 1795.0
2019 9 1665.0
2019 10 1790.0
2019 11 998.0
2019 12 1192.0
2020 1 1386.0
2020 2 1082.0
2020 3 2154.0
2020 4 3816.0
2020 5 25855.0
2020 6 3603.0
2020 7 3577.0
2020 8 3492.0
2020 9 3732.0
2020 10 3095.0
2020 11 3356.0
2020 12 2952.0
2021 1 3993.0
2021 2 5272.0
2021 3 4673.0
2021 4 1497.0
2021 5 11036.0
2021 6 1097.0
2021 7 768.0
2021 8 1291.0
2021 9 1012.0
2021 10 877.0
2021 11 962.0
2021 12 1097.0
2022 1 1159.0
2022 2 3321.0
2022 3 1159.0
2022 4 2532.0
2022 5 2532.0
2022 6 7878.0
2022 7 1378.0
2022 8 1865.0
2022 9 1865.0
2022 10 1805.0
2022 11 1524.0
2022 12 3718.0
2023 1 2449.0
2023 2 15322.0
2023 3 1645.0
2023 4 977.0
2023 5 1002.0
2023 6 952.0
2023 7 977.0
2023 8 1002.0
2023 9 238.0
2023 10 1513.0
2023 11 1063.0
2023 12 5952.0
2024 1 238.0
2024 2 213.0
2024 3 213.0
2024 4 910.0
2024 5 835.0
2024 6 3546.0
2024 7 2934.0
2024 8 860.0
