1960 5 1614.0
1960 6 1811.0
1960 7 4686.0
1960 8 1872.0
1960 9 949.0
1960 10 912.0
1960 11 1492.0
1960 12 787.0
1961 1 1064.0
1961 2 3483.0
1961 3 5311.0
1961 4 1956.0
1961 5 3742.0
1961 6 5605.0
1961 7 7484.0
1961 8 1972.0
1961 9 533.0
1961 10 1934.0
1961 11 6962.0
1961 12 1147.0
1962 1 646.0
1962 2 1458.0
1962 3 5892.0
1962 4 1957.0
1962 5 2455.0
1962 6 3560.0
1962 7 1885.0
1962 8 3523.0
1962 9 4402.0
1962 10 3460.0
1962 11 1804.0
1962 12 1817.0
1963 1 5427.0
1963 2 2345.0
1963 3 4202.0
1963 4 2317.0
1963 5 3965.0
1963 6 3109.0
1963 7 5314.0
1963 8 5230.0
1963 9 4288.0
1963 10 7072.0
1963 11 2536.0
1963 12 3975.0
1964 1 2955.0
1964 2 2723.0
1964 3 3203.0
1964 4 5799.0
1964 5 16621.0
1964 6 9035.0
1964 7 5449.0
1964 8 7199.0
1964 9 5104.0
1964 10 12045.0
1964 11 5071.0
1964 12 3358.0
1965 1 9008.0
1965 2 3467.0
1965 3 7171.0
1965 4 18042.0
1965 5 3921.0
1965 6 3708.0
1965 7 6566.0
1965 8 9648.0
1965 9 5599.0
1965 10 5758.0
1965 11 4111.0
1965 12 3918.0
1966 1 3087.0
1966 2 3869.0
1966 3 29385.0
1966 4 8610.0
1966 5 6405.0
1966 6 4814.0
1966 7 3406.0
1966 8 3127.0
1966 9 8436.0
1966 10 2259.0
1966 11 4335.0
1966 12 5927.0
1967 1 1031.0
1967 2 2097.0
1967 3 1543.0
1967 4 4558.0
1967 5 3593.0
1967 6 6246.0
1967 7 8544.0
1967 8 2635.0
1967 9 9871.0
1967 10 6878.0
1967 11 7337.0
1967 12 5277.0
1968 1 4841.0
1968 2 5127.0
1968 3 8343.0
1968 4 8243.0
1968 5 10824.0
1968 6 6998.0
1968 7 4608.0
1968 8 7237.0
1968 9 10250.0
1968 10 13271.0
1968 11 5088.0
1968 12 7638.0
1969 1 9580.0
1969 2 10082.0
1969 3 13533.0
1969 4 8308.0
1969 5 3802.0
1969 6 5026.0
1969 7 10430.0
1969 8 6989.0
1969 9 13013.0
1969 10 13521.0
1969 11 10154.0
1969 12 7921.0
1970 1 4406.0
1970 2 5212.0
1970 3 9637.0
1970 4 10617.0
1970 5 6865.0
1970 6 6994.0
1970 7 8252.0
1970 8 9853.0
1970 9 10480.0
1970 10 9173.0
1970 11 18416.0
1970 12 11267.0
1971 1 10626.0
1971 2 7103.0
1971 3 21606.0
1971 4 11565.0
1971 5 14542.0
1971 6 10089.0
1971 7 16669.0
1971 8 13718.0
1971 9 18077.0
1971 10 9307.0
1971 11 11938.0
1971 12 28894.0
1972 1 8757.0
1972 2 10489.0
1972 3 13372.0
1972 4 10386.0
1972 5 7208.0
1972 6 10139.0
1972 7 9851.0
1972 8 13804.0
1972 9 16221.0
1972 10 20335.0
1972 11 11551.0
1972 12 17045.0
1973 1 7464.0
1973 2 5258.0
1973 3 7740.0
1973 4 6443.0
1973 5 12602.0
1973 6 10657.0
1973 7 9138.0
1973 8 10101.0
1973 9 10147.0
1973 10 6090.0
1973 11 7677.0
1973 12 12240.0
1974 1 2833.0
1974 2 7692.0
1974 3 8589.0
1974 4 6906.0
1974 5 4405.0
1974 6 6021.0
1974 7 4338.0
1974 8 2918.0
1974 9 3222.0
1974 10 6285.0
1974 11 2353.0
1974 12 1226.0
1975 1 3275.0
1975 2 4734.0
1975 3 3208.0
1975 4 4173.0
1975 5 4463.0
1975 6 4511.0
1975 7 23896.0
1975 8 2847.0
1975 9 4262.0
1975 10 4538.0
1975 11 2106.0
1975 12 4620.0
1976 1 1469.0
1976 2 3429.0
1976 3 8742.0
1976 4 6710.0
1976 5 6893.0
1976 6 9700.0
1976 7 9458.0
1976 8 8540.0
1976 9 15813.0
1976 10 12379.0
1976 11 7746.0
1976 12 12585.0
1977 1 9766.0
1977 2 3701.0
1977 3 8245.0
1977 4 11777.0
1977 5 11310.0
1977 6 12605.0
1977 7 6691.0
1977 8 16609.0
1977 9 10633.0
1977 10 5873.0
1977 11 12536.0
1977 12 4739.0
1978 1 2246.0
1978 2 13603.0
1978 3 8567.0
1978 4 10574.0
1978 5 7461.0
1978 6 14609.0
1978 7 12474.0
1978 8 6466.0
1978 9 15526.0
1978 10 17234.0
1978 11 5638.0
1978 12 5064.0
1979 1 3386.0
1979 2 2821.0
1979 3 7802.0
1979 4 8429.0
1979 5 8162.0
1979 6 11438.0
1979 7 7155.0
1979 8 11241.0
1979 9 17101.0
1979 10 16007.0
1979 11 10810.0
1979 12 3698.0
1980 1 2676.0
1980 2 4895.0
1980 3 6203.0
1980 4 3621.0
1980 5 3746.0
1980 6 9242.0
1980 7 17356.0
1980 8 8321.0
1980 9 12148.0
1980 10 12350.0
1980 11 7168.0
1980 12 8939.0
1981 1 3630.0
1981 2 2047.0
1981 3 8567.0
1981 4 7648.0
1981 5 4329.0
1981 6 17701.0
1981 7 2901.0
1981 8 14051.0
1981 9 9671.0
1981 10 19083.0
1981 11 2736.0
1981 12 4599.0
1982 1 1535.0
1982 2 696.0
1982 3 10570.0
1982 4 28715.0
1982 5 21420.0
1982 6 7004.0
1982 7 6169.0
1982 8 7024.0
1982 9 12153.0
1982 10 4638.0
1982 11 9135.5
1982 12 13633.0
1983 1 8692.0
1983 2 11205.0
1983 3 9988.0
1983 4 8165.0
1983 5 15305.0
1983 6 14804.0
1983 7 7762.0
1983 8 19815.0
1983 9 18555.0
1983 10 30481.0
1983 11 18610.0
1983 12 9086.0
1984 1 6295.0
1984 2 7837.0
1984 3 22893.0
1984 4 26914.0
1984 5 32288.0
1984 6 31573.0
1984 7 23429.0
1984 8 39478.0
1984 9 61488.0
1984 10 43064.0
1984 11 26100.0
1984 12 16233.0
1985 1 18662.0
1985 2 11484.0
1985 3 36072.0
1985 4 31970.0
1985 5 30769.0
1985 6 40600.0
1985 7 31807.0
1985 8 52603.0
1985 9 52284.0
1985 10 39822.0
1985 11 23272.0
1985 12 32523.0
1986 1 23857.0
1986 2 26112.0
1986 3 22336.0
1986 4 37341.0
1986 5 37754.0
1986 6 35663.0
1986 7 75113.0
1986 8 63802.0
1986 9 34797.0
1986 10 43207.0
1986 11 40127.0
1986 12 25425.0
1987 1 22532.0
1987 2 43780.0
1987 3 39145.0
1987 4 53720.0
1987 5 33824.0
1987 6 21308.0
1987 7 26368.0
1987 8 17219.0
1987 9 38258.0
1987 10 40272.0
1987 11 30142.0
1987 12 15756.0
1988 1 9245.0
1988 2 19650.0
1988 3 18871.0
1988 4 42976.0
1988 5 25571.0
1988 6 33689.0
1988 7 9810.0
1988 8 21079.0
1988 9 37702.0
1988 10 28860.0
1988 11 9947.0
1988 12 35906.0
1989 1 6648.0
1989 2 13418.0
1989 3 24059.0
1989 4 14600.0
1989 5 7633.0
1989 6 18141.0
1989 7 9674.0
1989 8 16169.0
1989 9 17343.0
1989 10 22771.0
1989 11 18544.0
1989 12 10138.0
1990 1 17169.0
1990 2 12298.0
1990 3 7612.0
1990 4 9514.0
1990 5 10702.0
1990 6 11272.0
1990 7 12209.0
1990 8 11532.0
1990 9 10896.0
1990 10 8312.0
1990 11 4843.0
1990 12 12098.0
1991 1 7550.0
1991 2 12146.0
1991 3 10222.0
1991 4 12937.0
1991 5 5163.0
1991 6 9614.0
1991 7 11339.0
1991 8 9628.0
1991 9 8286.0
1991 10 19418.0
1991 11 9615.0
1991 12 27245.0
1992 1 10132.0
1992 2 8990.0
1992 3 14141.0
1992 4 10933.0
1992 5 11479.0
1992 6 18477.0
1992 7 12257.0
1992 8 19763.0
1992 9 14062.0
1992 10 13796.0
1992 11 12585.0
1992 12 10589.0
1993 1 16803.0
1993 2 10518.0
1993 3 11209.0
1993 4 9583.0
1993 5 12257.0
1993 6 10041.0
1993 7 7267.0
1993 8 16339.0
1993 9 17065.0
1993 10 16611.0
1993 11 25479.0
1993 12 7354.0
1994 1 4834.0
1994 2 10898.0
1994 3 13104.0
1994 4 10048.0
1994 5 15134.0
1994 6 15373.0
1994 7 14187.0
1994 8 19640.0
1994 9 22752.0
1994 10 22639.0
1994 11 19119.0
1994 12 10624.0
1995 1 9426.0
1995 2 7763.0
1995 3 20084.0
1995 4 17255.0
1995 5 15998.0
1995 6 15718.0
1995 7 8344.0
1995 8 29497.0
1995 9 16322.0
1995 10 23410.0
1995 11 9008.0
1995 12 9530.0
1996 1 13047.0
1996 2 16932.0
1996 3 25185.0
1996 4 31146.0
1996 5 15872.0
1996 6 15197.0
1996 7 11089.0
1996 8 18309.0
1996 9 24665.0
1996 10 22862.0
1996 11 14777.0
1996 12 11119.0
1997 1 20552.0
1997 2 14743.0
1997 3 21509.0
1997 4 29841.0
1997 5 23881.0
1997 6 16915.0
1997 7 31884.0
1997 8 28470.0
1997 9 25713.0
1997 10 27731.0
1997 11 28540.0
1997 12 12801.0
1998 1 12906.0
1998 2 20907.0
1998 3 28841.0
1998 4 16484.0
1998 5 40322.0
1998 6 12134.0
1998 7 14257.0
1998 8 18154.0
1998 9 33998.0
1998 10 20787.0
1998 11 18385.0
1998 12 29589.0
1999 1 4768.0
1999 2 15487.0
1999 3 34967.0
1999 4 13048.0
1999 5 21669.0
1999 6 22872.0
1999 7 12154.0
1999 8 16972.0
1999 9 30474.0
1999 10 36831.0
1999 11 28197.0
1999 12 36484.0
2000 1 26958.0
2000 2 10869.0
2000 3 35454.0
2000 4 37200.0
2000 5 16979.0
2000 6 28030.0
2000 7 15532.0
2000 8 14559.0
2000 9 14387.0
2000 10 54724.0
2000 11 20482.0
2000 12 13392.0
2001 1 59681.0
2001 2 20447.0
2001 3 39217.0
2001 4 35141.0
2001 5 27695.0
2001 6 14281.0
2001 7 30793.0
2001 8 32855.0
2001 9 15391.0
2001 10 21050.0
2001 11 24782.0
2001 12 19879.0
2002 1 20651.0
2002 2 19616.0
2002 3 20865.0
2002 4 19486.0
2002 5 50608.0
2002 6 23091.0
2002 7 25344.0
2002 8 92876.0
2002 9 77918.0
2002 10 23163.0
2002 11 20661.0
2002 12 63535.0
2003 1 23371.0
2003 2 8849.0
2003 3 30273.0
2003 4 33828.0
2003 5 30100.0
2003 6 40479.0
2003 7 44682.0
2003 8 41251.0
2003 9 24384.0
2003 10 34281.0
2003 11 29895.0
2003 12 16231.0
2004 1 57709.0
2004 2 13180.0
2004 3 27722.0
2004 4 46091.0
2004 5 16879.0
2004 6 27282.0
2004 7 14980.0
2004 8 34310.0
2004 9 99048.0
2004 10 25195.0
2004 11 37502.0
2004 12 32821.0
2005 1 17551.0
2005 2 36099.0
2005 3 33262.0
2005 4 49145.0
2005 5 39058.0
2005 6 46465.0
2005 7 45018.0
2005 8 54361.0
2005 9 25862.0
2005 10 30255.0
2005 11 31988.0
2005 12 53375.0
2006 1 34599.0
2006 2 66799.0
2006 3 55127.0
2006 4 28858.0
2006 5 79495.0
2006 6 90339.0
2006 7 45889.0
2006 8 114233.0
2006 9 59405.0
2006 10 33621.0
2006 11 16657.0
2006 12 41774.0
2007 1 26877.0
2007 2 24655.0
2007 3 51697.0
2007 4 50510.0
2007 5 23156.0
2007 6 28951.0
2007 7 43118.0
2007 8 26962.0
2007 9 25587.0
2007 10 43605.0
2007 11 25692.0
2007 12 13741.0
2008 1 28560.0
2008 2 23019.0
2008 3 19357.0
2008 4 49974.0
2008 5 18427.0
2008 6 27189.0
2008 7 27010.0
2008 8 63601.0
2008 9 33452.0
2008 10 26191.0
2008 11 26021.0
2008 12 6747.0
2009 1 11607.0
2009 2 5768.0
2009 3 9566.0
2009 4 10345.0
2009 5 13284.0
2009 6 27487.0
2009 7 17427.0
2009 8 10163.0
2009 9 14731.0
2009 10 11391.0
2009 11 16789.0
2009 12 27612.0
2010 1 8714.0
2010 2 9182.0
2010 3 16127.0
2010 4 12192.0
2010 5 15561.0
2010 6 11759.0
2010 7 11718.0
2010 8 19512.0
2010 9 30602.0
2010 10 16885.0
2010 11 8572.0
2010 12 12869.0
2011 1 11867.0
2011 2 22552.0
2011 3 13294.0
2011 4 25992.0
2011 5 17426.0
2011 6 42580.0
2011 7 14870.0
2011 8 18101.0
2011 9 14607.0
2011 10 10188.0
2011 11 14100.0
2011 12 6382.0
2012 1 7614.0
2012 2 14690.0
2012 3 25891.0
2012 4 11658.0
2012 5 21437.0
2012 6 19231.0
2012 7 6896.0
2012 8 29284.0
2012 9 22561.0
2012 10 82368.0
2012 11 24659.0
2012 12 18600.0
2013 1 19299.0
2013 2 19160.0
2013 3 33964.0
2013 4 12250.0
2013 5 20141.0
2013 6 27057.0
2013 7 6434.0
2013 8 16799.0
2013 9 25878.0
2013 10 48790.0
2013 11 30169.0
2013 12 10694.0
2014 1 69884.0
2014 2 17305.0
2014 3 38676.0
2014 4 73157.0
2014 5 59621.0
2014 6 96610.0
2014 7 35085.0
2014 8 32146.0
2014 9 64677.0
2014 10 63077.0
2014 11 38283.0
2014 12 34566.0
2015 1 26608.0
2015 2 19326.0
2015 3 61629.0
2015 4 24848.0
2015 5 25002.0
2015 6 54913.0
2015 7 65056.0
2015 8 87435.0
2015 9 44662.0
2015 10 59023.0
2015 11 135779.0
2015 12 130330.0
2016 1 41191.0
2016 2 15610.0
2016 3 82923.0
2016 4 82725.0
2016 5 78167.0
2016 6 55694.0
2016 7 97572.0
2016 8 51266.0
2016 9 67072.0
2016 10 104795.0
2016 11 91513.0
2016 12 77726.0
2017 1 48475.0
2017 2 25080.0
2017 3 39142.0
2017 4 29181.0
2017 5 77182.0
2017 6 35686.0
2017 7 31390.0
2017 8 125940.0
2017 9 52682.0
2017 10 145319.0
2017 11 33834.0
2017 12 62249.0
2018 1 13807.0
2018 2 12725.0
2018 3 52585.0
2018 4 43852.0
2018 5 54917.0
2018 6 73260.0
2018 7 6121.0
2018 8 55553.0
2018 9 11747.0
2018 10 69401.0
2018 11 70952.0
2018 12 4631.0
2019 1 45620.0
2019 2 39961.0
2019 3 86987.0
2019 4 21420.0
2019 5 43897.0
2019 6 25624.0
2019 7 40049.0
2019 8 81142.0
2019 9 42695.0
2019 10 82459.0
2019 11 50975.0
2019 12 56489.0
2020 1 87967.0
2020 2 53735.0
2020 3 40465.0
2020 4 25864.0
2020 5 67942.0
2020 6 38679.0
2020 7 97531.0
2020 8 44180.0
2020 9 29293.0
2020 10 38363.0
2020 11 88673.0
2020 12 19843.0
2021 1 38371.0
2021 2 31717.0
2021 3 80877.0
2021 4 70202.0
2021 5 88024.0
2021 6 31489.0
2021 7 62937.0
2021 8 86180.0
2021 9 100725.0
2021 10 92283.0
2021 11 33402.0
2021 12 95177.0
2022 1 121138.0
2022 2 67618.0
2022 3 99352.0
2022 4 123936.0
2022 5 93636.0
2022 6 135201.0
2022 7 89669.0
2022 8 151411.0
2022 9 92453.0
2022 10 99549.0
2022 11 83668.0
2022 12 52799.0
2023 1 69282.0
2023 2 53999.0
2023 3 90866.0
2023 4 37724.0
2023 5 125225.0
2023 6 76482.0
2023 7 64651.0
2023 8 87821.0
2023 9 50639.0
2023 10 37518.0
2023 11 61614.0
2023 12 47799.0
2024 1 90613.0
2024 2 50596.0
2024 3 34916.0
2024 4 30512.0
2024 5 33072.0
2024 6 122118.0
2024 7 77168.0
2024 8 120197.0
