1960 5 1935.0
1960 6 1476.0
1960 7 870.0
1960 8 1524.0
1960 9 1987.0
1960 10 1667.0
1960 11 1667.0
1960 12 857.0
1961 1 1156.0
1961 2 985.0
1961 3 1496.0
1961 4 1617.0
1961 5 1963.0
1961 6 1552.0
1961 7 1505.0
1961 8 1289.0
1961 9 1208.0
1961 10 1226.0
1961 11 949.0
1961 12 972.0
1962 1 467.0
1962 2 911.0
1962 3 1299.0
1962 4 1575.0
1962 5 1347.0
1962 6 1547.0
1962 7 1162.0
1962 8 1335.0
1962 9 1222.0
1962 10 966.0
1962 11 802.0
1962 12 924.0
1963 1 820.0
1963 2 847.0
1963 3 1399.0
1963 4 1440.0
1963 5 1548.0
1963 6 1413.0
1963 7 1309.0
1963 8 1072.0
1963 9 1437.0
1963 10 1567.0
1963 11 932.0
1963 12 685.0
1964 1 619.0
1964 2 607.0
1964 3 1065.0
1964 4 1962.0
1964 5 1206.0
1964 6 1113.0
1964 7 1438.0
1964 8 899.0
1964 9 1275.0
1964 10 1626.0
1964 11 657.0
1964 12 606.0
1965 1 527.0
1965 2 608.0
1965 3 1062.0
1965 4 1698.0
1965 5 1381.0
1965 6 1609.0
1965 7 1298.0
1965 8 1449.0
1965 9 993.0
1965 10 983.0
1965 11 985.0
1965 12 772.0
1966 1 473.0
1966 2 545.0
1966 3 1085.0
1966 4 1197.0
1966 5 1058.0
1966 6 829.0
1966 7 503.0
1966 8 551.0
1966 9 601.0
1966 10 503.0
1966 11 536.0
1966 12 304.0
1967 1 311.0
1967 2 450.0
1967 3 636.0
1967 4 969.0
1967 5 1067.0
1967 6 716.0
1967 7 959.0
1967 8 843.0
1967 9 597.0
1967 10 906.0
1967 11 741.0
1967 12 255.0
1968 1 353.0
1968 2 389.0
1968 3 958.0
1968 4 940.0
1968 5 1720.0
1968 6 1907.0
1968 7 1302.0
1968 8 917.0
1968 9 1126.0
1968 10 1704.0
1968 11 1240.0
1968 12 751.0
1969 1 475.0
1969 2 264.0
1969 3 516.0
1969 4 2287.0
1969 5 599.0
1969 6 1945.0
1969 7 602.0
1969 8 668.0
1969 9 425.0
1969 10 699.0
1969 11 1119.0
1969 12 856.0
1970 1 363.0
1970 2 589.0
1970 3 1112.0
1970 4 1731.0
1970 5 1452.0
1970 6 1165.0
1970 7 1022.0
1970 8 962.0
1970 9 1781.0
1970 10 1190.0
1970 11 1328.0
1970 12 799.0
1971 1 477.0
1971 2 642.0
1971 3 1395.0
1971 4 2282.0
1971 5 2516.0
1971 6 2185.0
1971 7 2817.0
1971 8 2223.0
1971 9 2906.0
1971 10 2464.0
1971 11 2065.0
1971 12 596.0
1972 1 552.0
1972 2 736.0
1972 3 3935.0
1972 4 4908.0
1972 5 3200.0
1972 6 3790.0
1972 7 2030.0
1972 8 3101.0
1972 9 3438.0
1972 10 4099.0
1972 11 2277.0
1972 12 1099.0
1973 1 706.0
1973 2 1059.0
1973 3 2858.0
1973 4 4003.0
1973 5 4148.0
1973 6 2451.0
1973 7 2161.0
1973 8 3254.0
1973 9 2246.0
1973 10 3286.0
1973 11 1439.0
1973 12 1730.0
1974 1 782.0
1974 2 2086.0
1974 3 2597.0
1974 4 4400.0
1974 5 4185.0
1974 6 3578.0
1974 7 3115.0
1974 8 2928.0
1974 9 4180.0
1974 10 2597.0
1974 11 4009.0
1974 12 2065.0
1975 1 1996.0
1975 2 1672.0
1975 3 3435.0
1975 4 4823.0
1975 5 6939.0
1975 6 5521.0
1975 7 5591.0
1975 8 4840.0
1975 9 7723.0
1975 10 4475.0
1975 11 4950.0
1975 12 2922.0
1976 1 3130.0
1976 2 3439.0
1976 3 7426.0
1976 4 9776.0
1976 5 5873.0
1976 6 7700.0
1976 7 6471.0
1976 8 7165.0
1976 9 6827.0
1976 10 7552.0
1976 11 4862.0
1976 12 4214.0
1977 1 2349.0
1977 2 4744.0
1977 3 10652.0
1977 4 7301.0
1977 5 10606.0
1977 6 11851.0
1977 7 9412.0
1977 8 8990.0
1977 9 8809.0
1977 10 8912.0
1977 11 6992.0
1977 12 4782.0
1978 1 1532.0
1978 2 3224.0
1978 3 11080.0
1978 4 12629.0
1978 5 11008.0
1978 6 10916.0
1978 7 7835.0
1978 8 7864.0
1978 9 6574.0
1978 10 8644.0
1978 11 6516.0
1978 12 2436.0
1979 1 1407.0
1979 2 3144.0
1979 3 6860.0
1979 4 7050.0
1979 5 9699.0
1979 6 9565.0
1979 7 6837.0
1979 8 8483.0
1979 9 6145.0
1979 10 7290.0
1979 11 4645.0
1979 12 1640.0
1980 1 2427.0
1980 2 2000.0
1980 3 2798.0
1980 4 5778.0
1980 5 4094.0
1980 6 4799.0
1980 7 6383.0
1980 8 4705.0
1980 9 4900.0
1980 10 6083.0
1980 11 3047.0
1980 12 1669.0
1981 1 1998.0
1981 2 1581.0
1981 3 3138.0
1981 4 4200.0
1981 5 4786.0
1981 6 3836.0
1981 7 3219.0
1981 8 5329.0
1981 9 3324.0
1981 10 3103.0
1981 11 2990.0
1981 12 3117.0
1982 1 744.0
1982 2 1391.0
1982 3 2665.0
1982 4 3250.0
1982 5 4044.0
1982 6 4577.0
1982 7 3884.0
1982 8 3143.0
1982 9 3859.0
1982 10 4792.0
1982 11 3557.0
1982 12 2322.0
1983 1 2799.0
1983 2 2392.0
1983 3 9026.0
1983 4 9984.0
1983 5 11284.0
1983 6 10505.0
1983 7 7166.0
1983 8 8188.0
1983 9 7872.0
1983 10 8107.0
1983 11 6896.0
1983 12 2518.0
1984 1 4590.0
1984 2 4651.0
1984 3 8877.0
1984 4 9886.0
1984 5 9052.0
1984 6 10771.0
1984 7 7147.0
1984 8 8146.0
1984 9 6540.0
1984 10 6482.0
1984 11 6508.0
1984 12 2409.0
1985 1 2407.0
1985 2 2851.0
1985 3 4387.0
1985 4 5189.0
1985 5 7159.0
1985 6 6035.0
1985 7 4875.0
1985 8 4584.0
1985 9 5200.0
1985 10 6343.0
1985 11 2962.0
1985 12 2641.0
1986 1 2265.0
1986 2 2485.0
1986 3 3910.0
1986 4 4790.0
1986 5 4576.0
1986 6 6201.0
1986 7 4648.0
1986 8 5270.0
1986 9 5137.0
1986 10 4969.0
1986 11 2471.0
1986 12 1888.0
1987 1 1275.0
1987 2 1976.0
1987 3 3528.0
1987 4 4657.0
1987 5 4142.0
1987 6 4618.0
1987 7 4186.0
1987 8 3666.0
1987 9 4620.0
1987 10 4138.0
1987 11 3334.0
1987 12 2059.0
1988 1 1020.0
1988 2 1636.0
1988 3 2884.0
1988 4 4856.0
1988 5 4649.0
1988 6 4945.0
1988 7 4060.0
1988 8 4764.0
1988 9 5497.0
1988 10 4362.0
1988 11 2792.0
1988 12 1821.0
1989 1 1240.0
1989 2 1192.0
1989 3 4278.0
1989 4 5283.0
1989 5 5477.0
1989 6 4737.0
1989 7 4325.0
1989 8 5350.0
1989 9 4316.0
1989 10 3920.0
1989 11 3598.0
1989 12 1781.0
1990 1 1982.0
1990 2 1507.0
1990 3 5676.0
1990 4 5922.0
1990 5 8466.0
1990 6 5924.0
1990 7 6797.0
1990 8 6379.0
1990 9 5296.0
1990 10 5653.0
1990 11 4772.0
1990 12 1737.0
1991 1 2408.0
1991 2 4092.0
1991 3 4958.0
1991 4 6962.0
1991 5 8282.0
1991 6 8201.0
1991 7 8650.0
1991 8 7243.0
1991 9 10281.0
1991 10 8410.0
1991 11 6889.0
1991 12 6019.0
1992 1 5180.0
1992 2 8986.0
1992 3 11989.0
1992 4 13400.0
1992 5 12418.0
1992 6 15190.0
1992 7 14964.0
1992 8 13376.0
1992 9 13412.0
1992 10 14779.0
1992 11 10617.0
1992 12 7345.0
1993 1 3712.0
1993 2 5027.0
1993 3 13194.0
1993 4 18698.0
1993 5 15449.0
1993 6 17886.0
1993 7 15343.0
1993 8 19344.0
1993 9 17519.0
1993 10 15761.0
1993 11 12765.0
1993 12 10013.0
1994 1 7237.0
1994 2 10001.0
1994 3 20291.0
1994 4 23861.0
1994 5 24603.0
1994 6 21670.0
1994 7 19243.0
1994 8 15307.0
1994 9 15850.0
1994 10 15097.0
1994 11 11605.0
1994 12 8466.0
1995 1 6977.0
1995 2 7668.0
1995 3 14211.0
1995 4 17109.0
1995 5 20162.0
1995 6 18312.0
1995 7 16313.0
1995 8 16811.0
1995 9 15660.0
1995 10 14819.0
1995 11 13229.0
1995 12 8108.0
1996 1 4687.0
1996 2 7317.0
1996 3 14088.0
1996 4 20844.0
1996 5 16239.0
1996 6 15774.0
1996 7 16658.0
1996 8 17038.0
1996 9 12530.0
1996 10 14122.0
1996 11 6999.0
1996 12 4875.0
1997 1 4856.0
1997 2 7989.0
1997 3 11944.0
1997 4 19641.0
1997 5 16576.0
1997 6 14024.0
1997 7 16891.0
1997 8 12430.0
1997 9 14776.0
1997 10 12665.0
1997 11 7715.0
1997 12 4835.0
1998 1 4910.0
1998 2 8403.0
1998 3 16109.0
1998 4 20087.0
1998 5 18878.0
1998 6 15778.0
1998 7 16997.0
1998 8 11872.0
1998 9 14444.0
1998 10 15540.0
1998 11 13999.0
1998 12 8657.0
1999 1 5192.0
1999 2 8454.0
1999 3 17064.0
1999 4 16648.0
1999 5 16850.0
1999 6 18980.0
1999 7 14764.0
1999 8 13330.0
1999 9 10929.0
1999 10 12468.0
1999 11 9623.0
1999 12 8960.0
2000 1 6938.0
2000 2 8923.0
2000 3 19008.0
2000 4 18929.0
2000 5 15827.0
2000 6 19838.0
2000 7 14270.0
2000 8 18545.0
2000 9 12076.0
2000 10 14785.0
2000 11 11583.0
2000 12 8392.0
2001 1 10008.0
2001 2 9572.0
2001 3 16098.0
2001 4 19306.0
2001 5 21043.0
2001 6 18969.0
2001 7 18224.0
2001 8 18908.0
2001 9 13740.0
2001 10 16104.0
2001 11 11415.0
2001 12 10644.0
2002 1 14107.0
2002 2 13324.0
2002 3 17425.0
2002 4 24677.0
2002 5 28405.0
2002 6 24605.0
2002 7 20331.0
2002 8 22713.0
2002 9 21289.0
2002 10 27531.0
2002 11 17633.0
2002 12 12913.0
2003 1 16163.0
2003 2 15209.0
2003 3 20396.0
2003 4 38278.0
2003 5 27768.0
2003 6 30393.0
2003 7 32566.0
2003 8 28272.0
2003 9 31613.0
2003 10 27494.0
2003 11 19094.0
2003 12 18496.0
2004 1 11619.0
2004 2 14621.0
2004 3 27104.0
2004 4 32302.0
2004 5 33469.0
2004 6 36473.0
2004 7 33371.0
2004 8 28046.0
2004 9 35680.0
2004 10 24853.0
2004 11 25388.0
2004 12 26884.0
2005 1 30987.0
2005 2 24323.0
2005 3 46956.0
2005 4 62546.0
2005 5 68881.0
2005 6 53053.0
2005 7 46144.0
2005 8 62468.0
2005 9 78915.0
2005 10 70578.0
2005 11 52020.0
2005 12 37973.0
2006 1 45944.0
2006 2 43633.0
2006 3 53695.0
2006 4 59305.0
2006 5 68607.0
2006 6 62909.0
2006 7 52411.0
2006 8 61205.0
2006 9 53331.0
2006 10 45685.0
2006 11 38718.0
2006 12 32116.0
2007 1 25398.0
2007 2 41144.0
2007 3 57962.0
2007 4 55494.0
2007 5 66998.0
2007 6 52335.0
2007 7 57420.0
2007 8 47731.0
2007 9 42089.0
2007 10 53958.0
2007 11 32804.0
2007 12 22900.0
2008 1 20613.0
2008 2 24080.0
2008 3 28436.0
2008 4 40018.0
2008 5 38254.0
2008 6 37866.0
2008 7 39839.0
2008 8 32164.0
2008 9 30821.0
2008 10 25682.0
2008 11 11902.0
2008 12 11526.0
2009 1 8045.0
2009 2 13832.0
2009 3 14491.0
2009 4 14167.0
2009 5 24347.0
2009 6 29828.0
2009 7 25890.0
2009 8 25572.0
2009 9 20651.0
2009 10 23896.0
2009 11 19364.0
2009 12 9522.0
2010 1 13617.0
2010 2 14188.0
2010 3 29087.0
2010 4 28821.0
2010 5 26803.0
2010 6 27683.0
2010 7 29981.0
2010 8 22228.0
2010 9 19564.0
2010 10 20606.0
2010 11 12990.0
2010 12 9637.0
2011 1 7918.0
2011 2 11922.0
2011 3 23523.0
2011 4 17009.0
2011 5 26680.0
2011 6 36237.0
2011 7 31195.0
2011 8 33283.0
2011 9 21133.0
2011 10 23623.0
2011 11 16118.0
2011 12 15568.0
2012 1 14896.0
2012 2 15528.0
2012 3 23917.0
2012 4 37877.0
2012 5 31653.0
2012 6 37852.0
2012 7 38555.0
2012 8 37431.0
2012 9 37698.0
2012 10 36035.0
2012 11 27550.0
2012 12 13965.0
2013 1 25670.0
2013 2 26141.0
2013 3 37470.0
2013 4 42595.0
2013 5 52317.0
2013 6 46483.0
2013 7 53263.0
2013 8 50234.0
2013 9 34315.0
2013 10 41682.0
2013 11 24991.0
2013 12 15913.0
2014 1 23265.0
2014 2 13823.0
2014 3 31762.0
2014 4 36740.0
2014 5 42681.0
2014 6 50817.0
2014 7 51238.0
2014 8 43953.0
2014 9 33007.0
2014 10 43210.0
2014 11 24844.0
2014 12 23950.0
2015 1 20028.0
2015 2 31855.0
2015 3 42674.0
2015 4 55082.0
2015 5 70202.0
2015 6 54839.0
2015 7 44957.0
2015 8 43540.0
2015 9 41741.0
2015 10 47722.0
2015 11 32484.0
2015 12 33448.0
2016 1 27764.0
2016 2 35275.0
2016 3 52147.0
2016 4 57533.0
2016 5 51289.0
2016 6 60684.0
2016 7 66649.0
2016 8 64912.0
2016 9 46824.0
2016 10 59466.0
2016 11 38463.0
2016 12 25661.0
2017 1 21207.0
2017 2 37467.0
2017 3 58710.0
2017 4 63849.0
2017 5 57035.0
2017 6 77257.0
2017 7 57758.0
2017 8 62945.0
2017 9 51671.0
2017 10 68334.0
2017 11 39069.0
2017 12 27495.0
2018 1 31926.0
2018 2 30577.0
2018 3 52639.0
2018 4 76896.0
2018 5 65563.0
2018 6 68573.0
2018 7 72739.0
2018 8 74027.0
2018 9 60527.0
2018 10 56661.0
2018 11 40953.0
2018 12 26903.0
2019 1 40054.0
2019 2 26276.0
2019 3 39434.0
2019 4 73927.0
2019 5 53000.0
2019 6 62075.0
2019 7 54199.0
2019 8 60926.0
2019 9 51309.0
2019 10 44793.0
2019 11 38718.0
2019 12 33510.0
2020 1 44379.0
2020 2 41310.0
2020 3 59250.0
2020 4 43962.0
2020 5 48893.0
2020 6 64135.0
2020 7 63885.0
2020 8 65838.0
2020 9 64083.0
2020 10 67940.0
2020 11 51384.0
2020 12 63559.0
2021 1 40402.0
2021 2 41493.0
2021 3 99340.0
2021 4 105916.0
2021 5 85992.0
2021 6 82829.0
2021 7 83724.0
2021 8 90748.0
2021 9 69421.0
2021 10 70065.0
2021 11 64770.0
2021 12 41875.0
2022 1 53198.0
2022 2 107291.0
2022 3 89408.0
2022 4 82037.0
2022 5 69988.0
2022 6 62557.0
2022 7 68998.0
2022 8 105440.0
2022 9 55628.0
2022 10 67918.0
2022 11 27383.0
2022 12 46657.0
2023 1 33898.0
2023 2 22525.0
2023 3 63692.0
2023 4 60456.0
2023 5 139483.0
2023 6 64142.0
2023 7 57565.0
2023 8 84465.0
2023 9 76409.0
2023 10 63705.0
2023 11 47048.0
2023 12 33119.0
2024 1 57792.0
2024 2 52319.0
2024 3 71241.0
2024 4 71364.0
2024 5 78979.0
2024 6 138948.0
2024 7 118873.0
2024 8 79853.0
