1960 5 182.0
1960 6 491.0
1960 7 121.0
1960 8 210.0
1960 9 51.0
1960 10 264.0
1960 11 102.0
1960 12 150.0
1961 1 246.0
1961 2 304.0
1961 3 207.0
1961 4 353.0
1961 5 126.0
1961 6 47.0
1961 7 158.5
1961 8 270.0
1961 9 174.0
1961 10 175.0
1961 11 4.0
1961 12 207.0
1962 1 74.0
1962 2 71.0
1962 3 68.0
1962 4 162.0
1962 5 127.0
1962 6 149.0
1962 7 69.0
1962 8 288.5
1962 9 508.0
1962 10 64.0
1962 11 481.0
1962 12 60.0
1963 1 26.0
1963 2 76.0
1963 3 266.0
1963 4 177.0
1963 5 253.0
1963 6 368.0
1963 7 126.0
1963 8 209.0
1963 9 380.0
1963 10 806.0
1963 11 400.0
1963 12 292.0
1964 1 184.0
1964 2 202.0
1964 3 220.0
1964 4 120.0
1964 5 83.0
1964 6 49.0
1964 7 277.0
1964 8 146.0
1964 9 195.0
1964 10 238.0
1964 11 223.0
1964 12 85.0
1965 1 223.0
1965 2 125.0
1965 3 27.0
1965 4 170.0
1965 5 1126.0
1965 6 699.0
1965 7 81.0
1965 8 383.0
1965 9 426.0
1965 10 176.0
1965 11 130.0
1965 12 215.0
1966 1 76.0
1966 2 64.0
1966 3 152.0
1966 4 628.0
1966 5 144.0
1966 6 231.0
1966 7 8.0
1966 8 57.5
1966 9 107.0
1966 10 78.0
1966 11 76.66666666666667
1966 12 75.33333333333333
1967 1 74.0
1967 2 92.0
1967 3 51.0
1967 4 98.0
1967 5 83.0
1967 6 135.0
1967 7 187.0
1967 8 342.0
1967 9 497.0
1967 10 48.0
1967 11 260.0
1967 12 155.5
1968 1 51.0
1968 2 226.0
1968 3 204.0
1968 4 802.0
1968 5 135.0
1968 6 120.0
1968 7 43.0
1968 8 171.0
1968 9 122.0
1968 10 691.0
1968 11 677.0
1968 12 167.0
1969 1 67.0
1969 2 100.0
1969 3 1300.0
1969 4 503.0
1969 5 750.0
1969 6 371.0
1969 7 1084.0
1969 8 197.0
1969 9 1524.0
1969 10 1870.0
1969 11 81.0
1969 12 590.0
1970 1 286.0
1970 2 808.0
1970 3 244.0
1970 4 179.0
1970 5 178.0
1970 6 6405.0
1970 7 750.0
1970 8 62.0
1970 9 583.0
1970 10 9104.0
1970 11 945.0
1970 12 288.0
1971 1 184.0
1971 2 80.0
1971 3 196.0
1971 4 2724.0
1971 5 2142.0
1971 6 2254.0
1971 7 651.0
1971 8 3897.0
1971 9 1077.0
1971 10 1349.0
1971 11 1625.0
1971 12 28.0
1972 1 185.0
1972 2 307.0
1972 3 918.0
1972 4 973.0
1972 5 1283.0
1972 6 2326.0
1972 7 299.0
1972 8 1152.0
1972 9 665.0
1972 10 1607.0
1972 11 1089.0
1972 12 1815.0
1973 1 2600.0
1973 2 140.0
1973 3 917.0
1973 4 2046.0
1973 5 691.0
1973 6 1422.0
1973 7 1179.0
1973 8 1029.0
1973 9 120.0
1973 10 2308.0
1973 11 378.0
1973 12 2063.0
1974 1 195.0
1974 2 908.0
1974 3 573.0
1974 4 1373.0
1974 5 1751.0
1974 6 912.0
1974 7 402.0
1974 8 199.0
1974 9 298.0
1974 10 397.0
1974 11 1699.0
1974 12 222.0
1975 1 302.0
1975 2 1783.0
1975 3 3602.0
1975 4 768.0
1975 5 3944.0
1975 6 2531.0
1975 7 147.0
1975 8 787.0
1975 9 3957.0
1975 10 6968.0
1975 11 968.0
1975 12 1187.0
1976 1 628.0
1976 2 3189.0
1976 3 2069.0
1976 4 3112.0
1976 5 922.0
1976 6 2932.0
1976 7 1579.0
1976 8 1997.0
1976 9 4405.0
1976 10 2481.0
1976 11 2466.0
1976 12 1866.0
1977 1 1019.0
1977 2 1409.0
1977 3 3961.0
1977 4 3812.0
1977 5 4064.0
1977 6 4894.0
1977 7 4168.0
1977 8 4466.0
1977 9 6255.0
1977 10 5267.0
1977 11 4619.0
1977 12 5891.0
1978 1 412.0
1978 2 4465.0
1978 3 5191.0
1978 4 2129.0
1978 5 3250.0
1978 6 1906.0
1978 7 2410.0
1978 8 3582.0
1978 9 2642.0
1978 10 3785.0
1978 11 1449.0
1978 12 3162.0
1979 1 247.0
1979 2 556.0
1979 3 1025.0
1979 4 1001.0
1979 5 2396.0
1979 6 2195.0
1979 7 990.0
1979 8 3654.0
1979 9 2101.0
1979 10 2707.0
1979 11 1627.0
1979 12 1670.0
1980 1 405.0
1980 2 298.0
1980 3 1998.0
1980 4 1527.0
1980 5 725.0
1980 6 1667.0
1980 7 2065.0
1980 8 2968.0
1980 9 2745.0
1980 10 1033.0
1980 11 694.0
1980 12 312.0
1981 1 1964.0
1981 2 2079.0
1981 3 660.0
1981 4 857.0
1981 5 3343.0
1981 6 853.0
1981 7 1154.0
1981 8 694.0
1981 9 1623.0
1981 10 2019.0
1981 11 586.0
1981 12 1607.0
1982 1 85.0
1982 2 364.0
1982 3 881.0
1982 4 617.0
1982 5 3031.0
1982 6 2699.0
1982 7 2692.0
1982 8 799.0
1982 9 2659.0
1982 10 1989.0
1982 11 1794.5
1982 12 1600.0
1983 1 643.0
1983 2 1564.0
1983 3 3705.0
1983 4 1247.0
1983 5 2649.0
1983 6 2904.0
1983 7 7879.0
1983 8 4538.0
1983 9 1215.0
1983 10 5412.0
1983 11 2836.0
1983 12 1516.0
1984 1 1378.0
1984 2 1748.0
1984 3 3899.0
1984 4 2736.0
1984 5 2710.0
1984 6 3700.0
1984 7 7705.0
1984 8 2321.0
1984 9 1201.0
1984 10 2535.0
1984 11 3972.0
1984 12 2308.0
1985 1 1604.0
1985 2 544.0
1985 3 350.0
1985 4 2568.0
1985 5 3219.0
1985 6 2164.0
1985 7 1295.0
1985 8 2301.0
1985 9 761.0
1985 10 1730.0
1985 11 7315.0
1985 12 6160.0
1986 1 659.0
1986 2 387.0
1986 3 803.0
1986 4 919.0
1986 5 300.0
1986 6 1701.0
1986 7 327.0
1986 8 678.0
1986 9 1339.0
1986 10 549.0
1986 11 499.0
1986 12 211.0
1987 1 157.5
1987 2 104.0
1987 3 402.0
1987 4 94.0
1987 5 320.0
1987 6 633.0
1987 7 350.0
1987 8 777.0
1987 9 2220.0
1987 10 80.0
1987 11 94.0
1987 12 316.0
1988 1 189.0
1988 2 5296.0
1988 3 240.0
1988 4 238.0
1988 5 900.0
1988 6 570.5
1988 7 241.0
1988 8 400.0
1988 9 121.0
1988 10 572.0
1988 11 97.0
1988 12 127.0
1989 1 173.0
1989 2 219.0
1989 3 265.0
1989 4 651.0
1989 5 67.0
1989 6 1163.0
1989 7 130.0
1989 8 1201.0
1989 9 103.0
1989 10 450.0
1989 11 296.0
1989 12 441.0
1990 1 298.5
1990 2 156.0
1990 3 862.0
1990 4 449.0
1990 5 690.0
1990 6 463.0
1990 7 1612.0
1990 8 802.0
1990 9 1017.0
1990 10 2388.0
1990 11 3079.0
1990 12 2632.0
1991 1 182.0
1991 2 471.0
1991 3 578.0
1991 4 1173.0
1991 5 1862.0
1991 6 1390.0
1991 7 1900.0
1991 8 2876.0
1991 9 4125.0
1991 10 4606.0
1991 11 2914.0
1991 12 815.0
1992 1 1456.0
1992 2 917.0
1992 3 1251.0
1992 4 1313.0
1992 5 2764.0
1992 6 1752.0
1992 7 2962.0
1992 8 2310.0
1992 9 1471.0
1992 10 1780.0
1992 11 662.0
1992 12 1691.0
1993 1 147.0
1993 2 357.0
1993 3 2635.0
1993 4 2995.0
1993 5 5936.0
1993 6 2669.0
1993 7 2277.0
1993 8 3708.0
1993 9 2395.0
1993 10 5519.0
1993 11 3872.0
1993 12 5449.0
1994 1 2339.0
1994 2 1965.0
1994 3 4263.0
1994 4 1974.0
1994 5 3347.0
1994 6 3757.0
1994 7 3416.0
1994 8 3530.0
1994 9 7251.0
1994 10 3081.0
1994 11 3999.0
1994 12 1359.0
1995 1 736.0
1995 2 1739.0
1995 3 3869.0
1995 4 10270.0
1995 5 2109.0
1995 6 3716.0
1995 7 3969.0
1995 8 12454.0
1995 9 2776.0
1995 10 8768.0
1995 11 2667.0
1995 12 5664.0
1996 1 365.0
1996 2 2099.0
1996 3 2759.0
1996 4 2646.0
1996 5 9859.0
1996 6 5902.0
1996 7 7785.0
1996 8 4516.0
1996 9 6306.0
1996 10 5715.0
1996 11 6630.0
1996 12 2136.0
1997 1 1998.0
1997 2 5760.0
1997 3 3298.0
1997 4 7942.0
1997 5 5846.0
1997 6 7480.0
1997 7 2033.0
1997 8 2301.0
1997 9 2321.0
1997 10 2926.0
1997 11 2887.0
1997 12 4734.0
1998 1 1408.0
1998 2 2306.0
1998 3 2306.0
1998 4 8458.0
1998 5 1593.0
1998 6 2154.0
1998 7 2358.0
1998 8 3425.0
1998 9 3785.0
1998 10 7626.0
1998 11 11465.0
1998 12 3216.0
1999 1 7288.0
1999 2 940.0
1999 3 3644.0
1999 4 2065.0
1999 5 2710.0
1999 6 2824.0
1999 7 4767.0
1999 8 1775.0
1999 9 888.0
1999 10 3729.0
1999 11 8831.0
1999 12 1058.0
2000 1 697.0
2000 2 3202.0
2000 3 7220.0
2000 4 2114.0
2000 5 3641.0
2000 6 1866.0
2000 7 2853.0
2000 8 5022.0
2000 9 3791.0
2000 10 3005.0
2000 11 2928.0
2000 12 4929.0
2001 1 1176.0
2001 2 4857.0
2001 3 4138.0
2001 4 2852.0
2001 5 1631.0
2001 6 5636.0
2001 7 3296.0
2001 8 2655.0
2001 9 2304.0
2001 10 6094.0
2001 11 6187.0
2001 12 3127.0
2002 1 1013.0
2002 2 2371.0
2002 3 7591.0
2002 4 5448.0
2002 5 5081.0
2002 6 7541.0
2002 7 2008.0
2002 8 17687.0
2002 9 10414.0
2002 10 14041.0
2002 11 9644.0
2002 12 3840.0
2003 1 5413.0
2003 2 9095.0
2003 3 10525.0
2003 4 3888.0
2003 5 8179.0
2003 6 4570.0
2003 7 5401.0
2003 8 6762.0
2003 9 9684.0
2003 10 16834.0
2003 11 6387.0
2003 12 4239.0
2004 1 8076.0
2004 2 2262.0
2004 3 3450.0
2004 4 15923.0
2004 5 8202.0
2004 6 6073.0
2004 7 14546.0
2004 8 14728.0
2004 9 22400.0
2004 10 13887.0
2004 11 14806.0
2004 12 13138.0
2005 1 7992.0
2005 2 2778.0
2005 3 16753.0
2005 4 8159.0
2005 5 9304.0
2005 6 3094.0
2005 7 19363.0
2005 8 25517.0
2005 9 5277.0
2005 10 13388.0
2005 11 11814.0
2005 12 5613.0
2006 1 4379.0
2006 2 1656.0
2006 3 4148.0
2006 4 5908.0
2006 5 7386.0
2006 6 14937.0
2006 7 14296.0
2006 8 7414.0
2006 9 15306.0
2006 10 12183.0
2006 11 10644.0
2006 12 9113.0
2007 1 8382.0
2007 2 8008.0
2007 3 6936.0
2007 4 11235.0
2007 5 13194.0
2007 6 22604.0
2007 7 7968.0
2007 8 5936.0
2007 9 5401.0
2007 10 8442.0
2007 11 8213.0
2007 12 3126.0
2008 1 2527.0
2008 2 4855.0
2008 3 5635.0
2008 4 6304.0
2008 5 5911.0
2008 6 1086.0
2008 7 3971.0
2008 8 5144.0
2008 9 4098.0
2008 10 3169.0
2008 11 594.0
2008 12 1363.0
2009 1 1798.0
2009 2 563.0
2009 3 601.0
2009 4 551.0
2009 5 2933.0
2009 6 6624.0
2009 7 6925.0
2009 8 2245.0
2009 9 4652.0
2009 10 540.0
2009 11 6018.0
2009 12 981.0
2010 1 1133.0
2010 2 5286.0
2010 3 1749.0
2010 4 7804.0
2010 5 5204.0
2010 6 6134.0
2010 7 1813.0
2010 8 8157.0
2010 9 12873.0
2010 10 2914.0
2010 11 3212.0
2010 12 6734.0
2011 1 1201.0
2011 2 244.0
2011 3 2354.0
2011 4 2254.0
2011 5 1237.0
2011 6 10439.0
2011 7 2482.0
2011 8 2464.0
2011 9 3686.0
2011 10 12052.0
2011 11 2344.0
2011 12 3031.0
2012 1 1076.0
2012 2 3699.0
2012 3 13055.0
2012 4 8451.0
2012 5 3668.0
2012 6 3549.0
2012 7 3109.0
2012 8 36635.0
2012 9 7579.0
2012 10 10884.0
2012 11 6627.0
2012 12 3286.0
2013 1 3214.0
2013 2 5475.0
2013 3 16947.0
2013 4 9522.0
2013 5 5927.0
2013 6 6243.0
2013 7 31047.0
2013 8 40611.0
2013 9 3353.0
2013 10 4172.0
2013 11 47877.0
2013 12 2119.0
2014 1 4015.0
2014 2 1918.0
2014 3 2776.0
2014 4 6968.0
2014 5 13333.0
2014 6 10368.0
2014 7 32773.0
2014 8 14183.0
2014 9 17517.0
2014 10 18804.0
2014 11 11955.0
2014 12 22283.0
2015 1 7018.0
2015 2 5544.0
2015 3 9365.0
2015 4 2422.0
2015 5 10627.0
2015 6 7949.0
2015 7 12003.0
2015 8 8862.0
2015 9 16965.0
2015 10 38543.0
2015 11 8962.0
2015 12 31038.0
2016 1 6961.0
2016 2 2829.0
2016 3 4518.0
2016 4 5828.0
2016 5 16423.0
2016 6 11415.0
2016 7 4465.0
2016 8 8250.0
2016 9 37628.0
2016 10 14922.0
2016 11 7001.0
2016 12 9374.0
2017 1 5522.0
2017 2 7640.0
2017 3 22810.0
2017 4 13673.0
2017 5 16515.0
2017 6 69424.0
2017 7 18244.0
2017 8 10068.0
2017 9 18138.0
2017 10 26016.0
2017 11 9243.0
2017 12 6597.0
2018 1 2374.0
2018 2 5154.0
2018 3 8266.0
2018 4 10911.0
2018 5 16617.0
2018 6 12513.0
2018 7 12351.0
2018 8 8264.0
2018 9 19273.0
2018 10 21155.0
2018 11 8729.0
2018 12 16914.0
2019 1 16594.0
2019 2 5624.0
2019 3 14737.0
2019 4 21900.0
2019 5 20683.0
2019 6 14833.0
2019 7 13686.0
2019 8 14907.0
2019 9 25227.0
2019 10 11965.0
2019 11 12864.0
2019 12 9253.0
2020 1 17261.0
2020 2 16653.0
2020 3 12669.0
2020 4 21651.0
2020 5 32707.0
2020 6 10728.0
2020 7 19529.0
2020 8 28619.0
2020 9 16934.0
2020 10 15275.0
2020 11 14140.0
2020 12 32094.0
2021 1 14112.0
2021 2 12617.0
2021 3 32552.0
2021 4 17325.0
2021 5 11614.0
2021 6 44341.0
2021 7 26357.0
2021 8 23102.0
2021 9 24388.0
2021 10 35819.0
2021 11 77644.0
2021 12 64491.0
2022 1 21783.0
2022 2 33002.0
2022 3 22786.0
2022 4 40191.0
2022 5 23552.0
2022 6 71659.0
2022 7 19428.0
2022 8 14513.0
2022 9 43106.0
2022 10 43395.0
2022 11 12392.0
2022 12 29789.0
2023 1 15316.0
2023 2 23167.0
2023 3 46143.0
2023 4 18865.0
2023 5 17389.0
2023 6 36236.0
2023 7 49157.0
2023 8 15567.0
2023 9 8586.0
2023 10 38429.0
2023 11 24239.0
2023 12 9376.0
2024 1 17306.0
2024 2 17623.0
2024 3 15454.0
2024 4 12961.0
2024 5 21205.0
2024 6 15386.0
2024 7 20918.0
2024 8 23446.0
