1960 5 60.0
1960 6 380.0
1960 7 301.25
1960 8 222.5
1960 9 143.75
1960 10 65.0
1960 11 65.0
1960 12 65.0
1961 1 65.0
1961 2 65.0
1961 3 65.0
1961 4 65.0
1961 5 65.0
1961 6 65.0
1961 7 65.0
1961 8 65.0
1961 9 67.0
1961 10 69.0
1961 11 71.0
1961 12 73.0
1962 1 66.0
1962 2 59.0
1962 3 52.0
1962 4 45.0
1962 5 80.0
1962 6 166.25
1962 7 252.5
1962 8 338.75
1962 9 425.0
1962 10 362.5
1962 11 300.0
1962 12 262.5
1963 1 225.0
1963 2 187.5
1963 3 150.0
1963 4 100.0
1963 5 50.0
1963 6 250.0
1963 7 306.25
1963 8 362.5
1963 9 418.75
1963 10 475.0
1963 11 360.0
1963 12 242.5
1964 1 125.0
1964 2 147.5
1964 3 170.0
1964 4 40.0
1964 5 48.0
1964 6 75.33333333333333
1964 7 102.66666666666666
1964 8 130.0
1964 9 115.0
1964 10 100.0
1964 11 200.0
1964 12 130.0
1965 1 60.0
1965 2 317.5
1965 3 575.0
1965 4 832.5
1965 5 1090.0
1965 6 530.0
1965 7 402.0
1965 8 274.0
1965 9 341.0
1965 10 176.0
1965 11 55.0
1965 12 55.0
1966 1 55.0
1966 2 55.0
1966 3 55.0
1966 4 525.0
1966 5 61.0
1966 6 130.0
1966 7 105.0
1966 8 80.0
1966 9 55.0
1966 10 60.0
1966 11 64.44444444444444
1966 12 68.88888888888889
1967 1 73.33333333333333
1967 2 77.77777777777777
1967 3 82.22222222222223
1967 4 86.66666666666667
1967 5 91.11111111111111
1967 6 95.55555555555556
1967 7 100.0
1967 8 265.5
1967 9 431.0
1967 10 293.0
1967 11 155.0
1967 12 148.33333333333334
1968 1 141.66666666666666
1968 2 135.0
1968 3 406.0
1968 4 677.0
1968 5 361.0
1968 6 45.0
1968 7 50.0
1968 8 55.0
1968 9 122.0
1968 10 579.0
1968 11 515.0
1968 12 167.0
1969 1 103.5
1969 2 40.0
1969 3 840.0
1969 4 340.0
1969 5 626.0
1969 6 163.0
1969 7 135.0
1969 8 99.0
1969 9 1455.0
1969 10 1281.0
1969 11 49.0
1969 12 330.0
1970 1 502.5
1970 2 675.0
1970 3 70.0
1970 4 109.0
1970 5 2411.0
1970 6 4713.0
1970 7 684.0
1970 8 535.0
1970 9 386.0
1970 10 8083.0
1970 11 400.0
1970 12 256.0
1971 1 193.33333333333334
1971 2 130.66666666666669
1971 3 68.0
1971 4 2449.0
1971 5 1940.0
1971 6 1856.0
1971 7 263.0
1971 8 2571.0
1971 9 653.0
1971 10 507.0
1971 11 795.0
1971 12 439.0
1972 1 83.0
1972 2 225.0
1972 3 722.0
1972 4 410.0
1972 5 689.0
1972 6 1767.0
1972 7 60.0
1972 8 558.0
1972 9 721.5
1972 10 885.0
1972 11 572.0
1972 12 1470.0
1973 1 2094.0
1973 2 1333.0
1973 3 572.0
1973 4 804.0
1973 5 370.0
1973 6 1351.0
1973 7 962.0
1973 8 480.0
1973 9 1159.0
1973 10 1838.0
1973 11 94.0
1973 12 1879.0
1974 1 1199.5
1974 2 520.0
1974 3 401.0
1974 4 355.0
1974 5 517.0
1974 6 239.0
1974 7 221.2
1974 8 203.4
1974 9 185.6
1974 10 167.8
1974 11 150.0
1974 12 663.3333333333334
1975 1 1176.6666666666667
1975 2 1690.0
1975 3 3092.0
1975 4 404.0
1975 5 3695.0
1975 6 2229.0
1975 7 1241.0
1975 8 253.0
1975 9 3201.0
1975 10 6140.0
1975 11 313.0
1975 12 546.0
1976 1 1378.5
1976 2 2211.0
1976 3 698.0
1976 4 1466.0
1976 5 84.0
1976 6 627.0
1976 7 742.0
1976 8 660.0
1976 9 2976.0
1976 10 1516.0
1976 11 741.0
1976 12 999.0
1977 1 118.0
1977 2 210.0
1977 3 1311.0
1977 4 789.0
1977 5 773.0
1977 6 3153.0
1977 7 3062.0
1977 8 2927.0
1977 9 3551.0
1977 10 3441.0
1977 11 1735.0
1977 12 5077.0
1978 1 3989.5
1978 2 2902.0
1978 3 4378.0
1978 4 716.0
1978 5 1872.0
1978 6 861.0
1978 7 706.0
1978 8 910.0
1978 9 200.0
1978 10 2335.0
1978 11 99.0
1978 12 2133.0
1979 1 1448.6666666666665
1979 2 764.3333333333333
1979 3 80.0
1979 4 250.0
1979 5 1313.0
1979 6 1242.0
1979 7 491.0
1979 8 1060.0
1979 9 1509.0
1979 10 1871.0
1979 11 792.0
1979 12 1280.0
1980 1 1198.3333333333333
1980 2 1116.6666666666667
1980 3 1035.0
1980 4 1178.0
1980 5 343.0
1980 6 668.0
1980 7 1269.0
1980 8 1202.0
1980 9 1562.0
1980 10 273.0
1980 11 635.0
1980 12 997.0
1981 1 1359.0
1981 2 1577.0
1981 3 119.0
1981 4 254.0
1981 5 1275.0
1981 6 330.0
1981 7 235.0
1981 8 208.0
1981 9 869.0
1981 10 996.0
1981 11 303.0
1981 12 820.0
1982 1 489.0
1982 2 158.0
1982 3 624.0
1982 4 236.0
1982 5 2305.0
1982 6 1574.0
1982 7 360.0
1982 8 95.0
1982 9 2135.0
1982 10 1306.0
1982 11 867.5
1982 12 429.0
1983 1 269.0
1983 2 1168.0
1983 3 1823.0
1983 4 210.0
1983 5 294.0
1983 6 674.0
1983 7 6026.0
1983 8 2154.0
1983 9 536.0
1983 10 4418.0
1983 11 1374.0
1983 12 822.0
1984 1 392.0
1984 2 650.0
1984 3 2741.0
1984 4 414.0
1984 5 1582.0
1984 6 1737.0
1984 7 5329.0
1984 8 1115.0
1984 9 589.0
1984 10 526.0
1984 11 2218.0
1984 12 1931.0
1985 1 963.0
1985 2 28.0
1985 3 844.0
1985 4 1660.0
1985 5 2488.0
1985 6 1479.0
1985 7 368.0
1985 8 1387.0
1985 9 102.0
1985 10 934.0
1985 11 6859.0
1985 12 6073.0
1986 1 290.0
1986 2 87.0
1986 3 262.0
1986 4 97.0
1986 5 97.0
1986 6 907.0
1986 7 599.0
1986 8 291.0
1986 9 999.0
1986 10 435.0
1986 11 266.0
1986 12 97.0
1987 1 97.0
1987 2 97.0
1987 3 97.0
1987 4 94.0
1987 5 335.5
1987 6 577.0
1987 7 94.0
1987 8 94.0
1987 9 2220.0
1987 10 1157.0
1987 11 94.0
1987 12 94.0
1988 1 2695.0
1988 2 5296.0
1988 3 240.0
1988 4 481.5
1988 5 723.0
1988 6 620.8
1988 7 518.6
1988 8 416.4
1988 9 314.2
1988 10 212.0
1988 11 187.83333333333334
1988 12 163.66666666666666
1989 1 139.5
1989 2 115.33333333333333
1989 3 91.16666666666666
1989 4 67.0
1989 5 67.0
1989 6 147.0
1989 7 401.5
1989 8 656.0
1989 9 557.8333333333334
1989 10 459.66666666666663
1989 11 361.5
1989 12 263.3333333333333
1990 1 165.16666666666663
1990 2 67.0
1990 3 81.0
1990 4 95.0
1990 5 95.0
1990 6 95.0
1990 7 1422.0
1990 8 1047.5
1990 9 673.0
1990 10 1578.5
1990 11 2484.0
1990 12 2518.0
1991 1 182.0
1991 2 187.0
1991 3 275.0
1991 4 466.0
1991 5 1202.0
1991 6 1551.0
1991 7 1900.0
1991 8 1631.0
1991 9 2227.0
1991 10 1300.0
1991 11 1737.0
1991 12 462.0
1992 1 415.0
1992 2 357.0
1992 3 506.0
1992 4 956.5
1992 5 1407.0
1992 6 451.0
1992 7 1620.0
1992 8 893.0
1992 9 657.0
1992 10 421.0
1992 11 330.5
1992 12 240.0
1993 1 811.6666666666666
1993 2 1383.3333333333333
1993 3 1955.0
1993 4 749.0
1993 5 4047.0
1993 6 1493.0
1993 7 286.0
1993 8 140.0
1993 9 517.0
1993 10 3734.0
1993 11 3883.0
1993 12 4032.0
1994 1 1342.0
1994 2 890.0
1994 3 1005.0
1994 4 1368.0
1994 5 1731.0
1994 6 2414.0
1994 7 1552.0
1994 8 690.0
1994 9 4856.0
1994 10 1770.0
1994 11 1888.0
1994 12 492.0
1995 1 531.5
1995 2 571.0
1995 3 1270.0
1995 4 5397.0
1995 5 936.0
1995 6 890.0
1995 7 1502.0
1995 8 7980.0
1995 9 1595.0
1995 10 7456.0
1995 11 339.0
1995 12 5053.0
1996 1 2968.0
1996 2 883.0
1996 3 1321.0
1996 4 1310.0
1996 5 6482.0
1996 6 2242.0
1996 7 4024.0
1996 8 1732.0
1996 9 2669.0
1996 10 2932.0
1996 11 4449.0
1996 12 662.0
1997 1 1018.0
1997 2 5062.0
1997 3 400.0
1997 4 2930.0
1997 5 3529.0
1997 6 6169.0
1997 7 1249.0
1997 8 934.0
1997 9 851.0
1997 10 278.0
1997 11 533.0
1997 12 891.0
1998 1 856.5
1998 2 822.0
1998 3 1797.0
1998 4 7176.0
1998 5 401.0
1998 6 239.0
1998 7 401.0
1998 8 2370.0
1998 9 1310.0
1998 10 5950.0
1998 11 5561.0
1998 12 830.0
1999 1 5107.0
1999 2 401.0
1999 3 2126.0
1999 4 781.0
1999 5 1763.0
1999 6 892.0
1999 7 3376.0
1999 8 557.0
1999 9 1104.0
1999 10 1651.0
1999 11 4681.0
1999 12 601.0
2000 1 1055.5
2000 2 1510.0
2000 3 4824.0
2000 4 565.0
2000 5 348.0
2000 6 174.0
2000 7 999.0
2000 8 2222.0
2000 9 358.0
2000 10 621.0
2000 11 2401.0
2000 12 3454.0
2001 1 174.0
2001 2 4210.0
2001 3 2467.0
2001 4 824.0
2001 5 305.0
2001 6 3499.0
2001 7 903.0
2001 8 923.0
2001 9 856.0
2001 10 1672.0
2001 11 3818.0
2001 12 2769.0
2002 1 139.0
2002 2 1310.0
2002 3 5679.0
2002 4 3610.0
2002 5 3872.0
2002 6 4786.0
2002 7 828.0
2002 8 3369.0
2002 9 4321.0
2002 10 10894.0
2002 11 8522.0
2002 12 1119.0
2003 1 3538.0
2003 2 5653.0
2003 3 1467.0
2003 4 1001.0
2003 5 4690.0
2003 6 962.0
2003 7 802.0
2003 8 2181.0
2003 9 2941.0
2003 10 7515.0
2003 11 2773.0
2003 12 2953.0
2004 1 3399.0
2004 2 865.0
2004 3 708.0
2004 4 3743.0
2004 5 312.0
2004 6 209.0
2004 7 7028.0
2004 8 8510.0
2004 9 15978.0
2004 10 4143.0
2004 11 7449.0
2004 12 9026.0
2005 1 3961.0
2005 2 1333.0
2005 3 7990.0
2005 4 6700.0
2005 5 6159.0
2005 6 1030.0
2005 7 7195.0
2005 8 18751.0
2005 9 13216.5
2005 10 7682.0
2005 11 3543.0
2005 12 2535.0
2006 1 1647.0
2006 2 1183.0
2006 3 719.0
2006 4 1244.0
2006 5 3915.0
2006 6 7629.0
2006 7 5606.0
2006 8 1343.0
2006 9 348.0
2006 10 4028.0
2006 11 2587.0
2006 12 6210.0
2007 1 3713.0
2007 2 3957.0
2007 3 348.0
2007 4 5201.0
2007 5 5811.0
2007 6 17989.0
2007 7 2078.0
2007 8 1253.0
2007 9 4697.0
2007 10 4308.0
2007 11 6244.0
2007 12 1470.0
2008 1 1592.0
2008 2 2655.0
2008 3 3270.0
2008 4 2915.5
2008 5 2561.0
2008 6 2101.0
2008 7 1641.0
2008 8 3168.0
2008 9 218.0
2008 10 270.0
2008 11 274.0
2008 12 757.0
2009 1 647.0
2009 2 1514.2
2009 3 2381.4
2009 4 3248.6000000000004
2009 5 4115.8
2009 6 4983.0
2009 7 6020.0
2009 8 1424.0
2009 9 3065.0
2009 10 4089.5
2009 11 5114.0
2009 12 3029.0
2010 1 944.0
2010 2 1235.6666666666667
2010 3 1527.3333333333335
2010 4 1819.0
2010 5 2926.0
2010 6 4917.0
2010 7 993.0
2010 8 1424.0
2010 9 10927.0
2010 10 2146.0
2010 11 1400.0
2010 12 5424.0
2011 1 647.0
2011 2 1001.0
2011 3 1355.0
2011 4 527.0
2011 5 926.0
2011 6 8348.0
2011 7 706.0
2011 8 109.0
2011 9 3252.0
2011 10 11279.0
2011 11 1592.0
2011 12 109.0
2012 1 658.0
2012 2 1360.0
2012 3 11368.0
2012 4 6736.0
2012 5 238.0
2012 6 109.0
2012 7 204.0
2012 8 31092.0
2012 9 5964.0
2012 10 7939.0
2012 11 5037.0
2012 12 1057.0
2013 1 2121.0
2013 2 4028.0
2013 3 12393.0
2013 4 6652.0
2013 5 4953.0
2013 6 3252.0
2013 7 27089.0
2013 8 35964.0
2013 9 640.0
2013 10 2654.0
2013 11 45676.0
2013 12 34570.75
2014 1 23465.5
2014 2 12360.25
2014 3 1255.0
2014 4 2955.0
2014 5 1383.0
2014 6 5811.0
2014 7 28752.0
2014 8 10177.0
2014 9 12627.0
2014 10 11640.0
2014 11 8920.0
2014 12 20069.0
2015 1 993.0
2015 2 3637.0
2015 3 3269.0
2015 4 593.0
2015 5 5709.0
2015 6 5410.0
2015 7 7890.0
2015 8 3751.0
2015 9 13275.0
2015 10 33501.0
2015 11 3759.0
2015 12 22933.0
2016 1 2296.0
2016 2 188.0
2016 3 648.0
2016 4 2921.0
2016 5 8150.0
2016 6 9003.0
2016 7 7704.5
2016 8 6406.0
2016 9 22362.0
2016 10 12429.0
2016 11 5816.0
2016 12 3941.0
2017 1 1610.0
2017 2 6413.5
2017 3 11217.0
2017 4 6929.0
2017 5 7462.0
2017 6 52935.0
2017 7 9773.0
2017 8 3510.0
2017 9 12637.0
2017 10 15380.0
2017 11 6513.0
2017 12 2618.0
2018 1 3106.5
2018 2 3595.0
2018 3 3983.0
2018 4 1487.0
2018 5 4731.0
2018 6 3663.0
2018 7 4919.0
2018 8 2094.0
2018 9 13369.0
2018 10 14871.0
2018 11 1735.0
2018 12 12237.0
2019 1 8129.0
2019 2 1115.0
2019 3 5783.0
2019 4 11218.0
2019 5 7747.0
2019 6 3907.0
2019 7 4819.0
2019 8 3414.0
2019 9 15984.0
2019 10 4446.0
2019 11 3796.0
2019 12 4674.0
2020 1 3155.0
2020 2 10115.0
2020 3 4884.0
2020 4 4645.0
2020 5 18377.0
2020 6 3575.0
2020 7 12037.0
2020 8 18802.0
2020 9 12957.0
2020 10 6982.0
2020 11 3882.0
2020 12 22975.0
2021 1 7719.0
2021 2 4383.0
2021 3 16716.0
2021 4 7159.0
2021 5 5136.0
2021 6 37674.0
2021 7 22191.0
2021 8 10802.0
2021 9 19615.0
2021 10 26599.0
2021 11 65083.0
2021 12 55252.0
2022 1 15176.0
2022 2 27451.0
2022 3 13300.0
2022 4 33066.0
2022 5 19184.0
2022 6 61452.0
2022 7 14188.0
2022 8 8990.0
2022 9 35228.0
2022 10 34982.0
2022 11 4786.0
2022 12 27101.0
2023 1 12235.0
2023 2 21163.0
2023 3 38126.0
2023 4 13626.0
2023 5 11753.0
2023 6 19605.0
2023 7 40544.0
2023 8 9287.0
2023 9 4955.0
2023 10 36245.0
2023 11 17883.0
2023 12 6329.0
2024 1 9644.0
2024 2 12843.0
2024 3 6955.0
2024 4 8419.0
2024 5 10181.0
2024 6 8920.0
2024 7 13608.0
2024 8 15158.0
