1960 5 5448.0
1960 6 5808.0
1960 7 5523.0
1960 8 5092.0
1960 9 4735.0
1960 10 6177.0
1960 11 5420.0
1960 12 3176.0
1961 1 3380.0
1961 2 2836.0
1961 3 5291.0
1961 4 6442.0
1961 5 5171.0
1961 6 5640.0
1961 7 5186.0
1961 8 4863.0
1961 9 4991.0
1961 10 5541.0
1961 11 4548.0
1961 12 2550.0
1962 1 2060.0
1962 2 2480.0
1962 3 4379.0
1962 4 8207.0
1962 5 6295.0
1962 6 6417.0
1962 7 5056.0
1962 8 5723.0
1962 9 4757.0
1962 10 5369.0
1962 11 4425.0
1962 12 2294.0
1963 1 1436.0
1963 2 2422.0
1963 3 5071.0
1963 4 6313.0
1963 5 6046.0
1963 6 4669.0
1963 7 5862.0
1963 8 4399.0
1963 9 4899.0
1963 10 5123.0
1963 11 3999.0
1963 12 1978.0
1964 1 2200.0
1964 2 2456.0
1964 3 4429.0
1964 4 4808.0
1964 5 4568.0
1964 6 4068.0
1964 7 3756.0
1964 8 4041.0
1964 9 4009.0
1964 10 4204.0
1964 11 3579.0
1964 12 1980.0
1965 1 1649.0
1965 2 1392.0
1965 3 3518.0
1965 4 5963.0
1965 5 4686.0
1965 6 5355.0
1965 7 4429.0
1965 8 4938.0
1965 9 3755.0
1965 10 4886.0
1965 11 4121.0
1965 12 3215.0
1966 1 1444.0
1966 2 1645.0
1966 3 4991.0
1966 4 4641.0
1966 5 3714.0
1966 6 3288.0
1966 7 2530.0
1966 8 2398.0
1966 9 2334.0
1966 10 2199.0
1966 11 2031.0
1966 12 1677.0
1967 1 1047.0
1967 2 1998.0
1967 3 4125.0
1967 4 3714.0
1967 5 4360.0
1967 6 3854.0
1967 7 3337.0
1967 8 3830.0
1967 9 2963.0
1967 10 4261.0
1967 11 3758.0
1967 12 2750.0
1968 1 1625.0
1968 2 2540.0
1968 3 3877.0
1968 4 3981.0
1968 5 5687.0
1968 6 4778.0
1968 7 6253.0
1968 8 5022.0
1968 9 5356.0
1968 10 5638.0
1968 11 4271.0
1968 12 3702.0
1969 1 1117.0
1969 2 1293.0
1969 3 3972.0
1969 4 5098.0
1969 5 4874.0
1969 6 5298.0
1969 7 5296.0
1969 8 3738.0
1969 9 5423.0
1969 10 5977.0
1969 11 4528.0
1969 12 4022.0
1970 1 2267.0
1970 2 2518.0
1970 3 3473.0
1970 4 5531.0
1970 5 6440.0
1970 6 5588.0
1970 7 5586.0
1970 8 4574.0
1970 9 6154.0
1970 10 7885.0
1970 11 3899.0
1970 12 4293.0
1971 1 1326.0
1971 2 2600.0
1971 3 7783.0
1971 4 10318.0
1971 5 8495.0
1971 6 8982.0
1971 7 9106.0
1971 8 8946.0
1971 9 7988.0
1971 10 9098.0
1971 11 7709.0
1971 12 5159.0
1972 1 3991.0
1972 2 5791.0
1972 3 9603.0
1972 4 10415.0
1972 5 9169.0
1972 6 10908.0
1972 7 8614.0
1972 8 7802.0
1972 9 7642.0
1972 10 12613.0
1972 11 7100.0
1972 12 3427.0
1973 1 4674.0
1973 2 7360.0
1973 3 9391.0
1973 4 11056.0
1973 5 13052.0
1973 6 10345.0
1973 7 17085.0
1973 8 8439.0
1973 9 8056.0
1973 10 9810.0
1973 11 6395.0
1973 12 3103.0
1974 1 4571.0
1974 2 4916.0
1974 3 8581.0
1974 4 13271.0
1974 5 11192.0
1974 6 8361.0
1974 7 13237.0
1974 8 10184.0
1974 9 6232.0
1974 10 14350.0
1974 11 8080.0
1974 12 3884.0
1975 1 2421.0
1975 2 3303.0
1975 3 10065.0
1975 4 15946.0
1975 5 15867.0
1975 6 15377.0
1975 7 13084.0
1975 8 14831.0
1975 9 13936.0
1975 10 16579.0
1975 11 10692.0
1975 12 4580.0
1976 1 4231.0
1976 2 8002.0
1976 3 16152.0
1976 4 19817.0
1976 5 20663.0
1976 6 18900.0
1976 7 14648.0
1976 8 17411.0
1976 9 14909.0
1976 10 16453.0
1976 11 16976.0
1976 12 9076.0
1977 1 4306.0
1977 2 11414.0
1977 3 26327.0
1977 4 25563.0
1977 5 25240.0
1977 6 27628.0
1977 7 22450.0
1977 8 18085.0
1977 9 17023.0
1977 10 21279.0
1977 11 17362.0
1977 12 11185.0
1978 1 6221.0
1978 2 5737.0
1978 3 17267.0
1978 4 30466.0
1978 5 30070.0
1978 6 25818.0
1978 7 23417.0
1978 8 28269.0
1978 9 27158.0
1978 10 28833.0
1978 11 16937.0
1978 12 9525.0
1979 1 3075.0
1979 2 4677.0
1979 3 25139.0
1979 4 29146.0
1979 5 25632.0
1979 6 28354.0
1979 7 27549.0
1979 8 24677.0
1979 9 27593.0
1979 10 25413.0
1979 11 13106.0
1979 12 8814.0
1980 1 3798.0
1980 2 5826.0
1980 3 12802.0
1980 4 14537.0
1980 5 12228.0
1980 6 17455.0
1980 7 20443.0
1980 8 22682.0
1980 9 24991.0
1980 10 25297.0
1980 11 17724.0
1980 12 8979.0
1981 1 8333.0
1981 2 7295.0
1981 3 18441.0
1981 4 15803.0
1981 5 13389.0
1981 6 13354.0
1981 7 12495.0
1981 8 12382.0
1981 9 10983.0
1981 10 9906.0
1981 11 6665.0
1981 12 3268.0
1982 1 2832.0
1982 2 1847.0
1982 3 7818.0
1982 4 11299.0
1982 5 8421.0
1982 6 14631.0
1982 7 11998.0
1982 8 10853.0
1982 9 13596.0
1982 10 11850.0
1982 11 9536.5
1982 12 7223.0
1983 1 3877.0
1983 2 6223.0
1983 3 14379.0
1983 4 21167.0
1983 5 22822.0
1983 6 18384.0
1983 7 18202.0
1983 8 22451.0
1983 9 19721.0
1983 10 24966.0
1983 11 15067.0
1983 12 5893.0
1984 1 7702.0
1984 2 19077.0
1984 3 19808.0
1984 4 23849.0
1984 5 22910.0
1984 6 17227.0
1984 7 17397.0
1984 8 22872.0
1984 9 19807.0
1984 10 19321.0
1984 11 17752.0
1984 12 9886.0
1985 1 6165.0
1985 2 7632.0
1985 3 21658.0
1985 4 22259.0
1985 5 20669.0
1985 6 21029.0
1985 7 21802.0
1985 8 16354.0
1985 9 16463.0
1985 10 14069.0
1985 11 14543.0
1985 12 8655.0
1986 1 8902.0
1986 2 8431.0
1986 3 18499.0
1986 4 28055.0
1986 5 25623.0
1986 6 20050.0
1986 7 24153.0
1986 8 15655.0
1986 9 15867.0
1986 10 14647.0
1986 11 13609.0
1986 12 9328.0
1987 1 12245.0
1987 2 14447.0
1987 3 17229.0
1987 4 22758.0
1987 5 18368.0
1987 6 20827.0
1987 7 20444.0
1987 8 16460.0
1987 9 17308.0
1987 10 19463.0
1987 11 15276.0
1987 12 10572.0
1988 1 5385.0
1988 2 12878.0
1988 3 30999.0
1988 4 26909.0
1988 5 21317.0
1988 6 24316.0
1988 7 19442.0
1988 8 22412.0
1988 9 21526.0
1988 10 21598.0
1988 11 22250.0
1988 12 17207.0
1989 1 12377.0
1989 2 9096.0
1989 3 25412.0
1989 4 30556.0
1989 5 30650.0
1989 6 29237.0
1989 7 22406.0
1989 8 23757.0
1989 9 25763.0
1989 10 24719.0
1989 11 20651.0
1989 12 11542.0
1990 1 20354.0
1990 2 18645.0
1990 3 25965.0
1990 4 29517.0
1990 5 29255.0
1990 6 29183.0
1990 7 28998.0
1990 8 26855.0
1990 9 20792.0
1990 10 22568.0
1990 11 21493.0
1990 12 13278.0
1991 1 9069.0
1991 2 17178.0
1991 3 26372.0
1991 4 34129.0
1991 5 34302.0
1991 6 29676.0
1991 7 31770.0
1991 8 34799.0
1991 9 29850.0
1991 10 35381.0
1991 11 21196.0
1991 12 19298.0
1992 1 19168.0
1992 2 25845.0
1992 3 42880.0
1992 4 44825.0
1992 5 38663.0
1992 6 42140.0
1992 7 40291.0
1992 8 33226.0
1992 9 39654.0
1992 10 39340.0
1992 11 25112.0
1992 12 26758.0
1993 1 17117.0
1993 2 25049.0
1993 3 47773.0
1993 4 49645.0
1993 5 44949.0
1993 6 48497.0
1993 7 39997.0
1993 8 46723.0
1993 9 42785.0
1993 10 44867.0
1993 11 39696.0
1993 12 30307.0
1994 1 22833.0
1994 2 21264.0
1994 3 42534.0
1994 4 51091.0
1994 5 54633.0
1994 6 52775.0
1994 7 35986.0
1994 8 47511.0
1994 9 49165.0
1994 10 38514.0
1994 11 33212.0
1994 12 25503.0
1995 1 13110.0
1995 2 21545.0
1995 3 39481.0
1995 4 37205.0
1995 5 39686.0
1995 6 46392.0
1995 7 48118.0
1995 8 49204.0
1995 9 46633.0
1995 10 48757.0
1995 11 39963.0
1995 12 30436.0
1996 1 24282.0
1996 2 32828.0
1996 3 49630.0
1996 4 59721.0
1996 5 64146.0
1996 6 54049.0
1996 7 50775.0
1996 8 45034.0
1996 9 38438.0
1996 10 48941.0
1996 11 38191.0
1996 12 36938.0
1997 1 23128.0
1997 2 23784.0
1997 3 50363.0
1997 4 58749.0
1997 5 59081.0
1997 6 49911.0
1997 7 51492.0
1997 8 45596.0
1997 9 55747.0
1997 10 61595.0
1997 11 40805.0
1997 12 34963.0
1998 1 26321.0
1998 2 38388.0
1998 3 46191.0
1998 4 70534.0
1998 5 69508.0
1998 6 67597.0
1998 7 56638.0
1998 8 63834.0
1998 9 56331.0
1998 10 55477.0
1998 11 46738.0
1998 12 47372.0
1999 1 34393.0
1999 2 41548.0
1999 3 62835.0
1999 4 72668.0
1999 5 69888.0
1999 6 73346.0
1999 7 68688.0
1999 8 71945.0
1999 9 64413.0
1999 10 62833.0
1999 11 64681.0
1999 12 53944.0
2000 1 32809.0
2000 2 41816.0
2000 3 67973.0
2000 4 71223.0
2000 5 67641.0
2000 6 77333.0
2000 7 60413.0
2000 8 66788.0
2000 9 56317.0
2000 10 68437.0
2000 11 46783.0
2000 12 33326.0
2001 1 36854.0
2001 2 31512.0
2001 3 63978.0
2001 4 74226.0
2001 5 76809.0
2001 6 71378.0
2001 7 63849.0
2001 8 83596.0
2001 9 60234.0
2001 10 64882.0
2001 11 59159.0
2001 12 42685.0
2002 1 40981.0
2002 2 46261.0
2002 3 70258.0
2002 4 99935.0
2002 5 81953.0
2002 6 77764.0
2002 7 84197.0
2002 8 71646.0
2002 9 77881.0
2002 10 97689.0
2002 11 82379.0
2002 12 52831.0
2003 1 49607.0
2003 2 64690.0
2003 3 101152.0
2003 4 112314.0
2003 5 103069.0
2003 6 112149.0
2003 7 118330.0
2003 8 86243.0
2003 9 104082.0
2003 10 111699.0
2003 11 68708.0
2003 12 66243.0
2004 1 52311.0
2004 2 60398.0
2004 3 99144.0
2004 4 119529.0
2004 5 124361.0
2004 6 121547.0
2004 7 100543.0
2004 8 113726.0
2004 9 91368.0
2004 10 108063.0
2004 11 98244.0
2004 12 89740.0
2005 1 58721.0
2005 2 75692.0
2005 3 129318.0
2005 4 116498.0
2005 5 134934.0
2005 6 152537.0
2005 7 125898.0
2005 8 138369.0
2005 9 126863.0
2005 10 147821.0
2005 11 109326.0
2005 12 75518.0
2006 1 69568.0
2006 2 82407.0
2006 3 104017.0
2006 4 102541.0
2006 5 117906.0
2006 6 118597.0
2006 7 102513.0
2006 8 97125.0
2006 9 79483.0
2006 10 84006.0
2006 11 75648.0
2006 12 56068.0
2007 1 45640.0
2007 2 50832.0
2007 3 80094.0
2007 4 96428.0
2007 5 109249.0
2007 6 98260.0
2007 7 89728.0
2007 8 88408.0
2007 9 84743.0
2007 10 104530.0
2007 11 47418.0
2007 12 33756.0
2008 1 40262.0
2008 2 36346.0
2008 3 59496.0
2008 4 90310.0
2008 5 83307.0
2008 6 71484.0
2008 7 87800.0
2008 8 68568.0
2008 9 75151.0
2008 10 73355.0
2008 11 36726.0
2008 12 27026.0
2009 1 18070.0
2009 2 27287.0
2009 3 42857.0
2009 4 64186.0
2009 5 86670.0
2009 6 92531.0
2009 7 81749.0
2009 8 74859.0
2009 9 59086.0
2009 10 62991.0
2009 11 43144.0
2009 12 38504.0
2010 1 37109.0
2010 2 52795.0
2010 3 61832.0
2010 4 90629.0
2010 5 60902.0
2010 6 77993.0
2010 7 57692.0
2010 8 65174.0
2010 9 64514.0
2010 10 59839.0
2010 11 46264.0
2010 12 29098.0
2011 1 23932.0
2011 2 30470.0
2011 3 57176.0
2011 4 65997.0
2011 5 69276.0
2011 6 64550.0
2011 7 58815.0
2011 8 66397.0
2011 9 59518.0
2011 10 61251.0
2011 11 52671.0
2011 12 46452.0
2012 1 33825.0
2012 2 41734.0
2012 3 71867.0
2012 4 72104.0
2012 5 97160.0
2012 6 81642.0
2012 7 67963.0
2012 8 83269.0
2012 9 72154.0
2012 10 87800.0
2012 11 103701.0
2012 12 63937.0
2013 1 74994.0
2013 2 63622.0
2013 3 89834.0
2013 4 116307.0
2013 5 113388.0
2013 6 104170.0
2013 7 97998.0
2013 8 103051.0
2013 9 94528.0
2013 10 113973.0
2013 11 72022.0
2013 12 77641.0
2014 1 49993.0
2014 2 53934.0
2014 3 79131.0
2014 4 102604.0
2014 5 104172.0
2014 6 116888.0
2014 7 95720.0
2014 8 97714.0
2014 9 91060.0
2014 10 125872.0
2014 11 68659.0
2014 12 54957.0
2015 1 41455.0
2015 2 54745.0
2015 3 91142.0
2015 4 95792.0
2015 5 83413.0
2015 6 105144.0
2015 7 98454.0
2015 8 95783.0
2015 9 93135.0
2015 10 90976.0
2015 11 90842.0
2015 12 71035.0
2016 1 58013.0
2016 2 61006.0
2016 3 110649.0
2016 4 100544.0
2016 5 108564.0
2016 6 106079.0
2016 7 96097.0
2016 8 111053.0
2016 9 69679.0
2016 10 98200.0
2016 11 86303.0
2016 12 64011.0
2017 1 52836.0
2017 2 70596.0
2017 3 122232.0
2017 4 96780.0
2017 5 109622.0
2017 6 119345.0
2017 7 102239.0
2017 8 119634.0
2017 9 118334.0
2017 10 97464.0
2017 11 115491.0
2017 12 65327.0
2018 1 50869.0
2018 2 76623.0
2018 3 101866.0
2018 4 114490.0
2018 5 130358.0
2018 6 99436.0
2018 7 96848.0
2018 8 87953.0
2018 9 93770.0
2018 10 105660.0
2018 11 83215.0
2018 12 45047.0
2019 1 52984.0
2019 2 56008.0
2019 3 69558.0
2019 4 116440.0
2019 5 99423.0
2019 6 100450.0
2019 7 78568.0
2019 8 89383.0
2019 9 107400.0
2019 10 108893.0
2019 11 82381.0
2019 12 68101.0
2020 1 69078.0
2020 2 66418.0
2020 3 106332.0
2020 4 108825.0
2020 5 101685.0
2020 6 125188.0
2020 7 131953.0
2020 8 128667.0
2020 9 130648.0
2020 10 123819.0
2020 11 100721.0
2020 12 96758.0
2021 1 82880.0
2021 2 104145.0
2021 3 142848.0
2021 4 186260.0
2021 5 117640.0
2021 6 134328.0
2021 7 105288.0
2021 8 130450.0
2021 9 114409.0
2021 10 123604.0
2021 11 86679.0
2021 12 84676.0
2022 1 77647.0
2022 2 98736.0
2022 3 142887.0
2022 4 136931.0
2022 5 129653.0
2022 6 117248.0
2022 7 103436.0
2022 8 115457.0
2022 9 99178.0
2022 10 93861.0
2022 11 110929.0
2022 12 59140.0
2023 1 58649.0
2023 2 60310.0
2023 3 96997.0
2023 4 112040.0
2023 5 127731.0
2023 6 115049.0
2023 7 110598.0
2023 8 120851.0
2023 9 98744.0
2023 10 127212.0
2023 11 95747.0
2023 12 76182.0
2024 1 62842.0
2024 2 107836.0
2024 3 323715.0
2024 4 134824.0
2024 5 133435.0
2024 6 121419.0
2024 7 144477.0
2024 8 133255.0
