1960 5 456.0
1960 6 283.0
1960 7 107.0
1960 8 411.0
1960 9 421.0
1960 10 70.0
1960 11 284.0
1960 12 634.0
1961 1 587.0
1961 2 342.0
1961 3 210.0
1961 4 102.0
1961 5 171.0
1961 6 141.5
1961 7 112.0
1961 8 104.0
1961 9 283.0
1961 10 193.0
1961 11 993.0
1961 12 1299.0
1962 1 898.0
1962 2 469.0
1962 3 224.0
1962 4 738.0
1962 5 980.0
1962 6 1500.0
1962 7 2145.0
1962 8 802.0
1962 9 3605.0
1962 10 1703.0
1962 11 385.0
1962 12 824.0
1963 1 38.0
1963 2 241.0
1963 3 191.0
1963 4 994.0
1963 5 292.0
1963 6 471.0
1963 7 435.0
1963 8 321.0
1963 9 331.0
1963 10 1179.0
1963 11 360.0
1963 12 743.0
1964 1 544.0
1964 2 475.0
1964 3 320.0
1964 4 663.0
1964 5 444.0
1964 6 258.0
1964 7 1097.0
1964 8 454.0
1964 9 484.0
1964 10 428.0
1964 11 879.0
1964 12 236.0
1965 1 171.0
1965 2 386.0
1965 3 559.0
1965 4 1229.0
1965 5 556.0
1965 6 771.0
1965 7 388.0
1965 8 582.0
1965 9 1768.0
1965 10 1070.0
1965 11 1267.0
1965 12 1336.0
1966 1 246.0
1966 2 1136.0
1966 3 1076.0
1966 4 466.0
1966 5 170.0
1966 6 130.0
1966 7 721.0
1966 8 680.5
1966 9 640.0
1966 10 1035.0
1966 11 1349.0
1966 12 833.5
1967 1 318.0
1967 2 653.0
1967 3 2082.0
1967 4 691.0
1967 5 623.0
1967 6 429.0
1967 7 624.0
1967 8 1985.0
1967 9 1599.0
1967 10 1672.0
1967 11 1964.0
1967 12 1654.0
1968 1 1253.0
1968 2 2035.0
1968 3 1832.0
1968 4 1805.0
1968 5 4564.0
1968 6 1893.0
1968 7 1290.0
1968 8 2645.0
1968 9 3212.0
1968 10 2193.0
1968 11 4914.0
1968 12 1327.0
1969 1 3071.0
1969 2 991.0
1969 3 387.0
1969 4 3618.0
1969 5 738.0
1969 6 1761.0
1969 7 1044.0
1969 8 2067.0
1969 9 968.0
1969 10 2294.0
1969 11 1714.0
1969 12 2415.0
1970 1 286.0
1970 2 1985.0
1970 3 1646.0
1970 4 37.0
1970 5 1596.0
1970 6 1431.0
1970 7 3369.0
1970 8 665.0
1970 9 1224.0
1970 10 3856.0
1970 11 3084.0
1970 12 1078.0
1971 1 2114.0
1971 2 546.0
1971 3 2361.0
1971 4 4169.0
1971 5 4494.0
1971 6 1411.0
1971 7 2550.0
1971 8 6392.0
1971 9 1442.0
1971 10 6244.0
1971 11 6318.0
1971 12 7342.0
1972 1 3000.0
1972 2 1040.0
1972 3 2997.0
1972 4 1886.0
1972 5 2952.0
1972 6 9297.0
1972 7 3013.0
1972 8 3247.0
1972 9 4101.0
1972 10 5976.0
1972 11 5191.0
1972 12 1690.0
1973 1 5526.0
1973 2 1372.0
1973 3 1248.0
1973 4 3073.0
1973 5 1181.0
1973 6 2436.0
1973 7 1605.0
1973 8 5067.0
1973 9 292.0
1973 10 1092.0
1973 11 401.0
1973 12 2032.0
1974 1 59.0
1974 2 548.0
1974 3 1869.0
1974 4 785.0
1974 5 739.0
1974 6 496.0
1974 7 2754.0
1974 8 1352.0
1974 9 422.0
1974 10 80.0
1974 11 5300.0
1974 12 270.0
1975 1 175.0
1975 2 80.0
1975 3 181.0
1975 4 348.0
1975 5 2789.0
1975 6 1010.0
1975 7 687.0
1975 8 1279.0
1975 9 494.0
1975 10 396.0
1975 11 675.0
1975 12 185.0
1976 1 590.0
1976 2 2045.0
1976 3 1202.0
1976 4 529.0
1976 5 1602.0
1976 6 705.0
1976 7 362.0
1976 8 1272.0
1976 9 455.0
1976 10 1051.0
1976 11 3546.0
1976 12 619.0
1977 1 791.0
1977 2 1031.0
1977 3 1682.0
1977 4 575.0
1977 5 2902.0
1977 6 1105.0
1977 7 3063.0
1977 8 892.0
1977 9 988.0
1977 10 1131.0
1977 11 1812.0
1977 12 1383.0
1978 1 229.0
1978 2 954.0
1978 3 1986.0
1978 4 1615.0
1978 5 1811.0
1978 6 761.0
1978 7 2901.0
1978 8 940.0
1978 9 8413.0
1978 10 1396.0
1978 11 2542.0
1978 12 1797.0
1979 1 1846.0
1979 2 1168.0
1979 3 270.0
1979 4 2117.0
1979 5 3641.0
1979 6 5634.0
1979 7 961.0
1979 8 1341.0
1979 9 1685.0
1979 10 1523.0
1979 11 1354.0
1979 12 745.0
1980 1 1079.0
1980 2 215.0
1980 3 792.0
1980 4 1292.0
1980 5 996.0
1980 6 2643.0
1980 7 1667.0
1980 8 487.0
1980 9 3843.0
1980 10 652.0
1980 11 3002.0
1980 12 348.0
1981 1 1399.0
1981 2 2450.0
1981 3 1101.0
1981 4 1262.0
1981 5 1392.0
1981 6 2242.0
1981 7 300.0
1981 8 401.0
1981 9 438.0
1981 10 1567.0
1981 11 612.0
1981 12 6222.0
1982 1 100.0
1982 2 892.0
1982 3 1179.0
1982 4 689.5
1982 5 200.0
1982 6 4682.0
1982 7 3684.5
1982 8 2687.0
1982 9 1890.0
1982 10 1768.6666666666667
1982 11 1647.3333333333333
1982 12 1526.0
1983 1 840.0
1983 2 817.5
1983 3 795.0
1983 4 1615.0
1983 5 1415.0
1983 6 3032.0
1983 7 1487.0
1983 8 1065.0
1983 9 1168.0
1983 10 3245.0
1983 11 740.0
1983 12 687.0
1984 1 1334.0
1984 2 150.0
1984 3 5405.0
1984 4 1225.0
1984 5 691.0
1984 6 1529.0
1984 7 3017.0
1984 8 4042.0
1984 9 3240.0
1984 10 2974.0
1984 11 2713.0
1984 12 918.0
1985 1 1381.5
1985 2 1845.0
1985 3 742.0
1985 4 1072.0
1985 5 255.0
1985 6 3028.0
1985 7 5368.0
1985 8 1968.0
1985 9 2641.0
1985 10 746.0
1985 11 3628.0
1985 12 1776.0
1986 1 1270.0
1986 2 1912.0
1986 3 2701.0
1986 4 10672.0
1986 5 1450.0
1986 6 1590.0
1986 7 2238.0
1986 8 4029.0
1986 9 1249.0
1986 10 4369.0
1986 11 1313.0
1986 12 3791.0
1987 1 106.0
1987 2 2095.0
1987 3 1311.0
1987 4 442.0
1987 5 1127.0
1987 6 2850.0
1987 7 3809.0
1987 8 1640.0
1987 9 2578.0
1987 10 2642.0
1987 11 5170.0
1987 12 448.0
1988 1 1825.0
1988 2 256.0
1988 3 2405.0
1988 4 3056.0
1988 5 5551.0
1988 6 2500.0
1988 7 1078.0
1988 8 3813.0
1988 9 771.0
1988 10 4231.0
1988 11 10296.0
1988 12 1300.0
1989 1 3719.0
1989 2 503.0
1989 3 1150.0
1989 4 330.0
1989 5 175.0
1989 6 1030.0
1989 7 2672.0
1989 8 3510.0
1989 9 6465.0
1989 10 1925.0
1989 11 9073.0
1989 12 750.0
1990 1 19579.0
1990 2 10601.5
1990 3 1624.0
1990 4 430.0
1990 5 2825.0
1990 6 1985.0
1990 7 400.0
1990 8 4626.0
1990 9 2806.0
1990 10 2647.0
1990 11 2033.0
1990 12 6570.0
1991 1 463.0
1991 2 138.0
1991 3 3635.0
1991 4 405.0
1991 5 1175.0
1991 6 1766.0
1991 7 1843.0
1991 8 4273.0
1991 9 5433.0
1991 10 8186.0
1991 11 2912.0
1991 12 6647.0
1992 1 288.0
1992 2 2103.0
1992 3 1753.0
1992 4 5766.0
1992 5 4874.0
1992 6 2175.0
1992 7 1461.0
1992 8 5719.0
1992 9 2634.0
1992 10 806.0
1992 11 841.0
1992 12 93.0
1993 1 176.0
1993 2 1985.0
1993 3 3051.0
1993 4 965.0
1993 5 4589.0
1993 6 7565.0
1993 7 5970.0
1993 8 8751.0
1993 9 6651.0
1993 10 1511.0
1993 11 2762.0
1993 12 2106.0
1994 1 2518.0
1994 2 349.0
1994 3 1918.0
1994 4 194.0
1994 5 3481.0
1994 6 1149.0
1994 7 1384.0
1994 8 7753.0
1994 9 4622.0
1994 10 9821.0
1994 11 8960.0
1994 12 3703.0
1995 1 9506.0
1995 2 2343.0
1995 3 4828.0
1995 4 13180.0
1995 5 3366.0
1995 6 3377.0
1995 7 1053.0
1995 8 7958.0
1995 9 10524.0
1995 10 6146.0
1995 11 16344.0
1995 12 1282.0
1996 1 15018.0
1996 2 5451.0
1996 3 5845.0
1996 4 12545.0
1996 5 4415.0
1996 6 2777.0
1996 7 24068.0
1996 8 19898.0
1996 9 9496.0
1996 10 27174.0
1996 11 228.0
1996 12 8157.0
1997 1 3995.0
1997 2 1851.0
1997 3 2532.0
1997 4 2893.0
1997 5 9918.0
1997 6 11130.0
1997 7 14579.0
1997 8 29007.0
1997 9 19920.0
1997 10 15612.0
1997 11 2799.0
1997 12 16884.0
1998 1 13686.0
1998 2 17694.0
1998 3 4015.0
1998 4 12165.0
1998 5 6098.0
1998 6 8239.0
1998 7 4846.0
1998 8 11575.0
1998 9 15969.0
1998 10 10933.0
1998 11 7895.0
1998 12 27274.0
1999 1 26404.0
1999 2 5532.0
1999 3 5407.0
1999 4 6886.0
1999 5 11720.0
1999 6 2618.0
1999 7 1785.0
1999 8 19994.0
1999 9 4914.0
1999 10 3518.0
1999 11 12600.0
1999 12 2144.0
2000 1 1365.0
2000 2 16638.0
2000 3 12674.0
2000 4 1605.0
2000 5 10154.0
2000 6 10229.0
2000 7 5241.0
2000 8 6402.0
2000 9 1932.0
2000 10 14939.0
2000 11 2392.0
2000 12 4640.0
2001 1 797.0
2001 2 889.0
2001 3 2106.0
2001 4 8012.0
2001 5 4664.0
2001 6 15801.0
2001 7 9045.0
2001 8 4065.0
2001 9 1714.0
2001 10 1722.0
2001 11 3539.0
2001 12 1631.0
2002 1 9284.0
2002 2 1318.0
2002 3 12808.0
2002 4 8612.0
2002 5 8945.0
2002 6 9817.0
2002 7 5225.0
2002 8 6395.0
2002 9 17405.0
2002 10 4533.0
2002 11 27322.0
2002 12 7999.0
2003 1 670.0
2003 2 930.0
2003 3 4709.0
2003 4 5476.0
2003 5 8922.0
2003 6 2756.0
2003 7 4063.0
2003 8 3060.0
2003 9 14274.0
2003 10 7030.0
2003 11 10845.0
2003 12 2912.0
2004 1 2490.0
2004 2 4091.0
2004 3 1936.0
2004 4 8080.0
2004 5 8556.0
2004 6 2927.0
2004 7 4155.0
2004 8 13302.0
2004 9 2933.0
2004 10 4286.0
2004 11 18674.0
2004 12 9216.0
2005 1 786.0
2005 2 6477.0
2005 3 10135.0
2005 4 6208.0
2005 5 603.0
2005 6 4010.0
2005 7 8008.0
2005 8 2013.0
2005 9 2903.0
2005 10 10477.0
2005 11 469.0
2005 12 8148.0
2006 1 7791.0
2006 2 7364.0
2006 3 13463.0
2006 4 1753.0
2006 5 4550.0
2006 6 7287.0
2006 7 3618.0
2006 8 11951.0
2006 9 3908.0
2006 10 17452.0
2006 11 13422.0
2006 12 3509.0
2007 1 667.0
2007 2 1014.0
2007 3 2511.0
2007 4 4539.0
2007 5 527.0
2007 6 4199.0
2007 7 1074.0
2007 8 894.0
2007 9 1080.0
2007 10 43009.0
2007 11 9798.0
2007 12 7284.0
2008 1 27125.0
2008 2 779.0
2008 3 487.0
2008 4 10270.0
2008 5 6609.0
2008 6 10505.0
2008 7 4208.0
2008 8 1497.0
2008 9 24930.0
2008 10 19850.0
2008 11 2150.0
2008 12 4754.0
2009 1 5240.0
2009 2 450.0
2009 3 3220.0
2009 4 5990.0
2009 5 2819.0
2009 6 608.0
2009 7 3620.0
2009 8 3214.0
2009 9 7800.0
2009 10 961.0
2009 11 2017.0
2009 12 6667.0
2010 1 4082.0
2010 2 1497.0
2010 3 1995.0
2010 4 2713.0
2010 5 726.0
2010 6 3879.0
2010 7 366.0
2010 8 5121.0
2010 9 2965.0
2010 10 14286.0
2010 11 9466.0
2010 12 6731.0
2011 1 366.0
2011 2 366.0
2011 3 366.0
2011 4 2579.0
2011 5 10934.0
2011 6 9119.0
2011 7 4559.0
2011 8 6804.0
2011 9 26082.0
2011 10 4465.0
2011 11 15269.0
2011 12 3436.0
2012 1 3277.0
2012 2 5310.0
2012 3 28428.0
2012 4 2586.0
2012 5 8969.0
2012 6 16915.0
2012 7 4065.0
2012 8 4558.0
2012 9 11897.0
2012 10 9242.0
2012 11 19727.0
2012 12 5473.0
2013 1 2005.0
2013 2 4957.0
2013 3 9526.0
2013 4 32252.0
2013 5 12368.0
2013 6 21280.0
2013 7 15486.0
2013 8 12974.0
2013 9 8369.0
2013 10 8456.0
2013 11 3826.0
2013 12 9436.0
2014 1 5524.0
2014 2 11818.0
2014 3 17006.0
2014 4 18812.0
2014 5 9012.0
2014 6 8720.0
2014 7 22766.0
2014 8 45148.0
2014 9 7156.0
2014 10 20043.0
2014 11 37572.0
2014 12 10499.0
2015 1 772.0
2015 2 10236.0
2015 3 1920.0
2015 4 6099.0
2015 5 10706.0
2015 6 19273.0
2015 7 21426.0
2015 8 19934.0
2015 9 10375.0
2015 10 41775.0
2015 11 23240.0
2015 12 21172.0
2016 1 9561.0
2016 2 11414.0
2016 3 9797.0
2016 4 40630.0
2016 5 34057.0
2016 6 11394.0
2016 7 15723.0
2016 8 18598.0
2016 9 31774.0
2016 10 31752.0
2016 11 14248.0
2016 12 18629.0
2017 1 10022.0
2017 2 26802.0
2017 3 18602.0
2017 4 10662.0
2017 5 34740.0
2017 6 14575.0
2017 7 68208.0
2017 8 20250.0
2017 9 13796.0
2017 10 12716.0
2017 11 16556.0
2017 12 32302.0
2018 1 6665.0
2018 2 18055.0
2018 3 10909.0
2018 4 57689.0
2018 5 14923.0
2018 6 8993.0
2018 7 12427.0
2018 8 25315.0
2018 9 21293.0
2018 10 14228.0
2018 11 26874.0
2018 12 13540.0
2019 1 25497.0
2019 2 14198.0
2019 3 21827.0
2019 4 15393.0
2019 5 35194.0
2019 6 27495.0
2019 7 4946.0
2019 8 28235.0
2019 9 35051.0
2019 10 9839.0
2019 11 21028.0
2019 12 11111.0
2020 1 21105.0
2020 2 18126.0
2020 3 6884.0
2020 4 33229.0
2020 5 12876.0
2020 6 19557.0
2020 7 11095.0
2020 8 6327.0
2020 9 27137.0
2020 10 50046.0
2020 11 39840.0
2020 12 26111.0
2021 1 9495.0
2021 2 9299.0
2021 3 21657.0
2021 4 15666.0
2021 5 39623.0
2021 6 19617.0
2021 7 15483.0
2021 8 12616.0
2021 9 73746.0
2021 10 62971.0
2021 11 11550.0
2021 12 35430.0
2022 1 26225.0
2022 2 26305.0
2022 3 26118.0
2022 4 82729.0
2022 5 54597.0
2022 6 30369.0
2022 7 27376.0
2022 8 22409.0
2022 9 34878.0
2022 10 41558.0
2022 11 36265.0
2022 12 18790.0
2023 1 17847.0
2023 2 41388.0
2023 3 32502.0
2023 4 17546.0
2023 5 24975.0
2023 6 39369.0
2023 7 24980.0
2023 8 42347.0
2023 9 28998.0
2023 10 83849.0
2023 11 29519.0
2023 12 13603.0
2024 1 52218.0
2024 2 28317.0
2024 3 11795.0
2024 4 3653.0
2024 5 48431.0
2024 6 24974.0
2024 7 20682.0
2024 8 23808.0
