1960 5 416.0
1960 6 211.0
1960 7 214.0
1960 8 347.0
1960 9 239.0
1960 10 241.0
1960 11 207.0
1960 12 86.0
1961 1 84.0
1961 2 96.0
1961 3 381.0
1961 4 140.0
1961 5 234.0
1961 6 106.0
1961 7 229.0
1961 8 170.0
1961 9 282.0
1961 10 447.0
1961 11 290.0
1961 12 179.0
1962 1 138.0
1962 2 102.0
1962 3 224.0
1962 4 277.0
1962 5 391.0
1962 6 170.0
1962 7 163.0
1962 8 193.0
1962 9 216.0
1962 10 382.0
1962 11 249.0
1962 12 44.0
1963 1 81.0
1963 2 18.0
1963 3 169.0
1963 4 192.0
1963 5 232.0
1963 6 288.0
1963 7 188.0
1963 8 169.0
1963 9 187.0
1963 10 549.0
1963 11 180.0
1963 12 74.0
1964 1 44.0
1964 2 84.0
1964 3 330.0
1964 4 323.0
1964 5 96.0
1964 6 346.0
1964 7 145.0
1964 8 94.0
1964 9 357.0
1964 10 199.0
1964 11 228.0
1964 12 101.0
1965 1 191.0
1965 2 97.0
1965 3 241.0
1965 4 113.0
1965 5 83.0
1965 6 311.0
1965 7 295.0
1965 8 141.0
1965 9 104.0
1965 10 322.0
1965 11 277.0
1965 12 125.0
1966 1 40.0
1966 2 72.0
1966 3 249.0
1966 4 220.0
1966 5 261.0
1966 6 175.0
1966 7 95.0
1966 8 159.0
1966 9 331.0
1966 10 58.0
1966 11 147.0
1966 12 105.0
1967 1 117.0
1967 2 129.0
1967 3 200.0
1967 4 160.0
1967 5 431.0
1967 6 160.0
1967 7 80.0
1967 8 441.0
1967 9 197.0
1967 10 545.0
1967 11 252.0
1967 12 272.0
1968 1 317.0
1968 2 176.0
1968 3 214.0
1968 4 187.0
1968 5 268.0
1968 6 421.0
1968 7 173.0
1968 8 136.0
1968 9 109.0
1968 10 378.0
1968 11 287.0
1968 12 168.0
1969 1 82.0
1969 2 103.0
1969 3 202.0
1969 4 196.0
1969 5 116.0
1969 6 199.0
1969 7 212.0
1969 8 212.0
1969 9 187.0
1969 10 225.0
1969 11 190.0
1969 12 91.0
1970 1 52.0
1970 2 78.0
1970 3 111.0
1970 4 158.0
1970 5 62.0
1970 6 330.0
1970 7 208.0
1970 8 125.0
1970 9 465.0
1970 10 195.0
1970 11 224.0
1970 12 181.0
1971 1 138.0
1971 2 19.0
1971 3 383.0
1971 4 281.0
1971 5 112.0
1971 6 391.0
1971 7 594.0
1971 8 526.0
1971 9 403.0
1971 10 606.0
1971 11 861.0
1971 12 375.0
1972 1 446.0
1972 2 862.0
1972 3 1410.0
1972 4 802.0
1972 5 1020.0
1972 6 1936.0
1972 7 617.0
1972 8 788.0
1972 9 888.0
1972 10 449.0
1972 11 1200.0
1972 12 411.0
1973 1 95.0
1973 2 234.0
1973 3 550.0
1973 4 240.0
1973 5 919.0
1973 6 1179.0
1973 7 1009.0
1973 8 351.0
1973 9 668.0
1973 10 316.0
1973 11 991.0
1973 12 111.0
1974 1 34.0
1974 2 100.0
1974 3 739.0
1974 4 523.0
1974 5 529.0
1974 6 1046.0
1974 7 1015.0
1974 8 19.0
1974 9 618.0
1974 10 510.0
1974 11 267.0
1974 12 160.0
1975 1 103.0
1975 2 76.0
1975 3 434.0
1975 4 517.0
1975 5 371.0
1975 6 796.0
1975 7 340.0
1975 8 404.0
1975 9 1200.0
1975 10 454.0
1975 11 438.0
1975 12 982.0
1976 1 173.0
1976 2 333.0
1976 3 1180.0
1976 4 541.0
1976 5 929.0
1976 6 746.0
1976 7 823.0
1976 8 503.0
1976 9 1024.0
1976 10 641.0
1976 11 1565.0
1976 12 1338.0
1977 1 235.0
1977 2 605.0
1977 3 595.0
1977 4 916.0
1977 5 1587.0
1977 6 774.0
1977 7 495.0
1977 8 1105.0
1977 9 1525.0
1977 10 1160.0
1977 11 1207.0
1977 12 446.0
1978 1 318.0
1978 2 724.0
1978 3 1794.0
1978 4 1555.0
1978 5 1854.0
1978 6 1608.0
1978 7 532.0
1978 8 1375.0
1978 9 1830.0
1978 10 2779.0
1978 11 1690.0
1978 12 761.0
1979 1 179.0
1979 2 210.0
1979 3 1464.0
1979 4 1430.0
1979 5 1993.0
1979 6 1105.0
1979 7 1838.0
1979 8 2887.0
1979 9 2627.0
1979 10 3711.0
1979 11 898.0
1979 12 731.0
1980 1 173.0
1980 2 384.0
1980 3 1153.0
1980 4 781.0
1980 5 601.0
1980 6 1387.0
1980 7 2293.0
1980 8 1088.0
1980 9 2721.0
1980 10 3168.0
1980 11 1318.0
1980 12 940.0
1981 1 501.0
1981 2 638.0
1981 3 708.0
1981 4 1059.0
1981 5 571.0
1981 6 768.0
1981 7 587.0
1981 8 1112.0
1981 9 460.0
1981 10 941.0
1981 11 641.0
1981 12 241.0
1982 1 59.0
1982 2 368.0
1982 3 677.0
1982 4 203.0
1982 5 339.0
1982 6 1203.0
1982 7 140.0
1982 8 187.0
1982 9 1875.0
1982 10 922.0
1982 11 770.5
1982 12 619.0
1983 1 364.0
1983 2 109.0
1983 3 662.0
1983 4 830.0
1983 5 863.0
1983 6 357.0
1983 7 1743.0
1983 8 644.0
1983 9 1548.0
1983 10 1620.0
1983 11 1596.0
1983 12 833.0
1984 1 1625.0
1984 2 838.0
1984 3 1158.0
1984 4 1725.0
1984 5 1461.0
1984 6 859.0
1984 7 1255.0
1984 8 2346.0
1984 9 312.0
1984 10 2561.0
1984 11 1466.0
1984 12 605.0
1985 1 1073.0
1985 2 1477.0
1985 3 906.0
1985 4 1381.0
1985 5 626.0
1985 6 968.0
1985 7 790.0
1985 8 709.0
1985 9 635.0
1985 10 1272.0
1985 11 690.0
1985 12 889.0
1986 1 777.0
1986 2 109.0
1986 3 759.0
1986 4 1847.0
1986 5 1761.0
1986 6 776.0
1986 7 1663.0
1986 8 954.0
1986 9 1465.0
1986 10 1431.0
1986 11 920.0
1986 12 431.0
1987 1 1193.0
1987 2 555.0
1987 3 1063.0
1987 4 788.0
1987 5 594.0
1987 6 822.0
1987 7 965.0
1987 8 466.0
1987 9 872.0
1987 10 534.0
1987 11 496.0
1987 12 260.0
1988 1 243.0
1988 2 736.0
1988 3 885.0
1988 4 1790.0
1988 5 1185.0
1988 6 843.0
1988 7 1347.0
1988 8 1910.0
1988 9 684.0
1988 10 998.0
1988 11 626.0
1988 12 609.0
1989 1 388.0
1989 2 359.0
1989 3 838.0
1989 4 280.0
1989 5 2067.0
1989 6 1099.0
1989 7 893.0
1989 8 251.0
1989 9 360.0
1989 10 1674.0
1989 11 1502.0
1989 12 225.0
1990 1 469.0
1990 2 261.0
1990 3 560.0
1990 4 1672.0
1990 5 968.0
1990 6 394.0
1990 7 1816.0
1990 8 1006.0
1990 9 532.0
1990 10 1554.0
1990 11 855.0
1990 12 421.0
1991 1 150.0
1991 2 456.0
1991 3 333.0
1991 4 964.0
1991 5 1837.0
1991 6 959.0
1991 7 1088.0
1991 8 1598.0
1991 9 1057.0
1991 10 1225.0
1991 11 1353.0
1991 12 542.0
1992 1 360.0
1992 2 906.0
1992 3 3665.0
1992 4 2721.0
1992 5 1024.0
1992 6 812.0
1992 7 1051.0
1992 8 1174.0
1992 9 1432.0
1992 10 1028.0
1992 11 1428.0
1992 12 1130.0
1993 1 627.0
1993 2 887.5
1993 3 1148.0
1993 4 2133.0
1993 5 935.0
1993 6 1810.0
1993 7 1511.0
1993 8 3098.0
1993 9 6925.0
1993 10 639.0
1993 11 1206.0
1993 12 720.0
1994 1 330.0
1994 2 200.0
1994 3 856.0
1994 4 2298.0
1994 5 1725.0
1994 6 736.0
1994 7 1640.0
1994 8 2766.0
1994 9 2356.0
1994 10 5797.0
1994 11 7264.0
1994 12 505.0
1995 1 793.0
1995 2 938.0
1995 3 896.0
1995 4 629.0
1995 5 3333.0
1995 6 8854.0
1995 7 1802.0
1995 8 2103.0
1995 9 1121.0
1995 10 2876.0
1995 11 667.0
1995 12 1189.0
1996 1 8201.0
1996 2 980.0
1996 3 1753.0
1996 4 1858.0
1996 5 1296.0
1996 6 843.0
1996 7 2003.0
1996 8 1848.0
1996 9 5153.0
1996 10 2723.0
1996 11 1267.0
1996 12 492.0
1997 1 2138.0
1997 2 207.0
1997 3 2918.0
1997 4 3853.0
1997 5 2845.0
1997 6 1750.0
1997 7 2096.0
1997 8 1354.0
1997 9 2985.0
1997 10 22387.0
1997 11 2971.0
1997 12 403.0
1998 1 495.0
1998 2 1148.0
1998 3 1744.0
1998 4 3287.0
1998 5 3180.0
1998 6 1538.0
1998 7 3699.0
1998 8 2092.0
1998 9 2276.0
1998 10 1285.0
1998 11 963.0
1998 12 1057.0
1999 1 1830.0
1999 2 1206.0
1999 3 3204.0
1999 4 3471.0
1999 5 1067.0
1999 6 4439.0
1999 7 912.0
1999 8 540.0
1999 9 653.0
1999 10 1293.0
1999 11 452.0
1999 12 2209.0
2000 1 537.0
2000 2 212.0
2000 3 2017.0
2000 4 739.0
2000 5 3780.0
2000 6 10343.0
2000 7 2327.0
2000 8 1440.0
2000 9 3425.0
2000 10 923.0
2000 11 1374.0
2000 12 665.0
2001 1 175.0
2001 2 288.0
2001 3 237.0
2001 4 323.0
2001 5 1889.0
2001 6 1704.0
2001 7 1562.0
2001 8 1093.0
2001 9 702.0
2001 10 1232.0
2001 11 447.0
2001 12 811.0
2002 1 314.0
2002 2 396.0
2002 3 1284.0
2002 4 1266.0
2002 5 3287.0
2002 6 2778.0
2002 7 2127.0
2002 8 1206.0
2002 9 2060.0
2002 10 927.0
2002 11 584.0
2002 12 713.0
2003 1 2728.0
2003 2 2436.0
2003 3 1595.0
2003 4 2820.0
2003 5 1241.0
2003 6 285.0
2003 7 958.0
2003 8 3623.0
2003 9 4099.0
2003 10 2737.0
2003 11 1247.0
2003 12 1833.0
2004 1 1693.0
2004 2 139.0
2004 3 2056.0
2004 4 2343.0
2004 5 2207.0
2004 6 1005.0
2004 7 1314.0
2004 8 2171.0
2004 9 2001.0
2004 10 6128.0
2004 11 2501.0
2004 12 512.0
2005 1 1302.0
2005 2 2600.0
2005 3 7776.0
2005 4 1176.0
2005 5 744.0
2005 6 2934.0
2005 7 350.0
2005 8 1726.0
2005 9 1754.0
2005 10 2292.0
2005 11 3045.0
2005 12 823.0
2006 1 1319.0
2006 2 1306.0
2006 3 4167.0
2006 4 1057.0
2006 5 1336.0
2006 6 468.0
2006 7 1773.0
2006 8 3078.0
2006 9 2199.0
2006 10 704.0
2006 11 2983.0
2006 12 2129.0
2007 1 1544.0
2007 2 893.0
2007 3 1530.0
2007 4 1699.0
2007 5 813.0
2007 6 7948.0
2007 7 2718.0
2007 8 1520.0
2007 9 4921.0
2007 10 1123.0
2007 11 4329.0
2007 12 474.0
2008 1 1037.0
2008 2 229.0
2008 3 742.0
2008 4 2337.0
2008 5 973.0
2008 6 1027.0
2008 7 3100.0
2008 8 3458.0
2008 9 747.0
2008 10 1531.0
2008 11 596.0
2008 12 1049.0
2009 1 458.0
2009 2 708.0
2009 3 3264.0
2009 4 612.0
2009 5 117.0
2009 6 390.5
2009 7 664.0
2009 8 726.0
2009 9 218.0
2009 10 456.0
2009 11 1615.0
2009 12 980.0
2010 1 218.0
2010 2 1213.0
2010 3 3496.0
2010 4 1247.0
2010 5 3009.0
2010 6 687.0
2010 7 564.0
2010 8 1634.0
2010 9 1843.0
2010 10 5335.0
2010 11 515.0
2010 12 487.6666666666667
2011 1 460.3333333333333
2011 2 433.0
2011 3 906.5
2011 4 1380.0
2011 5 942.0
2011 6 160.0
2011 7 926.0
2011 8 3167.0
2011 9 2267.0
2011 10 1488.0
2011 11 1517.0
2011 12 1088.0
2012 1 325.0
2012 2 425.0
2012 3 760.0
2012 4 669.0
2012 5 578.0
2012 6 1249.0
2012 7 3458.0
2012 8 1585.0
2012 9 5244.0
2012 10 1020.0
2012 11 942.0
2012 12 237.0
2013 1 940.0
2013 2 1837.0
2013 3 678.0
2013 4 2951.0
2013 5 976.0
2013 6 842.0
2013 7 1629.0
2013 8 1998.0
2013 9 426.0
2013 10 269.0
2013 11 579.0
2013 12 225.0
2014 1 673.5
2014 2 1122.0
2014 3 775.0
2014 4 809.0
2014 5 703.5
2014 6 598.0
2014 7 2599.0
2014 8 474.0
2014 9 999.0
2014 10 1372.5
2014 11 1746.0
2014 12 790.0
2015 1 617.0
2015 2 444.0
2015 3 206.0
2015 4 463.0
2015 5 739.0
2015 6 1405.0
2015 7 1811.0
2015 8 2516.0
2015 9 824.0
2015 10 1179.0
2015 11 1675.0
2015 12 501.0
2016 1 633.0
2016 2 330.0
2016 3 984.0
2016 4 370.0
2016 5 6001.0
2016 6 942.0
2016 7 1450.0
2016 8 4177.0
2016 9 1600.0
2016 10 1418.0
2016 11 837.0
2016 12 2011.0
2017 1 250.0
2017 2 4752.0
2017 3 1606.0
2017 4 1390.0
2017 5 4562.0
2017 6 915.0
2017 7 1113.0
2017 8 3076.0
2017 9 7351.0
2017 10 1447.0
2017 11 2532.0
2017 12 1050.0
2018 1 356.0
2018 2 3599.0
2018 3 1934.0
2018 4 2052.0
2018 5 4316.0
2018 6 591.0
2018 7 1271.0
2018 8 1990.0
2018 9 955.0
2018 10 1105.0
2018 11 341.0
2018 12 483.0
2019 1 824.0
2019 2 247.0
2019 3 341.0
2019 4 11405.0
2019 5 2894.0
2019 6 884.0
2019 7 524.0
2019 8 2833.0
2019 9 3332.0
2019 10 2817.0
2019 11 6064.0
2019 12 5043.0
2020 1 2484.0
2020 2 2634.0
2020 3 5977.0
2020 4 3074.0
2020 5 723.0
2020 6 1736.0
2020 7 1951.0
2020 8 1753.0
2020 9 2063.0
2020 10 9805.0
2020 11 13261.0
2020 12 877.0
2021 1 3115.0
2021 2 2227.0
2021 3 1339.0
2021 4 2976.0
2021 5 3110.0
2021 6 1011.0
2021 7 3411.0
2021 8 1996.0
2021 9 1789.0
2021 10 1979.0
2021 11 6306.0
2021 12 8568.0
2022 1 15534.0
2022 2 5028.0
2022 3 6235.0
2022 4 2815.0
2022 5 2891.0
2022 6 4553.0
2022 7 2157.0
2022 8 7659.0
2022 9 4858.0
2022 10 7362.0
2022 11 4309.0
2022 12 7998.0
2023 1 1039.0
2023 2 3626.0
2023 3 3549.0
2023 4 6989.0
2023 5 10256.0
2023 6 7274.0
2023 7 7240.0
2023 8 3862.0
2023 9 2684.0
2023 10 7002.0
2023 11 4952.0
2023 12 1312.0
2024 1 1474.0
2024 2 11653.0
2024 3 6075.0
2024 4 2742.0
2024 5 8033.0
2024 6 1160.0
2024 7 1518.0
2024 8 8677.0
