1960 5 6320.0
1960 6 6302.0
1960 7 5844.0
1960 8 5850.0
1960 9 5395.0
1960 10 6488.0
1960 11 5911.0
1960 12 3895.0
1961 1 4051.0
1961 2 3274.0
1961 3 5882.0
1961 4 6683.0
1961 5 5576.0
1961 6 5745.0
1961 7 5527.0
1961 8 5137.0
1961 9 5555.0
1961 10 6181.0
1961 11 5831.0
1961 12 4028.0
1962 1 3096.0
1962 2 3050.0
1962 3 4827.0
1962 4 9222.0
1962 5 7666.0
1962 6 8086.0
1962 7 7364.0
1962 8 6719.0
1962 9 8577.0
1962 10 7454.0
1962 11 5059.0
1962 12 3161.0
1963 1 1555.0
1963 2 2682.0
1963 3 5431.0
1963 4 7499.0
1963 5 6571.0
1963 6 5428.0
1963 7 6485.0
1963 8 4889.0
1963 9 5417.0
1963 10 6851.0
1963 11 4539.0
1963 12 2795.0
1964 1 2788.0
1964 2 3014.0
1964 3 5079.0
1964 4 5794.0
1964 5 5108.0
1964 6 4672.0
1964 7 4998.0
1964 8 4590.0
1964 9 4851.0
1964 10 4830.0
1964 11 4686.0
1964 12 2317.0
1965 1 2012.0
1965 2 1876.0
1965 3 4318.0
1965 4 7305.0
1965 5 5326.0
1965 6 6437.0
1965 7 5112.0
1965 8 5662.0
1965 9 5627.0
1965 10 6278.0
1965 11 5665.0
1965 12 4677.0
1966 1 1731.0
1966 2 2854.0
1966 3 6316.0
1966 4 5328.0
1966 5 4146.0
1966 6 3593.0
1966 7 3346.0
1966 8 2556.0
1966 9 3304.0
1966 10 3292.0
1966 11 3527.0
1966 12 1782.0
1967 1 1365.0
1967 2 2780.0
1967 3 6407.0
1967 4 4566.0
1967 5 5413.0
1967 6 4442.0
1967 7 4042.0
1967 8 6256.0
1967 9 4759.0
1967 10 6478.0
1967 11 5974.0
1967 12 4676.0
1968 1 3195.0
1968 2 4751.0
1968 3 5924.0
1968 4 5974.0
1968 5 10520.0
1968 6 7092.0
1968 7 7716.0
1968 8 7802.0
1968 9 8677.0
1968 10 8209.0
1968 11 9472.0
1968 12 5196.0
1969 1 4270.0
1969 2 2387.0
1969 3 4562.0
1969 4 8912.0
1969 5 5729.0
1969 6 7258.0
1969 7 6551.0
1969 8 6016.0
1969 9 6578.0
1969 10 8496.0
1969 11 6432.0
1969 12 6528.0
1970 1 2604.0
1970 2 4581.0
1970 3 5231.0
1970 4 5727.0
1970 5 8098.0
1970 6 7349.0
1970 7 9164.0
1970 8 5364.0
1970 9 7843.0
1970 10 11936.0
1970 11 7206.0
1970 12 5552.0
1971 1 3578.0
1971 2 3165.0
1971 3 10527.0
1971 4 14767.0
1971 5 13102.0
1971 6 10784.0
1971 7 12251.0
1971 8 15864.0
1971 9 9833.0
1971 10 15948.0
1971 11 14888.0
1971 12 12876.0
1972 1 7437.0
1972 2 7693.0
1972 3 14009.0
1972 4 13103.0
1972 5 13140.0
1972 6 22141.0
1972 7 12244.0
1972 8 11837.0
1972 9 12630.0
1972 10 19037.0
1972 11 13491.0
1972 12 5528.0
1973 1 10294.0
1973 2 8967.0
1973 3 11188.0
1973 4 14369.0
1973 5 15152.0
1973 6 13961.0
1973 7 19699.0
1973 8 13858.0
1973 9 9016.0
1973 10 11218.0
1973 11 7786.0
1973 12 5246.0
1974 1 4664.0
1974 2 5563.0
1974 3 11189.0
1974 4 14579.0
1974 5 12461.0
1974 6 9903.0
1974 7 17006.0
1974 8 11555.0
1974 9 7272.0
1974 10 14940.0
1974 11 13647.0
1974 12 4314.0
1975 1 2524.0
1975 2 3460.0
1975 3 10680.0
1975 4 16811.0
1975 5 19027.0
1975 6 17182.0
1975 7 14110.0
1975 8 16514.0
1975 9 15631.0
1975 10 17428.0
1975 11 11805.0
1975 12 5747.0
1976 1 4994.0
1976 2 10380.0
1976 3 18534.0
1976 4 20888.0
1976 5 23194.0
1976 6 20351.0
1976 7 15833.0
1976 8 19185.0
1976 9 16387.0
1976 10 18146.0
1976 11 22086.0
1976 12 11033.0
1977 1 5332.0
1977 2 13049.0
1977 3 28604.0
1977 4 27054.0
1977 5 29728.0
1977 6 29507.0
1977 7 26008.0
1977 8 20082.0
1977 9 19536.0
1977 10 23571.0
1977 11 20381.0
1977 12 13014.0
1978 1 6767.0
1978 2 7415.0
1978 3 21047.0
1978 4 33636.0
1978 5 33735.0
1978 6 28187.0
1978 7 26850.0
1978 8 30583.0
1978 9 37402.0
1978 10 33008.0
1978 11 21169.0
1978 12 12082.0
1979 1 5100.0
1979 2 6054.0
1979 3 26873.0
1979 4 32693.0
1979 5 31266.0
1979 6 35093.0
1979 7 30347.0
1979 8 28905.0
1979 9 31904.0
1979 10 30647.0
1979 11 15358.0
1979 12 10290.0
1980 1 5050.0
1980 2 6425.0
1980 3 14747.0
1980 4 16611.0
1980 5 13825.0
1980 6 21484.0
1980 7 24404.0
1980 8 24257.0
1980 9 31555.0
1980 10 29117.0
1980 11 22043.0
1980 12 10267.0
1981 1 8834.0
1981 2 10382.0
1981 3 20250.0
1981 4 18125.0
1981 5 15352.0
1981 6 16365.0
1981 7 13382.0
1981 8 13896.0
1981 9 11881.0
1981 10 12414.0
1981 11 7918.0
1981 12 9730.0
1982 1 2991.0
1982 2 2739.0
1982 3 9674.0
1982 4 11502.0
1982 5 8961.0
1982 6 20516.0
1982 7 12138.0
1982 8 13727.0
1982 9 17361.0
1982 10 12773.0
1982 11 11070.5
1982 12 9368.0
1983 1 4717.0
1983 2 6331.0
1983 3 15836.0
1983 4 23613.0
1983 5 25100.0
1983 6 21773.0
1983 7 21432.0
1983 8 24161.0
1983 9 22438.0
1983 10 29831.0
1983 11 17403.0
1983 12 7413.0
1984 1 10660.0
1984 2 20065.0
1984 3 26371.0
1984 4 26800.0
1984 5 25062.0
1984 6 19615.0
1984 7 21669.0
1984 8 29260.0
1984 9 23358.0
1984 10 24856.0
1984 11 21931.0
1984 12 11410.0
1985 1 7238.0
1985 2 10954.0
1985 3 23307.0
1985 4 24712.0
1985 5 21550.0
1985 6 25025.0
1985 7 27958.0
1985 8 19031.0
1985 9 19738.0
1985 10 16087.0
1985 11 18862.0
1985 12 11320.0
1986 1 10949.0
1986 2 10452.0
1986 3 21959.0
1986 4 40574.0
1986 5 28834.0
1986 6 22416.0
1986 7 28054.0
1986 8 20639.0
1986 9 18581.0
1986 10 20446.0
1986 11 15842.0
1986 12 13550.0
1987 1 13544.0
1987 2 17097.0
1987 3 19603.0
1987 4 23988.0
1987 5 20088.0
1987 6 24499.0
1987 7 25218.0
1987 8 18566.0
1987 9 20756.0
1987 10 22638.0
1987 11 20942.0
1987 12 11280.0
1988 1 7454.0
1988 2 13869.0
1988 3 34288.0
1988 4 31754.0
1988 5 28052.0
1988 6 27659.0
1988 7 21867.0
1988 8 28134.0
1988 9 22982.0
1988 10 26827.0
1988 11 33170.0
1988 12 19116.0
1989 1 16484.0
1989 2 9958.0
1989 3 27399.0
1989 4 31166.0
1989 5 32892.0
1989 6 31365.0
1989 7 25971.0
1989 8 27518.0
1989 9 32588.0
1989 10 28318.0
1989 11 31226.0
1989 12 12517.0
1990 1 40402.0
1990 2 18906.0
1990 3 28149.0
1990 4 31619.0
1990 5 33048.0
1990 6 31562.0
1990 7 31214.0
1990 8 32487.0
1990 9 24130.0
1990 10 26769.0
1990 11 24381.0
1990 12 20269.0
1991 1 9682.0
1991 2 17772.0
1991 3 30340.0
1991 4 35498.0
1991 5 37314.0
1991 6 32401.0
1991 7 34701.0
1991 8 40670.0
1991 9 36340.0
1991 10 44792.0
1991 11 25461.0
1991 12 26487.0
1992 1 19816.0
1992 2 28854.0
1992 3 48298.0
1992 4 53312.0
1992 5 44561.0
1992 6 45127.0
1992 7 42803.0
1992 8 40119.0
1992 9 43720.0
1992 10 41174.0
1992 11 27381.0
1992 12 27981.0
1993 1 17920.0
1993 2 27034.0
1993 3 51972.0
1993 4 52743.0
1993 5 50473.0
1993 6 57872.0
1993 7 47478.0
1993 8 58572.0
1993 9 56361.0
1993 10 47017.0
1993 11 43664.0
1993 12 33133.0
1994 1 25681.0
1994 2 21813.0
1994 3 45308.0
1994 4 53583.0
1994 5 59839.0
1994 6 54660.0
1994 7 39010.0
1994 8 58030.0
1994 9 56143.0
1994 10 54132.0
1994 11 49436.0
1994 12 29711.0
1995 1 23409.0
1995 2 24826.0
1995 3 45205.0
1995 4 51014.0
1995 5 46385.0
1995 6 58623.0
1995 7 50973.0
1995 8 59265.0
1995 9 58278.0
1995 10 57779.0
1995 11 56974.0
1995 12 32907.0
1996 1 47501.0
1996 2 39259.0
1996 3 57228.0
1996 4 74124.0
1996 5 69857.0
1996 6 57669.0
1996 7 76846.0
1996 8 66780.0
1996 9 53087.0
1996 10 78838.0
1996 11 39686.0
1996 12 45587.0
1997 1 29261.0
1997 2 25842.0
1997 3 55813.0
1997 4 65495.0
1997 5 71844.0
1997 6 62791.0
1997 7 68167.0
1997 8 75957.0
1997 9 78652.0
1997 10 99594.0
1997 11 46575.0
1997 12 52250.0
1998 1 40502.0
1998 2 57230.0
1998 3 51950.0
1998 4 85986.0
1998 5 78786.0
1998 6 77374.0
1998 7 65183.0
1998 8 77501.0
1998 9 74576.0
1998 10 67695.0
1998 11 55596.0
1998 12 75703.0
1999 1 62627.0
1999 2 48286.0
1999 3 71446.0
1999 4 83025.0
1999 5 82675.0
1999 6 80403.0
1999 7 71385.0
1999 8 92479.0
1999 9 69980.0
1999 10 67644.0
1999 11 77733.0
1999 12 58297.0
2000 1 34711.0
2000 2 58666.0
2000 3 82664.0
2000 4 73567.0
2000 5 81575.0
2000 6 97905.0
2000 7 67981.0
2000 8 74630.0
2000 9 61674.0
2000 10 84299.0
2000 11 50549.0
2000 12 38631.0
2001 1 37826.0
2001 2 32689.0
2001 3 66321.0
2001 4 82561.0
2001 5 83362.0
2001 6 88883.0
2001 7 74456.0
2001 8 88754.0
2001 9 62650.0
2001 10 67836.0
2001 11 63145.0
2001 12 45127.0
2002 1 50579.0
2002 2 47975.0
2002 3 84350.0
2002 4 109813.0
2002 5 94185.0
2002 6 90359.0
2002 7 91549.0
2002 8 79247.0
2002 9 97346.0
2002 10 103149.0
2002 11 110285.0
2002 12 61543.0
2003 1 53005.0
2003 2 68056.0
2003 3 107456.0
2003 4 120610.0
2003 5 113232.0
2003 6 115190.0
2003 7 123351.0
2003 8 92926.0
2003 9 122455.0
2003 10 121466.0
2003 11 80800.0
2003 12 70988.0
2004 1 56494.0
2004 2 64628.0
2004 3 103136.0
2004 4 129952.0
2004 5 135124.0
2004 6 125479.0
2004 7 106012.0
2004 8 129199.0
2004 9 96302.0
2004 10 118477.0
2004 11 119419.0
2004 12 99468.0
2005 1 60809.0
2005 2 84769.0
2005 3 147229.0
2005 4 123882.0
2005 5 136281.0
2005 6 159481.0
2005 7 134256.0
2005 8 142108.0
2005 9 131520.0
2005 10 160590.0
2005 11 112840.0
2005 12 84489.0
2006 1 78678.0
2006 2 91077.0
2006 3 121647.0
2006 4 105351.0
2006 5 123792.0
2006 6 126352.0
2006 7 107904.0
2006 8 112154.0
2006 9 85590.0
2006 10 102162.0
2006 11 92053.0
2006 12 61706.0
2007 1 47851.0
2007 2 52739.0
2007 3 84135.0
2007 4 102666.0
2007 5 110589.0
2007 6 110407.0
2007 7 93520.0
2007 8 90822.0
2007 9 90744.0
2007 10 148662.0
2007 11 61545.0
2007 12 41514.0
2008 1 68424.0
2008 2 37354.0
2008 3 60725.0
2008 4 102917.0
2008 5 90889.0
2008 6 83016.0
2008 7 95108.0
2008 8 73523.0
2008 9 100828.0
2008 10 94736.0
2008 11 39472.0
2008 12 32829.0
2009 1 23768.0
2009 2 28445.0
2009 3 46121.0
2009 4 70788.0
2009 5 89606.0
2009 6 93139.0
2009 7 86033.0
2009 8 78799.0
2009 9 67104.0
2009 10 64408.0
2009 11 46776.0
2009 12 46151.0
2010 1 37327.0
2010 2 55505.0
2010 3 67323.0
2010 4 94589.0
2010 5 64637.0
2010 6 82559.0
2010 7 58622.0
2010 8 71929.0
2010 9 69322.0
2010 10 79460.0
2010 11 56245.0
2010 12 35829.0
2011 1 24298.0
2011 2 30903.0
2011 3 57542.0
2011 4 69956.0
2011 5 81152.0
2011 6 73829.0
2011 7 64300.0
2011 8 76368.0
2011 9 87867.0
2011 10 67204.0
2011 11 69457.0
2011 12 50976.0
2012 1 37427.0
2012 2 47469.0
2012 3 101055.0
2012 4 74690.0
2012 5 106707.0
2012 6 99806.0
2012 7 75486.0
2012 8 89412.0
2012 9 89295.0
2012 10 98062.0
2012 11 124370.0
2012 12 69647.0
2013 1 77939.0
2013 2 70416.0
2013 3 100038.0
2013 4 151510.0
2013 5 126732.0
2013 6 126292.0
2013 7 115113.0
2013 8 118023.0
2013 9 103323.0
2013 10 122698.0
2013 11 76427.0
2013 12 87302.0
2014 1 55517.0
2014 2 66874.0
2014 3 96912.0
2014 4 122225.0
2014 5 113184.0
2014 6 126206.0
2014 7 121085.0
2014 8 143336.0
2014 9 99215.0
2014 10 145915.0
2014 11 107977.0
2014 12 66246.0
2015 1 42227.0
2015 2 65425.0
2015 3 93268.0
2015 4 102354.0
2015 5 94858.0
2015 6 125822.0
2015 7 121691.0
2015 8 118233.0
2015 9 104334.0
2015 10 133930.0
2015 11 115757.0
2015 12 92708.0
2016 1 68207.0
2016 2 72750.0
2016 3 121430.0
2016 4 141544.0
2016 5 148622.0
2016 6 118415.0
2016 7 113270.0
2016 8 133828.0
2016 9 103053.0
2016 10 131370.0
2016 11 101388.0
2016 12 84651.0
2017 1 63108.0
2017 2 102150.0
2017 3 142440.0
2017 4 108832.0
2017 5 148924.0
2017 6 134835.0
2017 7 171560.0
2017 8 142960.0
2017 9 139481.0
2017 10 111627.0
2017 11 134579.0
2017 12 98679.0
2018 1 57890.0
2018 2 98277.0
2018 3 114709.0
2018 4 174231.0
2018 5 149597.0
2018 6 109020.0
2018 7 110546.0
2018 8 115258.0
2018 9 116018.0
2018 10 120993.0
2018 11 110430.0
2018 12 59070.0
2019 1 79305.0
2019 2 70453.0
2019 3 91726.0
2019 4 143238.0
2019 5 137511.0
2019 6 128829.0
2019 7 84038.0
2019 8 120451.0
2019 9 145783.0
2019 10 121549.0
2019 11 109473.0
2019 12 84255.0
2020 1 92667.0
2020 2 87178.0
2020 3 119193.0
2020 4 145128.0
2020 5 115284.0
2020 6 146481.0
2020 7 144999.0
2020 8 136747.0
2020 9 159848.0
2020 10 183670.0
2020 11 153822.0
2020 12 123746.0
2021 1 95490.0
2021 2 113444.0
2021 3 165844.0
2021 4 204902.0
2021 5 160373.0
2021 6 154956.0
2021 7 124182.0
2021 8 145062.0
2021 9 189944.0
2021 10 188554.0
2021 11 104535.0
2021 12 128674.0
2022 1 119406.0
2022 2 130069.0
2022 3 175240.0
2022 4 222475.0
2022 5 187141.0
2022 6 152170.0
2022 7 132969.0
2022 8 145525.0
2022 9 138914.0
2022 10 142781.0
2022 11 151503.0
2022 12 85928.0
2023 1 77535.0
2023 2 105324.0
2023 3 133048.0
2023 4 136575.0
2023 5 162962.0
2023 6 161692.0
2023 7 142818.0
2023 8 167060.0
2023 9 130426.0
2023 10 218063.0
2023 11 130218.0
2023 12 91097.0
2024 1 116534.0
2024 2 147806.0
2024 3 341585.0
2024 4 141219.0
2024 5 189899.0
2024 6 147553.0
2024 7 166677.0
2024 8 165740.0
