1960 5 3144.0
1960 6 5306.0
1960 7 4394.0
1960 8 4016.0
1960 9 4613.0
1960 10 3412.0
1960 11 3930.0
1960 12 2611.0
1961 1 3958.0
1961 2 3749.0
1961 3 6803.0
1961 4 4105.0
1961 5 5573.0
1961 6 5119.0
1961 7 6472.0
1961 8 7440.0
1961 9 5770.0
1961 10 4564.0
1961 11 4842.0
1961 12 5814.0
1962 1 7957.0
1962 2 11338.0
1962 3 5160.0
1962 4 12479.0
1962 5 9718.0
1962 6 9722.0
1962 7 8478.0
1962 8 11012.0
1962 9 7639.0
1962 10 10167.0
1962 11 9242.0
1962 12 10261.0
1963 1 11296.0
1963 2 18160.0
1963 3 13106.0
1963 4 24592.0
1963 5 19058.0
1963 6 8958.0
1963 7 8267.0
1963 8 10738.0
1963 9 11114.0
1963 10 11252.0
1963 11 8002.0
1963 12 5243.0
1964 1 5205.0
1964 2 4813.0
1964 3 8525.0
1964 4 7330.0
1964 5 6683.0
1964 6 4847.0
1964 7 5831.0
1964 8 5322.0
1964 9 4238.0
1964 10 5007.0
1964 11 4188.0
1964 12 2384.0
1965 1 6167.0
1965 2 4118.0
1965 3 6454.0
1965 4 6587.0
1965 5 4432.0
1965 6 5035.0
1965 7 4000.0
1965 8 3490.0
1965 9 5218.0
1965 10 3385.0
1965 11 2608.0
1965 12 2096.0
1966 1 2257.0
1966 2 2081.0
1966 3 3041.0
1966 4 2988.0
1966 5 3522.0
1966 6 3088.0
1966 7 1406.0
1966 8 1577.0
1966 9 1502.0
1966 10 825.0
1966 11 955.0
1966 12 889.0
1967 1 1201.0
1967 2 1125.0
1967 3 1375.0
1967 4 1543.0
1967 5 2948.0
1967 6 2016.0
1967 7 1584.0
1967 8 3449.0
1967 9 2372.0
1967 10 2055.0
1967 11 2036.0
1967 12 3353.0
1968 1 3208.0
1968 2 4352.0
1968 3 3649.0
1968 4 4084.0
1968 5 4102.0
1968 6 4435.0
1968 7 5599.0
1968 8 3826.0
1968 9 3633.0
1968 10 4728.0
1968 11 4075.0
1968 12 3294.0
1969 1 5949.0
1969 2 5126.0
1969 3 7136.0
1969 4 8597.0
1969 5 8150.0
1969 6 4367.0
1969 7 6722.0
1969 8 6578.0
1969 9 6842.0
1969 10 7853.0
1969 11 5656.0
1969 12 7451.0
1970 1 7440.0
1970 2 6955.0
1970 3 11356.0
1970 4 10137.0
1970 5 9294.0
1970 6 7368.0
1970 7 11644.0
1970 8 8139.0
1970 9 7049.0
1970 10 9006.0
1970 11 6938.0
1970 12 16430.0
1971 1 14299.0
1971 2 10555.0
1971 3 15203.0
1971 4 10853.0
1971 5 16196.0
1971 6 16244.0
1971 7 11958.0
1971 8 19028.0
1971 9 15021.0
1971 10 8233.0
1971 11 9807.0
1971 12 19073.0
1972 1 11862.0
1972 2 14147.0
1972 3 17064.0
1972 4 14954.0
1972 5 18562.0
1972 6 21622.0
1972 7 16317.0
1972 8 13707.0
1972 9 17639.0
1972 10 15760.0
1972 11 18084.0
1972 12 14615.0
1973 1 15306.0
1973 2 18347.0
1973 3 25528.0
1973 4 22339.0
1973 5 19383.0
1973 6 15923.0
1973 7 19027.0
1973 8 20279.0
1973 9 13489.0
1973 10 11375.0
1973 11 11561.0
1973 12 6974.0
1974 1 10245.0
1974 2 7170.0
1974 3 15664.0
1974 4 14351.0
1974 5 14549.0
1974 6 7317.0
1974 7 9523.0
1974 8 7745.0
1974 9 5200.0
1974 10 7605.0
1974 11 6597.0
1974 12 8279.0
1975 1 5243.0
1975 2 5535.0
1975 3 8712.0
1975 4 12816.0
1975 5 14101.0
1975 6 11544.0
1975 7 14973.0
1975 8 13434.0
1975 9 15558.0
1975 10 14135.0
1975 11 14096.0
1975 12 9762.0
1976 1 13522.0
1976 2 20150.0
1976 3 28526.0
1976 4 22348.0
1976 5 25467.0
1976 6 19266.0
1976 7 24370.0
1976 8 23375.0
1976 9 30470.0
1976 10 21061.0
1976 11 34902.0
1976 12 24204.0
1977 1 27497.0
1977 2 31438.0
1977 3 35373.0
1977 4 317952.0
1977 5 35955.0
1977 6 314729.0
1977 7 46863.0
1977 8 42548.0
1977 9 50555.0
1977 10 31400.0
1977 11 39315.0
1977 12 24460.0
1978 1 37848.0
1978 2 30175.0
1978 3 64492.0
1978 4 61286.0
1978 5 59489.0
1978 6 46850.0
1978 7 42939.0
1978 8 46795.0
1978 9 33030.0
1978 10 41678.0
1978 11 64823.0
1978 12 40448.0
1979 1 28890.0
1979 2 50867.0
1979 3 61029.0
1979 4 50050.0
1979 5 45300.0
1979 6 52805.0
1979 7 54011.0
1979 8 47488.0
1979 9 45900.0
1979 10 27845.0
1979 11 20707.0
1979 12 26295.0
1980 1 22246.0
1980 2 22837.0
1980 3 20208.0
1980 4 15899.0
1980 5 13634.0
1980 6 43930.0
1980 7 42834.0
1980 8 38595.0
1980 9 39311.0
1980 10 28309.0
1980 11 19773.0
1980 12 24789.0
1981 1 15564.0
1981 2 20642.0
1981 3 22262.0
1981 4 32206.0
1981 5 27813.0
1981 6 25567.0
1981 7 30520.0
1981 8 20050.0
1981 9 38889.0
1981 10 10163.0
1981 11 13298.0
1981 12 13245.0
1982 1 7389.0
1982 2 9965.0
1982 3 30995.0
1982 4 17614.0
1982 5 18442.0
1982 6 17205.0
1982 7 19813.0
1982 8 18698.0
1982 9 20049.0
1982 10 20700.0
1982 11 24447.5
1982 12 28195.0
1983 1 18416.0
1983 2 32650.0
1983 3 28612.0
1983 4 34086.0
1983 5 41536.0
1983 6 57873.0
1983 7 37352.0
1983 8 42517.0
1983 9 28814.0
1983 10 29899.0
1983 11 22716.0
1983 12 22083.0
1984 1 27839.0
1984 2 31663.0
1984 3 42753.0
1984 4 46345.0
1984 5 41030.0
1984 6 32068.0
1984 7 26739.0
1984 8 19632.0
1984 9 32965.0
1984 10 19669.0
1984 11 21663.0
1984 12 23339.0
1985 1 21376.0
1985 2 39692.0
1985 3 32292.0
1985 4 36092.0
1985 5 31300.0
1985 6 27523.0
1985 7 40096.0
1985 8 33294.0
1985 9 34349.0
1985 10 40539.0
1985 11 27919.0
1985 12 31952.0
1986 1 44307.0
1986 2 38255.0
1986 3 47254.0
1986 4 80869.0
1986 5 66297.0
1986 6 63881.0
1986 7 45100.0
1986 8 52639.0
1986 9 39404.0
1986 10 46423.0
1986 11 35034.0
1986 12 40197.0
1987 1 44314.0
1987 2 56390.0
1987 3 58251.0
1987 4 52258.0
1987 5 50245.0
1987 6 60069.0
1987 7 59189.0
1987 8 52339.0
1987 9 44335.0
1987 10 39406.0
1987 11 34119.0
1987 12 44663.0
1988 1 42603.0
1988 2 51035.0
1988 3 59065.0
1988 4 70542.0
1988 5 82303.0
1988 6 52423.0
1988 7 60291.0
1988 8 72564.0
1988 9 89516.0
1988 10 61853.0
1988 11 58731.0
1988 12 77182.0
1989 1 54715.0
1989 2 98304.0
1989 3 67494.0
1989 4 90689.0
1989 5 75226.0
1989 6 90027.0
1989 7 98118.0
1989 8 115257.0
1989 9 98148.0
1989 10 90818.0
1989 11 131498.0
1989 12 120197.0
1990 1 96019.0
1990 2 82115.0
1990 3 121633.0
1990 4 148512.0
1990 5 157591.0
1990 6 97436.0
1990 7 98992.0
1990 8 134334.0
1990 9 82134.0
1990 10 84401.0
1990 11 64484.0
1990 12 60458.0
1991 1 64667.0
1991 2 57931.0
1991 3 97415.0
1991 4 105664.0
1991 5 136451.0
1991 6 163453.0
1991 7 77088.0
1991 8 103638.0
1991 9 79459.0
1991 10 82590.0
1991 11 80430.0
1991 12 214217.0
1992 1 102450.0
1992 2 71771.0
1992 3 74838.0
1992 4 108967.0
1992 5 82289.0
1992 6 97198.0
1992 7 88850.0
1992 8 99981.0
1992 9 88193.0
1992 10 105919.0
1992 11 113120.0
1992 12 72794.0
1993 1 63498.0
1993 2 98406.0
1993 3 132139.0
1993 4 124613.0
1993 5 128005.0
1993 6 126978.0
1993 7 135524.0
1993 8 188257.0
1993 9 152710.0
1993 10 130759.0
1993 11 120633.0
1993 12 129521.0
1994 1 106447.0
1994 2 129394.0
1994 3 185322.0
1994 4 175816.0
1994 5 196303.0
1994 6 162341.0
1994 7 150593.0
1994 8 170070.0
1994 9 180383.0
1994 10 150264.0
1994 11 158035.0
1994 12 147327.0
1995 1 127077.0
1995 2 148506.0
1995 3 145490.0
1995 4 189348.0
1995 5 299503.0
1995 6 201676.0
1995 7 199437.0
1995 8 210985.0
1995 9 204169.0
1995 10 214329.0
1995 11 156211.0
1995 12 199550.0
1996 1 189952.0
1996 2 174621.0
1996 3 182786.0
1996 4 188063.0
1996 5 231664.0
1996 6 238645.0
1996 7 206032.0
1996 8 209784.0
1996 9 205986.0
1996 10 182151.0
1996 11 131950.0
1996 12 175324.0
1997 1 159996.0
1997 2 163453.0
1997 3 196178.0
1997 4 230288.0
1997 5 224482.0
1997 6 236140.0
1997 7 261232.0
1997 8 196761.0
1997 9 215340.0
1997 10 194760.0
1997 11 166353.0
1997 12 203100.0
1998 1 195869.0
1998 2 193796.0
1998 3 239169.0
1998 4 332223.0
1998 5 205281.0
1998 6 236882.0
1998 7 243907.0
1998 8 186898.0
1998 9 252023.0
1998 10 241642.0
1998 11 199765.0
1998 12 226200.0
1999 1 150551.0
1999 2 255639.0
1999 3 272634.0
1999 4 206058.0
1999 5 236896.0
1999 6 291657.0
1999 7 204544.0
1999 8 231877.0
1999 9 238955.0
1999 10 190508.0
1999 11 209238.0
1999 12 244424.0
2000 1 200456.0
2000 2 227254.0
2000 3 260123.0
2000 4 269048.0
2000 5 260896.0
2000 6 275650.0
2000 7 206234.0
2000 8 313006.0
2000 9 243414.0
2000 10 240015.0
2000 11 268919.0
2000 12 222986.0
2001 1 241681.0
2001 2 212926.0
2001 3 329827.0
2001 4 313598.0
2001 5 285812.0
2001 6 291852.0
2001 7 277131.0
2001 8 398034.0
2001 9 284956.0
2001 10 274005.0
2001 11 234207.0
2001 12 201404.0
2002 1 233529.0
2002 2 246963.0
2002 3 314423.0
2002 4 253061.0
2002 5 283060.0
2002 6 313554.0
2002 7 311327.0
2002 8 283611.0
2002 9 312853.0
2002 10 343972.0
2002 11 288461.0
2002 12 384329.0
2003 1 331319.0
2003 2 308814.0
2003 3 329573.0
2003 4 352397.0
2003 5 366169.0
2003 6 425232.0
2003 7 402371.0
2003 8 366295.0
2003 9 390835.0
2003 10 375607.0
2003 11 296290.0
2003 12 483341.0
2004 1 357995.0
2004 2 400464.0
2004 3 426772.0
2004 4 462091.0
2004 5 631786.0
2004 6 494778.0
2004 7 443875.0
2004 8 469165.0
2004 9 386232.0
2004 10 294699.0
2004 11 330784.0
2004 12 326814.0
2005 1 274121.0
2005 2 377655.0
2005 3 453318.0
2005 4 399777.0
2005 5 482412.0
2005 6 521932.0
2005 7 542270.0
2005 8 631414.0
2005 9 508875.0
2005 10 487829.0
2005 11 397346.0
2005 12 430461.0
2006 1 375575.0
2006 2 400253.0
2006 3 446707.0
2006 4 383503.0
2006 5 522146.0
2006 6 441714.0
2006 7 294588.0
2006 8 308382.0
2006 9 206921.0
2006 10 211242.0
2006 11 141942.0
2006 12 173445.0
2007 1 184045.0
2007 2 216905.0
2007 3 272040.0
2007 4 374516.0
2007 5 305888.0
2007 6 218735.0
2007 7 226167.0
2007 8 188419.0
2007 9 149893.0
2007 10 296427.0
2007 11 147617.0
2007 12 69903.0
2008 1 73655.0
2008 2 83277.0
2008 3 99016.0
2008 4 159993.0
2008 5 139100.0
2008 6 146986.0
2008 7 117286.0
2008 8 95351.0
2008 9 90257.0
2008 10 69126.0
2008 11 37688.0
2008 12 32694.0
2009 1 36386.0
2009 2 31929.0
2009 3 47378.0
2009 4 55257.0
2009 5 59390.0
2009 6 60451.0
2009 7 83615.0
2009 8 60060.0
2009 9 67308.0
2009 10 74962.0
2009 11 46546.0
2009 12 67239.0
2010 1 55776.0
2010 2 70711.0
2010 3 113369.0
2010 4 70448.0
2010 5 70422.0
2010 6 74890.0
2010 7 66022.0
2010 8 62985.0
2010 9 43528.0
2010 10 43220.0
2010 11 39060.0
2010 12 52836.0
2011 1 46475.0
2011 2 45133.0
2011 3 71234.0
2011 4 58434.0
2011 5 98532.0
2011 6 102902.0
2011 7 61363.0
2011 8 72875.0
2011 9 59556.0
2011 10 50021.0
2011 11 60289.0
2011 12 77525.0
2012 1 48932.0
2012 2 54543.0
2012 3 99151.0
2012 4 111605.0
2012 5 132128.0
2012 6 132071.0
2012 7 106557.0
2012 8 106191.0
2012 9 96510.0
2012 10 113123.0
2012 11 91219.0
2012 12 90572.0
2013 1 118183.0
2013 2 109933.0
2013 3 140359.0
2013 4 157803.0
2013 5 194216.0
2013 6 144621.0
2013 7 128522.0
2013 8 160374.0
2013 9 119065.0
2013 10 134862.0
2013 11 103011.0
2013 12 93775.0
2014 1 111885.0
2014 2 108476.0
2014 3 129356.0
2014 4 147184.0
2014 5 174563.0
2014 6 190449.0
2014 7 204326.0
2014 8 147672.0
2014 9 145723.0
2014 10 147934.0
2014 11 124639.0
2014 12 131595.0
2015 1 104415.0
2015 2 170405.0
2015 3 190567.0
2015 4 189702.0
2015 5 166508.0
2015 6 201526.0
2015 7 186267.0
2015 8 177137.0
2015 9 169717.0
2015 10 170498.0
2015 11 137233.0
2015 12 170277.0
2016 1 143823.0
2016 2 178776.0
2016 3 213949.0
2016 4 215949.0
2016 5 233594.0
2016 6 243606.0
2016 7 216060.0
2016 8 185370.0
2016 9 212037.0
2016 10 181820.0
2016 11 208379.0
2016 12 171864.0
2017 1 165888.0
2017 2 192688.0
2017 3 220989.0
2017 4 216790.0
2017 5 272636.0
2017 6 251454.0
2017 7 263927.0
2017 8 221513.0
2017 9 197216.0
2017 10 228601.0
2017 11 188460.0
2017 12 216221.0
2018 1 258894.0
2018 2 276846.0
2018 3 322358.0
2018 4 309930.0
2018 5 318681.0
2018 6 273684.0
2018 7 284987.0
2018 8 291511.0
2018 9 215912.0
2018 10 259105.0
2018 11 229386.0
2018 12 167057.0
2019 1 184503.0
2019 2 251009.0
2019 3 240773.0
2019 4 250955.0
2019 5 255947.0
2019 6 282207.0
2019 7 383189.0
2019 8 235881.0
2019 9 222081.0
2019 10 264587.0
2019 11 189930.0
2019 12 225537.0
2020 1 303498.0
2020 2 319984.0
2020 3 326753.0
2020 4 183820.0
2020 5 166396.0
2020 6 271686.0
2020 7 400268.0
2020 8 299108.0
2020 9 372108.0
2020 10 272411.0
2020 11 297132.0
2020 12 432446.0
2021 1 371923.0
2021 2 372683.0
2021 3 393202.0
2021 4 373363.0
2021 5 363408.0
2021 6 390370.0
2021 7 298467.0
2021 8 447370.0
2021 9 356436.0
2021 10 328626.0
2021 11 353235.0
2021 12 381303.0
2022 1 377317.0
2022 2 428594.0
2022 3 449022.0
2022 4 426667.0
2022 5 363103.0
2022 6 326504.0
2022 7 193597.0
2022 8 262894.0
2022 9 227802.0
2022 10 209089.0
2022 11 167259.0
2022 12 149004.0
2023 1 170294.0
2023 2 228082.0
2023 3 438342.0
2023 4 293540.0
2023 5 402839.0
2023 6 387834.0
2023 7 384064.0
2023 8 307463.0
2023 9 333988.0
2023 10 256264.0
2023 11 335096.0
2023 12 346706.0
2024 1 395725.0
2024 2 336535.0
2024 3 429637.0
2024 4 451898.0
2024 5 419772.0
2024 6 375676.0
2024 7 458154.0
2024 8 306714.0
