1960 5 224.0
1960 6 179.0
1960 7 625.0
1960 8 115.0
1960 9 216.0
1960 10 124.0
1960 11 268.0
1960 12 125.0
1961 1 688.0
1961 2 530.0
1961 3 304.0
1961 4 327.0
1961 5 479.0
1961 6 461.0
1961 7 416.0
1961 8 291.0
1961 9 734.0
1961 10 660.0
1961 11 375.0
1961 12 360.0
1962 1 1228.0
1962 2 1390.0
1962 3 1529.0
1962 4 1472.0
1962 5 599.0
1962 6 2652.0
1962 7 1703.0
1962 8 1388.0
1962 9 4054.0
1962 10 2294.0
1962 11 3300.0
1962 12 7996.0
1963 1 3311.0
1963 2 1902.0
1963 3 986.0
1963 4 1800.0
1963 5 453.0
1963 6 290.0
1963 7 223.0
1963 8 125.0
1963 9 48.0
1963 10 405.0
1963 11 1029.0
1963 12 1012.0
1964 1 2246.0
1964 2 553.0
1964 3 104.0
1964 4 1519.0
1964 5 194.0
1964 6 267.0
1964 7 297.0
1964 8 396.0
1964 9 246.0
1964 10 1043.0
1964 11 55.0
1964 12 1288.0
1965 1 133.0
1965 2 110.0
1965 3 102.0
1965 4 328.0
1965 5 447.0
1965 6 185.0
1965 7 797.0
1965 8 36.0
1965 9 41.0
1965 10 46.0
1965 11 226.0
1965 12 53.0
1966 1 12.0
1966 2 45.0
1966 3 122.0
1966 4 83.0
1966 5 49.0
1966 6 75.5
1966 7 102.0
1966 8 34.0
1966 9 33.25
1966 10 32.5
1966 11 31.75
1966 12 31.0
1967 1 34.5
1967 2 38.0
1967 3 22.0
1967 4 50.0
1967 5 61.0
1967 6 101.0
1967 7 32.0
1967 8 43.0
1967 9 197.0
1967 10 220.0
1967 11 27.0
1967 12 22.0
1968 1 17.0
1968 2 47.0
1968 3 855.0
1968 4 114.0
1968 5 401.0
1968 6 351.5
1968 7 302.0
1968 8 85.0
1968 9 206.0
1968 10 197.0
1968 11 256.0
1968 12 38.0
1969 1 107.0
1969 2 176.0
1969 3 192.0
1969 4 30.0
1969 5 19.0
1969 6 57.0
1969 7 95.0
1969 8 203.0
1969 9 80.0
1969 10 418.0
1969 11 250.0
1969 12 132.0
1970 1 14.0
1970 2 34.0
1970 3 349.0
1970 4 1722.0
1970 5 612.0
1970 6 71.0
1970 7 299.0
1970 8 786.0
1970 9 137.0
1970 10 224.0
1970 11 1513.0
1970 12 47.0
1971 1 81.0
1971 2 1067.0
1971 3 1272.0
1971 4 1788.0
1971 5 620.0
1971 6 2035.0
1971 7 1121.0
1971 8 510.0
1971 9 2295.0
1971 10 343.0
1971 11 817.0
1971 12 261.0
1972 1 257.0
1972 2 798.0
1972 3 1983.0
1972 4 971.0
1972 5 4140.0
1972 6 677.0
1972 7 477.0
1972 8 459.0
1972 9 318.0
1972 10 156.0
1972 11 710.0
1972 12 843.0
1973 1 247.0
1973 2 215.0
1973 3 355.0
1973 4 482.0
1973 5 3880.0
1973 6 1593.0
1973 7 1969.0
1973 8 362.0
1973 9 603.0
1973 10 601.0
1973 11 2209.0
1973 12 1455.0
1974 1 701.0
1974 2 207.0
1974 3 124.0
1974 4 259.0
1974 5 177.0
1974 6 674.0
1974 7 641.0
1974 8 357.0
1974 9 411.0
1974 10 31.0
1974 11 41.0
1974 12 75.0
1975 1 471.0
1975 2 608.0
1975 3 160.0
1975 4 188.0
1975 5 1526.0
1975 6 1275.0
1975 7 300.0
1975 8 451.0
1975 9 587.0
1975 10 568.0
1975 11 202.0
1975 12 149.0
1976 1 1276.0
1976 2 895.0
1976 3 1851.0
1976 4 453.0
1976 5 1262.0
1976 6 581.0
1976 7 789.0
1976 8 480.0
1976 9 1744.0
1976 10 1084.0
1976 11 1116.0
1976 12 1151.0
1977 1 1734.0
1977 2 377.0
1977 3 1657.0
1977 4 16749.0
1977 5 1607.0
1977 6 12717.0
1977 7 1235.0
1977 8 1122.0
1977 9 2471.0
1977 10 4544.0
1977 11 1407.0
1977 12 2133.0
1978 1 3526.0
1978 2 246.0
1978 3 4584.0
1978 4 1691.0
1978 5 3242.0
1978 6 4950.0
1978 7 2247.0
1978 8 1143.0
1978 9 2713.0
1978 10 2004.0
1978 11 3374.0
1978 12 1325.0
1979 1 3306.0
1979 2 3019.0
1979 3 968.0
1979 4 972.0
1979 5 8702.0
1979 6 1782.0
1979 7 3195.0
1979 8 3308.0
1979 9 1185.0
1979 10 7366.0
1979 11 2872.0
1979 12 3617.0
1980 1 1245.0
1980 2 274.0
1980 3 4328.0
1980 4 1039.0
1980 5 511.0
1980 6 2198.0
1980 7 4612.0
1980 8 16062.0
1980 9 2104.0
1980 10 2483.0
1980 11 1755.0
1980 12 4977.0
1981 1 1412.0
1981 2 1733.0
1981 3 2018.0
1981 4 4349.0
1981 5 1514.0
1981 6 1483.0
1981 7 2102.0
1981 8 921.0
1981 9 2228.0
1981 10 2041.0
1981 11 1298.0
1981 12 1075.0
1982 1 345.0
1982 2 4487.0
1982 3 847.0
1982 4 466.0
1982 5 1267.0
1982 6 609.0
1982 7 6271.0
1982 8 5366.0
1982 9 6164.0
1982 10 1394.0
1982 11 1478.5
1982 12 1563.0
1983 1 856.0
1983 2 652.0
1983 3 6226.0
1983 4 674.0
1983 5 2648.0
1983 6 5327.0
1983 7 1016.0
1983 8 1277.0
1983 9 2121.0
1983 10 3011.0
1983 11 1270.0
1983 12 1147.0
1984 1 7436.0
1984 2 315.0
1984 3 3839.0
1984 4 2718.0
1984 5 1748.0
1984 6 7627.0
1984 7 2985.0
1984 8 4106.0
1984 9 10270.0
1984 10 695.0
1984 11 2258.0
1984 12 354.0
1985 1 2404.0
1985 2 312.0
1985 3 333.0
1985 4 1651.0
1985 5 647.0
1985 6 1436.0
1985 7 1178.0
1985 8 1220.0
1985 9 1853.0
1985 10 1137.0
1985 11 1149.0
1985 12 843.0
1986 1 4199.0
1986 2 1698.0
1986 3 828.0
1986 4 1778.0
1986 5 3114.0
1986 6 2052.0
1986 7 1051.0
1986 8 1088.0
1986 9 2527.0
1986 10 2179.0
1986 11 1246.0
1986 12 980.0
1987 1 587.0
1987 2 1044.0
1987 3 1794.0
1987 4 112.0
1987 5 1724.0
1987 6 3368.0
1987 7 867.0
1987 8 2827.0
1987 9 841.0
1987 10 1689.0
1987 11 2953.0
1987 12 2448.0
1988 1 1119.0
1988 2 189.0
1988 3 896.0
1988 4 4208.0
1988 5 1350.0
1988 6 432.0
1988 7 876.0
1988 8 1225.0
1988 9 2519.0
1988 10 1885.0
1988 11 1439.0
1988 12 3072.0
1989 1 3179.0
1989 2 2485.0
1989 3 1772.0
1989 4 3084.0
1989 5 4047.0
1989 6 3165.0
1989 7 4350.0
1989 8 4028.0
1989 9 2356.0
1989 10 807.0
1989 11 3113.0
1989 12 1378.0
1990 1 4235.0
1990 2 167.0
1990 3 16616.0
1990 4 2418.0
1990 5 5701.0
1990 6 2053.0
1990 7 3940.0
1990 8 343.0
1990 9 1320.0
1990 10 1286.0
1990 11 239.0
1990 12 3580.0
1991 1 372.0
1991 2 3684.0
1991 3 848.0
1991 4 1187.0
1991 5 899.0
1991 6 7069.0
1991 7 271.0
1991 8 644.0
1991 9 2000.0
1991 10 2417.0
1991 11 685.0
1991 12 121.0
1992 1 153.0
1992 2 962.0
1992 3 406.0
1992 4 1307.0
1992 5 367.0
1992 6 695.0
1992 7 5604.0
1992 8 1901.0
1992 9 2756.0
1992 10 5417.0
1992 11 408.0
1992 12 3323.0
1993 1 1947.0
1993 2 4197.0
1993 3 2872.0
1993 4 5569.0
1993 5 876.0
1993 6 1425.0
1993 7 1264.0
1993 8 876.0
1993 9 1757.0
1993 10 1108.0
1993 11 2395.0
1993 12 3117.0
1994 1 2839.0
1994 2 1238.0
1994 3 3435.0
1994 4 2968.0
1994 5 3670.0
1994 6 1825.0
1994 7 1503.0
1994 8 508.0
1994 9 5713.0
1994 10 7322.0
1994 11 656.0
1994 12 1490.0
1995 1 1516.0
1995 2 3978.0
1995 3 3577.0
1995 4 4130.0
1995 5 6751.0
1995 6 5362.0
1995 7 4088.0
1995 8 1532.0
1995 9 4581.0
1995 10 6052.0
1995 11 3384.0
1995 12 8394.0
1996 1 2710.0
1996 2 3737.0
1996 3 2454.0
1996 4 4729.0
1996 5 5717.0
1996 6 5797.0
1996 7 8679.0
1996 8 3929.0
1996 9 5456.0
1996 10 7294.0
1996 11 6966.0
1996 12 1181.0
1997 1 6097.0
1997 2 8765.0
1997 3 3387.0
1997 4 1789.0
1997 5 5177.0
1997 6 7911.0
1997 7 5223.0
1997 8 6340.0
1997 9 11669.0
1997 10 8207.0
1997 11 1866.0
1997 12 694.0
1998 1 440.0
1998 2 538.0
1998 3 2999.0
1998 4 2899.0
1998 5 2401.0
1998 6 6118.0
1998 7 2375.0
1998 8 1295.0
1998 9 2803.0
1998 10 9589.0
1998 11 1394.0
1998 12 2234.0
1999 1 1248.0
1999 2 8316.0
1999 3 3527.0
1999 4 1751.0
1999 5 1803.0
1999 6 5293.0
1999 7 1587.0
1999 8 4873.0
1999 9 577.0
1999 10 3431.0
1999 11 112.0
1999 12 25486.0
2000 1 3402.0
2000 2 2549.0
2000 3 650.0
2000 4 2093.0
2000 5 6448.0
2000 6 467.0
2000 7 628.0
2000 8 1499.0
2000 9 8941.0
2000 10 5652.0
2000 11 7586.0
2000 12 4183.0
2001 1 417.0
2001 2 100.0
2001 3 2495.0
2001 4 778.0
2001 5 672.0
2001 6 3045.0
2001 7 1448.0
2001 8 12434.0
2001 9 1096.0
2001 10 5995.0
2001 11 4633.0
2001 12 947.0
2002 1 813.0
2002 2 649.5
2002 3 486.0
2002 4 3709.0
2002 5 645.0
2002 6 3341.0
2002 7 2452.0
2002 8 1941.0
2002 9 323.0
2002 10 3437.0
2002 11 1979.0
2002 12 3430.0
2003 1 6817.0
2003 2 2008.0
2003 3 1771.0
2003 4 4292.0
2003 5 5035.0
2003 6 15641.0
2003 7 2874.0
2003 8 2706.0
2003 9 16014.0
2003 10 6470.0
2003 11 3113.0
2003 12 4470.0
2004 1 11143.0
2004 2 5806.0
2004 3 21439.0
2004 4 36890.0
2004 5 20371.0
2004 6 5811.0
2004 7 11176.0
2004 8 209.0
2004 9 10536.0
2004 10 4674.0
2004 11 3096.0
2004 12 3019.0
2005 1 3935.0
2005 2 17937.0
2005 3 12619.0
2005 4 5645.0
2005 5 10468.0
2005 6 9965.0
2005 7 7290.0
2005 8 3458.0
2005 9 16183.0
2005 10 5547.0
2005 11 15537.0
2005 12 1878.0
2006 1 4246.0
2006 2 3147.0
2006 3 12029.0
2006 4 4610.0
2006 5 8869.0
2006 6 6894.0
2006 7 11519.0
2006 8 3307.0
2006 9 3342.0
2006 10 4363.0
2006 11 5191.0
2006 12 4649.0
2007 1 4632.0
2007 2 5273.0
2007 3 6652.0
2007 4 7909.0
2007 5 15529.0
2007 6 2213.0
2007 7 2401.0
2007 8 2184.0
2007 9 1266.0
2007 10 5000.0
2007 11 2038.0
2007 12 3776.0
2008 1 3176.0
2008 2 2576.0
2008 3 2700.0
2008 4 1679.0
2008 5 2514.0
2008 6 4336.0
2008 7 1619.0
2008 8 1734.0
2008 9 1305.0
2008 10 335.0
2008 11 1689.0
2008 12 220.0
2009 1 1051.5
2009 2 1883.0
2009 3 1653.0
2009 4 2776.0
2009 5 1828.0
2009 6 4515.0
2009 7 1162.0
2009 8 2076.0
2009 9 1309.0
2009 10 2088.0
2009 11 2412.0
2009 12 2736.0
2010 1 4184.0
2010 2 1499.0
2010 3 477.0
2010 4 1340.0
2010 5 1857.0
2010 6 1189.5
2010 7 522.0
2010 8 979.0
2010 9 1270.0
2010 10 1269.0
2010 11 171.0
2010 12 145.0
2011 1 703.0
2011 2 612.5
2011 3 522.0
2011 4 170.0
2011 5 181.0
2011 6 1958.0
2011 7 522.0
2011 8 652.5
2011 9 783.0
2011 10 431.0
2011 11 284.0
2011 12 778.3333333333333
2012 1 1272.6666666666665
2012 2 1767.0
2012 3 279.0
2012 4 408.5
2012 5 538.0
2012 6 667.5
2012 7 797.0
2012 8 199.0
2012 9 2708.0
2012 10 1283.0
2012 11 428.0
2012 12 484.0
2013 1 500.0
2013 2 721.0
2013 3 942.0
2013 4 1218.0
2013 5 6815.5
2013 6 12413.0
2013 7 368.0
2013 8 2767.0
2013 9 199.0
2013 10 507.0
2013 11 2577.5
2013 12 4648.0
2014 1 156.0
2014 2 1586.0
2014 3 1718.0
2014 4 740.0
2014 5 656.0
2014 6 686.0
2014 7 5497.0
2014 8 644.0
2014 9 624.0
2014 10 623.6666666666666
2014 11 623.3333333333334
2014 12 623.0
2015 1 622.6666666666666
2015 2 622.3333333333334
2015 3 622.0
2015 4 1080.0
2015 5 230.0
2015 6 1012.0
2015 7 1161.0
2015 8 597.0
2015 9 1937.0
2015 10 3277.0
2015 11 1827.5
2015 12 378.0
2016 1 989.0
2016 2 880.0
2016 3 564.5
2016 4 249.0
2016 5 2400.0
2016 6 1243.0
2016 7 2326.0
2016 8 3254.0
2016 9 944.0
2016 10 596.5
2016 11 249.0
2016 12 1225.0
2017 1 2201.0
2017 2 2787.0
2017 3 5899.0
2017 4 4360.0
2017 5 1122.0
2017 6 3889.0
2017 7 5587.0
2017 8 3983.0
2017 9 730.0
2017 10 4285.0
2017 11 3817.0
2017 12 10473.0
2018 1 1030.0
2018 2 1342.0
2018 3 1901.0
2018 4 1258.0
2018 5 2255.0
2018 6 2094.3333333333335
2018 7 1933.6666666666667
2018 8 1773.0
2018 9 1960.0
2018 10 2147.0
2018 11 1347.0
2018 12 2471.0
2019 1 4146.0
2019 2 2881.0
2019 3 7440.0
2019 4 5878.0
2019 5 2430.0
2019 6 2396.0
2019 7 6180.0
2019 8 5494.0
2019 9 1743.0
2019 10 8463.0
2019 11 4196.0
2019 12 4334.0
2020 1 14493.0
2020 2 9183.0
2020 3 4319.0
2020 4 4535.0
2020 5 5121.0
2020 6 9392.0
2020 7 17557.0
2020 8 10392.0
2020 9 6825.0
2020 10 6075.0
2020 11 13419.0
2020 12 7961.0
2021 1 15133.0
2021 2 6801.0
2021 3 10326.0
2021 4 7172.0
2021 5 11793.0
2021 6 12632.0
2021 7 27825.0
2021 8 6184.0
2021 9 10036.0
2021 10 8884.0
2021 11 10907.0
2021 12 9607.0
2022 1 7022.0
2022 2 5893.0
2022 3 7899.0
2022 4 8084.0
2022 5 3110.0
2022 6 3256.0
2022 7 9417.0
2022 8 4652.0
2022 9 7179.0
2022 10 5834.0
2022 11 3846.0
2022 12 1182.0
2023 1 1685.0
2023 2 3802.0
2023 3 13008.0
2023 4 4069.0
2023 5 7994.0
2023 6 4485.0
2023 7 5427.0
2023 8 9845.0
2023 9 4263.0
2023 10 2798.0
2023 11 6054.0
2023 12 4241.0
2024 1 5656.0
2024 2 4015.0
2024 3 4595.0
2024 4 1331.0
2024 5 7887.0
2024 6 5391.0
2024 7 6930.0
2024 8 3559.0
