1960 5 1476.0
1960 6 232.0
1960 7 277.0
1960 8 194.0
1960 9 1504.0
1960 10 334.0
1960 11 1165.0
1960 12 522.0
1961 1 1341.0
1961 2 657.0
1961 3 530.0
1961 4 442.0
1961 5 102.0
1961 6 1036.0
1961 7 1177.0
1961 8 2315.0
1961 9 514.0
1961 10 1121.0
1961 11 2519.0
1961 12 1093.0
1962 1 1723.5
1962 2 2354.0
1962 3 2283.0
1962 4 5422.0
1962 5 3312.0
1962 6 2757.0
1962 7 1694.0
1962 8 4208.0
1962 9 6381.0
1962 10 5236.0
1962 11 3606.0
1962 12 3121.0
1963 1 5237.0
1963 2 3053.0
1963 3 3653.0
1963 4 3030.0
1963 5 6238.0
1963 6 786.0
1963 7 2068.0
1963 8 1589.0
1963 9 539.0
1963 10 899.0
1963 11 1367.0
1963 12 757.0
1964 1 1901.0
1964 2 220.0
1964 3 110.0
1964 4 826.0
1964 5 1045.0
1964 6 559.0
1964 7 177.0
1964 8 801.0
1964 9 378.0
1964 10 1173.0
1964 11 49.0
1964 12 651.0
1965 1 1253.0
1965 2 82.0
1965 3 810.0
1965 4 235.0
1965 5 7207.0
1965 6 500.0
1965 7 1067.0
1965 8 178.0
1965 9 967.0
1965 10 217.0
1965 11 35.0
1965 12 698.0
1966 1 75.0
1966 2 326.5
1966 3 578.0
1966 4 449.33333333333337
1966 5 320.6666666666667
1966 6 192.0
1966 7 169.5
1966 8 147.0
1966 9 673.5
1966 10 1200.0
1966 11 643.0
1966 12 339.0
1967 1 35.0
1967 2 50.0
1967 3 1264.0
1967 4 703.0
1967 5 142.0
1967 6 253.0
1967 7 278.5
1967 8 304.0
1967 9 359.6666666666667
1967 10 415.3333333333333
1967 11 471.0
1967 12 401.0
1968 1 243.0
1968 2 55.0
1968 3 80.0
1968 4 166.0
1968 5 81.0
1968 6 918.0
1968 7 586.0
1968 8 251.0
1968 9 1077.0
1968 10 529.0
1968 11 1638.0
1968 12 1442.0
1969 1 200.0
1969 2 2447.0
1969 3 308.0
1969 4 1125.0
1969 5 1570.0
1969 6 554.0
1969 7 1655.0
1969 8 55.0
1969 9 770.0
1969 10 1836.0
1969 11 1266.5
1969 12 697.0
1970 1 4424.0
1970 2 1027.0
1970 3 3168.0
1970 4 6375.0
1970 5 1149.0
1970 6 98.0
1970 7 140.0
1970 8 1884.0
1970 9 1700.0
1970 10 1254.0
1970 11 1186.0
1970 12 3932.0
1971 1 123.0
1971 2 2953.0
1971 3 1875.0
1971 4 1162.0
1971 5 3553.0
1971 6 2641.0
1971 7 3878.0
1971 8 1297.0
1971 9 13336.0
1971 10 1973.0
1971 11 5104.0
1971 12 9700.0
1972 1 2411.0
1972 2 15151.0
1972 3 6894.0
1972 4 4952.0
1972 5 4165.0
1972 6 9997.0
1972 7 3409.0
1972 8 5969.0
1972 9 4536.0
1972 10 16253.0
1972 11 8267.0
1972 12 8655.0
1973 1 6386.0
1973 2 7072.0
1973 3 9202.0
1973 4 4218.0
1973 5 398.0
1973 6 1133.0
1973 7 3872.0
1973 8 6607.0
1973 9 471.0
1973 10 5525.0
1973 11 4902.0
1973 12 9525.0
1974 1 175.0
1974 2 6254.0
1974 3 8566.0
1974 4 2948.0
1974 5 3500.0
1974 6 679.0
1974 7 6102.0
1974 8 3739.0
1974 9 916.0
1974 10 2313.0
1974 11 3710.0
1974 12 1050.0
1975 1 4707.0
1975 2 4709.0
1975 3 4711.0
1975 4 5871.0
1975 5 584.0
1975 6 850.0
1975 7 3918.0
1975 8 2778.0
1975 9 650.0
1975 10 2427.0
1975 11 6948.0
1975 12 552.0
1976 1 2995.0
1976 2 1048.0
1976 3 3405.0
1976 4 14135.0
1976 5 2072.0
1976 6 4570.0
1976 7 1403.0
1976 8 2266.0
1976 9 4792.0
1976 10 3055.0
1976 11 10881.0
1976 12 12030.0
1977 1 1505.0
1977 2 20430.0
1977 3 6520.0
1977 4 32256.0
1977 5 17788.0
1977 6 45119.0
1977 7 9729.0
1977 8 8480.0
1977 9 15115.0
1977 10 16720.0
1977 11 7005.0
1977 12 7823.0
1978 1 4396.0
1978 2 17417.0
1978 3 30604.0
1978 4 17377.0
1978 5 15070.0
1978 6 24129.0
1978 7 8955.0
1978 8 6184.0
1978 9 3166.0
1978 10 22830.0
1978 11 4518.0
1978 12 7309.0
1979 1 12430.0
1979 2 11350.0
1979 3 8491.0
1979 4 10984.0
1979 5 9940.0
1979 6 9439.0
1979 7 10448.0
1979 8 16436.0
1979 9 14746.0
1979 10 8783.0
1979 11 4533.0
1979 12 11172.0
1980 1 1402.0
1980 2 9894.0
1980 3 2962.0
1980 4 4848.0
1980 5 9159.0
1980 6 5434.0
1980 7 14220.0
1980 8 11169.0
1980 9 9557.0
1980 10 8673.0
1980 11 8119.0
1980 12 3586.0
1981 1 826.0
1981 2 3005.0
1981 3 7129.0
1981 4 11611.0
1981 5 21428.0
1981 6 11081.0
1981 7 1675.0
1981 8 7841.0
1981 9 3578.0
1981 10 8221.0
1981 11 5957.0
1981 12 2170.0
1982 1 5592.0
1982 2 552.0
1982 3 11379.0
1982 4 2822.0
1982 5 4351.0
1982 6 7994.0
1982 7 4601.0
1982 8 2809.0
1982 9 2415.0
1982 10 2196.0
1982 11 10299.5
1982 12 18403.0
1983 1 3917.0
1983 2 14126.0
1983 3 24244.0
1983 4 11897.0
1983 5 7858.0
1983 6 3338.0
1983 7 18878.0
1983 8 17904.0
1983 9 19994.0
1983 10 12336.0
1983 11 14234.0
1983 12 4223.0
1984 1 10214.0
1984 2 21925.0
1984 3 6055.0
1984 4 7230.0
1984 5 10653.0
1984 6 1068.0
1984 7 4087.0
1984 8 13847.0
1984 9 17358.0
1984 10 20898.0
1984 11 11542.0
1984 12 12427.0
1985 1 11531.0
1985 2 6428.0
1985 3 15002.0
1985 4 23730.0
1985 5 7377.0
1985 6 4385.0
1985 7 15138.0
1985 8 5575.0
1985 9 2965.0
1985 10 2716.0
1985 11 14319.0
1985 12 27774.0
1986 1 2877.0
1986 2 10261.0
1986 3 26814.0
1986 4 27019.0
1986 5 10757.0
1986 6 25981.0
1986 7 8601.0
1986 8 2028.0
1986 9 15858.0
1986 10 3207.0
1986 11 10350.0
1986 12 4287.0
1987 1 4493.0
1987 2 12734.0
1987 3 10623.0
1987 4 3822.0
1987 5 21708.0
1987 6 254.0
1987 7 13591.0
1987 8 25236.0
1987 9 32299.0
1987 10 9219.0
1987 11 12971.0
1987 12 10150.0
1988 1 13902.0
1988 2 27652.0
1988 3 59658.0
1988 4 50063.0
1988 5 75822.0
1988 6 41740.0
1988 7 23969.0
1988 8 58389.0
1988 9 37416.0
1988 10 22994.0
1988 11 52207.0
1988 12 52941.0
1989 1 31446.0
1989 2 29645.0
1989 3 42339.0
1989 4 22775.0
1989 5 33112.0
1989 6 81657.0
1989 7 19357.0
1989 8 28404.0
1989 9 19411.0
1989 10 14178.0
1989 11 42136.0
1989 12 30461.0
1990 1 71627.0
1990 2 27327.0
1990 3 47799.0
1990 4 45766.0
1990 5 23392.0
1990 6 33876.0
1990 7 21584.0
1990 8 47156.0
1990 9 16129.0
1990 10 5518.0
1990 11 4095.0
1990 12 7394.0
1991 1 14868.0
1991 2 3961.0
1991 3 16785.0
1991 4 22584.0
1991 5 64500.0
1991 6 44075.0
1991 7 15939.0
1991 8 7996.0
1991 9 2968.0
1991 10 19801.0
1991 11 6533.0
1991 12 13142.0
1992 1 24613.0
1992 2 1195.0
1992 3 16592.0
1992 4 7547.0
1992 5 8610.0
1992 6 25301.0
1992 7 12751.0
1992 8 17709.0
1992 9 5840.0
1992 10 1632.0
1992 11 3619.0
1992 12 6137.0
1993 1 2253.0
1993 2 3883.0
1993 3 9644.0
1993 4 9279.0
1993 5 19283.0
1993 6 14276.0
1993 7 7312.0
1993 8 9899.0
1993 9 9036.0
1993 10 2697.0
1993 11 32288.0
1993 12 25529.0
1994 1 23973.0
1994 2 8705.0
1994 3 29689.0
1994 4 22138.0
1994 5 9875.0
1994 6 52592.0
1994 7 14154.0
1994 8 44052.0
1994 9 18576.0
1994 10 51888.0
1994 11 9119.0
1994 12 54329.0
1995 1 19638.0
1995 2 17302.0
1995 3 10984.0
1995 4 45898.0
1995 5 43779.0
1995 6 53834.0
1995 7 48124.0
1995 8 53705.0
1995 9 72182.0
1995 10 30682.0
1995 11 32778.0
1995 12 13291.0
1996 1 35632.0
1996 2 67556.0
1996 3 45432.0
1996 4 9400.0
1996 5 35485.0
1996 6 61781.0
1996 7 97794.0
1996 8 28086.0
1996 9 29385.0
1996 10 39708.0
1996 11 24168.0
1996 12 66773.0
1997 1 40032.0
1997 2 30092.0
1997 3 15889.0
1997 4 36339.0
1997 5 86088.0
1997 6 37464.0
1997 7 38789.0
1997 8 29159.0
1997 9 40397.0
1997 10 14911.0
1997 11 62933.0
1997 12 43778.0
1998 1 60740.0
1998 2 49373.0
1998 3 56105.0
1998 4 62376.0
1998 5 47963.0
1998 6 14508.0
1998 7 4953.0
1998 8 29460.0
1998 9 25015.0
1998 10 56062.0
1998 11 13065.0
1998 12 86791.0
1999 1 34571.0
1999 2 33830.0
1999 3 54422.0
1999 4 9673.0
1999 5 7755.0
1999 6 66349.0
1999 7 16949.0
1999 8 16054.0
1999 9 27499.0
1999 10 11988.0
1999 11 13228.0
1999 12 17124.0
2000 1 19885.0
2000 2 32541.0
2000 3 5858.0
2000 4 45852.0
2000 5 18313.0
2000 6 61146.0
2000 7 26545.0
2000 8 20078.0
2000 9 12493.0
2000 10 44302.0
2000 11 35802.0
2000 12 19531.0
2001 1 71643.0
2001 2 43182.0
2001 3 104634.0
2001 4 65597.0
2001 5 19395.0
2001 6 13832.0
2001 7 3675.0
2001 8 54718.0
2001 9 16731.0
2001 10 22203.0
2001 11 30942.0
2001 12 16318.0
2002 1 44757.0
2002 2 28589.0
2002 3 22915.0
2002 4 30320.0
2002 5 69062.0
2002 6 80602.0
2002 7 39556.0
2002 8 8427.0
2002 9 42074.0
2002 10 3837.0
2002 11 75125.0
2002 12 43917.0
2003 1 26302.0
2003 2 74108.0
2003 3 39391.0
2003 4 23770.0
2003 5 22889.0
2003 6 27703.0
2003 7 57581.0
2003 8 55023.0
2003 9 39256.0
2003 10 34853.0
2003 11 25200.0
2003 12 59816.0
2004 1 22255.0
2004 2 40180.0
2004 3 14820.0
2004 4 13397.0
2004 5 53064.0
2004 6 22662.0
2004 7 7354.0
2004 8 5506.0
2004 9 22027.0
2004 10 16815.0
2004 11 8251.0
2004 12 7748.0
2005 1 20294.0
2005 2 69177.0
2005 3 29793.0
2005 4 90045.0
2005 5 30601.0
2005 6 142819.0
2005 7 60182.0
2005 8 137833.0
2005 9 154548.0
2005 10 11377.0
2005 11 108841.0
2005 12 58003.0
2006 1 87766.0
2006 2 45621.0
2006 3 291409.0
2006 4 44324.0
2006 5 115724.0
2006 6 76148.0
2006 7 81513.0
2006 8 60465.0
2006 9 91339.0
2006 10 43889.0
2006 11 54201.0
2006 12 119893.0
2007 1 34690.0
2007 2 49624.0
2007 3 7264.0
2007 4 27612.0
2007 5 14173.0
2007 6 48488.0
2007 7 6290.0
2007 8 113122.0
2007 9 700961.0
2007 10 417469.0
2007 11 98927.0
2007 12 36360.0
2008 1 16065.0
2008 2 131360.0
2008 3 15761.0
2008 4 8940.0
2008 5 36251.0
2008 6 100178.0
2008 7 32493.0
2008 8 88142.0
2008 9 39347.0
2008 10 34171.0
2008 11 6714.0
2008 12 17651.0
2009 1 1184.0
2009 2 4164.0
2009 3 28064.0
2009 4 4604.0
2009 5 9097.0
2009 6 33616.0
2009 7 25084.5
2009 8 16553.0
2009 9 29960.0
2009 10 6783.0
2009 11 3337.0
2009 12 5894.0
2010 1 8451.0
2010 2 5469.0
2010 3 8900.0
2010 4 12331.0
2010 5 15356.5
2010 6 18382.0
2010 7 9421.5
2010 8 461.0
2010 9 461.0
2010 10 9103.0
2010 11 9589.0
2010 12 10075.0
2011 1 17302.0
2011 2 2000.0
2011 3 3947.0
2011 4 9110.0
2011 5 8635.0
2011 6 25613.0
2011 7 13756.5
2011 8 1900.0
2011 9 206.0
2011 10 1927.0
2011 11 3648.0
2011 12 5369.0
2012 1 10535.0
2012 2 10871.0
2012 3 19252.0
2012 4 636.0
2012 5 1300.0
2012 6 84475.0
2012 7 3776.0
2012 8 8441.5
2012 9 13107.0
2012 10 599.0
2012 11 11670.0
2012 12 10026.0
2013 1 1048.0
2013 2 6000.0
2013 3 10521.0
2013 4 16947.0
2013 5 41984.0
2013 6 39822.0
2013 7 30875.0
2013 8 21928.0
2013 9 12296.0
2013 10 2406.0
2013 11 4585.0
2013 12 2279.0
2014 1 10873.0
2014 2 16133.0
2014 3 51856.0
2014 4 32803.0
2014 5 19290.0
2014 6 8706.0
2014 7 25463.0
2014 8 33801.0
2014 9 31652.0
2014 10 53501.0
2014 11 19136.0
2014 12 14090.0
2015 1 5552.0
2015 2 38146.0
2015 3 9855.0
2015 4 11516.0
2015 5 44117.0
2015 6 40667.0
2015 7 59892.0
2015 8 22365.0
2015 9 21251.5
2015 10 20138.0
2015 11 31398.0
2015 12 15580.0
2016 1 43392.0
2016 2 65963.0
2016 3 26032.0
2016 4 31000.0
2016 5 71229.0
2016 6 19014.0
2016 7 41284.0
2016 8 27646.0
2016 9 13961.0
2016 10 15353.0
2016 11 10854.0
2016 12 94407.0
2017 1 51059.0
2017 2 9608.0
2017 3 18696.0
2017 4 68454.0
2017 5 49346.0
2017 6 46978.0
2017 7 37331.0
2017 8 74558.0
2017 9 12068.0
2017 10 52355.0
2017 11 84676.0
2017 12 61283.0
2018 1 9190.0
2018 2 30664.0
2018 3 19128.0
2018 4 31674.0
2018 5 68452.0
2018 6 8635.0
2018 7 9239.0
2018 8 22187.0
2018 9 24014.0
2018 10 66412.0
2018 11 67970.0
2018 12 44329.0
2019 1 55174.0
2019 2 21381.0
2019 3 12082.0
2019 4 25092.0
2019 5 54761.0
2019 6 160953.0
2019 7 32726.0
2019 8 47783.0
2019 9 44882.0
2019 10 63835.0
2019 11 32195.0
2019 12 53567.0
2020 1 23974.0
2020 2 42582.0
2020 3 29115.0
2020 4 29884.0
2020 5 54441.0
2020 6 28337.0
2020 7 30258.0
2020 8 23853.0
2020 9 46711.0
2020 10 41110.0
2020 11 78739.0
2020 12 65508.0
2021 1 76342.0
2021 2 88159.0
2021 3 68491.0
2021 4 65949.0
2021 5 34868.0
2021 6 25120.0
2021 7 64250.0
2021 8 52228.0
2021 9 30848.0
2021 10 48555.0
2021 11 98632.0
2021 12 38520.0
2022 1 121033.0
2022 2 26097.0
2022 3 62852.0
2022 4 117152.0
2022 5 38330.0
2022 6 79491.0
2022 7 62265.0
2022 8 46598.0
2022 9 123297.0
2022 10 45132.0
2022 11 40138.0
2022 12 51647.0
2023 1 139310.0
2023 2 29942.0
2023 3 22870.0
2023 4 29640.0
2023 5 188540.0
2023 6 22675.0
2023 7 57095.0
2023 8 26099.0
2023 9 26963.0
2023 10 90207.0
2023 11 33306.0
2023 12 75098.0
2024 1 17638.0
2024 2 93683.0
2024 3 25220.0
2024 4 33990.0
2024 5 73400.0
2024 6 91209.0
2024 7 14498.0
2024 8 44351.0
