1960 5 1700.0
1960 6 411.0
1960 7 902.0
1960 8 309.0
1960 9 1720.0
1960 10 458.0
1960 11 1433.0
1960 12 647.0
1961 1 2029.0
1961 2 1187.0
1961 3 834.0
1961 4 769.0
1961 5 581.0
1961 6 1497.0
1961 7 1593.0
1961 8 2606.0
1961 9 1248.0
1961 10 1781.0
1961 11 2894.0
1961 12 1453.0
1962 1 1228.0
1962 2 3744.0
1962 3 3812.0
1962 4 6894.0
1962 5 3911.0
1962 6 5409.0
1962 7 3397.0
1962 8 5596.0
1962 9 10435.0
1962 10 7530.0
1962 11 6906.0
1962 12 11117.0
1963 1 8548.0
1963 2 4955.0
1963 3 4639.0
1963 4 4830.0
1963 5 6691.0
1963 6 1076.0
1963 7 2291.0
1963 8 1714.0
1963 9 587.0
1963 10 1304.0
1963 11 2396.0
1963 12 1769.0
1964 1 4147.0
1964 2 773.0
1964 3 214.0
1964 4 2345.0
1964 5 1239.0
1964 6 826.0
1964 7 474.0
1964 8 1197.0
1964 9 624.0
1964 10 2216.0
1964 11 104.0
1964 12 1288.0
1965 1 1386.0
1965 2 192.0
1965 3 912.0
1965 4 563.0
1965 5 7654.0
1965 6 685.0
1965 7 1864.0
1965 8 214.0
1965 9 967.0
1965 10 263.0
1965 11 261.0
1965 12 751.0
1966 1 87.0
1966 2 45.0
1966 3 700.0
1966 4 83.0
1966 5 49.0
1966 6 192.0
1966 7 102.0
1966 8 181.0
1966 9 690.5
1966 10 1200.0
1966 11 643.0
1966 12 31.0
1967 1 35.0
1967 2 88.0
1967 3 1286.0
1967 4 50.0
1967 5 203.0
1967 6 354.0
1967 7 32.0
1967 8 347.0
1967 9 197.0
1967 10 220.0
1967 11 498.0
1967 12 401.0
1968 1 260.0
1968 2 102.0
1968 3 935.0
1968 4 280.0
1968 5 482.0
1968 6 918.0
1968 7 888.0
1968 8 336.0
1968 9 1283.0
1968 10 726.0
1968 11 1894.0
1968 12 1480.0
1969 1 200.0
1969 2 2623.0
1969 3 500.0
1969 4 1155.0
1969 5 1589.0
1969 6 611.0
1969 7 1750.0
1969 8 258.0
1969 9 850.0
1969 10 2254.0
1969 11 250.0
1969 12 697.0
1970 1 4438.0
1970 2 1061.0
1970 3 3517.0
1970 4 8097.0
1970 5 1761.0
1970 6 169.0
1970 7 439.0
1970 8 2670.0
1970 9 1837.0
1970 10 1478.0
1970 11 2699.0
1970 12 3979.0
1971 1 204.0
1971 2 4020.0
1971 3 3147.0
1971 4 2950.0
1971 5 4173.0
1971 6 4676.0
1971 7 4999.0
1971 8 1807.0
1971 9 15631.0
1971 10 2316.0
1971 11 5921.0
1971 12 9961.0
1972 1 2668.0
1972 2 15949.0
1972 3 8877.0
1972 4 5923.0
1972 5 8305.0
1972 6 10674.0
1972 7 3886.0
1972 8 6428.0
1972 9 4854.0
1972 10 16409.0
1972 11 8977.0
1972 12 9498.0
1973 1 6633.0
1973 2 7287.0
1973 3 9557.0
1973 4 4700.0
1973 5 4278.0
1973 6 2726.0
1973 7 5841.0
1973 8 6969.0
1973 9 1074.0
1973 10 6126.0
1973 11 7111.0
1973 12 9525.0
1974 1 876.0
1974 2 6461.0
1974 3 8690.0
1974 4 3207.0
1974 5 3677.0
1974 6 1353.0
1974 7 6743.0
1974 8 4096.0
1974 9 1327.0
1974 10 31.0
1974 11 3751.0
1974 12 1125.0
1975 1 5178.0
1975 2 608.0
1975 3 4871.0
1975 4 6059.0
1975 5 2110.0
1975 6 2125.0
1975 7 4218.0
1975 8 3229.0
1975 9 1237.0
1975 10 2995.0
1975 11 7150.0
1975 12 701.0
1976 1 4271.0
1976 2 1943.0
1976 3 5256.0
1976 4 14588.0
1976 5 3334.0
1976 6 5151.0
1976 7 2192.0
1976 8 2746.0
1976 9 6536.0
1976 10 4139.0
1976 11 11997.0
1976 12 13181.0
1977 1 3239.0
1977 2 20807.0
1977 3 8177.0
1977 4 49005.0
1977 5 19395.0
1977 6 57836.0
1977 7 10964.0
1977 8 9602.0
1977 9 17586.0
1977 10 21264.0
1977 11 8412.0
1977 12 9956.0
1978 1 7922.0
1978 2 17663.0
1978 3 35188.0
1978 4 19068.0
1978 5 18312.0
1978 6 29079.0
1978 7 11202.0
1978 8 7327.0
1978 9 5879.0
1978 10 24834.0
1978 11 7892.0
1978 12 8634.0
1979 1 15736.0
1979 2 14369.0
1979 3 9459.0
1979 4 11956.0
1979 5 18642.0
1979 6 11221.0
1979 7 13643.0
1979 8 19744.0
1979 9 15931.0
1979 10 16149.0
1979 11 7405.0
1979 12 14789.0
1980 1 2647.0
1980 2 10168.0
1980 3 7290.0
1980 4 5887.0
1980 5 9670.0
1980 6 7632.0
1980 7 18832.0
1980 8 27231.0
1980 9 11661.0
1980 10 11156.0
1980 11 9874.0
1980 12 8563.0
1981 1 2238.0
1981 2 4738.0
1981 3 9147.0
1981 4 15960.0
1981 5 22942.0
1981 6 12564.0
1981 7 3777.0
1981 8 8762.0
1981 9 5806.0
1981 10 10262.0
1981 11 7255.0
1981 12 3245.0
1982 1 5937.0
1982 2 5039.0
1982 3 12226.0
1982 4 3288.0
1982 5 5618.0
1982 6 8603.0
1982 7 10872.0
1982 8 8175.0
1982 9 8579.0
1982 10 3590.0
1982 11 11778.0
1982 12 19966.0
1983 1 4773.0
1983 2 14778.0
1983 3 30470.0
1983 4 12571.0
1983 5 10506.0
1983 6 8665.0
1983 7 19894.0
1983 8 19181.0
1983 9 22115.0
1983 10 15347.0
1983 11 15504.0
1983 12 5370.0
1984 1 17650.0
1984 2 22240.0
1984 3 9894.0
1984 4 9948.0
1984 5 12401.0
1984 6 8695.0
1984 7 7072.0
1984 8 17953.0
1984 9 27628.0
1984 10 21593.0
1984 11 13800.0
1984 12 12781.0
1985 1 13935.0
1985 2 6740.0
1985 3 15335.0
1985 4 25381.0
1985 5 8024.0
1985 6 5821.0
1985 7 16316.0
1985 8 6795.0
1985 9 4818.0
1985 10 3853.0
1985 11 15468.0
1985 12 28617.0
1986 1 7076.0
1986 2 11959.0
1986 3 27642.0
1986 4 28797.0
1986 5 13871.0
1986 6 28033.0
1986 7 9652.0
1986 8 3116.0
1986 9 18385.0
1986 10 5386.0
1986 11 11596.0
1986 12 5267.0
1987 1 5080.0
1987 2 13778.0
1987 3 12417.0
1987 4 3934.0
1987 5 23432.0
1987 6 3622.0
1987 7 14458.0
1987 8 28063.0
1987 9 33140.0
1987 10 10908.0
1987 11 15924.0
1987 12 12598.0
1988 1 15021.0
1988 2 27841.0
1988 3 60554.0
1988 4 54271.0
1988 5 77172.0
1988 6 42172.0
1988 7 24845.0
1988 8 59614.0
1988 9 39935.0
1988 10 24879.0
1988 11 53646.0
1988 12 56013.0
1989 1 34625.0
1989 2 32130.0
1989 3 44111.0
1989 4 25859.0
1989 5 37159.0
1989 6 84822.0
1989 7 23707.0
1989 8 32432.0
1989 9 21767.0
1989 10 14985.0
1989 11 45249.0
1989 12 31839.0
1990 1 75862.0
1990 2 27494.0
1990 3 64415.0
1990 4 48184.0
1990 5 29093.0
1990 6 35929.0
1990 7 25524.0
1990 8 47499.0
1990 9 17449.0
1990 10 6804.0
1990 11 4334.0
1990 12 10974.0
1991 1 15240.0
1991 2 7645.0
1991 3 17633.0
1991 4 23771.0
1991 5 65399.0
1991 6 51144.0
1991 7 16210.0
1991 8 8640.0
1991 9 4968.0
1991 10 22218.0
1991 11 7218.0
1991 12 13263.0
1992 1 24766.0
1992 2 2157.0
1992 3 16998.0
1992 4 8854.0
1992 5 8977.0
1992 6 25996.0
1992 7 18355.0
1992 8 19610.0
1992 9 8596.0
1992 10 7049.0
1992 11 4027.0
1992 12 9460.0
1993 1 4200.0
1993 2 8080.0
1993 3 12516.0
1993 4 14848.0
1993 5 20159.0
1993 6 15701.0
1993 7 8576.0
1993 8 10775.0
1993 9 10793.0
1993 10 3805.0
1993 11 34683.0
1993 12 28646.0
1994 1 26812.0
1994 2 9943.0
1994 3 33124.0
1994 4 25106.0
1994 5 13545.0
1994 6 54417.0
1994 7 15657.0
1994 8 44560.0
1994 9 24289.0
1994 10 59210.0
1994 11 9775.0
1994 12 55819.0
1995 1 21154.0
1995 2 21280.0
1995 3 14561.0
1995 4 50028.0
1995 5 50530.0
1995 6 59196.0
1995 7 52212.0
1995 8 55237.0
1995 9 76763.0
1995 10 36734.0
1995 11 36162.0
1995 12 21685.0
1996 1 38342.0
1996 2 71293.0
1996 3 47886.0
1996 4 14129.0
1996 5 41202.0
1996 6 67578.0
1996 7 106473.0
1996 8 32015.0
1996 9 34841.0
1996 10 47002.0
1996 11 31134.0
1996 12 67954.0
1997 1 46129.0
1997 2 38857.0
1997 3 19276.0
1997 4 38128.0
1997 5 91265.0
1997 6 45375.0
1997 7 44012.0
1997 8 35499.0
1997 9 52066.0
1997 10 23118.0
1997 11 64799.0
1997 12 44472.0
1998 1 61180.0
1998 2 49911.0
1998 3 59104.0
1998 4 65275.0
1998 5 50364.0
1998 6 20626.0
1998 7 7328.0
1998 8 30755.0
1998 9 27818.0
1998 10 65651.0
1998 11 14459.0
1998 12 89025.0
1999 1 35819.0
1999 2 42146.0
1999 3 57949.0
1999 4 11424.0
1999 5 9558.0
1999 6 71642.0
1999 7 18536.0
1999 8 20927.0
1999 9 28076.0
1999 10 15419.0
1999 11 13340.0
1999 12 42610.0
2000 1 23287.0
2000 2 35090.0
2000 3 6508.0
2000 4 47945.0
2000 5 24761.0
2000 6 61613.0
2000 7 27173.0
2000 8 21577.0
2000 9 21434.0
2000 10 49954.0
2000 11 43388.0
2000 12 23714.0
2001 1 72060.0
2001 2 43282.0
2001 3 107129.0
2001 4 66375.0
2001 5 20067.0
2001 6 16877.0
2001 7 5123.0
2001 8 67152.0
2001 9 17827.0
2001 10 28198.0
2001 11 35575.0
2001 12 17265.0
2002 1 45570.0
2002 2 28589.0
2002 3 23401.0
2002 4 34029.0
2002 5 69707.0
2002 6 83943.0
2002 7 42008.0
2002 8 10368.0
2002 9 42397.0
2002 10 7274.0
2002 11 77104.0
2002 12 47347.0
2003 1 33119.0
2003 2 76116.0
2003 3 41162.0
2003 4 28062.0
2003 5 27924.0
2003 6 43344.0
2003 7 60455.0
2003 8 57729.0
2003 9 55270.0
2003 10 41323.0
2003 11 28313.0
2003 12 64286.0
2004 1 33398.0
2004 2 45986.0
2004 3 36259.0
2004 4 50287.0
2004 5 73435.0
2004 6 28473.0
2004 7 18530.0
2004 8 5715.0
2004 9 32563.0
2004 10 21489.0
2004 11 11347.0
2004 12 10767.0
2005 1 24229.0
2005 2 87114.0
2005 3 42412.0
2005 4 95690.0
2005 5 41069.0
2005 6 152784.0
2005 7 67472.0
2005 8 141291.0
2005 9 170731.0
2005 10 16924.0
2005 11 124378.0
2005 12 59881.0
2006 1 92012.0
2006 2 48768.0
2006 3 303438.0
2006 4 48934.0
2006 5 124593.0
2006 6 83042.0
2006 7 93032.0
2006 8 63772.0
2006 9 94681.0
2006 10 48252.0
2006 11 59392.0
2006 12 124542.0
2007 1 39322.0
2007 2 54897.0
2007 3 13916.0
2007 4 35521.0
2007 5 29702.0
2007 6 50701.0
2007 7 8691.0
2007 8 115306.0
2007 9 702227.0
2007 10 422469.0
2007 11 100965.0
2007 12 40136.0
2008 1 16065.0
2008 2 133936.0
2008 3 18461.0
2008 4 10619.0
2008 5 38765.0
2008 6 104514.0
2008 7 34112.0
2008 8 89876.0
2008 9 40652.0
2008 10 34506.0
2008 11 8403.0
2008 12 17871.0
2009 1 1184.0
2009 2 6047.0
2009 3 29717.0
2009 4 7380.0
2009 5 10925.0
2009 6 38131.0
2009 7 1162.0
2009 8 18629.0
2009 9 31269.0
2009 10 8871.0
2009 11 3337.0
2009 12 2736.0
2010 1 12635.0
2010 2 6968.0
2010 3 477.0
2010 4 13671.0
2010 5 1857.0
2010 6 18382.0
2010 7 522.0
2010 8 1440.0
2010 9 1731.0
2010 10 10372.0
2010 11 171.0
2010 12 10220.0
2011 1 18005.0
2011 2 2000.0
2011 3 4469.0
2011 4 9280.0
2011 5 8816.0
2011 6 27571.0
2011 7 522.0
2011 8 1900.0
2011 9 989.0
2011 10 431.0
2011 11 284.0
2011 12 5369.0
2012 1 10535.0
2012 2 12638.0
2012 3 19531.0
2012 4 636.0
2012 5 1300.0
2012 6 84475.0
2012 7 4573.0
2012 8 199.0
2012 9 15815.0
2012 10 1882.0
2012 11 12098.0
2012 12 10510.0
2013 1 1548.0
2013 2 6000.0
2013 3 11463.0
2013 4 18165.0
2013 5 41984.0
2013 6 52235.0
2013 7 368.0
2013 8 24695.0
2013 9 12495.0
2013 10 2913.0
2013 11 4585.0
2013 12 6927.0
2014 1 11029.0
2014 2 17719.0
2014 3 53574.0
2014 4 33543.0
2014 5 19946.0
2014 6 9392.0
2014 7 30960.0
2014 8 34445.0
2014 9 32276.0
2014 10 53501.0
2014 11 19136.0
2014 12 14090.0
2015 1 5552.0
2015 2 38146.0
2015 3 10477.0
2015 4 12596.0
2015 5 44347.0
2015 6 41679.0
2015 7 61053.0
2015 8 22962.0
2015 9 23188.5
2015 10 23415.0
2015 11 31398.0
2015 12 15958.0
2016 1 44381.0
2016 2 66843.0
2016 3 26032.0
2016 4 31249.0
2016 5 73629.0
2016 6 20257.0
2016 7 43610.0
2016 8 30900.0
2016 9 14905.0
2016 10 15353.0
2016 11 11103.0
2016 12 94407.0
2017 1 53260.0
2017 2 12395.0
2017 3 24595.0
2017 4 72814.0
2017 5 50468.0
2017 6 50867.0
2017 7 42918.0
2017 8 78541.0
2017 9 12798.0
2017 10 56640.0
2017 11 88493.0
2017 12 71756.0
2018 1 10220.0
2018 2 32006.0
2018 3 21029.0
2018 4 32932.0
2018 5 70707.0
2018 6 8635.0
2018 7 9239.0
2018 8 23960.0
2018 9 24014.0
2018 10 68559.0
2018 11 69317.0
2018 12 46800.0
2019 1 59320.0
2019 2 24262.0
2019 3 19522.0
2019 4 30970.0
2019 5 57191.0
2019 6 163349.0
2019 7 38906.0
2019 8 53277.0
2019 9 46625.0
2019 10 72298.0
2019 11 36391.0
2019 12 57901.0
2020 1 38467.0
2020 2 51765.0
2020 3 33434.0
2020 4 34419.0
2020 5 59562.0
2020 6 37729.0
2020 7 47815.0
2020 8 34245.0
2020 9 53536.0
2020 10 47185.0
2020 11 92158.0
2020 12 73469.0
2021 1 91475.0
2021 2 94960.0
2021 3 78817.0
2021 4 73121.0
2021 5 46661.0
2021 6 37752.0
2021 7 92075.0
2021 8 58412.0
2021 9 40884.0
2021 10 57439.0
2021 11 109539.0
2021 12 48127.0
2022 1 128055.0
2022 2 31990.0
2022 3 70751.0
2022 4 125236.0
2022 5 41440.0
2022 6 82747.0
2022 7 71682.0
2022 8 51250.0
2022 9 130476.0
2022 10 50966.0
2022 11 43984.0
2022 12 52829.0
2023 1 140995.0
2023 2 33744.0
2023 3 35878.0
2023 4 33709.0
2023 5 196534.0
2023 6 27160.0
2023 7 62522.0
2023 8 35944.0
2023 9 31226.0
2023 10 93005.0
2023 11 39360.0
2023 12 79339.0
2024 1 23294.0
2024 2 97698.0
2024 3 29815.0
2024 4 35321.0
2024 5 81287.0
2024 6 96600.0
2024 7 21428.0
2024 8 47910.0
