1960 5 2078.0
1960 6 2147.0
1960 7 2637.0
1960 8 1293.0
1960 9 1849.0
1960 10 1840.0
1960 11 2748.0
1960 12 1917.0
1961 1 980.0
1961 2 582.0
1961 3 1731.0
1961 4 2269.0
1961 5 1755.0
1961 6 2586.0
1961 7 1538.0
1961 8 2133.0
1961 9 1682.0
1961 10 3318.0
1961 11 1297.0
1961 12 1728.0
1962 1 1520.0
1962 2 959.0
1962 3 2989.0
1962 4 2498.0
1962 5 1912.0
1962 6 1519.0
1962 7 2541.0
1962 8 2058.0
1962 9 1525.0
1962 10 1914.0
1962 11 1860.0
1962 12 1440.0
1963 1 1920.0
1963 2 1012.0
1963 3 2260.0
1963 4 2911.0
1963 5 2278.0
1963 6 2051.0
1963 7 2684.0
1963 8 2804.0
1963 9 2575.0
1963 10 3595.0
1963 11 1388.0
1963 12 1453.0
1964 1 872.0
1964 2 998.0
1964 3 2156.0
1964 4 2658.0
1964 5 2512.4444444444443
1964 6 2366.8888888888887
1964 7 2221.3333333333335
1964 8 2075.777777777778
1964 9 1930.2222222222222
1964 10 1784.6666666666667
1964 11 1639.1111111111113
1964 12 1493.5555555555557
1965 1 1348.0
1965 2 1214.0
1965 3 3150.0
1965 4 3145.0
1965 5 2818.0
1965 6 2661.0
1965 7 3818.0
1965 8 1843.0
1965 9 3515.0
1965 10 2248.0
1965 11 2000.0
1965 12 2601.0
1966 1 2287.0
1966 2 1430.0
1966 3 5323.0
1966 4 4987.0
1966 5 2451.0
1966 6 2488.0
1966 7 2361.0
1966 8 1495.0
1966 9 2409.0
1966 10 1750.0
1966 11 1770.0
1966 12 1056.0
1967 1 1327.0
1967 2 1393.0
1967 3 1199.0
1967 4 1631.0
1967 5 3137.0
1967 6 2522.0
1967 7 1317.0
1967 8 3103.0
1967 9 2012.0
1967 10 2232.0
1967 11 1578.0
1967 12 2965.0
1968 1 963.0
1968 2 1019.0
1968 3 1763.0
1968 4 2463.0
1968 5 2937.0
1968 6 2529.0
1968 7 3754.0
1968 8 2027.0
1968 9 2763.0
1968 10 2938.0
1968 11 3253.0
1968 12 1966.0
1969 1 2184.0
1969 2 1663.0
1969 3 3138.0
1969 4 3134.0
1969 5 3680.0
1969 6 4139.0
1969 7 3170.0
1969 8 2888.0
1969 9 3100.0
1969 10 2741.0
1969 11 1781.0
1969 12 2461.0
1970 1 474.0
1970 2 1115.0
1970 3 2136.0
1970 4 1486.0
1970 5 3591.0
1970 6 5985.0
1970 7 1478.0
1970 8 1906.0
1970 9 3155.0
1970 10 2495.0
1970 11 1604.0
1970 12 2629.0
1971 1 2234.0
1971 2 1168.0
1971 3 3502.0
1971 4 4784.0
1971 5 3526.0
1971 6 4192.0
1971 7 2806.0
1971 8 4440.0
1971 9 4721.0
1971 10 4473.0
1971 11 3242.0
1971 12 3258.0
1972 1 1428.0
1972 2 1919.0
1972 3 3385.0
1972 4 5475.0
1972 5 4737.0
1972 6 6418.0
1972 7 7639.0
1972 8 3366.0
1972 9 4194.0
1972 10 9304.0
1972 11 4890.0
1972 12 3989.0
1973 1 2041.0
1973 2 1422.0
1973 3 3009.0
1973 4 3236.0
1973 5 4322.0
1973 6 7265.0
1973 7 6498.0
1973 8 2483.0
1973 9 2593.0
1973 10 2538.0
1973 11 3176.0
1973 12 1235.0
1974 1 2050.0
1974 2 1239.0
1974 3 1428.0
1974 4 1895.0
1974 5 1311.0
1974 6 3352.0
1974 7 2703.0
1974 8 1829.0
1974 9 3678.0
1974 10 2455.0
1974 11 899.0
1974 12 554.0
1975 1 1694.0
1975 2 705.0
1975 3 1074.0
1975 4 4130.0
1975 5 2609.0
1975 6 1707.0
1975 7 2790.0
1975 8 2173.0
1975 9 1971.0
1975 10 4236.0
1975 11 4928.0
1975 12 1677.0
1976 1 1393.0
1976 2 2008.0
1976 3 7253.0
1976 4 2787.0
1976 5 2939.0
1976 6 2127.0
1976 7 3853.0
1976 8 1675.0
1976 9 6551.0
1976 10 2114.0
1976 11 3401.0
1976 12 4863.0
1977 1 1272.0
1977 2 1134.0
1977 3 2900.0
1977 4 492.0
1977 5 5294.0
1977 6 276.0
1977 7 3458.0
1977 8 5094.0
1977 9 2556.0
1977 10 4506.0
1977 11 3950.0
1977 12 2161.0
1978 1 2077.0
1978 2 1852.0
1978 3 5193.0
1978 4 6002.0
1978 5 4190.0
1978 6 3046.0
1978 7 3468.0
1978 8 2828.0
1978 9 3877.0
1978 10 4669.0
1978 11 7209.0
1978 12 3072.0
1979 1 3628.0
1979 2 3093.0
1979 3 5314.0
1979 4 4082.0
1979 5 4654.0
1979 6 3874.0
1979 7 4322.0
1979 8 3456.0
1979 9 5147.0
1979 10 3895.0
1979 11 3383.0
1979 12 7351.0
1980 1 2867.0
1980 2 1755.0
1980 3 3220.0
1980 4 4124.0
1980 5 2522.0
1980 6 6343.0
1980 7 5840.0
1980 8 3206.0
1980 9 7734.0
1980 10 7697.0
1980 11 5618.0
1980 12 3800.0
1981 1 4415.0
1981 2 2569.0
1981 3 4144.0
1981 4 6650.0
1981 5 8118.0
1981 6 4701.0
1981 7 4376.0
1981 8 4789.0
1981 9 4348.0
1981 10 7427.0
1981 11 4312.0
1981 12 4670.0
1982 1 1301.0
1982 2 2710.0
1982 3 3276.0
1982 4 2595.0
1982 5 4707.0
1982 6 5526.0
1982 7 2099.0
1982 8 4645.0
1982 9 2256.0
1982 10 5484.0
1982 11 5355.5
1982 12 5227.0
1983 1 3285.0
1983 2 1613.0
1983 3 9070.0
1983 4 5126.0
1983 5 3721.0
1983 6 4539.0
1983 7 3262.0
1983 8 4479.0
1983 9 4259.0
1983 10 4715.0
1983 11 5438.0
1983 12 6410.0
1984 1 5299.0
1984 2 7377.0
1984 3 5007.0
1984 4 6342.0
1984 5 5271.0
1984 6 9509.0
1984 7 6468.0
1984 8 5184.0
1984 9 6676.0
1984 10 9311.0
1984 11 13284.0
1984 12 7599.0
1985 1 12318.0
1985 2 12533.0
1985 3 10443.0
1985 4 17397.0
1985 5 13911.0
1985 6 14165.0
1985 7 35198.0
1985 8 8456.0
1985 9 14831.0
1985 10 12568.0
1985 11 9358.0
1985 12 7507.0
1986 1 9527.0
1986 2 9694.0
1986 3 8178.0
1986 4 13669.0
1986 5 14551.0
1986 6 10769.0
1986 7 12942.0
1986 8 10896.0
1986 9 12398.0
1986 10 12068.0
1986 11 10771.0
1986 12 11138.0
1987 1 8358.0
1987 2 8244.0
1987 3 14421.0
1987 4 8990.0
1987 5 11929.0
1987 6 14179.0
1987 7 12185.0
1987 8 8431.0
1987 9 14627.0
1987 10 13184.0
1987 11 15126.0
1987 12 12795.0
1988 1 10174.0
1988 2 7241.0
1988 3 16381.0
1988 4 7908.0
1988 5 10445.0
1988 6 8912.0
1988 7 12023.0
1988 8 12777.0
1988 9 9502.0
1988 10 11777.0
1988 11 9819.0
1988 12 7226.0
1989 1 9214.0
1989 2 7889.0
1989 3 8618.0
1989 4 6623.0
1989 5 6865.0
1989 6 9184.0
1989 7 11265.0
1989 8 7810.0
1989 9 5667.0
1989 10 4572.0
1989 11 7128.0
1989 12 7812.0
1990 1 6304.0
1990 2 5390.0
1990 3 3720.0
1990 4 5191.0
1990 5 3351.0
1990 6 3960.0
1990 7 4052.0
1990 8 6407.0
1990 9 3021.0
1990 10 2509.0
1990 11 1810.0
1990 12 1924.0
1991 1 1690.0
1991 2 2431.0
1991 3 3354.0
1991 4 1333.0
1991 5 1161.0
1991 6 1907.0
1991 7 3991.0
1991 8 2790.0
1991 9 1957.0
1991 10 3680.0
1991 11 4340.0
1991 12 4453.0
1992 1 1899.0
1992 2 2681.0
1992 3 3429.0
1992 4 2439.0
1992 5 3876.0
1992 6 2905.0
1992 7 1897.0
1992 8 1291.0
1992 9 1667.0
1992 10 2731.0
1992 11 1931.0
1992 12 1771.0
1993 1 1507.0
1993 2 2234.0
1993 3 1916.0
1993 4 3457.0
1993 5 2301.0
1993 6 3296.0
1993 7 2307.0
1993 8 2561.0
1993 9 1027.0
1993 10 4366.0
1993 11 3584.0
1993 12 3958.0
1994 1 2401.0
1994 2 1754.0
1994 3 4015.0
1994 4 3151.0
1994 5 3461.0
1994 6 3328.0
1994 7 5944.0
1994 8 3861.0
1994 9 7708.0
1994 10 2007.0
1994 11 4696.0
1994 12 3108.0
1995 1 4299.0
1995 2 5641.0
1995 3 3835.0
1995 4 5463.0
1995 5 2698.0
1995 6 4397.0
1995 7 1532.0
1995 8 1851.0
1995 9 5040.0
1995 10 3700.0
1995 11 2558.0
1995 12 3061.0
1996 1 3623.0
1996 2 2536.0
1996 3 5103.0
1996 4 7725.0
1996 5 2424.0
1996 6 3961.0
1996 7 2977.0
1996 8 4507.0
1996 9 2825.0
1996 10 9688.0
1996 11 2742.0
1996 12 5758.0
1997 1 5206.0
1997 2 4382.0
1997 3 3779.0
1997 4 4318.0
1997 5 3550.0
1997 6 5863.0
1997 7 4237.0
1997 8 3820.0
1997 9 7382.0
1997 10 5828.0
1997 11 7749.0
1997 12 7168.0
1998 1 8424.0
1998 2 4098.0
1998 3 5400.0
1998 4 6545.0
1998 5 3049.0
1998 6 4525.0
1998 7 4276.0
1998 8 4343.0
1998 9 7331.0
1998 10 8180.0
1998 11 5476.0
1998 12 10328.0
1999 1 8497.0
1999 2 7683.0
1999 3 8029.0
1999 4 12733.0
1999 5 5241.0
1999 6 5172.0
1999 7 4499.0
1999 8 7171.0
1999 9 9940.0
1999 10 9515.0
1999 11 6573.0
1999 12 6319.0
2000 1 5342.0
2000 2 8089.0
2000 3 6647.0
2000 4 5166.0
2000 5 5427.0
2000 6 10687.0
2000 7 4225.0
2000 8 8060.0
2000 9 6452.0
2000 10 16261.0
2000 11 12687.0
2000 12 9024.0
2001 1 10429.0
2001 2 9607.0
2001 3 10895.0
2001 4 16747.0
2001 5 12133.0
2001 6 11521.0
2001 7 13760.0
2001 8 20739.0
2001 9 14456.0
2001 10 16492.0
2001 11 19739.0
2001 12 13389.0
2002 1 18238.0
2002 2 8066.0
2002 3 11663.0
2002 4 16022.0
2002 5 21228.0
2002 6 17188.0
2002 7 16881.0
2002 8 15325.0
2002 9 15229.0
2002 10 21961.0
2002 11 14929.0
2002 12 15938.0
2003 1 19078.0
2003 2 14932.0
2003 3 22344.0
2003 4 18544.0
2003 5 21539.0
2003 6 18206.0
2003 7 27245.0
2003 8 23309.0
2003 9 20015.0
2003 10 34828.0
2003 11 20319.0
2003 12 18506.0
2004 1 22947.0
2004 2 6357.0
2004 3 20546.0
2004 4 25224.0
2004 5 29976.0
2004 6 30700.0
2004 7 37924.0
2004 8 33802.0
2004 9 22151.0
2004 10 35164.0
2004 11 33420.0
2004 12 40552.0
2005 1 26271.0
2005 2 20482.0
2005 3 32243.0
2005 4 36561.0
2005 5 44971.0
2005 6 52595.0
2005 7 32669.0
2005 8 26996.0
2005 9 34643.0
2005 10 46820.0
2005 11 38550.0
2005 12 31962.0
2006 1 46554.0
2006 2 26600.0
2006 3 49147.0
2006 4 30616.0
2006 5 38198.0
2006 6 43371.0
2006 7 36740.0
2006 8 28278.0
2006 9 34132.0
2006 10 31316.0
2006 11 21667.0
2006 12 27681.0
2007 1 22995.0
2007 2 23278.0
2007 3 19325.0
2007 4 23223.0
2007 5 20982.0
2007 6 27873.0
2007 7 19583.0
2007 8 45360.0
2007 9 15664.0
2007 10 20622.0
2007 11 19329.0
2007 12 28331.0
2008 1 7803.0
2008 2 7127.0
2008 3 10813.0
2008 4 14139.0
2008 5 8511.0
2008 6 7723.0
2008 7 12182.0
2008 8 4178.0
2008 9 10911.0
2008 10 11751.0
2008 11 5444.0
2008 12 5629.0
2009 1 4881.0
2009 2 2453.0
2009 3 7031.0
2009 4 4192.0
2009 5 5701.0
2009 6 4185.0
2009 7 5992.0
2009 8 4316.0
2009 9 9447.0
2009 10 6268.0
2009 11 7281.0
2009 12 6310.0
2010 1 6316.0
2010 2 2557.0
2010 3 7600.0
2010 4 8128.0
2010 5 6788.0
2010 6 7557.0
2010 7 12673.0
2010 8 7027.0
2010 9 11663.0
2010 10 16419.0
2010 11 6910.0
2010 12 9244.0
2011 1 25791.0
2011 2 4900.0
2011 3 5977.0
2011 4 4467.0
2011 5 6790.0
2011 6 8706.0
2011 7 2725.0
2011 8 6041.0
2011 9 6524.0
2011 10 7327.0
2011 11 7796.0
2011 12 6968.0
2012 1 4675.0
2012 2 6606.0
2012 3 7506.0
2012 4 8134.0
2012 5 4309.0
2012 6 5578.0
2012 7 10425.0
2012 8 5718.0
2012 9 4678.0
2012 10 6157.0
2012 11 8538.0
2012 12 8286.0
2013 1 4083.0
2013 2 15917.0
2013 3 9863.0
2013 4 8082.0
2013 5 11596.0
2013 6 9267.0
2013 7 8630.0
2013 8 8051.0
2013 9 8020.0
2013 10 9752.0
2013 11 13286.0
2013 12 11675.0
2014 1 11015.0
2014 2 5793.0
2014 3 6012.0
2014 4 10656.0
2014 5 15473.0
2014 6 11273.0
2014 7 9122.0
2014 8 8991.0
2014 9 12628.0
2014 10 10990.0
2014 11 10840.0
2014 12 14418.0
2015 1 7970.0
2015 2 8256.0
2015 3 8819.0
2015 4 13252.0
2015 5 7212.0
2015 6 19553.0
2015 7 8896.0
2015 8 10775.0
2015 9 12101.0
2015 10 12797.0
2015 11 12122.0
2015 12 15397.0
2016 1 8821.0
2016 2 16862.0
2016 3 15736.0
2016 4 11073.0
2016 5 13081.0
2016 6 20960.0
2016 7 12998.0
2016 8 12909.0
2016 9 15826.0
2016 10 9355.0
2016 11 9189.0
2016 12 14116.0
2017 1 12864.0
2017 2 18728.0
2017 3 14596.0
2017 4 11989.0
2017 5 19405.0
2017 6 13666.0
2017 7 6138.0
2017 8 18125.0
2017 9 12718.0
2017 10 24195.0
2017 11 22428.0
2017 12 10779.0
2018 1 13465.0
2018 2 58220.0
2018 3 10757.0
2018 4 10991.0
2018 5 35718.0
2018 6 23444.0
2018 7 5759.0
2018 8 22197.0
2018 9 17491.0
2018 10 20359.0
2018 11 13757.0
2018 12 11592.0
2019 1 13965.0
2019 2 10696.0
2019 3 12911.0
2019 4 18870.0
2019 5 21742.0
2019 6 21829.0
2019 7 17993.0
2019 8 20249.0
2019 9 17721.0
2019 10 310289.0
2019 11 26404.0
2019 12 41711.0
2020 1 20065.0
2020 2 80022.0
2020 3 27144.0
2020 4 13756.0
2020 5 10268.0
2020 6 17252.0
2020 7 53614.0
2020 8 12394.0
2020 9 15330.0
2020 10 19348.0
2020 11 29716.0
2020 12 14424.0
2021 1 18307.0
2021 2 11236.0
2021 3 18108.0
2021 4 15196.0
2021 5 14607.0
2021 6 20416.0
2021 7 19057.0
2021 8 14071.0
2021 9 19271.0
2021 10 18731.0
2021 11 16012.0
2021 12 22395.0
2022 1 17755.0
2022 2 11936.0
2022 3 19651.0
2022 4 30257.0
2022 5 18050.0
2022 6 13413.0
2022 7 14353.0
2022 8 23083.0
2022 9 19765.0
2022 10 17027.0
2022 11 21384.0
2022 12 31410.0
2023 1 18016.0
2023 2 11539.0
2023 3 23041.0
2023 4 12517.0
2023 5 21286.0
2023 6 13457.0
2023 7 20060.0
2023 8 24857.0
2023 9 18094.0
2023 10 27846.0
2023 11 27089.0
2023 12 16284.0
2024 1 14931.0
2024 2 24878.0
2024 3 21348.0
2024 4 30539.0
2024 5 34926.0
2024 6 17197.0
2024 7 20645.0
2024 8 20067.0
