1960 5 1351.0
1960 6 1816.0
1960 7 1550.0
1960 8 2058.0
1960 9 1400.0
1960 10 2782.0
1960 11 1590.0
1960 12 1157.0
1961 1 567.0
1961 2 347.0
1961 3 760.0
1961 4 1826.0
1961 5 1557.0
1961 6 1905.0
1961 7 1306.0
1961 8 1923.0
1961 9 1525.0
1961 10 1374.0
1961 11 1654.0
1961 12 1221.0
1962 1 783.0
1962 2 722.0
1962 3 992.0
1962 4 2015.0
1962 5 1992.0
1962 6 1531.0
1962 7 1690.0
1962 8 2371.0
1962 9 1332.0
1962 10 1737.0
1962 11 1769.0
1962 12 1064.0
1963 1 696.0
1963 2 630.0
1963 3 813.0
1963 4 1561.0
1963 5 2029.0
1963 6 1938.0
1963 7 1560.0
1963 8 1633.0
1963 9 2025.0
1963 10 1327.0
1963 11 1334.0
1963 12 1320.0
1964 1 534.0
1964 2 443.0
1964 3 1432.0
1964 4 1257.0
1964 5 2532.0
1964 6 2026.0
1964 7 1502.0
1964 8 1814.0
1964 9 1602.0
1964 10 2135.0
1964 11 1470.0
1964 12 1229.0
1965 1 953.0
1965 2 339.0
1965 3 1578.0
1965 4 2071.0
1965 5 2308.0
1965 6 1813.0
1965 7 1822.0
1965 8 2206.0
1965 9 1963.0
1965 10 1945.0
1965 11 2194.0
1965 12 1296.0
1966 1 904.0
1966 2 516.0
1966 3 1629.0
1966 4 1917.0
1966 5 2295.0
1966 6 1651.0
1966 7 1992.0
1966 8 1640.0
1966 9 1704.0
1966 10 1729.0
1966 11 2544.0
1966 12 1105.0
1967 1 951.0
1967 2 394.0
1967 3 1648.0
1967 4 1702.0
1967 5 2400.0
1967 6 2240.0
1967 7 2498.0
1967 8 1884.0
1967 9 2065.0
1967 10 1959.0
1967 11 2299.0
1967 12 1291.0
1968 1 926.0
1968 2 790.0
1968 3 1707.0
1968 4 2876.0
1968 5 5555.0
1968 6 4773.0
1968 7 4285.0
1968 8 4263.0
1968 9 4739.0
1968 10 4927.0
1968 11 4060.0
1968 12 3025.0
1969 1 2066.0
1969 2 2213.0
1969 3 2362.0
1969 4 5653.0
1969 5 5898.0
1969 6 4444.0
1969 7 4867.0
1969 8 4821.0
1969 9 4173.0
1969 10 4848.0
1969 11 3570.0
1969 12 2773.0
1970 1 1370.0
1970 2 1712.0
1970 3 3183.0
1970 4 4978.0
1970 5 4065.0
1970 6 5351.0
1970 7 4237.0
1970 8 5581.0
1970 9 4069.0
1970 10 5469.0
1970 11 5258.0
1970 12 3794.0
1971 1 1685.0
1971 2 1634.0
1971 3 3301.0
1971 4 5568.0
1971 5 9123.0
1971 6 6419.0
1971 7 6137.0
1971 8 6005.0
1971 9 5556.0
1971 10 6151.0
1971 11 6670.0
1971 12 3369.0
1972 1 2871.0
1972 2 2595.0
1972 3 5265.0
1972 4 7822.0
1972 5 6929.0
1972 6 8574.0
1972 7 9530.0
1972 8 8466.0
1972 9 7997.0
1972 10 8018.0
1972 11 7175.0
1972 12 3907.0
1973 1 5612.0
1973 2 5407.0
1973 3 9738.0
1973 4 10141.0
1973 5 8322.0
1973 6 10285.0
1973 7 11900.0
1973 8 10698.0
1973 9 9505.0
1973 10 8336.0
1973 11 6119.0
1973 12 4748.0
1974 1 4101.0
1974 2 3562.0
1974 3 7855.0
1974 4 9527.0
1974 5 7419.0
1974 6 8814.0
1974 7 8359.0
1974 8 7460.0
1974 9 4771.0
1974 10 5536.0
1974 11 4712.0
1974 12 3321.0
1975 1 2636.0
1975 2 2067.0
1975 3 4199.0
1975 4 7936.0
1975 5 8424.0
1975 6 9558.0
1975 7 8736.0
1975 8 7877.0
1975 9 7747.0
1975 10 9934.0
1975 11 6815.0
1975 12 4827.0
1976 1 3042.0
1976 2 5813.0
1976 3 7630.0
1976 4 13359.0
1976 5 12930.0
1976 6 12300.0
1976 7 10137.0
1976 8 11233.0
1976 9 11192.0
1976 10 15386.0
1976 11 10814.0
1976 12 13181.0
1977 1 3039.0
1977 2 4328.0
1977 3 12071.0
1977 4 133191.0
1977 5 18201.0
1977 6 159451.0
1977 7 17121.0
1977 8 21862.0
1977 9 16451.0
1977 10 14967.0
1977 11 12818.0
1977 12 10885.0
1978 1 9687.0
1978 2 9121.0
1978 3 15169.0
1978 4 21604.0
1978 5 19815.0
1978 6 21717.0
1978 7 17409.0
1978 8 20599.0
1978 9 18199.0
1978 10 17488.0
1978 11 14129.0
1978 12 10180.0
1979 1 7198.0
1979 2 5566.0
1979 3 14813.0
1979 4 22181.0
1979 5 23555.0
1979 6 21421.0
1979 7 18539.0
1979 8 18649.0
1979 9 19412.0
1979 10 12631.0
1979 11 11503.0
1979 12 6814.0
1980 1 6302.0
1980 2 5640.0
1980 3 8401.0
1980 4 9316.0
1980 5 13404.0
1980 6 13784.0
1980 7 15613.0
1980 8 19453.0
1980 9 18950.0
1980 10 22027.0
1980 11 11534.0
1980 12 11242.0
1981 1 3571.0
1981 2 4541.0
1981 3 23067.0
1981 4 15344.0
1981 5 15301.0
1981 6 15880.0
1981 7 13194.0
1981 8 9030.0
1981 9 12535.0
1981 10 13356.0
1981 11 8676.0
1981 12 5642.0
1982 1 3639.0
1982 2 2102.0
1982 3 7645.0
1982 4 11647.0
1982 5 11791.0
1982 6 11917.0
1982 7 11120.0
1982 8 13444.0
1982 9 16098.0
1982 10 15448.0
1982 11 14378.5
1982 12 13309.0
1983 1 6760.0
1983 2 6485.0
1983 3 16682.0
1983 4 19023.0
1983 5 28467.0
1983 6 27646.0
1983 7 22941.0
1983 8 27133.0
1983 9 28445.0
1983 10 24153.0
1983 11 19637.0
1983 12 14075.0
1984 1 10892.0
1984 2 17312.0
1984 3 20583.0
1984 4 35218.0
1984 5 39593.0
1984 6 37497.0
1984 7 28863.0
1984 8 35436.0
1984 9 24398.0
1984 10 37228.0
1984 11 26672.0
1984 12 24595.0
1985 1 25396.0
1985 2 26959.0
1985 3 42923.0
1985 4 72244.0
1985 5 76435.0
1985 6 55998.0
1985 7 54785.0
1985 8 51220.0
1985 9 45112.0
1985 10 51052.0
1985 11 55735.0
1985 12 35460.0
1986 1 35307.0
1986 2 42793.0
1986 3 63237.0
1986 4 84496.0
1986 5 87313.0
1986 6 68969.0
1986 7 75725.0
1986 8 64633.0
1986 9 71702.0
1986 10 77357.0
1986 11 57059.0
1986 12 52112.0
1987 1 26829.0
1987 2 49860.0
1987 3 63651.0
1987 4 100954.0
1987 5 85647.0
1987 6 86907.0
1987 7 68787.0
1987 8 64548.0
1987 9 82977.0
1987 10 61465.0
1987 11 52432.0
1987 12 43776.0
1988 1 35047.0
1988 2 30357.0
1988 3 66225.0
1988 4 57232.0
1988 5 67556.0
1988 6 65085.0
1988 7 56119.0
1988 8 55745.0
1988 9 48277.0
1988 10 45850.0
1988 11 43896.0
1988 12 29212.0
1989 1 23754.0
1989 2 22995.0
1989 3 37455.0
1989 4 59090.0
1989 5 51503.0
1989 6 38628.0
1989 7 34764.0
1989 8 46054.0
1989 9 37389.0
1989 10 37049.0
1989 11 28697.0
1989 12 26265.0
1990 1 14951.0
1990 2 16899.0
1990 3 27750.0
1990 4 28439.0
1990 5 35672.0
1990 6 29133.0
1990 7 24291.0
1990 8 27478.0
1990 9 23295.0
1990 10 23917.0
1990 11 17418.0
1990 12 12800.0
1991 1 11749.0
1991 2 9327.0
1991 3 12517.0
1991 4 26470.0
1991 5 28981.0
1991 6 32121.0
1991 7 25804.0
1991 8 23581.0
1991 9 22115.0
1991 10 29357.0
1991 11 18865.0
1991 12 14514.0
1992 1 14516.0
1992 2 14062.0
1992 3 22197.0
1992 4 27077.0
1992 5 26062.0
1992 6 37953.0
1992 7 27851.0
1992 8 35624.0
1992 9 27271.0
1992 10 25630.0
1992 11 27604.0
1992 12 21439.0
1993 1 19491.0
1993 2 14385.0
1993 3 22743.0
1993 4 27231.0
1993 5 31404.0
1993 6 31377.0
1993 7 37801.0
1993 8 31308.0
1993 9 29121.0
1993 10 27799.0
1993 11 27377.0
1993 12 22588.0
1994 1 17714.0
1994 2 15357.0
1994 3 28017.0
1994 4 41953.0
1994 5 42766.0
1994 6 44271.0
1994 7 37370.0
1994 8 46727.0
1994 9 38796.0
1994 10 33487.0
1994 11 36042.0
1994 12 31136.0
1995 1 18567.0
1995 2 16766.0
1995 3 31186.0
1995 4 36023.0
1995 5 40852.0
1995 6 39395.0
1995 7 36683.0
1995 8 44587.0
1995 9 37705.0
1995 10 38328.0
1995 11 30920.0
1995 12 23908.0
1996 1 14305.0
1996 2 17891.0
1996 3 30541.0
1996 4 36816.0
1996 5 56872.0
1996 6 48410.0
1996 7 46969.0
1996 8 50166.0
1996 9 39783.0
1996 10 40235.0
1996 11 35009.0
1996 12 30364.0
1997 1 21945.0
1997 2 24962.0
1997 3 33371.0
1997 4 46691.0
1997 5 48134.0
1997 6 45115.0
1997 7 46529.0
1997 8 45989.0
1997 9 49791.0
1997 10 45545.0
1997 11 49359.0
1997 12 31393.0
1998 1 27753.0
1998 2 26391.0
1998 3 47532.0
1998 4 59374.0
1998 5 57437.0
1998 6 60506.0
1998 7 62784.0
1998 8 49665.0
1998 9 60883.0
1998 10 56991.0
1998 11 47543.0
1998 12 46921.0
1999 1 30728.0
1999 2 34277.0
1999 3 50058.0
1999 4 71643.0
1999 5 72847.0
1999 6 64421.0
1999 7 66717.0
1999 8 67337.0
1999 9 57185.0
1999 10 56317.0
1999 11 52820.0
1999 12 61839.0
2000 1 36303.0
2000 2 39490.0
2000 3 67040.0
2000 4 65754.0
2000 5 85112.0
2000 6 78884.0
2000 7 77438.0
2000 8 83924.0
2000 9 85285.0
2000 10 89691.0
2000 11 63346.0
2000 12 65570.0
2001 1 45752.0
2001 2 51001.0
2001 3 59723.0
2001 4 80056.0
2001 5 85037.0
2001 6 89245.0
2001 7 87491.0
2001 8 93329.0
2001 9 71675.0
2001 10 77901.0
2001 11 72356.0
2001 12 51457.0
2002 1 66005.0
2002 2 84511.0
2002 3 70341.0
2002 4 97234.0
2002 5 94666.0
2002 6 85488.0
2002 7 94522.0
2002 8 90127.0
2002 9 93312.0
2002 10 103192.0
2002 11 65842.0
2002 12 55977.0
2003 1 60121.0
2003 2 42972.0
2003 3 73201.0
2003 4 94802.0
2003 5 95083.0
2003 6 98945.0
2003 7 103044.0
2003 8 97186.0
2003 9 91341.0
2003 10 99957.0
2003 11 63547.0
2003 12 55099.0
2004 1 57732.0
2004 2 56457.0
2004 3 92902.0
2004 4 109322.0
2004 5 106898.0
2004 6 106156.0
2004 7 121547.0
2004 8 103860.0
2004 9 94087.0
2004 10 109987.0
2004 11 88898.0
2004 12 80211.0
2005 1 65597.0
2005 2 56058.0
2005 3 90233.0
2005 4 99321.0
2005 5 139074.0
2005 6 106069.0
2005 7 101196.0
2005 8 134058.0
2005 9 111352.0
2005 10 105944.0
2005 11 80932.0
2005 12 69263.0
2006 1 53429.0
2006 2 65047.0
2006 3 100784.0
2006 4 90913.0
2006 5 105073.0
2006 6 109762.0
2006 7 90939.0
2006 8 88144.0
2006 9 78328.0
2006 10 103266.0
2006 11 57617.0
2006 12 55698.0
2007 1 59793.0
2007 2 39880.0
2007 3 65863.0
2007 4 62744.0
2007 5 85431.0
2007 6 80040.0
2007 7 92915.0
2007 8 72979.0
2007 9 68397.0
2007 10 61686.0
2007 11 45515.0
2007 12 41243.0
2008 1 48404.0
2008 2 38375.0
2008 3 42724.0
2008 4 59325.0
2008 5 49560.0
2008 6 51813.0
2008 7 50709.0
2008 8 38773.0
2008 9 43990.0
2008 10 41003.0
2008 11 17794.0
2008 12 19179.0
2009 1 13879.0
2009 2 12492.0
2009 3 18943.0
2009 4 26626.0
2009 5 32618.0
2009 6 33963.0
2009 7 37174.0
2009 8 31296.0
2009 9 36256.0
2009 10 39906.0
2009 11 26495.0
2009 12 42445.0
2010 1 21152.0
2010 2 22140.0
2010 3 40400.0
2010 4 36934.0
2010 5 43100.0
2010 6 51705.0
2010 7 31628.0
2010 8 44342.0
2010 9 30395.0
2010 10 35223.0
2010 11 30621.0
2010 12 28528.0
2011 1 15277.0
2011 2 16392.0
2011 3 34027.0
2011 4 23146.0
2011 5 39182.0
2011 6 28321.0
2011 7 36518.0
2011 8 34217.0
2011 9 36280.0
2011 10 34019.0
2011 11 25656.0
2011 12 21772.0
2012 1 15105.0
2012 2 19161.0
2012 3 26266.0
2012 4 36397.0
2012 5 46419.0
2012 6 40891.0
2012 7 40782.0
2012 8 42601.0
2012 9 34432.0
2012 10 35907.0
2012 11 28999.0
2012 12 26201.0
2013 1 26324.0
2013 2 23192.0
2013 3 29692.0
2013 4 48854.0
2013 5 51224.0
2013 6 64356.0
2013 7 67282.0
2013 8 47655.0
2013 9 54092.0
2013 10 56273.0
2013 11 39185.0
2013 12 25428.0
2014 1 22498.0
2014 2 23990.0
2014 3 30495.0
2014 4 49931.0
2014 5 56980.0
2014 6 48876.0
2014 7 51711.0
2014 8 46166.0
2014 9 49591.0
2014 10 79973.0
2014 11 39054.0
2014 12 37828.0
2015 1 19548.0
2015 2 9477.0
2015 3 23660.0
2015 4 39159.0
2015 5 43673.0
2015 6 37199.0
2015 7 57356.0
2015 8 57260.0
2015 9 64950.0
2015 10 47688.0
2015 11 35357.0
2015 12 31010.0
2016 1 28582.0
2016 2 16843.0
2016 3 76501.0
2016 4 58410.0
2016 5 58236.0
2016 6 75183.0
2016 7 50632.0
2016 8 47922.0
2016 9 78238.0
2016 10 67821.0
2016 11 56493.0
2016 12 28304.0
2017 1 33515.0
2017 2 23725.0
2017 3 40960.0
2017 4 52518.0
2017 5 60535.0
2017 6 60192.0
2017 7 58478.0
2017 8 51056.0
2017 9 81150.0
2017 10 56532.0
2017 11 45497.0
2017 12 23905.0
2018 1 18364.0
2018 2 40192.0
2018 3 48702.0
2018 4 53394.0
2018 5 80710.0
2018 6 80808.0
2018 7 53878.0
2018 8 60268.0
2018 9 46273.0
2018 10 50894.0
2018 11 32674.0
2018 12 32617.0
2019 1 30510.0
2019 2 40140.0
2019 3 31023.0
2019 4 57475.0
2019 5 56328.0
2019 6 61615.0
2019 7 63302.0
2019 8 54651.0
2019 9 46133.0
2019 10 39009.0
2019 11 45042.0
2019 12 50534.0
2020 1 41202.0
2020 2 50392.0
2020 3 43539.0
2020 4 66637.0
2020 5 61672.0
2020 6 100933.0
2020 7 83364.0
2020 8 80912.0
2020 9 102865.0
2020 10 77148.0
2020 11 68921.0
2020 12 58482.0
2021 1 56024.0
2021 2 55197.0
2021 3 109379.0
2021 4 96560.0
2021 5 127862.0
2021 6 108376.0
2021 7 72598.0
2021 8 113789.0
2021 9 86580.0
2021 10 86183.0
2021 11 65946.0
2021 12 64535.0
2022 1 68671.0
2022 2 64000.0
2022 3 76755.0
2022 4 103405.0
2022 5 112149.0
2022 6 99602.0
2022 7 99396.0
2022 8 89697.0
2022 9 103485.0
2022 10 85179.0
2022 11 85374.0
2022 12 60377.0
2023 1 45654.0
2023 2 48118.0
2023 3 63827.0
2023 4 115611.0
2023 5 118449.0
2023 6 128088.0
2023 7 85603.0
2023 8 111721.0
2023 9 103974.0
2023 10 113999.0
2023 11 87392.0
2023 12 50075.0
2024 1 63983.0
2024 2 67018.0
2024 3 74752.0
2024 4 96411.0
2024 5 100270.0
2024 6 111606.0
2024 7 104733.0
2024 8 115502.0
