1960 5 59118.0
1960 6 22185.0
1960 7 49439.0
1960 8 39085.0
1960 9 47025.0
1960 10 30758.0
1960 11 38907.0
1960 12 26595.0
1961 1 26322.0
1961 2 16941.0
1961 3 34052.0
1961 4 46949.0
1961 5 48213.0
1961 6 26199.0
1961 7 49783.0
1961 8 114759.0
1961 9 37262.0
1961 10 51730.0
1961 11 51999.0
1961 12 85817.0
1962 1 40230.0
1962 2 82312.0
1962 3 58902.0
1962 4 109199.0
1962 5 52149.0
1962 6 37233.0
1962 7 27069.0
1962 8 52243.0
1962 9 33417.0
1962 10 50695.0
1962 11 88821.0
1962 12 46316.0
1963 1 26964.0
1963 2 22921.0
1963 3 41231.0
1963 4 46946.0
1963 5 46419.0
1963 6 25104.0
1963 7 27046.0
1963 8 36414.0
1963 9 51569.0
1963 10 50375.0
1963 11 35178.0
1963 12 79867.0
1964 1 11077.0
1964 2 19617.0
1964 3 17626.0
1964 4 25353.0
1964 5 14647.0
1964 6 31771.0
1964 7 18313.0
1964 8 16661.0
1964 9 13012.0
1964 10 18371.0
1964 11 13684.0
1964 12 22695.0
1965 1 14985.0
1965 2 10408.0
1965 3 37595.0
1965 4 20665.0
1965 5 42841.0
1965 6 31065.0
1965 7 18076.0
1965 8 50570.0
1965 9 39525.0
1965 10 17581.0
1965 11 38908.0
1965 12 25777.0
1966 1 27211.0
1966 2 14829.0
1966 3 45390.0
1966 4 33417.0
1966 5 32406.0
1966 6 42562.0
1966 7 16952.0
1966 8 29573.0
1966 9 9765.0
1966 10 12132.0
1966 11 40940.0
1966 12 8545.0
1967 1 42919.0
1967 2 6883.0
1967 3 24326.0
1967 4 49187.0
1967 5 19713.0
1967 6 31902.0
1967 7 19435.0
1967 8 30196.0
1967 9 20971.0
1967 10 29328.0
1967 11 21162.0
1967 12 21100.0
1968 1 12111.0
1968 2 14093.0
1968 3 78269.0
1968 4 38154.0
1968 5 30001.0
1968 6 73244.0
1968 7 24302.0
1968 8 36432.0
1968 9 26936.0
1968 10 37817.0
1968 11 15278.0
1968 12 33419.0
1969 1 19224.0
1969 2 19642.0
1969 3 42665.0
1969 4 55567.0
1969 5 28165.0
1969 6 28403.0
1969 7 30283.0
1969 8 19351.0
1969 9 21922.0
1969 10 52615.0
1969 11 22396.0
1969 12 20132.0
1970 1 12201.0
1970 2 12045.0
1970 3 22049.0
1970 4 32178.0
1970 5 18520.0
1970 6 33645.0
1970 7 30686.0
1970 8 82750.0
1970 9 28615.0
1970 10 41297.0
1970 11 23321.0
1970 12 113683.0
1971 1 35649.0
1971 2 18370.0
1971 3 45184.0
1971 4 30068.0
1971 5 63065.0
1971 6 43684.0
1971 7 95218.0
1971 8 52764.0
1971 9 63053.0
1971 10 52129.0
1971 11 108781.0
1971 12 39186.0
1972 1 97128.0
1972 2 21474.0
1972 3 43524.0
1972 4 57650.0
1972 5 32443.0
1972 6 85123.0
1972 7 36220.0
1972 8 82961.0
1972 9 61142.0
1972 10 69068.0
1972 11 98784.0
1972 12 172544.0
1973 1 55974.0
1973 2 14098.0
1973 3 38257.0
1973 4 95151.0
1973 5 62364.0
1973 6 104381.0
1973 7 57408.0
1973 8 46560.0
1973 9 16874.0
1973 10 24212.0
1973 11 113115.0
1973 12 64008.0
1974 1 50847.0
1974 2 9621.0
1974 3 11738.0
1974 4 39866.0
1974 5 22141.0
1974 6 14184.0
1974 7 26418.0
1974 8 15735.0
1974 9 14032.0
1974 10 41376.0
1974 11 16728.0
1974 12 135637.0
1975 1 4112.0
1975 2 2794.0
1975 3 12374.0
1975 4 23396.0
1975 5 10812.0
1975 6 11120.0
1975 7 9992.0
1975 8 10088.0
1975 9 14449.0
1975 10 11600.0
1975 11 9618.0
1975 12 17785.0
1976 1 6988.0
1976 2 5430.0
1976 3 7390.0
1976 4 12014.0
1976 5 9755.0
1976 6 8297.0
1976 7 5449.0
1976 8 15879.0
1976 9 12685.0
1976 10 7406.0
1976 11 9530.0
1976 12 4578.0
1977 1 13144.0
1977 2 2660.0
1977 3 40476.0
1977 4 3511.0
1977 5 20169.0
1977 6 10626.0
1977 7 17488.0
1977 8 16338.0
1977 9 14017.0
1977 10 28323.0
1977 11 8814.0
1977 12 29637.0
1978 1 22423.0
1978 2 8695.0
1978 3 45505.0
1978 4 29013.0
1978 5 23818.0
1978 6 40812.0
1978 7 16433.0
1978 8 27880.0
1978 9 66118.0
1978 10 24853.0
1978 11 35816.0
1978 12 27959.0
1979 1 29327.0
1979 2 6305.0
1979 3 14430.0
1979 4 10109.0
1979 5 38159.0
1979 6 77263.0
1979 7 13081.0
1979 8 44937.0
1979 9 47498.0
1979 10 32047.0
1979 11 9264.0
1979 12 19620.0
1980 1 11961.0
1980 2 16218.0
1980 3 8828.0
1980 4 24361.0
1980 5 25085.0
1980 6 26504.0
1980 7 27288.0
1980 8 78952.0
1980 9 27703.0
1980 10 37773.0
1980 11 21180.0
1980 12 9535.0
1981 1 43692.0
1981 2 6793.0
1981 3 32293.0
1981 4 16415.0
1981 5 24664.0
1981 6 23929.0
1981 7 26003.0
1981 8 16181.0
1981 9 59369.0
1981 10 28089.0
1981 11 14100.0
1981 12 38004.0
1982 1 20060.0
1982 2 9404.0
1982 3 26525.0
1982 4 21956.0
1982 5 20959.0
1982 6 29733.0
1982 7 43063.0
1982 8 60211.0
1982 9 45289.0
1982 10 22237.0
1982 11 20941.5
1982 12 19646.0
1983 1 25493.0
1983 2 55148.0
1983 3 29986.0
1983 4 24275.0
1983 5 20204.0
1983 6 50036.0
1983 7 35914.0
1983 8 78606.0
1983 9 110003.0
1983 10 30046.0
1983 11 34630.0
1983 12 29883.0
1984 1 23367.0
1984 2 33260.0
1984 3 45432.0
1984 4 40956.0
1984 5 92664.0
1984 6 54679.0
1984 7 21566.0
1984 8 64942.0
1984 9 250176.0
1984 10 56197.0
1984 11 46234.0
1984 12 84583.0
1985 1 67903.0
1985 2 280475.0
1985 3 35750.0
1985 4 51191.0
1985 5 79371.0
1985 6 111954.0
1985 7 66002.0
1985 8 136311.0
1985 9 118280.0
1985 10 170667.0
1985 11 67990.0
1985 12 86103.0
1986 1 57728.0
1986 2 36183.0
1986 3 68051.0
1986 4 57162.0
1986 5 45998.0
1986 6 65807.0
1986 7 62882.0
1986 8 48296.0
1986 9 228110.0
1986 10 63996.0
1986 11 51675.0
1986 12 77648.0
1987 1 93426.0
1987 2 43439.0
1987 3 118769.0
1987 4 70035.0
1987 5 171267.0
1987 6 124467.0
1987 7 126061.0
1987 8 85447.0
1987 9 81118.0
1987 10 62257.0
1987 11 46111.0
1987 12 43988.0
1988 1 64015.0
1988 2 29723.0
1988 3 45165.0
1988 4 87711.0
1988 5 82927.0
1988 6 59412.0
1988 7 67571.0
1988 8 49092.0
1988 9 70543.0
1988 10 96204.0
1988 11 43962.0
1988 12 57523.0
1989 1 111945.0
1989 2 21869.0
1989 3 108301.0
1989 4 62605.0
1989 5 46437.0
1989 6 81185.0
1989 7 67300.0
1989 8 95961.0
1989 9 61880.0
1989 10 110079.0
1989 11 31060.0
1989 12 75918.0
1990 1 29276.0
1990 2 30135.0
1990 3 28020.0
1990 4 33993.0
1990 5 55433.0
1990 6 127650.0
1990 7 33272.0
1990 8 80776.0
1990 9 36001.0
1990 10 24409.0
1990 11 24499.0
1990 12 45057.0
1991 1 82935.0
1991 2 28975.0
1991 3 15156.0
1991 4 25534.0
1991 5 24229.0
1991 6 42224.0
1991 7 42070.0
1991 8 25160.0
1991 9 26580.0
1991 10 34621.0
1991 11 21431.0
1991 12 17861.0
1992 1 23811.0
1992 2 23385.0
1992 3 14442.0
1992 4 18562.0
1992 5 20789.0
1992 6 56524.0
1992 7 28247.0
1992 8 26230.0
1992 9 27127.0
1992 10 17254.0
1992 11 21470.0
1992 12 19380.0
1993 1 25857.0
1993 2 14371.0
1993 3 16776.0
1993 4 11419.0
1993 5 20292.0
1993 6 17834.0
1993 7 25339.0
1993 8 17611.0
1993 9 34185.0
1993 10 29436.0
1993 11 42736.0
1993 12 89676.0
1994 1 6524.0
1994 2 9180.0
1994 3 31141.0
1994 4 39651.0
1994 5 41870.0
1994 6 42136.0
1994 7 22793.0
1994 8 53583.0
1994 9 39179.0
1994 10 43608.0
1994 11 21463.0
1994 12 62275.0
1995 1 15050.0
1995 2 16143.0
1995 3 54395.0
1995 4 36828.0
1995 5 34779.0
1995 6 34270.0
1995 7 21720.0
1995 8 26322.0
1995 9 28904.0
1995 10 49692.0
1995 11 62100.0
1995 12 33091.0
1996 1 38668.0
1996 2 16188.0
1996 3 41439.0
1996 4 66215.0
1996 5 74588.0
1996 6 72536.0
1996 7 63993.0
1996 8 103632.0
1996 9 49451.0
1996 10 75223.0
1996 11 41188.0
1996 12 64573.0
1997 1 44405.0
1997 2 60579.0
1997 3 48443.0
1997 4 38402.0
1997 5 30519.0
1997 6 73939.0
1997 7 64979.0
1997 8 51742.0
1997 9 66948.0
1997 10 31000.0
1997 11 67034.0
1997 12 88927.0
1998 1 44405.0
1998 2 48717.0
1998 3 50822.0
1998 4 24602.0
1998 5 47722.0
1998 6 112110.0
1998 7 98389.0
1998 8 87601.0
1998 9 77609.0
1998 10 116377.0
1998 11 84539.0
1998 12 71869.0
1999 1 73916.0
1999 2 38982.0
1999 3 101961.0
1999 4 62907.0
1999 5 62046.0
1999 6 118481.0
1999 7 64304.0
1999 8 91551.0
1999 9 91488.0
1999 10 50751.0
1999 11 95141.0
1999 12 104305.0
2000 1 53881.0
2000 2 91417.0
2000 3 80442.0
2000 4 139396.0
2000 5 98078.0
2000 6 130785.0
2000 7 101916.0
2000 8 107956.0
2000 9 175962.0
2000 10 77884.0
2000 11 133914.0
2000 12 93220.0
2001 1 37272.0
2001 2 170351.0
2001 3 120343.0
2001 4 125884.0
2001 5 116968.0
2001 6 127696.0
2001 7 146537.0
2001 8 155702.0
2001 9 89221.0
2001 10 116573.0
2001 11 168570.0
2001 12 131291.0
2002 1 96533.0
2002 2 136079.0
2002 3 101907.0
2002 4 121114.0
2002 5 218686.0
2002 6 189920.0
2002 7 214921.0
2002 8 167931.0
2002 9 166466.0
2002 10 146889.0
2002 11 116123.0
2002 12 164109.0
2003 1 92458.0
2003 2 134833.0
2003 3 160055.0
2003 4 150349.0
2003 5 244937.0
2003 6 157407.0
2003 7 146425.0
2003 8 251794.0
2003 9 143013.0
2003 10 180103.0
2003 11 144709.0
2003 12 213991.0
2004 1 107664.0
2004 2 123608.0
2004 3 131020.0
2004 4 169577.0
2004 5 248335.0
2004 6 354551.0
2004 7 313147.0
2004 8 201159.0
2004 9 195020.0
2004 10 229854.0
2004 11 266014.0
2004 12 192886.0
2005 1 142859.0
2005 2 168891.0
2005 3 195569.0
2005 4 297582.0
2005 5 264155.0
2005 6 371991.0
2005 7 179973.0
2005 8 222904.0
2005 9 209215.0
2005 10 163368.0
2005 11 287126.0
2005 12 267193.0
2006 1 233104.0
2006 2 202786.0
2006 3 272305.0
2006 4 188063.0
2006 5 254094.0
2006 6 302326.0
2006 7 226305.0
2006 8 354077.0
2006 9 234142.0
2006 10 230970.0
2006 11 150158.0
2006 12 257286.0
2007 1 234745.0
2007 2 163722.0
2007 3 273728.0
2007 4 261993.0
2007 5 208135.0
2007 6 443426.0
2007 7 349012.0
2007 8 251016.0
2007 9 305708.0
2007 10 439621.0
2007 11 229459.0
2007 12 332363.0
2008 1 191677.0
2008 2 145564.0
2008 3 113937.0
2008 4 230939.0
2008 5 442071.0
2008 6 1706791.0
2008 7 300871.0
2008 8 110942.0
2008 9 188276.0
2008 10 90419.0
2008 11 58074.0
2008 12 74219.0
2009 1 49390.0
2009 2 30194.0
2009 3 50463.0
2009 4 69302.0
2009 5 46000.0
2009 6 147253.0
2009 7 67739.0
2009 8 59692.0
2009 9 51795.0
2009 10 35492.0
2009 11 98529.0
2009 12 91497.0
2010 1 28925.0
2010 2 37889.0
2010 3 64367.0
2010 4 58251.0
2010 5 70546.0
2010 6 235057.0
2010 7 89427.0
2010 8 64520.0
2010 9 78404.0
2010 10 77871.0
2010 11 31759.0
2010 12 214887.0
2011 1 99782.0
2011 2 88715.0
2011 3 69785.0
2011 4 61254.0
2011 5 171509.0
2011 6 224316.0
2011 7 70878.0
2011 8 125017.0
2011 9 52596.0
2011 10 78575.0
2011 11 95458.0
2011 12 96614.0
2012 1 91036.0
2012 2 82382.0
2012 3 73778.0
2012 4 163032.0
2012 5 136318.0
2012 6 131594.0
2012 7 146246.0
2012 8 143619.0
2012 9 148389.0
2012 10 171940.0
2012 11 109685.0
2012 12 123866.0
2013 1 162137.0
2013 2 88352.0
2013 3 83973.0
2013 4 163213.0
2013 5 138577.0
2013 6 320638.0
2013 7 165284.0
2013 8 302750.0
2013 9 155650.0
2013 10 185517.0
2013 11 174313.0
2013 12 324084.0
2014 1 71420.0
2014 2 144990.0
2014 3 311984.0
2014 4 240905.0
2014 5 207672.0
2014 6 168461.0
2014 7 262095.0
2014 8 188200.0
2014 9 291809.0
2014 10 139445.0
2014 11 204336.0
2014 12 209426.0
2015 1 182415.0
2015 2 117414.0
2015 3 396235.0
2015 4 807236.0
2015 5 1787273.0
2015 6 2430029.0
2015 7 324359.0
2015 8 204123.0
2015 9 164138.0
2015 10 243483.0
2015 11 322445.0
2015 12 1063140.0
2016 1 72055.0
2016 2 137658.0
2016 3 134196.0
2016 4 148045.0
2016 5 207162.0
2016 6 390269.0
2016 7 246787.0
2016 8 291096.0
2016 9 399670.0
2016 10 190735.0
2016 11 253672.0
2016 12 373080.0
2017 1 537004.0
2017 2 164478.0
2017 3 398477.0
2017 4 415258.0
2017 5 246665.0
2017 6 285891.0
2017 7 304582.0
2017 8 296835.0
2017 9 216635.0
2017 10 278951.0
2017 11 225039.0
2017 12 495351.0
2018 1 242343.0
2018 2 210690.0
2018 3 408855.0
2018 4 190697.0
2018 5 451069.0
2018 6 422728.0
2018 7 380483.0
2018 8 227673.0
2018 9 158564.0
2018 10 241799.0
2018 11 366254.0
2018 12 353796.0
2019 1 456735.0
2019 2 283718.0
2019 3 259922.0
2019 4 384273.0
2019 5 212217.0
2019 6 358337.0
2019 7 345619.0
2019 8 387198.0
2019 9 262323.0
2019 10 427025.0
2019 11 621769.0
2019 12 515692.0
2020 1 566261.0
2020 2 216755.0
2020 3 171232.0
2020 4 81518.0
2020 5 168477.0
2020 6 336994.0
2020 7 330312.0
2020 8 246410.0
2020 9 325599.0
2020 10 353030.0
2020 11 346817.0
2020 12 360750.0
2021 1 394028.0
2021 2 301843.0
2021 3 212087.0
2021 4 232150.0
2021 5 404688.0
2021 6 478438.0
2021 7 288318.0
2021 8 494191.0
2021 9 203094.0
2021 10 231556.0
2021 11 466035.0
2021 12 354515.0
2022 1 332024.0
2022 2 279287.0
2022 3 608836.0
2022 4 400148.0
2022 5 288495.0
2022 6 573498.0
2022 7 359084.0
2022 8 489837.0
2022 9 226755.0
2022 10 194085.0
2022 11 163867.0
2022 12 249980.0
2023 1 83947.0
2023 2 176879.0
2023 3 435861.0
2023 4 187044.0
2023 5 256171.0
2023 6 179998.0
2023 7 185658.0
2023 8 305854.0
2023 9 73575.0
2023 10 184247.0
2023 11 123730.0
2023 12 120520.0
2024 1 423193.0
2024 2 880272.0
2024 3 512190.0
2024 4 473883.0
2024 5 266454.0
2024 6 382042.0
2024 7 490886.0
2024 8 355398.0
