1960 5 33525.0
1960 6 36140.0
1960 7 30770.0
1960 8 29229.0
1960 9 25113.0
1960 10 29879.0
1960 11 24608.0
1960 12 14789.0
1961 1 10326.0
1961 2 12078.0
1961 3 24807.0
1961 4 27863.0
1961 5 31907.0
1961 6 31149.0
1961 7 29486.0
1961 8 28624.0
1961 9 27816.0
1961 10 29074.0
1961 11 29048.0
1961 12 21589.0
1962 1 15448.0
1962 2 11343.0
1962 3 23659.0
1962 4 36769.0
1962 5 40419.0
1962 6 31449.0
1962 7 32199.0
1962 8 26022.0
1962 9 26778.0
1962 10 28638.0
1962 11 24250.0
1962 12 15436.0
1963 1 11858.0
1963 2 12515.0
1963 3 28580.0
1963 4 34011.0
1963 5 39614.0
1963 6 30367.0
1963 7 29621.0
1963 8 27731.0
1963 9 26253.0
1963 10 30786.0
1963 11 21840.0
1963 12 21283.0
1964 1 8979.0
1964 2 12541.0
1964 3 31213.0
1964 4 29224.0
1964 5 27243.333333333332
1964 6 25262.666666666668
1964 7 23282.0
1964 8 21301.333333333332
1964 9 19320.666666666664
1964 10 17340.0
1964 11 15359.333333333332
1964 12 13378.666666666666
1965 1 11398.0
1965 2 12327.0
1965 3 30926.0
1965 4 44346.0
1965 5 31913.0
1965 6 35863.0
1965 7 31036.0
1965 8 29019.0
1965 9 31318.0
1965 10 29454.0
1965 11 28131.0
1965 12 24516.0
1966 1 14421.0
1966 2 11439.0
1966 3 34488.0
1966 4 34230.0
1966 5 30880.0
1966 6 30506.0
1966 7 27350.0
1966 8 22881.0
1966 9 18806.0
1966 10 18696.0
1966 11 17923.0
1966 12 13426.0
1967 1 10188.0
1967 2 10246.0
1967 3 20759.0
1967 4 26900.0
1967 5 29319.0
1967 6 29884.0
1967 7 29113.0
1967 8 25344.0
1967 9 23185.0
1967 10 28518.0
1967 11 24808.0
1967 12 17387.0
1968 1 10317.0
1968 2 17907.0
1968 3 22842.0
1968 4 41875.0
1968 5 43278.0
1968 6 37357.0
1968 7 34240.0
1968 8 41805.0
1968 9 32995.0
1968 10 40341.0
1968 11 34994.0
1968 12 25637.0
1969 1 18451.0
1969 2 16782.0
1969 3 39806.0
1969 4 48229.0
1969 5 46670.0
1969 6 41834.0
1969 7 49327.0
1969 8 35904.0
1969 9 35217.0
1969 10 38663.0
1969 11 27253.0
1969 12 26860.0
1970 1 10409.0
1970 2 16618.0
1970 3 33263.0
1970 4 38416.0
1970 5 39384.0
1970 6 42931.0
1970 7 34501.0
1970 8 36896.0
1970 9 36421.0
1970 10 42069.0
1970 11 35094.0
1970 12 28449.0
1971 1 12967.0
1971 2 13919.0
1971 3 50807.0
1971 4 57967.0
1971 5 54735.0
1971 6 66350.0
1971 7 62434.0
1971 8 52086.0
1971 9 46674.0
1971 10 58747.0
1971 11 45601.0
1971 12 49496.0
1972 1 32851.0
1972 2 25175.0
1972 3 53831.0
1972 4 60801.0
1972 5 64376.0
1972 6 62606.0
1972 7 55301.0
1972 8 73097.0
1972 9 60465.0
1972 10 69118.0
1972 11 61685.0
1972 12 49200.0
1973 1 45330.0
1973 2 33057.0
1973 3 75912.0
1973 4 75055.0
1973 5 75808.0
1973 6 67162.0
1973 7 68238.0
1973 8 63990.0
1973 9 51198.0
1973 10 55185.0
1973 11 50287.0
1973 12 34699.0
1974 1 25682.0
1974 2 27148.0
1974 3 43272.0
1974 4 52104.0
1974 5 55161.0
1974 6 50974.0
1974 7 44849.0
1974 8 44301.0
1974 9 36352.0
1974 10 41309.0
1974 11 26790.0
1974 12 19924.0
1975 1 19391.0
1975 2 18660.0
1975 3 38703.0
1975 4 44167.0
1975 5 52770.0
1975 6 48971.0
1975 7 42565.0
1975 8 38692.0
1975 9 41855.0
1975 10 49081.0
1975 11 41407.0
1975 12 39409.0
1976 1 20097.0
1976 2 24855.0
1976 3 57227.0
1976 4 61080.0
1976 5 56721.0
1976 6 60055.0
1976 7 56807.0
1976 8 59811.0
1976 9 64091.0
1976 10 59813.0
1976 11 64951.0
1976 12 69045.0
1977 1 16353.0
1977 2 20124.0
1977 3 73848.0
1977 4 16516.0
1977 5 91977.0
1977 6 19009.0
1977 7 80295.0
1977 8 88539.0
1977 9 84547.0
1977 10 79423.0
1977 11 70089.0
1977 12 64788.0
1978 1 34402.0
1978 2 18519.0
1978 3 72532.0
1978 4 91384.0
1978 5 98428.0
1978 6 96415.0
1978 7 101965.0
1978 8 100716.0
1978 9 97726.0
1978 10 99726.0
1978 11 89082.0
1978 12 65211.0
1979 1 42112.0
1979 2 57675.0
1979 3 83029.0
1979 4 92173.0
1979 5 109656.0
1979 6 94824.0
1979 7 87034.0
1979 8 99215.0
1979 9 89148.0
1979 10 82748.0
1979 11 67996.0
1979 12 50643.0
1980 1 41292.0
1980 2 32904.0
1980 3 45962.0
1980 4 48744.0
1980 5 38335.0
1980 6 56451.0
1980 7 75058.0
1980 8 89082.0
1980 9 79582.0
1980 10 102888.0
1980 11 79523.0
1980 12 83529.0
1981 1 33697.0
1981 2 26468.0
1981 3 54581.0
1981 4 77473.0
1981 5 97101.0
1981 6 75317.0
1981 7 79559.0
1981 8 90620.0
1981 9 56311.0
1981 10 73089.0
1981 11 91590.0
1981 12 35542.0
1982 1 17445.0
1982 2 18105.0
1982 3 54225.0
1982 4 66932.0
1982 5 66570.0
1982 6 76140.0
1982 7 67664.0
1982 8 81047.0
1982 9 81869.0
1982 10 107708.0
1982 11 92894.0
1982 12 78080.0
1983 1 48643.0
1983 2 37505.0
1983 3 83674.0
1983 4 116598.0
1983 5 139191.0
1983 6 182135.0
1983 7 146232.0
1983 8 169571.0
1983 9 162508.0
1983 10 137244.0
1983 11 123653.0
1983 12 130312.0
1984 1 52777.0
1984 2 74497.0
1984 3 126652.0
1984 4 160333.0
1984 5 206057.0
1984 6 225026.0
1984 7 151626.0
1984 8 194040.0
1984 9 175167.0
1984 10 211589.0
1984 11 187569.0
1984 12 140215.0
1985 1 115121.0
1985 2 78343.0
1985 3 158877.0
1985 4 207512.0
1985 5 220168.0
1985 6 202732.0
1985 7 200973.0
1985 8 232242.0
1985 9 198235.0
1985 10 262223.0
1985 11 201156.0
1985 12 185362.0
1986 1 133538.0
1986 2 108094.0
1986 3 189527.0
1986 4 318285.0
1986 5 264817.0
1986 6 304726.0
1986 7 269265.0
1986 8 249478.0
1986 9 267183.0
1986 10 300248.0
1986 11 210501.0
1986 12 230127.0
1987 1 149183.0
1987 2 136994.0
1987 3 225527.0
1987 4 244334.0
1987 5 264488.0
1987 6 284187.0
1987 7 275052.0
1987 8 219097.0
1987 9 221588.0
1987 10 244233.0
1987 11 193650.0
1987 12 201815.0
1988 1 122379.0
1988 2 114352.0
1988 3 270316.0
1988 4 227548.0
1988 5 263929.0
1988 6 253780.0
1988 7 219593.0
1988 8 230456.0
1988 9 196143.0
1988 10 194726.0
1988 11 160278.0
1988 12 130768.0
1989 1 128844.0
1989 2 99145.0
1989 3 126291.0
1989 4 179525.0
1989 5 178256.0
1989 6 176015.0
1989 7 132425.0
1989 8 196122.0
1989 9 154499.0
1989 10 144476.0
1989 11 123112.0
1989 12 188334.0
1990 1 108891.0
1990 2 80335.0
1990 3 144030.0
1990 4 110426.0
1990 5 131162.0
1990 6 113214.0
1990 7 98578.0
1990 8 96380.0
1990 9 73054.0
1990 10 80897.0
1990 11 81296.0
1990 12 67705.0
1991 1 56555.0
1991 2 48617.0
1991 3 66314.0
1991 4 110234.0
1991 5 108578.0
1991 6 109126.0
1991 7 97633.0
1991 8 119239.0
1991 9 100391.0
1991 10 127935.0
1991 11 102197.0
1991 12 102259.0
1992 1 82385.0
1992 2 80228.0
1992 3 113316.0
1992 4 108626.0
1992 5 106203.0
1992 6 99079.0
1992 7 98495.0
1992 8 89398.0
1992 9 107526.0
1992 10 95400.0
1992 11 92430.0
1992 12 106498.0
1993 1 39840.0
1993 2 83521.0
1993 3 102606.0
1993 4 112410.0
1993 5 114905.0
1993 6 133935.0
1993 7 127595.0
1993 8 121522.0
1993 9 163175.0
1993 10 176716.0
1993 11 163078.0
1993 12 132067.0
1994 1 94237.0
1994 2 89733.0
1994 3 182031.0
1994 4 184609.0
1994 5 214602.0
1994 6 246286.0
1994 7 245949.0
1994 8 199418.0
1994 9 187102.0
1994 10 179082.0
1994 11 195371.0
1994 12 171035.0
1995 1 104738.0
1995 2 86485.0
1995 3 141157.0
1995 4 139103.0
1995 5 167167.0
1995 6 167328.0
1995 7 142095.0
1995 8 189426.0
1995 9 141615.0
1995 10 168111.0
1995 11 126245.0
1995 12 130912.0
1996 1 83602.0
1996 2 102220.0
1996 3 143771.0
1996 4 173179.0
1996 5 175272.0
1996 6 169688.0
1996 7 179690.0
1996 8 171132.0
1996 9 173680.0
1996 10 193585.0
1996 11 170424.0
1996 12 155897.0
1997 1 121388.0
1997 2 117264.0
1997 3 154215.0
1997 4 184621.0
1997 5 177416.0
1997 6 191164.0
1997 7 192544.0
1997 8 180065.0
1997 9 186297.0
1997 10 190220.0
1997 11 165939.0
1997 12 172584.0
1998 1 156372.0
1998 2 150324.0
1998 3 193980.0
1998 4 222284.0
1998 5 189408.0
1998 6 253293.0
1998 7 249760.0
1998 8 215325.0
1998 9 196372.0
1998 10 237941.0
1998 11 205036.0
1998 12 212392.0
1999 1 165702.0
1999 2 167868.0
1999 3 213496.0
1999 4 246719.0
1999 5 245270.0
1999 6 277087.0
1999 7 247258.0
1999 8 268176.0
1999 9 218093.0
1999 10 228926.0
1999 11 210319.0
1999 12 214336.0
2000 1 164617.0
2000 2 162561.0
2000 3 245703.0
2000 4 196156.0
2000 5 270647.0
2000 6 245525.0
2000 7 220678.0
2000 8 217707.0
2000 9 238655.0
2000 10 248572.0
2000 11 219961.0
2000 12 189079.0
2001 1 172380.0
2001 2 150507.0
2001 3 195018.0
2001 4 183586.0
2001 5 216044.0
2001 6 210307.0
2001 7 237265.0
2001 8 226676.0
2001 9 198672.0
2001 10 210910.0
2001 11 216868.0
2001 12 187385.0
2002 1 173759.0
2002 2 175789.0
2002 3 183236.0
2002 4 236765.0
2002 5 266855.0
2002 6 239694.0
2002 7 264189.0
2002 8 217893.0
2002 9 255994.0
2002 10 270181.0
2002 11 213308.0
2002 12 203500.0
2003 1 192522.0
2003 2 146430.0
2003 3 217242.0
2003 4 220708.0
2003 5 235966.0
2003 6 256790.0
2003 7 252044.0
2003 8 257532.0
2003 9 254148.0
2003 10 311789.0
2003 11 238118.0
2003 12 209947.0
2004 1 175247.0
2004 2 161427.0
2004 3 262273.0
2004 4 292460.0
2004 5 279581.0
2004 6 298842.0
2004 7 273062.0
2004 8 302803.0
2004 9 289534.0
2004 10 263415.0
2004 11 268385.0
2004 12 271011.0
2005 1 290219.0
2005 2 200229.0
2005 3 277551.0
2005 4 284006.0
2005 5 282352.0
2005 6 307378.0
2005 7 283896.0
2005 8 314429.0
2005 9 322431.0
2005 10 302419.0
2005 11 308499.0
2005 12 275378.0
2006 1 258546.0
2006 2 211493.0
2006 3 309248.0
2006 4 234557.0
2006 5 282679.0
2006 6 295748.0
2006 7 271672.0
2006 8 251384.0
2006 9 227975.0
2006 10 239648.0
2006 11 211837.0
2006 12 200649.0
2007 1 190607.0
2007 2 155187.0
2007 3 220387.0
2007 4 211414.0
2007 5 219449.0
2007 6 226293.0
2007 7 223635.0
2007 8 278195.0
2007 9 193367.0
2007 10 208070.0
2007 11 170683.0
2007 12 153750.0
2008 1 163264.0
2008 2 130139.0
2008 3 152233.0
2008 4 197480.0
2008 5 166523.0
2008 6 145590.0
2008 7 173780.0
2008 8 157468.0
2008 9 168622.0
2008 10 156030.0
2008 11 110250.0
2008 12 107072.0
2009 1 84912.0
2009 2 77169.0
2009 3 96208.0
2009 4 105502.0
2009 5 121216.0
2009 6 121259.0
2009 7 123833.0
2009 8 127500.0
2009 9 142060.0
2009 10 154275.0
2009 11 123083.0
2009 12 137964.0
2010 1 109788.0
2010 2 100569.0
2010 3 130922.0
2010 4 135352.0
2010 5 121614.0
2010 6 125543.0
2010 7 125690.0
2010 8 120347.0
2010 9 123709.0
2010 10 136935.0
2010 11 123758.0
2010 12 124673.0
2011 1 99468.0
2011 2 70890.0
2011 3 140916.0
2011 4 97861.0
2011 5 106818.0
2011 6 124050.0
2011 7 99478.0
2011 8 134416.0
2011 9 120093.0
2011 10 124289.0
2011 11 128873.0
2011 12 102273.0
2012 1 96920.0
2012 2 94015.0
2012 3 113431.0
2012 4 134663.0
2012 5 140961.0
2012 6 148198.0
2012 7 130861.0
2012 8 123637.0
2012 9 121327.0
2012 10 164388.0
2012 11 126334.0
2012 12 135831.0
2013 1 121243.0
2013 2 105055.0
2013 3 137933.0
2013 4 178668.0
2013 5 208088.0
2013 6 171909.0
2013 7 178468.0
2013 8 168593.0
2013 9 180036.0
2013 10 227990.0
2013 11 192772.0
2013 12 168760.0
2014 1 153975.0
2014 2 136542.0
2014 3 172792.0
2014 4 178171.0
2014 5 201011.0
2014 6 197693.0
2014 7 203870.0
2014 8 168623.0
2014 9 239614.0
2014 10 212344.0
2014 11 171015.0
2014 12 204043.0
2015 1 184036.0
2015 2 118479.0
2015 3 180388.0
2015 4 167259.0
2015 5 164615.0
2015 6 255421.0
2015 7 176462.0
2015 8 197916.0
2015 9 195891.0
2015 10 200317.0
2015 11 187764.0
2015 12 201047.0
2016 1 152646.0
2016 2 158701.0
2016 3 202032.0
2016 4 187902.0
2016 5 164409.0
2016 6 195546.0
2016 7 169398.0
2016 8 181688.0
2016 9 166270.0
2016 10 197888.0
2016 11 185107.0
2016 12 167934.0
2017 1 169110.0
2017 2 139469.0
2017 3 161448.0
2017 4 158574.0
2017 5 173430.0
2017 6 213896.0
2017 7 173185.0
2017 8 207142.0
2017 9 181903.0
2017 10 215210.0
2017 11 194174.0
2017 12 162799.0
2018 1 161662.0
2018 2 137948.0
2018 3 163888.0
2018 4 165687.0
2018 5 193016.0
2018 6 208001.0
2018 7 170063.0
2018 8 189487.0
2018 9 201722.0
2018 10 221618.0
2018 11 200640.0
2018 12 150661.0
2019 1 151360.0
2019 2 139582.0
2019 3 164868.0
2019 4 183530.0
2019 5 204405.0
2019 6 177439.0
2019 7 209580.0
2019 8 219442.0
2019 9 323754.0
2019 10 236317.0
2019 11 277412.0
2019 12 173913.0
2020 1 171218.0
2020 2 160343.0
2020 3 185578.0
2020 4 107849.0
2020 5 139395.0
2020 6 171619.0
2020 7 223819.0
2020 8 192815.0
2020 9 204145.0
2020 10 273079.0
2020 11 239410.0
2020 12 251518.0
2021 1 256578.0
2021 2 198655.0
2021 3 256958.0
2021 4 255550.0
2021 5 242057.0
2021 6 226706.0
2021 7 212170.0
2021 8 248736.0
2021 9 240816.0
2021 10 272597.0
2021 11 239970.0
2021 12 253808.0
2022 1 248745.0
2022 2 222097.0
2022 3 257732.0
2022 4 228756.0
2022 5 247348.0
2022 6 215962.0
2022 7 224280.0
2022 8 234002.0
2022 9 260368.0
2022 10 209791.0
2022 11 200832.0
2022 12 216933.0
2023 1 198654.0
2023 2 208189.0
2023 3 253372.0
2023 4 238740.0
2023 5 253662.0
2023 6 262075.0
2023 7 198395.0
2023 8 255604.0
2023 9 219213.0
2023 10 271202.0
2023 11 248408.0
2023 12 180865.0
2024 1 245869.0
2024 2 264159.0
2024 3 236973.0
2024 4 287637.0
2024 5 280825.0
2024 6 305826.0
2024 7 287131.0
2024 8 328949.0
