1960 5 52.0
1960 6 103.0
1960 7 159.0
1960 8 179.0
1960 9 199.0
1960 10 173.0
1960 11 29.0
1960 12 296.0
1961 1 259.5
1961 2 223.0
1961 3 186.5
1961 4 150.0
1961 5 88.5
1961 6 27.0
1961 7 368.0
1961 8 709.0
1961 9 150.0
1961 10 675.0
1961 11 270.0
1961 12 200.0
1962 1 130.0
1962 2 386.0
1962 3 350.5
1962 4 315.0
1962 5 393.0
1962 6 108.0
1962 7 125.0
1962 8 743.0
1962 9 150.0
1962 10 1120.0
1962 11 544.0
1962 12 1408.0
1963 1 356.0
1963 2 20.0
1963 3 1860.0
1963 4 495.0
1963 5 3162.0
1963 6 633.0
1963 7 1928.0
1963 8 842.0
1963 9 3596.0
1963 10 261.0
1963 11 94.0
1963 12 914.0
1964 1 77.0
1964 2 566.0
1964 3 821.0
1964 4 65.0
1964 5 394.0
1964 6 1537.0
1964 7 3256.0
1964 8 627.0
1964 9 640.0
1964 10 1000.0
1964 11 1213.0
1964 12 1426.0
1965 1 943.0
1965 2 460.0
1965 3 1830.0
1965 4 206.0
1965 5 540.0
1965 6 200.0
1965 7 147.0
1965 8 598.5
1965 9 1050.0
1965 10 349.0
1965 11 290.0
1965 12 115.0
1966 1 263.0
1966 2 430.0
1966 3 500.0
1966 4 200.0
1966 5 178.0
1966 6 156.0
1966 7 134.0
1966 8 568.0
1966 9 432.0
1966 10 559.6666666666666
1966 11 687.3333333333334
1966 12 815.0
1967 1 266.0
1967 2 1260.0
1967 3 528.0
1967 4 60.0
1967 5 60.0
1967 6 201.0
1967 7 342.0
1967 8 410.0
1967 9 1000.0
1967 10 1452.0
1967 11 21.0
1967 12 579.0
1968 1 427.0
1968 2 618.0
1968 3 1615.0
1968 4 1330.0
1968 5 894.0
1968 6 1036.0
1968 7 1961.0
1968 8 1200.0
1968 9 85.0
1968 10 107.0
1968 11 580.0
1968 12 1053.0
1969 1 1125.0
1969 2 935.0
1969 3 140.0
1969 4 295.0
1969 5 908.0
1969 6 1521.0
1969 7 2134.0
1969 8 1110.0
1969 9 86.0
1969 10 671.0
1969 11 100.0
1969 12 1200.0
1970 1 49.0
1970 2 373.0
1970 3 1582.0
1970 4 4296.0
1970 5 395.0
1970 6 4745.0
1970 7 2502.0
1970 8 283.0
1970 9 561.0
1970 10 264.0
1970 11 124.0
1970 12 4995.0
1971 1 3046.0
1971 2 523.0
1971 3 487.0
1971 4 2273.0
1971 5 825.0
1971 6 2503.0
1971 7 7302.0
1971 8 2281.0
1971 9 2579.0
1971 10 6226.0
1971 11 11714.0
1971 12 9244.0
1972 1 13720.0
1972 2 1500.0
1972 3 1276.0
1972 4 7604.0
1972 5 1079.0
1972 6 9596.0
1972 7 2528.0
1972 8 2305.0
1972 9 8998.0
1972 10 6042.0
1972 11 2114.0
1972 12 9354.0
1973 1 688.0
1973 2 3297.0
1973 3 1449.0
1973 4 6892.0
1973 5 6262.0
1973 6 5939.0
1973 7 1447.0
1973 8 4767.0
1973 9 4024.0
1973 10 5492.0
1973 11 1649.0
1973 12 2129.0
1974 1 3062.0
1974 2 2697.0
1974 3 522.0
1974 4 1669.0
1974 5 2068.0
1974 6 1030.0
1974 7 1389.0
1974 8 348.0
1974 9 101.0
1974 10 113.0
1974 11 2200.0
1974 12 1310.0
1975 1 420.0
1975 2 114.0
1975 3 210.0
1975 4 885.0
1975 5 1313.0
1975 6 315.0
1975 7 440.0
1975 8 252.0
1975 9 1627.0
1975 10 5430.0
1975 11 458.0
1975 12 877.0
1976 1 5338.0
1976 2 1787.0
1976 3 2284.0
1976 4 68.0
1976 5 2985.0
1976 6 989.0
1976 7 1854.0
1976 8 551.0
1976 9 1080.0
1976 10 1114.0
1976 11 4483.0
1976 12 2308.0
1977 1 2058.0
1977 2 120.0
1977 3 8473.0
1977 4 9548.0
1977 5 4815.0
1977 6 31859.0
1977 7 5214.0
1977 8 5937.0
1977 9 1772.0
1977 10 1228.0
1977 11 8013.0
1977 12 3691.0
1978 1 1281.0
1978 2 1020.0
1978 3 2659.0
1978 4 2702.0
1978 5 5540.0
1978 6 3357.0
1978 7 3569.0
1978 8 4229.0
1978 9 6735.0
1978 10 1240.0
1978 11 2238.0
1978 12 436.0
1979 1 941.0
1979 2 370.0
1979 3 555.0
1979 4 566.0
1979 5 4504.0
1979 6 9614.0
1979 7 7217.0
1979 8 4692.0
1979 9 3662.0
1979 10 2045.0
1979 11 2847.0
1979 12 2798.5
1980 1 2750.0
1980 2 361.0
1980 3 661.0
1980 4 2845.0
1980 5 2129.0
1980 6 440.0
1980 7 12216.0
1980 8 90.0
1980 9 2588.0
1980 10 2104.0
1980 11 200.0
1980 12 1348.0
1981 1 1419.0
1981 2 555.0
1981 3 825.0
1981 4 4136.0
1981 5 2491.0
1981 6 846.0
1981 7 2988.0
1981 8 2388.0
1981 9 5897.0
1981 10 713.0
1981 11 1938.0
1981 12 625.0
1982 1 2502.0
1982 2 492.0
1982 3 3699.0
1982 4 6883.0
1982 5 6327.0
1982 6 2031.0
1982 7 1984.0
1982 8 5748.0
1982 9 6089.0
1982 10 819.0
1982 11 2825.0
1982 12 4831.0
1983 1 1598.0
1983 2 2940.0
1983 3 2774.0
1983 4 2382.0
1983 5 3946.0
1983 6 1366.0
1983 7 2653.0
1983 8 3189.0
1983 9 4121.0
1983 10 10908.0
1983 11 2469.0
1983 12 1281.0
1984 1 12857.0
1984 2 16640.0
1984 3 11494.0
1984 4 19522.0
1984 5 23037.0
1984 6 13762.0
1984 7 11960.0
1984 8 25800.0
1984 9 12998.0
1984 10 25144.0
1984 11 9365.0
1984 12 9883.0
1985 1 14192.0
1985 2 1421.0
1985 3 7912.0
1985 4 20602.0
1985 5 10127.0
1985 6 11510.0
1985 7 9030.0
1985 8 1221.0
1985 9 4232.0
1985 10 3230.0
1985 11 16095.0
1985 12 8536.0
1986 1 10925.0
1986 2 14887.0
1986 3 2413.0
1986 4 5219.0
1986 5 8537.0
1986 6 9797.0
1986 7 942.0
1986 8 7146.0
1986 9 1916.0
1986 10 3582.0
1986 11 199.0
1986 12 1503.0
1987 1 5787.0
1987 2 1984.0
1987 3 4419.0
1987 4 638.0
1987 5 3971.0
1987 6 841.0
1987 7 263.0
1987 8 2732.0
1987 9 187.0
1987 10 9048.0
1987 11 4432.0
1987 12 14903.0
1988 1 1999.0
1988 2 1230.0
1988 3 2734.0
1988 4 410.0
1988 5 956.0
1988 6 1795.0
1988 7 2634.0
1988 8 3473.0
1988 9 2127.0
1988 10 4880.0
1988 11 153.0
1988 12 324.0
1989 1 495.0
1989 2 287.5
1989 3 80.0
1989 4 4980.0
1989 5 1240.0
1989 6 14259.0
1989 7 713.0
1989 8 457.0
1989 9 434.0
1989 10 1496.0
1989 11 281.0
1989 12 2129.0
1990 1 4157.0
1990 2 180.0
1990 3 758.0
1990 4 445.5
1990 5 133.0
1990 6 922.0
1990 7 1223.5
1990 8 1525.0
1990 9 1171.5
1990 10 818.0
1990 11 1600.0
1990 12 830.0
1991 1 328.0
1991 2 344.0
1991 3 2236.0
1991 4 4128.0
1991 5 879.0
1991 6 146.0
1991 7 153.0
1991 8 383.0
1991 9 128.0
1991 10 773.0
1991 11 562.0
1991 12 274.0
1992 1 128.0
1992 2 2132.0
1992 3 128.0
1992 4 916.0
1992 5 713.0
1992 6 385.0
1992 7 308.0
1992 8 762.0
1992 9 1055.0
1992 10 350.0
1992 11 125.0
1992 12 1552.0
1993 1 235.0
1993 2 110.0
1993 3 400.0
1993 4 273.0
1993 5 45.0
1993 6 3490.0
1993 7 4808.333333333333
1993 8 6126.666666666666
1993 9 7445.0
1993 10 861.0
1993 11 273.0
1993 12 54.0
1994 1 1275.0
1994 2 7378.333333333333
1994 3 13481.666666666666
1994 4 19585.0
1994 5 9141.0
1994 6 1402.0
1994 7 157.0
1994 8 33494.0
1994 9 157.0
1994 10 157.0
1994 11 15485.0
1994 12 6257.0
1995 1 157.0
1995 2 13358.0
1995 3 2178.0
1995 4 10167.0
1995 5 7162.0
1995 6 1800.0
1995 7 9663.0
1995 8 28016.0
1995 9 7384.0
1995 10 4915.0
1995 11 1660.0
1995 12 16678.0
1996 1 3069.0
1996 2 602.0
1996 3 8611.0
1996 4 7808.0
1996 5 6379.0
1996 6 8116.0
1996 7 4501.0
1996 8 239.0
1996 9 7752.0
1996 10 8321.0
1996 11 82.0
1996 12 7734.0
1997 1 568.0
1997 2 3101.0
1997 3 822.0
1997 4 7966.0
1997 5 22878.0
1997 6 3815.0
1997 7 1548.0
1997 8 13163.0
1997 9 11680.0
1997 10 5077.0
1997 11 466.0
1997 12 5972.0
1998 1 769.0
1998 2 15221.0
1998 3 339.0
1998 4 1330.0
1998 5 5606.0
1998 6 10008.0
1998 7 7596.0
1998 8 1188.0
1998 9 1140.0
1998 10 3325.0
1998 11 7617.0
1998 12 4029.0
1999 1 1558.0
1999 2 515.0
1999 3 157.0
1999 4 1383.0
1999 5 157.0
1999 6 7743.0
1999 7 9561.0
1999 8 5720.0
1999 9 3565.0
1999 10 448.0
1999 11 550.0
1999 12 157.0
2000 1 2788.0
2000 2 3874.0
2000 3 157.0
2000 4 4514.0
2000 5 2355.0
2000 6 2211.0
2000 7 3442.0
2000 8 2034.0
2000 9 8986.0
2000 10 8376.0
2000 11 7766.0
2000 12 917.0
2001 1 14242.0
2001 2 1171.0
2001 3 702.5
2001 4 234.0
2001 5 19234.0
2001 6 4828.0
2001 7 4048.0
2001 8 3268.0
2001 9 2488.0
2001 10 1708.0
2001 11 971.0
2001 12 234.0
2002 1 790.0
2002 2 10947.0
2002 3 24036.0
2002 4 771.0
2002 5 662.0
2002 6 271.0
2002 7 4293.0
2002 8 193.0
2002 9 2308.0
2002 10 443.0
2002 11 14044.0
2002 12 5966.0
2003 1 1636.0
2003 2 3144.0
2003 3 17815.0
2003 4 6572.0
2003 5 4517.0
2003 6 3778.0
2003 7 4140.0
2003 8 5737.0
2003 9 6833.0
2003 10 4088.0
2003 11 1343.0
2003 12 3729.0
2004 1 12500.0
2004 2 225.0
2004 3 2800.0
2004 4 7895.0
2004 5 160.0
2004 6 5751.0
2004 7 100.0
2004 8 1310.0
2004 9 2520.0
2004 10 1769.0
2004 11 2990.0
2004 12 4516.0
2005 1 5452.0
2005 2 2294.0
2005 3 160.0
2005 4 2677.0
2005 5 1005.0
2005 6 2732.0
2005 7 1245.0
2005 8 1340.0
2005 9 1723.0
2005 10 10079.0
2005 11 8504.0
2005 12 1149.0
2006 1 8946.0
2006 2 1723.0
2006 3 2149.0
2006 4 1218.0
2006 5 13873.0
2006 6 1522.0
2006 7 4702.0
2006 8 675.0
2006 9 13568.333333333334
2006 10 26461.666666666668
2006 11 39355.0
2006 12 1269.0
2007 1 5859.0
2007 2 1370.0
2007 3 1015.0
2007 4 9367.0
2007 5 15757.0
2007 6 584.0
2007 7 3059.0
2007 8 7032.0
2007 9 584.0
2007 10 3911.0
2007 11 2165.0
2007 12 419.0
2008 1 4317.0
2008 2 17702.0
2008 3 3175.0
2008 4 2530.0
2008 5 3681.0
2008 6 9764.0
2008 7 2530.0
2008 8 4717.0
2008 9 3114.0
2008 10 3344.0
2008 11 2070.0
2008 12 2460.0
2009 1 9940.0
2009 2 5735.0
2009 3 1227.0
2009 4 863.0
2009 5 784.0
2009 6 706.0
2009 7 2525.0
2009 8 941.0
2009 9 2391.0
2009 10 1554.0
2009 11 900.0
2009 12 706.0
2010 1 784.0
2010 2 1176.0
2010 3 9110.0
2010 4 1155.0
2010 5 6441.0
2010 6 1399.0
2010 7 10885.0
2010 8 1710.0
2010 9 1243.0
2010 10 933.0
2010 11 1088.0
2010 12 3942.0
2011 1 699.0
2011 2 855.0
2011 3 1788.0
2011 4 1402.0
2011 5 1791.0
2011 6 2180.0
2011 7 1947.0
2011 8 3877.0
2011 9 2197.0
2011 10 1825.0
2011 11 2707.0
2011 12 2180.0
2012 1 779.0
2012 2 1635.0
2012 3 25571.0
2012 4 1557.0
2012 5 2335.0
2012 6 3337.0
2012 7 3103.0
2012 8 2880.0
2012 9 19147.0
2012 10 2180.0
2012 11 2180.0
2012 12 3503.0
2013 1 14429.0
2013 2 3036.0
2013 3 2700.0
2013 4 1200.0
2013 5 2500.0
2013 6 9150.0
2013 7 1120.0
2013 8 18826.0
2013 9 3600.0
2013 10 24924.0
2013 11 1879.0
2013 12 1561.0
2014 1 13413.0
2014 2 10506.5
2014 3 7600.0
2014 4 3904.0
2014 5 208.0
2014 6 208.0
2014 7 208.0
2014 8 1221.0
2014 9 1221.0
2014 10 6600.0
2014 11 7687.0
2014 12 9857.0
2015 1 208.0
2015 2 208.0
2015 3 208.0
2015 4 14552.0
2015 5 208.0
2015 6 208.0
2015 7 208.0
2015 8 208.0
2015 9 208.0
2015 10 1098.0
2015 11 1988.0
2015 12 2878.0
2016 1 20974.0
2016 2 14771.0
2016 3 6264.0
2016 4 1817.0
2016 5 2957.0
2016 6 208.0
2016 7 208.0
2016 8 651.0
2016 9 8925.0
2016 10 1864.0
2016 11 14863.0
2016 12 1906.0
2017 1 1312.0
2017 2 944.0
2017 3 1680.0
2017 4 3518.0
2017 5 3766.0
2017 6 13886.0
2017 7 14821.0
2017 8 6138.0
2017 9 1350.0
2017 10 8263.0
2017 11 794.0
2017 12 803.0
2018 1 669.0
2018 2 1350.0
2018 3 13479.0
2018 4 669.0
2018 5 1533.0
2018 6 2388.0
2018 7 1755.0
2018 8 208.0
2018 9 2821.0
2018 10 3549.0
2018 11 860.0
2018 12 4485.0
2019 1 3678.0
2019 2 2169.0
2019 3 250.0
2019 4 13976.0
2019 5 10092.0
2019 6 1055.0
2019 7 10640.0
2019 8 669.0
2019 9 1927.0
2019 10 15803.0
2019 11 14894.0
2019 12 1658.0
2020 1 1390.0
2020 2 1198.0
2020 3 1356.0
2020 4 6669.0
2020 5 586.0
2020 6 586.0
2020 7 7700.0
2020 8 14757.0
2020 9 6169.0
2020 10 5919.0
2020 11 2876.0
2020 12 4852.0
2021 1 4471.0
2021 2 19569.0
2021 3 5793.0
2021 4 8514.0
2021 5 7553.0
2021 6 7825.0
2021 7 37481.0
2021 8 6913.0
2021 9 19065.0
2021 10 18349.0
2021 11 10838.0
2021 12 26152.0
2022 1 9383.0
2022 2 1462.0
2022 3 32503.0
2022 4 36243.0
2022 5 32645.0
2022 6 3462.0
2022 7 6499.0
2022 8 1603.0
2022 9 9252.0
2022 10 1391.0
2022 11 5472.0
2022 12 11084.0
2023 1 11449.0
2023 2 1020.0
2023 3 35308.0
2023 4 17968.0
2023 5 292.0
2023 6 6965.0
2023 7 1261.0
2023 8 3749.0
2023 9 2953.0
2023 10 11464.0
2023 11 129025.0
2023 12 5691.0
2024 1 2500.0
2024 2 1400.0
2024 3 1434.0
2024 4 733.0
2024 5 1516.5
2024 6 2300.0
2024 7 11853.0
