1960 5 3236.0
1960 6 883.0
1960 7 2350.0
1960 8 6452.0
1960 9 4597.0
1960 10 5158.0
1960 11 2499.0
1960 12 3367.0
1961 1 1610.0
1961 2 2407.0
1961 3 2690.0
1961 4 1525.0
1961 5 6692.0
1961 6 5335.0
1961 7 8791.0
1961 8 6098.0
1961 9 3136.0
1961 10 9816.0
1961 11 3774.0
1961 12 2721.0
1962 1 1744.0
1962 2 6783.0
1962 3 6208.0
1962 4 3632.0
1962 5 4418.0
1962 6 11079.0
1962 7 10405.0
1962 8 5645.0
1962 9 6347.0
1962 10 10018.0
1962 11 8185.0
1962 12 8940.0
1963 1 5272.0
1963 2 5248.0
1963 3 5656.0
1963 4 10273.0
1963 5 13692.0
1963 6 5956.0
1963 7 5806.0
1963 8 3213.0
1963 9 11779.0
1963 10 14630.0
1963 11 6156.0
1963 12 11193.0
1964 1 8927.0
1964 2 6761.0
1964 3 10394.0
1964 4 22169.0
1964 5 19972.222222222223
1964 6 17775.444444444445
1964 7 15578.666666666666
1964 8 13381.888888888889
1964 9 11185.111111111111
1964 10 8988.333333333332
1964 11 6791.555555555555
1964 12 4594.777777777777
1965 1 2398.0
1965 2 3727.0
1965 3 19246.0
1965 4 11801.0
1965 5 9822.0
1965 6 17914.0
1965 7 9029.0
1965 8 9435.0
1965 9 10617.0
1965 10 9936.0
1965 11 13667.0
1965 12 7943.0
1966 1 9603.0
1966 2 8439.0
1966 3 7909.0
1966 4 13193.0
1966 5 6699.0
1966 6 5537.0
1966 7 9593.0
1966 8 10544.0
1966 9 5150.0
1966 10 2876.0
1966 11 2145.0
1966 12 2766.0
1967 1 10549.0
1967 2 5317.0
1967 3 6230.0
1967 4 5413.0
1967 5 4113.0
1967 6 7207.0
1967 7 5925.0
1967 8 5174.0
1967 9 12118.0
1967 10 5582.0
1967 11 6238.0
1967 12 2174.0
1968 1 4045.0
1968 2 2924.0
1968 3 4411.0
1968 4 10582.0
1968 5 5823.0
1968 6 11976.0
1968 7 6184.0
1968 8 6024.0
1968 9 7315.0
1968 10 15914.0
1968 11 4305.0
1968 12 4912.0
1969 1 5864.0
1969 2 7651.0
1969 3 14606.0
1969 4 6809.0
1969 5 16572.0
1969 6 6773.0
1969 7 14086.0
1969 8 11266.0
1969 9 3880.0
1969 10 4172.0
1969 11 8703.0
1969 12 5725.0
1970 1 5995.0
1970 2 3668.0
1970 3 8401.0
1970 4 18731.0
1970 5 8627.0
1970 6 25651.0
1970 7 15031.0
1970 8 5430.0
1970 9 5654.0
1970 10 11893.0
1970 11 46460.0
1970 12 17272.0
1971 1 1233.0
1971 2 5851.0
1971 3 18430.0
1971 4 10172.0
1971 5 8383.0
1971 6 24082.0
1971 7 15297.0
1971 8 27939.0
1971 9 37203.0
1971 10 14622.0
1971 11 22011.0
1971 12 29552.0
1972 1 10470.0
1972 2 26807.0
1972 3 18315.0
1972 4 23804.0
1972 5 14272.0
1972 6 32612.0
1972 7 24668.0
1972 8 27850.0
1972 9 16710.0
1972 10 25060.0
1972 11 51012.0
1972 12 16940.0
1973 1 14738.0
1973 2 6201.0
1973 3 17588.0
1973 4 12737.0
1973 5 32247.0
1973 6 16924.0
1973 7 18550.0
1973 8 59028.0
1973 9 28472.0
1973 10 17610.0
1973 11 18490.0
1973 12 3867.0
1974 1 9457.0
1974 2 4601.0
1974 3 23781.0
1974 4 16971.0
1974 5 14233.0
1974 6 4595.0
1974 7 10584.0
1974 8 17767.0
1974 9 14022.0
1974 10 5929.0
1974 11 1262.0
1974 12 6464.0
1975 1 3852.0
1975 2 4200.0
1975 3 3606.0
1975 4 3469.0
1975 5 6690.0
1975 6 6683.0
1975 7 8428.0
1975 8 5820.0
1975 9 15143.0
1975 10 1879.0
1975 11 3920.0
1975 12 4686.0
1976 1 2124.0
1976 2 1614.0
1976 3 2528.0
1976 4 1656.0
1976 5 1618.0
1976 6 6685.0
1976 7 11464.0
1976 8 13693.0
1976 9 17025.0
1976 10 17009.0
1976 11 4869.0
1976 12 26920.0
1977 1 3607.0
1977 2 220.0
1977 3 9140.0
1977 4 1744.0
1977 5 7282.0
1977 6 3010.0
1977 7 13693.0
1977 8 24791.0
1977 9 6943.0
1977 10 26498.0
1977 11 10133.0
1977 12 6953.0
1978 1 7190.0
1978 2 3690.0
1978 3 10102.0
1978 4 6225.0
1978 5 6388.0
1978 6 8651.0
1978 7 7133.0
1978 8 8548.0
1978 9 1046.0
1978 10 5509.0
1978 11 31634.0
1978 12 41643.0
1979 1 15135.0
1979 2 2772.0
1979 3 7714.0
1979 4 4763.0
1979 5 6785.0
1979 6 41254.0
1979 7 17605.0
1979 8 5120.0
1979 9 28390.0
1979 10 32175.0
1979 11 67917.0
1979 12 22366.0
1980 1 679.0
1980 2 6830.0
1980 3 13491.0
1980 4 13636.0
1980 5 9940.0
1980 6 29229.0
1980 7 18504.0
1980 8 9879.0
1980 9 22033.0
1980 10 26125.0
1980 11 21333.0
1980 12 5054.0
1981 1 5507.0
1981 2 13843.0
1981 3 15719.0
1981 4 8021.0
1981 5 11984.0
1981 6 29551.0
1981 7 56456.0
1981 8 15924.0
1981 9 17043.0
1981 10 8187.0
1981 11 9266.0
1981 12 36698.0
1982 1 6589.0
1982 2 16594.0
1982 3 33879.0
1982 4 3127.0
1982 5 11453.0
1982 6 20983.0
1982 7 9118.0
1982 8 13338.0
1982 9 26812.0
1982 10 28293.0
1982 11 19768.5
1982 12 11244.0
1983 1 3932.0
1983 2 101194.0
1983 3 11658.0
1983 4 12436.0
1983 5 17347.0
1983 6 9830.0
1983 7 40770.0
1983 8 30439.0
1983 9 18764.0
1983 10 21751.0
1983 11 10135.0
1983 12 33336.0
1984 1 6583.0
1984 2 12834.0
1984 3 12326.0
1984 4 12830.0
1984 5 51054.0
1984 6 12979.0
1984 7 18559.0
1984 8 22741.0
1984 9 44973.0
1984 10 26241.0
1984 11 53333.0
1984 12 26538.0
1985 1 32239.0
1985 2 98791.0
1985 3 40096.0
1985 4 39109.0
1985 5 54178.0
1985 6 93600.0
1985 7 48337.0
1985 8 36456.0
1985 9 62454.0
1985 10 66070.0
1985 11 33778.0
1985 12 122247.0
1986 1 27861.0
1986 2 20645.0
1986 3 27677.0
1986 4 39365.0
1986 5 63936.0
1986 6 32353.0
1986 7 58148.0
1986 8 54810.0
1986 9 184989.0
1986 10 42710.0
1986 11 31787.0
1986 12 50716.0
1987 1 27328.0
1987 2 32614.0
1987 3 57585.0
1987 4 40571.0
1987 5 47159.0
1987 6 69845.0
1987 7 52778.0
1987 8 62890.0
1987 9 48132.0
1987 10 67608.0
1987 11 51488.0
1987 12 27437.0
1988 1 31836.0
1988 2 25622.0
1988 3 47433.0
1988 4 54671.0
1988 5 60664.0
1988 6 60363.0
1988 7 30299.0
1988 8 53800.0
1988 9 33889.0
1988 10 54479.0
1988 11 20382.0
1988 12 21492.0
1989 1 28437.0
1989 2 34562.0
1989 3 48841.0
1989 4 31711.0
1989 5 31986.0
1989 6 35652.0
1989 7 15219.0
1989 8 50535.0
1989 9 40785.0
1989 10 43395.0
1989 11 24180.0
1989 12 32570.0
1990 1 28679.0
1990 2 9992.0
1990 3 5857.0
1990 4 22951.0
1990 5 13143.0
1990 6 13499.0
1990 7 5187.0
1990 8 10267.0
1990 9 26057.0
1990 10 20860.0
1990 11 8167.0
1990 12 9230.0
1991 1 5859.0
1991 2 3753.0
1991 3 5362.0
1991 4 17792.0
1991 5 1846.0
1991 6 7396.0
1991 7 4771.0
1991 8 5013.0
1991 9 7406.0
1991 10 16632.0
1991 11 28967.0
1991 12 11736.0
1992 1 15085.0
1992 2 7619.0
1992 3 5228.0
1992 4 4291.0
1992 5 8843.0
1992 6 6540.0
1992 7 17408.0
1992 8 5271.0
1992 9 8492.0
1992 10 5018.0
1992 11 6613.0
1992 12 2404.0
1993 1 1589.0
1993 2 8111.0
1993 3 6041.0
1993 4 4311.0
1993 5 12536.0
1993 6 6873.0
1993 7 8454.0
1993 8 14473.0
1993 9 8129.0
1993 10 7755.0
1993 11 9346.0
1993 12 8150.0
1994 1 4602.0
1994 2 3265.0
1994 3 2762.0
1994 4 3638.0
1994 5 3931.0
1994 6 5230.0
1994 7 17837.0
1994 8 10447.0
1994 9 3866.0
1994 10 4905.0
1994 11 16318.0
1994 12 6493.0
1995 1 6727.0
1995 2 5141.0
1995 3 5601.0
1995 4 7330.0
1995 5 11248.0
1995 6 8169.0
1995 7 7469.0
1995 8 9709.0
1995 9 25938.0
1995 10 6490.0
1995 11 5040.0
1995 12 1318.0
1996 1 4484.0
1996 2 1583.0
1996 3 6292.0
1996 4 6799.0
1996 5 13268.0
1996 6 8112.0
1996 7 11335.0
1996 8 13897.0
1996 9 6515.0
1996 10 15783.0
1996 11 14525.0
1996 12 9102.0
1997 1 6298.0
1997 2 4455.0
1997 3 12037.0
1997 4 6586.0
1997 5 13266.0
1997 6 15473.0
1997 7 12411.0
1997 8 7003.0
1997 9 8488.0
1997 10 7182.0
1997 11 4737.0
1997 12 25248.0
1998 1 9513.0
1998 2 6084.0
1998 3 6227.0
1998 4 5675.0
1998 5 7265.0
1998 6 6205.0
1998 7 9129.0
1998 8 9222.0
1998 9 42313.0
1998 10 27485.0
1998 11 14236.0
1998 12 5666.0
1999 1 8391.0
1999 2 5589.0
1999 3 24926.0
1999 4 12534.0
1999 5 9784.0
1999 6 22635.0
1999 7 9818.0
1999 8 28913.0
1999 9 17099.0
1999 10 11235.0
1999 11 23810.0
1999 12 18115.0
2000 1 78361.0
2000 2 10092.0
2000 3 19496.0
2000 4 40349.0
2000 5 13846.0
2000 6 28996.0
2000 7 20997.0
2000 8 21364.0
2000 9 16042.0
2000 10 20419.0
2000 11 39486.0
2000 12 13967.0
2001 1 22855.0
2001 2 14537.0
2001 3 29054.0
2001 4 12301.0
2001 5 35624.0
2001 6 9904.0
2001 7 26380.0
2001 8 13519.0
2001 9 31784.0
2001 10 19347.0
2001 11 19835.0
2001 12 21958.0
2002 1 14724.0
2002 2 14624.0
2002 3 14004.0
2002 4 24134.0
2002 5 19966.0
2002 6 32541.0
2002 7 25710.0
2002 8 19856.0
2002 9 40338.0
2002 10 26980.0
2002 11 28950.0
2002 12 16159.0
2003 1 10516.0
2003 2 21615.0
2003 3 16384.0
2003 4 26172.0
2003 5 43596.0
2003 6 16647.0
2003 7 25749.0
2003 8 34179.0
2003 9 28441.0
2003 10 55028.0
2003 11 22346.0
2003 12 52272.0
2004 1 16540.0
2004 2 34940.0
2004 3 119579.0
2004 4 55885.0
2004 5 34879.0
2004 6 45955.0
2004 7 40097.0
2004 8 32754.0
2004 9 39992.0
2004 10 30534.0
2004 11 38736.0
2004 12 70655.0
2005 1 72629.0
2005 2 56822.0
2005 3 46612.0
2005 4 43095.0
2005 5 51530.0
2005 6 156825.0
2005 7 39313.0
2005 8 161548.0
2005 9 48653.0
2005 10 46111.0
2005 11 31439.0
2005 12 45208.0
2006 1 21747.0
2006 2 65005.0
2006 3 46347.0
2006 4 56054.0
2006 5 56508.0
2006 6 71148.0
2006 7 61823.0
2006 8 52973.0
2006 9 177108.0
2006 10 38205.0
2006 11 101939.0
2006 12 79279.0
2007 1 59461.0
2007 2 37974.0
2007 3 36983.0
2007 4 55323.0
2007 5 54823.0
2007 6 87039.0
2007 7 44097.0
2007 8 97629.0
2007 9 41427.0
2007 10 66195.0
2007 11 62644.0
2007 12 76738.0
2008 1 50050.0
2008 2 46212.0
2008 3 115364.0
2008 4 37812.0
2008 5 102438.0
2008 6 260434.0
2008 7 30439.0
2008 8 29923.0
2008 9 29209.0
2008 10 27613.0
2008 11 31218.0
2008 12 25121.0
2009 1 21244.0
2009 2 32259.0
2009 3 16638.0
2009 4 19063.0
2009 5 28838.0
2009 6 12202.0
2009 7 7511.0
2009 8 11860.0
2009 9 38184.0
2009 10 10235.0
2009 11 36391.0
2009 12 52966.0
2010 1 27536.0
2010 2 9661.0
2010 3 9935.0
2010 4 41954.0
2010 5 17968.0
2010 6 43291.0
2010 7 36612.0
2010 8 39525.0
2010 9 53217.0
2010 10 53890.0
2010 11 26960.0
2010 12 57556.0
2011 1 23382.0
2011 2 37188.0
2011 3 93700.0
2011 4 30368.0
2011 5 36812.0
2011 6 80871.0
2011 7 15103.0
2011 8 36071.0
2011 9 38913.0
2011 10 31833.0
2011 11 47952.0
2011 12 67940.0
2012 1 39711.0
2012 2 47537.0
2012 3 54247.0
2012 4 59136.0
2012 5 55791.0
2012 6 140174.0
2012 7 157684.0
2012 8 51352.0
2012 9 62145.0
2012 10 62779.0
2012 11 32644.0
2012 12 59765.0
2013 1 97531.0
2013 2 25237.0
2013 3 57135.0
2013 4 71476.0
2013 5 185791.0
2013 6 85466.0
2013 7 75679.0
2013 8 162093.0
2013 9 43703.0
2013 10 72417.0
2013 11 54263.0
2013 12 85402.0
2014 1 43876.0
2014 2 96176.0
2014 3 124449.0
2014 4 79276.0
2014 5 78097.0
2014 6 133747.0
2014 7 389432.0
2014 8 87052.0
2014 9 148900.0
2014 10 51994.0
2014 11 68102.0
2014 12 65642.0
2015 1 93114.0
2015 2 51171.0
2015 3 77017.0
2015 4 252312.0
2015 5 288714.0
2015 6 342239.0
2015 7 94460.0
2015 8 138612.0
2015 9 78329.0
2015 10 92694.0
2015 11 92995.0
2015 12 183099.0
2016 1 35519.0
2016 2 290088.0
2016 3 61723.0
2016 4 134746.0
2016 5 75840.0
2016 6 178965.0
2016 7 66546.0
2016 8 210735.0
2016 9 73252.0
2016 10 51222.0
2016 11 52411.0
2016 12 141019.0
2017 1 130822.0
2017 2 187776.0
2017 3 57468.0
2017 4 50935.0
2017 5 106766.0
2017 6 87993.0
2017 7 222387.0
2017 8 137047.0
2017 9 131633.0
2017 10 183368.0
2017 11 196840.0
2017 12 152881.0
2018 1 59452.0
2018 2 203125.0
2018 3 108125.0
2018 4 55993.0
2018 5 182299.0
2018 6 560209.0
2018 7 97322.0
2018 8 106785.0
2018 9 56240.0
2018 10 123975.0
2018 11 91177.0
2018 12 82200.0
2019 1 68553.0
2019 2 56402.0
2019 3 135800.0
2019 4 96923.0
2019 5 187965.0
2019 6 120672.0
2019 7 89406.0
2019 8 170155.0
2019 9 203302.0
2019 10 130992.0
2019 11 114265.0
2019 12 263429.0
2020 1 189214.0
2020 2 38620.0
2020 3 127387.0
2020 4 35467.0
2020 5 110505.0
2020 6 141702.0
2020 7 184695.0
2020 8 99273.0
2020 9 171624.0
2020 10 159835.0
2020 11 155711.0
2020 12 189110.0
2021 1 160375.0
2021 2 63167.0
2021 3 113881.0
2021 4 170730.0
2021 5 129261.0
2021 6 130355.0
2021 7 180862.0
2021 8 189239.0
2021 9 117583.0
2021 10 110870.0
2021 11 200275.0
2021 12 242236.0
2022 1 115422.0
2022 2 131716.0
2022 3 282844.0
2022 4 257398.0
2022 5 67858.0
2022 6 460283.0
2022 7 385413.0
2022 8 108316.0
2022 9 126161.0
2022 10 59737.0
2022 11 186968.0
2022 12 177842.0
2023 1 100266.0
2023 2 62423.0
2023 3 147651.0
2023 4 114680.0
2023 5 274958.0
2023 6 125690.0
2023 7 156280.0
2023 8 239527.0
2023 9 112977.0
2023 10 178648.0
2023 11 72625.0
2023 12 257620.0
2024 1 299888.0
2024 2 330379.0
2024 3 234069.0
2024 4 142964.0
2024 5 114343.0
2024 6 158345.0
2024 7 144574.0
2024 8 238862.0
