1960 5 3743.0
1960 6 5108.0
1960 7 4611.0
1960 8 3648.0
1960 9 4160.0
1960 10 2850.0
1960 11 3228.0
1960 12 2059.0
1961 1 2842.0
1961 2 3658.0
1961 3 4186.0
1961 4 3893.0
1961 5 3628.0
1961 6 3272.0
1961 7 2961.0
1961 8 4557.0
1961 9 3667.0
1961 10 3778.0
1961 11 3183.0
1961 12 2354.0
1962 1 4028.0
1962 2 4474.0
1962 3 4464.0
1962 4 4108.0
1962 5 4193.0
1962 6 3704.0
1962 7 4723.0
1962 8 5271.0
1962 9 3675.0
1962 10 6044.0
1962 11 4037.0
1962 12 4592.0
1963 1 4903.0
1963 2 4652.0
1963 3 6982.0
1963 4 5698.0
1963 5 7291.0
1963 6 3939.0
1963 7 6678.0
1963 8 4974.0
1963 9 8275.0
1963 10 4601.0
1963 11 4559.0
1963 12 4506.0
1964 1 5957.0
1964 2 4678.0
1964 3 6389.0
1964 4 5043.0
1964 5 4757.0
1964 6 6679.0
1964 7 7189.0
1964 8 4413.0
1964 9 3800.0
1964 10 3988.0
1964 11 2756.0
1964 12 4135.0
1965 1 3551.0
1965 2 3659.0
1965 3 6835.0
1965 4 4662.0
1965 5 4044.0
1965 6 4179.0
1965 7 4106.0
1965 8 3365.0
1965 9 4369.0
1965 10 4465.0
1965 11 3281.0
1965 12 2828.0
1966 1 3220.0
1966 2 3895.0
1966 3 4168.0
1966 4 2839.0
1966 5 2381.0
1966 6 2070.0
1966 7 1967.0
1966 8 2341.0
1966 9 2142.0
1966 10 1422.0
1966 11 1442.0
1966 12 1939.0
1967 1 1817.0
1967 2 3063.0
1967 3 2964.0
1967 4 2588.0
1967 5 2551.0
1967 6 3803.0
1967 7 2521.0
1967 8 2906.0
1967 9 2838.0
1967 10 3421.0
1967 11 1698.0
1967 12 2217.0
1968 1 3159.0
1968 2 2918.0
1968 3 4287.0
1968 4 3935.0
1968 5 4039.0
1968 6 3970.0
1968 7 5135.0
1968 8 4613.0
1968 9 2825.0
1968 10 3289.0
1968 11 1984.0
1968 12 2927.0
1969 1 3306.0
1969 2 3910.0
1969 3 2908.0
1969 4 3286.0
1969 5 3797.0
1969 6 2593.0
1969 7 6023.0
1969 8 2549.0
1969 9 3159.0
1969 10 3203.0
1969 11 2345.0
1969 12 3845.0
1970 1 3244.0
1970 2 3982.0
1970 3 6793.0
1970 4 8467.0
1970 5 4677.0
1970 6 9242.0
1970 7 7902.0
1970 8 5925.0
1970 9 5837.0
1970 10 8523.0
1970 11 7605.0
1970 12 17251.0
1971 1 8904.0
1971 2 9955.0
1971 3 13802.0
1971 4 9955.0
1971 5 14422.0
1971 6 15550.0
1971 7 19008.0
1971 8 14566.0
1971 9 13644.0
1971 10 16062.0
1971 11 21045.0
1971 12 19786.0
1972 1 27189.0
1972 2 18570.0
1972 3 18874.0
1972 4 21495.0
1972 5 18094.0
1972 6 22940.0
1972 7 16671.0
1972 8 20313.0
1972 9 19289.0
1972 10 20300.0
1972 11 16211.0
1972 12 16658.0
1973 1 10606.0
1973 2 16099.0
1973 3 15382.0
1973 4 23641.0
1973 5 24653.0
1973 6 23020.0
1973 7 14758.0
1973 8 19410.0
1973 9 12009.0
1973 10 16523.0
1973 11 9137.0
1973 12 7315.0
1974 1 10703.0
1974 2 10956.0
1974 3 14482.0
1974 4 21431.0
1974 5 12707.0
1974 6 16349.0
1974 7 16648.0
1974 8 11283.0
1974 9 11049.0
1974 10 5477.0
1974 11 10123.0
1974 12 8304.0
1975 1 5135.0
1975 2 10929.0
1975 3 13672.0
1975 4 15173.0
1975 5 17882.0
1975 6 8886.0
1975 7 16464.0
1975 8 21238.0
1975 9 15319.0
1975 10 21608.0
1975 11 11254.0
1975 12 12936.0
1976 1 19868.0
1976 2 20384.0
1976 3 30998.0
1976 4 17289.0
1976 5 23534.0
1976 6 26066.0
1976 7 22929.0
1976 8 21403.0
1976 9 15199.0
1976 10 21381.0
1976 11 26033.0
1976 12 19344.0
1977 1 23472.0
1977 2 19237.0
1977 3 40398.0
1977 4 86994.0
1977 5 29817.0
1977 6 132910.0
1977 7 27026.0
1977 8 32206.0
1977 9 29318.0
1977 10 23651.0
1977 11 26186.0
1977 12 21737.0
1978 1 24932.0
1978 2 27920.0
1978 3 39472.0
1978 4 44065.0
1978 5 42568.0
1978 6 40755.0
1978 7 37931.0
1978 8 41559.0
1978 9 38834.0
1978 10 20658.0
1978 11 28182.0
1978 12 26034.0
1979 1 23420.0
1979 2 26387.0
1979 3 46258.0
1979 4 44188.0
1979 5 50846.0
1979 6 52750.0
1979 7 48320.0
1979 8 44765.0
1979 9 38610.0
1979 10 36729.0
1979 11 26629.0
1979 12 15956.0
1980 1 23785.0
1980 2 21361.0
1980 3 23601.0
1980 4 20688.0
1980 5 21203.0
1980 6 27815.0
1980 7 45458.0
1980 8 37680.0
1980 9 38926.0
1980 10 31754.0
1980 11 21721.0
1980 12 17602.0
1981 1 21783.0
1981 2 18546.0
1981 3 27451.0
1981 4 37057.0
1981 5 27941.0
1981 6 37687.0
1981 7 27409.0
1981 8 26756.0
1981 9 24301.0
1981 10 18107.0
1981 11 20006.0
1981 12 16339.0
1982 1 15748.0
1982 2 15941.0
1982 3 24891.0
1982 4 27931.0
1982 5 30450.0
1982 6 28583.0
1982 7 25232.0
1982 8 32130.0
1982 9 27278.0
1982 10 23741.0
1982 11 26478.0
1982 12 29215.0
1983 1 25707.0
1983 2 26266.0
1983 3 43072.0
1983 4 42342.0
1983 5 55623.0
1983 6 48305.0
1983 7 38398.0
1983 8 44770.0
1983 9 43976.0
1983 10 44897.0
1983 11 37007.0
1983 12 26629.0
1984 1 48786.0
1984 2 54237.0
1984 3 61487.0
1984 4 70533.0
1984 5 74796.0
1984 6 63006.0
1984 7 58698.0
1984 8 67490.0
1984 9 50755.0
1984 10 65542.0
1984 11 35375.0
1984 12 30665.0
1985 1 46526.0
1985 2 35302.0
1985 3 43982.0
1985 4 61843.0
1985 5 56973.0
1985 6 53118.0
1985 7 52064.0
1985 8 45463.0
1985 9 39064.0
1985 10 42893.0
1985 11 42876.0
1985 12 32952.0
1986 1 44062.0
1986 2 48847.0
1986 3 43314.0
1986 4 55234.0
1986 5 66202.0
1986 6 62593.0
1986 7 56374.0
1986 8 55443.0
1986 9 48562.0
1986 10 52527.0
1986 11 32840.0
1986 12 38083.0
1987 1 42007.0
1987 2 40992.0
1987 3 67705.0
1987 4 58768.0
1987 5 50671.0
1987 6 52024.0
1987 7 49349.0
1987 8 43864.0
1987 9 44597.0
1987 10 44356.0
1987 11 30566.0
1987 12 39007.0
1988 1 22612.0
1988 2 34914.0
1988 3 40227.0
1988 4 36735.0
1988 5 42655.0
1988 6 40697.0
1988 7 38255.0
1988 8 35915.0
1988 9 40639.0
1988 10 38902.0
1988 11 28928.0
1988 12 24120.0
1989 1 21770.0
1989 2 23695.0
1989 3 32713.0
1989 4 42771.0
1989 5 45230.0
1989 6 53294.0
1989 7 34699.0
1989 8 37722.0
1989 9 35512.0
1989 10 41155.0
1989 11 28597.0
1989 12 28014.0
1990 1 37150.0
1990 2 22833.0
1990 3 39805.0
1990 4 52423.0
1990 5 45457.0
1990 6 42999.0
1990 7 44946.0
1990 8 49192.0
1990 9 34070.0
1990 10 28860.0
1990 11 31477.0
1990 12 22554.0
1991 1 23524.0
1991 2 27925.0
1991 3 31209.0
1991 4 43168.0
1991 5 43254.0
1991 6 41828.0
1991 7 44644.0
1991 8 41151.0
1991 9 39775.0
1991 10 54741.0
1991 11 33027.0
1991 12 23981.0
1992 1 27936.0
1992 2 36837.0
1992 3 46549.0
1992 4 58471.0
1992 5 48841.0
1992 6 57333.0
1992 7 54380.0
1992 8 48527.0
1992 9 52172.0
1992 10 54516.0
1992 11 45733.0
1992 12 38813.0
1993 1 37724.0
1993 2 38182.0
1993 3 49227.0
1993 4 59101.0
1993 5 56788.0
1993 6 86517.0
1993 7 63269.0
1993 8 81442.0
1993 9 72712.0
1993 10 67232.0
1993 11 53488.0
1993 12 49669.0
1994 1 56231.0
1994 2 71048.0
1994 3 94866.0
1994 4 109286.0
1994 5 93656.0
1994 6 84943.0
1994 7 77818.0
1994 8 110347.0
1994 9 73873.0
1994 10 65244.0
1994 11 74839.0
1994 12 57659.0
1995 1 54350.0
1995 2 68215.0
1995 3 67455.0
1995 4 75741.0
1995 5 85962.0
1995 6 96300.0
1995 7 78996.0
1995 8 108906.0
1995 9 72213.0
1995 10 72780.0
1995 11 63852.0
1995 12 70377.0
1996 1 53702.0
1996 2 59646.0
1996 3 79829.0
1996 4 89004.0
1996 5 93607.0
1996 6 86816.0
1996 7 78808.0
1996 8 73866.0
1996 9 72308.0
1996 10 75297.0
1996 11 61419.0
1996 12 64800.0
1997 1 61253.0
1997 2 63734.0
1997 3 69589.0
1997 4 88993.0
1997 5 96915.0
1997 6 103062.0
1997 7 87786.0
1997 8 81456.0
1997 9 61297.0
1997 10 101660.0
1997 11 53402.0
1997 12 63226.0
1998 1 72500.0
1998 2 76748.0
1998 3 53477.0
1998 4 88319.0
1998 5 99889.0
1998 6 98433.0
1998 7 91495.0
1998 8 77614.0
1998 9 84845.0
1998 10 88374.0
1998 11 80637.0
1998 12 81582.0
1999 1 63799.0
1999 2 49275.0
1999 3 101717.0
1999 4 115048.0
1999 5 96027.0
1999 6 121042.0
1999 7 100567.0
1999 8 94916.0
1999 9 85579.0
1999 10 67921.0
1999 11 68861.0
1999 12 73937.0
2000 1 66817.0
2000 2 82422.0
2000 3 96797.0
2000 4 105711.0
2000 5 100324.0
2000 6 105914.0
2000 7 88648.0
2000 8 86043.0
2000 9 115677.0
2000 10 77317.0
2000 11 80467.0
2000 12 61711.0
2001 1 90847.0
2001 2 77693.0
2001 3 117115.0
2001 4 118389.0
2001 5 126277.0
2001 6 81001.0
2001 7 122493.0
2001 8 111275.0
2001 9 87234.0
2001 10 96370.0
2001 11 77522.0
2001 12 38500.0
2002 1 58368.0
2002 2 94270.0
2002 3 129275.0
2002 4 119453.0
2002 5 144861.0
2002 6 122807.0
2002 7 136732.0
2002 8 120503.0
2002 9 113167.0
2002 10 124112.0
2002 11 105145.0
2002 12 106150.0
2003 1 101057.0
2003 2 93505.0
2003 3 158720.0
2003 4 126346.0
2003 5 143379.0
2003 6 159677.0
2003 7 140966.0
2003 8 150055.0
2003 9 160664.0
2003 10 161252.0
2003 11 120936.0
2003 12 121857.0
2004 1 134420.0
2004 2 147033.0
2004 3 170794.0
2004 4 173423.0
2004 5 175225.0
2004 6 199674.0
2004 7 148678.0
2004 8 149438.0
2004 9 175551.0
2004 10 159867.0
2004 11 142368.0
2004 12 140356.0
2005 1 139348.0
2005 2 168001.0
2005 3 175456.0
2005 4 166822.0
2005 5 207298.0
2005 6 193542.0
2005 7 163119.0
2005 8 196334.0
2005 9 178978.0
2005 10 182150.0
2005 11 154534.0
2005 12 148832.0
2006 1 151454.0
2006 2 162514.0
2006 3 244297.0
2006 4 173301.0
2006 5 209603.0
2006 6 181997.0
2006 7 153427.0
2006 8 166002.0
2006 9 159977.0
2006 10 147748.0
2006 11 149961.0
2006 12 98757.0
2007 1 119220.0
2007 2 124134.0
2007 3 143126.0
2007 4 163626.0
2007 5 193167.0
2007 6 204082.0
2007 7 144367.0
2007 8 151736.0
2007 9 94324.0
2007 10 114666.0
2007 11 99468.0
2007 12 61999.0
2008 1 85923.0
2008 2 103988.0
2008 3 99779.0
2008 4 101753.0
2008 5 111671.0
2008 6 120097.0
2008 7 83419.0
2008 8 91324.0
2008 9 67058.0
2008 10 68335.0
2008 11 40839.0
2008 12 42853.0
2009 1 62619.0
2009 2 46953.0
2009 3 56345.0
2009 4 71567.0
2009 5 63360.0
2009 6 71106.0
2009 7 80983.0
2009 8 75435.0
2009 9 70872.0
2009 10 64567.0
2009 11 50329.0
2009 12 54572.0
2010 1 50870.0
2010 2 62384.0
2010 3 90511.0
2010 4 75794.0
2010 5 72539.0
2010 6 81285.0
2010 7 78004.0
2010 8 60563.0
2010 9 60783.0
2010 10 52665.0
2010 11 48207.0
2010 12 52165.0
2011 1 42200.0
2011 2 38051.0
2011 3 55161.0
2011 4 63452.0
2011 5 66454.0
2011 6 73436.0
2011 7 58217.0
2011 8 78584.0
2011 9 50820.0
2011 10 54851.0
2011 11 42793.0
2011 12 44713.0
2012 1 49823.0
2012 2 53720.0
2012 3 85523.0
2012 4 61383.0
2012 5 73755.0
2012 6 65676.0
2012 7 76361.0
2012 8 73847.0
2012 9 81813.0
2012 10 67337.0
2012 11 96976.0
2012 12 53120.0
2013 1 77792.0
2013 2 68035.0
2013 3 64946.0
2013 4 64830.0
2013 5 68030.0
2013 6 73563.0
2013 7 73025.0
2013 8 76887.0
2013 9 71514.0
2013 10 87598.0
2013 11 50533.0
2013 12 51708.0
2014 1 64243.0
2014 2 51092.0
2014 3 74034.0
2014 4 69595.0
2014 5 73150.0
2014 6 68406.0
2014 7 66888.0
2014 8 72390.0
2014 9 63363.0
2014 10 75083.0
2014 11 57361.0
2014 12 69591.0
2015 1 53124.0
2015 2 52677.0
2015 3 72608.0
2015 4 91834.0
2015 5 88992.0
2015 6 93595.0
2015 7 86179.0
2015 8 75089.0
2015 9 67037.0
2015 10 66392.0
2015 11 58388.0
2015 12 70462.0
2016 1 74356.0
2016 2 78693.0
2016 3 73848.0
2016 4 79380.0
2016 5 85671.0
2016 6 93098.0
2016 7 66405.0
2016 8 83170.0
2016 9 77419.0
2016 10 66391.0
2016 11 83513.0
2016 12 66128.0
2017 1 57831.0
2017 2 69168.0
2017 3 82798.0
2017 4 79298.0
2017 5 92215.0
2017 6 99231.0
2017 7 70994.0
2017 8 85134.0
2017 9 75425.0
2017 10 82362.0
2017 11 61440.0
2017 12 79261.0
2018 1 84119.0
2018 2 92796.0
2018 3 111181.0
2018 4 94524.0
2018 5 88842.0
2018 6 107795.0
2018 7 88014.0
2018 8 98765.0
2018 9 65697.0
2018 10 79791.0
2018 11 75245.0
2018 12 69893.0
2019 1 79696.0
2019 2 73857.0
2019 3 90109.0
2019 4 100705.0
2019 5 101349.0
2019 6 96003.0
2019 7 100391.0
2019 8 104457.0
2019 9 79080.0
2019 10 124057.0
2019 11 93328.0
2019 12 69174.0
2020 1 92662.0
2020 2 86394.0
2020 3 101731.0
2020 4 86487.0
2020 5 77220.0
2020 6 109936.0
2020 7 110948.0
2020 8 111854.0
2020 9 110699.0
2020 10 112719.0
2020 11 97542.0
2020 12 92270.0
2021 1 94478.0
2021 2 125967.0
2021 3 153662.0
2021 4 166674.0
2021 5 138897.0
2021 6 145822.0
2021 7 145950.0
2021 8 142678.0
2021 9 138348.0
2021 10 116844.0
2021 11 109395.0
2021 12 125777.0
2022 1 113338.0
2022 2 111763.0
2022 3 175611.0
2022 4 211883.0
2022 5 186048.0
2022 6 171244.0
2022 7 127282.0
2022 8 138432.0
2022 9 109055.0
2022 10 102797.0
2022 11 74223.0
2022 12 87196.0
2023 1 101780.0
2023 2 85068.0
2023 3 160183.0
2023 4 134691.0
2023 5 126698.0
2023 6 948055.0
2023 7 147458.0
2023 8 172508.0
2023 9 130007.0
2023 10 138259.0
2023 11 240020.0
2023 12 118213.0
2024 1 147133.0
2024 2 140848.0
2024 3 176433.0
2024 4 210873.0
2024 5 255971.0
2024 6 249865.0
2024 7 241351.0
2024 8 202303.0
