1960 5 38838.0
1960 6 39170.0
1960 7 35757.0
1960 8 36974.0
1960 9 31559.0
1960 10 36877.0
1960 11 29856.0
1960 12 20072.0
1961 1 12916.0
1961 2 15067.0
1961 3 29228.0
1961 4 31657.0
1961 5 40354.0
1961 6 39071.0
1961 7 39816.0
1961 8 36855.0
1961 9 32633.0
1961 10 42207.0
1961 11 34119.0
1961 12 26038.0
1962 1 18712.0
1962 2 19085.0
1962 3 32856.0
1962 4 42900.0
1962 5 46750.0
1962 6 44047.0
1962 7 45146.0
1962 8 33725.0
1962 9 34650.0
1962 10 40570.0
1962 11 34295.0
1962 12 25817.0
1963 1 19050.0
1963 2 18775.0
1963 3 36495.0
1963 4 47196.0
1963 5 55584.0
1963 6 38374.0
1963 7 38111.0
1963 8 33748.0
1963 9 40607.0
1963 10 49010.0
1963 11 29383.0
1963 12 33929.0
1964 1 18778.0
1964 2 20301.0
1964 3 43763.0
1964 4 54051.0
1964 5 49727.88888888889
1964 6 45404.77777777778
1964 7 41081.666666666664
1964 8 36758.555555555555
1964 9 32435.444444444445
1964 10 28112.333333333332
1964 11 23789.22222222222
1964 12 19466.11111111111
1965 1 15143.0
1965 2 17268.0
1965 3 53322.0
1965 4 59292.0
1965 5 44553.0
1965 6 56438.0
1965 7 43884.0
1965 8 40298.0
1965 9 45450.0
1965 10 41638.0
1965 11 43798.0
1965 12 35059.0
1966 1 26310.0
1966 2 21309.0
1966 3 47720.0
1966 4 52410.0
1966 5 40030.0
1966 6 38531.0
1966 7 39304.0
1966 8 34920.0
1966 9 26365.0
1966 10 23322.0
1966 11 21838.0
1966 12 17247.0
1967 1 22063.0
1967 2 16956.0
1967 3 28188.0
1967 4 33944.0
1967 5 36569.0
1967 6 39612.0
1967 7 36355.0
1967 8 33621.0
1967 9 37315.0
1967 10 36331.0
1967 11 32623.0
1967 12 22525.0
1968 1 15325.0
1968 2 21850.0
1968 3 29016.0
1968 4 54921.0
1968 5 52038.0
1968 6 51862.0
1968 7 44178.0
1968 8 49857.0
1968 9 43073.0
1968 10 59193.0
1968 11 42552.0
1968 12 32516.0
1969 1 26499.0
1969 2 26096.0
1969 3 57549.0
1969 4 58172.0
1969 5 66922.0
1969 6 52746.0
1969 7 66583.0
1969 8 50058.0
1969 9 42197.0
1969 10 45576.0
1969 11 37736.0
1969 12 35046.0
1970 1 16878.0
1970 2 21400.0
1970 3 43800.0
1970 4 58632.0
1970 5 51603.0
1970 6 74567.0
1970 7 51010.0
1970 8 44232.0
1970 9 45230.0
1970 10 56456.0
1970 11 83158.0
1970 12 48351.0
1971 1 16434.0
1971 2 20938.0
1971 3 72738.0
1971 4 72924.0
1971 5 66644.0
1971 6 94624.0
1971 7 80536.0
1971 8 84464.0
1971 9 88599.0
1971 10 77841.0
1971 11 70855.0
1971 12 82306.0
1972 1 44749.0
1972 2 53901.0
1972 3 75532.0
1972 4 90080.0
1972 5 83385.0
1972 6 101636.0
1972 7 87608.0
1972 8 104314.0
1972 9 81370.0
1972 10 103481.0
1972 11 117587.0
1972 12 70129.0
1973 1 62109.0
1973 2 40680.0
1973 3 96509.0
1973 4 91027.0
1973 5 112377.0
1973 6 91351.0
1973 7 93285.0
1973 8 125501.0
1973 9 82263.0
1973 10 75334.0
1973 11 71954.0
1973 12 39800.0
1974 1 37190.0
1974 2 32988.0
1974 3 68480.0
1974 4 70970.0
1974 5 70705.0
1974 6 58921.0
1974 7 58136.0
1974 8 63897.0
1974 9 54052.0
1974 10 49694.0
1974 11 28951.0
1974 12 26941.0
1975 1 24938.0
1975 2 23565.0
1975 3 43383.0
1975 4 51766.0
1975 5 62069.0
1975 6 57360.0
1975 7 53783.0
1975 8 46685.0
1975 9 58968.0
1975 10 55196.0
1975 11 50256.0
1975 12 45772.0
1976 1 23613.0
1976 2 28476.0
1976 3 67008.0
1976 4 65523.0
1976 5 61279.0
1976 6 68866.0
1976 7 72125.0
1976 8 75179.0
1976 9 87668.0
1976 10 78935.0
1976 11 73222.0
1976 12 100828.0
1977 1 21233.0
1977 2 21479.0
1977 3 85888.0
1977 4 18753.0
1977 5 104553.0
1977 6 22295.0
1977 7 97447.0
1977 8 118425.0
1977 9 94045.0
1977 10 110426.0
1977 11 84172.0
1977 12 73902.0
1978 1 43670.0
1978 2 24061.0
1978 3 87827.0
1978 4 103611.0
1978 5 109006.0
1978 6 108112.0
1978 7 112566.0
1978 8 112092.0
1978 9 102650.0
1978 10 109904.0
1978 11 127925.0
1978 12 109926.0
1979 1 60876.0
1979 2 63541.0
1979 3 96057.0
1979 4 101018.0
1979 5 121095.0
1979 6 139952.0
1979 7 108961.0
1979 8 107792.0
1979 9 122685.0
1979 10 118819.0
1979 11 139296.0
1979 12 80359.0
1980 1 44838.0
1980 2 41488.0
1980 3 62673.0
1980 4 66504.0
1980 5 50798.0
1980 6 92023.0
1980 7 99402.0
1980 8 102167.0
1980 9 109349.0
1980 10 136711.0
1980 11 106474.0
1980 12 92384.0
1981 1 43619.0
1981 2 42880.0
1981 3 74444.0
1981 4 92144.0
1981 5 117203.0
1981 6 109569.0
1981 7 140392.0
1981 8 111333.0
1981 9 77703.0
1981 10 88703.0
1981 11 105168.0
1981 12 76911.0
1982 1 25330.0
1982 2 37409.0
1982 3 91381.0
1982 4 72653.0
1982 5 82730.0
1982 6 102649.0
1982 7 78882.0
1982 8 99031.0
1982 9 110937.0
1982 10 141485.0
1982 11 118017.5
1982 12 94550.0
1983 1 55859.0
1983 2 140311.0
1983 3 104402.0
1983 4 134160.0
1983 5 160259.0
1983 6 196504.0
1983 7 190263.0
1983 8 204489.0
1983 9 185532.0
1983 10 163710.0
1983 11 139226.0
1983 12 170059.0
1984 1 64659.0
1984 2 94708.0
1984 3 143984.0
1984 4 179505.0
1984 5 262382.0
1984 6 247514.0
1984 7 176649.0
1984 8 221965.0
1984 9 226815.0
1984 10 247140.0
1984 11 254186.0
1984 12 174352.0
1985 1 159678.0
1985 2 189667.0
1985 3 209415.0
1985 4 264018.0
1985 5 288257.0
1985 6 310498.0
1985 7 284508.0
1985 8 277154.0
1985 9 275520.0
1985 10 340861.0
1985 11 244293.0
1985 12 315116.0
1986 1 170926.0
1986 2 138433.0
1986 3 225381.0
1986 4 371318.0
1986 5 343304.0
1986 6 347848.0
1986 7 340355.0
1986 8 315184.0
1986 9 464570.0
1986 10 355025.0
1986 11 253060.0
1986 12 291981.0
1987 1 184870.0
1987 2 177852.0
1987 3 297533.0
1987 4 293894.0
1987 5 323576.0
1987 6 368211.0
1987 7 340015.0
1987 8 290418.0
1987 9 284347.0
1987 10 325025.0
1987 11 260264.0
1987 12 242047.0
1988 1 164389.0
1988 2 147215.0
1988 3 334130.0
1988 4 290127.0
1988 5 335038.0
1988 6 323054.0
1988 7 261915.0
1988 8 297034.0
1988 9 239534.0
1988 10 260982.0
1988 11 190479.0
1988 12 159485.0
1989 1 166495.0
1989 2 141596.0
1989 3 183749.0
1989 4 217858.0
1989 5 217108.0
1989 6 220851.0
1989 7 158909.0
1989 8 254467.0
1989 9 200950.0
1989 10 192444.0
1989 11 154420.0
1989 12 228716.0
1990 1 143874.0
1990 2 95717.0
1990 3 153607.0
1990 4 138568.0
1990 5 147656.0
1990 6 130673.0
1990 7 107817.0
1990 8 113054.0
1990 9 102132.0
1990 10 104266.0
1990 11 91273.0
1990 12 78859.0
1991 1 64104.0
1991 2 54801.0
1991 3 75030.0
1991 4 129359.0
1991 5 111585.0
1991 6 118429.0
1991 7 106395.0
1991 8 127042.0
1991 9 109754.0
1991 10 148247.0
1991 11 135504.0
1991 12 118448.0
1992 1 99369.0
1992 2 90528.0
1992 3 121973.0
1992 4 115356.0
1992 5 118922.0
1992 6 108524.0
1992 7 117800.0
1992 8 95960.0
1992 9 117685.0
1992 10 103149.0
1992 11 100974.0
1992 12 110673.0
1993 1 42936.0
1993 2 93866.0
1993 3 110563.0
1993 4 120178.0
1993 5 129742.0
1993 6 144104.0
1993 7 138356.0
1993 8 138556.0
1993 9 172331.0
1993 10 188837.0
1993 11 176008.0
1993 12 144175.0
1994 1 101240.0
1994 2 94752.0
1994 3 188808.0
1994 4 191398.0
1994 5 221994.0
1994 6 254844.0
1994 7 269730.0
1994 8 213726.0
1994 9 198676.0
1994 10 185994.0
1994 11 216385.0
1994 12 180636.0
1995 1 115764.0
1995 2 97267.0
1995 3 150593.0
1995 4 151896.0
1995 5 181113.0
1995 6 179894.0
1995 7 151096.0
1995 8 200986.0
1995 9 172593.0
1995 10 178301.0
1995 11 133843.0
1995 12 135291.0
1996 1 91709.0
1996 2 106339.0
1996 3 155166.0
1996 4 187703.0
1996 5 190964.0
1996 6 181761.0
1996 7 194002.0
1996 8 189536.0
1996 9 183020.0
1996 10 219056.0
1996 11 187691.0
1996 12 170757.0
1997 1 132892.0
1997 2 126101.0
1997 3 170031.0
1997 4 195525.0
1997 5 194232.0
1997 6 212500.0
1997 7 209192.0
1997 8 190888.0
1997 9 202167.0
1997 10 203230.0
1997 11 178425.0
1997 12 205000.0
1998 1 174309.0
1998 2 160506.0
1998 3 205607.0
1998 4 234504.0
1998 5 199722.0
1998 6 264023.0
1998 7 263165.0
1998 8 228890.0
1998 9 246016.0
1998 10 273606.0
1998 11 224748.0
1998 12 228386.0
1999 1 182590.0
1999 2 181140.0
1999 3 246451.0
1999 4 271986.0
1999 5 260295.0
1999 6 304894.0
1999 7 261575.0
1999 8 304260.0
1999 9 245132.0
1999 10 249676.0
1999 11 240702.0
1999 12 238770.0
2000 1 248320.0
2000 2 180742.0
2000 3 271846.0
2000 4 241671.0
2000 5 289920.0
2000 6 285208.0
2000 7 245900.0
2000 8 247131.0
2000 9 261149.0
2000 10 285252.0
2000 11 272134.0
2000 12 212070.0
2001 1 205664.0
2001 2 174651.0
2001 3 234967.0
2001 4 212634.0
2001 5 263801.0
2001 6 231732.0
2001 7 277405.0
2001 8 260934.0
2001 9 244912.0
2001 10 246749.0
2001 11 256442.0
2001 12 222732.0
2002 1 206721.0
2002 2 198479.0
2002 3 208903.0
2002 4 276921.0
2002 5 308049.0
2002 6 289423.0
2002 7 306780.0
2002 8 253074.0
2002 9 311561.0
2002 10 319122.0
2002 11 257187.0
2002 12 235597.0
2003 1 222116.0
2003 2 182977.0
2003 3 255970.0
2003 4 265424.0
2003 5 301101.0
2003 6 291643.0
2003 7 305038.0
2003 8 315020.0
2003 9 302604.0
2003 10 401645.0
2003 11 280783.0
2003 12 280725.0
2004 1 214734.0
2004 2 202724.0
2004 3 402398.0
2004 4 373569.0
2004 5 344436.0
2004 6 375497.0
2004 7 351083.0
2004 8 369359.0
2004 9 351677.0
2004 10 329113.0
2004 11 340541.0
2004 12 382218.0
2005 1 389119.0
2005 2 277533.0
2005 3 356406.0
2005 4 363662.0
2005 5 378853.0
2005 6 516798.0
2005 7 355878.0
2005 8 502973.0
2005 9 405727.0
2005 10 395350.0
2005 11 378488.0
2005 12 352548.0
2006 1 326847.0
2006 2 303098.0
2006 3 404742.0
2006 4 321227.0
2006 5 377385.0
2006 6 410267.0
2006 7 370235.0
2006 8 332635.0
2006 9 439215.0
2006 10 309169.0
2006 11 335443.0
2006 12 307609.0
2007 1 273063.0
2007 2 216439.0
2007 3 276695.0
2007 4 289960.0
2007 5 295254.0
2007 6 341205.0
2007 7 287315.0
2007 8 421184.0
2007 9 250458.0
2007 10 294887.0
2007 11 252656.0
2007 12 258819.0
2008 1 221117.0
2008 2 183478.0
2008 3 278410.0
2008 4 249431.0
2008 5 277472.0
2008 6 413747.0
2008 7 216401.0
2008 8 191569.0
2008 9 208742.0
2008 10 195394.0
2008 11 146912.0
2008 12 137822.0
2009 1 111037.0
2009 2 111881.0
2009 3 119877.0
2009 4 128757.0
2009 5 155755.0
2009 6 137646.0
2009 7 137336.0
2009 8 143676.0
2009 9 189691.0
2009 10 170778.0
2009 11 166755.0
2009 12 197240.0
2010 1 143640.0
2010 2 112787.0
2010 3 148457.0
2010 4 185434.0
2010 5 146370.0
2010 6 176391.0
2010 7 174975.0
2010 8 166899.0
2010 9 188589.0
2010 10 207244.0
2010 11 157628.0
2010 12 191473.0
2011 1 148641.0
2011 2 112978.0
2011 3 240593.0
2011 4 132696.0
2011 5 150420.0
2011 6 213627.0
2011 7 117306.0
2011 8 176528.0
2011 9 165530.0
2011 10 163449.0
2011 11 184621.0
2011 12 177181.0
2012 1 141306.0
2012 2 148158.0
2012 3 175184.0
2012 4 201933.0
2012 5 201061.0
2012 6 293950.0
2012 7 298970.0
2012 8 180707.0
2012 9 188150.0
2012 10 233324.0
2012 11 167516.0
2012 12 203882.0
2013 1 222857.0
2013 2 146209.0
2013 3 204931.0
2013 4 258226.0
2013 5 405475.0
2013 6 266642.0
2013 7 262777.0
2013 8 338737.0
2013 9 231759.0
2013 10 310159.0
2013 11 260321.0
2013 12 265837.0
2014 1 208866.0
2014 2 238511.0
2014 3 303253.0
2014 4 268103.0
2014 5 294581.0
2014 6 342713.0
2014 7 602424.0
2014 8 264666.0
2014 9 401142.0
2014 10 275328.0
2014 11 249957.0
2014 12 284103.0
2015 1 285120.0
2015 2 177906.0
2015 3 266224.0
2015 4 432823.0
2015 5 460541.0
2015 6 617213.0
2015 7 279818.0
2015 8 347303.0
2015 9 286321.0
2015 10 305808.0
2015 11 292881.0
2015 12 399543.0
2016 1 196986.0
2016 2 465651.0
2016 3 279491.0
2016 4 333721.0
2016 5 253330.0
2016 6 395471.0
2016 7 248942.0
2016 8 405332.0
2016 9 255348.0
2016 10 258465.0
2016 11 246707.0
2016 12 323069.0
2017 1 312796.0
2017 2 345973.0
2017 3 233512.0
2017 4 221498.0
2017 5 299601.0
2017 6 315555.0
2017 7 401710.0
2017 8 362314.0
2017 9 326254.0
2017 10 422773.0
2017 11 413442.0
2017 12 326459.0
2018 1 234579.0
2018 2 399293.0
2018 3 282770.0
2018 4 232671.0
2018 5 411033.0
2018 6 791654.0
2018 7 273144.0
2018 8 318469.0
2018 9 275453.0
2018 10 365952.0
2018 11 305574.0
2018 12 244453.0
2019 1 233878.0
2019 2 206680.0
2019 3 313579.0
2019 4 299323.0
2019 5 414112.0
2019 6 319940.0
2019 7 316979.0
2019 8 409846.0
2019 9 544777.0
2019 10 677598.0
2019 11 418081.0
2019 12 479053.0
2020 1 380497.0
2020 2 278985.0
2020 3 340109.0
2020 4 157072.0
2020 5 260168.0
2020 6 330573.0
2020 7 462128.0
2020 8 304482.0
2020 9 391099.0
2020 10 452262.0
2020 11 424837.0
2020 12 455052.0
2021 1 435260.0
2021 2 273058.0
2021 3 388947.0
2021 4 441476.0
2021 5 385925.0
2021 6 377477.0
2021 7 412089.0
2021 8 452046.0
2021 9 377670.0
2021 10 402198.0
2021 11 456257.0
2021 12 518439.0
2022 1 381922.0
2022 2 365749.0
2022 3 560227.0
2022 4 516411.0
2022 5 333256.0
2022 6 689658.0
2022 7 624046.0
2022 8 365401.0
2022 9 406294.0
2022 10 286555.0
2022 11 409184.0
2022 12 426185.0
2023 1 316936.0
2023 2 282151.0
2023 3 424064.0
2023 4 365937.0
2023 5 549906.0
2023 6 401222.0
2023 7 374735.0
2023 8 519988.0
2023 9 350284.0
2023 10 477696.0
2023 11 348122.0
2023 12 454769.0
2024 1 560688.0
2024 2 619416.0
2024 3 492390.0
2024 4 461140.0
2024 5 430094.0
2024 6 481368.0
2024 7 452350.0
2024 8 587878.0
