1960 5 105839.0
1960 6 68186.0
1960 7 89791.0
1960 8 85351.0
1960 9 88639.0
1960 10 69621.0
1960 11 75451.0
1960 12 50454.0
1961 1 42728.0
1961 2 30220.0
1961 3 70662.0
1961 4 89358.0
1961 5 95755.0
1961 6 78841.0
1961 7 88103.0
1961 8 159544.0
1961 9 79904.0
1961 10 98451.0
1961 11 93093.0
1961 12 115477.0
1962 1 67444.0
1962 2 104319.0
1962 3 99088.0
1962 4 159429.0
1962 5 103258.0
1962 6 83100.0
1962 7 71734.0
1962 8 96788.0
1962 9 73628.0
1962 10 96275.0
1962 11 125595.0
1962 12 73539.0
1963 1 56459.0
1963 2 38991.0
1963 3 74716.0
1963 4 95254.0
1963 5 99663.0
1963 6 72063.0
1963 7 76116.0
1963 8 81897.0
1963 9 91513.0
1963 10 104657.0
1963 11 69386.0
1963 12 107892.0
1964 1 28925.0
1964 2 42258.0
1964 3 62748.0
1964 4 78788.0
1964 5 68312.0
1964 6 82178.0
1964 7 66154.0
1964 8 61406.0
1964 9 59240.0
1964 10 71846.0
1964 11 56902.0
1964 12 53575.0
1965 1 37300.0
1965 2 33116.0
1965 3 343776.0
1965 4 83912.0
1965 5 98150.0
1965 6 87443.0
1965 7 67331.0
1965 8 100386.0
1965 9 84469.0
1965 10 73185.0
1965 11 81513.0
1965 12 59058.0
1966 1 53660.0
1966 2 34067.0
1966 3 104184.0
1966 4 92215.0
1966 5 86912.0
1966 6 91196.0
1966 7 55468.0
1966 8 68186.0
1966 9 43788.0
1966 10 47289.0
1966 11 66959.0
1966 12 31943.0
1967 1 65434.0
1967 2 27193.0
1967 3 59757.0
1967 4 89584.0
1967 5 68510.0
1967 6 83187.0
1967 7 64678.0
1967 8 78075.0
1967 9 60966.0
1967 10 76026.0
1967 11 57706.0
1967 12 51518.0
1968 1 35291.0
1968 2 33667.0
1968 3 120314.0
1968 4 90266.0
1968 5 92186.0
1968 6 129144.0
1968 7 80103.0
1968 8 94039.0
1968 9 85114.0
1968 10 96861.0
1968 11 62607.0
1968 12 70797.0
1969 1 49212.0
1969 2 45773.0
1969 3 87581.0
1969 4 117151.0
1969 5 92202.0
1969 6 81530.0
1969 7 75788.0
1969 8 68287.0
1969 9 67491.0
1969 10 97944.0
1969 11 57433.0
1969 12 53549.0
1970 1 25437.0
1970 2 29605.0
1970 3 58084.0
1970 4 81757.0
1970 5 56882.0
1970 6 81187.0
1970 7 73750.0
1970 8 120368.0
1970 9 69080.0
1970 10 87979.0
1970 11 57305.0
1970 12 145547.0
1971 1 53872.0
1971 2 33135.0
1971 3 94444.0
1971 4 95160.0
1971 5 123157.0
1971 6 114850.0
1971 7 158219.0
1971 8 109814.0
1971 9 118719.0
1971 10 105187.0
1971 11 163320.0
1971 12 76267.0
1972 1 127016.0
1972 2 49650.0
1972 3 103519.0
1972 4 124107.0
1972 5 108528.0
1972 6 156865.0
1972 7 98230.0
1972 8 153706.0
1972 9 117984.0
1972 10 136003.0
1972 11 150938.0
1972 12 220160.0
1973 1 96424.0
1973 2 47350.0
1973 3 104991.0
1973 4 168042.0
1973 5 144030.0
1973 6 177170.0
1973 7 129367.0
1973 8 117162.0
1973 9 78324.0
1973 10 84410.0
1973 11 160727.0
1973 12 98198.0
1974 1 83133.0
1974 2 38329.0
1974 3 70102.0
1974 4 103936.0
1974 5 86067.0
1974 6 77341.0
1974 7 86579.0
1974 8 67915.0
1974 9 55288.0
1974 10 84945.0
1974 11 54306.0
1974 12 158928.0
1975 1 26643.0
1975 2 26269.0
1975 3 53932.0
1975 4 74615.0
1975 5 66847.0
1975 6 60028.0
1975 7 64614.0
1975 8 58282.0
1975 9 64066.0
1975 10 68160.0
1975 11 50932.0
1975 12 51093.0
1976 1 28835.0
1976 2 32430.0
1976 3 62958.0
1976 4 72738.0
1976 5 71180.0
1976 6 74581.0
1976 7 68556.0
1976 8 82274.0
1976 9 68831.0
1976 10 63219.0
1976 11 60733.0
1976 12 44277.0
1977 1 30296.0
1977 2 32545.0
1977 3 152538.0
1977 4 26488.0
1977 5 92647.0
1977 6 44724.0
1977 7 85265.0
1977 8 91020.0
1977 9 81593.0
1977 10 84356.0
1977 11 68333.0
1977 12 68701.0
1978 1 46732.0
1978 2 31245.0
1978 3 99040.0
1978 4 102440.0
1978 5 106772.0
1978 6 135656.0
1978 7 92766.0
1978 8 109018.0
1978 9 141805.0
1978 10 101080.0
1978 11 114311.0
1978 12 104872.0
1979 1 57956.0
1979 2 25296.0
1979 3 68589.0
1979 4 88988.0
1979 5 126035.0
1979 6 172593.0
1979 7 104291.0
1979 8 127177.0
1979 9 125374.0
1979 10 102926.0
1979 11 65982.0
1979 12 62199.0
1980 1 49470.0
1980 2 46180.0
1980 3 46280.0
1980 4 72862.0
1980 5 77119.0
1980 6 80516.0
1980 7 89165.0
1980 8 138382.0
1980 9 93520.0
1980 10 105849.0
1980 11 69636.0
1980 12 50019.0
1981 1 69472.0
1981 2 36028.0
1981 3 90425.0
1981 4 96823.0
1981 5 97703.0
1981 6 98240.0
1981 7 103535.0
1981 8 79486.0
1981 9 120250.0
1981 10 78438.0
1981 11 59807.0
1981 12 74994.0
1982 1 38666.0
1982 2 30369.0
1982 3 69134.0
1982 4 87461.0
1982 5 89077.0
1982 6 88753.0
1982 7 97982.0
1982 8 119532.0
1982 9 109279.0
1982 10 83684.0
1982 11 75367.5
1982 12 67051.0
1983 1 60380.0
1983 2 86655.0
1983 3 107403.0
1983 4 114701.0
1983 5 133069.0
1983 6 174360.0
1983 7 143101.0
1983 8 198682.0
1983 9 225750.0
1983 10 149890.0
1983 11 130164.0
1983 12 112336.0
1984 1 77695.0
1984 2 96761.0
1984 3 146771.0
1984 4 193648.0
1984 5 262766.0
1984 6 209861.0
1984 7 161593.0
1984 8 217962.0
1984 9 372022.0
1984 10 208076.0
1984 11 168600.0
1984 12 214952.0
1985 1 152838.0
1985 2 371469.0
1985 3 199721.0
1985 4 264549.0
1985 5 315127.0
1985 6 326872.0
1985 7 283066.0
1985 8 363044.0
1985 9 304288.0
1985 10 400754.0
1985 11 252019.0
1985 12 220731.0
1986 1 166810.0
1986 2 128951.0
1986 3 273221.0
1986 4 347426.0
1986 5 341400.0
1986 6 339055.0
1986 7 396262.0
1986 8 313384.0
1986 9 503295.0
1986 10 308696.0
1986 11 253956.0
1986 12 292159.0
1987 1 232050.0
1987 2 173830.0
1987 3 418508.0
1987 4 410439.0
1987 5 478113.0
1987 6 470632.0
1987 7 445165.0
1987 8 349330.0
1987 9 369782.0
1987 10 351552.0
1987 11 286271.0
1987 12 267455.0
1988 1 181981.0
1988 2 164257.0
1988 3 338704.0
1988 4 385453.0
1988 5 401534.0
1988 6 424769.0
1988 7 352309.0
1988 8 325641.0
1988 9 313299.0
1988 10 404772.0
1988 11 282082.0
1988 12 257942.0
1989 1 268750.0
1989 2 158215.0
1989 3 343920.0
1989 4 376052.0
1989 5 366900.0
1989 6 399539.0
1989 7 307802.0
1989 8 340080.0
1989 9 278705.0
1989 10 345063.0
1989 11 230437.0
1989 12 220628.0
1990 1 175168.0
1990 2 147371.0
1990 3 224096.0
1990 4 231175.0
1990 5 294757.0
1990 6 356479.0
1990 7 230392.0
1990 8 270108.0
1990 9 209157.0
1990 10 232429.0
1990 11 169739.0
1990 12 153012.0
1991 1 162011.0
1991 2 100644.0
1991 3 150749.0
1991 4 239123.0
1991 5 281212.0
1991 6 267289.0
1991 7 260893.0
1991 8 261139.0
1991 9 200856.0
1991 10 253198.0
1991 11 177195.0
1991 12 150030.0
1992 1 145258.0
1992 2 139426.0
1992 3 200347.0
1992 4 242255.0
1992 5 246341.0
1992 6 293547.0
1992 7 278481.0
1992 8 251880.0
1992 9 237994.0
1992 10 221943.0
1992 11 198682.0
1992 12 192315.0
1993 1 147335.0
1993 2 117926.0
1993 3 169601.0
1993 4 224662.0
1993 5 260720.0
1993 6 271213.0
1993 7 278472.0
1993 8 253408.0
1993 9 255487.0
1993 10 250208.0
1993 11 225932.0
1993 12 277487.0
1994 1 89425.0
1994 2 96918.0
1994 3 194180.0
1994 4 264267.0
1994 5 299801.0
1994 6 303325.0
1994 7 277861.0
1994 8 303342.0
1994 9 258587.0
1994 10 259169.0
1994 11 200980.0
1994 12 246753.0
1995 1 135509.0
1995 2 106879.0
1995 3 232148.0
1995 4 240911.0
1995 5 262289.0
1995 6 271877.0
1995 7 222366.0
1995 8 246634.0
1995 9 238388.0
1995 10 263052.0
1995 11 239207.0
1995 12 203369.0
1996 1 134734.0
1996 2 137895.0
1996 3 218010.0
1996 4 293376.0
1996 5 341969.0
1996 6 294520.0
1996 7 319353.0
1996 8 334617.0
1996 9 267224.0
1996 10 280893.0
1996 11 237546.0
1996 12 218409.0
1997 1 166698.0
1997 2 162244.0
1997 3 210367.0
1997 4 272746.0
1997 5 284098.0
1997 6 313312.0
1997 7 327906.0
1997 8 274768.0
1997 9 313125.0
1997 10 277993.0
1997 11 230108.0
1997 12 272616.0
1998 1 194211.0
1998 2 202153.0
1998 3 270851.0
1998 4 308565.0
1998 5 318804.0
1998 6 429674.0
1998 7 357392.0
1998 8 341451.0
1998 9 349058.0
1998 10 386359.0
1998 11 302830.0
1998 12 298130.0
1999 1 244341.0
1999 2 234405.0
1999 3 346900.0
1999 4 391734.0
1999 5 375907.0
1999 6 460569.0
1999 7 408484.0
1999 8 392793.0
1999 9 361904.0
1999 10 328134.0
1999 11 378589.0
1999 12 324120.0
2000 1 235101.0
2000 2 286866.0
2000 3 379330.0
2000 4 462061.0
2000 5 420906.0
2000 6 469157.0
2000 7 409032.0
2000 8 425547.0
2000 9 461809.0
2000 10 409723.0
2000 11 401959.0
2000 12 332010.0
2001 1 232974.0
2001 2 332584.0
2001 3 416556.0
2001 4 466569.0
2001 5 513015.0
2001 6 496246.0
2001 7 489883.0
2001 8 512741.0
2001 9 400438.0
2001 10 472332.0
2001 11 453302.0
2001 12 396862.0
2002 1 339505.0
2002 2 373034.0
2002 3 390162.0
2002 4 525656.0
2002 5 631918.0
2002 6 588064.0
2002 7 606437.0
2002 8 524504.0
2002 9 518917.0
2002 10 502730.0
2002 11 417783.0
2002 12 491621.0
2003 1 319508.0
2003 2 322183.0
2003 3 412788.0
2003 4 506642.0
2003 5 647226.0
2003 6 569703.0
2003 7 540336.0
2003 8 609579.0
2003 9 523980.0
2003 10 577980.0
2003 11 460000.0
2003 12 529428.0
2004 1 330939.0
2004 2 356633.0
2004 3 511653.0
2004 4 579914.0
2004 5 688035.0
2004 6 780199.0
2004 7 741844.0
2004 8 671388.0
2004 9 589563.0
2004 10 619258.0
2004 11 625412.0
2004 12 568224.0
2005 1 361731.0
2005 2 382866.0
2005 3 474296.0
2005 4 711712.0
2005 5 718172.0
2005 6 890736.0
2005 7 641463.0
2005 8 674339.0
2005 9 723275.0
2005 10 560033.0
2005 11 659744.0
2005 12 580545.0
2006 1 502160.0
2006 2 450110.0
2006 3 649325.0
2006 4 573512.0
2006 5 683809.0
2006 6 719751.0
2006 7 598599.0
2006 8 713554.0
2006 9 565442.0
2006 10 593158.0
2006 11 419226.0
2006 12 521620.0
2007 1 451186.0
2007 2 331933.0
2007 3 646037.0
2007 4 606096.0
2007 5 587653.0
2007 6 769369.0
2007 7 728677.0
2007 8 610674.0
2007 9 583133.0
2007 10 810928.0
2007 11 484167.0
2007 12 519373.0
2008 1 381425.0
2008 2 325032.0
2008 3 299140.0
2008 4 480545.0
2008 5 738330.0
2008 6 1987604.0
2008 7 600500.0
2008 8 435562.0
2008 9 428061.0
2008 10 309563.0
2008 11 217504.0
2008 12 212499.0
2009 1 160793.0
2009 2 117435.0
2009 3 185938.0
2009 4 247359.0
2009 5 235789.0
2009 6 366429.0
2009 7 271208.0
2009 8 267962.0
2009 9 287572.0
2009 10 265698.0
2009 11 247021.0
2009 12 244866.0
2010 1 146314.0
2010 2 202472.0
2010 3 265791.0
2010 4 244907.0
2010 5 263411.0
2010 6 452471.0
2010 7 276013.0
2010 8 264241.0
2010 9 264861.0
2010 10 262065.0
2010 11 226623.0
2010 12 398880.0
2011 1 209730.0
2011 2 175199.0
2011 3 206937.0
2011 4 221126.0
2011 5 351395.0
2011 6 396860.0
2011 7 225203.0
2011 8 267133.0
2011 9 255940.0
2011 10 246525.0
2011 11 252066.0
2011 12 210431.0
2012 1 193922.0
2012 2 191568.0
2012 3 243866.0
2012 4 361933.0
2012 5 356968.0
2012 6 317920.0
2012 7 331511.0
2012 8 353677.0
2012 9 318041.0
2012 10 364112.0
2012 11 273775.0
2012 12 271866.0
2013 1 289470.0
2013 2 213115.0
2013 3 252034.0
2013 4 385163.0
2013 5 377269.0
2013 6 537665.0
2013 7 371717.0
2013 8 510113.0
2013 9 387444.0
2013 10 468013.0
2013 11 359103.0
2013 12 510368.0
2014 1 233887.0
2014 2 296078.0
2014 3 532968.0
2014 4 477853.0
2014 5 468180.0
2014 6 467978.0
2014 7 520562.0
2014 8 393995.0
2014 9 548324.0
2014 10 395951.0
2014 11 410219.0
2014 12 397785.0
2015 1 347083.0
2015 2 225895.0
2015 3 593609.0
2015 4 1098030.0
2015 5 2074680.0
2015 6 2719525.0
2015 7 616238.0
2015 8 488342.0
2015 9 467028.0
2015 10 554164.0
2015 11 552661.0
2015 12 1289148.0
2016 1 218304.0
2016 2 306174.0
2016 3 346371.0
2016 4 415726.0
2016 5 514780.0
2016 6 744404.0
2016 7 530218.0
2016 8 591305.0
2016 9 752235.0
2016 10 514415.0
2016 11 514256.0
2016 12 540291.0
2017 1 746920.0
2017 2 327729.0
2017 3 641863.0
2017 4 689411.0
2017 5 533923.0
2017 6 574381.0
2017 7 544899.0
2017 8 595808.0
2017 9 630232.0
2017 10 571823.0
2017 11 525094.0
2017 12 673667.0
2018 1 422808.0
2018 2 424286.0
2018 3 614658.0
2018 4 470575.0
2018 5 769300.0
2018 6 718239.0
2018 7 677402.0
2018 8 494675.0
2018 9 434852.0
2018 10 552278.0
2018 11 599195.0
2018 12 514546.0
2019 1 634391.0
2019 2 467885.0
2019 3 479793.0
2019 4 643327.0
2019 5 498014.0
2019 6 613004.0
2019 7 628719.0
2019 8 641759.0
2019 9 495243.0
2019 10 674266.0
2019 11 857307.0
2019 12 744197.0
2020 1 754471.0
2020 2 410971.0
2020 3 377546.0
2020 4 198874.0
2020 5 354572.0
2020 6 657097.0
2020 7 677510.0
2020 8 485621.0
2020 9 642181.0
2020 10 648163.0
2020 11 661379.0
2020 12 695911.0
2021 1 652103.0
2021 2 509180.0
2021 3 598118.0
2021 4 593678.0
2021 5 712631.0
2021 6 884140.0
2021 7 554464.0
2021 8 854738.0
2021 9 530036.0
2021 10 565537.0
2021 11 741820.0
2021 12 648482.0
2022 1 569611.0
2022 2 537206.0
2022 3 945472.0
2022 4 746601.0
2022 5 671729.0
2022 6 900101.0
2022 7 696760.0
2022 8 868935.0
2022 9 590324.0
2022 10 504473.0
2022 11 450242.0
2022 12 519420.0
2023 1 318091.0
2023 2 402148.0
2023 3 752667.0
2023 4 531617.0
2023 5 590849.0
2023 6 569553.0
2023 7 458820.0
2023 8 671041.0
2023 9 384524.0
2023 10 520120.0
2023 11 444602.0
2023 12 368177.0
2024 1 714144.0
2024 2 1158472.0
2024 3 803412.0
2024 4 851615.0
2024 5 689972.0
2024 6 728201.0
2024 7 848394.0
2024 8 739481.0
