1960 5 74.0
1960 6 153.0
1960 7 32.0
1960 8 226.0
1960 9 264.0
1960 10 50.0
1960 11 155.0
1960 12 67.0
1961 1 71.0
1961 2 175.0
1961 3 128.0
1961 4 9.0
1961 5 78.0
1961 6 47.0
1961 7 56.0
1961 8 14.0
1961 9 32.0
1961 10 89.0
1961 11 136.0
1961 12 183.0
1962 1 76.0
1962 2 66.0
1962 3 82.0
1962 4 15.0
1962 5 36.0
1962 6 256.0
1962 7 201.0
1962 8 253.0
1962 9 307.0
1962 10 895.0
1962 11 430.0
1962 12 230.0
1963 1 513.0
1963 2 599.0
1963 3 118.0
1963 4 478.0
1963 5 227.0
1963 6 101.0
1963 7 291.0
1963 8 316.0
1963 9 476.0
1963 10 393.0
1963 11 215.0
1963 12 619.0
1964 1 548.0
1964 2 75.0
1964 3 789.0
1964 4 473.0
1964 5 401.0
1964 6 251.0
1964 7 213.0
1964 8 124.0
1964 9 383.0
1964 10 42.0
1964 11 38.0
1964 12 72.0
1965 1 534.0
1965 2 140.0
1965 3 115.0
1965 4 113.0
1965 5 50.0
1965 6 44.0
1965 7 132.0
1965 8 75.0
1965 9 63.0
1965 10 162.0
1965 11 153.0
1965 12 46.0
1966 1 54.0
1966 2 80.0
1966 3 71.0
1966 4 179.0
1966 5 57.0
1966 6 31.0
1966 7 75.0
1966 8 25.0
1966 9 21.5
1966 10 18.0
1966 11 58.0
1966 12 42.5
1967 1 27.0
1967 2 98.0
1967 3 38.0
1967 4 15.0
1967 5 36.0
1967 6 87.0
1967 7 132.0
1967 8 21.0
1967 9 57.0
1967 10 32.0
1967 11 87.0
1967 12 73.5
1968 1 60.0
1968 2 97.0
1968 3 53.0
1968 4 48.5
1968 5 44.0
1968 6 12.0
1968 7 240.0
1968 8 238.0
1968 9 59.0
1968 10 113.0
1968 11 84.0
1968 12 44.0
1969 1 278.0
1969 2 62.0
1969 3 252.0
1969 4 28.0
1969 5 115.0
1969 6 77.5
1969 7 40.0
1969 8 25.0
1969 9 144.0
1969 10 38.0
1969 11 54.0
1969 12 56.666666666666664
1970 1 59.333333333333336
1970 2 62.0
1970 3 32.0
1970 4 202.0
1970 5 175.0
1970 6 363.0
1970 7 229.0
1970 8 95.0
1970 9 370.0
1970 10 183.0
1970 11 20.0
1970 12 314.0
1971 1 12.0
1971 2 551.0
1971 3 545.0
1971 4 619.0
1971 5 338.0
1971 6 410.0
1971 7 1184.0
1971 8 624.0
1971 9 192.0
1971 10 743.0
1971 11 83.0
1971 12 1827.0
1972 1 842.0
1972 2 931.0
1972 3 944.0
1972 4 624.0
1972 5 439.0
1972 6 709.0
1972 7 842.0
1972 8 1019.0
1972 9 718.0
1972 10 434.0
1972 11 296.0
1972 12 573.0
1973 1 380.0
1973 2 550.0
1973 3 459.0
1973 4 285.0
1973 5 406.0
1973 6 893.0
1973 7 352.0
1973 8 391.0
1973 9 116.0
1973 10 236.0
1973 11 819.0
1973 12 221.0
1974 1 99.0
1974 2 420.0
1974 3 1012.0
1974 4 384.0
1974 5 246.0
1974 6 1594.0
1974 7 257.0
1974 8 201.0
1974 9 145.0
1974 10 68.0
1974 11 100.0
1974 12 1464.0
1975 1 375.0
1975 2 219.0
1975 3 225.0
1975 4 415.0
1975 5 207.0
1975 6 101.0
1975 7 195.0
1975 8 1632.0
1975 9 257.0
1975 10 276.0
1975 11 731.0
1975 12 443.0
1976 1 618.0
1976 2 503.0
1976 3 625.0
1976 4 505.0
1976 5 48.0
1976 6 1819.0
1976 7 166.0
1976 8 945.0
1976 9 479.0
1976 10 587.0
1976 11 684.0
1976 12 536.0
1977 1 1053.0
1977 2 778.0
1977 3 1557.0
1977 4 3645.0
1977 5 1036.0
1977 6 5781.0
1977 7 1040.0
1977 8 1616.0
1977 9 1145.0
1977 10 1532.0
1977 11 1582.0
1977 12 1594.0
1978 1 655.0
1978 2 882.0
1978 3 3800.0
1978 4 2288.0
1978 5 2485.0
1978 6 3487.0
1978 7 2769.0
1978 8 2102.0
1978 9 2129.0
1978 10 2409.0
1978 11 1565.0
1978 12 2183.0
1979 1 2199.0
1979 2 3143.0
1979 3 3243.0
1979 4 2702.0
1979 5 1523.0
1979 6 4821.0
1979 7 2951.0
1979 8 3290.0
1979 9 4335.0
1979 10 2401.0
1979 11 3071.0
1979 12 1252.0
1980 1 1249.0
1980 2 707.0
1980 3 1286.0
1980 4 3339.0
1980 5 1495.0
1980 6 2390.0
1980 7 1655.0
1980 8 1466.0
1980 9 3470.0
1980 10 2350.0
1980 11 2210.0
1980 12 1706.0
1981 1 2183.0
1981 2 1684.0
1981 3 3589.0
1981 4 4229.0
1981 5 1996.0
1981 6 2730.0
1981 7 2268.0
1981 8 1099.0
1981 9 524.0
1981 10 1908.0
1981 11 1892.0
1981 12 1025.0
1982 1 846.0
1982 2 2029.0
1982 3 889.0
1982 4 1122.0
1982 5 1935.0
1982 6 1628.0
1982 7 1100.0
1982 8 1798.0
1982 9 115.0
1982 10 349.0
1982 11 821.0
1982 12 1293.0
1983 1 1269.0
1983 2 948.0
1983 3 537.0
1983 4 508.0
1983 5 2683.0
1983 6 616.0
1983 7 1728.0
1983 8 1340.0
1983 9 2201.0
1983 10 686.0
1983 11 1081.0
1983 12 1573.0
1984 1 1823.0
1984 2 1257.0
1984 3 5520.0
1984 4 1299.0
1984 5 2528.0
1984 6 1685.0
1984 7 1352.0
1984 8 2113.0
1984 9 630.0
1984 10 1225.0
1984 11 708.0
1984 12 589.0
1985 1 2134.0
1985 2 1028.0
1985 3 889.0
1985 4 937.0
1985 5 2074.0
1985 6 800.0
1985 7 1053.0
1985 8 920.0
1985 9 318.0
1985 10 1354.0
1985 11 282.0
1985 12 336.0
1986 1 522.0
1986 2 975.0
1986 3 625.0
1986 4 1049.0
1986 5 1951.0
1986 6 710.0
1986 7 653.0
1986 8 843.0
1986 9 448.0
1986 10 756.0
1986 11 107.0
1986 12 327.0
1987 1 956.0
1987 2 712.0
1987 3 856.0
1987 4 708.0
1987 5 110.0
1987 6 548.0
1987 7 1163.0
1987 8 292.0
1987 9 751.0
1987 10 498.0
1987 11 936.0
1987 12 359.0
1988 1 145.0
1988 2 49.0
1988 3 377.0
1988 4 529.0
1988 5 187.0
1988 6 140.0
1988 7 109.0
1988 8 445.0
1988 9 781.0
1988 10 207.0
1988 11 407.0
1988 12 607.0
1989 1 120.0
1989 2 948.5
1989 3 1777.0
1989 4 428.0
1989 5 1368.0
1989 6 1586.0
1989 7 147.0
1989 8 1161.5
1989 9 2176.0
1989 10 787.0
1989 11 664.0
1989 12 25.0
1990 1 100.0
1990 2 300.0
1990 3 350.0
1990 4 7629.0
1990 5 291.0
1990 6 696.0
1990 7 545.0
1990 8 5247.0
1990 9 150.0
1990 10 33.0
1990 11 73.0
1990 12 1400.0
1991 1 423.0
1991 2 277.0
1991 3 202.0
1991 4 207.0
1991 5 80.0
1991 6 738.0
1991 7 1376.5
1991 8 2015.0
1991 9 825.0
1991 10 344.0
1991 11 605.0
1991 12 738.0
1992 1 60.0
1992 2 104.0
1992 3 319.33333333333337
1992 4 534.6666666666667
1992 5 750.0
1992 6 205.0
1992 7 93.0
1992 8 202.0
1992 9 264.0
1992 10 372.0
1992 11 647.0
1992 12 126.0
1993 1 694.0
1993 2 597.0
1993 3 500.0
1993 4 572.5
1993 5 645.0
1993 6 373.0
1993 7 352.0
1993 8 331.0
1993 9 520.5
1993 10 710.0
1993 11 116.0
1993 12 888.5
1994 1 1661.0
1994 2 5245.0
1994 3 484.0
1994 4 435.0
1994 5 318.0
1994 6 513.0
1994 7 375.0
1994 8 87.0
1994 9 337.0
1994 10 361.0
1994 11 1217.0
1994 12 456.0
1995 1 761.0
1995 2 560.0
1995 3 739.0
1995 4 408.0
1995 5 244.0
1995 6 388.0
1995 7 549.0
1995 8 466.0
1995 9 133.0
1995 10 250.0
1995 11 195.0
1995 12 226.0
1996 1 69.0
1996 2 167.0
1996 3 250.0
1996 4 1069.0
1996 5 165.0
1996 6 522.0
1996 7 599.0
1996 8 1183.0
1996 9 188.0
1996 10 282.0
1996 11 309.0
1996 12 561.0
1997 1 412.0
1997 2 1085.0
1997 3 299.0
1997 4 380.0
1997 5 598.0
1997 6 134.0
1997 7 1135.0
1997 8 227.0
1997 9 1336.0
1997 10 261.0
1997 11 286.0
1997 12 433.0
1998 1 60.0
1998 2 4424.0
1998 3 297.0
1998 4 154.0
1998 5 1058.0
1998 6 789.0
1998 7 546.0
1998 8 522.0
1998 9 186.0
1998 10 259.0
1998 11 321.0
1998 12 339.0
1999 1 434.0
1999 2 433.0
1999 3 142.0
1999 4 3549.0
1999 5 391.0
1999 6 281.0
1999 7 4503.0
1999 8 1093.0
1999 9 687.0
1999 10 587.0
1999 11 139.0
1999 12 866.0
2000 1 216.0
2000 2 379.5
2000 3 543.0
2000 4 422.0
2000 5 1004.0
2000 6 457.0
2000 7 287.0
2000 8 209.0
2000 9 756.0
2000 10 1078.5
2000 11 1401.0
2000 12 1003.0
2001 1 605.0
2001 2 207.0
2001 3 122.0
2001 4 428.0
2001 5 734.0
2001 6 1069.0
2001 7 634.5
2001 8 200.0
2001 9 115.0
2001 10 696.5
2001 11 1278.0
2001 12 456.0
2002 1 433.0
2002 2 174.0
2002 3 1955.0
2002 4 230.0
2002 5 532.0
2002 6 135.0
2002 7 493.0
2002 8 1152.0
2002 9 351.0
2002 10 1510.0
2002 11 1375.0
2002 12 774.0
2003 1 1184.0
2003 2 1594.0
2003 3 3254.0
2003 4 826.0
2003 5 649.0
2003 6 938.0
2003 7 549.0
2003 8 549.0
2003 9 397.0
2003 10 1539.0
2003 11 392.0
2003 12 1810.0
2004 1 1019.0
2004 2 1107.0
2004 3 1195.0
2004 4 514.0
2004 5 1015.0
2004 6 3117.0
2004 7 227.0
2004 8 132.0
2004 9 518.0
2004 10 1267.0
2004 11 2102.0
2004 12 4542.0
2005 1 4571.0
2005 2 87.0
2005 3 1300.0
2005 4 1055.0
2005 5 223.0
2005 6 644.0
2005 7 1115.0
2005 8 642.0
2005 9 466.0
2005 10 2027.0
2005 11 881.0
2005 12 1002.0
2006 1 2372.0
2006 2 659.0
2006 3 1028.0
2006 4 1831.0
2006 5 520.0
2006 6 825.0
2006 7 3405.0
2006 8 1012.0
2006 9 784.0
2006 10 2221.0
2006 11 356.0
2006 12 407.0
2007 1 483.0
2007 2 434.0
2007 3 336.0
2007 4 436.0
2007 5 2900.0
2007 6 2700.0
2007 7 1665.0
2007 8 2005.0
2007 9 2218.0
2007 10 2431.0
2007 11 13994.0
2007 12 261.0
2008 1 705.0
2008 2 3244.0
2008 3 1129.0
2008 4 2455.0
2008 5 1263.0
2008 6 1273.0
2008 7 1740.0
2008 8 1838.0
2008 9 1074.0
2008 10 1872.0
2008 11 1058.0
2008 12 120.0
2009 1 422.0
2009 2 472.0
2009 3 1706.0
2009 4 732.0
2009 5 543.0
2009 6 787.0
2009 7 752.0
2009 8 541.0
2009 9 330.0
2009 10 381.5
2009 11 433.0
2009 12 484.5
2010 1 536.0
2010 2 422.0
2010 3 1693.0
2010 4 253.0
2010 5 422.0
2010 6 422.0
2010 7 422.0
2010 8 422.0
2010 9 253.0
2010 10 422.0
2010 11 253.0
2010 12 422.0
2011 1 253.0
2011 2 435.33333333333337
2011 3 617.6666666666667
2011 4 800.0
2011 5 422.0
2011 6 788.0
2011 7 190.0
2011 8 17961.0
2011 9 1606.0
2011 10 3733.0
2011 11 422.0
2011 12 825.0
2012 1 731.0
2012 2 1549.0
2012 3 422.0
2012 4 2193.0
2012 5 1082.0
2012 6 670.0
2012 7 2182.0
2012 8 3253.0
2012 9 642.0
2012 10 2767.0
2012 11 705.0
2012 12 563.0
2013 1 2078.0
2013 2 3716.0
2013 3 493.0
2013 4 671.0
2013 5 587.0
2013 6 1289.0
2013 7 873.0
2013 8 1456.0
2013 9 1299.0
2013 10 1176.0
2013 11 335.0
2013 12 1026.0
2014 1 914.0
2014 2 1959.0
2014 3 2130.0
2014 4 252.0
2014 5 335.0
2014 6 1403.0
2014 7 1264.0
2014 8 1730.0
2014 9 1066.0
2014 10 671.0
2014 11 1150.0
2014 12 618.0
2015 1 503.0
2015 2 1568.0
2015 3 1009.0
2015 4 870.0
2015 5 1149.0
2015 6 1205.0
2015 7 5354.0
2015 8 2834.0
2015 9 314.0
2015 10 350.0
2015 11 386.0
2015 12 375.8
2016 1 365.6
2016 2 355.4
2016 3 345.2
2016 4 335.0
2016 5 1149.0
2016 6 1619.0
2016 7 977.0
2016 8 335.0
2016 9 1545.0
2016 10 1037.5
2016 11 530.0
2016 12 463.0
2017 1 607.0
2017 2 797.0
2017 3 314.0
2017 4 178.0
2017 5 283.0
2017 6 262.0
2017 7 252.0
2017 8 204.5
2017 9 157.0
2017 10 176.0
2017 11 195.0
2017 12 214.0
2018 1 233.0
2018 2 252.0
2018 3 79.0
2018 4 394.0
2018 5 423.5
2018 6 453.0
2018 7 383.5
2018 8 314.0
2018 9 1586.0
2018 10 283.0
2018 11 252.0
2018 12 338.0
2019 1 587.0
2019 2 936.5
2019 3 1286.0
2019 4 771.5
2019 5 257.0
2019 6 231.33333333333334
2019 7 205.66666666666666
2019 8 180.0
2019 9 348.0
2019 10 348.0
2019 11 348.0
2019 12 192.0
2020 1 348.0
2020 2 257.0
2020 3 290.5
2020 4 324.0
2020 5 324.0
2020 6 324.0
2020 7 856.0
2020 8 324.0
2020 9 632.0
2020 10 1024.0
2020 11 324.0
2020 12 286.0
2021 1 248.0
2021 2 259.0
2021 3 1301.0
2021 4 2343.0
2021 5 220.0
2021 6 3369.6666666666665
2021 7 6519.333333333333
2021 8 9669.0
2021 9 188.0
2021 10 394.0
2021 11 175.0
2021 12 206.0
2022 1 237.0
2022 2 437.0
2022 3 637.0
2022 4 692.6666666666666
2022 5 748.3333333333334
2022 6 804.0
2022 7 1176.0
2022 8 596.0
2022 9 16.0
2022 10 138.66666666666669
2022 11 261.33333333333337
2022 12 384.0
2023 1 120.0
2023 2 484.5
2023 3 849.0
2023 4 3069.0
2023 5 522.0
2023 6 3278.0
2023 7 488.0
2023 8 5797.0
2023 9 1767.0
2023 10 668.0
2023 11 100.0
2023 12 3528.0
2024 1 5633.0
2024 2 5272.0
2024 3 3257.0
2024 4 1207.0
2024 5 425.0
2024 6 4623.0
2024 7 5803.0
2024 8 4988.0
