1960 5 46721.0
1960 6 46001.0
1960 7 40352.0
1960 8 46266.0
1960 9 41614.0
1960 10 38863.0
1960 11 36543.0
1960 12 23858.0
1961 1 16405.0
1961 2 13279.0
1961 3 36610.0
1961 4 42409.0
1961 5 47542.0
1961 6 52642.0
1961 7 38320.0
1961 8 44785.0
1961 9 42642.0
1961 10 46721.0
1961 11 41094.0
1961 12 29661.0
1962 1 27215.0
1962 2 22007.0
1962 3 40186.0
1962 4 50230.0
1962 5 51109.0
1962 6 45867.0
1962 7 44665.0
1962 8 44545.0
1962 9 40210.0
1962 10 45579.0
1962 11 36774.0
1962 12 27223.0
1963 1 29494.0
1963 2 16071.0
1963 3 33484.0
1963 4 48308.0
1963 5 53244.0
1963 6 46958.0
1963 7 49070.0
1963 8 45484.0
1963 9 39944.0
1963 10 54283.0
1963 11 34208.0
1963 12 28025.0
1964 1 17848.0
1964 2 22640.0
1964 3 45122.0
1964 4 53436.0
1964 5 53665.0
1964 6 50408.0
1964 7 47841.0
1964 8 44745.0
1964 9 46228.0
1964 10 53475.0
1964 11 43218.0
1964 12 30881.0
1965 1 22315.0
1965 2 22708.0
1965 3 306181.0
1965 4 63247.0
1965 5 55310.0
1965 6 56378.0
1965 7 49255.0
1965 8 49816.0
1965 9 44944.0
1965 10 55604.0
1965 11 42605.0
1965 12 33282.0
1966 1 26449.0
1966 2 19238.0
1966 3 58795.0
1966 4 58799.0
1966 5 54506.0
1966 6 48633.0
1966 7 38516.0
1966 8 38614.0
1966 9 34023.0
1966 10 35157.0
1966 11 26019.0
1966 12 23398.0
1967 1 22516.0
1967 2 20311.0
1967 3 35431.0
1967 4 40398.0
1967 5 48797.0
1967 6 51286.0
1967 7 45243.0
1967 8 47880.0
1967 9 39995.0
1967 10 46699.0
1967 11 36545.0
1967 12 30418.0
1968 1 23180.0
1968 2 19574.0
1968 3 42044.0
1968 4 52112.0
1968 5 62185.0
1968 6 55901.0
1968 7 55801.0
1968 8 57607.0
1968 9 58178.0
1968 10 59044.0
1968 11 47330.0
1968 12 37378.0
1969 1 29988.0
1969 2 26131.0
1969 3 44916.0
1969 4 61584.0
1969 5 64037.0
1969 6 53128.0
1969 7 45506.0
1969 8 48936.0
1969 9 45568.0
1969 10 45329.0
1969 11 35036.0
1969 12 33418.0
1970 1 13237.0
1970 2 17560.0
1970 3 36034.0
1970 4 49578.0
1970 5 38362.0
1970 6 47542.0
1970 7 43064.0
1970 8 37618.0
1970 9 40466.0
1970 10 46682.0
1970 11 33984.0
1970 12 31864.0
1971 1 18224.0
1971 2 14765.0
1971 3 49259.0
1971 4 65091.0
1971 5 60092.0
1971 6 71166.0
1971 7 63001.0
1971 8 57050.0
1971 9 55667.0
1971 10 53058.0
1971 11 54539.0
1971 12 37081.0
1972 1 29887.0
1972 2 28176.0
1972 3 59995.0
1972 4 66457.0
1972 5 76085.0
1972 6 71741.0
1972 7 62011.0
1972 8 70746.0
1972 9 56841.0
1972 10 66935.0
1972 11 52154.0
1972 12 47615.0
1973 1 40450.0
1973 2 33252.0
1973 3 66734.0
1973 4 72892.0
1973 5 81666.0
1973 6 72789.0
1973 7 71960.0
1973 8 70602.0
1973 9 61450.0
1973 10 60199.0
1973 11 47611.0
1973 12 34190.0
1974 1 32285.0
1974 2 28708.0
1974 3 58364.0
1974 4 64070.0
1974 5 63926.0
1974 6 63156.0
1974 7 60161.0
1974 8 52180.0
1974 9 41256.0
1974 10 43569.0
1974 11 37578.0
1974 12 23290.0
1975 1 22531.0
1975 2 23474.0
1975 3 41558.0
1975 4 51219.0
1975 5 56035.0
1975 6 48908.0
1975 7 54621.0
1975 8 48194.0
1975 9 49617.0
1975 10 56560.0
1975 11 41315.0
1975 12 33308.0
1976 1 21847.0
1976 2 26999.0
1976 3 55568.0
1976 4 60724.0
1976 5 61426.0
1976 6 66284.0
1976 7 63107.0
1976 8 66395.0
1976 9 56147.0
1976 10 55812.0
1976 11 51203.0
1976 12 39698.0
1977 1 17153.0
1977 2 29885.0
1977 3 112063.0
1977 4 22976.0
1977 5 72479.0
1977 6 34097.0
1977 7 67777.0
1977 8 74675.0
1977 9 67576.0
1977 10 56033.0
1977 11 59519.0
1977 12 39064.0
1978 1 24309.0
1978 2 22549.0
1978 3 53535.0
1978 4 73427.0
1978 5 82954.0
1978 6 94849.0
1978 7 76334.0
1978 8 81138.0
1978 9 75687.0
1978 10 76227.0
1978 11 78495.0
1978 12 76912.0
1979 1 28630.0
1979 2 18991.0
1979 3 54159.0
1979 4 78878.0
1979 5 87876.0
1979 6 95330.0
1979 7 91210.0
1979 8 82239.0
1979 9 77876.0
1979 10 70878.0
1979 11 56718.0
1979 12 42578.0
1980 1 37509.0
1980 2 29961.0
1980 3 37452.0
1980 4 48501.0
1980 5 52034.0
1980 6 54012.0
1980 7 61876.0
1980 8 59430.0
1980 9 65816.0
1980 10 68076.0
1980 11 48455.0
1980 12 40485.0
1981 1 25780.0
1981 2 29235.0
1981 3 58132.0
1981 4 80407.0
1981 5 73039.0
1981 6 74311.0
1981 7 77533.0
1981 8 63306.0
1981 9 60880.0
1981 10 50349.0
1981 11 45707.0
1981 12 36990.0
1982 1 18606.0
1982 2 20965.0
1982 3 42610.0
1982 4 65504.0
1982 5 68118.0
1982 6 59020.0
1982 7 54919.0
1982 8 59322.0
1982 9 63991.0
1982 10 61447.0
1982 11 54425.5
1982 12 47404.0
1983 1 34888.0
1983 2 31507.0
1983 3 77417.0
1983 4 90426.0
1983 5 112865.0
1983 6 124323.0
1983 7 107187.0
1983 8 120076.0
1983 9 115747.0
1983 10 119844.0
1983 11 95534.0
1983 12 82453.0
1984 1 54328.0
1984 2 63500.0
1984 3 101339.0
1984 4 152692.0
1984 5 170102.0
1984 6 155183.0
1984 7 140028.0
1984 8 153020.0
1984 9 121846.0
1984 10 151879.0
1984 11 122365.0
1984 12 130369.0
1985 1 84936.0
1985 2 90999.0
1985 3 163970.0
1985 4 213358.0
1985 5 235756.0
1985 6 214918.0
1985 7 217065.0
1985 8 226732.0
1985 9 186009.0
1985 10 230086.0
1985 11 184029.0
1985 12 134628.0
1986 1 109082.0
1986 2 92769.0
1986 3 205171.0
1986 4 290265.0
1986 5 295402.0
1986 6 273248.0
1986 7 333381.0
1986 8 265087.0
1986 9 275185.0
1986 10 244699.0
1986 11 202280.0
1986 12 214510.0
1987 1 138624.0
1987 2 130392.0
1987 3 299738.0
1987 4 340405.0
1987 5 306845.0
1987 6 346165.0
1987 7 319104.0
1987 8 263884.0
1987 9 288664.0
1987 10 289294.0
1987 11 240160.0
1987 12 223466.0
1988 1 117968.0
1988 2 134534.0
1988 3 293538.0
1988 4 297742.0
1988 5 318606.0
1988 6 365356.0
1988 7 284738.0
1988 8 276549.0
1988 9 242757.0
1988 10 308567.0
1988 11 238120.0
1988 12 200418.0
1989 1 156804.0
1989 2 136346.0
1989 3 235620.0
1989 4 313447.0
1989 5 320462.0
1989 6 318355.0
1989 7 240500.0
1989 8 244117.0
1989 9 216826.0
1989 10 234985.0
1989 11 199377.0
1989 12 144711.0
1990 1 145892.0
1990 2 117236.0
1990 3 196076.0
1990 4 197182.0
1990 5 239324.0
1990 6 228829.0
1990 7 197120.0
1990 8 189332.0
1990 9 173156.0
1990 10 208020.0
1990 11 145240.0
1990 12 107955.0
1991 1 79076.0
1991 2 71669.0
1991 3 135593.0
1991 4 213589.0
1991 5 256983.0
1991 6 225065.0
1991 7 218823.0
1991 8 235979.0
1991 9 174276.0
1991 10 218577.0
1991 11 155764.0
1991 12 132169.0
1992 1 121447.0
1992 2 116041.0
1992 3 185905.0
1992 4 223693.0
1992 5 225552.0
1992 6 237023.0
1992 7 250234.0
1992 8 225650.0
1992 9 210867.0
1992 10 204689.0
1992 11 177212.0
1992 12 172935.0
1993 1 121478.0
1993 2 103555.0
1993 3 152825.0
1993 4 213243.0
1993 5 240428.0
1993 6 253379.0
1993 7 253133.0
1993 8 235797.0
1993 9 221302.0
1993 10 220772.0
1993 11 183196.0
1993 12 187811.0
1994 1 82901.0
1994 2 87738.0
1994 3 163039.0
1994 4 224616.0
1994 5 257931.0
1994 6 261189.0
1994 7 255068.0
1994 8 249759.0
1994 9 219408.0
1994 10 215561.0
1994 11 179517.0
1994 12 184478.0
1995 1 120459.0
1995 2 90736.0
1995 3 177753.0
1995 4 204083.0
1995 5 227510.0
1995 6 237607.0
1995 7 200646.0
1995 8 220312.0
1995 9 209484.0
1995 10 213360.0
1995 11 177107.0
1995 12 170278.0
1996 1 96066.0
1996 2 121707.0
1996 3 176571.0
1996 4 227161.0
1996 5 267381.0
1996 6 221984.0
1996 7 255360.0
1996 8 230985.0
1996 9 217773.0
1996 10 205670.0
1996 11 196358.0
1996 12 153836.0
1997 1 122293.0
1997 2 101665.0
1997 3 161924.0
1997 4 234344.0
1997 5 253579.0
1997 6 239373.0
1997 7 262927.0
1997 8 223026.0
1997 9 246177.0
1997 10 246993.0
1997 11 163074.0
1997 12 183689.0
1998 1 149806.0
1998 2 153436.0
1998 3 220029.0
1998 4 283963.0
1998 5 271082.0
1998 6 317564.0
1998 7 259003.0
1998 8 253850.0
1998 9 271449.0
1998 10 269982.0
1998 11 218291.0
1998 12 226261.0
1999 1 170425.0
1999 2 195423.0
1999 3 244939.0
1999 4 328827.0
1999 5 313861.0
1999 6 342088.0
1999 7 344180.0
1999 8 301242.0
1999 9 270416.0
1999 10 277383.0
1999 11 283448.0
1999 12 219815.0
2000 1 181220.0
2000 2 195449.0
2000 3 298888.0
2000 4 322665.0
2000 5 322828.0
2000 6 338372.0
2000 7 307116.0
2000 8 317591.0
2000 9 285847.0
2000 10 331839.0
2000 11 268045.0
2000 12 238790.0
2001 1 195702.0
2001 2 162233.0
2001 3 296213.0
2001 4 340685.0
2001 5 396047.0
2001 6 368550.0
2001 7 343346.0
2001 8 357039.0
2001 9 311217.0
2001 10 355759.0
2001 11 284732.0
2001 12 265571.0
2002 1 242972.0
2002 2 236955.0
2002 3 288255.0
2002 4 404542.0
2002 5 413232.0
2002 6 398144.0
2002 7 391516.0
2002 8 356573.0
2002 9 352451.0
2002 10 355841.0
2002 11 301660.0
2002 12 327512.0
2003 1 227050.0
2003 2 187350.0
2003 3 252733.0
2003 4 356293.0
2003 5 402289.0
2003 6 412296.0
2003 7 393911.0
2003 8 357785.0
2003 9 380967.0
2003 10 397877.0
2003 11 315291.0
2003 12 315437.0
2004 1 223275.0
2004 2 233025.0
2004 3 380633.0
2004 4 410337.0
2004 5 439700.0
2004 6 425648.0
2004 7 428697.0
2004 8 470229.0
2004 9 394543.0
2004 10 389404.0
2004 11 359398.0
2004 12 375338.0
2005 1 218872.0
2005 2 213975.0
2005 3 278727.0
2005 4 414130.0
2005 5 454017.0
2005 6 518745.0
2005 7 461490.0
2005 8 451435.0
2005 9 514060.0
2005 10 396665.0
2005 11 372618.0
2005 12 313352.0
2006 1 269056.0
2006 2 247324.0
2006 3 377020.0
2006 4 385449.0
2006 5 429715.0
2006 6 417425.0
2006 7 372294.0
2006 8 359477.0
2006 9 331300.0
2006 10 362188.0
2006 11 269068.0
2006 12 264334.0
2007 1 216441.0
2007 2 168211.0
2007 3 372309.0
2007 4 344103.0
2007 5 379518.0
2007 6 325943.0
2007 7 379665.0
2007 8 359658.0
2007 9 277425.0
2007 10 371307.0
2007 11 254708.0
2007 12 187010.0
2008 1 189748.0
2008 2 179468.0
2008 3 185203.0
2008 4 249606.0
2008 5 296259.0
2008 6 280813.0
2008 7 299629.0
2008 8 324620.0
2008 9 239785.0
2008 10 219144.0
2008 11 159430.0
2008 12 138280.0
2009 1 111403.0
2009 2 87241.0
2009 3 135475.0
2009 4 178057.0
2009 5 189789.0
2009 6 219176.0
2009 7 203469.0
2009 8 208270.0
2009 9 235777.0
2009 10 230206.0
2009 11 148492.0
2009 12 153369.0
2010 1 117389.0
2010 2 164583.0
2010 3 201424.0
2010 4 186656.0
2010 5 192865.0
2010 6 217414.0
2010 7 186586.0
2010 8 199721.0
2010 9 186457.0
2010 10 184194.0
2010 11 194864.0
2010 12 183993.0
2011 1 109948.0
2011 2 86484.0
2011 3 137152.0
2011 4 159872.0
2011 5 179886.0
2011 6 172544.0
2011 7 154325.0
2011 8 142116.0
2011 9 203344.0
2011 10 167950.0
2011 11 156608.0
2011 12 113817.0
2012 1 102886.0
2012 2 109186.0
2012 3 170088.0
2012 4 198901.0
2012 5 220650.0
2012 6 186326.0
2012 7 185265.0
2012 8 210058.0
2012 9 169652.0
2012 10 192172.0
2012 11 164090.0
2012 12 148000.0
2013 1 127333.0
2013 2 124763.0
2013 3 168061.0
2013 4 221950.0
2013 5 238692.0
2013 6 217027.0
2013 7 206433.0
2013 8 207363.0
2013 9 231794.0
2013 10 282496.0
2013 11 184790.0
2013 12 186284.0
2014 1 162467.0
2014 2 151088.0
2014 3 220984.0
2014 4 236948.0
2014 5 260508.0
2014 6 299517.0
2014 7 258467.0
2014 8 205795.0
2014 9 256515.0
2014 10 256506.0
2014 11 205883.0
2014 12 188359.0
2015 1 164668.0
2015 2 108481.0
2015 3 197374.0
2015 4 290794.0
2015 5 287407.0
2015 6 289496.0
2015 7 291879.0
2015 8 284219.0
2015 9 302890.0
2015 10 310681.0
2015 11 230216.0
2015 12 226008.0
2016 1 146249.0
2016 2 168516.0
2016 3 212175.0
2016 4 267681.0
2016 5 307618.0
2016 6 354135.0
2016 7 283431.0
2016 8 300209.0
2016 9 352565.0
2016 10 323680.0
2016 11 260584.0
2016 12 167211.0
2017 1 209916.0
2017 2 163251.0
2017 3 243386.0
2017 4 274153.0
2017 5 287258.0
2017 6 288490.0
2017 7 240317.0
2017 8 298973.0
2017 9 413597.0
2017 10 292872.0
2017 11 300055.0
2017 12 178316.0
2018 1 180465.0
2018 2 213596.0
2018 3 205803.0
2018 4 279878.0
2018 5 318231.0
2018 6 295511.0
2018 7 296919.0
2018 8 267002.0
2018 9 276288.0
2018 10 310479.0
2018 11 232941.0
2018 12 160750.0
2019 1 177656.0
2019 2 184167.0
2019 3 219871.0
2019 4 259054.0
2019 5 285797.0
2019 6 254667.0
2019 7 283100.0
2019 8 254561.0
2019 9 232920.0
2019 10 247241.0
2019 11 235538.0
2019 12 228505.0
2020 1 188210.0
2020 2 194216.0
2020 3 206314.0
2020 4 117356.0
2020 5 186095.0
2020 6 320103.0
2020 7 347198.0
2020 8 239211.0
2020 9 316582.0
2020 10 295133.0
2020 11 314562.0
2020 12 335161.0
2021 1 258075.0
2021 2 207337.0
2021 3 386031.0
2021 4 361528.0
2021 5 307943.0
2021 6 405702.0
2021 7 266146.0
2021 8 360547.0
2021 9 326942.0
2021 10 333981.0
2021 11 275785.0
2021 12 293967.0
2022 1 237587.0
2022 2 257919.0
2022 3 336636.0
2022 4 346453.0
2022 5 383234.0
2022 6 326603.0
2022 7 337676.0
2022 8 379098.0
2022 9 363569.0
2022 10 310388.0
2022 11 286375.0
2022 12 269440.0
2023 1 234144.0
2023 2 225269.0
2023 3 316806.0
2023 4 344573.0
2023 5 334678.0
2023 6 389555.0
2023 7 273162.0
2023 8 365187.0
2023 9 310949.0
2023 10 335873.0
2023 11 320872.0
2023 12 247657.0
2024 1 290951.0
2024 2 278200.0
2024 3 291222.0
2024 4 377732.0
2024 5 423518.0
2024 6 346159.0
2024 7 357508.0
2024 8 384083.0
