1960 5 49409.0
1960 6 13157.0
1960 7 42954.0
1960 8 32024.0
1960 9 42133.0
1960 10 26118.0
1960 11 33621.0
1960 12 22677.0
1961 1 24173.0
1961 2 13914.0
1961 3 27038.0
1961 4 39621.0
1961 5 39007.0
1961 6 18462.0
1961 7 43631.0
1961 8 106376.0
1961 9 27666.0
1961 10 43070.0
1961 11 45606.0
1961 12 82155.0
1962 1 32161.0
1962 2 73368.0
1962 3 51258.0
1962 4 98647.0
1962 5 44627.0
1962 6 31834.0
1962 7 20827.0
1962 8 46489.0
1962 9 28224.0
1962 10 42534.0
1962 11 82420.0
1962 12 40623.0
1963 1 22435.0
1963 2 17753.0
1963 3 32737.0
1963 4 38129.0
1963 5 36455.0
1963 6 19772.0
1963 7 22600.0
1963 8 30506.0
1963 9 45936.0
1963 10 42421.0
1963 11 29303.0
1963 12 74794.0
1964 1 6571.0
1964 2 11736.0
1964 3 11341.0
1964 4 19428.0
1964 5 7984.0
1964 6 25393.0
1964 7 13013.0
1964 8 11446.0
1964 9 6977.0
1964 10 12471.0
1964 11 8545.0
1964 12 18739.0
1965 1 10978.0
1965 2 6717.0
1965 3 31004.0
1965 4 13215.0
1965 5 35181.0
1965 6 22020.0
1965 7 12488.0
1965 8 46238.0
1965 9 33426.0
1965 10 11492.0
1965 11 32723.0
1965 12 20948.0
1966 1 24456.0
1966 2 11732.0
1966 3 36792.0
1966 4 23784.0
1966 5 27484.0
1966 6 35397.0
1966 7 12344.0
1966 8 22485.0
1966 9 5294.0
1966 10 8314.0
1966 11 36427.0
1966 12 5989.0
1967 1 39098.0
1967 2 3675.0
1967 3 18062.0
1967 4 40351.0
1967 5 13136.0
1967 6 25071.0
1967 7 14128.0
1967 8 22189.0
1967 9 14329.0
1967 10 21543.0
1967 11 14902.0
1967 12 15606.0
1968 1 6782.0
1968 2 9627.0
1968 3 72120.0
1968 4 30606.0
1968 5 23255.0
1968 6 66177.0
1968 7 18376.0
1968 8 28489.0
1968 9 20446.0
1968 10 29687.0
1968 11 10504.0
1968 12 27333.0
1969 1 14988.0
1969 2 16183.0
1969 3 36362.0
1969 4 45859.0
1969 5 21320.0
1969 6 21831.0
1969 7 24570.0
1969 8 14261.0
1969 9 17220.0
1969 10 46942.0
1969 11 18327.0
1969 12 15104.0
1970 1 10209.0
1970 2 8305.0
1970 3 18136.0
1970 4 27675.0
1970 5 13582.0
1970 6 28005.0
1970 7 25471.0
1970 8 78741.0
1970 9 24604.0
1970 10 32878.0
1970 11 18594.0
1970 12 110137.0
1971 1 32536.0
1971 2 16703.0
1971 3 37550.0
1971 4 23474.0
1971 5 55601.0
1971 6 37012.0
1971 7 86912.0
1971 8 47544.0
1971 9 55996.0
1971 10 45251.0
1971 11 100249.0
1971 12 32957.0
1972 1 94081.0
1972 2 17257.0
1972 3 37280.0
1972 4 45352.0
1972 5 25476.0
1972 6 71170.0
1972 7 28953.0
1972 8 76570.0
1972 9 52145.0
1972 10 60392.0
1972 11 92267.0
1972 12 164726.0
1973 1 52260.0
1973 2 9485.0
1973 3 28945.0
1973 4 87031.0
1973 5 50297.0
1973 6 95732.0
1973 7 49683.0
1973 8 38369.0
1973 9 9405.0
1973 10 17565.0
1973 11 106625.0
1973 12 60201.0
1974 1 48257.0
1974 2 6469.0
1974 3 7013.0
1974 4 32678.0
1974 5 16691.0
1974 6 9933.0
1974 7 22647.0
1974 8 10669.0
1974 9 11216.0
1974 10 38454.0
1974 11 14024.0
1974 12 132875.0
1975 1 1542.0
1975 2 1168.0
1975 3 9954.0
1975 4 12134.0
1975 5 8480.0
1975 6 6296.0
1975 7 6187.0
1975 8 4739.0
1975 9 10467.0
1975 10 8459.0
1975 11 6413.0
1975 12 13393.0
1976 1 3069.0
1976 2 803.0
1976 3 1671.0
1976 4 7202.0
1976 5 5455.0
1976 6 4604.0
1976 7 627.0
1976 8 11766.0
1976 9 8567.0
1976 10 4144.0
1976 11 4142.0
1976 12 2520.0
1977 1 10388.0
1977 2 525.0
1977 3 33186.0
1977 4 1525.0
1977 5 15964.0
1977 6 9385.0
1977 7 13321.0
1977 8 11578.0
1977 9 10182.0
1977 10 24466.0
1977 11 6805.0
1977 12 26533.0
1978 1 21004.0
1978 2 7330.0
1978 3 34363.0
1978 4 25527.0
1978 5 17486.0
1978 6 31359.0
1978 7 11972.0
1978 8 21270.0
1978 9 60215.0
1978 10 20229.0
1978 11 29819.0
1978 12 24400.0
1979 1 23475.0
1979 2 6148.0
1979 3 9923.0
1979 4 4334.0
1979 5 33127.0
1979 6 73899.0
1979 7 8595.0
1979 8 35720.0
1979 9 43564.0
1979 10 25734.0
1979 11 7027.0
1979 12 17585.0
1980 1 8265.0
1980 2 13210.0
1980 3 5085.0
1980 4 20476.0
1980 5 21037.0
1980 6 22366.0
1980 7 23547.0
1980 8 75270.0
1980 9 20744.0
1980 10 32865.0
1980 11 16574.0
1980 12 4149.0
1981 1 40183.0
1981 2 4706.0
1981 3 29266.0
1981 4 12701.0
1981 5 17899.0
1981 6 11390.0
1981 7 13440.0
1981 8 12087.0
1981 9 56538.0
1981 10 21445.0
1981 11 11429.0
1981 12 35130.0
1982 1 18912.0
1982 2 7926.0
1982 3 22184.0
1982 4 17917.0
1982 5 15537.0
1982 6 23369.0
1982 7 40712.0
1982 8 54260.0
1982 9 38676.0
1982 10 16858.0
1982 11 15363.0
1982 12 13868.0
1983 1 22428.0
1983 2 53245.0
1983 3 24764.0
1983 4 10032.0
1983 5 12159.0
1983 6 36569.0
1983 7 26470.0
1983 8 64661.0
1983 9 92139.0
1983 10 20782.0
1983 11 24963.0
1983 12 24666.0
1984 1 20538.0
1984 2 28391.0
1984 3 33303.0
1984 4 19296.0
1984 5 81601.0
1984 6 39890.0
1984 7 11335.0
1984 8 54431.0
1984 9 228663.0
1984 10 41219.0
1984 11 30266.0
1984 12 73912.0
1985 1 55719.0
1985 2 269256.0
1985 3 18126.0
1985 4 31383.0
1985 5 69731.0
1985 6 92324.0
1985 7 46869.0
1985 8 105198.0
1985 9 103967.0
1985 10 154580.0
1985 11 47598.0
1985 12 75074.0
1986 1 44866.0
1986 2 20236.0
1986 3 53746.0
1986 4 35967.0
1986 5 25619.0
1986 6 36419.0
1986 7 37136.0
1986 8 29446.0
1986 9 200619.0
1986 10 25434.0
1986 11 27605.0
1986 12 59047.0
1987 1 80218.0
1987 2 23930.0
1987 3 96749.0
1987 4 44260.0
1987 5 146476.0
1987 6 91351.0
1987 7 105560.0
1987 8 53743.0
1987 9 59608.0
1987 10 39679.0
1987 11 25849.0
1987 12 29279.0
1988 1 52719.0
1988 2 21285.0
1988 3 26015.0
1988 4 66700.0
1988 5 56625.0
1988 6 37922.0
1988 7 40707.0
1988 8 23763.0
1988 9 43358.0
1988 10 73349.0
1988 11 13418.0
1988 12 30979.0
1989 1 95427.0
1989 2 5701.0
1989 3 84085.0
1989 4 39096.0
1989 5 28121.0
1989 6 41018.0
1989 7 51180.0
1989 8 80826.0
1989 9 41913.0
1989 10 78964.0
1989 11 16245.0
1989 12 55992.0
1990 1 10483.0
1990 2 16797.0
1990 3 15539.0
1990 4 18083.0
1990 5 16775.0
1990 6 110714.0
1990 7 8185.0
1990 8 61786.0
1990 9 20071.0
1990 10 15305.0
1990 11 12769.0
1990 12 37120.0
1991 1 75159.0
1991 2 13279.0
1991 3 4582.0
1991 4 5830.0
1991 5 8070.0
1991 6 14706.0
1991 7 26762.0
1991 8 8858.0
1991 9 16587.0
1991 10 25635.0
1991 11 5821.0
1991 12 2333.0
1992 1 4602.0
1992 2 6899.0
1992 3 4191.0
1992 4 11227.0
1992 5 4616.0
1992 6 41218.0
1992 7 21219.0
1992 8 10913.0
1992 9 9651.0
1992 10 8516.0
1992 11 11335.0
1992 12 4651.0
1993 1 9753.0
1993 2 4824.0
1993 3 8098.0
1993 4 5112.0
1993 5 10968.0
1993 6 4126.0
1993 7 6684.0
1993 8 6863.0
1993 9 10817.0
1993 10 8985.0
1993 11 14103.0
1993 12 70810.0
1994 1 375.0
1994 2 4652.0
1994 3 16605.0
1994 4 22433.0
1994 5 22371.0
1994 6 24384.0
1994 7 9957.0
1994 8 28254.0
1994 9 24596.0
1994 10 29660.0
1994 11 7007.0
1994 12 36185.0
1995 1 1549.0
1995 2 5157.0
1995 3 28693.0
1995 4 13734.0
1995 5 16922.0
1995 6 22819.0
1995 7 13570.0
1995 8 7822.0
1995 9 9518.0
1995 10 29866.0
1995 11 36894.0
1995 12 11917.0
1996 1 12934.0
1996 2 5331.0
1996 3 23946.0
1996 4 33318.0
1996 5 54370.0
1996 6 43983.0
1996 7 38171.0
1996 8 94116.0
1996 9 34741.0
1996 10 47700.0
1996 11 23691.0
1996 12 51483.0
1997 1 32593.0
1997 2 50974.0
1997 3 33845.0
1997 4 22752.0
1997 5 16257.0
1997 6 54814.0
1997 7 39114.0
1997 8 31872.0
1997 9 54578.0
1997 10 9544.0
1997 11 56699.0
1997 12 66203.0
1998 1 28583.0
1998 2 27816.0
1998 3 28212.0
1998 4 4767.0
1998 5 29836.0
1998 6 79021.0
1998 7 69593.0
1998 8 51840.0
1998 9 60875.0
1998 10 97202.0
1998 11 57022.0
1998 12 42613.0
1999 1 43758.0
1999 2 13305.0
1999 3 70595.0
1999 4 33867.0
1999 5 37995.0
1999 6 94352.0
1999 7 26746.0
1999 8 55833.0
1999 9 60078.0
1999 10 31813.0
1999 11 57276.0
1999 12 75524.0
2000 1 33285.0
2000 2 68909.0
2000 3 50805.0
2000 4 100627.0
2000 5 57846.0
2000 6 75494.0
2000 7 70012.0
2000 8 64183.0
2000 9 134729.0
2000 10 45290.0
2000 11 98934.0
2000 12 61373.0
2001 1 19626.0
2001 2 139201.0
2001 3 84373.0
2001 4 57429.0
2001 5 51765.0
2001 6 58037.0
2001 7 94428.0
2001 8 77012.0
2001 9 55252.0
2001 10 48794.0
2001 11 103958.0
2001 12 76035.0
2002 1 43690.0
2002 2 98204.0
2002 3 46009.0
2002 4 74349.0
2002 5 163081.0
2002 6 119876.0
2002 7 137583.0
2002 8 82630.0
2002 9 92619.0
2002 10 59314.0
2002 11 60525.0
2002 12 97777.0
2003 1 38048.0
2003 2 61245.0
2003 3 83541.0
2003 4 74423.0
2003 5 166125.0
2003 6 74534.0
2003 7 66617.0
2003 8 180499.0
2003 9 69017.0
2003 10 89473.0
2003 11 53988.0
2003 12 159757.0
2004 1 51610.0
2004 2 69558.0
2004 3 57025.0
2004 4 90449.0
2004 5 148442.0
2004 6 228408.0
2004 7 177998.0
2004 8 104075.0
2004 9 114114.0
2004 10 126190.0
2004 11 184885.0
2004 12 123357.0
2005 1 92486.0
2005 2 121834.0
2005 3 125349.0
2005 4 214437.0
2005 5 177914.0
2005 6 287150.0
2005 7 109149.0
2005 8 133195.0
2005 9 132706.0
2005 10 84283.0
2005 11 203447.0
2005 12 189102.0
2006 1 167385.0
2006 2 139723.0
2006 3 192552.0
2006 4 123442.0
2006 5 143303.0
2006 6 180257.0
2006 7 146785.0
2006 8 244832.0
2006 9 146032.0
2006 10 159333.0
2006 11 90394.0
2006 12 203058.0
2007 1 175645.0
2007 2 114132.0
2007 3 198262.0
2007 4 177334.0
2007 5 148036.0
2007 6 380835.0
2007 7 271905.0
2007 8 201056.0
2007 9 262728.0
2007 10 401902.0
2007 11 178746.0
2007 12 279483.0
2008 1 164857.0
2008 2 115882.0
2008 3 77138.0
2008 4 201252.0
2008 5 420665.0
2008 6 1668822.0
2008 7 265498.0
2008 8 88114.0
2008 9 160992.0
2008 10 69250.0
2008 11 51770.0
2008 12 63946.0
2009 1 39772.0
2009 2 19006.0
2009 3 35237.0
2009 4 54450.0
2009 5 27977.0
2009 6 124292.0
2009 7 53766.0
2009 8 43988.0
2009 9 35249.0
2009 10 28250.0
2009 11 84949.0
2009 12 80376.0
2010 1 15369.0
2010 2 26435.0
2010 3 51720.0
2010 4 43630.0
2010 5 56261.0
2010 6 206792.0
2010 7 65950.0
2010 8 46539.0
2010 9 42429.0
2010 10 57287.0
2010 11 20392.0
2010 12 191938.0
2011 1 59969.0
2011 2 81888.0
2011 3 55999.0
2011 4 43131.0
2011 5 153005.0
2011 6 203447.0
2011 7 33824.0
2011 8 81132.0
2011 9 44175.0
2011 10 64268.0
2011 11 79392.0
2011 12 86706.0
2012 1 84509.0
2012 2 72738.0
2012 3 61991.0
2012 4 153711.0
2012 5 122247.0
2012 6 109185.0
2012 7 125576.0
2012 8 122907.0
2012 9 126855.0
2012 10 156781.0
2012 11 89308.0
2012 12 109680.0
2013 1 151676.0
2013 2 76181.0
2013 3 56890.0
2013 4 149449.0
2013 5 117942.0
2013 6 300102.0
2013 7 147454.0
2013 8 286810.0
2013 9 136031.0
2013 10 161116.0
2013 11 161207.0
2013 12 306527.0
2014 1 58449.0
2014 2 136908.0
2014 3 294711.0
2014 4 217553.0
2014 5 180452.0
2014 6 146520.0
2014 7 246297.0
2014 8 171554.0
2014 9 268896.0
2014 10 104656.0
2014 11 191921.0
2014 12 189905.0
2015 1 166389.0
2015 2 109596.0
2015 3 373440.0
2015 4 779014.0
2015 5 1760384.0
2015 6 2394726.0
2015 7 300253.0
2015 8 180040.0
2015 9 134978.0
2015 10 219369.0
2015 11 295803.0
2015 12 1040471.0
2016 1 48927.0
2016 2 122018.0
2016 3 110868.0
2016 4 122792.0
2016 5 179797.0
2016 6 365639.0
2016 7 226792.0
2016 8 260610.0
2016 9 368616.0
2016 10 169348.0
2016 11 239536.0
2016 12 353704.0
2017 1 521240.0
2017 2 150434.0
2017 3 375360.0
2017 4 392719.0
2017 5 217099.0
2017 6 251541.0
2017 7 280958.0
2017 8 260492.0
2017 9 194350.0
2017 10 246716.0
2017 11 195235.0
2017 12 471094.0
2018 1 222802.0
2018 2 190610.0
2018 3 391543.0
2018 4 171390.0
2018 5 426145.0
2018 6 401195.0
2018 7 363819.0
2018 8 202698.0
2018 9 136514.0
2018 10 215748.0
2018 11 351719.0
2018 12 332186.0
2019 1 442069.0
2019 2 262004.0
2019 3 237859.0
2019 4 364060.0
2019 5 188052.0
2019 6 330047.0
2019 7 318547.0
2019 8 364302.0
2019 9 245062.0
2019 10 397924.0
2019 11 598738.0
2019 12 495675.0
2020 1 550339.0
2020 2 201013.0
2020 3 153553.0
2020 4 76640.0
2020 5 154780.0
2020 6 319721.0
2020 7 309222.0
2020 8 221575.0
2020 9 306993.0
2020 10 326663.0
2020 11 320360.0
2020 12 339452.0
2021 1 377272.0
2021 2 288553.0
2021 3 185185.0
2021 4 211948.0
2021 5 364030.0
2021 6 462261.0
2021 7 274611.0
2021 8 475493.0
2021 9 189711.0
2021 10 215405.0
2021 11 442801.0
2021 12 333883.0
2022 1 320211.0
2022 2 269747.0
2022 3 585215.0
2022 4 385452.0
2022 5 269439.0
2022 6 560633.0
2022 7 345501.0
2022 8 471323.0
2022 9 219172.0
2022 10 183412.0
2022 11 150838.0
2022 12 240883.0
2023 1 76174.0
2023 2 170619.0
2023 3 426095.0
2023 4 175116.0
2023 5 243986.0
2023 6 166818.0
2023 7 171939.0
2023 8 288592.0
2023 9 62090.0
2023 10 167878.0
2023 11 114167.0
2023 12 114493.0
2024 1 396426.0
2024 2 852965.0
2024 3 487516.0
2024 4 444386.0
2024 5 234078.0
2024 6 353152.0
2024 7 464026.0
2024 8 325227.0
