1960 5 9709.0
1960 6 9028.0
1960 7 6485.0
1960 8 7061.0
1960 9 4892.0
1960 10 4640.0
1960 11 5286.0
1960 12 3918.0
1961 1 2149.0
1961 2 3027.0
1961 3 7014.0
1961 4 7328.0
1961 5 9206.0
1961 6 7737.0
1961 7 6152.0
1961 8 8383.0
1961 9 9596.0
1961 10 8660.0
1961 11 6393.0
1961 12 3662.0
1962 1 8069.0
1962 2 8944.0
1962 3 7644.0
1962 4 10552.0
1962 5 7522.0
1962 6 5399.0
1962 7 6242.0
1962 8 5754.0
1962 9 5193.0
1962 10 8161.0
1962 11 6401.0
1962 12 5693.0
1963 1 4529.0
1963 2 5168.0
1963 3 8494.0
1963 4 8817.0
1963 5 9964.0
1963 6 5332.0
1963 7 4446.0
1963 8 5908.0
1963 9 5633.0
1963 10 7954.0
1963 11 5875.0
1963 12 5073.0
1964 1 4506.0
1964 2 7881.0
1964 3 6285.0
1964 4 5925.0
1964 5 6663.0
1964 6 6378.0
1964 7 5300.0
1964 8 5215.0
1964 9 6035.0
1964 10 5900.0
1964 11 5139.0
1964 12 3956.0
1965 1 4007.0
1965 2 3691.0
1965 3 6591.0
1965 4 7450.0
1965 5 7660.0
1965 6 9045.0
1965 7 5588.0
1965 8 4332.0
1965 9 6099.0
1965 10 6089.0
1965 11 6185.0
1965 12 4829.0
1966 1 2755.0
1966 2 3097.0
1966 3 8598.0
1966 4 9633.0
1966 5 4922.0
1966 6 7165.0
1966 7 4608.0
1966 8 7088.0
1966 9 4471.0
1966 10 3818.0
1966 11 4513.0
1966 12 2556.0
1967 1 3821.0
1967 2 3208.0
1967 3 6264.0
1967 4 8836.0
1967 5 6577.0
1967 6 6831.0
1967 7 5307.0
1967 8 8007.0
1967 9 6642.0
1967 10 7785.0
1967 11 6260.0
1967 12 5494.0
1968 1 5329.0
1968 2 4466.0
1968 3 6149.0
1968 4 7548.0
1968 5 6746.0
1968 6 7067.0
1968 7 5926.0
1968 8 7943.0
1968 9 6490.0
1968 10 8130.0
1968 11 4774.0
1968 12 6086.0
1969 1 4236.0
1969 2 3459.0
1969 3 6303.0
1969 4 9708.0
1969 5 6845.0
1969 6 6572.0
1969 7 5713.0
1969 8 5090.0
1969 9 4702.0
1969 10 5673.0
1969 11 4069.0
1969 12 5028.0
1970 1 1992.0
1970 2 3740.0
1970 3 3913.0
1970 4 4503.0
1970 5 4938.0
1970 6 5640.0
1970 7 5215.0
1970 8 4009.0
1970 9 4011.0
1970 10 8419.0
1970 11 4727.0
1970 12 3546.0
1971 1 3113.0
1971 2 1667.0
1971 3 7634.0
1971 4 6594.0
1971 5 7464.0
1971 6 6672.0
1971 7 8306.0
1971 8 5220.0
1971 9 7057.0
1971 10 6878.0
1971 11 8532.0
1971 12 6229.0
1972 1 3047.0
1972 2 4217.0
1972 3 6244.0
1972 4 12298.0
1972 5 6967.0
1972 6 13953.0
1972 7 7267.0
1972 8 6391.0
1972 9 8997.0
1972 10 8676.0
1972 11 6517.0
1972 12 7818.0
1973 1 3714.0
1973 2 4613.0
1973 3 9312.0
1973 4 8120.0
1973 5 12067.0
1973 6 8649.0
1973 7 7725.0
1973 8 8191.0
1973 9 7469.0
1973 10 6647.0
1973 11 6490.0
1973 12 3807.0
1974 1 2590.0
1974 2 3152.0
1974 3 4725.0
1974 4 7188.0
1974 5 5450.0
1974 6 4251.0
1974 7 3771.0
1974 8 5066.0
1974 9 2816.0
1974 10 2922.0
1974 11 2704.0
1974 12 2762.0
1975 1 2570.0
1975 2 1626.0
1975 3 2420.0
1975 4 11262.0
1975 5 2332.0
1975 6 4824.0
1975 7 3805.0
1975 8 5349.0
1975 9 3982.0
1975 10 3141.0
1975 11 3205.0
1975 12 4392.0
1976 1 3919.0
1976 2 4627.0
1976 3 5719.0
1976 4 4812.0
1976 5 4300.0
1976 6 3693.0
1976 7 4822.0
1976 8 4113.0
1976 9 4118.0
1976 10 3262.0
1976 11 5388.0
1976 12 2058.0
1977 1 2756.0
1977 2 2135.0
1977 3 7290.0
1977 4 1986.0
1977 5 4205.0
1977 6 1241.0
1977 7 4167.0
1977 8 4760.0
1977 9 3835.0
1977 10 3857.0
1977 11 2009.0
1977 12 3104.0
1978 1 1419.0
1978 2 1365.0
1978 3 11142.0
1978 4 3486.0
1978 5 6332.0
1978 6 9453.0
1978 7 4461.0
1978 8 6610.0
1978 9 5903.0
1978 10 4624.0
1978 11 5997.0
1978 12 3559.0
1979 1 5852.0
1979 2 157.0
1979 3 4507.0
1979 4 5775.0
1979 5 5032.0
1979 6 3364.0
1979 7 4486.0
1979 8 9217.0
1979 9 3934.0
1979 10 6313.0
1979 11 2237.0
1979 12 2035.0
1980 1 3696.0
1980 2 3008.0
1980 3 3743.0
1980 4 3885.0
1980 5 4048.0
1980 6 4138.0
1980 7 3741.0
1980 8 3682.0
1980 9 6959.0
1980 10 4908.0
1980 11 4606.0
1980 12 5386.0
1981 1 3509.0
1981 2 2087.0
1981 3 3027.0
1981 4 3714.0
1981 5 6765.0
1981 6 12539.0
1981 7 12563.0
1981 8 4094.0
1981 9 2831.0
1981 10 6644.0
1981 11 2671.0
1981 12 2874.0
1982 1 1148.0
1982 2 1478.0
1982 3 4341.0
1982 4 4039.0
1982 5 5422.0
1982 6 6364.0
1982 7 2351.0
1982 8 5951.0
1982 9 6613.0
1982 10 5379.0
1982 11 5578.5
1982 12 5778.0
1983 1 3065.0
1983 2 1903.0
1983 3 5222.0
1983 4 14243.0
1983 5 8045.0
1983 6 13467.0
1983 7 9444.0
1983 8 13945.0
1983 9 17864.0
1983 10 9264.0
1983 11 9667.0
1983 12 5217.0
1984 1 2829.0
1984 2 4869.0
1984 3 12129.0
1984 4 21660.0
1984 5 11063.0
1984 6 14789.0
1984 7 10231.0
1984 8 10511.0
1984 9 21513.0
1984 10 14978.0
1984 11 15968.0
1984 12 10671.0
1985 1 12184.0
1985 2 11219.0
1985 3 17624.0
1985 4 19808.0
1985 5 9640.0
1985 6 19630.0
1985 7 19133.0
1985 8 31113.0
1985 9 14313.0
1985 10 16087.0
1985 11 20392.0
1985 12 11029.0
1986 1 12862.0
1986 2 15947.0
1986 3 14305.0
1986 4 21195.0
1986 5 20379.0
1986 6 29388.0
1986 7 25746.0
1986 8 18850.0
1986 9 27491.0
1986 10 38562.0
1986 11 24070.0
1986 12 18601.0
1987 1 13208.0
1987 2 19509.0
1987 3 22020.0
1987 4 25775.0
1987 5 24791.0
1987 6 33116.0
1987 7 20501.0
1987 8 31704.0
1987 9 21510.0
1987 10 22578.0
1987 11 20262.0
1987 12 14709.0
1988 1 11296.0
1988 2 8438.0
1988 3 19150.0
1988 4 21011.0
1988 5 26302.0
1988 6 21490.0
1988 7 26864.0
1988 8 25329.0
1988 9 27185.0
1988 10 22855.0
1988 11 30544.0
1988 12 26544.0
1989 1 16518.0
1989 2 16168.0
1989 3 24216.0
1989 4 23509.0
1989 5 18316.0
1989 6 40167.0
1989 7 16120.0
1989 8 15135.0
1989 9 19967.0
1989 10 31115.0
1989 11 14815.0
1989 12 19926.0
1990 1 18793.0
1990 2 13338.0
1990 3 12481.0
1990 4 15910.0
1990 5 38658.0
1990 6 16936.0
1990 7 25087.0
1990 8 18990.0
1990 9 15930.0
1990 10 9104.0
1990 11 11730.0
1990 12 7937.0
1991 1 7776.0
1991 2 15696.0
1991 3 10574.0
1991 4 19704.0
1991 5 16159.0
1991 6 27518.0
1991 7 15308.0
1991 8 16302.0
1991 9 9993.0
1991 10 8986.0
1991 11 15610.0
1991 12 15528.0
1992 1 19209.0
1992 2 16486.0
1992 3 10251.0
1992 4 7335.0
1992 5 16173.0
1992 6 15306.0
1992 7 7028.0
1992 8 15317.0
1992 9 17476.0
1992 10 8738.0
1992 11 10135.0
1992 12 14729.0
1993 1 16104.0
1993 2 9547.0
1993 3 8678.0
1993 4 6307.0
1993 5 9324.0
1993 6 13708.0
1993 7 18655.0
1993 8 10748.0
1993 9 23368.0
1993 10 20451.0
1993 11 28633.0
1993 12 18866.0
1994 1 6149.0
1994 2 4528.0
1994 3 14536.0
1994 4 17218.0
1994 5 19499.0
1994 6 17752.0
1994 7 12836.0
1994 8 25329.0
1994 9 14583.0
1994 10 13948.0
1994 11 14456.0
1994 12 26090.0
1995 1 13501.0
1995 2 10986.0
1995 3 25702.0
1995 4 23094.0
1995 5 17857.0
1995 6 11451.0
1995 7 8150.0
1995 8 18500.0
1995 9 19386.0
1995 10 19826.0
1995 11 25206.0
1995 12 21174.0
1996 1 25734.0
1996 2 10857.0
1996 3 17493.0
1996 4 32897.0
1996 5 20218.0
1996 6 28553.0
1996 7 25822.0
1996 8 9516.0
1996 9 14710.0
1996 10 27523.0
1996 11 17497.0
1996 12 13090.0
1997 1 11812.0
1997 2 9605.0
1997 3 14598.0
1997 4 15650.0
1997 5 14262.0
1997 6 19125.0
1997 7 25865.0
1997 8 19870.0
1997 9 12370.0
1997 10 21456.0
1997 11 10335.0
1997 12 22724.0
1998 1 15822.0
1998 2 20901.0
1998 3 22610.0
1998 4 19835.0
1998 5 17886.0
1998 6 33089.0
1998 7 28796.0
1998 8 35761.0
1998 9 16734.0
1998 10 19175.0
1998 11 27517.0
1998 12 29256.0
1999 1 30158.0
1999 2 25677.0
1999 3 31366.0
1999 4 29040.0
1999 5 24051.0
1999 6 24129.0
1999 7 37558.0
1999 8 35718.0
1999 9 31410.0
1999 10 18938.0
1999 11 37865.0
1999 12 28781.0
2000 1 20596.0
2000 2 22508.0
2000 3 29637.0
2000 4 38769.0
2000 5 40232.0
2000 6 55291.0
2000 7 31904.0
2000 8 43773.0
2000 9 41233.0
2000 10 32594.0
2000 11 34980.0
2000 12 31847.0
2001 1 17646.0
2001 2 31150.0
2001 3 35970.0
2001 4 68455.0
2001 5 65203.0
2001 6 69659.0
2001 7 52109.0
2001 8 78690.0
2001 9 33969.0
2001 10 67779.0
2001 11 64612.0
2001 12 55256.0
2002 1 52843.0
2002 2 37875.0
2002 3 55898.0
2002 4 46765.0
2002 5 55605.0
2002 6 70044.0
2002 7 77338.0
2002 8 85301.0
2002 9 73847.0
2002 10 87575.0
2002 11 55598.0
2002 12 66332.0
2003 1 54410.0
2003 2 73588.0
2003 3 76514.0
2003 4 75926.0
2003 5 78812.0
2003 6 82873.0
2003 7 79808.0
2003 8 71295.0
2003 9 73996.0
2003 10 90630.0
2003 11 90721.0
2003 12 54234.0
2004 1 56054.0
2004 2 54050.0
2004 3 73995.0
2004 4 79128.0
2004 5 99893.0
2004 6 126143.0
2004 7 135149.0
2004 8 97084.0
2004 9 80906.0
2004 10 103664.0
2004 11 81129.0
2004 12 69529.0
2005 1 50373.0
2005 2 47057.0
2005 3 70220.0
2005 4 83145.0
2005 5 86241.0
2005 6 84841.0
2005 7 70824.0
2005 8 89709.0
2005 9 76509.0
2005 10 79085.0
2005 11 83679.0
2005 12 78091.0
2006 1 65719.0
2006 2 63063.0
2006 3 79753.0
2006 4 64621.0
2006 5 110791.0
2006 6 122069.0
2006 7 79520.0
2006 8 109245.0
2006 9 88110.0
2006 10 71637.0
2006 11 59764.0
2006 12 54228.0
2007 1 59100.0
2007 2 49590.0
2007 3 75466.0
2007 4 84659.0
2007 5 60099.0
2007 6 62591.0
2007 7 77107.0
2007 8 49960.0
2007 9 42980.0
2007 10 37719.0
2007 11 50713.0
2007 12 52880.0
2008 1 26820.0
2008 2 29682.0
2008 3 36799.0
2008 4 29687.0
2008 5 21406.0
2008 6 37969.0
2008 7 35373.0
2008 8 22828.0
2008 9 27284.0
2008 10 21169.0
2008 11 6304.0
2008 12 10273.0
2009 1 9618.0
2009 2 11188.0
2009 3 15226.0
2009 4 14852.0
2009 5 18023.0
2009 6 22961.0
2009 7 13973.0
2009 8 15704.0
2009 9 16546.0
2009 10 7242.0
2009 11 13580.0
2009 12 11121.0
2010 1 13556.0
2010 2 11454.0
2010 3 12647.0
2010 4 14621.0
2010 5 14285.0
2010 6 28265.0
2010 7 23477.0
2010 8 17981.0
2010 9 35975.0
2010 10 20584.0
2010 11 11367.0
2010 12 22949.0
2011 1 39813.0
2011 2 6827.0
2011 3 13786.0
2011 4 18123.0
2011 5 18504.0
2011 6 20869.0
2011 7 37054.0
2011 8 43885.0
2011 9 8421.0
2011 10 14307.0
2011 11 16066.0
2011 12 9908.0
2012 1 6527.0
2012 2 9644.0
2012 3 11787.0
2012 4 9321.0
2012 5 14071.0
2012 6 22409.0
2012 7 20670.0
2012 8 20712.0
2012 9 21534.0
2012 10 15159.0
2012 11 20377.0
2012 12 14186.0
2013 1 10461.0
2013 2 12171.0
2013 3 27083.0
2013 4 13764.0
2013 5 20635.0
2013 6 20536.0
2013 7 17830.0
2013 8 15940.0
2013 9 19619.0
2013 10 24401.0
2013 11 13106.0
2013 12 17557.0
2014 1 12971.0
2014 2 8082.0
2014 3 17273.0
2014 4 23352.0
2014 5 27220.0
2014 6 21941.0
2014 7 15798.0
2014 8 16646.0
2014 9 22913.0
2014 10 34789.0
2014 11 12415.0
2014 12 19521.0
2015 1 16026.0
2015 2 7818.0
2015 3 22795.0
2015 4 28222.0
2015 5 26889.0
2015 6 35303.0
2015 7 24106.0
2015 8 24083.0
2015 9 29160.0
2015 10 24114.0
2015 11 26642.0
2015 12 22669.0
2016 1 23128.0
2016 2 15640.0
2016 3 23328.0
2016 4 25253.0
2016 5 27365.0
2016 6 24630.0
2016 7 19995.0
2016 8 30486.0
2016 9 31054.0
2016 10 21387.0
2016 11 14136.0
2016 12 19376.0
2017 1 15764.0
2017 2 14044.0
2017 3 23117.0
2017 4 22539.0
2017 5 29566.0
2017 6 34350.0
2017 7 23624.0
2017 8 36343.0
2017 9 22285.0
2017 10 32235.0
2017 11 29804.0
2017 12 24257.0
2018 1 19541.0
2018 2 20080.0
2018 3 17312.0
2018 4 19307.0
2018 5 24924.0
2018 6 21533.0
2018 7 16664.0
2018 8 24975.0
2018 9 22050.0
2018 10 26051.0
2018 11 14535.0
2018 12 21610.0
2019 1 14666.0
2019 2 21714.0
2019 3 22063.0
2019 4 20213.0
2019 5 24165.0
2019 6 28290.0
2019 7 27072.0
2019 8 22896.0
2019 9 17261.0
2019 10 29101.0
2019 11 23031.0
2019 12 20017.0
2020 1 15922.0
2020 2 15742.0
2020 3 17679.0
2020 4 4878.0
2020 5 13697.0
2020 6 17273.0
2020 7 21090.0
2020 8 24835.0
2020 9 18606.0
2020 10 26367.0
2020 11 26457.0
2020 12 21298.0
2021 1 16756.0
2021 2 13290.0
2021 3 26902.0
2021 4 20202.0
2021 5 40658.0
2021 6 16177.0
2021 7 13707.0
2021 8 18698.0
2021 9 13383.0
2021 10 16151.0
2021 11 23234.0
2021 12 20632.0
2022 1 11813.0
2022 2 9540.0
2022 3 23621.0
2022 4 14696.0
2022 5 19056.0
2022 6 12865.0
2022 7 13583.0
2022 8 18514.0
2022 9 7583.0
2022 10 10673.0
2022 11 13029.0
2022 12 9097.0
2023 1 7773.0
2023 2 6260.0
2023 3 9766.0
2023 4 11928.0
2023 5 12185.0
2023 6 13180.0
2023 7 13719.0
2023 8 17262.0
2023 9 11485.0
2023 10 16369.0
2023 11 9563.0
2023 12 6027.0
2024 1 26767.0
2024 2 27307.0
2024 3 24674.0
2024 4 29497.0
2024 5 32376.0
2024 6 28890.0
2024 7 26860.0
2024 8 30171.0
