1960 5 126.0
1960 6 256.0
1960 7 191.0
1960 8 226.0
1960 9 463.0
1960 10 223.0
1960 11 184.0
1960 12 363.0
1961 1 71.0
1961 2 175.0
1961 3 128.0
1961 4 159.0
1961 5 78.0
1961 6 74.0
1961 7 56.0
1961 8 723.0
1961 9 182.0
1961 10 764.0
1961 11 270.0
1961 12 183.0
1962 1 206.0
1962 2 452.0
1962 3 82.0
1962 4 330.0
1962 5 429.0
1962 6 364.0
1962 7 326.0
1962 8 996.0
1962 9 457.0
1962 10 2015.0
1962 11 974.0
1962 12 1638.0
1963 1 869.0
1963 2 619.0
1963 3 1978.0
1963 4 973.0
1963 5 3389.0
1963 6 734.0
1963 7 2219.0
1963 8 1158.0
1963 9 4072.0
1963 10 654.0
1963 11 309.0
1963 12 1533.0
1964 1 625.0
1964 2 641.0
1964 3 1610.0
1964 4 538.0
1964 5 795.0
1964 6 1788.0
1964 7 3469.0
1964 8 751.0
1964 9 1023.0
1964 10 1042.0
1964 11 38.0
1964 12 1498.0
1965 1 534.0
1965 2 600.0
1965 3 1945.0
1965 4 319.0
1965 5 590.0
1965 6 244.0
1965 7 279.0
1965 8 75.0
1965 9 1113.0
1965 10 511.0
1965 11 443.0
1965 12 161.0
1966 1 317.0
1966 2 510.0
1966 3 571.0
1966 4 379.0
1966 5 57.0
1966 6 31.0
1966 7 209.0
1966 8 593.0
1966 9 432.0
1966 10 18.0
1966 11 58.0
1966 12 815.0
1967 1 293.0
1967 2 1358.0
1967 3 566.0
1967 4 75.0
1967 5 96.0
1967 6 87.0
1967 7 474.0
1967 8 431.0
1967 9 1057.0
1967 10 1484.0
1967 11 108.0
1967 12 579.0
1968 1 487.0
1968 2 715.0
1968 3 1668.0
1968 4 1330.0
1968 5 938.0
1968 6 1048.0
1968 7 2201.0
1968 8 1438.0
1968 9 144.0
1968 10 220.0
1968 11 84.0
1968 12 1097.0
1969 1 1403.0
1969 2 997.0
1969 3 392.0
1969 4 323.0
1969 5 115.0
1969 6 1144.5
1969 7 2174.0
1969 8 25.0
1969 9 230.0
1969 10 709.0
1969 11 154.0
1969 12 1200.0
1970 1 49.0
1970 2 435.0
1970 3 1614.0
1970 4 4498.0
1970 5 570.0
1970 6 5108.0
1970 7 2502.0
1970 8 378.0
1970 9 931.0
1970 10 447.0
1970 11 144.0
1970 12 5309.0
1971 1 3058.0
1971 2 1074.0
1971 3 1032.0
1971 4 2892.0
1971 5 1163.0
1971 6 2913.0
1971 7 8486.0
1971 8 2905.0
1971 9 2771.0
1971 10 6969.0
1971 11 11797.0
1971 12 11071.0
1972 1 14562.0
1972 2 2431.0
1972 3 2220.0
1972 4 8228.0
1972 5 1518.0
1972 6 10305.0
1972 7 3370.0
1972 8 3324.0
1972 9 9716.0
1972 10 6476.0
1972 11 2410.0
1972 12 9927.0
1973 1 1068.0
1973 2 3847.0
1973 3 1908.0
1973 4 7177.0
1973 5 6668.0
1973 6 6832.0
1973 7 1799.0
1973 8 5158.0
1973 9 4140.0
1973 10 5728.0
1973 11 2468.0
1973 12 2350.0
1974 1 3161.0
1974 2 3117.0
1974 3 1534.0
1974 4 2053.0
1974 5 2314.0
1974 6 2624.0
1974 7 1646.0
1974 8 348.0
1974 9 246.0
1974 10 181.0
1974 11 2300.0
1974 12 1464.0
1975 1 795.0
1975 2 333.0
1975 3 435.0
1975 4 1300.0
1975 5 1520.0
1975 6 416.0
1975 7 635.0
1975 8 1884.0
1975 9 1884.0
1975 10 5706.0
1975 11 1189.0
1975 12 1320.0
1976 1 5956.0
1976 2 2290.0
1976 3 2909.0
1976 4 573.0
1976 5 3033.0
1976 6 2808.0
1976 7 2020.0
1976 8 1496.0
1976 9 1559.0
1976 10 1701.0
1976 11 5167.0
1976 12 2844.0
1977 1 3111.0
1977 2 898.0
1977 3 10030.0
1977 4 13193.0
1977 5 5851.0
1977 6 37640.0
1977 7 6254.0
1977 8 7553.0
1977 9 2917.0
1977 10 2760.0
1977 11 9595.0
1977 12 5285.0
1978 1 1936.0
1978 2 1902.0
1978 3 6459.0
1978 4 4990.0
1978 5 8025.0
1978 6 6844.0
1978 7 6338.0
1978 8 6331.0
1978 9 8864.0
1978 10 3649.0
1978 11 3803.0
1978 12 2619.0
1979 1 3140.0
1979 2 3513.0
1979 3 3798.0
1979 4 3268.0
1979 5 6027.0
1979 6 14435.0
1979 7 10168.0
1979 8 7982.0
1979 9 7997.0
1979 10 4446.0
1979 11 5918.0
1979 12 1252.0
1980 1 3999.0
1980 2 1068.0
1980 3 1947.0
1980 4 6184.0
1980 5 3624.0
1980 6 2830.0
1980 7 13871.0
1980 8 1556.0
1980 9 6058.0
1980 10 4454.0
1980 11 2410.0
1980 12 3054.0
1981 1 3602.0
1981 2 2239.0
1981 3 4414.0
1981 4 8365.0
1981 5 1996.0
1981 6 3576.0
1981 7 5256.0
1981 8 3487.0
1981 9 6421.0
1981 10 2621.0
1981 11 3830.0
1981 12 1650.0
1982 1 3348.0
1982 2 2521.0
1982 3 4588.0
1982 4 8005.0
1982 5 8262.0
1982 6 3659.0
1982 7 3084.0
1982 8 7546.0
1982 9 6204.0
1982 10 1168.0
1982 11 3646.0
1982 12 6124.0
1983 1 2867.0
1983 2 3888.0
1983 3 3311.0
1983 4 2890.0
1983 5 6629.0
1983 6 1982.0
1983 7 4381.0
1983 8 4529.0
1983 9 6322.0
1983 10 11594.0
1983 11 3550.0
1983 12 2854.0
1984 1 14680.0
1984 2 17897.0
1984 3 17014.0
1984 4 20821.0
1984 5 25565.0
1984 6 15447.0
1984 7 13312.0
1984 8 27913.0
1984 9 13628.0
1984 10 26369.0
1984 11 10073.0
1984 12 10472.0
1985 1 16326.0
1985 2 2449.0
1985 3 8801.0
1985 4 21539.0
1985 5 12201.0
1985 6 12310.0
1985 7 10083.0
1985 8 2141.0
1985 9 4550.0
1985 10 4584.0
1985 11 16377.0
1985 12 8872.0
1986 1 11447.0
1986 2 15862.0
1986 3 3038.0
1986 4 6268.0
1986 5 10488.0
1986 6 10507.0
1986 7 1595.0
1986 8 7989.0
1986 9 2364.0
1986 10 4338.0
1986 11 306.0
1986 12 1830.0
1987 1 6743.0
1987 2 2696.0
1987 3 5275.0
1987 4 1346.0
1987 5 4081.0
1987 6 1389.0
1987 7 1426.0
1987 8 3024.0
1987 9 938.0
1987 10 9546.0
1987 11 5368.0
1987 12 15262.0
1988 1 2144.0
1988 2 1279.0
1988 3 3111.0
1988 4 939.0
1988 5 1143.0
1988 6 140.0
1988 7 109.0
1988 8 3473.0
1988 9 2908.0
1988 10 5087.0
1988 11 153.0
1988 12 607.0
1989 1 615.0
1989 2 1236.0
1989 3 1857.0
1989 4 5408.0
1989 5 2608.0
1989 6 15845.0
1989 7 860.0
1989 8 457.0
1989 9 2610.0
1989 10 2283.0
1989 11 945.0
1989 12 2154.0
1990 1 4257.0
1990 2 480.0
1990 3 1108.0
1990 4 7629.0
1990 5 424.0
1990 6 1618.0
1990 7 545.0
1990 8 6772.0
1990 9 150.0
1990 10 851.0
1990 11 1673.0
1990 12 2230.0
1991 1 751.0
1991 2 621.0
1991 3 202.0
1991 4 4335.0
1991 5 959.0
1991 6 884.0
1991 7 153.0
1991 8 2398.0
1991 9 953.0
1991 10 1117.0
1991 11 1167.0
1991 12 1012.0
1992 1 188.0
1992 2 2236.0
1992 3 128.0
1992 4 916.0
1992 5 1463.0
1992 6 590.0
1992 7 401.0
1992 8 964.0
1992 9 1319.0
1992 10 722.0
1992 11 772.0
1992 12 1678.0
1993 1 929.0
1993 2 110.0
1993 3 900.0
1993 4 273.0
1993 5 690.0
1993 6 3863.0
1993 7 2097.0
1993 8 331.0
1993 9 7445.0
1993 10 1571.0
1993 11 389.0
1993 12 54.0
1994 1 2936.0
1994 2 5245.0
1994 3 484.0
1994 4 20020.0
1994 5 9459.0
1994 6 1915.0
1994 7 532.0
1994 8 33581.0
1994 9 494.0
1994 10 518.0
1994 11 16702.0
1994 12 6713.0
1995 1 918.0
1995 2 13918.0
1995 3 2917.0
1995 4 10575.0
1995 5 7406.0
1995 6 2188.0
1995 7 10212.0
1995 8 28482.0
1995 9 7517.0
1995 10 5165.0
1995 11 1855.0
1995 12 16904.0
1996 1 3138.0
1996 2 769.0
1996 3 8861.0
1996 4 8877.0
1996 5 6544.0
1996 6 8638.0
1996 7 5100.0
1996 8 1422.0
1996 9 7940.0
1996 10 8603.0
1996 11 391.0
1996 12 8295.0
1997 1 980.0
1997 2 4186.0
1997 3 1121.0
1997 4 8346.0
1997 5 23476.0
1997 6 3949.0
1997 7 2683.0
1997 8 13390.0
1997 9 13016.0
1997 10 5338.0
1997 11 752.0
1997 12 6405.0
1998 1 829.0
1998 2 19645.0
1998 3 636.0
1998 4 1484.0
1998 5 6664.0
1998 6 10797.0
1998 7 8142.0
1998 8 1710.0
1998 9 1326.0
1998 10 3584.0
1998 11 7938.0
1998 12 4368.0
1999 1 1992.0
1999 2 948.0
1999 3 299.0
1999 4 4932.0
1999 5 548.0
1999 6 8024.0
1999 7 14064.0
1999 8 6813.0
1999 9 4252.0
1999 10 1035.0
1999 11 689.0
1999 12 1023.0
2000 1 3004.0
2000 2 3874.0
2000 3 700.0
2000 4 4936.0
2000 5 3359.0
2000 6 2668.0
2000 7 3729.0
2000 8 2243.0
2000 9 9742.0
2000 10 9454.5
2000 11 9167.0
2000 12 917.0
2001 1 14242.0
2001 2 1378.0
2001 3 122.0
2001 4 234.0
2001 5 19968.0
2001 6 5897.0
2001 7 3048.5
2001 8 200.0
2001 9 115.0
2001 10 1708.0
2001 11 1278.0
2001 12 690.0
2002 1 1223.0
2002 2 11121.0
2002 3 25991.0
2002 4 1001.0
2002 5 1194.0
2002 6 406.0
2002 7 4786.0
2002 8 1345.0
2002 9 2659.0
2002 10 1953.0
2002 11 15419.0
2002 12 6740.0
2003 1 1636.0
2003 2 4738.0
2003 3 21069.0
2003 4 7398.0
2003 5 5166.0
2003 6 4716.0
2003 7 4689.0
2003 8 6286.0
2003 9 7230.0
2003 10 1539.0
2003 11 1735.0
2003 12 5539.0
2004 1 13519.0
2004 2 225.0
2004 3 3995.0
2004 4 8409.0
2004 5 1175.0
2004 6 8868.0
2004 7 327.0
2004 8 132.0
2004 9 3038.0
2004 10 3036.0
2004 11 5092.0
2004 12 9058.0
2005 1 10023.0
2005 2 2381.0
2005 3 1460.0
2005 4 3732.0
2005 5 1228.0
2005 6 3376.0
2005 7 2360.0
2005 8 1982.0
2005 9 2189.0
2005 10 12106.0
2005 11 9385.0
2005 12 2151.0
2006 1 11318.0
2006 2 2382.0
2006 3 3177.0
2006 4 3049.0
2006 5 14393.0
2006 6 2347.0
2006 7 8107.0
2006 8 1687.0
2006 9 784.0
2006 10 2221.0
2006 11 39711.0
2006 12 1676.0
2007 1 6342.0
2007 2 1804.0
2007 3 1351.0
2007 4 9803.0
2007 5 18657.0
2007 6 3284.0
2007 7 4724.0
2007 8 9037.0
2007 9 584.0
2007 10 6342.0
2007 11 13994.0
2007 12 680.0
2008 1 5022.0
2008 2 20946.0
2008 3 4304.0
2008 4 4985.0
2008 5 4944.0
2008 6 11037.0
2008 7 4270.0
2008 8 6555.0
2008 9 4188.0
2008 10 5216.0
2008 11 3128.0
2008 12 2580.0
2009 1 10362.0
2009 2 6207.0
2009 3 2933.0
2009 4 1595.0
2009 5 1327.0
2009 6 1493.0
2009 7 3277.0
2009 8 941.0
2009 9 2721.0
2009 10 1554.0
2009 11 900.0
2009 12 706.0
2010 1 1320.0
2010 2 1598.0
2010 3 10803.0
2010 4 1408.0
2010 5 6863.0
2010 6 1399.0
2010 7 11307.0
2010 8 2132.0
2010 9 1496.0
2010 10 1355.0
2010 11 1341.0
2010 12 4364.0
2011 1 952.0
2011 2 855.0
2011 3 1788.0
2011 4 2202.0
2011 5 2213.0
2011 6 2968.0
2011 7 2137.0
2011 8 21838.0
2011 9 3803.0
2011 10 5558.0
2011 11 3129.0
2011 12 3005.0
2012 1 1510.0
2012 2 3184.0
2012 3 25993.0
2012 4 3750.0
2012 5 3417.0
2012 6 4007.0
2012 7 5285.0
2012 8 6133.0
2012 9 19789.0
2012 10 4947.0
2012 11 2885.0
2012 12 4066.0
2013 1 16507.0
2013 2 6752.0
2013 3 3193.0
2013 4 1871.0
2013 5 3087.0
2013 6 10439.0
2013 7 1993.0
2013 8 20282.0
2013 9 4899.0
2013 10 26100.0
2013 11 2214.0
2013 12 2587.0
2014 1 14327.0
2014 2 1959.0
2014 3 9730.0
2014 4 252.0
2014 5 543.0
2014 6 1611.0
2014 7 1472.0
2014 8 2951.0
2014 9 2287.0
2014 10 7271.0
2014 11 8837.0
2014 12 10475.0
2015 1 711.0
2015 2 1776.0
2015 3 1217.0
2015 4 15422.0
2015 5 1357.0
2015 6 1413.0
2015 7 5562.0
2015 8 208.0
2015 9 522.0
2015 10 454.0
2015 11 386.0
2015 12 2878.0
2016 1 20974.0
2016 2 14771.0
2016 3 6264.0
2016 4 2152.0
2016 5 4106.0
2016 6 1827.0
2016 7 208.0
2016 8 986.0
2016 9 10470.0
2016 10 1864.0
2016 11 15393.0
2016 12 2369.0
2017 1 1919.0
2017 2 1741.0
2017 3 1994.0
2017 4 3696.0
2017 5 4049.0
2017 6 14148.0
2017 7 15073.0
2017 8 6138.0
2017 9 1507.0
2017 10 8263.0
2017 11 794.0
2017 12 803.0
2018 1 669.0
2018 2 1602.0
2018 3 13558.0
2018 4 1063.0
2018 5 1533.0
2018 6 2841.0
2018 7 1755.0
2018 8 522.0
2018 9 4407.0
2018 10 3832.0
2018 11 1112.0
2018 12 4823.0
2019 1 4265.0
2019 2 2169.0
2019 3 1536.0
2019 4 13976.0
2019 5 10349.0
2019 6 1055.0
2019 7 10640.0
2019 8 849.0
2019 9 2275.0
2019 10 16151.0
2019 11 15242.0
2019 12 1850.0
2020 1 1738.0
2020 2 1455.0
2020 3 1356.0
2020 4 6993.0
2020 5 586.0
2020 6 910.0
2020 7 8556.0
2020 8 15081.0
2020 9 6801.0
2020 10 6943.0
2020 11 3200.0
2020 12 4852.0
2021 1 4719.0
2021 2 19828.0
2021 3 5793.0
2021 4 10857.0
2021 5 7773.0
2021 6 7825.0
2021 7 37481.0
2021 8 16582.0
2021 9 19253.0
2021 10 18743.0
2021 11 11013.0
2021 12 26152.0
2022 1 9620.0
2022 2 1462.0
2022 3 33140.0
2022 4 36243.0
2022 5 32645.0
2022 6 4266.0
2022 7 7675.0
2022 8 1603.0
2022 9 9268.0
2022 10 1391.0
2022 11 5472.0
2022 12 11468.0
2023 1 11569.0
2023 2 1020.0
2023 3 36157.0
2023 4 21037.0
2023 5 814.0
2023 6 10243.0
2023 7 1749.0
2023 8 9546.0
2023 9 4720.0
2023 10 12132.0
2023 11 129125.0
2023 12 9219.0
2024 1 8133.0
2024 2 6672.0
2024 3 4691.0
2024 4 1940.0
2024 5 425.0
2024 6 6923.0
2024 7 17656.0
2024 8 4988.0
