1960 5 3617.0
1960 6 4852.0
1960 7 4420.0
1960 8 3422.0
1960 9 3697.0
1960 10 2628.0
1960 11 3043.0
1960 12 1697.0
1961 1 2771.0
1961 2 3483.0
1961 3 4058.0
1961 4 3734.0
1961 5 3550.0
1961 6 3197.0
1961 7 2905.0
1961 8 3834.0
1961 9 3485.0
1961 10 3015.0
1961 11 2913.0
1961 12 2172.0
1962 1 3822.0
1962 2 4023.0
1962 3 4382.0
1962 4 3778.0
1962 5 3764.0
1962 6 3341.0
1962 7 4397.0
1962 8 4276.0
1962 9 3218.0
1962 10 4029.0
1962 11 3064.0
1962 12 2954.0
1963 1 4034.0
1963 2 4033.0
1963 3 5004.0
1963 4 4725.0
1963 5 3901.0
1963 6 3205.0
1963 7 4460.0
1963 8 3816.0
1963 9 4202.0
1963 10 3947.0
1963 11 4250.0
1963 12 2973.0
1964 1 5333.0
1964 2 4037.0
1964 3 4778.0
1964 4 4505.0
1964 5 3961.0
1964 6 4891.0
1964 7 3720.0
1964 8 3662.0
1964 9 2776.0
1964 10 2946.0
1964 11 2718.0
1964 12 2637.0
1965 1 3017.0
1965 2 3059.0
1965 3 4889.0
1965 4 4344.0
1965 5 3454.0
1965 6 3935.0
1965 7 3827.0
1965 8 3290.0
1965 9 3256.0
1965 10 3953.0
1965 11 2838.0
1965 12 2668.0
1966 1 2903.0
1966 2 3385.0
1966 3 3597.0
1966 4 2461.0
1966 5 2324.0
1966 6 2040.0
1966 7 1758.0
1966 8 1748.0
1966 9 1710.0
1966 10 1404.0
1966 11 1384.0
1966 12 1124.0
1967 1 1524.0
1967 2 1705.0
1967 3 2398.0
1967 4 2513.0
1967 5 2455.0
1967 6 3716.0
1967 7 2047.0
1967 8 2475.0
1967 9 1781.0
1967 10 1938.0
1967 11 1590.0
1967 12 1638.0
1968 1 2672.0
1968 2 2203.0
1968 3 2619.0
1968 4 2605.0
1968 5 3101.0
1968 6 2923.0
1968 7 2934.0
1968 8 3175.0
1968 9 2681.0
1968 10 3069.0
1968 11 1900.0
1968 12 1831.0
1969 1 1903.0
1969 2 2912.0
1969 3 2516.0
1969 4 2963.0
1969 5 3682.0
1969 6 2593.0
1969 7 3849.0
1969 8 2524.0
1969 9 2929.0
1969 10 2494.0
1969 11 2191.0
1969 12 2645.0
1970 1 3196.0
1970 2 3547.0
1970 3 5179.0
1970 4 3969.0
1970 5 4107.0
1970 6 4134.0
1970 7 5400.0
1970 8 5547.0
1970 9 4905.0
1970 10 8077.0
1970 11 7460.0
1970 12 11942.0
1971 1 5846.0
1971 2 8881.0
1971 3 12771.0
1971 4 7063.0
1971 5 13260.0
1971 6 12637.0
1971 7 10522.0
1971 8 11661.0
1971 9 10873.0
1971 10 9092.0
1971 11 9248.0
1971 12 8716.0
1972 1 12628.0
1972 2 16139.0
1972 3 16655.0
1972 4 13267.0
1972 5 16576.0
1972 6 12635.0
1972 7 13300.0
1972 8 16989.0
1972 9 9572.0
1972 10 13824.0
1972 11 13801.0
1972 12 6732.0
1973 1 9539.0
1973 2 12252.0
1973 3 13475.0
1973 4 16463.0
1973 5 17985.0
1973 6 16188.0
1973 7 12959.0
1973 8 14252.0
1973 9 7869.0
1973 10 10796.0
1973 11 6670.0
1973 12 4964.0
1974 1 7542.0
1974 2 7839.0
1974 3 12948.0
1974 4 19377.0
1974 5 10394.0
1974 6 13726.0
1974 7 15002.0
1974 8 10935.0
1974 9 10803.0
1974 10 5296.0
1974 11 7823.0
1974 12 6839.0
1975 1 4340.0
1975 2 10596.0
1975 3 13237.0
1975 4 13873.0
1975 5 16361.0
1975 6 8470.0
1975 7 15829.0
1975 8 19354.0
1975 9 13434.0
1975 10 15902.0
1975 11 10066.0
1975 12 11616.0
1976 1 13912.0
1976 2 18095.0
1976 3 28090.0
1976 4 16715.0
1976 5 20501.0
1976 6 23258.0
1976 7 20908.0
1976 8 19907.0
1976 9 13639.0
1976 10 19680.0
1976 11 20865.0
1976 12 16501.0
1977 1 20360.0
1977 2 18339.0
1977 3 30368.0
1977 4 73800.0
1977 5 23967.0
1977 6 95269.0
1977 7 20773.0
1977 8 24653.0
1977 9 26401.0
1977 10 20890.0
1977 11 16591.0
1977 12 16452.0
1978 1 22997.0
1978 2 26018.0
1978 3 33012.0
1978 4 39076.0
1978 5 34543.0
1978 6 33912.0
1978 7 31598.0
1978 8 35227.0
1978 9 29970.0
1978 10 17009.0
1978 11 24379.0
1978 12 23415.0
1979 1 20280.0
1979 2 22875.0
1979 3 42460.0
1979 4 40921.0
1979 5 44819.0
1979 6 38315.0
1979 7 38153.0
1979 8 36783.0
1979 9 30612.0
1979 10 32283.0
1979 11 20711.0
1979 12 14704.0
1980 1 19786.0
1980 2 20294.0
1980 3 21654.0
1980 4 14504.0
1980 5 17579.0
1980 6 24984.0
1980 7 31588.0
1980 8 36124.0
1980 9 32867.0
1980 10 27302.0
1980 11 19311.0
1980 12 14548.0
1981 1 18180.0
1981 2 16307.0
1981 3 23038.0
1981 4 28693.0
1981 5 25945.0
1981 6 34110.0
1981 7 22153.0
1981 8 23268.0
1981 9 17880.0
1981 10 15486.0
1981 11 16176.0
1981 12 14689.0
1982 1 12400.0
1982 2 13420.0
1982 3 20302.0
1982 4 19926.0
1982 5 22187.0
1982 6 24925.0
1982 7 22148.0
1982 8 24584.0
1982 9 21074.0
1982 10 22572.0
1982 11 22831.5
1982 12 23091.0
1983 1 22840.0
1983 2 22378.0
1983 3 39760.0
1983 4 39452.0
1983 5 48994.0
1983 6 46323.0
1983 7 34017.0
1983 8 40241.0
1983 9 37653.0
1983 10 33303.0
1983 11 33457.0
1983 12 23776.0
1984 1 34107.0
1984 2 36341.0
1984 3 44473.0
1984 4 49712.0
1984 5 49231.0
1984 6 47559.0
1984 7 45386.0
1984 8 39576.0
1984 9 37127.0
1984 10 39173.0
1984 11 25302.0
1984 12 20192.0
1985 1 30199.0
1985 2 32853.0
1985 3 35182.0
1985 4 40305.0
1985 5 44772.0
1985 6 40808.0
1985 7 41981.0
1985 8 43322.0
1985 9 34513.0
1985 10 38309.0
1985 11 26500.0
1985 12 24080.0
1986 1 32617.0
1986 2 32986.0
1986 3 40276.0
1986 4 48966.0
1986 5 55714.0
1986 6 52086.0
1986 7 54780.0
1986 8 47454.0
1986 9 46197.0
1986 10 48186.0
1986 11 32534.0
1986 12 36253.0
1987 1 35264.0
1987 2 38297.0
1987 3 62429.0
1987 4 57422.0
1987 5 46590.0
1987 6 50636.0
1987 7 47925.0
1987 8 40840.0
1987 9 43659.0
1987 10 34811.0
1987 11 25198.0
1987 12 23746.0
1988 1 20468.0
1988 2 33636.0
1988 3 37116.0
1988 4 35796.0
1988 5 41512.0
1988 6 40557.0
1988 7 38146.0
1988 8 32442.0
1988 9 37731.0
1988 10 33815.0
1988 11 28775.0
1988 12 23513.0
1989 1 21158.0
1989 2 23695.0
1989 3 30855.0
1989 4 37364.0
1989 5 42622.0
1989 6 37449.0
1989 7 33840.0
1989 8 37265.0
1989 9 32902.0
1989 10 38872.0
1989 11 27652.0
1989 12 25860.0
1990 1 32893.0
1990 2 22353.0
1990 3 38697.0
1990 4 44794.0
1990 5 45033.0
1990 6 41381.0
1990 7 44401.0
1990 8 42420.0
1990 9 33920.0
1990 10 28009.0
1990 11 29804.0
1990 12 20324.0
1991 1 22773.0
1991 2 27304.0
1991 3 31007.0
1991 4 38833.0
1991 5 42295.0
1991 6 40944.0
1991 7 44491.0
1991 8 38753.0
1991 9 38822.0
1991 10 53624.0
1991 11 31860.0
1991 12 22969.0
1992 1 27748.0
1992 2 34601.0
1992 3 46421.0
1992 4 57555.0
1992 5 47378.0
1992 6 56743.0
1992 7 53979.0
1992 8 47563.0
1992 9 50853.0
1992 10 53794.0
1992 11 44961.0
1992 12 37135.0
1993 1 36795.0
1993 2 38072.0
1993 3 48327.0
1993 4 58828.0
1993 5 56098.0
1993 6 82654.0
1993 7 63269.0
1993 8 81111.0
1993 9 65267.0
1993 10 65661.0
1993 11 53099.0
1993 12 49615.0
1994 1 53295.0
1994 2 65803.0
1994 3 94382.0
1994 4 89266.0
1994 5 84197.0
1994 6 83028.0
1994 7 77286.0
1994 8 76766.0
1994 9 73379.0
1994 10 64726.0
1994 11 58137.0
1994 12 50946.0
1995 1 53432.0
1995 2 54297.0
1995 3 64538.0
1995 4 65166.0
1995 5 78556.0
1995 6 94112.0
1995 7 68784.0
1995 8 80424.0
1995 9 64696.0
1995 10 67615.0
1995 11 61997.0
1995 12 53473.0
1996 1 50564.0
1996 2 58877.0
1996 3 70968.0
1996 4 80127.0
1996 5 87063.0
1996 6 78178.0
1996 7 73708.0
1996 8 72444.0
1996 9 64368.0
1996 10 66694.0
1996 11 61028.0
1996 12 56505.0
1997 1 60273.0
1997 2 59548.0
1997 3 68468.0
1997 4 80647.0
1997 5 73439.0
1997 6 99113.0
1997 7 85103.0
1997 8 68066.0
1997 9 48281.0
1997 10 96322.0
1997 11 52650.0
1997 12 56821.0
1998 1 71671.0
1998 2 57103.0
1998 3 52841.0
1998 4 86835.0
1998 5 93225.0
1998 6 87636.0
1998 7 83353.0
1998 8 75904.0
1998 9 83519.0
1998 10 84790.0
1998 11 72699.0
1998 12 77214.0
1999 1 61807.0
1999 2 48327.0
1999 3 101418.0
1999 4 110116.0
1999 5 95479.0
1999 6 113018.0
1999 7 86503.0
1999 8 88103.0
1999 9 81327.0
1999 10 66886.0
1999 11 68172.0
1999 12 72914.0
2000 1 63813.0
2000 2 78548.0
2000 3 96097.0
2000 4 100775.0
2000 5 96965.0
2000 6 103246.0
2000 7 84919.0
2000 8 83800.0
2000 9 105935.0
2000 10 77317.0
2000 11 71300.0
2000 12 60794.0
2001 1 76605.0
2001 2 76315.0
2001 3 116993.0
2001 4 118155.0
2001 5 106309.0
2001 6 75104.0
2001 7 122493.0
2001 8 111075.0
2001 9 87119.0
2001 10 94662.0
2001 11 76244.0
2001 12 37810.0
2002 1 57145.0
2002 2 83149.0
2002 3 103284.0
2002 4 118452.0
2002 5 143667.0
2002 6 122401.0
2002 7 131946.0
2002 8 119158.0
2002 9 110508.0
2002 10 122159.0
2002 11 89726.0
2002 12 99410.0
2003 1 99421.0
2003 2 88767.0
2003 3 137651.0
2003 4 118948.0
2003 5 138213.0
2003 6 154961.0
2003 7 136277.0
2003 8 143769.0
2003 9 153434.0
2003 10 159713.0
2003 11 119201.0
2003 12 116318.0
2004 1 120901.0
2004 2 146808.0
2004 3 166799.0
2004 4 165014.0
2004 5 174050.0
2004 6 190806.0
2004 7 148351.0
2004 8 149306.0
2004 9 172513.0
2004 10 156831.0
2004 11 137276.0
2004 12 131298.0
2005 1 129325.0
2005 2 165620.0
2005 3 173996.0
2005 4 163090.0
2005 5 206070.0
2005 6 190166.0
2005 7 160759.0
2005 8 194352.0
2005 9 176789.0
2005 10 170044.0
2005 11 145149.0
2005 12 146681.0
2006 1 140136.0
2006 2 160132.0
2006 3 241120.0
2006 4 170252.0
2006 5 195210.0
2006 6 179650.0
2006 7 145320.0
2006 8 164315.0
2006 9 159193.0
2006 10 145527.0
2006 11 110250.0
2006 12 97081.0
2007 1 112878.0
2007 2 122330.0
2007 3 141775.0
2007 4 153823.0
2007 5 174510.0
2007 6 200798.0
2007 7 139643.0
2007 8 142699.0
2007 9 93740.0
2007 10 108324.0
2007 11 85474.0
2007 12 61319.0
2008 1 80901.0
2008 2 83042.0
2008 3 95475.0
2008 4 96768.0
2008 5 106727.0
2008 6 109060.0
2008 7 79149.0
2008 8 84769.0
2008 9 62870.0
2008 10 63119.0
2008 11 37711.0
2008 12 40273.0
2009 1 52257.0
2009 2 40746.0
2009 3 53412.0
2009 4 69972.0
2009 5 62033.0
2009 6 69613.0
2009 7 77706.0
2009 8 74494.0
2009 9 68151.0
2009 10 63013.0
2009 11 49429.0
2009 12 53866.0
2010 1 49550.0
2010 2 60786.0
2010 3 79708.0
2010 4 74386.0
2010 5 65676.0
2010 6 79886.0
2010 7 66697.0
2010 8 58431.0
2010 9 59287.0
2010 10 51310.0
2010 11 46866.0
2010 12 47801.0
2011 1 41248.0
2011 2 37196.0
2011 3 53373.0
2011 4 61250.0
2011 5 64241.0
2011 6 70468.0
2011 7 56080.0
2011 8 56746.0
2011 9 47017.0
2011 10 49293.0
2011 11 39664.0
2011 12 41708.0
2012 1 48313.0
2012 2 50536.0
2012 3 59530.0
2012 4 57633.0
2012 5 70338.0
2012 6 61669.0
2012 7 71076.0
2012 8 67714.0
2012 9 62024.0
2012 10 62390.0
2012 11 94091.0
2012 12 49054.0
2013 1 61285.0
2013 2 61283.0
2013 3 61753.0
2013 4 62959.0
2013 5 64943.0
2013 6 63124.0
2013 7 71032.0
2013 8 56605.0
2013 9 66615.0
2013 10 61498.0
2013 11 48319.0
2013 12 49121.0
2014 1 49916.0
2014 2 49133.0
2014 3 64304.0
2014 4 69343.0
2014 5 72607.0
2014 6 66795.0
2014 7 65416.0
2014 8 69439.0
2014 9 61076.0
2014 10 67812.0
2014 11 48524.0
2014 12 59116.0
2015 1 52413.0
2015 2 50901.0
2015 3 71391.0
2015 4 76412.0
2015 5 87635.0
2015 6 92182.0
2015 7 80617.0
2015 8 74881.0
2015 9 66515.0
2015 10 66392.0
2015 11 58002.0
2015 12 67584.0
2016 1 53382.0
2016 2 63922.0
2016 3 67584.0
2016 4 77228.0
2016 5 81565.0
2016 6 91271.0
2016 7 66197.0
2016 8 82184.0
2016 9 66949.0
2016 10 64527.0
2016 11 68120.0
2016 12 63759.0
2017 1 55912.0
2017 2 67427.0
2017 3 80804.0
2017 4 75602.0
2017 5 88166.0
2017 6 85083.0
2017 7 55921.0
2017 8 78996.0
2017 9 73918.0
2017 10 74099.0
2017 11 60646.0
2017 12 78458.0
2018 1 83450.0
2018 2 91194.0
2018 3 97623.0
2018 4 93461.0
2018 5 87309.0
2018 6 104954.0
2018 7 86259.0
2018 8 98243.0
2018 9 61290.0
2018 10 75959.0
2018 11 74133.0
2018 12 65070.0
2019 1 75431.0
2019 2 71688.0
2019 3 88573.0
2019 4 86729.0
2019 5 91000.0
2019 6 94948.0
2019 7 89751.0
2019 8 103608.0
2019 9 76805.0
2019 10 107906.0
2019 11 78086.0
2019 12 67324.0
2020 1 90924.0
2020 2 84939.0
2020 3 100375.0
2020 4 79494.0
2020 5 76634.0
2020 6 109026.0
2020 7 102392.0
2020 8 96773.0
2020 9 103898.0
2020 10 105776.0
2020 11 94342.0
2020 12 87418.0
2021 1 89759.0
2021 2 106139.0
2021 3 147869.0
2021 4 155817.0
2021 5 131124.0
2021 6 137997.0
2021 7 108469.0
2021 8 126096.0
2021 9 119095.0
2021 10 98101.0
2021 11 98382.0
2021 12 99625.0
2022 1 103718.0
2022 2 110301.0
2022 3 142471.0
2022 4 175640.0
2022 5 153403.0
2022 6 166978.0
2022 7 119607.0
2022 8 136829.0
2022 9 99787.0
2022 10 101406.0
2022 11 68751.0
2022 12 75728.0
2023 1 90211.0
2023 2 84048.0
2023 3 124026.0
2023 4 113654.0
2023 5 125884.0
2023 6 937812.0
2023 7 145709.0
2023 8 162962.0
2023 9 125287.0
2023 10 126127.0
2023 11 110895.0
2023 12 108994.0
2024 1 139000.0
2024 2 134176.0
2024 3 171742.0
2024 4 208933.0
2024 5 255546.0
2024 6 242942.0
2024 7 223695.0
2024 8 197315.0
