1960 5 5314.0
1960 6 3030.0
1960 7 4987.0
1960 8 7745.0
1960 9 6446.0
1960 10 6998.0
1960 11 5247.0
1960 12 5284.0
1961 1 2590.0
1961 2 2989.0
1961 3 4421.0
1961 4 3794.0
1961 5 8447.0
1961 6 7921.0
1961 7 10329.0
1961 8 8231.0
1961 9 4818.0
1961 10 13134.0
1961 11 5071.0
1961 12 4449.0
1962 1 3264.0
1962 2 7742.0
1962 3 9197.0
1962 4 6130.0
1962 5 6330.0
1962 6 12598.0
1962 7 12946.0
1962 8 7703.0
1962 9 7872.0
1962 10 11932.0
1962 11 10045.0
1962 12 10380.0
1963 1 7192.0
1963 2 6260.0
1963 3 7916.0
1963 4 13184.0
1963 5 15970.0
1963 6 8007.0
1963 7 8490.0
1963 8 6017.0
1963 9 14354.0
1963 10 18225.0
1963 11 7544.0
1963 12 12646.0
1964 1 9799.0
1964 2 7759.0
1964 3 12550.0
1964 4 24827.0
1964 5 22484.666666666668
1964 6 20142.333333333332
1964 7 17800.0
1964 8 15457.666666666666
1964 9 13115.333333333332
1964 10 10773.0
1964 11 8430.666666666664
1964 12 6088.333333333332
1965 1 3746.0
1965 2 4941.0
1965 3 22396.0
1965 4 14946.0
1965 5 12640.0
1965 6 20575.0
1965 7 12847.0
1965 8 11278.0
1965 9 14132.0
1965 10 12184.0
1965 11 15667.0
1965 12 10544.0
1966 1 11890.0
1966 2 9869.0
1966 3 13232.0
1966 4 18180.0
1966 5 9150.0
1966 6 8025.0
1966 7 11954.0
1966 8 12039.0
1966 9 7559.0
1966 10 4626.0
1966 11 3915.0
1966 12 3822.0
1967 1 11876.0
1967 2 6710.0
1967 3 7429.0
1967 4 7044.0
1967 5 7250.0
1967 6 9729.0
1967 7 7242.0
1967 8 8277.0
1967 9 14130.0
1967 10 7814.0
1967 11 7816.0
1967 12 5139.0
1968 1 5008.0
1968 2 3943.0
1968 3 6174.0
1968 4 13045.0
1968 5 8760.0
1968 6 14505.0
1968 7 9938.0
1968 8 8051.0
1968 9 10078.0
1968 10 18852.0
1968 11 7558.0
1968 12 6878.0
1969 1 8048.0
1969 2 9314.0
1969 3 17744.0
1969 4 9943.0
1969 5 20252.0
1969 6 10912.0
1969 7 17256.0
1969 8 14154.0
1969 9 6980.0
1969 10 6913.0
1969 11 10484.0
1969 12 8186.0
1970 1 6469.0
1970 2 4783.0
1970 3 10537.0
1970 4 20217.0
1970 5 12218.0
1970 6 31636.0
1970 7 16509.0
1970 8 7336.0
1970 9 8809.0
1970 10 14388.0
1970 11 48064.0
1970 12 19901.0
1971 1 3467.0
1971 2 7019.0
1971 3 21932.0
1971 4 14956.0
1971 5 11909.0
1971 6 28274.0
1971 7 18103.0
1971 8 32379.0
1971 9 41924.0
1971 10 19095.0
1971 11 25253.0
1971 12 32810.0
1972 1 11898.0
1972 2 28726.0
1972 3 21700.0
1972 4 29279.0
1972 5 19009.0
1972 6 39030.0
1972 7 32307.0
1972 8 31216.0
1972 9 20904.0
1972 10 34364.0
1972 11 55902.0
1972 12 20929.0
1973 1 16779.0
1973 2 7623.0
1973 3 20597.0
1973 4 15973.0
1973 5 36569.0
1973 6 24189.0
1973 7 25048.0
1973 8 61511.0
1973 9 31065.0
1973 10 20148.0
1973 11 21666.0
1973 12 5102.0
1974 1 11507.0
1974 2 5840.0
1974 3 25209.0
1974 4 18866.0
1974 5 15544.0
1974 6 7947.0
1974 7 13287.0
1974 8 19596.0
1974 9 17700.0
1974 10 8384.0
1974 11 2161.0
1974 12 7018.0
1975 1 5546.0
1975 2 4905.0
1975 3 4680.0
1975 4 7599.0
1975 5 9299.0
1975 6 8390.0
1975 7 11218.0
1975 8 7993.0
1975 9 17114.0
1975 10 6115.0
1975 11 8848.0
1975 12 6363.0
1976 1 3517.0
1976 2 3622.0
1976 3 9781.0
1976 4 4443.0
1976 5 4557.0
1976 6 8812.0
1976 7 15317.0
1976 8 15368.0
1976 9 23576.0
1976 10 19123.0
1976 11 8270.0
1976 12 31783.0
1977 1 4879.0
1977 2 1354.0
1977 3 12040.0
1977 4 2236.0
1977 5 12576.0
1977 6 3286.0
1977 7 17151.0
1977 8 29885.0
1977 9 9499.0
1977 10 31004.0
1977 11 14083.0
1977 12 9114.0
1978 1 9267.0
1978 2 5542.0
1978 3 15295.0
1978 4 12227.0
1978 5 10578.0
1978 6 11697.0
1978 7 10601.0
1978 8 11376.0
1978 9 4923.0
1978 10 10178.0
1978 11 38843.0
1978 12 44715.0
1979 1 18763.0
1979 2 5865.0
1979 3 13028.0
1979 4 8845.0
1979 5 11439.0
1979 6 45128.0
1979 7 21927.0
1979 8 8576.0
1979 9 33537.0
1979 10 36070.0
1979 11 71300.0
1979 12 29717.0
1980 1 3546.0
1980 2 8585.0
1980 3 16711.0
1980 4 17760.0
1980 5 12462.0
1980 6 35572.0
1980 7 24344.0
1980 8 13085.0
1980 9 29767.0
1980 10 33822.0
1980 11 26951.0
1980 12 8854.0
1981 1 9922.0
1981 2 16412.0
1981 3 19863.0
1981 4 14671.0
1981 5 20102.0
1981 6 34252.0
1981 7 60832.0
1981 8 20713.0
1981 9 21391.0
1981 10 15614.0
1981 11 13578.0
1981 12 41368.0
1982 1 7890.0
1982 2 19304.0
1982 3 37155.0
1982 4 5722.0
1982 5 16160.0
1982 6 26509.0
1982 7 11217.0
1982 8 17983.0
1982 9 29068.0
1982 10 33777.0
1982 11 25124.0
1982 12 16471.0
1983 1 7217.0
1983 2 102807.0
1983 3 20728.0
1983 4 17562.0
1983 5 21068.0
1983 6 14369.0
1983 7 44032.0
1983 8 34918.0
1983 9 23023.0
1983 10 26466.0
1983 11 15573.0
1983 12 39746.0
1984 1 11882.0
1984 2 20211.0
1984 3 17333.0
1984 4 19172.0
1984 5 56325.0
1984 6 22488.0
1984 7 25027.0
1984 8 27925.0
1984 9 51649.0
1984 10 35552.0
1984 11 66617.0
1984 12 34137.0
1985 1 44557.0
1985 2 111324.0
1985 3 50539.0
1985 4 56506.0
1985 5 68089.0
1985 6 107765.0
1985 7 83535.0
1985 8 44912.0
1985 9 77285.0
1985 10 78638.0
1985 11 43136.0
1985 12 129754.0
1986 1 37388.0
1986 2 30339.0
1986 3 35855.0
1986 4 53034.0
1986 5 78487.0
1986 6 43122.0
1986 7 71090.0
1986 8 65706.0
1986 9 197387.0
1986 10 54778.0
1986 11 42558.0
1986 12 61854.0
1987 1 35686.0
1987 2 40858.0
1987 3 72006.0
1987 4 49561.0
1987 5 59088.0
1987 6 84024.0
1987 7 64963.0
1987 8 71321.0
1987 9 62759.0
1987 10 80792.0
1987 11 66614.0
1987 12 40232.0
1988 1 42010.0
1988 2 32863.0
1988 3 63814.0
1988 4 62579.0
1988 5 71109.0
1988 6 69275.0
1988 7 42322.0
1988 8 66577.0
1988 9 43391.0
1988 10 66256.0
1988 11 30201.0
1988 12 28718.0
1989 1 37651.0
1989 2 42451.0
1989 3 57459.0
1989 4 38334.0
1989 5 38851.0
1989 6 44836.0
1989 7 26484.0
1989 8 58345.0
1989 9 46452.0
1989 10 47967.0
1989 11 31308.0
1989 12 40382.0
1990 1 34983.0
1990 2 15382.0
1990 3 9577.0
1990 4 28142.0
1990 5 16494.0
1990 6 17459.0
1990 7 9239.0
1990 8 16674.0
1990 9 29078.0
1990 10 23369.0
1990 11 9977.0
1990 12 11154.0
1991 1 7549.0
1991 2 6184.0
1991 3 8716.0
1991 4 19125.0
1991 5 3007.0
1991 6 9303.0
1991 7 8762.0
1991 8 7803.0
1991 9 9363.0
1991 10 20312.0
1991 11 33307.0
1991 12 16189.0
1992 1 16984.0
1992 2 10300.0
1992 3 8657.0
1992 4 6730.0
1992 5 12719.0
1992 6 9445.0
1992 7 19305.0
1992 8 6562.0
1992 9 10159.0
1992 10 7749.0
1992 11 8544.0
1992 12 4175.0
1993 1 3096.0
1993 2 10345.0
1993 3 7957.0
1993 4 7768.0
1993 5 14837.0
1993 6 10169.0
1993 7 10761.0
1993 8 17034.0
1993 9 9156.0
1993 10 12121.0
1993 11 12930.0
1993 12 12108.0
1994 1 7003.0
1994 2 5019.0
1994 3 6777.0
1994 4 6789.0
1994 5 7392.0
1994 6 8558.0
1994 7 23781.0
1994 8 14308.0
1994 9 11574.0
1994 10 6912.0
1994 11 21014.0
1994 12 9601.0
1995 1 11026.0
1995 2 10782.0
1995 3 9436.0
1995 4 12793.0
1995 5 13946.0
1995 6 12566.0
1995 7 9001.0
1995 8 11560.0
1995 9 30978.0
1995 10 10190.0
1995 11 7598.0
1995 12 4379.0
1996 1 8107.0
1996 2 4119.0
1996 3 11395.0
1996 4 14524.0
1996 5 15692.0
1996 6 12073.0
1996 7 14312.0
1996 8 18404.0
1996 9 9340.0
1996 10 25471.0
1996 11 17267.0
1996 12 14860.0
1997 1 11504.0
1997 2 8837.0
1997 3 15816.0
1997 4 10904.0
1997 5 16816.0
1997 6 21336.0
1997 7 16648.0
1997 8 10823.0
1997 9 15870.0
1997 10 13010.0
1997 11 12486.0
1997 12 32416.0
1998 1 17937.0
1998 2 10182.0
1998 3 11627.0
1998 4 12220.0
1998 5 10314.0
1998 6 10730.0
1998 7 13405.0
1998 8 13565.0
1998 9 49644.0
1998 10 35665.0
1998 11 19712.0
1998 12 15994.0
1999 1 16888.0
1999 2 13272.0
1999 3 32955.0
1999 4 25267.0
1999 5 15025.0
1999 6 27807.0
1999 7 14317.0
1999 8 36084.0
1999 9 27039.0
1999 10 20750.0
1999 11 30383.0
1999 12 24434.0
2000 1 83703.0
2000 2 18181.0
2000 3 26143.0
2000 4 45515.0
2000 5 19273.0
2000 6 39683.0
2000 7 25222.0
2000 8 29424.0
2000 9 22494.0
2000 10 36680.0
2000 11 52173.0
2000 12 22991.0
2001 1 33284.0
2001 2 24144.0
2001 3 39949.0
2001 4 29048.0
2001 5 47757.0
2001 6 21425.0
2001 7 40140.0
2001 8 34258.0
2001 9 46240.0
2001 10 35839.0
2001 11 39574.0
2001 12 35347.0
2002 1 32962.0
2002 2 22690.0
2002 3 25667.0
2002 4 40156.0
2002 5 41194.0
2002 6 49729.0
2002 7 42591.0
2002 8 35181.0
2002 9 55567.0
2002 10 48941.0
2002 11 43879.0
2002 12 32097.0
2003 1 29594.0
2003 2 36547.0
2003 3 38728.0
2003 4 44716.0
2003 5 65135.0
2003 6 34853.0
2003 7 52994.0
2003 8 57488.0
2003 9 48456.0
2003 10 89856.0
2003 11 42665.0
2003 12 70778.0
2004 1 39487.0
2004 2 41297.0
2004 3 140125.0
2004 4 81109.0
2004 5 64855.0
2004 6 76655.0
2004 7 78021.0
2004 8 66556.0
2004 9 62143.0
2004 10 65698.0
2004 11 72156.0
2004 12 111207.0
2005 1 98900.0
2005 2 77304.0
2005 3 78855.0
2005 4 79656.0
2005 5 96501.0
2005 6 209420.0
2005 7 71982.0
2005 8 188544.0
2005 9 83296.0
2005 10 92931.0
2005 11 69989.0
2005 12 77170.0
2006 1 68301.0
2006 2 91605.0
2006 3 95494.0
2006 4 86670.0
2006 5 94706.0
2006 6 114519.0
2006 7 98563.0
2006 8 81251.0
2006 9 211240.0
2006 10 69521.0
2006 11 123606.0
2006 12 106960.0
2007 1 82456.0
2007 2 61252.0
2007 3 56308.0
2007 4 78546.0
2007 5 75805.0
2007 6 114912.0
2007 7 63680.0
2007 8 142989.0
2007 9 57091.0
2007 10 86817.0
2007 11 81973.0
2007 12 105069.0
2008 1 57853.0
2008 2 53339.0
2008 3 126177.0
2008 4 51951.0
2008 5 110949.0
2008 6 268157.0
2008 7 42621.0
2008 8 34101.0
2008 9 40120.0
2008 10 39364.0
2008 11 36662.0
2008 12 30750.0
2009 1 26125.0
2009 2 34712.0
2009 3 23669.0
2009 4 23255.0
2009 5 34539.0
2009 6 16387.0
2009 7 13503.0
2009 8 16176.0
2009 9 47631.0
2009 10 16503.0
2009 11 43672.0
2009 12 59276.0
2010 1 33852.0
2010 2 12218.0
2010 3 17535.0
2010 4 50082.0
2010 5 24756.0
2010 6 50848.0
2010 7 49285.0
2010 8 46552.0
2010 9 64880.0
2010 10 70309.0
2010 11 33870.0
2010 12 66800.0
2011 1 49173.0
2011 2 42088.0
2011 3 99677.0
2011 4 34835.0
2011 5 43602.0
2011 6 89577.0
2011 7 17828.0
2011 8 42112.0
2011 9 45437.0
2011 10 39160.0
2011 11 55748.0
2011 12 74908.0
2012 1 44386.0
2012 2 54143.0
2012 3 61753.0
2012 4 67270.0
2012 5 60100.0
2012 6 145752.0
2012 7 168109.0
2012 8 57070.0
2012 9 66823.0
2012 10 68936.0
2012 11 41182.0
2012 12 68051.0
2013 1 101614.0
2013 2 41154.0
2013 3 66998.0
2013 4 79558.0
2013 5 197387.0
2013 6 94733.0
2013 7 84309.0
2013 8 170144.0
2013 9 51723.0
2013 10 82169.0
2013 11 67549.0
2013 12 97077.0
2014 1 54891.0
2014 2 101969.0
2014 3 130461.0
2014 4 89932.0
2014 5 93570.0
2014 6 145020.0
2014 7 398554.0
2014 8 96043.0
2014 9 161528.0
2014 10 62984.0
2014 11 78942.0
2014 12 80060.0
2015 1 101084.0
2015 2 59427.0
2015 3 85836.0
2015 4 265564.0
2015 5 295926.0
2015 6 361792.0
2015 7 103356.0
2015 8 149387.0
2015 9 90430.0
2015 10 105491.0
2015 11 105117.0
2015 12 198496.0
2016 1 44340.0
2016 2 306950.0
2016 3 77459.0
2016 4 145819.0
2016 5 88921.0
2016 6 199925.0
2016 7 79544.0
2016 8 223644.0
2016 9 89078.0
2016 10 60577.0
2016 11 61600.0
2016 12 155135.0
2017 1 143686.0
2017 2 206504.0
2017 3 72064.0
2017 4 62924.0
2017 5 126171.0
2017 6 101659.0
2017 7 228525.0
2017 8 155172.0
2017 9 144351.0
2017 10 207563.0
2017 11 219268.0
2017 12 163660.0
2018 1 72917.0
2018 2 261345.0
2018 3 118882.0
2018 4 66984.0
2018 5 218017.0
2018 6 583653.0
2018 7 103081.0
2018 8 128982.0
2018 9 73731.0
2018 10 144334.0
2018 11 104934.0
2018 12 93792.0
2019 1 82518.0
2019 2 67098.0
2019 3 148711.0
2019 4 115793.0
2019 5 209707.0
2019 6 142501.0
2019 7 107399.0
2019 8 190404.0
2019 9 221023.0
2019 10 441281.0
2019 11 140669.0
2019 12 305140.0
2020 1 209279.0
2020 2 118642.0
2020 3 154531.0
2020 4 49223.0
2020 5 120773.0
2020 6 158954.0
2020 7 238309.0
2020 8 111667.0
2020 9 186954.0
2020 10 179183.0
2020 11 185427.0
2020 12 203534.0
2021 1 178682.0
2021 2 74403.0
2021 3 131989.0
2021 4 185926.0
2021 5 143868.0
2021 6 150771.0
2021 7 199919.0
2021 8 203310.0
2021 9 136854.0
2021 10 129601.0
2021 11 216287.0
2021 12 264631.0
2022 1 133177.0
2022 2 143652.0
2022 3 302495.0
2022 4 287655.0
2022 5 85908.0
2022 6 473696.0
2022 7 399766.0
2022 8 131399.0
2022 9 145926.0
2022 10 76764.0
2022 11 208352.0
2022 12 209252.0
2023 1 118282.0
2023 2 73962.0
2023 3 170692.0
2023 4 127197.0
2023 5 296244.0
2023 6 139147.0
2023 7 176340.0
2023 8 264384.0
2023 9 131071.0
2023 10 206494.0
2023 11 99714.0
2023 12 273904.0
2024 1 314819.0
2024 2 355257.0
2024 3 255417.0
2024 4 173503.0
2024 5 149269.0
2024 6 175542.0
2024 7 165219.0
2024 8 258929.0
