1960 5 15.0
1960 6 29.5
1960 7 44.0
1960 8 58.0
1960 9 47.0
1960 10 36.0
1960 11 43.0
1960 12 36.5
1961 1 30.0
1961 2 19.5
1961 3 9.0
1961 4 43.5
1961 5 78.0
1961 6 46.5
1961 7 15.0
1961 8 15.0
1961 9 15.0
1961 10 22.0
1961 11 34.0
1961 12 29.75
1962 1 25.5
1962 2 21.25
1962 3 17.0
1962 4 20.0
1962 5 150.0
1962 6 51.0
1962 7 16.0
1962 8 30.333333333333336
1962 9 44.66666666666667
1962 10 59.0
1962 11 26.0
1962 12 59.0
1963 1 45.0
1963 2 31.0
1963 3 67.5
1963 4 104.0
1963 5 217.0
1963 6 30.0
1963 7 57.0
1963 8 97.0
1963 9 34.0
1963 10 40.0
1963 11 176.0
1963 12 76.0
1964 1 42.0
1964 2 34.0
1964 3 45.0
1964 4 126.0
1964 5 69.0
1964 6 72.0
1964 7 57.0
1964 8 118.0
1964 9 202.5
1964 10 287.0
1964 11 116.0
1964 12 96.0
1965 1 45.0
1965 2 68.0
1965 3 15.0
1965 4 82.0
1965 5 334.0
1965 6 95.0
1965 7 56.0
1965 8 35.0
1965 9 96.0
1965 10 28.0
1965 11 34.0
1965 12 111.0
1966 1 38.0
1966 2 68.0
1966 3 88.0
1966 4 48.0
1966 5 294.0
1966 6 154.0
1966 7 59.0
1966 8 67.0
1966 9 101.0
1966 10 42.0
1966 11 126.0
1966 12 89.0
1967 1 20.0
1967 2 215.0
1967 3 12.0
1967 4 128.0
1967 5 52.0
1967 6 146.0
1967 7 40.0
1967 8 44.0
1967 9 48.0
1967 10 174.0
1967 11 154.0
1967 12 44.0
1968 1 26.0
1968 2 248.0
1968 3 16.0
1968 4 28.0
1968 5 18.0
1968 6 50.0
1968 7 309.0
1968 8 172.0
1968 9 251.0
1968 10 400.0
1968 11 185.0
1968 12 32.0
1969 1 113.0
1969 2 122.0
1969 3 363.0
1969 4 471.0
1969 5 400.0
1969 6 211.0
1969 7 30.0
1969 8 43.0
1969 9 307.0
1969 10 288.0
1969 11 149.0
1969 12 449.0
1970 1 105.0
1970 2 165.0
1970 3 66.0
1970 4 66.0
1970 5 71.0
1970 6 35.0
1970 7 111.0
1970 8 1377.0
1970 9 192.0
1970 10 166.0
1970 11 225.0
1970 12 34.0
1971 1 3213.0
1971 2 69.0
1971 3 244.0
1971 4 89.0
1971 5 73.0
1971 6 342.0
1971 7 69.0
1971 8 645.0
1971 9 124.0
1971 10 311.0
1971 11 266.0
1971 12 25.0
1972 1 379.0
1972 2 39.0
1972 3 155.0
1972 4 75.0
1972 5 278.0
1972 6 303.0
1972 7 270.0
1972 8 232.0
1972 9 479.0
1972 10 382.0
1972 11 664.0
1972 12 106.0
1973 1 146.5
1973 2 187.0
1973 3 22.0
1973 4 175.0
1973 5 81.0
1973 6 156.0
1973 7 39.0
1973 8 617.0
1973 9 360.0
1973 10 143.0
1973 11 100.0
1973 12 48.0
1974 1 315.0
1974 2 32.0
1974 3 105.0
1974 4 132.0
1974 5 191.0
1974 6 89.0
1974 7 369.0
1974 8 348.0
1974 9 128.0
1974 10 73.0
1974 11 59.0
1974 12 80.0
1975 1 45.0
1975 2 50.5
1975 3 56.0
1975 4 177.0
1975 5 30.0
1975 6 1082.0
1975 7 178.0
1975 8 180.0
1975 9 9.0
1975 10 233.0
1975 11 490.0
1975 12 475.0
1976 1 422.0
1976 2 311.0
1976 3 200.0
1976 4 646.0
1976 5 63.0
1976 6 416.0
1976 7 268.0
1976 8 668.0
1976 9 272.0
1976 10 125.0
1976 11 110.0
1976 12 623.0
1977 1 491.0
1977 2 776.0
1977 3 211.0
1977 4 6801.0
1977 5 524.0
1977 6 3436.0
1977 7 247.0
1977 8 243.0
1977 9 969.0
1977 10 381.0
1977 11 443.0
1977 12 741.0
1978 1 100.0
1978 2 59.0
1978 3 298.0
1978 4 640.0
1978 5 104.0
1978 6 842.0
1978 7 320.0
1978 8 120.0
1978 9 361.0
1978 10 1517.0
1978 11 516.0
1978 12 552.0
1979 1 351.0
1979 2 205.0
1979 3 322.0
1979 4 627.0
1979 5 123.0
1979 6 460.0
1979 7 333.0
1979 8 352.0
1979 9 202.0
1979 10 971.0
1979 11 364.0
1979 12 484.0
1980 1 305.0
1980 2 133.0
1980 3 117.0
1980 4 1620.0
1980 5 314.0
1980 6 292.0
1980 7 1589.0
1980 8 1164.0
1980 9 2144.0
1980 10 793.0
1980 11 3089.0
1980 12 677.0
1981 1 192.0
1981 2 1285.0
1981 3 6154.0
1981 4 954.0
1981 5 1180.0
1981 6 848.0
1981 7 2775.0
1981 8 783.0
1981 9 1167.0
1981 10 768.0
1981 11 1242.0
1981 12 433.0
1982 1 32.0
1982 2 380.0
1982 3 618.0
1982 4 309.0
1982 5 2127.0
1982 6 242.0
1982 7 672.0
1982 8 1699.0
1982 9 1327.0
1982 10 1014.0
1982 11 1046.5
1982 12 1079.0
1983 1 574.0
1983 2 475.0
1983 3 2613.0
1983 4 8459.0
1983 5 802.0
1983 6 1388.0
1983 7 2139.0
1983 8 786.0
1983 9 1036.0
1983 10 1850.0
1983 11 1788.0
1983 12 1790.0
1984 1 653.0
1984 2 1482.0
1984 3 10515.0
1984 4 1196.0
1984 5 3349.0
1984 6 1482.0
1984 7 1542.0
1984 8 2706.0
1984 9 1747.0
1984 10 2525.0
1984 11 3535.0
1984 12 4750.0
1985 1 2969.0
1985 2 2292.0
1985 3 2812.0
1985 4 7592.0
1985 5 13397.0
1985 6 4032.0
1985 7 3402.0
1985 8 4589.0
1985 9 8331.0
1985 10 3227.0
1985 11 2165.0
1985 12 4738.0
1986 1 7651.0
1986 2 3198.0
1986 3 3235.0
1986 4 9970.0
1986 5 7092.0
1986 6 23457.0
1986 7 10407.0
1986 8 7895.0
1986 9 5974.0
1986 10 4802.0
1986 11 4952.0
1986 12 12691.0
1987 1 3833.0
1987 2 5485.0
1987 3 2960.0
1987 4 5905.0
1987 5 5845.0
1987 6 5601.0
1987 7 8613.0
1987 8 5404.0
1987 9 6750.0
1987 10 8668.0
1987 11 6766.0
1987 12 6446.0
1988 1 8194.0
1988 2 9837.0
1988 3 7571.0
1988 4 6521.0
1988 5 6049.0
1988 6 5358.0
1988 7 5379.0
1988 8 2365.0
1988 9 2209.0
1988 10 4763.0
1988 11 7809.0
1988 12 915.0
1989 1 1146.0
1989 2 1214.0
1989 3 1699.0
1989 4 1401.0
1989 5 3330.0
1989 6 3529.0
1989 7 2081.0
1989 8 1689.0
1989 9 1026.0
1989 10 1619.0
1989 11 739.0
1989 12 1979.0
1990 1 453.0
1990 2 2744.0
1990 3 397.0
1990 4 636.0
1990 5 679.0
1990 6 1005.0
1990 7 351.0
1990 8 367.0
1990 9 367.0
1990 10 354.0
1990 11 351.0
1990 12 794.0
1991 1 74.0
1991 2 319.0
1991 3 638.0
1991 4 957.0
1991 5 87.0
1991 6 118.5
1991 7 150.0
1991 8 103.0
1991 9 1285.0
1991 10 124.0
1991 11 476.0
1991 12 103.0
1992 1 100.0
1992 2 1056.0
1992 3 247.0
1992 4 93.0
1992 5 125.0
1992 6 1449.0
1992 7 630.0
1992 8 150.0
1992 9 253.33333333333331
1992 10 356.66666666666663
1992 11 460.0
1992 12 357.0
1993 1 235.0
1993 2 113.0
1993 3 1000.0
1993 4 1553.0
1993 5 1088.6666666666667
1993 6 624.3333333333334
1993 7 160.0
1993 8 202.0
1993 9 888.0
1993 10 200.0
1993 11 60.0
1993 12 403.0
1994 1 84.0
1994 2 136.0
1994 3 88.0
1994 4 954.0
1994 5 636.0
1994 6 1053.0
1994 7 441.0
1994 8 583.0
1994 9 386.0
1994 10 1446.0
1994 11 1499.0
1994 12 94.0
1995 1 904.0
1995 2 1018.5
1995 3 1133.0
1995 4 600.0
1995 5 2326.0
1995 6 392.0
1995 7 341.0
1995 8 508.0
1995 9 261.0
1995 10 522.0
1995 11 447.0
1995 12 585.0
1996 1 355.0
1996 2 487.0
1996 3 2084.0
1996 4 2571.0
1996 5 173.0
1996 6 631.0
1996 7 784.0
1996 8 606.0
1996 9 136.0
1996 10 805.0
1996 11 112.0
1996 12 1381.0
1997 1 873.0
1997 2 353.0
1997 3 257.0
1997 4 1967.0
1997 5 458.0
1997 6 483.0
1997 7 1291.0
1997 8 113.0
1997 9 951.0
1997 10 981.0
1997 11 951.0
1997 12 748.0
1998 1 200.0
1998 2 603.0
1998 3 1106.0
1998 4 933.0
1998 5 758.0
1998 6 1446.0
1998 7 1522.0
1998 8 1650.0
1998 9 771.0
1998 10 312.0
1998 11 1728.0
1998 12 2517.0
1999 1 734.0
1999 2 2334.0
1999 3 1605.0
1999 4 2040.0
1999 5 2324.0
1999 6 1282.0
1999 7 2805.0
1999 8 1232.0
1999 9 963.0
1999 10 1398.0
1999 11 756.0
1999 12 1283.0
2000 1 544.0
2000 2 711.0
2000 3 878.0
2000 4 1179.0
2000 5 1191.0
2000 6 1131.0
2000 7 614.0
2000 8 1406.0
2000 9 1283.0
2000 10 1514.0
2000 11 1335.0
2000 12 206.0
2001 1 300.0
2001 2 1546.0
2001 3 711.0
2001 4 3279.0
2001 5 949.0
2001 6 500.0
2001 7 1147.0
2001 8 1248.0
2001 9 977.0
2001 10 1244.0
2001 11 605.0
2001 12 1145.0
2002 1 1029.0
2002 2 1541.0
2002 3 1127.0
2002 4 2087.0
2002 5 4306.0
2002 6 1621.0
2002 7 2297.0
2002 8 1971.0
2002 9 2240.0
2002 10 4400.0
2002 11 5306.0
2002 12 7980.0
2003 1 2854.0
2003 2 1311.0
2003 3 5519.0
2003 4 4463.0
2003 5 3075.0
2003 6 3702.0
2003 7 5434.0
2003 8 4236.0
2003 9 2397.0
2003 10 7453.0
2003 11 2546.0
2003 12 3489.0
2004 1 1673.0
2004 2 639.0
2004 3 2605.0
2004 4 4312.0
2004 5 6034.0
2004 6 5046.0
2004 7 5580.0
2004 8 4416.0
2004 9 10492.0
2004 10 5385.0
2004 11 3278.0
2004 12 3113.0
2005 1 3669.0
2005 2 1601.0
2005 3 3384.0
2005 4 6032.0
2005 5 5017.0
2005 6 6120.0
2005 7 2943.0
2005 8 3555.0
2005 9 4249.0
2005 10 7986.0
2005 11 2660.0
2005 12 1251.0
2006 1 829.0
2006 2 1871.0
2006 3 6520.0
2006 4 4131.0
2006 5 3840.0
2006 6 2380.0
2006 7 904.0
2006 8 3119.0
2006 9 3490.0
2006 10 2822.0
2006 11 1983.0
2006 12 1912.0
2007 1 6240.0
2007 2 446.0
2007 3 1909.0
2007 4 728.0
2007 5 2153.0
2007 6 2021.0
2007 7 2409.0
2007 8 1753.0
2007 9 480.0
2007 10 1617.0
2007 11 2014.0
2007 12 375.0
2008 1 190.0
2008 2 583.0
2008 3 1602.0
2008 4 308.0
2008 5 590.0
2008 6 2559.0
2008 7 2441.0
2008 8 765.0
2008 9 2819.0
2008 10 795.0
2008 11 998.0
2008 12 6871.0
2009 1 304.0
2009 2 550.0
2009 3 747.0
2009 4 1056.0
2009 5 1461.0
2009 6 3659.0
2009 7 320.0
2009 8 1637.0
2009 9 1399.0
2009 10 985.0
2009 11 831.0
2009 12 2476.0
2010 1 260.0
2010 2 305.0
2010 3 406.0
2010 4 2135.0
2010 5 1034.0
2010 6 4852.0
2010 7 2806.0
2010 8 2105.0
2010 9 2814.0
2010 10 1384.0
2010 11 5413.0
2010 12 1783.0
2011 1 1410.0
2011 2 805.0
2011 3 1823.0
2011 4 1477.0
2011 5 833.0
2011 6 791.0
2011 7 1272.0
2011 8 1137.0
2011 9 2583.0
2011 10 898.0
2011 11 2112.0
2011 12 200.0
2012 1 816.0
2012 2 305.0
2012 3 828.0
2012 4 1355.0
2012 5 5651.0
2012 6 1420.0
2012 7 1753.0
2012 8 1150.0
2012 9 1307.0
2012 10 1603.0
2012 11 922.0
2012 12 1830.0
2013 1 635.0
2013 2 861.0
2013 3 2862.0
2013 4 307.0
2013 5 1138.0
2013 6 532.0
2013 7 1711.0
2013 8 907.0
2013 9 394.0
2013 10 1923.0
2013 11 2226.0
2013 12 2310.0
2014 1 508.0
2014 2 2376.0
2014 3 2050.0
2014 4 2755.0
2014 5 2998.0
2014 6 3151.0
2014 7 4751.0
2014 8 1580.0
2014 9 2709.0
2014 10 2736.0
2014 11 1223.0
2014 12 1485.0
2015 1 1171.0
2015 2 250.0
2015 3 1173.0
2015 4 3774.0
2015 5 958.0
2015 6 4665.0
2015 7 1155.0
2015 8 1832.0
2015 9 652.0
2015 10 537.0
2015 11 278.0
2015 12 3385.0
2016 1 1493.0
2016 2 3440.0
2016 3 473.0
2016 4 2876.0
2016 5 802.0
2016 6 2157.0
2016 7 1519.0
2016 8 4204.0
2016 9 1436.0
2016 10 1157.0
2016 11 3902.0
2016 12 2842.0
2017 1 240.0
2017 2 1887.0
2017 3 1388.0
2017 4 3221.0
2017 5 1355.0
2017 6 5974.0
2017 7 3341.0
2017 8 1157.0
2017 9 545.0
2017 10 7303.0
2017 11 1446.0
2017 12 1348.0
2018 1 1600.0
2018 2 1399.0
2018 3 1656.0
2018 4 1217.0
2018 5 2548.0
2018 6 8591.0
2018 7 2155.0
2018 8 10915.0
2018 9 7025.0
2018 10 582.0
2018 11 3354.0
2018 12 1318.0
2019 1 7460.0
2019 2 1060.0
2019 3 1763.0
2019 4 8322.0
2019 5 2032.0
2019 6 7508.0
2019 7 2526.0
2019 8 1663.0
2019 9 2489.0
2019 10 2227.0
2019 11 638.0
2019 12 1243.0
2020 1 1147.0
2020 2 2266.0
2020 3 3017.0
2020 4 1539.0
2020 5 150.0
2020 6 2708.0
2020 7 1489.0
2020 8 2233.0
2020 9 689.0
2020 10 1115.0
2020 11 1377.0
2020 12 1022.0
2021 1 998.0
2021 2 355.0
2021 3 1352.0
2021 4 1540.0
2021 5 1095.0
2021 6 6848.0
2021 7 2406.0
2021 8 3034.0
2021 9 2454.0
2021 10 1874.0
2021 11 2411.0
2021 12 2031.0
2022 1 296.0
2022 2 2897.0
2022 3 5851.0
2022 4 4886.0
2022 5 4141.0
2022 6 3409.0
2022 7 4276.0
2022 8 4034.0
2022 9 10632.0
2022 10 3820.0
2022 11 4890.0
2022 12 10131.0
2023 1 2552.0
2023 2 2703.0
2023 3 9024.0
2023 4 11500.0
2023 5 4199.0
2023 6 5259.0
2023 7 2148.0
2023 8 11561.0
2023 9 3842.0
2023 10 9355.0
2023 11 2769.0
2023 12 1575.0
2024 1 2106.0
2024 2 2011.0
2024 3 4694.0
2024 4 9320.0
2024 5 6488.0
2024 6 4192.0
2024 7 5897.0
2024 8 13696.0
