1960 5 2819.0
1960 6 2229.0
1960 7 2749.0
1960 8 2516.0
1960 9 2268.0
1960 10 2449.0
1960 11 963.0
1960 12 181.0
1961 1 142.0
1961 2 518.0
1961 3 1128.0
1961 4 1814.0
1961 5 1894.0
1961 6 1871.0
1961 7 1903.0
1961 8 2279.0
1961 9 2160.0
1961 10 2659.0
1961 11 1488.0
1961 12 324.0
1962 1 211.0
1962 2 238.0
1962 3 725.0
1962 4 2020.0
1962 5 2218.0
1962 6 2002.0
1962 7 1909.0
1962 8 2345.0
1962 9 1834.0
1962 10 2979.0
1962 11 2885.0
1962 12 780.0
1963 1 132.0
1963 2 120.0
1963 3 931.0
1963 4 2561.0
1963 5 2926.0
1963 6 2199.0
1963 7 2239.0
1963 8 2022.0
1963 9 2250.0
1963 10 3662.0
1963 11 1774.0
1963 12 684.0
1964 1 225.0
1964 2 1088.0
1964 3 719.0
1964 4 2361.0
1964 5 2728.0
1964 6 1848.0
1964 7 2169.0
1964 8 2075.0
1964 9 2184.0
1964 10 3488.0
1964 11 1566.0
1964 12 199.0
1965 1 124.0
1965 2 321.0
1965 3 944.0
1965 4 2050.0
1965 5 2986.0
1965 6 2229.0
1965 7 1932.0
1965 8 2189.0
1965 9 2263.0
1965 10 3046.0
1965 11 2000.0
1965 12 819.0
1966 1 171.0
1966 2 174.0
1966 3 453.0
1966 4 2088.0
1966 5 2570.0
1966 6 1883.0
1966 7 1406.0
1966 8 1547.0
1966 9 841.0
1966 10 2203.0
1966 11 1150.0
1966 12 214.0
1967 1 260.0
1967 2 163.0
1967 3 552.0
1967 4 2228.0
1967 5 2274.0
1967 6 1404.0
1967 7 1607.0
1967 8 2121.0
1967 9 2545.0
1967 10 2557.0
1967 11 1742.0
1967 12 852.0
1968 1 400.0
1968 2 365.0
1968 3 918.0
1968 4 3422.0
1968 5 5639.0
1968 6 2328.0
1968 7 3781.0
1968 8 3232.0
1968 9 3403.0
1968 10 4572.0
1968 11 3662.0
1968 12 841.0
1969 1 117.0
1969 2 131.0
1969 3 661.0
1969 4 2532.0
1969 5 2914.0
1969 6 3235.0
1969 7 5203.0
1969 8 2418.0
1969 9 3693.0
1969 10 4457.0
1969 11 2726.0
1969 12 626.0
1970 1 380.0
1970 2 168.0
1970 3 544.0
1970 4 2170.0
1970 5 4025.0
1970 6 3861.0
1970 7 2197.0
1970 8 3672.0
1970 9 4146.0
1970 10 4408.0
1970 11 4309.0
1970 12 1064.0
1971 1 276.0
1971 2 388.0
1971 3 678.0
1971 4 4631.0
1971 5 5845.0
1971 6 4609.0
1971 7 4279.0
1971 8 6596.0
1971 9 6290.0
1971 10 5263.0
1971 11 3840.0
1971 12 684.0
1972 1 2573.0
1972 2 203.0
1972 3 3817.0
1972 4 7804.0
1972 5 7004.0
1972 6 7329.0
1972 7 5033.0
1972 8 5208.0
1972 9 7528.0
1972 10 4943.0
1972 11 5878.0
1972 12 970.0
1973 1 974.0
1973 2 553.0
1973 3 5368.0
1973 4 9113.0
1973 5 7069.0
1973 6 6626.0
1973 7 3196.0
1973 8 9276.0
1973 9 3782.0
1973 10 8017.0
1973 11 3705.0
1973 12 1623.0
1974 1 835.0
1974 2 223.0
1974 3 2815.0
1974 4 7800.0
1974 5 6500.0
1974 6 6332.0
1974 7 5522.0
1974 8 10234.0
1974 9 5527.0
1974 10 11912.0
1974 11 3797.0
1974 12 2284.0
1975 1 166.0
1975 2 374.0
1975 3 3070.0
1975 4 8515.0
1975 5 10518.0
1975 6 11098.0
1975 7 10474.0
1975 8 12114.0
1975 9 15846.0
1975 10 17021.0
1975 11 11007.0
1975 12 2247.0
1976 1 650.0
1976 2 1721.0
1976 3 6206.0
1976 4 19929.0
1976 5 18040.0
1976 6 17755.0
1976 7 16906.0
1976 8 14412.0
1976 9 20007.0
1976 10 20553.0
1976 11 13115.0
1976 12 4492.0
1977 1 463.0
1977 2 1795.0
1977 3 12998.0
1977 4 1256901.0
1977 5 22103.0
1977 6 1371213.0
1977 7 18117.0
1977 8 18652.0
1977 9 19321.0
1977 10 22153.0
1977 11 10260.0
1977 12 1153.0
1978 1 842.0
1978 2 3005.0
1978 3 8652.0
1978 4 23050.0
1978 5 22235.0
1978 6 24087.0
1978 7 21011.0
1978 8 20022.0
1978 9 22979.0
1978 10 26395.0
1978 11 12187.0
1978 12 2219.0
1979 1 1725.0
1979 2 1332.0
1979 3 4829.0
1979 4 13928.0
1979 5 28545.0
1979 6 27511.0
1979 7 23883.0
1979 8 17995.0
1979 9 19115.0
1979 10 18726.0
1979 11 6497.0
1979 12 1000.0
1980 1 894.0
1980 2 1586.0
1980 3 2215.0
1980 4 6425.0
1980 5 10434.0
1980 6 7585.0
1980 7 10662.0
1980 8 15573.0
1980 9 20872.0
1980 10 15168.0
1980 11 8427.0
1980 12 4960.0
1981 1 1047.0
1981 2 969.0
1981 3 5015.0
1981 4 8538.0
1981 5 10399.0
1981 6 5713.0
1981 7 6584.0
1981 8 5592.0
1981 9 8907.0
1981 10 10181.0
1981 11 5515.0
1981 12 2542.0
1982 1 455.0
1982 2 249.0
1982 3 1724.0
1982 4 6721.0
1982 5 7227.0
1982 6 11311.0
1982 7 7554.0
1982 8 7774.0
1982 9 12242.0
1982 10 11516.0
1982 11 6540.0
1982 12 1564.0
1983 1 2975.0
1983 2 1227.0
1983 3 5678.0
1983 4 16744.0
1983 5 25367.0
1983 6 20422.0
1983 7 17339.0
1983 8 14289.0
1983 9 17901.0
1983 10 19660.0
1983 11 12969.0
1983 12 2633.0
1984 1 1989.0
1984 2 2760.0
1984 3 9846.0
1984 4 17748.0
1984 5 14906.0
1984 6 11734.0
1984 7 157609.0
1984 8 8392.0
1984 9 13856.0
1984 10 17289.0
1984 11 13258.0
1984 12 2309.0
1985 1 1008.0
1985 2 827.0
1985 3 3490.0
1985 4 12261.0
1985 5 14357.0
1985 6 8239.0
1985 7 10073.0
1985 8 11131.0
1985 9 13353.0
1985 10 14513.0
1985 11 8033.0
1985 12 7014.0
1986 1 543.0
1986 2 357.0
1986 3 4098.0
1986 4 8537.0
1986 5 11332.0
1986 6 11243.0
1986 7 7589.0
1986 8 9791.0
1986 9 9994.0
1986 10 12197.0
1986 11 2824.0
1986 12 2155.0
1987 1 1610.0
1987 2 3475.0
1987 3 3363.0
1987 4 13100.0
1987 5 9996.0
1987 6 8964.0
1987 7 10304.0
1987 8 10883.0
1987 9 11247.0
1987 10 11522.0
1987 11 5434.0
1987 12 3268.0
1988 1 363.0
1988 2 694.0
1988 3 3104.0
1988 4 12705.0
1988 5 13463.0
1988 6 10798.0
1988 7 6413.0
1988 8 11230.0
1988 9 11806.0
1988 10 9445.0
1988 11 6133.0
1988 12 1641.0
1989 1 1288.0
1989 2 1054.0
1989 3 4801.0
1989 4 11641.0
1989 5 13250.0
1989 6 10109.0
1989 7 9576.0
1989 8 18033.0
1989 9 7933.0
1989 10 15205.0
1989 11 4566.0
1989 12 2687.0
1990 1 718.0
1990 2 2397.0
1990 3 2859.0
1990 4 10857.0
1990 5 9954.0
1990 6 8967.0
1990 7 7459.0
1990 8 10183.0
1990 9 11493.0
1990 10 11677.0
1990 11 5486.0
1990 12 965.0
1991 1 271.0
1991 2 1183.0
1991 3 6422.0
1991 4 14698.0
1991 5 13060.0
1991 6 7742.0
1991 7 11522.0
1991 8 10927.0
1991 9 10895.0
1991 10 15664.0
1991 11 4392.0
1991 12 3580.0
1992 1 2529.0
1992 2 1951.0
1992 3 10966.0
1992 4 25099.0
1992 5 19096.0
1992 6 15170.0
1992 7 13423.0
1992 8 13802.0
1992 9 16188.0
1992 10 14742.0
1992 11 8514.0
1992 12 5875.0
1993 1 2028.0
1993 2 2239.0
1993 3 8570.0
1993 4 22978.0
1993 5 24607.0
1993 6 18678.0
1993 7 14526.0
1993 8 22997.0
1993 9 25715.0
1993 10 25150.0
1993 11 12648.0
1993 12 2553.0
1994 1 1353.0
1994 2 2016.0
1994 3 12144.0
1994 4 24840.0
1994 5 28080.0
1994 6 24982.0
1994 7 21398.0
1994 8 18656.0
1994 9 27205.0
1994 10 31031.0
1994 11 13491.0
1994 12 6101.0
1995 1 1019.0
1995 2 1958.0
1995 3 7844.0
1995 4 20286.0
1995 5 29123.0
1995 6 20400.0
1995 7 18904.0
1995 8 19598.0
1995 9 26368.0
1995 10 26157.0
1995 11 11518.0
1995 12 4811.0
1996 1 1189.0
1996 2 1288.0
1996 3 4457.0
1996 4 19751.0
1996 5 23753.0
1996 6 21478.0
1996 7 20435.0
1996 8 21882.0
1996 9 22416.0
1996 10 22538.0
1996 11 10175.0
1996 12 1156.0
1997 1 1416.0
1997 2 2769.0
1997 3 8217.0
1997 4 15373.0
1997 5 23245.0
1997 6 14147.0
1997 7 18094.0
1997 8 17975.0
1997 9 27034.0
1997 10 23993.0
1997 11 9892.0
1997 12 9690.0
1998 1 1618.0
1998 2 2292.0
1998 3 12630.0
1998 4 27691.0
1998 5 24247.0
1998 6 23043.0
1998 7 27260.0
1998 8 22139.0
1998 9 40039.0
1998 10 29556.0
1998 11 16587.0
1998 12 12723.0
1999 1 1666.0
1999 2 3404.0
1999 3 14020.0
1999 4 38573.0
1999 5 21354.0
1999 6 27664.0
1999 7 20854.0
1999 8 37232.0
1999 9 27310.0
1999 10 22652.0
1999 11 16577.0
1999 12 8086.0
2000 1 5457.0
2000 2 3769.0
2000 3 14532.0
2000 4 23328.0
2000 5 25130.0
2000 6 20525.0
2000 7 18751.0
2000 8 15030.0
2000 9 21793.0
2000 10 19888.0
2000 11 7792.0
2000 12 3500.0
2001 1 3602.0
2001 2 5408.0
2001 3 10900.0
2001 4 29727.0
2001 5 30979.0
2001 6 36246.0
2001 7 17499.0
2001 8 26004.0
2001 9 22206.0
2001 10 31567.0
2001 11 17092.0
2001 12 6023.0
2002 1 5309.0
2002 2 6937.0
2002 3 12221.0
2002 4 33622.0
2002 5 39548.0
2002 6 31043.0
2002 7 36167.0
2002 8 39427.0
2002 9 39193.0
2002 10 29331.0
2002 11 20768.0
2002 12 5618.0
2003 1 13261.0
2003 2 5443.0
2003 3 12723.0
2003 4 42874.0
2003 5 44237.0
2003 6 48098.0
2003 7 42620.0
2003 8 62432.0
2003 9 40732.0
2003 10 41485.0
2003 11 24687.0
2003 12 7826.0
2004 1 5096.0
2004 2 2490.0
2004 3 30374.0
2004 4 59620.0
2004 5 50134.0
2004 6 56748.0
2004 7 43573.0
2004 8 41498.0
2004 9 42664.0
2004 10 44558.0
2004 11 21352.0
2004 12 23232.0
2005 1 3336.0
2005 2 19465.0
2005 3 25737.0
2005 4 49097.0
2005 5 56420.0
2005 6 42088.0
2005 7 34397.0
2005 8 44378.0
2005 9 52935.0
2005 10 53258.0
2005 11 28368.0
2005 12 16421.0
2006 1 4057.0
2006 2 5410.0
2006 3 23288.0
2006 4 50681.0
2006 5 51221.0
2006 6 57469.0
2006 7 35298.0
2006 8 49809.0
2006 9 49946.0
2006 10 38683.0
2006 11 35634.0
2006 12 19941.0
2007 1 8909.0
2007 2 9400.0
2007 3 22586.0
2007 4 46836.0
2007 5 65357.0
2007 6 42627.0
2007 7 42115.0
2007 8 38745.0
2007 9 42596.0
2007 10 46556.0
2007 11 40067.0
2007 12 8073.0
2008 1 7095.0
2008 2 8535.0
2008 3 24943.0
2008 4 58074.0
2008 5 48048.0
2008 6 30086.0
2008 7 42881.0
2008 8 76361.0
2008 9 48576.0
2008 10 42180.0
2008 11 17648.0
2008 12 5612.0
2009 1 196.0
2009 2 4988.0
2009 3 1442.0
2009 4 28455.0
2009 5 59878.0
2009 6 47276.0
2009 7 61699.0
2009 8 50293.0
2009 9 50589.0
2009 10 49219.0
2009 11 28073.0
2009 12 10436.0
2010 1 7416.0
2010 2 1822.0
2010 3 23514.0
2010 4 64285.0
2010 5 51611.0
2010 6 40871.0
2010 7 47168.0
2010 8 48933.0
2010 9 45809.0
2010 10 50640.0
2010 11 35730.0
2010 12 23602.0
2011 1 5434.0
2011 2 9824.0
2011 3 29702.0
2011 4 53720.0
2011 5 84617.0
2011 6 57167.0
2011 7 57066.0
2011 8 71256.0
2011 9 75233.0
2011 10 64242.0
2011 11 46631.0
2011 12 31597.0
2012 1 16785.0
2012 2 32275.0
2012 3 88077.0
2012 4 90045.0
2012 5 87267.0
2012 6 81088.0
2012 7 77682.0
2012 8 94600.0
2012 9 87730.0
2012 10 126937.0
2012 11 53594.0
2012 12 59614.0
2013 1 14525.0
2013 2 40539.0
2013 3 55677.0
2013 4 109434.0
2013 5 150398.0
2013 6 145290.0
2013 7 138704.0
2013 8 139723.0
2013 9 117893.0
2013 10 144815.0
2013 11 95510.0
2013 12 33701.0
2014 1 21862.0
2014 2 81051.0
2014 3 110847.0
2014 4 145843.0
2014 5 184936.0
2014 6 266995.0
2014 7 258331.0
2014 8 128306.0
2014 9 185031.0
2014 10 236897.0
2014 11 73033.0
2014 12 68176.0
2015 1 18241.0
2015 2 23581.0
2015 3 66358.0
2015 4 113367.0
2015 5 157323.0
2015 6 144229.0
2015 7 149279.0
2015 8 94927.0
2015 9 116831.0
2015 10 124369.0
2015 11 88023.0
2015 12 11244.0
2016 1 25445.0
2016 2 23233.0
2016 3 71922.0
2016 4 99700.0
2016 5 94135.0
2016 6 78548.0
2016 7 78068.0
2016 8 79275.0
2016 9 83471.0
2016 10 79126.0
2016 11 54821.0
2016 12 21375.0
2017 1 10573.0
2017 2 23947.0
2017 3 34593.0
2017 4 70847.0
2017 5 87174.0
2017 6 68996.0
2017 7 64271.0
2017 8 63983.0
2017 9 68778.0
2017 10 88638.0
2017 11 35724.0
2017 12 8039.0
2018 1 5941.0
2018 2 9882.0
2018 3 27779.0
2018 4 77252.0
2018 5 95868.0
2018 6 63286.0
2018 7 66865.0
2018 8 74449.0
2018 9 95295.0
2018 10 71955.0
2018 11 25457.0
2018 12 19221.0
2019 1 11323.0
2019 2 9005.0
2019 3 24309.0
2019 4 70273.0
2019 5 71584.0
2019 6 53288.0
2019 7 57904.0
2019 8 66766.0
2019 9 97330.0
2019 10 49620.0
2019 11 35795.0
2019 12 8407.0
2020 1 7784.0
2020 2 12902.0
2020 3 57660.0
2020 4 64828.0
2020 5 65696.0
2020 6 81638.0
2020 7 89145.0
2020 8 83183.0
2020 9 103702.0
2020 10 74971.0
2020 11 47866.0
2020 12 26573.0
2021 1 33518.0
2021 2 17428.0
2021 3 79737.0
2021 4 88527.0
2021 5 109043.0
2021 6 73352.0
2021 7 89627.0
2021 8 70463.0
2021 9 61714.0
2021 10 55444.0
2021 11 57829.0
2021 12 37446.0
2022 1 10335.0
2022 2 17189.0
2022 3 61500.0
2022 4 75049.0
2022 5 106232.0
2022 6 120192.0
2022 7 95252.0
2022 8 84932.0
2022 9 98069.0
2022 10 116842.0
2022 11 32833.0
2022 12 18226.0
2023 1 23762.0
2023 2 55006.0
2023 3 54271.0
2023 4 53458.0
2023 5 96130.0
2023 6 61352.0
2023 7 71496.0
2023 8 98527.0
2023 9 75616.0
2023 10 50703.0
2023 11 25180.0
2023 12 23906.0
2024 1 8334.0
2024 2 16094.0
2024 3 38082.0
2024 4 101839.0
2024 5 66358.0
2024 6 109716.0
2024 7 65192.0
2024 8 59598.0
