1960 5 451.0
1960 6 418.0
1960 7 269.0
1960 8 646.0
1960 9 736.0
1960 10 545.0
1960 11 827.0
1960 12 566.0
1961 1 440.0
1961 2 688.0
1961 3 1976.0
1961 4 1058.0
1961 5 1343.0
1961 6 2388.0
1961 7 1814.0
1961 8 892.0
1961 9 606.0
1961 10 3593.0
1961 11 853.0
1961 12 2407.0
1962 1 1442.0
1962 2 749.0
1962 3 2383.0
1962 4 596.0
1962 5 1742.0
1962 6 744.0
1962 7 324.0
1962 8 2690.0
1962 9 1241.0
1962 10 1397.0
1962 11 665.0
1962 12 1111.0
1963 1 978.0
1963 2 1466.0
1963 3 774.0
1963 4 1070.0
1963 5 1441.0
1963 6 432.0
1963 7 671.0
1963 8 1682.0
1963 9 1378.0
1963 10 2934.0
1963 11 1777.0
1963 12 535.0
1964 1 2110.0
1964 2 1692.0
1964 3 2584.0
1964 4 1425.0
1964 5 2056.0
1964 6 1485.0
1964 7 2000.0
1964 8 2578.0
1964 9 1568.0
1964 10 3190.0
1964 11 1132.0
1964 12 1582.0
1965 1 2105.0
1965 2 2186.0
1965 3 2263.0
1965 4 4801.0
1965 5 2047.0
1965 6 1487.0
1965 7 2407.0
1965 8 1452.0
1965 9 1929.0
1965 10 4145.0
1965 11 3337.0
1965 12 8127.0
1966 1 1989.0
1966 2 3046.0
1966 3 6036.0
1966 4 3179.0
1966 5 6054.0
1966 6 4256.0
1966 7 1383.0
1966 8 2515.0
1966 9 4180.0
1966 10 2787.0
1966 11 3153.0
1966 12 2086.0
1967 1 1422.0
1967 2 3313.0
1967 3 1183.0
1967 4 1876.0
1967 5 5741.0
1967 6 3795.0
1967 7 4110.0
1967 8 3038.0
1967 9 4022.0
1967 10 4033.0
1967 11 7270.0
1967 12 4615.0
1968 1 3943.0
1968 2 5319.0
1968 3 4191.0
1968 4 5032.0
1968 5 5871.0
1968 6 10497.0
1968 7 14908.0
1968 8 3983.0
1968 9 8996.0
1968 10 6538.0
1968 11 3295.0
1968 12 6116.0
1969 1 8918.0
1969 2 4843.0
1969 3 7068.0
1969 4 7430.0
1969 5 7099.0
1969 6 8249.0
1969 7 8138.0
1969 8 6214.0
1969 9 3580.0
1969 10 4101.0
1969 11 2842.0
1969 12 6265.0
1970 1 4633.0
1970 2 3773.0
1970 3 5139.0
1970 4 8530.0
1970 5 10216.0
1970 6 10008.0
1970 7 4895.0
1970 8 9774.0
1970 9 6982.0
1970 10 12551.0
1970 11 13137.0
1970 12 13258.0
1971 1 17307.0
1971 2 18743.0
1971 3 19721.0
1971 4 11525.0
1971 5 10988.0
1971 6 19475.0
1971 7 8938.0
1971 8 15345.0
1971 9 15996.0
1971 10 11979.0
1971 11 17729.0
1971 12 13824.0
1972 1 12235.0
1972 2 15509.0
1972 3 16456.0
1972 4 15428.0
1972 5 24607.0
1972 6 28074.0
1972 7 19692.0
1972 8 32952.0
1972 9 17048.0
1972 10 17533.0
1972 11 19452.0
1972 12 11002.0
1973 1 16192.0
1973 2 16087.0
1973 3 19121.0
1973 4 16908.0
1973 5 21444.0
1973 6 11616.0
1973 7 8591.0
1973 8 10321.0
1973 9 16370.0
1973 10 7629.0
1973 11 10083.0
1973 12 18010.0
1974 1 9492.0
1974 2 3690.0
1974 3 16031.0
1974 4 4633.0
1974 5 8174.0
1974 6 5745.0
1974 7 9117.0
1974 8 3374.0
1974 9 4370.0
1974 10 473.0
1974 11 321.0
1974 12 1664.0
1975 1 7827.0
1975 2 4612.0
1975 3 956.0
1975 4 2230.0
1975 5 1206.0
1975 6 2277.0
1975 7 1072.0
1975 8 809.0
1975 9 5129.0
1975 10 2681.0
1975 11 3061.0
1975 12 4011.0
1976 1 959.0
1976 2 3034.0
1976 3 3415.0
1976 4 1565.0
1976 5 2046.0
1976 6 5377.0
1976 7 12581.0
1976 8 2039.0
1976 9 3614.0
1976 10 4911.0
1976 11 5086.0
1976 12 1928.0
1977 1 5294.0
1977 2 4242.0
1977 3 3820.0
1977 4 24753.0
1977 5 7828.0
1977 6 43098.0
1977 7 6163.0
1977 8 8679.0
1977 9 11610.0
1977 10 7407.0
1977 11 10161.0
1977 12 13759.0
1978 1 7469.0
1978 2 4756.0
1978 3 11121.0
1978 4 29773.0
1978 5 10219.0
1978 6 6277.0
1978 7 14537.0
1978 8 7496.0
1978 9 8758.0
1978 10 18014.0
1978 11 8573.0
1978 12 15438.0
1979 1 8279.0
1979 2 6472.0
1979 3 15051.0
1979 4 5230.0
1979 5 13581.0
1979 6 10845.0
1979 7 11468.0
1979 8 21006.0
1979 9 8776.0
1979 10 35280.0
1979 11 12380.0
1979 12 13640.0
1980 1 5362.0
1980 2 7232.0
1980 3 6464.0
1980 4 8475.0
1980 5 14607.0
1980 6 21699.0
1980 7 14152.0
1980 8 21313.0
1980 9 41048.0
1980 10 19110.0
1980 11 15727.0
1980 12 12849.0
1981 1 11580.0
1981 2 11895.0
1981 3 49696.0
1981 4 24431.0
1981 5 24452.0
1981 6 17461.0
1981 7 14560.0
1981 8 10062.0
1981 9 23626.0
1981 10 11603.0
1981 11 11237.0
1981 12 18035.0
1982 1 5053.0
1982 2 20201.0
1982 3 25983.0
1982 4 10372.0
1982 5 41435.0
1982 6 42036.0
1982 7 14661.0
1982 8 20391.0
1982 9 14681.0
1982 10 22934.0
1982 11 27172.5
1982 12 31411.0
1983 1 16673.0
1983 2 25722.0
1983 3 26411.0
1983 4 20613.0
1983 5 20506.0
1983 6 34138.0
1983 7 48315.0
1983 8 40501.0
1983 9 42637.0
1983 10 61043.0
1983 11 69195.0
1983 12 31010.0
1984 1 44914.0
1984 2 23139.0
1984 3 39196.0
1984 4 39485.0
1984 5 45560.0
1984 6 40592.0
1984 7 249730.0
1984 8 51499.0
1984 9 52005.0
1984 10 49953.0
1984 11 87424.0
1984 12 42699.0
1985 1 51790.0
1985 2 30353.0
1985 3 42178.0
1985 4 44159.0
1985 5 61212.0
1985 6 48156.0
1985 7 64833.0
1985 8 63476.0
1985 9 68026.0
1985 10 86390.0
1985 11 37068.0
1985 12 70000.0
1986 1 61849.0
1986 2 37684.0
1986 3 57121.0
1986 4 47015.0
1986 5 59126.0
1986 6 23692.0
1986 7 44119.0
1986 8 29967.0
1986 9 54398.0
1986 10 31939.0
1986 11 45172.0
1986 12 11300.0
1987 1 28624.0
1987 2 17887.0
1987 3 58622.0
1987 4 24103.0
1987 5 31444.0
1987 6 33948.0
1987 7 26408.0
1987 8 40389.0
1987 9 24646.0
1987 10 21604.0
1987 11 20889.0
1987 12 11626.0
1988 1 5987.0
1988 2 17365.0
1988 3 28969.0
1988 4 15817.0
1988 5 27767.0
1988 6 26412.0
1988 7 24951.0
1988 8 29934.0
1988 9 24636.0
1988 10 25327.0
1988 11 26142.0
1988 12 14484.0
1989 1 21860.0
1989 2 18530.0
1989 3 10694.0
1989 4 39157.0
1989 5 29751.0
1989 6 34704.0
1989 7 19666.0
1989 8 24953.0
1989 9 18147.0
1989 10 21119.0
1989 11 16397.0
1989 12 34439.0
1990 1 36029.0
1990 2 13620.0
1990 3 13872.0
1990 4 16217.0
1990 5 17304.0
1990 6 14683.0
1990 7 14059.0
1990 8 18317.0
1990 9 14404.0
1990 10 9409.0
1990 11 31271.0
1990 12 16018.0
1991 1 18136.0
1991 2 7182.0
1991 3 28988.0
1991 4 15741.0
1991 5 11856.0
1991 6 13959.0
1991 7 11120.0
1991 8 23728.0
1991 9 18960.0
1991 10 15579.0
1991 11 13226.0
1991 12 20753.0
1992 1 35328.0
1992 2 15539.0
1992 3 9877.0
1992 4 20065.0
1992 5 18669.0
1992 6 9584.0
1992 7 15722.0
1992 8 13054.0
1992 9 23236.0
1992 10 12664.0
1992 11 10406.0
1992 12 22208.0
1993 1 10835.0
1993 2 26073.0
1993 3 20105.0
1993 4 24332.0
1993 5 11239.0
1993 6 19080.0
1993 7 16977.0
1993 8 27948.0
1993 9 19740.0
1993 10 16271.0
1993 11 25354.0
1993 12 30936.0
1994 1 15240.0
1994 2 20069.0
1994 3 31163.0
1994 4 34975.0
1994 5 39954.0
1994 6 42537.0
1994 7 19470.0
1994 8 37425.0
1994 9 74107.0
1994 10 66891.0
1994 11 69790.0
1994 12 30004.0
1995 1 18216.0
1995 2 16991.0
1995 3 37303.0
1995 4 33026.0
1995 5 43609.0
1995 6 59910.0
1995 7 31203.0
1995 8 78702.0
1995 9 29710.0
1995 10 34826.0
1995 11 65323.0
1995 12 40776.0
1996 1 29910.0
1996 2 37327.0
1996 3 22499.0
1996 4 37493.0
1996 5 95227.0
1996 6 35752.0
1996 7 40093.0
1996 8 26641.0
1996 9 68597.0
1996 10 48087.0
1996 11 65842.0
1996 12 41267.0
1997 1 21150.0
1997 2 34609.0
1997 3 51734.0
1997 4 48244.0
1997 5 68859.0
1997 6 67132.0
1997 7 63302.0
1997 8 54178.0
1997 9 59769.0
1997 10 94695.0
1997 11 76987.0
1997 12 85384.0
1998 1 53608.0
1998 2 69408.0
1998 3 93791.0
1998 4 65016.0
1998 5 48376.0
1998 6 44266.0
1998 7 60086.0
1998 8 71913.0
1998 9 88760.0
1998 10 41576.0
1998 11 56146.0
1998 12 76496.0
1999 1 61320.0
1999 2 56450.0
1999 3 71696.0
1999 4 46796.0
1999 5 60825.0
1999 6 146777.0
1999 7 93962.0
1999 8 76585.0
1999 9 45919.0
1999 10 63543.0
1999 11 67354.0
1999 12 92525.0
2000 1 35328.0
2000 2 106747.0
2000 3 77412.0
2000 4 70042.0
2000 5 71529.0
2000 6 99269.0
2000 7 45701.0
2000 8 87223.0
2000 9 53359.0
2000 10 69984.0
2000 11 57964.0
2000 12 51648.0
2001 1 93286.0
2001 2 51726.0
2001 3 52255.0
2001 4 95821.0
2001 5 101519.0
2001 6 60941.0
2001 7 54754.0
2001 8 54278.0
2001 9 100538.0
2001 10 67398.0
2001 11 97587.0
2001 12 72045.0
2002 1 49432.0
2002 2 93696.0
2002 3 46368.0
2002 4 56417.0
2002 5 55955.0
2002 6 71704.0
2002 7 76489.0
2002 8 51660.0
2002 9 55684.0
2002 10 86309.0
2002 11 74616.0
2002 12 103087.0
2003 1 68032.0
2003 2 39673.0
2003 3 45342.0
2003 4 34603.0
2003 5 54632.0
2003 6 54867.0
2003 7 52681.0
2003 8 95018.0
2003 9 76256.0
2003 10 70575.0
2003 11 51981.0
2003 12 65601.0
2004 1 64948.0
2004 2 60423.0
2004 3 113594.0
2004 4 86000.0
2004 5 94143.0
2004 6 46649.0
2004 7 150925.0
2004 8 70687.0
2004 9 68526.0
2004 10 46919.0
2004 11 96937.0
2004 12 76960.0
2005 1 69742.0
2005 2 186567.0
2005 3 75314.0
2005 4 109404.0
2005 5 68275.0
2005 6 70351.0
2005 7 71758.0
2005 8 81696.0
2005 9 66704.0
2005 10 64246.0
2005 11 70359.0
2005 12 75041.0
2006 1 104154.0
2006 2 85128.0
2006 3 128351.0
2006 4 150044.0
2006 5 104453.0
2006 6 115205.0
2006 7 113434.0
2006 8 151297.0
2006 9 124443.0
2006 10 72141.0
2006 11 87539.0
2006 12 141873.0
2007 1 103257.0
2007 2 89533.0
2007 3 131149.0
2007 4 74630.0
2007 5 94812.0
2007 6 127969.0
2007 7 115688.0
2007 8 63938.0
2007 9 134629.0
2007 10 89197.0
2007 11 163466.0
2007 12 63011.0
2008 1 112101.0
2008 2 105741.0
2008 3 105315.0
2008 4 83619.0
2008 5 70368.0
2008 6 156009.0
2008 7 165276.0
2008 8 77543.0
2008 9 43907.0
2008 10 90431.0
2008 11 46054.0
2008 12 52238.0
2009 1 63951.0
2009 2 19219.0
2009 3 39168.0
2009 4 92921.0
2009 5 49853.0
2009 6 73876.0
2009 7 4566.0
2009 8 50342.0
2009 9 60404.0
2009 10 39966.0
2009 11 44244.0
2009 12 15396.0
2010 1 12426.0
2010 2 61641.0
2010 3 28488.0
2010 4 42732.0
2010 5 33597.0
2010 6 53519.0
2010 7 59492.0
2010 8 50220.0
2010 9 20006.0
2010 10 38028.0
2010 11 45766.0
2010 12 26447.0
2011 1 32517.0
2011 2 87177.0
2011 3 71249.0
2011 4 60771.0
2011 5 46506.0
2011 6 37346.0
2011 7 33636.0
2011 8 74298.0
2011 9 12158.0
2011 10 29531.0
2011 11 96913.0
2011 12 22170.0
2012 1 174645.0
2012 2 74234.0
2012 3 96306.0
2012 4 54029.0
2012 5 175374.0
2012 6 99990.0
2012 7 158148.0
2012 8 51068.0
2012 9 48088.0
2012 10 135139.0
2012 11 141877.0
2012 12 91959.0
2013 1 114548.0
2013 2 60170.0
2013 3 48870.0
2013 4 102233.0
2013 5 90127.0
2013 6 97243.0
2013 7 51239.0
2013 8 59839.0
2013 9 91806.0
2013 10 100609.0
2013 11 131134.0
2013 12 147677.0
2014 1 83135.0
2014 2 55822.0
2014 3 94871.0
2014 4 122357.0
2014 5 78344.0
2014 6 70252.0
2014 7 127930.0
2014 8 132944.0
2014 9 114574.0
2014 10 126847.0
2014 11 131284.0
2014 12 144565.0
2015 1 68204.0
2015 2 128565.0
2015 3 50447.0
2015 4 97464.0
2015 5 107499.0
2015 6 114339.0
2015 7 128354.0
2015 8 117186.0
2015 9 115954.0
2015 10 157876.0
2015 11 116423.0
2015 12 78805.0
2016 1 40327.0
2016 2 76803.0
2016 3 67141.0
2016 4 109420.0
2016 5 108347.0
2016 6 111895.0
2016 7 218816.0
2016 8 152796.0
2016 9 169670.0
2016 10 135430.0
2016 11 114773.0
2016 12 45891.0
2017 1 70666.0
2017 2 119659.0
2017 3 162802.0
2017 4 29741.0
2017 5 76697.0
2017 6 92713.0
2017 7 232187.0
2017 8 262968.0
2017 9 169412.0
2017 10 140517.0
2017 11 159299.0
2017 12 141213.0
2018 1 140920.0
2018 2 214755.0
2018 3 112823.0
2018 4 220377.0
2018 5 182278.0
2018 6 101370.0
2018 7 128889.0
2018 8 287004.0
2018 9 137459.0
2018 10 92597.0
2018 11 139710.0
2018 12 253225.0
2019 1 86196.0
2019 2 119261.0
2019 3 105250.0
2019 4 129231.0
2019 5 278611.0
2019 6 212126.0
2019 7 137499.0
2019 8 154005.0
2019 9 215519.0
2019 10 173733.0
2019 11 138102.0
2019 12 152182.0
2020 1 118811.0
2020 2 128639.0
2020 3 227031.0
2020 4 97359.0
2020 5 107768.0
2020 6 230838.0
2020 7 100411.0
2020 8 192891.0
2020 9 75737.0
2020 10 136063.0
2020 11 255490.0
2020 12 194224.0
2021 1 125136.0
2021 2 300864.0
2021 3 414749.0
2021 4 286149.0
2021 5 145264.0
2021 6 259222.0
2021 7 270934.0
2021 8 277421.0
2021 9 286982.0
2021 10 365992.0
2021 11 364902.0
2021 12 190446.0
2022 1 408362.0
2022 2 161720.0
2022 3 106649.0
2022 4 300543.0
2022 5 359069.0
2022 6 176316.0
2022 7 213923.0
2022 8 384159.0
2022 9 282550.0
2022 10 299601.0
2022 11 457853.0
2022 12 239444.0
2023 1 373954.0
2023 2 455154.0
2023 3 385316.0
2023 4 273456.0
2023 5 416831.0
2023 6 320961.0
2023 7 273811.0
2023 8 226546.0
2023 9 296109.0
2023 10 440653.0
2023 11 248145.0
2023 12 475062.0
2024 1 224525.0
2024 2 330756.0
2024 3 585656.0
2024 4 375602.0
2024 5 186696.0
2024 6 472021.0
2024 7 378364.0
2024 8 496498.0
