1960 5 2692.0
1960 6 2108.0
1960 7 2352.0
1960 8 2285.0
1960 9 1887.0
1960 10 2092.0
1960 11 847.0
1960 12 169.0
1961 1 122.0
1961 2 303.0
1961 3 998.0
1961 4 1540.0
1961 5 1800.0
1961 6 1750.0
1961 7 1654.0
1961 8 2045.0
1961 9 1798.0
1961 10 2486.0
1961 11 1181.0
1961 12 246.0
1962 1 146.0
1962 2 161.0
1962 3 725.0
1962 4 1811.0
1962 5 1936.0
1962 6 1709.0
1962 7 1680.0
1962 8 2150.0
1962 9 1498.0
1962 10 2531.0
1962 11 1744.0
1962 12 636.0
1963 1 132.0
1963 2 120.0
1963 3 789.0
1963 4 2056.0
1963 5 2350.0
1963 6 1578.0
1963 7 1881.0
1963 8 1668.0
1963 9 1422.0
1963 10 2821.0
1963 11 1536.0
1963 12 566.0
1964 1 186.0
1964 2 194.0
1964 3 490.0
1964 4 1836.0
1964 5 2462.0
1964 6 1753.0
1964 7 2007.0
1964 8 1552.0
1964 9 1895.0
1964 10 2491.0
1964 11 1303.0
1964 12 150.0
1965 1 68.0
1965 2 250.0
1965 3 543.0
1965 4 1856.0
1965 5 2400.0
1965 6 1964.0
1965 7 1868.0
1965 8 1668.0
1965 9 1910.0
1965 10 2258.0
1965 11 1758.0
1965 12 644.0
1966 1 111.0
1966 2 174.0
1966 3 403.0
1966 4 1617.0
1966 5 1878.0
1966 6 1798.0
1966 7 1091.0
1966 8 1085.0
1966 9 841.0
1966 10 1376.0
1966 11 845.0
1966 12 214.0
1967 1 80.0
1967 2 163.0
1967 3 377.0
1967 4 1743.0
1967 5 1528.0
1967 6 1329.0
1967 7 1369.0
1967 8 1417.0
1967 9 2060.0
1967 10 2155.0
1967 11 1463.0
1967 12 612.0
1968 1 400.0
1968 2 95.0
1968 3 781.0
1968 4 2551.0
1968 5 1922.0
1968 6 2063.0
1968 7 1977.0
1968 8 2429.0
1968 9 2104.0
1968 10 2606.0
1968 11 2248.0
1968 12 481.0
1969 1 117.0
1969 2 131.0
1969 3 291.0
1969 4 1892.0
1969 5 2449.0
1969 6 1922.0
1969 7 2109.0
1969 8 1320.0
1969 9 2191.0
1969 10 2225.0
1969 11 1222.0
1969 12 626.0
1970 1 380.0
1970 2 168.0
1970 3 244.0
1970 4 1474.0
1970 5 1861.0
1970 6 2244.0
1970 7 2144.0
1970 8 2588.0
1970 9 2170.0
1970 10 2440.0
1970 11 1866.0
1970 12 1064.0
1971 1 106.0
1971 2 118.0
1971 3 487.0
1971 4 3623.0
1971 5 4261.0
1971 6 2581.0
1971 7 2845.0
1971 8 4529.0
1971 9 3884.0
1971 10 3314.0
1971 11 2443.0
1971 12 359.0
1972 1 108.0
1972 2 30.0
1972 3 489.0
1972 4 3787.0
1972 5 4919.0
1972 6 4637.0
1972 7 2961.0
1972 8 2454.0
1972 9 5621.0
1972 10 3346.0
1972 11 2316.0
1972 12 290.0
1973 1 174.0
1973 2 98.0
1973 3 2826.0
1973 4 6012.0
1973 5 5713.0
1973 6 5408.0
1973 7 2821.0
1973 8 5202.0
1973 9 2784.0
1973 10 4413.0
1973 11 2123.0
1973 12 975.0
1974 1 35.0
1974 2 223.0
1974 3 1151.0
1974 4 5230.0
1974 5 5350.0
1974 6 4776.0
1974 7 4580.0
1974 8 5385.0
1974 9 4345.0
1974 10 8217.0
1974 11 2954.0
1974 12 1719.0
1975 1 166.0
1975 2 54.0
1975 3 2390.0
1975 4 3825.0
1975 5 7880.0
1975 6 6791.0
1975 7 6505.0
1975 8 8294.0
1975 9 10426.0
1975 10 12406.0
1975 11 5680.0
1975 12 1287.0
1976 1 309.0
1976 2 919.0
1976 3 5827.0
1976 4 11746.0
1976 5 13448.0
1976 6 12828.0
1976 7 11584.0
1976 8 10851.0
1976 9 10808.0
1976 10 12882.0
1976 11 8299.0
1976 12 1147.0
1977 1 122.0
1977 2 1022.0
1977 3 6033.0
1977 4 1053914.0
1977 5 13907.0
1977 6 1151247.0
1977 7 11548.0
1977 8 14412.0
1977 9 12180.0
1977 10 12893.0
1977 11 7297.0
1977 12 1153.0
1978 1 415.0
1978 2 1597.0
1978 3 5638.0
1978 4 17042.0
1978 5 18156.0
1978 6 17278.0
1978 7 13121.0
1978 8 15787.0
1978 9 13788.0
1978 10 16372.0
1978 11 7837.0
1978 12 916.0
1979 1 885.0
1979 2 901.0
1979 3 3761.0
1979 4 9458.0
1979 5 15774.0
1979 6 17165.0
1979 7 17183.0
1979 8 12539.0
1979 9 11023.0
1979 10 10159.0
1979 11 3559.0
1979 12 1000.0
1980 1 564.0
1980 2 580.0
1980 3 1592.0
1980 4 5177.0
1980 5 5915.0
1980 6 4577.0
1980 7 8169.0
1980 8 9889.0
1980 9 16611.0
1980 10 11432.0
1980 11 4798.0
1980 12 931.0
1981 1 1047.0
1981 2 474.0
1981 3 3885.0
1981 4 5347.0
1981 5 5101.0
1981 6 4397.0
1981 7 5269.0
1981 8 4200.0
1981 9 4807.0
1981 10 5029.0
1981 11 3724.0
1981 12 1157.0
1982 1 230.0
1982 2 249.0
1982 3 1074.0
1982 4 4907.0
1982 5 5434.0
1982 6 7045.0
1982 7 5186.0
1982 8 6588.0
1982 9 8684.0
1982 10 6611.0
1982 11 3656.5
1982 12 702.0
1983 1 425.0
1983 2 477.0
1983 3 3503.0
1983 4 8142.0
1983 5 13563.0
1983 6 12649.0
1983 7 10367.0
1983 8 10002.0
1983 9 11433.0
1983 10 13327.0
1983 11 7197.0
1983 12 2073.0
1984 1 546.0
1984 2 2032.0
1984 3 6015.0
1984 4 12872.0
1984 5 10645.0
1984 6 8336.0
1984 7 122446.0
1984 8 5082.0
1984 9 7935.0
1984 10 8866.0
1984 11 7485.0
1984 12 1497.0
1985 1 408.0
1985 2 507.0
1985 3 2920.0
1985 4 7842.0
1985 5 10209.0
1985 6 5697.0
1985 7 5584.0
1985 8 4926.0
1985 9 5203.0
1985 10 7222.0
1985 11 3903.0
1985 12 821.0
1986 1 468.0
1986 2 357.0
1986 3 2922.0
1986 4 5260.0
1986 5 7187.0
1986 6 6894.0
1986 7 5389.0
1986 8 6600.0
1986 9 5572.0
1986 10 9514.0
1986 11 2416.0
1986 12 1482.0
1987 1 1001.0
1987 2 626.0
1987 3 2986.0
1987 4 10130.0
1987 5 5888.0
1987 6 7525.0
1987 7 7185.0
1987 8 8200.0
1987 9 7128.0
1987 10 8733.0
1987 11 4342.0
1987 12 2368.0
1988 1 313.0
1988 2 694.0
1988 3 1747.0
1988 4 8900.0
1988 5 8680.0
1988 6 9736.0
1988 7 5352.0
1988 8 7235.0
1988 9 7614.0
1988 10 7057.0
1988 11 5042.0
1988 12 1246.0
1989 1 846.0
1989 2 1054.0
1989 3 3089.0
1989 4 7719.0
1989 5 7857.0
1989 6 6585.0
1989 7 7376.0
1989 8 7093.0
1989 9 6593.0
1989 10 9618.0
1989 11 4108.0
1989 12 1239.0
1990 1 718.0
1990 2 1547.0
1990 3 1659.0
1990 4 9401.0
1990 5 8270.0
1990 6 7803.0
1990 7 6146.0
1990 8 6969.0
1990 9 8231.0
1990 10 9615.0
1990 11 4531.0
1990 12 863.0
1991 1 271.0
1991 2 1183.0
1991 3 3322.0
1991 4 11237.0
1991 5 7763.0
1991 6 6748.0
1991 7 8331.0
1991 8 9308.0
1991 9 8838.0
1991 10 12238.0
1991 11 3642.0
1991 12 1680.0
1992 1 2529.0
1992 2 1441.0
1992 3 10048.0
1992 4 16432.0
1992 5 15201.0
1992 6 12713.0
1992 7 10534.0
1992 8 12577.0
1992 9 14102.0
1992 10 13139.0
1992 11 6455.0
1992 12 2554.0
1993 1 2028.0
1993 2 1189.0
1993 3 7795.0
1993 4 19248.0
1993 5 19829.0
1993 6 15227.0
1993 7 10784.0
1993 8 15893.0
1993 9 18887.0
1993 10 17904.0
1993 11 10194.0
1993 12 1877.0
1994 1 189.0
1994 2 1581.0
1994 3 8654.0
1994 4 21155.0
1994 5 18755.0
1994 6 19266.0
1994 7 17150.0
1994 8 11982.0
1994 9 19590.0
1994 10 15344.0
1994 11 10978.0
1994 12 3070.0
1995 1 1019.0
1995 2 1498.0
1995 3 6041.0
1995 4 15328.0
1995 5 21366.0
1995 6 14536.0
1995 7 14307.0
1995 8 17080.0
1995 9 17247.0
1995 10 15197.0
1995 11 7513.0
1995 12 2974.0
1996 1 1189.0
1996 2 1288.0
1996 3 4457.0
1996 4 17837.0
1996 5 19380.0
1996 6 15779.0
1996 7 18284.0
1996 8 19348.0
1996 9 19500.0
1996 10 14503.0
1996 11 7222.0
1996 12 1156.0
1997 1 475.0
1997 2 1517.0
1997 3 6153.0
1997 4 11912.0
1997 5 16073.0
1997 6 13250.0
1997 7 12748.0
1997 8 12266.0
1997 9 12777.0
1997 10 11928.0
1997 11 4572.0
1997 12 3093.0
1998 1 1618.0
1998 2 2164.0
1998 3 10348.0
1998 4 24108.0
1998 5 19678.0
1998 6 16728.0
1998 7 20902.0
1998 8 15183.0
1998 9 23036.0
1998 10 21496.0
1998 11 11915.0
1998 12 10381.0
1999 1 1495.0
1999 2 3034.0
1999 3 11098.0
1999 4 27698.0
1999 5 17438.0
1999 6 19597.0
1999 7 17645.0
1999 8 23532.0
1999 9 21583.0
1999 10 19460.0
1999 11 10949.0
1999 12 4827.0
2000 1 2741.0
2000 2 3363.0
2000 3 13044.0
2000 4 14063.0
2000 5 18987.0
2000 6 17306.0
2000 7 14071.0
2000 8 12605.0
2000 9 15835.0
2000 10 17261.0
2000 11 6607.0
2000 12 2106.0
2001 1 1501.0
2001 2 5000.0
2001 3 9875.0
2001 4 24914.0
2001 5 22850.0
2001 6 23605.0
2001 7 15515.0
2001 8 16891.0
2001 9 18217.0
2001 10 22910.0
2001 11 12699.0
2001 12 4029.0
2002 1 2540.0
2002 2 4819.0
2002 3 10474.0
2002 4 24911.0
2002 5 24758.0
2002 6 24342.0
2002 7 28764.0
2002 8 26770.0
2002 9 32929.0
2002 10 23029.0
2002 11 19385.0
2002 12 4401.0
2003 1 6184.0
2003 2 5443.0
2003 3 12243.0
2003 4 36432.0
2003 5 32874.0
2003 6 36344.0
2003 7 34661.0
2003 8 50152.0
2003 9 34484.0
2003 10 34609.0
2003 11 20729.0
2003 12 6915.0
2004 1 3538.0
2004 2 2192.0
2004 3 24503.0
2004 4 42939.0
2004 5 37282.0
2004 6 46449.0
2004 7 35047.0
2004 8 35420.0
2004 9 33448.0
2004 10 37656.0
2004 11 17888.0
2004 12 21130.0
2005 1 1764.0
2005 2 9030.0
2005 3 19922.0
2005 4 38887.0
2005 5 31093.0
2005 6 34614.0
2005 7 31747.0
2005 8 39357.0
2005 9 48817.0
2005 10 37556.0
2005 11 19954.0
2005 12 5342.0
2006 1 3380.0
2006 2 5410.0
2006 3 19464.0
2006 4 44145.0
2006 5 38331.0
2006 6 48078.0
2006 7 32769.0
2006 8 29208.0
2006 9 32497.0
2006 10 30970.0
2006 11 17494.0
2006 12 11646.0
2007 1 3690.0
2007 2 9400.0
2007 3 19746.0
2007 4 42173.0
2007 5 47655.0
2007 6 41357.0
2007 7 36106.0
2007 8 34136.0
2007 9 33697.0
2007 10 39657.0
2007 11 24643.0
2007 12 7403.0
2008 1 2758.0
2008 2 6039.0
2008 3 17982.0
2008 4 49466.0
2008 5 45449.0
2008 6 27794.0
2008 7 37230.0
2008 8 28625.0
2008 9 35627.0
2008 10 35766.0
2008 11 15030.0
2008 12 5537.0
2009 1 196.0
2009 2 1788.0
2009 3 1442.0
2009 4 27014.0
2009 5 48673.0
2009 6 42589.0
2009 7 49820.0
2009 8 41711.0
2009 9 39472.0
2009 10 38400.0
2009 11 22123.0
2009 12 7142.0
2010 1 1980.0
2010 2 1822.0
2010 3 21313.0
2010 4 64005.0
2010 5 49530.0
2010 6 36311.0
2010 7 31672.0
2010 8 31709.0
2010 9 33982.0
2010 10 39216.0
2010 11 28816.0
2010 12 7770.0
2011 1 3634.0
2011 2 4267.0
2011 3 20997.0
2011 4 51824.0
2011 5 62302.0
2011 6 40997.0
2011 7 49143.0
2011 8 48618.0
2011 9 52373.0
2011 10 47880.0
2011 11 33907.0
2011 12 22034.0
2012 1 12927.0
2012 2 26431.0
2012 3 60725.0
2012 4 69592.0
2012 5 79586.0
2012 6 61210.0
2012 7 56908.0
2012 8 73618.0
2012 9 72325.0
2012 10 86510.0
2012 11 43178.0
2012 12 20123.0
2013 1 14525.0
2013 2 16482.0
2013 3 42247.0
2013 4 95771.0
2013 5 101487.0
2013 6 92892.0
2013 7 91692.0
2013 8 105649.0
2013 9 79451.0
2013 10 76317.0
2013 11 73422.0
2013 12 26625.0
2014 1 21862.0
2014 2 60966.0
2014 3 58950.0
2014 4 92957.0
2014 5 165261.0
2014 6 206999.0
2014 7 197594.0
2014 8 91061.0
2014 9 157808.0
2014 10 182032.0
2014 11 42858.0
2014 12 35494.0
2015 1 14512.0
2015 2 8471.0
2015 3 34567.0
2015 4 90832.0
2015 5 85779.0
2015 6 94269.0
2015 7 96992.0
2015 8 51529.0
2015 9 72593.0
2015 10 87713.0
2015 11 51384.0
2015 12 10415.0
2016 1 16205.0
2016 2 12537.0
2016 3 56140.0
2016 4 84045.0
2016 5 74478.0
2016 6 64062.0
2016 7 49845.0
2016 8 60683.0
2016 9 61379.0
2016 10 61681.0
2016 11 35135.0
2016 12 6772.0
2017 1 5672.0
2017 2 11993.0
2017 3 34593.0
2017 4 59241.0
2017 5 72789.0
2017 6 57090.0
2017 7 56304.0
2017 8 46805.0
2017 9 45139.0
2017 10 61735.0
2017 11 33616.0
2017 12 8039.0
2018 1 4671.0
2018 2 8939.0
2018 3 26482.0
2018 4 65201.0
2018 5 65966.0
2018 6 52975.0
2018 7 50825.0
2018 8 56435.0
2018 9 53404.0
2018 10 53654.0
2018 11 23624.0
2018 12 12914.0
2019 1 10972.0
2019 2 9005.0
2019 3 23003.0
2019 4 68706.0
2019 5 56184.0
2019 6 52918.0
2019 7 44632.0
2019 8 57196.0
2019 9 63715.0
2019 10 41899.0
2019 11 24113.0
2019 12 8407.0
2020 1 7784.0
2020 2 12902.0
2020 3 46080.0
2020 4 49632.0
2020 5 63152.0
2020 6 59692.0
2020 7 58361.0
2020 8 73963.0
2020 9 90031.0
2020 10 66891.0
2020 11 31477.0
2020 12 15237.0
2021 1 11054.0
2021 2 14956.0
2021 3 71257.0
2021 4 80324.0
2021 5 72596.0
2021 6 57842.0
2021 7 69004.0
2021 8 61182.0
2021 9 52404.0
2021 10 50106.0
2021 11 40410.0
2021 12 15095.0
2022 1 9956.0
2022 2 17189.0
2022 3 56635.0
2022 4 74353.0
2022 5 96634.0
2022 6 65856.0
2022 7 56486.0
2022 8 81521.0
2022 9 83641.0
2022 10 45821.0
2022 11 28783.0
2022 12 9170.0
2023 1 11667.0
2023 2 11588.0
2023 3 35231.0
2023 4 52608.0
2023 5 57383.0
2023 6 56109.0
2023 7 49845.0
2023 8 62307.0
2023 9 65860.0
2023 10 48625.0
2023 11 24806.0
2023 12 23906.0
2024 1 7757.0
2024 2 13215.0
2024 3 35510.0
2024 4 81819.0
2024 5 64707.0
2024 6 73385.0
2024 7 55192.0
2024 8 56220.0
