1960 5 189.0
1960 6 125.0
1960 7 68.0
1960 8 421.0
1960 9 359.0
1960 10 238.0
1960 11 451.0
1960 12 163.0
1961 1 290.0
1961 2 417.0
1961 3 1194.0
1961 4 733.0
1961 5 950.0
1961 6 1994.0
1961 7 1349.0
1961 8 504.0
1961 9 250.0
1961 10 3001.0
1961 11 474.0
1961 12 2137.0
1962 1 1113.0
1962 2 638.0
1962 3 1778.0
1962 4 478.0
1962 5 1004.0
1962 6 558.0
1962 7 183.0
1962 8 2403.0
1962 9 802.0
1962 10 1166.0
1962 11 274.0
1962 12 932.0
1963 1 808.0
1963 2 1143.0
1963 3 466.0
1963 4 573.0
1963 5 1233.0
1963 6 228.0
1963 7 486.0
1963 8 1161.0
1963 9 1045.0
1963 10 2454.0
1963 11 1255.0
1963 12 329.0
1964 1 1603.0
1964 2 1325.0
1964 3 1492.0
1964 4 1206.0
1964 5 1643.0
1964 6 995.0
1964 7 1054.0
1964 8 2322.0
1964 9 1129.0
1964 10 2559.0
1964 11 649.0
1964 12 1220.0
1965 1 1371.0
1965 2 1854.0
1965 3 1574.0
1965 4 4259.0
1965 5 1622.0
1965 6 1183.0
1965 7 1814.0
1965 8 1044.0
1965 9 1532.0
1965 10 3880.0
1965 11 2814.0
1965 12 5600.0
1966 1 1508.0
1966 2 2756.0
1966 3 5341.0
1966 4 2176.0
1966 5 5684.0
1966 6 3918.0
1966 7 1070.0
1966 8 2297.0
1966 9 3001.0
1966 10 2142.0
1966 11 2948.0
1966 12 948.0
1967 1 842.0
1967 2 3179.0
1967 3 936.0
1967 4 1509.0
1967 5 5168.0
1967 6 3186.0
1967 7 3480.0
1967 8 2577.0
1967 9 3445.0
1967 10 3418.0
1967 11 6736.0
1967 12 4251.0
1968 1 3167.0
1968 2 3635.0
1968 3 3823.0
1968 4 2493.0
1968 5 4824.0
1968 6 8223.0
1968 7 14418.0
1968 8 3461.0
1968 9 7561.0
1968 10 5764.0
1968 11 1801.0
1968 12 4351.0
1969 1 8250.0
1969 2 4205.0
1969 3 5554.0
1969 4 6808.0
1969 5 5511.0
1969 6 5907.0
1969 7 6613.0
1969 8 3576.0
1969 9 3083.0
1969 10 3066.0
1969 11 2330.0
1969 12 5860.0
1970 1 4101.0
1970 2 3191.0
1970 3 2519.0
1970 4 6777.0
1970 5 8477.0
1970 6 7845.0
1970 7 4273.0
1970 8 8812.0
1970 9 5857.0
1970 10 11852.0
1970 11 11226.0
1970 12 11735.0
1971 1 13041.0
1971 2 15276.0
1971 3 17066.0
1971 4 10706.0
1971 5 9852.0
1971 6 13256.0
1971 7 8140.0
1971 8 13942.0
1971 9 15302.0
1971 10 11422.0
1971 11 16866.0
1971 12 13042.0
1972 1 11236.0
1972 2 11277.0
1972 3 15495.0
1972 4 11601.0
1972 5 22974.0
1972 6 26110.0
1972 7 18123.0
1972 8 31509.0
1972 9 14642.0
1972 10 15577.0
1972 11 15562.0
1972 12 10253.0
1973 1 15357.0
1973 2 14140.0
1973 3 17405.0
1973 4 16294.0
1973 5 20385.0
1973 6 10698.0
1973 7 7605.0
1973 8 7423.0
1973 9 15880.0
1973 10 7262.0
1973 11 8807.0
1973 12 17332.0
1974 1 8366.0
1974 2 3481.0
1974 3 14284.0
1974 4 2239.0
1974 5 6090.0
1974 6 4314.0
1974 7 8093.0
1974 8 2851.0
1974 9 3862.0
1974 10 338.0
1974 11 934.0
1974 12 1530.0
1975 1 6685.0
1975 2 640.0
1975 3 424.0
1975 4 1751.0
1975 5 83.0
1975 6 1391.0
1975 7 581.0
1975 8 180.0
1975 9 4440.0
1975 10 1985.0
1975 11 2364.0
1975 12 3611.0
1976 1 753.0
1976 2 2721.0
1976 3 3068.0
1976 4 817.0
1976 5 1635.0
1976 6 3770.0
1976 7 11936.0
1976 8 1558.0
1976 9 2161.0
1976 10 3397.0
1976 11 3883.0
1976 12 1463.0
1977 1 4700.0
1977 2 3383.0
1977 3 3029.0
1977 4 19807.0
1977 5 7341.0
1977 6 36735.0
1977 7 2901.0
1977 8 6524.0
1977 9 10299.0
1977 10 6968.0
1977 11 7930.0
1977 12 13375.0
1978 1 5745.0
1978 2 1506.0
1978 3 8674.0
1978 4 26654.0
1978 5 7055.0
1978 6 4518.0
1978 7 10598.0
1978 8 5483.0
1978 9 5424.0
1978 10 15363.0
1978 11 7152.0
1978 12 12395.0
1979 1 7343.0
1979 2 5553.0
1979 3 11155.0
1979 4 3288.0
1979 5 10710.0
1979 6 5751.0
1979 7 6776.0
1979 8 15185.0
1979 9 6528.0
1979 10 21431.0
1979 11 8581.0
1979 12 10128.0
1980 1 858.0
1980 2 2096.0
1980 3 2630.0
1980 4 4809.0
1980 5 11855.0
1980 6 15673.0
1980 7 6910.0
1980 8 14209.0
1980 9 29727.0
1980 10 12029.0
1980 11 9559.0
1980 12 6684.0
1981 1 5835.0
1981 2 7098.0
1981 3 41089.0
1981 4 15954.0
1981 5 19685.0
1981 6 8898.0
1981 7 8658.0
1981 8 3774.0
1981 9 12435.0
1981 10 8204.0
1981 11 6947.0
1981 12 12932.0
1982 1 3291.0
1982 2 15583.0
1982 3 22543.0
1982 4 6632.0
1982 5 15265.0
1982 6 30297.0
1982 7 9079.0
1982 8 10307.0
1982 9 5903.0
1982 10 18625.0
1982 11 21301.5
1982 12 23978.0
1983 1 7929.0
1983 2 19175.0
1983 3 18336.0
1983 4 13114.0
1983 5 12603.0
1983 6 18597.0
1983 7 37436.0
1983 8 27611.0
1983 9 34243.0
1983 10 52420.0
1983 11 63097.0
1983 12 22051.0
1984 1 24678.0
1984 2 15774.0
1984 3 25377.0
1984 4 30501.0
1984 5 24492.0
1984 6 26436.0
1984 7 174186.0
1984 8 36689.0
1984 9 42916.0
1984 10 37924.0
1984 11 63865.0
1984 12 34998.0
1985 1 46006.0
1985 2 23094.0
1985 3 31129.0
1985 4 33036.0
1985 5 48398.0
1985 6 40788.0
1985 7 55468.0
1985 8 54319.0
1985 9 61101.0
1985 10 75893.0
1985 11 30279.0
1985 12 59062.0
1986 1 54349.0
1986 2 32410.0
1986 3 44168.0
1986 4 36730.0
1986 5 47938.0
1986 6 14932.0
1986 7 36218.0
1986 8 24092.0
1986 9 47006.0
1986 10 24404.0
1986 11 40991.0
1986 12 5509.0
1987 1 24408.0
1987 2 13536.0
1987 3 51101.0
1987 4 14388.0
1987 5 23848.0
1987 6 27877.0
1987 7 19769.0
1987 8 31018.0
1987 9 19455.0
1987 10 15763.0
1987 11 15342.0
1987 12 8561.0
1988 1 2515.0
1988 2 11642.0
1988 3 21817.0
1988 4 10629.0
1988 5 21491.0
1988 6 20374.0
1988 7 21420.0
1988 8 24765.0
1988 9 17642.0
1988 10 20206.0
1988 11 14496.0
1988 12 9611.0
1989 1 18270.0
1989 2 15287.0
1989 3 6264.0
1989 4 34311.0
1989 5 24432.0
1989 6 30502.0
1989 7 16547.0
1989 8 20735.0
1989 9 13071.0
1989 10 16921.0
1989 11 11488.0
1989 12 27688.0
1990 1 31337.0
1990 2 8020.0
1990 3 9673.0
1990 4 11399.0
1990 5 11479.0
1990 6 9943.0
1990 7 9644.0
1990 8 13884.0
1990 9 10929.0
1990 10 4451.0
1990 11 26519.0
1990 12 12994.0
1991 1 14120.0
1991 2 4600.0
1991 3 23805.0
1991 4 7325.0
1991 5 3524.0
1991 6 7123.0
1991 7 4794.0
1991 8 19877.0
1991 9 13796.0
1991 10 10362.0
1991 11 8502.0
1991 12 16827.0
1992 1 31836.0
1992 2 4861.0
1992 3 4840.0
1992 4 11489.0
1992 5 10359.0
1992 6 5543.0
1992 7 11053.0
1992 8 8852.0
1992 9 20838.0
1992 10 7165.0
1992 11 6783.0
1992 12 17501.0
1993 1 6401.0
1993 2 21004.0
1993 3 13765.0
1993 4 11018.0
1993 5 7114.0
1993 6 15690.0
1993 7 11095.0
1993 8 20407.0
1993 9 14961.0
1993 10 10949.0
1993 11 18294.0
1993 12 26692.0
1994 1 11898.0
1994 2 17083.0
1994 3 25752.0
1994 4 28116.0
1994 5 32044.0
1994 6 34289.0
1994 7 15526.0
1994 8 30742.0
1994 9 68720.0
1994 10 60725.0
1994 11 66285.0
1994 12 23643.0
1995 1 12547.0
1995 2 12519.0
1995 3 21927.0
1995 4 22730.0
1995 5 37374.0
1995 6 52723.0
1995 7 27788.0
1995 8 73403.0
1995 9 24362.0
1995 10 28230.0
1995 11 55651.0
1995 12 35470.0
1996 1 25560.0
1996 2 28820.0
1996 3 15571.0
1996 4 27118.0
1996 5 86563.0
1996 6 27615.0
1996 7 32940.0
1996 8 20583.0
1996 9 63367.0
1996 10 42955.0
1996 11 59518.0
1996 12 34296.0
1997 1 14902.0
1997 2 26588.0
1997 3 46665.0
1997 4 36478.0
1997 5 61684.0
1997 6 55857.0
1997 7 54390.0
1997 8 46255.0
1997 9 52161.0
1997 10 85040.0
1997 11 69768.0
1997 12 74803.0
1998 1 47261.0
1998 2 61152.0
1998 3 85054.0
1998 4 53924.0
1998 5 37828.0
1998 6 35172.0
1998 7 48893.0
1998 8 63510.0
1998 9 83165.0
1998 10 30838.0
1998 11 49153.0
1998 12 68365.0
1999 1 56140.0
1999 2 42688.0
1999 3 58487.0
1999 4 33907.0
1999 5 51516.0
1999 6 138395.0
1999 7 81607.0
1999 8 71284.0
1999 9 36557.0
1999 10 54152.0
1999 11 58118.0
1999 12 74622.0
2000 1 32293.0
2000 2 98414.0
2000 3 69528.0
2000 4 64852.0
2000 5 64496.0
2000 6 91609.0
2000 7 36143.0
2000 8 78517.0
2000 9 43545.0
2000 10 59374.0
2000 11 44401.0
2000 12 46625.0
2001 1 83857.0
2001 2 41097.0
2001 3 45055.0
2001 4 84541.0
2001 5 89055.0
2001 6 51349.0
2001 7 48386.0
2001 8 47407.0
2001 9 94356.0
2001 10 54771.0
2001 11 86319.0
2001 12 64826.0
2002 1 39728.0
2002 2 81073.0
2002 3 38809.0
2002 4 44187.0
2002 5 45640.0
2002 6 56342.0
2002 7 66411.0
2002 8 46050.0
2002 9 48139.0
2002 10 74671.0
2002 11 64041.0
2002 12 84846.0
2003 1 58582.0
2003 2 34861.0
2003 3 37378.0
2003 4 27369.0
2003 5 45124.0
2003 6 45421.0
2003 7 42878.0
2003 8 85845.0
2003 9 66125.0
2003 10 58832.0
2003 11 43155.0
2003 12 54883.0
2004 1 57365.0
2004 2 50238.0
2004 3 101370.0
2004 4 75037.0
2004 5 79534.0
2004 6 34468.0
2004 7 124059.0
2004 8 60706.0
2004 9 58600.0
2004 10 40330.0
2004 11 83092.0
2004 12 62823.0
2005 1 46416.0
2005 2 171507.0
2005 3 51015.0
2005 4 98666.0
2005 5 59583.0
2005 6 52041.0
2005 7 56371.0
2005 8 67308.0
2005 9 49878.0
2005 10 43868.0
2005 11 58913.0
2005 12 59691.0
2006 1 95136.0
2006 2 55315.0
2006 3 113506.0
2006 4 140346.0
2006 5 87794.0
2006 6 102149.0
2006 7 90962.0
2006 8 125034.0
2006 9 100806.0
2006 10 65635.0
2006 11 75986.0
2006 12 120169.0
2007 1 87547.0
2007 2 78382.0
2007 3 114030.0
2007 4 68838.0
2007 5 74444.0
2007 6 118198.0
2007 7 108526.0
2007 8 46295.0
2007 9 131204.0
2007 10 80190.0
2007 11 155682.0
2007 12 56620.0
2008 1 101592.0
2008 2 102893.0
2008 3 99276.0
2008 4 76842.0
2008 5 61840.0
2008 6 143965.0
2008 7 160190.0
2008 8 68848.0
2008 9 39072.0
2008 10 86710.0
2008 11 37977.0
2008 12 50967.0
2009 1 61831.0
2009 2 17914.0
2009 3 36878.0
2009 4 90083.0
2009 5 46098.0
2009 6 65692.0
2009 7 2278.0
2009 8 43970.0
2009 9 52075.0
2009 10 35396.0
2009 11 41613.0
2009 12 13194.0
2010 1 9336.0
2010 2 57623.0
2010 3 20253.0
2010 4 31514.0
2010 5 29823.0
2010 6 52211.0
2010 7 57124.0
2010 8 47561.0
2010 9 17448.0
2010 10 34350.0
2010 11 40626.0
2010 12 22772.0
2011 1 23893.0
2011 2 83849.0
2011 3 66997.0
2011 4 55532.0
2011 5 37140.0
2011 6 34706.0
2011 7 31696.0
2011 8 55342.0
2011 9 9509.0
2011 10 22059.0
2011 11 91905.0
2011 12 17601.0
2012 1 170378.0
2012 2 67717.0
2012 3 90873.0
2012 4 49862.0
2012 5 168736.0
2012 6 91128.0
2012 7 154486.0
2012 8 47058.0
2012 9 44680.0
2012 10 127585.0
2012 11 136169.0
2012 12 88521.0
2013 1 112123.0
2013 2 51657.0
2013 3 48080.0
2013 4 99180.0
2013 5 87572.0
2013 6 96293.0
2013 7 49706.0
2013 8 58868.0
2013 9 89960.0
2013 10 93239.0
2013 11 127909.0
2013 12 144747.0
2014 1 79995.0
2014 2 50496.0
2014 3 93965.0
2014 4 120007.0
2014 5 75024.0
2014 6 67078.0
2014 7 126643.0
2014 8 127403.0
2014 9 110665.0
2014 10 123388.0
2014 11 129565.0
2014 12 141729.0
2015 1 66245.0
2015 2 119933.0
2015 3 49304.0
2015 4 93052.0
2015 5 105194.0
2015 6 108418.0
2015 7 125075.0
2015 8 115140.0
2015 9 114984.0
2015 10 156129.0
2015 11 114746.0
2015 12 77780.0
2016 1 38913.0
2016 2 74614.0
2016 3 66564.0
2016 4 107693.0
2016 5 106042.0
2016 6 110992.0
2016 7 217855.0
2016 8 145264.0
2016 9 165373.0
2016 10 129813.0
2016 11 112463.0
2016 12 41920.0
2017 1 68482.0
2017 2 117708.0
2017 3 161514.0
2017 4 28878.0
2017 5 67345.0
2017 6 88682.0
2017 7 224277.0
2017 8 255837.0
2017 9 165554.0
2017 10 133866.0
2017 11 152159.0
2017 12 138194.0
2018 1 135981.0
2018 2 213187.0
2018 3 111185.0
2018 4 200923.0
2018 5 178035.0
2018 6 97705.0
2018 7 127367.0
2018 8 282058.0
2018 9 135889.0
2018 10 88208.0
2018 11 125792.0
2018 12 245199.0
2019 1 83225.0
2019 2 115486.0
2019 3 101469.0
2019 4 117070.0
2019 5 271644.0
2019 6 208161.0
2019 7 130693.0
2019 8 137762.0
2019 9 211509.0
2019 10 165521.0
2019 11 135639.0
2019 12 150682.0
2020 1 117273.0
2020 2 125782.0
2020 3 223458.0
2020 4 92710.0
2020 5 106004.0
2020 6 227443.0
2020 7 91311.0
2020 8 181751.0
2020 9 70804.0
2020 10 115205.0
2020 11 252789.0
2020 12 184874.0
2021 1 119657.0
2021 2 290939.0
2021 3 400806.0
2021 4 263343.0
2021 5 130229.0
2021 6 243886.0
2021 7 268697.0
2021 8 263242.0
2021 9 279659.0
2021 10 363649.0
2021 11 363792.0
2021 12 185272.0
2022 1 400149.0
2022 2 155859.0
2022 3 94802.0
2022 4 292857.0
2022 5 349911.0
2022 6 161707.0
2022 7 203404.0
2022 8 375840.0
2022 9 271838.0
2022 10 291448.0
2022 11 445347.0
2022 12 214181.0
2023 1 357021.0
2023 2 444812.0
2023 3 371904.0
2023 4 263743.0
2023 5 396165.0
2023 6 305687.0
2023 7 262475.0
2023 8 207327.0
2023 9 284507.0
2023 10 425567.0
2023 11 237822.0
2023 12 468105.0
2024 1 215336.0
2024 2 316885.0
2024 3 576568.0
2024 4 356252.0
2024 5 165119.0
2024 6 456367.0
2024 7 357922.0
2024 8 459288.0
