1960 5 92.0
1960 6 89.0
1960 7 304.0
1960 8 159.0
1960 9 221.0
1960 10 282.0
1960 11 116.0
1960 12 12.0
1961 1 20.0
1961 2 55.0
1961 3 80.0
1961 4 85.0
1961 5 94.0
1961 6 121.0
1961 7 84.0
1961 8 89.0
1961 9 102.0
1961 10 173.0
1961 11 205.0
1961 12 38.0
1962 1 57.5
1962 2 77.0
1962 3 120.5
1962 4 164.0
1962 5 232.0
1962 6 78.0
1962 7 168.0
1962 8 195.0
1962 9 296.0
1962 10 78.0
1962 11 72.0
1962 12 48.0
1963 1 79.33333333333333
1963 2 110.66666666666666
1963 3 142.0
1963 4 324.0
1963 5 46.0
1963 6 121.0
1963 7 108.0
1963 8 354.0
1963 9 122.0
1963 10 233.0
1963 11 91.0
1963 12 18.0
1964 1 39.0
1964 2 30.0
1964 3 184.0
1964 4 190.0
1964 5 266.0
1964 6 95.0
1964 7 62.0
1964 8 124.0
1964 9 164.0
1964 10 128.0
1964 11 164.0
1964 12 49.0
1965 1 32.5
1965 2 16.0
1965 3 160.0
1965 4 134.0
1965 5 181.0
1965 6 65.0
1965 7 64.0
1965 8 98.0
1965 9 138.0
1965 10 165.0
1965 11 130.0
1965 12 103.0
1966 1 100.0
1966 2 97.0
1966 3 94.0
1966 4 91.0
1966 5 112.0
1966 6 85.0
1966 7 115.0
1966 8 44.0
1966 9 58.0
1966 10 72.0
1966 11 70.0
1966 12 68.0
1967 1 66.0
1967 2 64.0
1967 3 62.0
1967 4 60.0
1967 5 86.0
1967 6 75.0
1967 7 38.0
1967 8 104.0
1967 9 85.0
1967 10 89.0
1967 11 19.0
1967 12 29.75
1968 1 40.5
1968 2 51.25
1968 3 62.0
1968 4 196.0
1968 5 2377.0
1968 6 35.0
1968 7 754.0
1968 8 143.0
1968 9 50.0
1968 10 242.0
1968 11 246.0
1968 12 30.0
1969 1 38.333333333333336
1969 2 46.66666666666667
1969 3 55.0
1969 4 129.0
1969 5 53.0
1969 6 24.0
1969 7 277.0
1969 8 66.0
1969 9 179.0
1969 10 317.0
1969 11 488.0
1969 12 426.6
1970 1 365.2
1970 2 303.8
1970 3 242.4
1970 4 181.0
1970 5 211.0
1970 6 204.0
1970 7 53.0
1970 8 179.0
1970 9 424.0
1970 10 770.0
1970 11 608.0
1970 12 491.25
1971 1 374.5
1971 2 257.75
1971 3 141.0
1971 4 283.0
1971 5 144.0
1971 6 667.0
1971 7 264.0
1971 8 742.0
1971 9 581.0
1971 10 386.0
1971 11 977.0
1971 12 792.0
1972 1 607.0
1972 2 422.0
1972 3 237.0
1972 4 479.0
1972 5 853.0
1972 6 228.0
1972 7 559.0
1972 8 668.0
1972 9 1697.0
1972 10 761.0
1972 11 327.0
1972 12 60.0
1973 1 57.5
1973 2 55.0
1973 3 177.0
1973 4 358.0
1973 5 391.0
1973 6 943.0
1973 7 375.0
1973 8 190.0
1973 9 240.0
1973 10 676.0
1973 11 385.0
1973 12 332.5
1974 1 280.0
1974 2 227.5
1974 3 175.0
1974 4 646.0
1974 5 492.0
1974 6 548.0
1974 7 241.0
1974 8 827.0
1974 9 646.0
1974 10 919.0
1974 11 236.0
1974 12 133.0
1975 1 315.33333333333337
1975 2 497.6666666666667
1975 3 680.0
1975 4 524.0
1975 5 813.0
1975 6 396.0
1975 7 830.0
1975 8 922.0
1975 9 1559.0
1975 10 1132.0
1975 11 1443.0
1975 12 764.0
1976 1 85.0
1976 2 146.0
1976 3 80.0
1976 4 1508.0
1976 5 1164.0
1976 6 722.0
1976 7 2011.0
1976 8 1047.0
1976 9 1272.0
1976 10 2340.0
1976 11 1492.0
1976 12 246.0
1977 1 127.0
1977 2 701.0
1977 3 1797.0
1977 4 49701.0
1977 5 1125.0
1977 6 44161.0
1977 7 928.0
1977 8 712.0
1977 9 1473.0
1977 10 2045.0
1977 11 1030.0
1977 12 728.5
1978 1 427.0
1978 2 60.0
1978 3 631.0
1978 4 1559.0
1978 5 1585.0
1978 6 2696.0
1978 7 1482.0
1978 8 1545.0
1978 9 2502.0
1978 10 3373.0
1978 11 930.0
1978 12 399.0
1979 1 160.0
1979 2 151.0
1979 3 445.0
1979 4 1749.0
1979 5 1943.0
1979 6 1987.0
1979 7 2580.0
1979 8 2187.0
1979 9 3058.0
1979 10 4753.0
1979 11 727.0
1979 12 657.0
1980 1 587.0
1980 2 517.0
1980 3 206.0
1980 4 848.0
1980 5 1133.0
1980 6 805.0
1980 7 619.0
1980 8 845.0
1980 9 1480.0
1980 10 1788.0
1980 11 1093.0
1980 12 981.0
1981 1 578.0
1981 2 175.0
1981 3 679.0
1981 4 970.0
1981 5 662.0
1981 6 1191.0
1981 7 501.0
1981 8 497.0
1981 9 1787.0
1981 10 1163.0
1981 11 750.0
1981 12 43.0
1982 1 170.75
1982 2 298.5
1982 3 426.25
1982 4 554.0
1982 5 846.0
1982 6 1358.0
1982 7 358.0
1982 8 836.0
1982 9 1190.0
1982 10 1135.0
1982 11 1073.3333333333333
1982 12 1011.6666666666666
1983 1 950.0
1983 2 495.0
1983 3 40.0
1983 4 1751.0
1983 5 2589.0
1983 6 1803.0
1983 7 2362.0
1983 8 836.0
1983 9 3011.0
1983 10 2154.0
1983 11 1301.0
1983 12 92.0
1984 1 174.0
1984 2 70.0
1984 3 567.5
1984 4 1065.0
1984 5 1127.0
1984 6 1182.0
1984 7 11025.0
1984 8 531.0
1984 9 792.0
1984 10 1805.0
1984 11 3554.0
1984 12 625.0
1985 1 565.0
1985 2 505.0
1985 3 445.0
1985 4 761.0
1985 5 1338.0
1985 6 597.0
1985 7 1539.0
1985 8 1753.0
1985 9 1667.0
1985 10 1360.0
1985 11 495.0
1985 12 498.0
1986 1 75.0
1986 2 625.5
1986 3 1176.0
1986 4 2205.0
1986 5 1146.0
1986 6 1630.0
1986 7 846.0
1986 8 1682.0
1986 9 1541.0
1986 10 1193.0
1986 11 408.0
1986 12 93.0
1987 1 105.0
1987 2 94.0
1987 3 130.0
1987 4 272.0
1987 5 610.0
1987 6 1009.0
1987 7 286.0
1987 8 518.0
1987 9 690.0
1987 10 1055.0
1987 11 718.0
1987 12 384.0
1988 1 50.0
1988 2 162.0
1988 3 274.0
1988 4 405.0
1988 5 180.0
1988 6 351.0
1988 7 272.0
1988 8 282.0
1988 9 292.0
1988 10 530.0
1988 11 575.0
1988 12 395.0
1989 1 302.0
1989 2 209.0
1989 3 116.0
1989 4 1539.0
1989 5 542.0
1989 6 102.0
1989 7 300.0
1989 8 558.0
1989 9 90.0
1989 10 187.0
1989 11 88.0
1989 12 98.0
1990 1 474.0
1990 2 850.0
1990 3 463.0
1990 4 76.0
1990 5 150.66666666666669
1990 6 225.33333333333334
1990 7 300.0
1990 8 90.0
1990 9 281.0
1990 10 236.0
1990 11 135.0
1990 12 102.0
1991 1 91.5
1991 2 81.0
1991 3 70.5
1991 4 60.0
1991 5 246.0
1991 6 304.0
1991 7 179.0
1991 8 515.0
1991 9 347.5
1991 10 180.0
1991 11 181.6
1991 12 183.2
1992 1 184.8
1992 2 186.4
1992 3 188.0
1992 4 154.0
1992 5 120.0
1992 6 277.0
1992 7 275.0
1992 8 225.5
1992 9 176.0
1992 10 535.0
1992 11 508.6666666666667
1992 12 482.3333333333333
1993 1 456.0
1993 2 429.6666666666667
1993 3 403.33333333333337
1993 4 377.0
1993 5 120.0
1993 6 936.0
1993 7 1089.0
1993 8 1950.0
1993 9 1164.0
1993 10 672.0
1993 11 204.0
1993 12 256.0
1994 1 250.0
1994 2 478.33333333333337
1994 3 706.6666666666667
1994 4 935.0
1994 5 1876.0
1994 6 632.0
1994 7 896.0
1994 8 390.0
1994 9 1520.0
1994 10 741.0
1994 11 340.0
1994 12 196.0
1995 1 409.75
1995 2 623.5
1995 3 837.25
1995 4 1051.0
1995 5 197.0
1995 6 1065.0
1995 7 193.0
1995 8 608.0
1995 9 939.0
1995 10 1394.0
1995 11 250.0
1995 12 231.66666666666666
1996 1 213.33333333333334
1996 2 195.0
1996 3 176.66666666666669
1996 4 158.33333333333334
1996 5 140.0
1996 6 348.0
1996 7 725.0
1996 8 92.0
1996 9 258.0
1996 10 2393.0
1996 11 597.0
1996 12 396.5
1997 1 196.0
1997 2 450.33333333333337
1997 3 704.6666666666667
1997 4 959.0
1997 5 128.0
1997 6 669.0
1997 7 591.0
1997 8 1878.0
1997 9 1348.0
1997 10 1037.0
1997 11 692.0
1997 12 230.0
1998 1 179.0
1998 2 128.0
1998 3 248.0
1998 4 410.0
1998 5 3871.0
1998 6 1873.0
1998 7 2674.0
1998 8 2496.0
1998 9 473.0
1998 10 792.0
1998 11 250.0
1998 12 685.0
1999 1 417.5
1999 2 150.0
1999 3 303.0
1999 4 1512.0
1999 5 1625.0
1999 6 1698.0
1999 7 236.0
1999 8 842.0
1999 9 1499.0
1999 10 1184.0
1999 11 1860.0
1999 12 1659.0
2000 1 1032.5
2000 2 406.0
2000 3 248.0
2000 4 2015.0
2000 5 2727.0
2000 6 2349.0
2000 7 1957.0
2000 8 1275.0
2000 9 2212.0
2000 10 2627.0
2000 11 1098.0
2000 12 822.6666666666667
2001 1 547.3333333333334
2001 2 272.0
2001 3 544.0
2001 4 406.0
2001 5 2623.0
2001 6 2971.0
2001 7 856.0
2001 8 2113.0
2001 9 1664.0
2001 10 440.0
2001 11 2271.0
2001 12 1327.5
2002 1 384.0
2002 2 618.0
2002 3 897.0
2002 4 2034.0
2002 5 1484.0
2002 6 1650.0
2002 7 2146.0
2002 8 1525.0
2002 9 2444.0
2002 10 2030.0
2002 11 675.0
2002 12 1937.5
2003 1 3200.0
2003 2 1840.0
2003 3 480.0
2003 4 1270.0
2003 5 1738.0
2003 6 787.0
2003 7 390.0
2003 8 4590.0
2003 9 3555.0
2003 10 751.0
2003 11 831.0
2003 12 911.0
2004 1 736.3333333333334
2004 2 561.6666666666667
2004 3 387.0
2004 4 1638.0
2004 5 2699.0
2004 6 1404.0
2004 7 1043.0
2004 8 905.0
2004 9 2398.0
2004 10 2094.0
2004 11 871.0
2004 12 578.0
2005 1 351.0
2005 2 961.5
2005 3 1572.0
2005 4 1929.0
2005 5 10711.0
2005 6 611.0
2005 7 1150.0
2005 8 454.0
2005 9 1475.0
2005 10 386.0
2005 11 1559.0
2005 12 1118.0
2006 1 677.0
2006 2 1629.5
2006 3 2582.0
2006 4 1378.0
2006 5 1581.0
2006 6 3070.0
2006 7 229.0
2006 8 1447.0
2006 9 3273.0
2006 10 2755.0
2006 11 1127.0
2006 12 1555.25
2007 1 1983.5
2007 2 2411.75
2007 3 2840.0
2007 4 1663.0
2007 5 1410.0
2007 6 1057.0
2007 7 797.0
2007 8 757.0
2007 9 1668.0
2007 10 1372.0
2007 11 3907.0
2007 12 2681.333333333333
2008 1 1455.6666666666665
2008 2 230.0
2008 3 520.0
2008 4 1040.0
2008 5 819.0
2008 6 822.0
2008 7 825.0
2008 8 2773.0
2008 9 3908.0
2008 10 606.0
2008 11 340.5
2008 12 75.0
2009 1 148.75
2009 2 222.5
2009 3 296.25
2009 4 370.0
2009 5 519.0
2009 6 1087.0
2009 7 191.0
2009 8 55.0
2009 9 342.0
2009 10 187.0
2009 11 522.5
2009 12 858.0
2010 1 662.0
2010 2 466.0
2010 3 270.0
2010 4 280.0
2010 5 497.0
2010 6 1137.0
2010 7 1777.0
2010 8 1203.0
2010 9 629.0
2010 10 714.5
2010 11 800.0
2010 12 330.0
2011 1 474.0
2011 2 618.0
2011 3 762.0
2011 4 906.0
2011 5 481.0
2011 6 552.0
2011 7 2094.0
2011 8 1300.0
2011 9 5829.0
2011 10 270.0
2011 11 721.0
2011 12 665.0
2012 1 609.0
2012 2 553.0
2012 3 497.0
2012 4 1619.0
2012 5 1691.0
2012 6 2882.0
2012 7 5484.0
2012 8 1049.0
2012 9 3319.0
2012 10 1775.0
2012 11 2098.0
2012 12 2423.2
2013 1 2748.4
2013 2 3073.6
2013 3 3398.8
2013 4 3724.0
2013 5 4221.0
2013 6 1408.0
2013 7 3406.0
2013 8 1690.0
2013 9 4509.0
2013 10 3023.0
2013 11 687.0
2013 12 1360.0
2014 1 1251.5
2014 2 1143.0
2014 3 14503.0
2014 4 190.0
2014 5 209.0
2014 6 1179.0
2014 7 1018.5
2014 8 858.0
2014 9 1048.0
2014 10 350.0
2014 11 496.5
2014 12 643.0
2015 1 639.0
2015 2 380.0
2015 3 234.0
2015 4 3718.0
2015 5 1937.0
2015 6 1753.0
2015 7 907.0
2015 8 957.0
2015 9 1059.0
2015 10 580.0
2015 11 1110.0
2015 12 253.0
2016 1 253.0
2016 2 253.0
2016 3 1988.0
2016 4 339.0
2016 5 2562.0
2016 6 4908.0
2016 7 253.0
2016 8 160.0
2016 9 240.0
2016 10 709.0
2016 11 510.0
2016 12 240.0
2017 1 485.0
2017 2 730.0
2017 3 613.3333333333334
2017 4 496.66666666666663
2017 5 380.0
2017 6 5814.0
2017 7 3252.0
2017 8 690.0
2017 9 2546.0
2017 10 1783.0
2017 11 633.0
2017 12 565.75
2018 1 498.5
2018 2 431.25
2018 3 364.0
2018 4 950.0
2018 5 842.0
2018 6 1411.0
2018 7 943.0
2018 8 1416.0
2018 9 11533.0
2018 10 7501.0
2018 11 333.0
2018 12 342.0
2019 1 351.0
2019 2 740.25
2019 3 1129.5
2019 4 1518.75
2019 5 1908.0
2019 6 1380.5
2019 7 853.0
2019 8 430.0
2019 9 457.0
2019 10 7721.0
2019 11 682.0
2019 12 1034.25
2020 1 1386.5
2020 2 1738.75
2020 3 2091.0
2020 4 373.0
2020 5 1079.0
2020 6 1785.0
2020 7 3069.0
2020 8 1372.0
2020 9 6171.0
2020 10 4231.0
2020 11 889.0
2020 12 1636.0
2021 1 464.0
2021 2 2472.0
2021 3 596.0
2021 4 3903.0
2021 5 540.0
2021 6 7830.0
2021 7 3769.0
2021 8 8548.0
2021 9 8577.0
2021 10 4605.0
2021 11 17419.0
2021 12 2468.0
2022 1 379.0
2022 2 2255.5
2022 3 4132.0
2022 4 140.0
2022 5 2737.0
2022 6 3525.0
2022 7 2151.0
2022 8 2855.0
2022 9 140.0
2022 10 14372.0
2022 11 2762.0
2022 12 1615.5
2023 1 469.0
2023 2 175.0
2023 3 2183.0
2023 4 850.0
2023 5 5979.0
2023 6 2438.0
2023 7 2367.0
2023 8 6512.0
2023 9 2702.0
2023 10 2078.0
2023 11 374.0
2023 12 475.5
2024 1 577.0
2024 2 2879.0
2024 3 1839.0
2024 4 820.0
2024 5 1651.0
2024 6 1090.0
2024 7 10000.0
2024 8 3378.0
