1960 5 9124.0
1960 6 9396.0
1960 7 8933.0
1960 8 8852.0
1960 9 7774.0
1960 10 7236.0
1960 11 7365.0
1960 12 6023.0
1961 1 6321.0
1961 2 6559.0
1961 3 10606.0
1961 4 8436.0
1961 5 11418.0
1961 6 9418.0
1961 7 7642.0
1961 8 11288.0
1961 9 7563.0
1961 10 9378.0
1961 11 7724.0
1961 12 6896.0
1962 1 6874.0
1962 2 7947.0
1962 3 10750.0
1962 4 11818.0
1962 5 10658.0
1962 6 9430.0
1962 7 8291.0
1962 8 9007.0
1962 9 7085.0
1962 10 9107.0
1962 11 7454.0
1962 12 5250.0
1963 1 7131.0
1963 2 6709.0
1963 3 9174.0
1963 4 9654.0
1963 5 9905.0
1963 6 8041.0
1963 7 8617.0
1963 8 10121.0
1963 9 8971.0
1963 10 10082.0
1963 11 8917.0
1963 12 5904.0
1964 1 7284.0
1964 2 9516.0
1964 3 11257.0
1964 4 11349.0
1964 5 9545.0
1964 6 9566.0
1964 7 9972.0
1964 8 9127.0
1964 9 10162.0
1964 10 8836.0
1964 11 8044.0
1964 12 6944.0
1965 1 8215.0
1965 2 7763.0
1965 3 9652.0
1965 4 11738.0
1965 5 11587.0
1965 6 10847.0
1965 7 10608.0
1965 8 10292.0
1965 9 10705.0
1965 10 12149.0
1965 11 10151.0
1965 12 9632.0
1966 1 11247.0
1966 2 9442.0
1966 3 16842.0
1966 4 13006.0
1966 5 11014.0
1966 6 11797.0
1966 7 8178.0
1966 8 10116.0
1966 9 7570.0
1966 10 8256.0
1966 11 9162.0
1966 12 7270.0
1967 1 9995.0
1967 2 9985.0
1967 3 14468.0
1967 4 13283.0
1967 5 16097.0
1967 6 13341.0
1967 7 12331.0
1967 8 13352.0
1967 9 13851.0
1967 10 14775.0
1967 11 13090.0
1967 12 8081.0
1968 1 10285.0
1968 2 13487.0
1968 3 14506.0
1968 4 14836.0
1968 5 24231.0
1968 6 19774.0
1968 7 20586.0
1968 8 20542.0
1968 9 23794.0
1968 10 21980.0
1968 11 22516.0
1968 12 16900.0
1969 1 18182.0
1969 2 19465.0
1969 3 22750.0
1969 4 24585.0
1969 5 23577.0
1969 6 21749.0
1969 7 19739.0
1969 8 21312.0
1969 9 17345.0
1969 10 18763.0
1969 11 14028.0
1969 12 18498.0
1970 1 12883.0
1970 2 14535.0
1970 3 19676.0
1970 4 23611.0
1970 5 22674.0
1970 6 20376.0
1970 7 21534.0
1970 8 23143.0
1970 9 24957.0
1970 10 27157.0
1970 11 18683.0
1970 12 21664.0
1971 1 22240.0
1971 2 23158.0
1971 3 31021.0
1971 4 32358.0
1971 5 34434.0
1971 6 31461.0
1971 7 33475.0
1971 8 30990.0
1971 9 31349.0
1971 10 24576.0
1971 11 35014.0
1971 12 26639.0
1972 1 30394.0
1972 2 30153.0
1972 3 42807.0
1972 4 39319.0
1972 5 37854.0
1972 6 39748.0
1972 7 34542.0
1972 8 46628.0
1972 9 33263.0
1972 10 37948.0
1972 11 35110.0
1972 12 23605.0
1973 1 38526.0
1973 2 43822.0
1973 3 48187.0
1973 4 46075.0
1973 5 59221.0
1973 6 46167.0
1973 7 44155.0
1973 8 40515.0
1973 9 34949.0
1973 10 36553.0
1973 11 43272.0
1973 12 19732.0
1974 1 29936.0
1974 2 29454.0
1974 3 39596.0
1974 4 40922.0
1974 5 38775.0
1974 6 32837.0
1974 7 33018.0
1974 8 28443.0
1974 9 28869.0
1974 10 24912.0
1974 11 18738.0
1974 12 17683.0
1975 1 18808.0
1975 2 21132.0
1975 3 30051.0
1975 4 49234.0
1975 5 40762.0
1975 6 39254.0
1975 7 39173.0
1975 8 41117.0
1975 9 36568.0
1975 10 43059.0
1975 11 35824.0
1975 12 31559.0
1976 1 34407.0
1976 2 44212.0
1976 3 59822.0
1976 4 53848.0
1976 5 52650.0
1976 6 58545.0
1976 7 63883.0
1976 8 62260.0
1976 9 56224.0
1976 10 53451.0
1976 11 52453.0
1976 12 44590.0
1977 1 33811.0
1977 2 64020.0
1977 3 85205.0
1977 4 63540.0
1977 5 73980.0
1977 6 83193.0
1977 7 62714.0
1977 8 77462.0
1977 9 67478.0
1977 10 62255.0
1977 11 59378.0
1977 12 51389.0
1978 1 44612.0
1978 2 52303.0
1978 3 83024.0
1978 4 88417.0
1978 5 85734.0
1978 6 87589.0
1978 7 74326.0
1978 8 81904.0
1978 9 71280.0
1978 10 87534.0
1978 11 74392.0
1978 12 58728.0
1979 1 56998.0
1979 2 50806.0
1979 3 97948.0
1979 4 108120.0
1979 5 104026.0
1979 6 103609.0
1979 7 88237.0
1979 8 99828.0
1979 9 83446.0
1979 10 91569.0
1979 11 64618.0
1979 12 49464.0
1980 1 61975.0
1980 2 58622.0
1980 3 45764.0
1980 4 60901.0
1980 5 63618.0
1980 6 79389.0
1980 7 99373.0
1980 8 86461.0
1980 9 102665.0
1980 10 101246.0
1980 11 74239.0
1980 12 66879.0
1981 1 66323.0
1981 2 64073.0
1981 3 79318.0
1981 4 90884.0
1981 5 77490.0
1981 6 72358.0
1981 7 71797.0
1981 8 61482.0
1981 9 64106.0
1981 10 56845.0
1981 11 49178.0
1981 12 52207.0
1982 1 42038.0
1982 2 41972.0
1982 3 69579.0
1982 4 76923.0
1982 5 63743.0
1982 6 75409.0
1982 7 59697.0
1982 8 70447.0
1982 9 82841.0
1982 10 83324.0
1982 11 79349.5
1982 12 75375.0
1983 1 85079.0
1983 2 87819.0
1983 3 133762.0
1983 4 115242.0
1983 5 148294.0
1983 6 142475.0
1983 7 118715.0
1983 8 125665.0
1983 9 117691.0
1983 10 103474.0
1983 11 122573.0
1983 12 82381.0
1984 1 112991.0
1984 2 120107.0
1984 3 161008.0
1984 4 149229.0
1984 5 150478.0
1984 6 142158.0
1984 7 724607.0
1984 8 147209.0
1984 9 139064.0
1984 10 150885.0
1984 11 132720.0
1984 12 107364.0
1985 1 122871.0
1985 2 140517.0
1985 3 194128.0
1985 4 206087.0
1985 5 214303.0
1985 6 184949.0
1985 7 195222.0
1985 8 183547.0
1985 9 186617.0
1985 10 202898.0
1985 11 152208.0
1985 12 143116.0
1986 1 193954.0
1986 2 172530.0
1986 3 211118.0
1986 4 266604.0
1986 5 259266.0
1986 6 249033.0
1986 7 237069.0
1986 8 180422.0
1986 9 216091.0
1986 10 205146.0
1986 11 152193.0
1986 12 172007.0
1987 1 150599.0
1987 2 177579.0
1987 3 282402.0
1987 4 299795.0
1987 5 256126.0
1987 6 306302.0
1987 7 232652.0
1987 8 231947.0
1987 9 216768.0
1987 10 205209.0
1987 11 182720.0
1987 12 167780.0
1988 1 107316.0
1988 2 227187.0
1988 3 281745.0
1988 4 246596.0
1988 5 262740.0
1988 6 276186.0
1988 7 201804.0
1988 8 261320.0
1988 9 229551.0
1988 10 226065.0
1988 11 199590.0
1988 12 190659.0
1989 1 208417.0
1989 2 182630.0
1989 3 227107.0
1989 4 236768.0
1989 5 249180.0
1989 6 255419.0
1989 7 230956.0
1989 8 245929.0
1989 9 195532.0
1989 10 224754.0
1989 11 198258.0
1989 12 151776.0
1990 1 186961.0
1990 2 206258.0
1990 3 284654.0
1990 4 231288.0
1990 5 235194.0
1990 6 247798.0
1990 7 213777.0
1990 8 212424.0
1990 9 194726.0
1990 10 174823.0
1990 11 164694.0
1990 12 124790.0
1991 1 135977.0
1991 2 163940.0
1991 3 214670.0
1991 4 262767.0
1991 5 270099.0
1991 6 237406.0
1991 7 242510.0
1991 8 227043.0
1991 9 239893.0
1991 10 248770.0
1991 11 223939.0
1991 12 199734.0
1992 1 267768.0
1992 2 288682.0
1992 3 369541.0
1992 4 341989.0
1992 5 311828.0
1992 6 300962.0
1992 7 328823.0
1992 8 271578.0
1992 9 312109.0
1992 10 294552.0
1992 11 252311.0
1992 12 287814.0
1993 1 284210.0
1993 2 294989.0
1993 3 364881.0
1993 4 506329.0
1993 5 271196.0
1993 6 350332.0
1993 7 354999.0
1993 8 381983.0
1993 9 362088.0
1993 10 372024.0
1993 11 373738.0
1993 12 362311.0
1994 1 301961.0
1994 2 340006.0
1994 3 481798.0
1994 4 450366.0
1994 5 469306.0
1994 6 455181.0
1994 7 367256.0
1994 8 433953.0
1994 9 399155.0
1994 10 393051.0
1994 11 370328.0
1994 12 358640.0
1995 1 344753.0
1995 2 320908.0
1995 3 452090.0
1995 4 385941.0
1995 5 438780.0
1995 6 394319.0
1995 7 395588.0
1995 8 472484.0
1995 9 407624.0
1995 10 425819.0
1995 11 400670.0
1995 12 355304.0
1996 1 351818.0
1996 2 378411.0
1996 3 483693.0
1996 4 546784.0
1996 5 556418.0
1996 6 512963.0
1996 7 478910.0
1996 8 478857.0
1996 9 378880.0
1996 10 452855.0
1996 11 387879.0
1996 12 418077.0
1997 1 415653.0
1997 2 419710.0
1997 3 512855.0
1997 4 608890.0
1997 5 543245.0
1997 6 511638.0
1997 7 491823.0
1997 8 477653.0
1997 9 488768.0
1997 10 555990.0
1997 11 449819.0
1997 12 417851.0
1998 1 417114.0
1998 2 474037.0
1998 3 665323.0
1998 4 671020.0
1998 5 609566.0
1998 6 658662.0
1998 7 636835.0
1998 8 593632.0
1998 9 623531.0
1998 10 639644.0
1998 11 532653.0
1998 12 594692.0
1999 1 486908.0
1999 2 619286.0
1999 3 633038.0
1999 4 615108.0
1999 5 710366.0
1999 6 760380.0
1999 7 669664.0
1999 8 675787.0
1999 9 596341.0
1999 10 539736.0
1999 11 570818.0
1999 12 536656.0
2000 1 467428.0
2000 2 582135.0
2000 3 808511.0
2000 4 555917.0
2000 5 691408.0
2000 6 731414.0
2000 7 560500.0
2000 8 639386.0
2000 9 542206.0
2000 10 608807.0
2000 11 566427.0
2000 12 462712.0
2001 1 649932.0
2001 2 632906.0
2001 3 713974.0
2001 4 732001.0
2001 5 777720.0
2001 6 732170.0
2001 7 671929.0
2001 8 748946.0
2001 9 578836.0
2001 10 653117.0
2001 11 613012.0
2001 12 531364.0
2002 1 608804.0
2002 2 711624.0
2002 3 746802.0
2002 4 906165.0
2002 5 849004.0
2002 6 734096.0
2002 7 785561.0
2002 8 779911.0
2002 9 687315.0
2002 10 734151.0
2002 11 655220.0
2002 12 789646.0
2003 1 617243.0
2003 2 546443.0
2003 3 756683.0
2003 4 830020.0
2003 5 833939.0
2003 6 881154.0
2003 7 823279.0
2003 8 877227.0
2003 9 793539.0
2003 10 885063.0
2003 11 657286.0
2003 12 804896.0
2004 1 757378.0
2004 2 770645.0
2004 3 1088595.0
2004 4 1032889.0
2004 5 1011912.0
2004 6 1101945.0
2004 7 1024552.0
2004 8 1056302.0
2004 9 919625.0
2004 10 886885.0
2004 11 866202.0
2004 12 899958.0
2005 1 907598.0
2005 2 938391.0
2005 3 1124393.0
2005 4 1201282.0
2005 5 1191298.0
2005 6 1260043.0
2005 7 1153068.0
2005 8 1312966.0
2005 9 1193067.0
2005 10 1178612.0
2005 11 1098765.0
2005 12 995831.0
2006 1 1099923.0
2006 2 1150327.0
2006 3 1364396.0
2006 4 1178990.0
2006 5 1407514.0
2006 6 1315243.0
2006 7 1076767.0
2006 8 1249573.0
2006 9 1076350.0
2006 10 1134233.0
2006 11 950239.0
2006 12 959673.0
2007 1 1073495.0
2007 2 1024655.0
2007 3 1243907.0
2007 4 1148745.0
2007 5 1283215.0
2007 6 1207230.0
2007 7 1019025.0
2007 8 1054357.0
2007 9 880719.0
2007 10 887362.0
2007 11 767580.0
2007 12 639802.0
2008 1 713743.0
2008 2 770984.0
2008 3 722829.0
2008 4 727950.0
2008 5 811143.0
2008 6 677767.0
2008 7 710559.0
2008 8 552446.0
2008 9 536632.0
2008 10 462946.0
2008 11 265785.0
2008 12 280373.0
2009 1 261151.0
2009 2 318533.0
2009 3 362065.0
2009 4 354255.0
2009 5 384834.0
2009 6 446662.0
2009 7 432763.0
2009 8 416389.0
2009 9 411760.0
2009 10 348559.0
2009 11 355581.0
2009 12 381968.0
2010 1 405238.0
2010 2 365200.0
2010 3 565769.0
2010 4 448310.0
2010 5 406325.0
2010 6 425864.0
2010 7 383397.0
2010 8 387398.0
2010 9 331584.0
2010 10 299755.0
2010 11 277357.0
2010 12 279698.0
2011 1 289989.0
2011 2 302973.0
2011 3 383830.0
2011 4 379281.0
2011 5 396059.0
2011 6 438323.0
2011 7 367233.0
2011 8 410184.0
2011 9 376247.0
2011 10 339282.0
2011 11 333634.0
2011 12 329621.0
2012 1 362531.0
2012 2 447913.0
2012 3 468975.0
2012 4 392195.0
2012 5 501249.0
2012 6 500240.0
2012 7 493777.0
2012 8 508438.0
2012 9 462787.0
2012 10 511656.0
2012 11 461751.0
2012 12 433937.0
2013 1 499842.0
2013 2 514216.0
2013 3 581183.0
2013 4 640101.0
2013 5 641946.0
2013 6 599456.0
2013 7 608921.0
2013 8 663455.0
2013 9 550931.0
2013 10 563061.0
2013 11 479327.0
2013 12 483084.0
2014 1 518867.0
2014 2 510695.0
2014 3 608244.0
2014 4 666304.0
2014 5 702338.0
2014 6 662045.0
2014 7 712115.0
2014 8 651727.0
2014 9 617907.0
2014 10 658583.0
2014 11 515658.0
2014 12 552504.0
2015 1 516129.0
2015 2 538803.0
2015 3 702246.0
2015 4 682141.0
2015 5 709791.0
2015 6 721758.0
2015 7 679397.0
2015 8 775029.0
2015 9 651141.0
2015 10 709331.0
2015 11 601484.0
2015 12 649627.0
2016 1 568592.0
2016 2 679686.0
2016 3 803235.0
2016 4 918628.0
2016 5 797009.0
2016 6 932916.0
2016 7 748171.0
2016 8 844895.0
2016 9 766685.0
2016 10 762365.0
2016 11 702060.0
2016 12 712325.0
2017 1 792450.0
2017 2 774037.0
2017 3 1069098.0
2017 4 778645.0
2017 5 1036886.0
2017 6 1005999.0
2017 7 946328.0
2017 8 931937.0
2017 9 816753.0
2017 10 976018.0
2017 11 780639.0
2017 12 653004.0
2018 1 862402.0
2018 2 877041.0
2018 3 1005193.0
2018 4 1022021.0
2018 5 1078342.0
2018 6 1060039.0
2018 7 1072327.0
2018 8 1035897.0
2018 9 698236.0
2018 10 916000.0
2018 11 817878.0
2018 12 727812.0
2019 1 773471.0
2019 2 802752.0
2019 3 953539.0
2019 4 990631.0
2019 5 1193674.0
2019 6 1064679.0
2019 7 944013.0
2019 8 1057505.0
2019 9 976036.0
2019 10 1050896.0
2019 11 853478.0
2019 12 832127.0
2020 1 1002400.0
2020 2 1037918.0
2020 3 1169758.0
2020 4 974728.0
2020 5 930543.0
2020 6 1135658.0
2020 7 1268695.0
2020 8 1191788.0
2020 9 1227435.0
2020 10 1306238.0
2020 11 1179484.0
2020 12 1141164.0
2021 1 1225964.0
2021 2 1324542.0
2021 3 1669642.0
2021 4 1517631.0
2021 5 1460346.0
2021 6 1666892.0
2021 7 1481969.0
2021 8 1566851.0
2021 9 1389842.0
2021 10 1308419.0
2021 11 1326737.0
2021 12 1203261.0
2022 1 1330993.0
2022 2 1611894.0
2022 3 1841666.0
2022 4 1714783.0
2022 5 1646461.0
2022 6 1573011.0
2022 7 1365674.0
2022 8 1489254.0
2022 9 1261751.0
2022 10 1211747.0
2022 11 1091326.0
2022 12 989904.0
2023 1 1198420.0
2023 2 1245838.0
2023 3 1643422.0
2023 4 1439907.0
2023 5 1670502.0
2023 6 1700412.0
2023 7 1480156.0
2023 8 1665915.0
2023 9 1582496.0
2023 10 1612580.0
2023 11 1473774.0
2023 12 1262203.0
2024 1 1517475.0
2024 2 1662777.0
2024 3 1645835.0
2024 4 1783715.0
2024 5 1844851.0
2024 6 1607771.0
2024 7 1748986.0
2024 8 1776847.0
