1960 5 262.0
1960 6 293.0
1960 7 201.0
1960 8 225.0
1960 9 377.0
1960 10 307.0
1960 11 376.0
1960 12 403.0
1961 1 440.0
1961 2 271.0
1961 3 782.0
1961 4 325.0
1961 5 393.0
1961 6 394.0
1961 7 465.0
1961 8 388.0
1961 9 356.0
1961 10 592.0
1961 11 379.0
1961 12 270.0
1962 1 329.0
1962 2 111.0
1962 3 605.0
1962 4 118.0
1962 5 738.0
1962 6 186.0
1962 7 141.0
1962 8 287.0
1962 9 439.0
1962 10 231.0
1962 11 391.0
1962 12 179.0
1963 1 170.0
1963 2 323.0
1963 3 308.0
1963 4 497.0
1963 5 208.0
1963 6 204.0
1963 7 185.0
1963 8 521.0
1963 9 333.0
1963 10 480.0
1963 11 522.0
1963 12 206.0
1964 1 507.0
1964 2 367.0
1964 3 1092.0
1964 4 219.0
1964 5 413.0
1964 6 490.0
1964 7 946.0
1964 8 256.0
1964 9 439.0
1964 10 631.0
1964 11 483.0
1964 12 362.0
1965 1 734.0
1965 2 332.0
1965 3 689.0
1965 4 542.0
1965 5 425.0
1965 6 304.0
1965 7 593.0
1965 8 408.0
1965 9 397.0
1965 10 265.0
1965 11 523.0
1965 12 2527.0
1966 1 481.0
1966 2 290.0
1966 3 695.0
1966 4 1003.0
1966 5 370.0
1966 6 338.0
1966 7 313.0
1966 8 218.0
1966 9 1179.0
1966 10 645.0
1966 11 205.0
1966 12 1138.0
1967 1 580.0
1967 2 134.0
1967 3 247.0
1967 4 367.0
1967 5 573.0
1967 6 609.0
1967 7 630.0
1967 8 461.0
1967 9 577.0
1967 10 615.0
1967 11 534.0
1967 12 364.0
1968 1 776.0
1968 2 1684.0
1968 3 368.0
1968 4 2539.0
1968 5 1047.0
1968 6 2274.0
1968 7 490.0
1968 8 522.0
1968 9 1435.0
1968 10 774.0
1968 11 1494.0
1968 12 1765.0
1969 1 668.0
1969 2 638.0
1969 3 1514.0
1969 4 622.0
1969 5 1588.0
1969 6 2342.0
1969 7 1525.0
1969 8 2638.0
1969 9 497.0
1969 10 1035.0
1969 11 512.0
1969 12 405.0
1970 1 532.0
1970 2 582.0
1970 3 2620.0
1970 4 1753.0
1970 5 1739.0
1970 6 2163.0
1970 7 622.0
1970 8 962.0
1970 9 1125.0
1970 10 699.0
1970 11 1911.0
1970 12 1523.0
1971 1 4266.0
1971 2 3467.0
1971 3 2655.0
1971 4 819.0
1971 5 1136.0
1971 6 6219.0
1971 7 798.0
1971 8 1403.0
1971 9 694.0
1971 10 557.0
1971 11 863.0
1971 12 782.0
1972 1 999.0
1972 2 4232.0
1972 3 961.0
1972 4 3827.0
1972 5 1633.0
1972 6 1964.0
1972 7 1569.0
1972 8 1443.0
1972 9 2406.0
1972 10 1956.0
1972 11 3890.0
1972 12 749.0
1973 1 835.0
1973 2 1947.0
1973 3 1716.0
1973 4 614.0
1973 5 1059.0
1973 6 918.0
1973 7 986.0
1973 8 2898.0
1973 9 490.0
1973 10 367.0
1973 11 1276.0
1973 12 678.0
1974 1 1126.0
1974 2 209.0
1974 3 1747.0
1974 4 2394.0
1974 5 2084.0
1974 6 1431.0
1974 7 1024.0
1974 8 523.0
1974 9 508.0
1974 10 135.0
1974 11 321.0
1974 12 134.0
1975 1 1142.0
1975 2 3972.0
1975 3 532.0
1975 4 479.0
1975 5 1123.0
1975 6 886.0
1975 7 491.0
1975 8 629.0
1975 9 689.0
1975 10 696.0
1975 11 697.0
1975 12 400.0
1976 1 206.0
1976 2 313.0
1976 3 347.0
1976 4 748.0
1976 5 411.0
1976 6 1607.0
1976 7 645.0
1976 8 481.0
1976 9 1453.0
1976 10 1514.0
1976 11 1203.0
1976 12 465.0
1977 1 594.0
1977 2 859.0
1977 3 791.0
1977 4 4946.0
1977 5 487.0
1977 6 6363.0
1977 7 3262.0
1977 8 2155.0
1977 9 1311.0
1977 10 439.0
1977 11 2231.0
1977 12 384.0
1978 1 1724.0
1978 2 3250.0
1978 3 2447.0
1978 4 3119.0
1978 5 3164.0
1978 6 1759.0
1978 7 3939.0
1978 8 2013.0
1978 9 3334.0
1978 10 2651.0
1978 11 1421.0
1978 12 3043.0
1979 1 936.0
1979 2 919.0
1979 3 3896.0
1979 4 1942.0
1979 5 2871.0
1979 6 5094.0
1979 7 4692.0
1979 8 5821.0
1979 9 2248.0
1979 10 13849.0
1979 11 3799.0
1979 12 3512.0
1980 1 4504.0
1980 2 5136.0
1980 3 3834.0
1980 4 3666.0
1980 5 2752.0
1980 6 6026.0
1980 7 7242.0
1980 8 7104.0
1980 9 11321.0
1980 10 7081.0
1980 11 6168.0
1980 12 6165.0
1981 1 5745.0
1981 2 4797.0
1981 3 8607.0
1981 4 8477.0
1981 5 4767.0
1981 6 8563.0
1981 7 5902.0
1981 8 6288.0
1981 9 11191.0
1981 10 3399.0
1981 11 4290.0
1981 12 5103.0
1982 1 1762.0
1982 2 4618.0
1982 3 3440.0
1982 4 3740.0
1982 5 26170.0
1982 6 11739.0
1982 7 5582.0
1982 8 10084.0
1982 9 8778.0
1982 10 4309.0
1982 11 5871.0
1982 12 7433.0
1983 1 8744.0
1983 2 6547.0
1983 3 8075.0
1983 4 7499.0
1983 5 7903.0
1983 6 15541.0
1983 7 10879.0
1983 8 12890.0
1983 9 8394.0
1983 10 8623.0
1983 11 6098.0
1983 12 8959.0
1984 1 20236.0
1984 2 7365.0
1984 3 13819.0
1984 4 8984.0
1984 5 21068.0
1984 6 14156.0
1984 7 75544.0
1984 8 14810.0
1984 9 9089.0
1984 10 12029.0
1984 11 23559.0
1984 12 7701.0
1985 1 5784.0
1985 2 7259.0
1985 3 11049.0
1985 4 11123.0
1985 5 12814.0
1985 6 7368.0
1985 7 9365.0
1985 8 9157.0
1985 9 6925.0
1985 10 10497.0
1985 11 6789.0
1985 12 10938.0
1986 1 7500.0
1986 2 5274.0
1986 3 12953.0
1986 4 10285.0
1986 5 11188.0
1986 6 8760.0
1986 7 7901.0
1986 8 5875.0
1986 9 7392.0
1986 10 7535.0
1986 11 4181.0
1986 12 5791.0
1987 1 4216.0
1987 2 4351.0
1987 3 7521.0
1987 4 9715.0
1987 5 7596.0
1987 6 6071.0
1987 7 6639.0
1987 8 9371.0
1987 9 5191.0
1987 10 5841.0
1987 11 5547.0
1987 12 3065.0
1988 1 3472.0
1988 2 5723.0
1988 3 7152.0
1988 4 5188.0
1988 5 6276.0
1988 6 6038.0
1988 7 3531.0
1988 8 5169.0
1988 9 6994.0
1988 10 5121.0
1988 11 11646.0
1988 12 4873.0
1989 1 3590.0
1989 2 3243.0
1989 3 4430.0
1989 4 4846.0
1989 5 5319.0
1989 6 4202.0
1989 7 3119.0
1989 8 4218.0
1989 9 5076.0
1989 10 4198.0
1989 11 4909.0
1989 12 6751.0
1990 1 4692.0
1990 2 5600.0
1990 3 4199.0
1990 4 4818.0
1990 5 5825.0
1990 6 4740.0
1990 7 4415.0
1990 8 4433.0
1990 9 3475.0
1990 10 4958.0
1990 11 4752.0
1990 12 3024.0
1991 1 4016.0
1991 2 2582.0
1991 3 5183.0
1991 4 8416.0
1991 5 8332.0
1991 6 6836.0
1991 7 6326.0
1991 8 3851.0
1991 9 5164.0
1991 10 5217.0
1991 11 4724.0
1991 12 3926.0
1992 1 3492.0
1992 2 10678.0
1992 3 5037.0
1992 4 8576.0
1992 5 8310.0
1992 6 4041.0
1992 7 4669.0
1992 8 4202.0
1992 9 2398.0
1992 10 5499.0
1992 11 3623.0
1992 12 4707.0
1993 1 4434.0
1993 2 5069.0
1993 3 6340.0
1993 4 13314.0
1993 5 4125.0
1993 6 3390.0
1993 7 5882.0
1993 8 7541.0
1993 9 4779.0
1993 10 5322.0
1993 11 7060.0
1993 12 4244.0
1994 1 3342.0
1994 2 2986.0
1994 3 5411.0
1994 4 6859.0
1994 5 7910.0
1994 6 8248.0
1994 7 3944.0
1994 8 6683.0
1994 9 5387.0
1994 10 6166.0
1994 11 3505.0
1994 12 6361.0
1995 1 5669.0
1995 2 4472.0
1995 3 15376.0
1995 4 10296.0
1995 5 6235.0
1995 6 7187.0
1995 7 3415.0
1995 8 5299.0
1995 9 5348.0
1995 10 6596.0
1995 11 9672.0
1995 12 5306.0
1996 1 4350.0
1996 2 8507.0
1996 3 6928.0
1996 4 10375.0
1996 5 8664.0
1996 6 8137.0
1996 7 7153.0
1996 8 6058.0
1996 9 5230.0
1996 10 5132.0
1996 11 6324.0
1996 12 6971.0
1997 1 6248.0
1997 2 8021.0
1997 3 5069.0
1997 4 11766.0
1997 5 7175.0
1997 6 11275.0
1997 7 8912.0
1997 8 7923.0
1997 9 7608.0
1997 10 9655.0
1997 11 7219.0
1997 12 10581.0
1998 1 6347.0
1998 2 8256.0
1998 3 8737.0
1998 4 11092.0
1998 5 10548.0
1998 6 9094.0
1998 7 11193.0
1998 8 8403.0
1998 9 5595.0
1998 10 10738.0
1998 11 6993.0
1998 12 8131.0
1999 1 5180.0
1999 2 13762.0
1999 3 13209.0
1999 4 12889.0
1999 5 9309.0
1999 6 8382.0
1999 7 12355.0
1999 8 5301.0
1999 9 9362.0
1999 10 9391.0
1999 11 9236.0
1999 12 17903.0
2000 1 3035.0
2000 2 8333.0
2000 3 7884.0
2000 4 5190.0
2000 5 7033.0
2000 6 7660.0
2000 7 9558.0
2000 8 8706.0
2000 9 9814.0
2000 10 10610.0
2000 11 13563.0
2000 12 5023.0
2001 1 9429.0
2001 2 10629.0
2001 3 7200.0
2001 4 11280.0
2001 5 12464.0
2001 6 9592.0
2001 7 6368.0
2001 8 6871.0
2001 9 6182.0
2001 10 12627.0
2001 11 11268.0
2001 12 7219.0
2002 1 9704.0
2002 2 12623.0
2002 3 7559.0
2002 4 12230.0
2002 5 10315.0
2002 6 15362.0
2002 7 10078.0
2002 8 5610.0
2002 9 7545.0
2002 10 11638.0
2002 11 10575.0
2002 12 18241.0
2003 1 9450.0
2003 2 4812.0
2003 3 7964.0
2003 4 7234.0
2003 5 9508.0
2003 6 9446.0
2003 7 9803.0
2003 8 9173.0
2003 9 10131.0
2003 10 11743.0
2003 11 8826.0
2003 12 10718.0
2004 1 7583.0
2004 2 10185.0
2004 3 12224.0
2004 4 10963.0
2004 5 14609.0
2004 6 12181.0
2004 7 26866.0
2004 8 9981.0
2004 9 9926.0
2004 10 6589.0
2004 11 13845.0
2004 12 14137.0
2005 1 23326.0
2005 2 15060.0
2005 3 24299.0
2005 4 10738.0
2005 5 8692.0
2005 6 18310.0
2005 7 15387.0
2005 8 14388.0
2005 9 16826.0
2005 10 20378.0
2005 11 11446.0
2005 12 15350.0
2006 1 9018.0
2006 2 29813.0
2006 3 14845.0
2006 4 9698.0
2006 5 16659.0
2006 6 13056.0
2006 7 22472.0
2006 8 26263.0
2006 9 23637.0
2006 10 6506.0
2006 11 11553.0
2006 12 21704.0
2007 1 15710.0
2007 2 11151.0
2007 3 17119.0
2007 4 5792.0
2007 5 20368.0
2007 6 9771.0
2007 7 7162.0
2007 8 17643.0
2007 9 3425.0
2007 10 9007.0
2007 11 7784.0
2007 12 6391.0
2008 1 10509.0
2008 2 2848.0
2008 3 6039.0
2008 4 6777.0
2008 5 8528.0
2008 6 12044.0
2008 7 5086.0
2008 8 8695.0
2008 9 4835.0
2008 10 3721.0
2008 11 8077.0
2008 12 1271.0
2009 1 2120.0
2009 2 1305.0
2009 3 2290.0
2009 4 2838.0
2009 5 3755.0
2009 6 8184.0
2009 7 2288.0
2009 8 6372.0
2009 9 8329.0
2009 10 4570.0
2009 11 2631.0
2009 12 2202.0
2010 1 3090.0
2010 2 4018.0
2010 3 8235.0
2010 4 11218.0
2010 5 3774.0
2010 6 1308.0
2010 7 2368.0
2010 8 2659.0
2010 9 2558.0
2010 10 3678.0
2010 11 5140.0
2010 12 3675.0
2011 1 8624.0
2011 2 3328.0
2011 3 4252.0
2011 4 5239.0
2011 5 9366.0
2011 6 2640.0
2011 7 1940.0
2011 8 18956.0
2011 9 2649.0
2011 10 7472.0
2011 11 5008.0
2011 12 4569.0
2012 1 4267.0
2012 2 6517.0
2012 3 5433.0
2012 4 4167.0
2012 5 6638.0
2012 6 8862.0
2012 7 3662.0
2012 8 4010.0
2012 9 3408.0
2012 10 7554.0
2012 11 5708.0
2012 12 3438.0
2013 1 2425.0
2013 2 8513.0
2013 3 790.0
2013 4 3053.0
2013 5 2555.0
2013 6 950.0
2013 7 1533.0
2013 8 971.0
2013 9 1846.0
2013 10 7370.0
2013 11 3225.0
2013 12 2930.0
2014 1 3140.0
2014 2 5326.0
2014 3 906.0
2014 4 2350.0
2014 5 3320.0
2014 6 3174.0
2014 7 1287.0
2014 8 5541.0
2014 9 3909.0
2014 10 3459.0
2014 11 1719.0
2014 12 2836.0
2015 1 1959.0
2015 2 8632.0
2015 3 1143.0
2015 4 4412.0
2015 5 2305.0
2015 6 5921.0
2015 7 3279.0
2015 8 2046.0
2015 9 970.0
2015 10 1747.0
2015 11 1677.0
2015 12 1025.0
2016 1 1414.0
2016 2 2189.0
2016 3 577.0
2016 4 1727.0
2016 5 2305.0
2016 6 903.0
2016 7 961.0
2016 8 7532.0
2016 9 4297.0
2016 10 5617.0
2016 11 2310.0
2016 12 3971.0
2017 1 2184.0
2017 2 1951.0
2017 3 1288.0
2017 4 863.0
2017 5 9352.0
2017 6 4031.0
2017 7 7910.0
2017 8 7131.0
2017 9 3858.0
2017 10 6651.0
2017 11 7140.0
2017 12 3019.0
2018 1 4939.0
2018 2 1568.0
2018 3 1638.0
2018 4 19454.0
2018 5 4243.0
2018 6 3665.0
2018 7 1522.0
2018 8 4946.0
2018 9 1570.0
2018 10 4389.0
2018 11 13918.0
2018 12 8026.0
2019 1 2971.0
2019 2 3775.0
2019 3 3781.0
2019 4 12161.0
2019 5 6967.0
2019 6 3965.0
2019 7 6806.0
2019 8 16243.0
2019 9 4010.0
2019 10 8212.0
2019 11 2463.0
2019 12 1500.0
2020 1 1538.0
2020 2 2857.0
2020 3 3573.0
2020 4 4649.0
2020 5 1764.0
2020 6 3395.0
2020 7 9100.0
2020 8 11140.0
2020 9 4933.0
2020 10 20858.0
2020 11 2701.0
2020 12 9350.0
2021 1 5479.0
2021 2 9925.0
2021 3 13943.0
2021 4 22806.0
2021 5 15035.0
2021 6 15336.0
2021 7 2237.0
2021 8 14179.0
2021 9 7323.0
2021 10 2343.0
2021 11 1110.0
2021 12 5174.0
2022 1 8213.0
2022 2 5861.0
2022 3 11847.0
2022 4 7686.0
2022 5 9158.0
2022 6 14609.0
2022 7 10519.0
2022 8 8319.0
2022 9 10712.0
2022 10 8153.0
2022 11 12506.0
2022 12 25263.0
2023 1 16933.0
2023 2 10342.0
2023 3 13412.0
2023 4 9713.0
2023 5 20666.0
2023 6 15274.0
2023 7 11336.0
2023 8 19219.0
2023 9 11602.0
2023 10 15086.0
2023 11 10323.0
2023 12 6957.0
2024 1 9189.0
2024 2 13871.0
2024 3 9088.0
2024 4 19350.0
2024 5 21577.0
2024 6 15654.0
2024 7 20442.0
2024 8 37210.0
