1960 5 127.0
1960 6 122.0
1960 7 397.0
1960 8 231.0
1960 9 381.0
1960 10 357.0
1960 11 116.0
1960 12 12.0
1961 1 20.0
1961 2 215.0
1961 3 130.0
1961 4 274.0
1961 5 94.0
1961 6 121.0
1961 7 249.0
1961 8 234.0
1961 9 362.0
1961 10 173.0
1961 11 307.0
1961 12 78.0
1962 1 65.0
1962 2 77.0
1962 3 143.0
1962 4 209.0
1962 5 282.0
1962 6 293.0
1962 7 228.0
1962 8 195.0
1962 9 336.0
1962 10 448.0
1962 11 1140.0
1962 12 144.0
1963 1 143.33333333333334
1963 2 142.66666666666666
1963 3 142.0
1963 4 504.0
1963 5 576.0
1963 6 621.0
1963 7 358.0
1963 8 354.0
1963 9 828.0
1963 10 841.0
1963 11 238.0
1963 12 118.0
1964 1 39.0
1964 2 894.0
1964 3 229.0
1964 4 525.0
1964 5 266.0
1964 6 95.0
1964 7 162.0
1964 8 522.0
1964 9 289.0
1964 10 998.0
1964 11 264.0
1964 12 49.0
1965 1 56.0
1965 2 71.0
1965 3 400.0
1965 4 194.0
1965 5 586.0
1965 6 265.0
1965 7 64.0
1965 8 521.0
1965 9 353.0
1965 10 788.0
1965 11 242.0
1965 12 175.0
1966 1 60.0
1966 2 55.0
1966 3 50.0
1966 4 471.0
1966 5 692.0
1966 6 85.0
1966 7 315.0
1966 8 462.0
1966 9 644.5
1966 10 827.0
1966 11 305.0
1966 12 242.5
1967 1 180.0
1967 2 177.5
1967 3 175.0
1967 4 486.0
1967 5 746.0
1967 6 75.0
1967 7 238.0
1967 8 704.0
1967 9 485.0
1967 10 402.0
1967 11 279.0
1967 12 240.0
1968 1 255.0
1968 2 270.0
1968 3 137.0
1968 4 871.0
1968 5 3717.0
1968 6 265.0
1968 7 1804.0
1968 8 803.0
1968 9 1299.0
1968 10 1966.0
1968 11 1414.0
1968 12 360.0
1969 1 363.3333333333333
1969 2 366.6666666666667
1969 3 370.0
1969 4 640.0
1969 5 465.0
1969 6 1313.0
1969 7 3094.0
1969 8 1099.0
1969 9 1502.0
1969 10 2232.0
1969 11 1504.0
1969 12 1203.0
1970 1 902.0
1970 2 601.0
1970 3 300.0
1970 4 696.0
1970 5 2163.0
1970 6 1617.0
1970 7 53.0
1970 8 1084.0
1970 9 1976.0
1970 10 1968.0
1970 11 2443.0
1970 12 1306.5
1971 1 170.0
1971 2 270.0
1971 3 191.0
1971 4 1008.0
1971 5 1584.0
1971 6 2028.0
1971 7 1434.0
1971 8 2067.0
1971 9 2406.0
1971 10 1949.0
1971 11 1397.0
1971 12 325.0
1972 1 2465.0
1972 2 173.0
1972 3 3328.0
1972 4 4017.0
1972 5 2085.0
1972 6 2692.0
1972 7 2072.0
1972 8 2754.0
1972 9 1907.0
1972 10 1597.0
1972 11 3562.0
1972 12 680.0
1973 1 800.0
1973 2 455.0
1973 3 2542.0
1973 4 3101.0
1973 5 1355.0
1973 6 1218.0
1973 7 375.0
1973 8 4074.0
1973 9 998.0
1973 10 3605.0
1973 11 1582.0
1973 12 648.0
1974 1 800.0
1974 2 1231.5
1974 3 1663.0
1974 4 2570.0
1974 5 1150.0
1974 6 1556.0
1974 7 942.0
1974 8 4849.0
1974 9 1182.0
1974 10 3695.0
1974 11 843.0
1974 12 565.0
1975 1 442.5
1975 2 320.0
1975 3 680.0
1975 4 4690.0
1975 5 2638.0
1975 6 4307.0
1975 7 3968.0
1975 8 3820.0
1975 9 5420.0
1975 10 4615.0
1975 11 5327.0
1975 12 960.0
1976 1 341.0
1976 2 802.0
1976 3 379.0
1976 4 8183.0
1976 5 4592.0
1976 6 4927.0
1976 7 5322.0
1976 8 3561.0
1976 9 9199.0
1976 10 7670.0
1976 11 4816.0
1976 12 3345.0
1977 1 342.0
1977 2 773.0
1977 3 6965.0
1977 4 202987.0
1977 5 8196.0
1977 6 219965.0
1977 7 6569.0
1977 8 4240.0
1977 9 7141.0
1977 10 9260.0
1977 11 2963.0
1977 12 1695.0
1978 1 427.0
1978 2 1408.0
1978 3 3014.0
1978 4 6009.0
1978 5 4079.0
1978 6 6809.0
1978 7 7890.0
1978 8 4235.0
1978 9 9191.0
1978 10 10023.0
1978 11 4350.0
1978 12 1303.0
1979 1 840.0
1979 2 432.0
1979 3 1069.0
1979 4 4471.0
1979 5 12771.0
1979 6 10346.0
1979 7 6700.0
1979 8 5456.0
1979 9 8091.0
1979 10 8568.0
1979 11 2938.0
1979 12 1634.0
1980 1 330.0
1980 2 1006.0
1980 3 623.0
1980 4 1248.0
1980 5 4519.0
1980 6 3008.0
1980 7 2494.0
1980 8 5685.0
1980 9 4261.0
1980 10 3736.0
1980 11 3629.0
1980 12 4029.0
1981 1 2262.0
1981 2 495.0
1981 3 1130.0
1981 4 3190.0
1981 5 5298.0
1981 6 1316.0
1981 7 1315.0
1981 8 1392.0
1981 9 4100.0
1981 10 5151.0
1981 11 1791.0
1981 12 1385.0
1982 1 225.0
1982 2 437.5
1982 3 650.0
1982 4 1814.0
1982 5 1794.0
1982 6 4266.0
1982 7 2368.0
1982 8 1186.0
1982 9 3558.0
1982 10 4905.0
1982 11 2883.5
1982 12 862.0
1983 1 2550.0
1983 2 750.0
1983 3 2175.0
1983 4 8602.0
1983 5 11804.0
1983 6 7774.0
1983 7 6972.0
1983 8 4287.0
1983 9 6468.0
1983 10 6333.0
1983 11 5772.0
1983 12 560.0
1984 1 1443.0
1984 2 728.0
1984 3 3831.0
1984 4 4876.0
1984 5 4261.0
1984 6 3399.0
1984 7 35163.0
1984 8 3310.0
1984 9 5921.0
1984 10 8423.0
1984 11 5774.0
1984 12 812.0
1985 1 600.0
1985 2 320.0
1985 3 571.0
1985 4 4419.0
1985 5 4148.0
1985 6 2542.0
1985 7 4489.0
1985 8 6206.0
1985 9 8150.0
1985 10 7291.0
1985 11 4130.0
1985 12 6193.0
1986 1 75.0
1986 2 625.5
1986 3 1176.0
1986 4 3277.0
1986 5 4145.0
1986 6 4349.0
1986 7 2200.0
1986 8 3193.0
1986 9 4422.0
1986 10 2683.0
1986 11 408.0
1986 12 673.0
1987 1 609.0
1987 2 2849.0
1987 3 378.0
1987 4 2970.0
1987 5 4108.0
1987 6 1439.0
1987 7 3119.0
1987 8 2683.0
1987 9 4120.0
1987 10 2788.0
1987 11 1092.0
1987 12 900.0
1988 1 50.0
1988 2 703.5
1988 3 1357.0
1988 4 3805.0
1988 5 4783.0
1988 6 1063.0
1988 7 1061.0
1988 8 3995.0
1988 9 4192.0
1988 10 2388.0
1988 11 1091.0
1988 12 395.0
1989 1 442.0
1989 2 1077.5
1989 3 1713.0
1989 4 3922.0
1989 5 5393.0
1989 6 3524.0
1989 7 2200.0
1989 8 10940.0
1989 9 1340.0
1989 10 5587.0
1989 11 458.0
1989 12 1448.0
1990 1 1149.0
1990 2 850.0
1990 3 1200.0
1990 4 1456.0
1990 5 1684.0
1990 6 1164.0
1990 7 1313.0
1990 8 3214.0
1990 9 3262.0
1990 10 2062.0
1990 11 955.0
1990 12 102.0
1991 1 1101.3333333333335
1991 2 2100.666666666667
1991 3 3100.0
1991 4 3461.0
1991 5 5297.0
1991 6 994.0
1991 7 3191.0
1991 8 1619.0
1991 9 2057.0
1991 10 3426.0
1991 11 750.0
1991 12 1900.0
1992 1 1205.0
1992 2 510.0
1992 3 918.0
1992 4 8667.0
1992 5 3895.0
1992 6 2457.0
1992 7 2889.0
1992 8 1225.0
1992 9 2086.0
1992 10 1603.0
1992 11 2059.0
1992 12 3321.0
1993 1 2185.5
1993 2 1050.0
1993 3 775.0
1993 4 3730.0
1993 5 4778.0
1993 6 3451.0
1993 7 3742.0
1993 8 7104.0
1993 9 6828.0
1993 10 7246.0
1993 11 2454.0
1993 12 676.0
1994 1 1164.0
1994 2 435.0
1994 3 3490.0
1994 4 3685.0
1994 5 9325.0
1994 6 5716.0
1994 7 4248.0
1994 8 6674.0
1994 9 7615.0
1994 10 15687.0
1994 11 2513.0
1994 12 3031.0
1995 1 1745.5
1995 2 460.0
1995 3 1803.0
1995 4 4958.0
1995 5 7757.0
1995 6 5864.0
1995 7 4597.0
1995 8 2518.0
1995 9 9121.0
1995 10 10960.0
1995 11 4005.0
1995 12 1837.0
1996 1 1856.25
1996 2 1875.5
1996 3 1894.75
1996 4 1914.0
1996 5 4373.0
1996 6 5699.0
1996 7 2151.0
1996 8 2534.0
1996 9 2916.0
1996 10 8035.0
1996 11 2953.0
1996 12 1947.0
1997 1 941.0
1997 2 1252.0
1997 3 2064.0
1997 4 3461.0
1997 5 7172.0
1997 6 897.0
1997 7 5346.0
1997 8 5709.0
1997 9 14257.0
1997 10 12065.0
1997 11 5320.0
1997 12 6597.0
1998 1 3362.5
1998 2 128.0
1998 3 2282.0
1998 4 3583.0
1998 5 4569.0
1998 6 6315.0
1998 7 6358.0
1998 8 6956.0
1998 9 17003.0
1998 10 8060.0
1998 11 4672.0
1998 12 2342.0
1999 1 171.0
1999 2 370.0
1999 3 2922.0
1999 4 10875.0
1999 5 3916.0
1999 6 8067.0
1999 7 3209.0
1999 8 13700.0
1999 9 5727.0
1999 10 3192.0
1999 11 5628.0
1999 12 3259.0
2000 1 2716.0
2000 2 406.0
2000 3 1488.0
2000 4 9265.0
2000 5 6143.0
2000 6 3219.0
2000 7 4680.0
2000 8 2425.0
2000 9 5958.0
2000 10 2627.0
2000 11 1185.0
2000 12 1394.0
2001 1 2101.0
2001 2 408.0
2001 3 1025.0
2001 4 4813.0
2001 5 8129.0
2001 6 12641.0
2001 7 1984.0
2001 8 9113.0
2001 9 3989.0
2001 10 8657.0
2001 11 4393.0
2001 12 1994.0
2002 1 2769.0
2002 2 2118.0
2002 3 1747.0
2002 4 8711.0
2002 5 14790.0
2002 6 6701.0
2002 7 7403.0
2002 8 12657.0
2002 9 6264.0
2002 10 6302.0
2002 11 1383.0
2002 12 1217.0
2003 1 7077.0
2003 2 3778.5
2003 3 480.0
2003 4 6442.0
2003 5 11363.0
2003 6 11754.0
2003 7 7959.0
2003 8 12280.0
2003 9 6248.0
2003 10 6876.0
2003 11 3958.0
2003 12 911.0
2004 1 1558.0
2004 2 298.0
2004 3 5871.0
2004 4 16681.0
2004 5 12852.0
2004 6 10299.0
2004 7 8526.0
2004 8 6078.0
2004 9 9216.0
2004 10 6902.0
2004 11 3464.0
2004 12 2102.0
2005 1 1572.0
2005 2 10435.0
2005 3 5815.0
2005 4 10210.0
2005 5 25327.0
2005 6 7474.0
2005 7 2650.0
2005 8 5021.0
2005 9 4118.0
2005 10 15702.0
2005 11 8414.0
2005 12 11079.0
2006 1 677.0
2006 2 2250.5
2006 3 3824.0
2006 4 6536.0
2006 5 12890.0
2006 6 9391.0
2006 7 2529.0
2006 8 20601.0
2006 9 17449.0
2006 10 7713.0
2006 11 18140.0
2006 12 8295.0
2007 1 5219.0
2007 2 4029.5
2007 3 2840.0
2007 4 4663.0
2007 5 17702.0
2007 6 1270.0
2007 7 6009.0
2007 8 4609.0
2007 9 8899.0
2007 10 6899.0
2007 11 15424.0
2007 12 670.0
2008 1 4337.0
2008 2 2496.0
2008 3 6961.0
2008 4 8608.0
2008 5 2599.0
2008 6 2292.0
2008 7 5651.0
2008 8 47736.0
2008 9 12949.0
2008 10 6414.0
2008 11 2618.0
2008 12 75.0
2009 1 1637.5
2009 2 3200.0
2009 3 2320.5
2009 4 1441.0
2009 5 11205.0
2009 6 4687.0
2009 7 11879.0
2009 8 8582.0
2009 9 11117.0
2009 10 10819.0
2009 11 5950.0
2009 12 3294.0
2010 1 5436.0
2010 2 3818.5
2010 3 2201.0
2010 4 280.0
2010 5 2081.0
2010 6 4560.0
2010 7 15496.0
2010 8 17224.0
2010 9 11827.0
2010 10 11424.0
2010 11 6914.0
2010 12 15832.0
2011 1 1800.0
2011 2 5557.0
2011 3 8705.0
2011 4 1896.0
2011 5 22315.0
2011 6 16170.0
2011 7 7923.0
2011 8 22638.0
2011 9 22860.0
2011 10 16362.0
2011 11 12724.0
2011 12 9563.0
2012 1 3858.0
2012 2 5844.0
2012 3 27352.0
2012 4 20453.0
2012 5 7681.0
2012 6 19878.0
2012 7 20774.0
2012 8 20982.0
2012 9 15405.0
2012 10 40427.0
2012 11 10416.0
2012 12 39491.0
2013 1 31774.0
2013 2 24057.0
2013 3 13430.0
2013 4 13663.0
2013 5 48911.0
2013 6 52398.0
2013 7 47012.0
2013 8 34074.0
2013 9 38442.0
2013 10 68498.0
2013 11 22088.0
2013 12 7076.0
2014 1 13580.5
2014 2 20085.0
2014 3 51897.0
2014 4 52886.0
2014 5 19675.0
2014 6 59996.0
2014 7 60737.0
2014 8 37245.0
2014 9 27223.0
2014 10 54865.0
2014 11 30175.0
2014 12 32682.0
2015 1 3729.0
2015 2 15110.0
2015 3 31791.0
2015 4 22535.0
2015 5 71544.0
2015 6 49960.0
2015 7 52287.0
2015 8 43398.0
2015 9 44238.0
2015 10 36656.0
2015 11 36639.0
2015 12 829.0
2016 1 9240.0
2016 2 10696.0
2016 3 15782.0
2016 4 15655.0
2016 5 19657.0
2016 6 14486.0
2016 7 28223.0
2016 8 18592.0
2016 9 22092.0
2016 10 17445.0
2016 11 19686.0
2016 12 14603.0
2017 1 4901.0
2017 2 11954.0
2017 3 11780.0
2017 4 11606.0
2017 5 14385.0
2017 6 11906.0
2017 7 7967.0
2017 8 17178.0
2017 9 23639.0
2017 10 26903.0
2017 11 2108.0
2017 12 1689.0
2018 1 1270.0
2018 2 943.0
2018 3 1297.0
2018 4 12051.0
2018 5 29902.0
2018 6 10311.0
2018 7 16040.0
2018 8 18014.0
2018 9 41891.0
2018 10 18301.0
2018 11 1833.0
2018 12 6307.0
2019 1 351.0
2019 2 828.5
2019 3 1306.0
2019 4 1567.0
2019 5 15400.0
2019 6 370.0
2019 7 13272.0
2019 8 9570.0
2019 9 33615.0
2019 10 7721.0
2019 11 11682.0
2019 12 11656.5
2020 1 11631.0
2020 2 11605.5
2020 3 11580.0
2020 4 15196.0
2020 5 2544.0
2020 6 21946.0
2020 7 30784.0
2020 8 9220.0
2020 9 13671.0
2020 10 8080.0
2020 11 16389.0
2020 12 11336.0
2021 1 22464.0
2021 2 2472.0
2021 3 8480.0
2021 4 8203.0
2021 5 36447.0
2021 6 15510.0
2021 7 20623.0
2021 8 9281.0
2021 9 9310.0
2021 10 5338.0
2021 11 17419.0
2021 12 22351.0
2022 1 379.0
2022 2 2622.0
2022 3 4865.0
2022 4 696.0
2022 5 9598.0
2022 6 54336.0
2022 7 38766.0
2022 8 3411.0
2022 9 14428.0
2022 10 71021.0
2022 11 4050.0
2022 12 9056.0
2023 1 12095.0
2023 2 43418.0
2023 3 19040.0
2023 4 850.0
2023 5 38747.0
2023 6 5243.0
2023 7 21651.0
2023 8 36220.0
2023 9 9756.0
2023 10 2078.0
2023 11 374.0
2023 12 475.5
2024 1 577.0
2024 2 2879.0
2024 3 2572.0
2024 4 20020.0
2024 5 1651.0
2024 6 36331.0
2024 7 10000.0
2024 8 3378.0
