1960 5 78179.0
1960 6 63207.0
1960 7 55773.0
1960 8 75962.0
1960 9 54945.0
1960 10 55422.0
1960 11 42592.0
1960 12 25912.0
1961 1 19689.0
1961 2 23856.0
1961 3 47654.0
1961 4 51136.0
1961 5 63391.0
1961 6 64506.0
1961 7 59055.0
1961 8 56270.0
1961 9 54016.0
1961 10 66665.0
1961 11 42119.0
1961 12 41077.0
1962 1 20476.0
1962 2 26942.0
1962 3 53408.0
1962 4 65753.0
1962 5 85973.0
1962 6 62265.0
1962 7 61706.0
1962 8 64889.0
1962 9 50269.0
1962 10 59914.0
1962 11 41292.0
1962 12 23430.0
1963 1 25603.0
1963 2 20637.0
1963 3 44150.0
1963 4 72684.0
1963 5 74062.0
1963 6 73223.0
1963 7 67295.0
1963 8 63274.0
1963 9 55076.0
1963 10 67243.0
1963 11 52419.0
1963 12 29303.0
1964 1 35422.0
1964 2 30318.0
1964 3 55863.0
1964 4 60598.0
1964 5 62800.0
1964 6 72813.0
1964 7 60733.0
1964 8 58227.0
1964 9 67443.0
1964 10 61545.0
1964 11 45222.0
1964 12 24134.0
1965 1 24766.0
1965 2 25927.0
1965 3 50357.0
1965 4 67042.0
1965 5 71889.0
1965 6 76992.0
1965 7 60871.0
1965 8 59268.0
1965 9 52720.0
1965 10 57390.0
1965 11 49446.0
1965 12 49380.0
1966 1 28338.0
1966 2 27904.0
1966 3 67487.0
1966 4 70393.0
1966 5 61602.0
1966 6 71179.0
1966 7 47474.0
1966 8 46804.0
1966 9 37976.0
1966 10 35050.0
1966 11 26723.0
1966 12 20053.0
1967 1 25072.0
1967 2 26876.0
1967 3 50274.0
1967 4 59981.0
1967 5 62944.0
1967 6 66759.0
1967 7 62128.0
1967 8 71193.0
1967 9 74712.0
1967 10 70727.0
1967 11 53667.0
1967 12 43727.0
1968 1 32777.0
1968 2 38577.0
1968 3 62507.0
1968 4 81468.0
1968 5 95721.0
1968 6 86991.0
1968 7 90324.0
1968 8 102240.0
1968 9 94992.0
1968 10 92807.0
1968 11 71725.0
1968 12 49584.0
1969 1 47786.0
1969 2 59009.0
1969 3 86877.0
1969 4 97828.0
1969 5 94602.0
1969 6 82267.0
1969 7 86042.0
1969 8 77369.0
1969 9 78844.0
1969 10 83027.0
1969 11 62181.0
1969 12 47938.0
1970 1 27685.0
1970 2 38670.0
1970 3 56351.0
1970 4 79776.0
1970 5 70132.0
1970 6 89672.0
1970 7 89281.0
1970 8 80661.0
1970 9 83514.0
1970 10 90365.0
1970 11 76837.0
1970 12 66599.0
1971 1 48259.0
1971 2 42014.0
1971 3 102934.0
1971 4 120720.0
1971 5 130138.0
1971 6 157915.0
1971 7 117254.0
1971 8 140248.0
1971 9 106718.0
1971 10 159833.0
1971 11 96471.0
1971 12 94185.0
1972 1 63811.0
1972 2 72175.0
1972 3 116352.0
1972 4 155261.0
1972 5 152939.0
1972 6 175050.0
1972 7 130387.0
1972 8 162513.0
1972 9 166906.0
1972 10 106536.0
1972 11 84049.0
1972 12 68986.0
1973 1 84150.0
1973 2 69030.0
1973 3 112739.0
1973 4 142856.0
1973 5 140364.0
1973 6 132614.0
1973 7 128003.0
1973 8 119388.0
1973 9 79500.0
1973 10 89856.0
1973 11 78063.0
1973 12 52164.0
1974 1 64229.0
1974 2 58195.0
1974 3 110341.0
1974 4 123096.0
1974 5 116541.0
1974 6 108575.0
1974 7 104169.0
1974 8 86722.0
1974 9 78265.0
1974 10 70225.0
1974 11 52224.0
1974 12 37839.0
1975 1 37091.0
1975 2 40615.0
1975 3 56165.0
1975 4 101173.0
1975 5 114216.0
1975 6 125392.0
1975 7 173758.0
1975 8 94820.0
1975 9 93330.0
1975 10 93347.0
1975 11 73404.0
1975 12 53637.0
1976 1 38732.0
1976 2 59928.0
1976 3 122043.0
1976 4 142645.0
1976 5 128757.0
1976 6 154264.0
1976 7 134766.0
1976 8 134530.0
1976 9 142802.0
1976 10 129996.0
1976 11 122731.0
1976 12 92471.0
1977 1 34794.0
1977 2 63649.0
1977 3 181602.0
1977 4 483162.0
1977 5 203900.0
1977 6 604373.0
1977 7 201860.0
1977 8 216259.0
1977 9 179751.0
1977 10 161512.0
1977 11 154906.0
1977 12 73636.0
1978 1 53018.0
1978 2 67976.0
1978 3 194342.0
1978 4 223777.0
1978 5 230407.0
1978 6 234980.0
1978 7 202688.0
1978 8 221793.0
1978 9 193970.0
1978 10 192652.0
1978 11 161581.0
1978 12 87311.0
1979 1 64897.0
1979 2 49824.0
1979 3 160033.0
1979 4 213564.0
1979 5 250817.0
1979 6 207669.0
1979 7 166797.0
1979 8 187291.0
1979 9 172314.0
1979 10 186977.0
1979 11 112627.0
1979 12 65142.0
1980 1 42356.0
1980 2 49618.0
1980 3 71463.0
1980 4 100800.0
1980 5 84565.0
1980 6 85235.0
1980 7 117913.0
1980 8 129814.0
1980 9 161190.0
1980 10 176070.0
1980 11 121907.0
1980 12 65978.0
1981 1 46797.0
1981 2 49833.0
1981 3 95749.0
1981 4 129626.0
1981 5 93644.0
1981 6 139071.0
1981 7 95832.0
1981 8 75876.0
1981 9 77642.0
1981 10 64276.0
1981 11 48653.0
1981 12 33273.0
1982 1 13998.0
1982 2 20911.0
1982 3 54619.0
1982 4 63095.0
1982 5 66873.0
1982 6 78871.0
1982 7 74728.0
1982 8 70056.0
1982 9 81321.0
1982 10 80574.0
1982 11 65262.5
1982 12 49951.0
1983 1 38803.0
1983 2 54646.0
1983 3 104159.0
1983 4 109045.0
1983 5 127218.0
1983 6 151948.0
1983 7 118491.0
1983 8 160773.0
1983 9 150852.0
1983 10 146235.0
1983 11 99935.0
1983 12 66665.0
1984 1 48438.0
1984 2 78873.0
1984 3 97970.0
1984 4 145222.0
1984 5 160820.0
1984 6 164142.0
1984 7 145448.0
1984 8 151220.0
1984 9 124508.0
1984 10 141527.0
1984 11 133765.0
1984 12 84977.0
1985 1 56003.0
1985 2 56641.0
1985 3 131418.0
1985 4 162775.0
1985 5 203509.0
1985 6 181113.0
1985 7 198590.0
1985 8 195411.0
1985 9 166375.0
1985 10 206950.0
1985 11 124939.0
1985 12 130031.0
1986 1 90115.0
1986 2 97182.0
1986 3 171534.0
1986 4 263365.0
1986 5 244222.0
1986 6 260757.0
1986 7 265672.0
1986 8 231634.0
1986 9 238699.0
1986 10 246195.0
1986 11 175179.0
1986 12 169550.0
1987 1 114708.0
1987 2 137876.0
1987 3 250882.0
1987 4 313091.0
1987 5 280506.0
1987 6 306560.0
1987 7 289926.0
1987 8 298120.0
1987 9 281038.0
1987 10 261819.0
1987 11 197655.0
1987 12 162185.0
1988 1 96705.0
1988 2 136547.0
1988 3 288017.0
1988 4 322598.0
1988 5 335613.0
1988 6 365789.0
1988 7 298084.0
1988 8 305035.0
1988 9 261731.0
1988 10 253789.0
1988 11 213380.0
1988 12 202008.0
1989 1 135730.0
1989 2 152284.0
1989 3 307027.0
1989 4 327050.0
1989 5 331137.0
1989 6 290723.0
1989 7 269155.0
1989 8 310204.0
1989 9 265141.0
1989 10 286468.0
1989 11 235087.0
1989 12 137307.0
1990 1 222035.0
1990 2 191374.0
1990 3 326683.0
1990 4 333567.0
1990 5 361883.0
1990 6 330472.0
1990 7 295266.0
1990 8 286415.0
1990 9 239569.0
1990 10 257005.0
1990 11 184259.0
1990 12 121890.0
1991 1 137948.0
1991 2 138258.0
1991 3 249563.0
1991 4 307861.0
1991 5 350574.0
1991 6 315367.0
1991 7 314564.0
1991 8 289010.0
1991 9 263847.0
1991 10 321028.0
1991 11 237543.0
1991 12 172342.0
1992 1 177373.0
1992 2 228319.0
1992 3 343076.0
1992 4 398957.0
1992 5 413258.0
1992 6 387582.0
1992 7 369661.0
1992 8 364656.0
1992 9 384788.0
1992 10 341525.0
1992 11 317176.0
1992 12 304821.0
1993 1 214596.0
1993 2 225072.0
1993 3 341359.0
1993 4 400904.0
1993 5 407188.0
1993 6 468391.0
1993 7 403721.0
1993 8 416269.0
1993 9 406559.0
1993 10 379561.0
1993 11 358707.0
1993 12 286394.0
1994 1 220431.0
1994 2 244895.0
1994 3 476713.0
1994 4 487374.0
1994 5 523703.0
1994 6 540644.0
1994 7 446573.0
1994 8 440294.0
1994 9 459453.0
1994 10 396636.0
1994 11 376682.0
1994 12 275810.0
1995 1 197626.0
1995 2 205971.0
1995 3 401925.0
1995 4 374066.0
1995 5 463919.0
1995 6 447423.0
1995 7 388384.0
1995 8 433159.0
1995 9 381638.0
1995 10 427093.0
1995 11 339398.0
1995 12 248162.0
1996 1 200257.0
1996 2 269885.0
1996 3 435855.0
1996 4 541431.0
1996 5 514978.0
1996 6 456529.0
1996 7 535741.0
1996 8 470032.0
1996 9 415966.0
1996 10 463607.0
1996 11 350890.0
1996 12 264433.0
1997 1 217588.0
1997 2 249091.0
1997 3 396932.0
1997 4 488388.0
1997 5 477512.0
1997 6 449458.0
1997 7 439871.0
1997 8 442842.0
1997 9 417026.0
1997 10 432636.0
1997 11 332079.0
1997 12 374291.0
1998 1 270504.0
1998 2 324785.0
1998 3 441786.0
1998 4 523528.0
1998 5 513382.0
1998 6 522711.0
1998 7 520692.0
1998 8 508098.0
1998 9 500989.0
1998 10 565727.0
1998 11 429268.0
1998 12 389560.0
1999 1 239762.0
1999 2 348472.0
1999 3 571256.0
1999 4 614744.0
1999 5 613938.0
1999 6 615262.0
1999 7 576407.0
1999 8 548006.0
1999 9 557622.0
1999 10 540024.0
1999 11 496664.0
1999 12 366462.0
2000 1 304749.0
2000 2 371609.0
2000 3 586732.0
2000 4 566224.0
2000 5 631576.0
2000 6 557389.0
2000 7 559230.0
2000 8 557937.0
2000 9 511328.0
2000 10 557907.0
2000 11 456066.0
2000 12 305646.0
2001 1 330281.0
2001 2 366302.0
2001 3 597580.0
2001 4 635796.0
2001 5 677056.0
2001 6 665128.0
2001 7 597542.0
2001 8 590865.0
2001 9 478132.0
2001 10 541783.0
2001 11 498766.0
2001 12 410467.0
2002 1 393992.0
2002 2 415529.0
2002 3 567106.0
2002 4 693695.0
2002 5 701786.0
2002 6 626051.0
2002 7 641309.0
2002 8 591734.0
2002 9 580416.0
2002 10 680268.0
2002 11 510046.0
2002 12 486148.0
2003 1 428698.0
2003 2 389053.0
2003 3 604654.0
2003 4 734639.0
2003 5 700987.0
2003 6 713741.0
2003 7 730540.0
2003 8 695426.0
2003 9 721302.0
2003 10 744997.0
2003 11 562243.0
2003 12 531752.0
2004 1 373086.0
2004 2 458133.0
2004 3 753998.0
2004 4 789184.0
2004 5 689454.0
2004 6 782701.0
2004 7 654940.0
2004 8 716574.0
2004 9 686497.0
2004 10 642758.0
2004 11 566641.0
2004 12 473514.0
2005 1 401788.0
2005 2 489451.0
2005 3 716565.0
2005 4 873684.0
2005 5 814999.0
2005 6 868107.0
2005 7 813606.0
2005 8 856056.0
2005 9 754514.0
2005 10 776821.0
2005 11 738846.0
2005 12 494585.0
2006 1 418239.0
2006 2 489349.0
2006 3 707108.0
2006 4 679596.0
2006 5 760188.0
2006 6 685578.0
2006 7 560558.0
2006 8 585663.0
2006 9 585773.0
2006 10 558704.0
2006 11 451200.0
2006 12 341077.0
2007 1 335191.0
2007 2 325707.0
2007 3 503086.0
2007 4 531505.0
2007 5 649523.0
2007 6 522068.0
2007 7 492355.0
2007 8 490470.0
2007 9 377680.0
2007 10 424159.0
2007 11 365981.0
2007 12 261908.0
2008 1 249071.0
2008 2 215001.0
2008 3 237785.0
2008 4 395492.0
2008 5 347826.0
2008 6 428439.0
2008 7 335731.0
2008 8 334026.0
2008 9 311918.0
2008 10 294320.0
2008 11 175396.0
2008 12 140442.0
2009 1 105499.0
2009 2 128762.0
2009 3 158868.0
2009 4 211193.0
2009 5 201189.0
2009 6 227315.0
2009 7 243045.0
2009 8 210636.0
2009 9 194611.0
2009 10 182540.0
2009 11 172190.0
2009 12 165639.0
2010 1 128405.0
2010 2 157613.0
2010 3 264766.0
2010 4 258592.0
2010 5 201963.0
2010 6 218079.0
2010 7 235855.0
2010 8 202406.0
2010 9 174340.0
2010 10 218636.0
2010 11 136939.0
2010 12 127003.0
2011 1 115960.0
2011 2 122164.0
2011 3 197595.0
2011 4 196457.0
2011 5 213735.0
2011 6 230365.0
2011 7 190675.0
2011 8 245818.0
2011 9 195154.0
2011 10 249076.0
2011 11 170298.0
2011 12 185945.0
2012 1 159789.0
2012 2 126989.0
2012 3 225758.0
2012 4 235990.0
2012 5 269130.0
2012 6 250162.0
2012 7 269128.0
2012 8 267598.0
2012 9 229599.0
2012 10 269448.0
2012 11 271556.0
2012 12 226638.0
2013 1 245766.0
2013 2 213942.0
2013 3 263636.0
2013 4 360018.0
2013 5 376453.0
2013 6 305503.0
2013 7 377527.0
2013 8 371586.0
2013 9 308934.0
2013 10 343100.0
2013 11 227014.0
2013 12 217570.0
2014 1 191313.0
2014 2 195166.0
2014 3 294505.0
2014 4 321253.0
2014 5 348374.0
2014 6 352757.0
2014 7 388890.0
2014 8 378658.0
2014 9 305384.0
2014 10 354330.0
2014 11 292927.0
2014 12 241077.0
2015 1 182276.0
2015 2 159855.0
2015 3 279550.0
2015 4 336238.0
2015 5 367206.0
2015 6 349161.0
2015 7 378363.0
2015 8 362261.0
2015 9 424373.0
2015 10 384242.0
2015 11 323908.0
2015 12 300099.0
2016 1 212214.0
2016 2 258762.0
2016 3 385799.0
2016 4 441761.0
2016 5 408045.0
2016 6 474916.0
2016 7 393018.0
2016 8 458869.0
2016 9 464219.0
2016 10 374117.0
2016 11 376702.0
2016 12 288936.0
2017 1 386315.0
2017 2 302918.0
2017 3 392228.0
2017 4 414087.0
2017 5 447759.0
2017 6 552475.0
2017 7 409329.0
2017 8 695958.0
2017 9 413231.0
2017 10 437403.0
2017 11 330748.0
2017 12 276860.0
2018 1 309132.0
2018 2 340023.0
2018 3 414042.0
2018 4 467378.0
2018 5 610738.0
2018 6 455928.0
2018 7 486890.0
2018 8 413414.0
2018 9 349087.0
2018 10 444935.0
2018 11 385555.0
2018 12 262154.0
2019 1 280918.0
2019 2 318997.0
2019 3 415745.0
2019 4 467493.0
2019 5 421465.0
2019 6 422037.0
2019 7 442447.0
2019 8 460299.0
2019 9 502481.0
2019 10 504399.0
2019 11 466479.0
2019 12 347760.0
2020 1 679388.0
2020 2 405280.0
2020 3 385825.0
2020 4 451610.0
2020 5 448974.0
2020 6 513550.0
2020 7 637778.0
2020 8 604833.0
2020 9 614232.0
2020 10 684903.0
2020 11 484693.0
2020 12 585196.0
2021 1 429366.0
2021 2 500209.0
2021 3 677679.0
2021 4 729141.0
2021 5 648000.0
2021 6 681550.0
2021 7 665456.0
2021 8 634914.0
2021 9 583588.0
2021 10 621674.0
2021 11 521884.0
2021 12 548493.0
2022 1 440517.0
2022 2 474750.0
2022 3 644714.0
2022 4 658725.0
2022 5 647050.0
2022 6 647818.0
2022 7 598460.0
2022 8 730655.0
2022 9 561570.0
2022 10 838223.0
2022 11 566549.0
2022 12 360857.0
2023 1 320236.0
2023 2 397514.0
2023 3 721132.0
2023 4 515009.0
2023 5 625735.0
2023 6 718312.0
2023 7 572853.0
2023 8 867255.0
2023 9 639491.0
2023 10 585727.0
2023 11 537786.0
2023 12 474403.0
2024 1 468911.0
2024 2 630589.0
2024 3 645217.0
2024 4 685124.0
2024 5 698083.0
2024 6 750260.0
2024 7 694586.0
2024 8 609743.0
