1960 5 67610.0
1960 6 56510.0
1960 7 52935.0
1960 8 67621.0
1960 9 48011.0
1960 10 47648.0
1960 11 35445.0
1960 12 23748.0
1961 1 17909.0
1961 2 19674.0
1961 3 39934.0
1961 4 44335.0
1961 5 57386.0
1961 6 54126.0
1961 7 54307.0
1961 8 49790.0
1961 9 46476.0
1961 10 55738.0
1961 11 35164.0
1961 12 23044.0
1962 1 16880.0
1962 2 22496.0
1962 3 45242.0
1962 4 55077.0
1962 5 62737.0
1962 6 51987.0
1962 7 48376.0
1962 8 50475.0
1962 9 40026.0
1962 10 40773.0
1962 11 33402.0
1962 12 15961.0
1963 1 13186.0
1963 2 15331.0
1963 3 33113.0
1963 4 55383.0
1963 5 49546.0
1963 6 52522.0
1963 7 48928.0
1963 8 46012.0
1963 9 39217.0
1963 10 49499.0
1963 11 33568.0
1963 12 17834.0
1964 1 14910.0
1964 2 22799.0
1964 3 44221.0
1964 4 46997.0
1964 5 47367.0
1964 6 53405.0
1964 7 46719.0
1964 8 43999.0
1964 9 46292.0
1964 10 39773.0
1964 11 32778.0
1964 12 19040.0
1965 1 15849.0
1965 2 18559.0
1965 3 41126.0
1965 4 53570.0
1965 5 49762.0
1965 6 54309.0
1965 7 47637.0
1965 8 46472.0
1965 9 40613.0
1965 10 38996.0
1965 11 36384.0
1965 12 25544.0
1966 1 18050.0
1966 2 21372.0
1966 3 54318.0
1966 4 51693.0
1966 5 46983.0
1966 6 49232.0
1966 7 36496.0
1966 8 37989.0
1966 9 29197.0
1966 10 26121.0
1966 11 22477.0
1966 12 15429.0
1967 1 17775.0
1967 2 21079.0
1967 3 37625.0
1967 4 44905.0
1967 5 45039.0
1967 6 49097.0
1967 7 47993.0
1967 8 50884.0
1967 9 44546.0
1967 10 48305.0
1967 11 36116.0
1967 12 26458.0
1968 1 23882.0
1968 2 30226.0
1968 3 47053.0
1968 4 59711.0
1968 5 68749.0
1968 6 64214.0
1968 7 65373.0
1968 8 67324.0
1968 9 58091.0
1968 10 62533.0
1968 11 49850.0
1968 12 32630.0
1969 1 26384.0
1969 2 40224.0
1969 3 62368.0
1969 4 74471.0
1969 5 66515.0
1969 6 58491.0
1969 7 55168.0
1969 8 48835.0
1969 9 52786.0
1969 10 51250.0
1969 11 35214.0
1969 12 26993.0
1970 1 18362.0
1970 2 24767.0
1970 3 40828.0
1970 4 54115.0
1970 5 57386.0
1970 6 52665.0
1970 7 51729.0
1970 8 52580.0
1970 9 56156.0
1970 10 53927.0
1970 11 44538.0
1970 12 33503.0
1971 1 29747.0
1971 2 27933.0
1971 3 67460.0
1971 4 84704.0
1971 5 80089.0
1971 6 95375.0
1971 7 78192.0
1971 8 84294.0
1971 9 67549.0
1971 10 78313.0
1971 11 61877.0
1971 12 45014.0
1972 1 39024.0
1972 2 49853.0
1972 3 84542.0
1972 4 95616.0
1972 5 111044.0
1972 6 122577.0
1972 7 91617.0
1972 8 108332.0
1972 9 102225.0
1972 10 75273.0
1972 11 52453.0
1972 12 36876.0
1973 1 46609.0
1973 2 53033.0
1973 3 94643.0
1973 4 93631.0
1973 5 108863.0
1973 6 105030.0
1973 7 92553.0
1973 8 87561.0
1973 9 62202.0
1973 10 71137.0
1973 11 54846.0
1973 12 33834.0
1974 1 33576.0
1974 2 49037.0
1974 3 84747.0
1974 4 102444.0
1974 5 103100.0
1974 6 86805.0
1974 7 90728.0
1974 8 73754.0
1974 9 59843.0
1974 10 60847.0
1974 11 42888.0
1974 12 29674.0
1975 1 32959.0
1975 2 35928.0
1975 3 52861.0
1975 4 83997.0
1975 5 99283.0
1975 6 109679.0
1975 7 142581.0
1975 8 82498.0
1975 9 81050.0
1975 10 79318.0
1975 11 61241.0
1975 12 44201.0
1976 1 33339.0
1976 2 51384.0
1976 3 104033.0
1976 4 120659.0
1976 5 118136.0
1976 6 129301.0
1976 7 115955.0
1976 8 109597.0
1976 9 113290.0
1976 10 107586.0
1976 11 99477.0
1976 12 64350.0
1977 1 29056.0
1977 2 48271.0
1977 3 157645.0
1977 4 403097.0
1977 5 174415.0
1977 6 473814.0
1977 7 166867.0
1977 8 173274.0
1977 9 148410.0
1977 10 130782.0
1977 11 123281.0
1977 12 58894.0
1978 1 36411.0
1978 2 51261.0
1978 3 144898.0
1978 4 186621.0
1978 5 199283.0
1978 6 196649.0
1978 7 160326.0
1978 8 178978.0
1978 9 140950.0
1978 10 147029.0
1978 11 117787.0
1978 12 73605.0
1979 1 41748.0
1979 2 38266.0
1979 3 137871.0
1979 4 176258.0
1979 5 205470.0
1979 6 167545.0
1979 7 136897.0
1979 8 137797.0
1979 9 118643.0
1979 10 132592.0
1979 11 76989.0
1979 12 50962.0
1980 1 35731.0
1980 2 32580.0
1980 3 60054.0
1980 4 79785.0
1980 5 58151.0
1980 6 65023.0
1980 7 88398.0
1980 8 101829.0
1980 9 112525.0
1980 10 111159.0
1980 11 80864.0
1980 12 46941.0
1981 1 31019.0
1981 2 28053.0
1981 3 71050.0
1981 4 89864.0
1981 5 72766.0
1981 6 75995.0
1981 7 63608.0
1981 8 53595.0
1981 9 46044.0
1981 10 40490.0
1981 11 29236.0
1981 12 27480.0
1982 1 11414.0
1982 2 15927.0
1982 3 37776.0
1982 4 45008.0
1982 5 50329.0
1982 6 59605.0
1982 7 44849.0
1982 8 53414.0
1982 9 54326.0
1982 10 54167.0
1982 11 44897.5
1982 12 35628.0
1983 1 32202.0
1983 2 43744.0
1983 3 89878.0
1983 4 94091.0
1983 5 107854.0
1983 6 116952.0
1983 7 104543.0
1983 8 114902.0
1983 9 109456.0
1983 10 95989.0
1983 11 72589.0
1983 12 47229.0
1984 1 39268.0
1984 2 50098.0
1984 3 80288.0
1984 4 115865.0
1984 5 137249.0
1984 6 130033.0
1984 7 110137.0
1984 8 107810.0
1984 9 92994.0
1984 10 97336.0
1984 11 72018.0
1984 12 51065.0
1985 1 33818.0
1985 2 45130.0
1985 3 107675.0
1985 4 133442.0
1985 5 156005.0
1985 6 143572.0
1985 7 154170.0
1985 8 142694.0
1985 9 123377.0
1985 10 138980.0
1985 11 83757.0
1985 12 63765.0
1986 1 64272.0
1986 2 61603.0
1986 3 141435.0
1986 4 214293.0
1986 5 206260.0
1986 6 210033.0
1986 7 210586.0
1986 8 192268.0
1986 9 201406.0
1986 10 196637.0
1986 11 131860.0
1986 12 112052.0
1987 1 90324.0
1987 2 116560.0
1987 3 215688.0
1987 4 265688.0
1987 5 243731.0
1987 6 261154.0
1987 7 242357.0
1987 8 242387.0
1987 9 229353.0
1987 10 209599.0
1987 11 167259.0
1987 12 128239.0
1988 1 84520.0
1988 2 115318.0
1988 3 235516.0
1988 4 255716.0
1988 5 280949.0
1988 6 299320.0
1988 7 250538.0
1988 8 261912.0
1988 9 210819.0
1988 10 213528.0
1988 11 175649.0
1988 12 149709.0
1989 1 117470.0
1989 2 120608.0
1989 3 265571.0
1989 4 279662.0
1989 5 271117.0
1989 6 254508.0
1989 7 235190.0
1989 8 252821.0
1989 9 235246.0
1989 10 250465.0
1989 11 206356.0
1989 12 114911.0
1990 1 158695.0
1990 2 172448.0
1990 3 302906.0
1990 4 298720.0
1990 5 329291.0
1990 6 303335.0
1990 7 267130.0
1990 8 257684.0
1990 9 213228.0
1990 10 231050.0
1990 11 156154.0
1990 12 110373.0
1991 1 107326.0
1991 2 130518.0
1991 3 222252.0
1991 4 289123.0
1991 5 323944.0
1991 6 286338.0
1991 7 287373.0
1991 8 262433.0
1991 9 234300.0
1991 10 287922.0
1991 11 205792.0
1991 12 151186.0
1992 1 154499.0
1992 2 200216.0
1992 3 314228.0
1992 4 361238.0
1992 5 381772.0
1992 6 360085.0
1992 7 339939.0
1992 8 315526.0
1992 9 321764.0
1992 10 317619.0
1992 11 273047.0
1992 12 273490.0
1993 1 200118.0
1993 2 210198.0
1993 3 309717.0
1993 4 374961.0
1993 5 367952.0
1993 6 427603.0
1993 7 372082.0
1993 8 375078.0
1993 9 366660.0
1993 10 340514.0
1993 11 333505.0
1993 12 261097.0
1994 1 199739.0
1994 2 230595.0
1994 3 450653.0
1994 4 452447.0
1994 5 475826.0
1994 6 475102.0
1994 7 406188.0
1994 8 410809.0
1994 9 369251.0
1994 10 368297.0
1994 11 340499.0
1994 12 245758.0
1995 1 167581.0
1995 2 185133.0
1995 3 360994.0
1995 4 346805.0
1995 5 405093.0
1995 6 402812.0
1995 7 345235.0
1995 8 391060.0
1995 9 335700.0
1995 10 381631.0
1995 11 306685.0
1995 12 208777.0
1996 1 178233.0
1996 2 251521.0
1996 3 402945.0
1996 4 506864.0
1996 5 477641.0
1996 6 426091.0
1996 7 468419.0
1996 8 421015.0
1996 9 349338.0
1996 10 398861.0
1996 11 290039.0
1996 12 231242.0
1997 1 184208.0
1997 2 216625.0
1997 3 354349.0
1997 4 439865.0
1997 5 429019.0
1997 6 398835.0
1997 7 399888.0
1997 8 391145.0
1997 9 360314.0
1997 10 369657.0
1997 11 288254.0
1997 12 329426.0
1998 1 236040.0
1998 2 298849.0
1998 3 409049.0
1998 4 485280.0
1998 5 467239.0
1998 6 472198.0
1998 7 447994.0
1998 8 453205.0
1998 9 428464.0
1998 10 513355.0
1998 11 390322.0
1998 12 343777.0
1999 1 208736.0
1999 2 319696.0
1999 3 500622.0
1999 4 552345.0
1999 5 555218.0
1999 6 569081.0
1999 7 533849.0
1999 8 503649.0
1999 9 488838.0
1999 10 470199.0
1999 11 411781.0
1999 12 334328.0
2000 1 280730.0
2000 2 331070.0
2000 3 517329.0
2000 4 509434.0
2000 5 565578.0
2000 6 506964.0
2000 7 489309.0
2000 8 488383.0
2000 9 465114.0
2000 10 460604.0
2000 11 403253.0
2000 12 276595.0
2001 1 303791.0
2001 2 334836.0
2001 3 534051.0
2001 4 583798.0
2001 5 607443.0
2001 6 593176.0
2001 7 543164.0
2001 8 539013.0
2001 9 427416.0
2001 10 495667.0
2001 11 445871.0
2001 12 352310.0
2002 1 366228.0
2002 2 386787.0
2002 3 527411.0
2002 4 635372.0
2002 5 639274.0
2002 6 567811.0
2002 7 575391.0
2002 8 532867.0
2002 9 503742.0
2002 10 598056.0
2002 11 476149.0
2002 12 427447.0
2003 1 350779.0
2003 2 366445.0
2003 3 564256.0
2003 4 677333.0
2003 5 626518.0
2003 6 653652.0
2003 7 663783.0
2003 8 651684.0
2003 9 654513.0
2003 10 690350.0
2003 11 511991.0
2003 12 451072.0
2004 1 365814.0
2004 2 437181.0
2004 3 717260.0
2004 4 720891.0
2004 5 641848.0
2004 6 701434.0
2004 7 612761.0
2004 8 664935.0
2004 9 609692.0
2004 10 578130.0
2004 11 487312.0
2004 12 435998.0
2005 1 381264.0
2005 2 458770.0
2005 3 677416.0
2005 4 821088.0
2005 5 758713.0
2005 6 781840.0
2005 7 725630.0
2005 8 775736.0
2005 9 694072.0
2005 10 713055.0
2005 11 657160.0
2005 12 459653.0
2006 1 380715.0
2006 2 453191.0
2006 3 666824.0
2006 4 642392.0
2006 5 698943.0
2006 6 637417.0
2006 7 522654.0
2006 8 537285.0
2006 9 532454.0
2006 10 527730.0
2006 11 402699.0
2006 12 312877.0
2007 1 313261.0
2007 2 271820.0
2007 3 470533.0
2007 4 482369.0
2007 5 624875.0
2007 6 478031.0
2007 7 438871.0
2007 8 452343.0
2007 9 333852.0
2007 10 391196.0
2007 11 314816.0
2007 12 215041.0
2008 1 227935.0
2008 2 174996.0
2008 3 224908.0
2008 4 365118.0
2008 5 331683.0
2008 6 347674.0
2008 7 305946.0
2008 8 301287.0
2008 9 271286.0
2008 10 247681.0
2008 11 160459.0
2008 12 124539.0
2009 1 93830.0
2009 2 119535.0
2009 3 152781.0
2009 4 203303.0
2009 5 187214.0
2009 6 209701.0
2009 7 234064.0
2009 8 199011.0
2009 9 178397.0
2009 10 170961.0
2009 11 152305.0
2009 12 135005.0
2010 1 122239.0
2010 2 151338.0
2010 3 245806.0
2010 4 229366.0
2010 5 194890.0
2010 6 208293.0
2010 7 197820.0
2010 8 189543.0
2010 9 161474.0
2010 10 176134.0
2010 11 131120.0
2010 12 122620.0
2011 1 110800.0
2011 2 112685.0
2011 3 175259.0
2011 4 182093.0
2011 5 187888.0
2011 6 192912.0
2011 7 162006.0
2011 8 214836.0
2011 9 170263.0
2011 10 171511.0
2011 11 137181.0
2011 12 109800.0
2012 1 114476.0
2012 2 114527.0
2012 3 200341.0
2012 4 204064.0
2012 5 223569.0
2012 6 227149.0
2012 7 225585.0
2012 8 229540.0
2012 9 197602.0
2012 10 232983.0
2012 11 186642.0
2012 12 195662.0
2013 1 168004.0
2013 2 185100.0
2013 3 246640.0
2013 4 287728.0
2013 5 298715.0
2013 6 273416.0
2013 7 304208.0
2013 8 274885.0
2013 9 249129.0
2013 10 265977.0
2013 11 202131.0
2013 12 169078.0
2014 1 169693.0
2014 2 174213.0
2014 3 247004.0
2014 4 263709.0
2014 5 289787.0
2014 6 303701.0
2014 7 282654.0
2014 8 290001.0
2014 9 270848.0
2014 10 297454.0
2014 11 250823.0
2014 12 191387.0
2015 1 146587.0
2015 2 149813.0
2015 3 254481.0
2015 4 296905.0
2015 5 322275.0
2015 6 335328.0
2015 7 339827.0
2015 8 293989.0
2015 9 307394.0
2015 10 283383.0
2015 11 269071.0
2015 12 257346.0
2016 1 180973.0
2016 2 251081.0
2016 3 334658.0
2016 4 351297.0
2016 5 361677.0
2016 6 394498.0
2016 7 344824.0
2016 8 356770.0
2016 9 338352.0
2016 10 323060.0
2016 11 336427.0
2016 12 254805.0
2017 1 248718.0
2017 2 268690.0
2017 3 366540.0
2017 4 369866.0
2017 5 423705.0
2017 6 423875.0
2017 7 371881.0
2017 8 407642.0
2017 9 347484.0
2017 10 386316.0
2017 11 292646.0
2017 12 262904.0
2018 1 257329.0
2018 2 302753.0
2018 3 357221.0
2018 4 405143.0
2018 5 462059.0
2018 6 441451.0
2018 7 405234.0
2018 8 367407.0
2018 9 325128.0
2018 10 381667.0
2018 11 329616.0
2018 12 202925.0
2019 1 244515.0
2019 2 249228.0
2019 3 321613.0
2019 4 419997.0
2019 5 395404.0
2019 6 368575.0
2019 7 390936.0
2019 8 378965.0
2019 9 404235.0
2019 10 441011.0
2019 11 340461.0
2019 12 326357.0
2020 1 291403.0
2020 2 314705.0
2020 3 365927.0
2020 4 402041.0
2020 5 379313.0
2020 6 452460.0
2020 7 510946.0
2020 8 534018.0
2020 9 518681.0
2020 10 545902.0
2020 11 441024.0
2020 12 505261.0
2021 1 400471.0
2021 2 429461.0
2021 3 647267.0
2021 4 620199.0
2021 5 528391.0
2021 6 602678.0
2021 7 604441.0
2021 8 508639.0
2021 9 492749.0
2021 10 498619.0
2021 11 447944.0
2021 12 430207.0
2022 1 385497.0
2022 2 387134.0
2022 3 556014.0
2022 4 571653.0
2022 5 589770.0
2022 6 564737.0
2022 7 498118.0
2022 8 534145.0
2022 9 452802.0
2022 10 495457.0
2022 11 366007.0
2022 12 314722.0
2023 1 258499.0
2023 2 335766.0
2023 3 467101.0
2023 4 435394.0
2023 5 516368.0
2023 6 529739.0
2023 7 476217.0
2023 8 556865.0
2023 9 493988.0
2023 10 537171.0
2023 11 464994.0
2023 12 401435.0
2024 1 386488.0
2024 2 473558.0
2024 3 551335.0
2024 4 584873.0
2024 5 557246.0
2024 6 521735.0
2024 7 577701.0
2024 8 523393.0
