1960 5 8755.0
1960 6 4507.0
1960 7 1322.0
1960 8 6664.0
1960 9 5636.0
1960 10 5860.0
1960 11 5446.0
1960 12 1198.0
1961 1 1095.0
1961 2 3063.0
1961 3 5829.0
1961 4 5147.0
1961 5 3698.0
1961 6 7199.0
1961 7 2807.0
1961 8 3895.0
1961 9 5524.0
1961 10 8068.0
1961 11 4615.0
1961 12 15857.0
1962 1 2638.0
1962 2 2587.0
1962 3 4313.0
1962 4 7476.0
1962 5 20266.0
1962 6 8033.0
1962 7 11068.0
1962 8 9897.0
1962 9 7509.0
1962 10 16532.0
1962 11 5182.0
1962 12 6190.0
1963 1 11230.0
1963 2 4468.0
1963 3 9404.0
1963 4 14092.0
1963 5 20740.0
1963 6 17762.0
1963 7 14688.0
1963 8 14368.0
1963 9 13670.0
1963 10 15277.0
1963 11 16566.0
1963 12 9715.0
1964 1 18308.0
1964 2 6230.0
1964 3 9877.0
1964 4 10499.0
1964 5 13555.0
1964 6 16744.0
1964 7 11467.0
1964 8 12110.0
1964 9 18421.0
1964 10 19559.0
1964 11 10008.0
1964 12 4081.0
1965 1 7831.0
1965 2 6724.0
1965 3 7025.0
1965 4 10417.0
1965 5 20010.0
1965 6 19454.0
1965 7 11478.0
1965 8 9717.0
1965 9 9627.0
1965 10 16466.0
1965 11 11314.0
1965 12 21914.0
1966 1 8617.0
1966 2 4885.0
1966 3 10706.0
1966 4 16282.0
1966 5 12455.0
1966 6 19358.0
1966 7 9368.0
1966 8 6721.0
1966 9 7163.0
1966 10 7059.0
1966 11 3148.0
1966 12 4050.0
1967 1 6321.0
1967 2 4270.0
1967 3 10019.0
1967 4 13006.0
1967 5 15534.0
1967 6 14775.0
1967 7 11379.0
1967 8 16313.0
1967 9 26588.0
1967 10 20334.0
1967 11 14541.0
1967 12 14670.0
1968 1 7695.0
1968 2 6884.0
1968 3 12045.0
1968 4 18514.0
1968 5 23143.0
1968 6 19796.0
1968 7 21531.0
1968 8 31396.0
1968 9 30032.0
1968 10 26380.0
1968 11 19462.0
1968 12 14670.0
1969 1 18970.0
1969 2 15236.0
1969 3 19635.0
1969 4 20272.0
1969 5 23939.0
1969 6 20519.0
1969 7 26517.0
1969 8 24802.0
1969 9 23516.0
1969 10 27708.0
1969 11 23015.0
1969 12 16069.0
1970 1 5864.0
1970 2 12152.0
1970 3 11913.0
1970 4 21481.0
1970 5 9966.0
1970 6 31209.0
1970 7 33531.0
1970 8 22571.0
1970 9 23142.0
1970 10 29991.0
1970 11 27916.0
1970 12 29465.0
1971 1 16750.0
1971 2 12078.0
1971 3 30552.0
1971 4 30257.0
1971 5 42475.0
1971 6 53592.0
1971 7 33870.0
1971 8 45649.0
1971 9 31922.0
1971 10 71543.0
1971 11 28541.0
1971 12 44148.0
1972 1 20488.0
1972 2 19172.0
1972 3 22625.0
1972 4 53622.0
1972 5 34409.0
1972 6 39696.0
1972 7 31760.0
1972 8 44159.0
1972 9 52788.0
1972 10 22109.0
1972 11 25901.0
1972 12 25321.0
1973 1 32915.0
1973 2 13059.0
1973 3 12116.0
1973 4 35264.0
1973 5 23407.0
1973 6 21153.0
1973 7 27832.0
1973 8 23650.0
1973 9 11460.0
1973 10 14444.0
1973 11 21058.0
1973 12 15092.0
1974 1 26056.0
1974 2 7033.0
1974 3 19519.0
1974 4 14924.0
1974 5 9028.0
1974 6 17715.0
1974 7 9927.0
1974 8 7223.0
1974 9 16290.0
1974 10 7736.0
1974 11 8016.0
1974 12 5451.0
1975 1 2288.0
1975 2 2112.0
1975 3 1636.0
1975 4 12128.0
1975 5 7985.0
1975 6 11213.0
1975 7 20325.0
1975 8 8280.0
1975 9 7073.0
1975 10 7689.0
1975 11 6508.0
1975 12 6849.0
1976 1 3556.0
1976 2 6496.0
1976 3 12903.0
1976 4 17854.0
1976 5 7920.0
1976 6 21022.0
1976 7 11073.0
1976 8 20374.0
1976 9 24324.0
1976 10 16969.0
1976 11 15826.0
1976 12 25312.0
1977 1 4420.0
1977 2 13058.0
1977 3 17980.0
1977 4 61547.0
1977 5 21942.0
1977 6 113547.0
1977 7 21650.0
1977 8 31656.0
1977 9 23258.0
1977 10 19326.0
1977 11 21826.0
1977 12 11773.0
1978 1 14349.0
1978 2 14927.0
1978 3 39726.0
1978 4 26118.0
1978 5 16483.0
1978 6 26865.0
1978 7 33217.0
1978 8 28821.0
1978 9 40040.0
1978 10 27326.0
1978 11 33962.0
1978 12 6042.0
1979 1 9007.0
1979 2 8580.0
1979 3 12409.0
1979 4 21559.0
1979 5 29416.0
1979 6 27295.0
1979 7 16106.0
1979 8 31555.0
1979 9 38822.0
1979 10 36947.0
1979 11 26943.0
1979 12 8426.0
1980 1 3213.0
1980 2 11267.0
1980 3 7444.0
1980 4 14597.0
1980 5 21258.0
1980 6 14768.0
1980 7 18618.0
1980 8 18124.0
1980 9 27120.0
1980 10 40944.0
1980 11 27612.0
1980 12 12532.0
1981 1 14580.0
1981 2 13047.0
1981 3 16871.0
1981 4 29995.0
1981 5 13736.0
1981 6 54353.0
1981 7 23786.0
1981 8 17019.0
1981 9 20504.0
1981 10 16539.0
1981 11 17213.0
1981 12 3721.0
1982 1 545.0
1982 2 3294.0
1982 3 11918.0
1982 4 14054.0
1982 5 12118.0
1982 6 15431.0
1982 7 28096.0
1982 8 12107.0
1982 9 23452.0
1982 10 20405.0
1982 11 15006.5
1982 12 9608.0
1983 1 5228.0
1983 2 6099.0
1983 3 9949.0
1983 4 6801.0
1983 5 11658.0
1983 6 22211.0
1983 7 7352.0
1983 8 38827.0
1983 9 33832.0
1983 10 23508.0
1983 11 21248.0
1983 12 13403.0
1984 1 6624.0
1984 2 24017.0
1984 3 12828.0
1984 4 18589.0
1984 5 12189.0
1984 6 14279.0
1984 7 18169.0
1984 8 29215.0
1984 9 18264.0
1984 10 32019.0
1984 11 44428.0
1984 12 29119.0
1985 1 19154.0
1985 2 9765.0
1985 3 13602.0
1985 4 21693.0
1985 5 33019.0
1985 6 25659.0
1985 7 33369.0
1985 8 41487.0
1985 9 25030.0
1985 10 55202.0
1985 11 35293.0
1985 12 62607.0
1986 1 20394.0
1986 2 28289.0
1986 3 22852.0
1986 4 40074.0
1986 5 24360.0
1986 6 38017.0
1986 7 41653.0
1986 8 23812.0
1986 9 28165.0
1986 10 37330.0
1986 11 33377.0
1986 12 47091.0
1987 1 17904.0
1987 2 15997.0
1987 3 29501.0
1987 4 37428.0
1987 5 24873.0
1987 6 34898.0
1987 7 37456.0
1987 8 43538.0
1987 9 40549.0
1987 10 42188.0
1987 11 21335.0
1987 12 29665.0
1988 1 9342.0
1988 2 17511.0
1988 3 36547.0
1988 4 55468.0
1988 5 43191.0
1988 6 50408.0
1988 7 37704.0
1988 8 32419.0
1988 9 35757.0
1988 10 30252.0
1988 11 28261.0
1988 12 40163.0
1989 1 11377.0
1989 2 9884.0
1989 3 22219.0
1989 4 35558.0
1989 5 48889.0
1989 6 23740.0
1989 7 20925.0
1989 8 42694.0
1989 9 22207.0
1989 10 27453.0
1989 11 21821.0
1989 12 18781.0
1990 1 59203.0
1990 2 14701.0
1990 3 16854.0
1990 4 26515.0
1990 5 24766.0
1990 6 19150.0
1990 7 17679.0
1990 8 21588.0
1990 9 21293.0
1990 10 17946.0
1990 11 22148.0
1990 12 6260.0
1991 1 25182.0
1991 2 3629.0
1991 3 18660.0
1991 4 11512.0
1991 5 15848.0
1991 6 17899.0
1991 7 16778.0
1991 8 10513.0
1991 9 16971.0
1991 10 21982.0
1991 11 25486.0
1991 12 12403.0
1992 1 19683.0
1992 2 21790.0
1992 3 20024.0
1992 4 25444.0
1992 5 19932.0
1992 6 12953.0
1992 7 17141.0
1992 8 36230.0
1992 9 52297.0
1992 10 13594.0
1992 11 14964.0
1992 12 18476.0
1993 1 4595.0
1993 2 9910.0
1993 3 17366.0
1993 4 9375.0
1993 5 24299.0
1993 6 25108.0
1993 7 16301.0
1993 8 24683.0
1993 9 22275.0
1993 10 19505.0
1993 11 12839.0
1993 12 13192.0
1994 1 11956.0
1994 2 6735.0
1994 3 11834.0
1994 4 21749.0
1994 5 29944.0
1994 6 37780.0
1994 7 28916.0
1994 8 14024.0
1994 9 70065.0
1994 10 11183.0
1994 11 23968.0
1994 12 14294.0
1995 1 24561.0
1995 2 12550.0
1995 3 27453.0
1995 4 16758.0
1995 5 33708.0
1995 6 21776.0
1995 7 29195.0
1995 8 23219.0
1995 9 26724.0
1995 10 21956.0
1995 11 12645.0
1995 12 28759.0
1996 1 12175.0
1996 2 9758.0
1996 3 18675.0
1996 4 15867.0
1996 5 18104.0
1996 6 14098.0
1996 7 51026.0
1996 8 26893.0
1996 9 39974.0
1996 10 31273.0
1996 11 43498.0
1996 12 19800.0
1997 1 25805.0
1997 2 18161.0
1997 3 17353.0
1997 4 24434.0
1997 5 21875.0
1997 6 26197.0
1997 7 20181.0
1997 8 31634.0
1997 9 24628.0
1997 10 29438.0
1997 11 24413.0
1997 12 19255.0
1998 1 19308.0
1998 2 8120.0
1998 3 18372.0
1998 4 18613.0
1998 5 26683.0
1998 6 27121.0
1998 7 41229.0
1998 8 29591.0
1998 9 25944.0
1998 10 21777.0
1998 11 19602.0
1998 12 20543.0
1999 1 15389.0
1999 2 19643.0
1999 3 48699.0
1999 4 34373.0
1999 5 35239.0
1999 6 23773.0
1999 7 19584.0
1999 8 31458.0
1999 9 49753.0
1999 10 43810.0
1999 11 60637.0
1999 12 21321.0
2000 1 15311.0
2000 2 20015.0
2000 3 40041.0
2000 4 38179.0
2000 5 48511.0
2000 6 30609.0
2000 7 43313.0
2000 8 44255.0
2000 9 37745.0
2000 10 70305.0
2000 11 23112.0
2000 12 18950.0
2001 1 17899.0
2001 2 24926.0
2001 3 45091.0
2001 4 20761.0
2001 5 38978.0
2001 6 48062.0
2001 7 30497.0
2001 8 23801.0
2001 9 34622.0
2001 10 27851.0
2001 11 35244.0
2001 12 34511.0
2002 1 21786.0
2002 2 19953.0
2002 3 20994.0
2002 4 35469.0
2002 5 39197.0
2002 6 36155.0
2002 7 39915.0
2002 8 34393.0
2002 9 37537.0
2002 10 59631.0
2002 11 21128.0
2002 12 41176.0
2003 1 12868.0
2003 2 9237.0
2003 3 20123.0
2003 4 29271.0
2003 5 39879.0
2003 6 43863.0
2003 7 42238.0
2003 8 22118.0
2003 9 33103.0
2003 10 35105.0
2003 11 20039.0
2003 12 47889.0
2004 1 2003.0
2004 2 13822.0
2004 3 18159.0
2004 4 32486.0
2004 5 30343.0
2004 6 30193.0
2004 7 16730.0
2004 8 31840.0
2004 9 54517.0
2004 10 28943.0
2004 11 52307.0
2004 12 10037.0
2005 1 15730.0
2005 2 8574.0
2005 3 15686.0
2005 4 28800.0
2005 5 24146.0
2005 6 46037.0
2005 7 42809.0
2005 8 37660.0
2005 9 36172.0
2005 10 43278.0
2005 11 48250.0
2005 12 19063.0
2006 1 17830.0
2006 2 28256.0
2006 3 20900.0
2006 4 19478.0
2006 5 25811.0
2006 6 25341.0
2006 7 17975.0
2006 8 29262.0
2006 9 39637.0
2006 10 14106.0
2006 11 36765.0
2006 12 15955.0
2007 1 15308.0
2007 2 46618.0
2007 3 18135.0
2007 4 39200.0
2007 5 17020.0
2007 6 30920.0
2007 7 34376.0
2007 8 27855.0
2007 9 19119.0
2007 10 21196.0
2007 11 36761.0
2007 12 24099.0
2008 1 18097.0
2008 2 32677.0
2008 3 8906.0
2008 4 16938.0
2008 5 9760.0
2008 6 76305.0
2008 7 19048.0
2008 8 22197.0
2008 9 36520.0
2008 10 36429.0
2008 11 10378.0
2008 12 12181.0
2009 1 10909.0
2009 2 7972.0
2009 3 3375.0
2009 4 3493.0
2009 5 13206.0
2009 6 12166.0
2009 7 5885.0
2009 8 6899.0
2009 9 14953.0
2009 10 9950.0
2009 11 15143.0
2009 12 24319.0
2010 1 5186.0
2010 2 4497.0
2010 3 8742.0
2010 4 24858.0
2010 5 2494.0
2010 6 4541.0
2010 7 20165.0
2010 8 7918.0
2010 9 11566.0
2010 10 37119.0
2010 11 2116.0
2010 12 3786.0
2011 1 4360.0
2011 2 5250.0
2011 3 18654.0
2011 4 10495.0
2011 5 21748.0
2011 6 18833.0
2011 7 19527.0
2011 8 21402.0
2011 9 16678.0
2011 10 49584.0
2011 11 29914.0
2011 12 59750.0
2012 1 44142.0
2012 2 9343.0
2012 3 20455.0
2012 4 27239.0
2012 5 42627.0
2012 6 16466.0
2012 7 40046.0
2012 8 15981.0
2012 9 21315.0
2012 10 32694.0
2012 11 71320.0
2012 12 24724.0
2013 1 69771.0
2013 2 26142.0
2013 3 14326.0
2013 4 65342.0
2013 5 71961.0
2013 6 25516.0
2013 7 65267.0
2013 8 81696.0
2013 9 50267.0
2013 10 62850.0
2013 11 19639.0
2013 12 41647.0
2014 1 18991.0
2014 2 15652.0
2014 3 38399.0
2014 4 47223.0
2014 5 56285.0
2014 6 29528.0
2014 7 85653.0
2014 8 79122.0
2014 9 30943.0
2014 10 43042.0
2014 11 37031.0
2014 12 39999.0
2015 1 32053.0
2015 2 9467.0
2015 3 23754.0
2015 4 36414.0
2015 5 24526.0
2015 6 11182.0
2015 7 31282.0
2015 8 50865.0
2015 9 110048.0
2015 10 92010.0
2015 11 48775.0
2015 12 36361.0
2016 1 27608.0
2016 2 5917.0
2016 3 43241.0
2016 4 81647.0
2016 5 41182.0
2016 6 70332.0
2016 7 35230.0
2016 8 87167.0
2016 9 115161.0
2016 10 41953.0
2016 11 33790.0
2016 12 18356.0
2017 1 134775.0
2017 2 31975.0
2017 3 13638.0
2017 4 35883.0
2017 5 20983.0
2017 6 110566.0
2017 7 32219.0
2017 8 280118.0
2017 9 62146.0
2017 10 39403.0
2017 11 34469.0
2017 12 5428.0
2018 1 43701.0
2018 2 26490.0
2018 3 48769.0
2018 4 57039.0
2018 5 132603.0
2018 6 6683.0
2018 7 72770.0
2018 8 37793.0
2018 9 17891.0
2018 10 43433.0
2018 11 46796.0
2018 12 52049.0
2019 1 30982.0
2019 2 62186.0
2019 3 90471.0
2019 4 38981.0
2019 5 15247.0
2019 6 41729.0
2019 7 42906.0
2019 8 77140.0
2019 9 88500.0
2019 10 54743.0
2019 11 122522.0
2019 12 18950.0
2020 1 383089.0
2020 2 87864.0
2020 3 13249.0
2020 4 42290.0
2020 5 61001.0
2020 6 45989.0
2020 7 115696.0
2020 8 52600.0
2020 9 82736.0
2020 10 131804.0
2020 11 37449.0
2020 12 69196.0
2021 1 19829.0
2021 2 63485.0
2021 3 20960.0
2021 4 97380.0
2021 5 103165.0
2021 6 61601.0
2021 7 50787.0
2021 8 121134.0
2021 9 87554.0
2021 10 109172.0
2021 11 63499.0
2021 12 110498.0
2022 1 49502.0
2022 2 75258.0
2022 3 65433.0
2022 4 74143.0
2022 5 37827.0
2022 6 61410.0
2022 7 86772.0
2022 8 184690.0
2022 9 89714.0
2022 10 315613.0
2022 11 170643.0
2022 12 36777.0
2023 1 47558.0
2023 2 43119.0
2023 3 226068.0
2023 4 60267.0
2023 5 92437.0
2023 6 162404.0
2023 7 72038.0
2023 8 294907.0
2023 9 125130.0
2023 10 28492.0
2023 11 54493.0
2023 12 61293.0
2024 1 67362.0
2024 2 136361.0
2024 3 75059.0
2024 4 84445.0
2024 5 115141.0
2024 6 202600.0
2024 7 101672.0
2024 8 62356.0
