1960 5 10569.0
1960 6 6697.0
1960 7 2838.0
1960 8 8341.0
1960 9 6934.0
1960 10 7773.0
1960 11 7147.0
1960 12 2164.0
1961 1 1780.0
1961 2 4181.0
1961 3 7720.0
1961 4 6801.0
1961 5 6005.0
1961 6 10380.0
1961 7 4748.0
1961 8 6481.0
1961 9 7540.0
1961 10 10927.0
1961 11 6956.0
1961 12 18033.0
1962 1 3596.0
1962 2 4446.0
1962 3 8166.0
1962 4 10676.0
1962 5 23236.0
1962 6 10278.0
1962 7 13330.0
1962 8 14414.0
1962 9 10244.0
1962 10 19141.0
1962 11 7890.0
1962 12 7469.0
1963 1 12417.0
1963 2 5306.0
1963 3 11037.0
1963 4 17301.0
1963 5 24516.0
1963 6 20701.0
1963 7 18367.0
1963 8 17263.0
1963 9 15859.0
1963 10 17744.0
1963 11 18850.0
1963 12 11470.0
1964 1 20512.0
1964 2 7520.0
1964 3 11642.0
1964 4 13601.0
1964 5 15434.0
1964 6 19407.0
1964 7 14014.0
1964 8 14228.0
1964 9 21152.0
1964 10 21771.0
1964 11 12445.0
1964 12 5094.0
1965 1 8918.0
1965 2 7368.0
1965 3 9230.0
1965 4 13471.0
1965 5 22127.0
1965 6 22683.0
1965 7 13233.0
1965 8 12796.0
1965 9 12107.0
1965 10 18394.0
1965 11 13062.0
1965 12 23836.0
1966 1 10289.0
1966 2 6532.0
1966 3 13170.0
1966 4 18699.0
1966 5 14619.0
1966 6 21948.0
1966 7 10977.0
1966 8 8815.0
1966 9 8780.0
1966 10 8929.0
1966 11 4247.0
1966 12 4623.0
1967 1 7298.0
1967 2 5797.0
1967 3 12649.0
1967 4 15075.0
1967 5 17906.0
1967 6 17662.0
1967 7 14134.0
1967 8 20309.0
1967 9 30166.0
1967 10 22421.0
1967 11 17551.0
1967 12 17269.0
1968 1 8894.0
1968 2 8352.0
1968 3 15454.0
1968 4 21757.0
1968 5 26972.0
1968 6 22778.0
1968 7 24951.0
1968 8 34916.0
1968 9 36901.0
1968 10 30274.0
1968 11 21875.0
1968 12 16953.0
1969 1 21402.0
1969 2 18785.0
1969 3 24510.0
1969 4 23357.0
1969 5 28086.0
1969 6 23776.0
1969 7 30874.0
1969 8 28534.0
1969 9 26058.0
1969 10 31778.0
1969 11 26968.0
1969 12 20946.0
1970 1 9322.0
1970 2 13903.0
1970 3 15523.0
1970 4 25660.0
1970 5 12746.0
1970 6 37006.0
1970 7 37552.0
1970 8 28082.0
1970 9 27358.0
1970 10 36438.0
1970 11 32299.0
1970 12 33096.0
1971 1 18512.0
1971 2 14081.0
1971 3 35474.0
1971 4 36016.0
1971 5 50049.0
1971 6 62540.0
1971 7 39062.0
1971 8 55954.0
1971 9 39169.0
1971 10 81520.0
1971 11 34594.0
1971 12 49171.0
1972 1 24787.0
1972 2 22322.0
1972 3 31810.0
1972 4 59645.0
1972 5 41894.0
1972 6 52473.0
1972 7 38770.0
1972 8 54182.0
1972 9 64680.0
1972 10 31262.0
1972 11 31596.0
1972 12 32111.0
1973 1 37542.0
1973 2 15998.0
1973 3 18096.0
1973 4 49225.0
1973 5 31501.0
1973 6 27585.0
1973 7 35450.0
1973 8 31828.0
1973 9 17299.0
1973 10 18719.0
1973 11 23216.0
1973 12 18331.0
1974 1 30653.0
1974 2 9157.0
1974 3 25594.0
1974 4 20652.0
1974 5 13441.0
1974 6 21770.0
1974 7 13441.0
1974 8 12968.0
1974 9 18423.0
1974 10 9378.0
1974 11 9337.0
1974 12 8165.0
1975 1 4133.0
1975 2 4686.0
1975 3 3304.0
1975 4 17176.0
1975 5 14934.0
1975 6 15713.0
1975 7 31176.0
1975 8 12323.0
1975 9 12280.0
1975 10 14029.0
1975 11 12163.0
1975 12 9437.0
1976 1 5392.0
1976 2 8544.0
1976 3 18010.0
1976 4 21986.0
1976 5 10622.0
1976 6 24964.0
1976 7 18810.0
1976 8 24932.0
1976 9 29512.0
1976 10 22409.0
1976 11 23255.0
1976 12 28122.0
1977 1 5738.0
1977 2 15378.0
1977 3 23957.0
1977 4 80064.0
1977 5 29486.0
1977 6 130559.0
1977 7 34993.0
1977 8 42985.0
1977 9 31341.0
1977 10 30730.0
1977 11 31625.0
1977 12 14743.0
1978 1 16607.0
1978 2 16715.0
1978 3 49443.0
1978 4 37156.0
1978 5 31124.0
1978 6 38330.0
1978 7 42362.0
1978 8 42814.0
1978 9 53021.0
1978 10 45623.0
1978 11 43795.0
1978 12 13706.0
1979 1 23150.0
1979 2 11558.0
1979 3 22162.0
1979 4 37306.0
1979 5 45347.0
1979 6 40125.0
1979 7 29900.0
1979 8 49495.0
1979 9 53671.0
1979 10 54386.0
1979 11 35638.0
1979 12 14180.0
1980 1 6626.0
1980 2 17038.0
1980 3 11409.0
1980 4 21015.0
1980 5 26413.0
1980 6 20213.0
1980 7 29515.0
1980 8 27984.0
1980 9 48665.0
1980 10 64911.0
1980 11 41042.0
1980 12 19038.0
1981 1 15777.0
1981 2 21780.0
1981 3 24699.0
1981 4 39763.0
1981 5 20878.0
1981 6 63075.0
1981 7 32225.0
1981 8 22282.0
1981 9 31598.0
1981 10 23786.0
1981 11 19417.0
1981 12 5793.0
1982 1 2584.0
1982 2 4984.0
1982 3 16843.0
1982 4 18087.0
1982 5 16544.0
1982 6 19266.0
1982 7 29879.0
1982 8 16642.0
1982 9 26995.0
1982 10 26407.0
1982 11 20365.0
1982 12 14323.0
1983 1 6601.0
1983 2 10902.0
1983 3 14281.0
1983 4 14954.0
1983 5 19364.0
1983 6 34996.0
1983 7 13948.0
1983 8 45871.0
1983 9 41396.0
1983 10 50245.0
1983 11 27347.0
1983 12 19436.0
1984 1 9170.0
1984 2 28775.0
1984 3 17683.0
1984 4 29356.0
1984 5 23571.0
1984 6 34109.0
1984 7 35316.0
1984 8 43410.0
1984 9 31514.0
1984 10 44191.0
1984 11 61747.0
1984 12 33911.0
1985 1 22186.0
1985 2 11511.0
1985 3 23743.0
1985 4 29333.0
1985 5 47509.0
1985 6 37541.0
1985 7 44420.0
1985 8 52718.0
1985 9 42999.0
1985 10 67970.0
1985 11 41182.0
1985 12 66266.0
1986 1 25842.0
1986 2 35579.0
1986 3 30100.0
1986 4 49072.0
1986 5 37962.0
1986 6 50724.0
1986 7 55086.0
1986 8 39365.0
1986 9 37293.0
1986 10 49557.0
1986 11 43320.0
1986 12 57498.0
1987 1 24383.0
1987 2 21316.0
1987 3 35193.0
1987 4 47403.0
1987 5 36775.0
1987 6 45406.0
1987 7 47569.0
1987 8 55733.0
1987 9 51685.0
1987 10 52220.0
1987 11 30396.0
1987 12 33947.0
1988 1 12185.0
1988 2 21229.0
1988 3 52502.0
1988 4 66883.0
1988 5 54665.0
1988 6 66470.0
1988 7 47546.0
1988 8 43124.0
1988 9 50911.0
1988 10 40262.0
1988 11 37731.0
1988 12 52299.0
1989 1 18260.0
1989 2 31676.0
1989 3 41456.0
1989 4 47388.0
1989 5 60019.0
1989 6 36216.0
1989 7 33966.0
1989 8 57384.0
1989 9 29895.0
1989 10 36002.0
1989 11 28732.0
1989 12 22396.0
1990 1 63340.0
1990 2 18926.0
1990 3 23777.0
1990 4 34847.0
1990 5 32592.0
1990 6 27137.0
1990 7 28136.0
1990 8 28731.0
1990 9 26341.0
1990 10 25955.0
1990 11 28105.0
1990 12 11517.0
1991 1 30622.0
1991 2 7740.0
1991 3 27311.0
1991 4 18738.0
1991 5 26630.0
1991 6 29029.0
1991 7 27191.0
1991 8 26577.0
1991 9 29547.0
1991 10 33106.0
1991 11 31751.0
1991 12 21156.0
1992 1 22874.0
1992 2 28103.0
1992 3 28848.0
1992 4 37719.0
1992 5 31486.0
1992 6 27497.0
1992 7 29722.0
1992 8 49130.0
1992 9 63024.0
1992 10 23906.0
1992 11 44129.0
1992 12 31331.0
1993 1 14478.0
1993 2 14874.0
1993 3 31642.0
1993 4 25943.0
1993 5 39236.0
1993 6 40788.0
1993 7 31639.0
1993 8 41191.0
1993 9 39899.0
1993 10 39047.0
1993 11 25202.0
1993 12 25297.0
1994 1 20692.0
1994 2 14300.0
1994 3 26060.0
1994 4 34927.0
1994 5 47877.0
1994 6 65542.0
1994 7 40385.0
1994 8 29485.0
1994 9 90202.0
1994 10 28339.0
1994 11 36183.0
1994 12 30052.0
1995 1 30045.0
1995 2 20838.0
1995 3 40931.0
1995 4 27261.0
1995 5 58826.0
1995 6 44611.0
1995 7 43149.0
1995 8 42099.0
1995 9 45938.0
1995 10 45462.0
1995 11 32713.0
1995 12 39385.0
1996 1 22024.0
1996 2 18364.0
1996 3 32910.0
1996 4 34567.0
1996 5 37337.0
1996 6 30438.0
1996 7 67322.0
1996 8 49017.0
1996 9 66628.0
1996 10 64746.0
1996 11 60851.0
1996 12 33191.0
1997 1 33380.0
1997 2 32466.0
1997 3 42583.0
1997 4 48523.0
1997 5 48493.0
1997 6 50623.0
1997 7 39983.0
1997 8 51697.0
1997 9 56712.0
1997 10 62979.0
1997 11 43825.0
1997 12 44865.0
1998 1 34464.0
1998 2 25936.0
1998 3 32737.0
1998 4 38248.0
1998 5 46143.0
1998 6 50513.0
1998 7 72698.0
1998 8 54893.0
1998 9 72525.0
1998 10 52372.0
1998 11 38946.0
1998 12 45783.0
1999 1 31026.0
1999 2 28776.0
1999 3 70634.0
1999 4 62399.0
1999 5 58720.0
1999 6 46181.0
1999 7 42558.0
1999 8 44357.0
1999 9 68784.0
1999 10 69825.0
1999 11 84883.0
1999 12 32134.0
2000 1 24019.0
2000 2 40539.0
2000 3 69403.0
2000 4 56790.0
2000 5 65998.0
2000 6 50425.0
2000 7 69921.0
2000 8 69554.0
2000 9 46214.0
2000 10 97303.0
2000 11 52813.0
2000 12 29051.0
2001 1 26490.0
2001 2 31466.0
2001 3 63529.0
2001 4 51998.0
2001 5 69613.0
2001 6 71952.0
2001 7 54378.0
2001 8 51852.0
2001 9 50716.0
2001 10 46116.0
2001 11 52895.0
2001 12 58157.0
2002 1 27764.0
2002 2 28742.0
2002 3 39695.0
2002 4 58323.0
2002 5 62512.0
2002 6 58240.0
2002 7 65918.0
2002 8 58867.0
2002 9 76674.0
2002 10 82212.0
2002 11 33897.0
2002 12 58701.0
2003 1 77919.0
2003 2 22608.0
2003 3 40398.0
2003 4 57306.0
2003 5 74469.0
2003 6 60089.0
2003 7 66757.0
2003 8 43742.0
2003 9 66789.0
2003 10 54647.0
2003 11 50252.0
2003 12 80680.0
2004 1 7272.0
2004 2 20952.0
2004 3 36738.0
2004 4 68293.0
2004 5 47606.0
2004 6 81267.0
2004 7 42179.0
2004 8 51639.0
2004 9 76805.0
2004 10 64628.0
2004 11 79329.0
2004 12 37516.0
2005 1 20524.0
2005 2 30681.0
2005 3 39149.0
2005 4 52596.0
2005 5 56286.0
2005 6 86267.0
2005 7 87976.0
2005 8 80320.0
2005 9 60442.0
2005 10 63766.0
2005 11 81686.0
2005 12 34932.0
2006 1 37524.0
2006 2 36158.0
2006 3 40284.0
2006 4 37204.0
2006 5 61245.0
2006 6 48161.0
2006 7 37904.0
2006 8 48378.0
2006 9 53319.0
2006 10 30974.0
2006 11 48501.0
2006 12 28200.0
2007 1 21930.0
2007 2 53887.0
2007 3 32553.0
2007 4 49136.0
2007 5 24648.0
2007 6 44037.0
2007 7 53484.0
2007 8 38127.0
2007 9 43828.0
2007 10 32963.0
2007 11 51165.0
2007 12 46867.0
2008 1 21136.0
2008 2 40005.0
2008 3 12877.0
2008 4 30374.0
2008 5 16143.0
2008 6 80765.0
2008 7 29785.0
2008 8 32739.0
2008 9 40632.0
2008 10 46639.0
2008 11 14937.0
2008 12 15903.0
2009 1 11669.0
2009 2 9227.0
2009 3 6087.0
2009 4 7890.0
2009 5 13975.0
2009 6 17614.0
2009 7 8981.0
2009 8 11625.0
2009 9 16214.0
2009 10 11579.0
2009 11 19885.0
2009 12 30634.0
2010 1 6166.0
2010 2 6275.0
2010 3 18960.0
2010 4 29226.0
2010 5 7073.0
2010 6 9786.0
2010 7 38035.0
2010 8 12863.0
2010 9 12866.0
2010 10 42502.0
2010 11 5819.0
2010 12 4383.0
2011 1 5160.0
2011 2 9479.0
2011 3 22336.0
2011 4 14364.0
2011 5 25847.0
2011 6 37453.0
2011 7 28669.0
2011 8 30982.0
2011 9 24891.0
2011 10 77565.0
2011 11 33117.0
2011 12 76145.0
2012 1 45313.0
2012 2 12462.0
2012 3 25417.0
2012 4 31926.0
2012 5 45561.0
2012 6 23013.0
2012 7 43543.0
2012 8 38058.0
2012 9 31997.0
2012 10 36465.0
2012 11 84914.0
2012 12 30976.0
2013 1 77762.0
2013 2 28842.0
2013 3 16996.0
2013 4 72290.0
2013 5 77738.0
2013 6 32087.0
2013 7 73319.0
2013 8 96701.0
2013 9 59805.0
2013 10 77123.0
2013 11 24883.0
2013 12 48492.0
2014 1 21620.0
2014 2 20953.0
2014 3 47501.0
2014 4 57544.0
2014 5 58587.0
2014 6 49056.0
2014 7 106236.0
2014 8 88657.0
2014 9 34536.0
2014 10 56876.0
2014 11 42104.0
2014 12 49690.0
2015 1 35689.0
2015 2 10042.0
2015 3 25069.0
2015 4 39333.0
2015 5 44931.0
2015 6 13833.0
2015 7 38536.0
2015 8 68272.0
2015 9 116979.0
2015 10 100859.0
2015 11 54837.0
2015 12 42753.0
2016 1 31241.0
2016 2 7681.0
2016 3 51141.0
2016 4 90464.0
2016 5 46368.0
2016 6 80418.0
2016 7 48194.0
2016 8 102099.0
2016 9 125867.0
2016 10 51057.0
2016 11 40275.0
2016 12 34131.0
2017 1 137597.0
2017 2 34228.0
2017 3 25688.0
2017 4 44221.0
2017 5 24054.0
2017 6 128600.0
2017 7 37448.0
2017 8 288316.0
2017 9 65747.0
2017 10 51087.0
2017 11 38102.0
2017 12 13956.0
2018 1 51803.0
2018 2 37270.0
2018 3 56821.0
2018 4 62235.0
2018 5 148679.0
2018 6 14477.0
2018 7 81656.0
2018 8 46007.0
2018 9 23959.0
2018 10 63268.0
2018 11 55939.0
2018 12 59229.0
2019 1 36403.0
2019 2 69769.0
2019 3 94132.0
2019 4 47496.0
2019 5 26061.0
2019 6 53462.0
2019 7 51511.0
2019 8 81334.0
2019 9 98246.0
2019 10 63388.0
2019 11 126018.0
2019 12 21403.0
2020 1 387985.0
2020 2 90575.0
2020 3 19898.0
2020 4 49569.0
2020 5 69661.0
2020 6 61090.0
2020 7 126832.0
2020 8 70815.0
2020 9 95551.0
2020 10 139001.0
2020 11 43669.0
2020 12 79935.0
2021 1 28895.0
2021 2 70748.0
2021 3 30412.0
2021 4 108942.0
2021 5 119609.0
2021 6 78872.0
2021 7 61015.0
2021 8 126275.0
2021 9 90839.0
2021 10 123055.0
2021 11 73940.0
2021 12 118286.0
2022 1 55020.0
2022 2 87616.0
2022 3 88700.0
2022 4 87072.0
2022 5 57280.0
2022 6 83081.0
2022 7 100342.0
2022 8 196510.0
2022 9 108768.0
2022 10 342766.0
2022 11 200542.0
2022 12 46135.0
2023 1 61737.0
2023 2 61748.0
2023 3 254031.0
2023 4 79615.0
2023 5 109367.0
2023 6 188573.0
2023 7 96636.0
2023 8 310390.0
2023 9 145503.0
2023 10 48556.0
2023 11 72792.0
2023 12 72968.0
2024 1 82423.0
2024 2 157031.0
2024 3 93882.0
2024 4 100251.0
2024 5 140837.0
2024 6 228525.0
2024 7 116885.0
2024 8 86350.0
