1960 5 407.0
1960 6 182.0
1960 7 394.0
1960 8 1256.0
1960 9 104.0
1960 10 778.0
1960 11 278.0
1960 12 761.0
1961 1 303.0
1961 2 682.0
1961 3 372.0
1961 4 683.0
1961 5 130.0
1961 6 484.0
1961 7 2115.0
1961 8 349.0
1961 9 629.0
1961 10 331.0
1961 11 655.0
1961 12 361.0
1962 1 1594.0
1962 2 1229.0
1962 3 942.0
1962 4 1793.0
1962 5 224.0
1962 6 1246.0
1962 7 537.0
1962 8 1298.0
1962 9 1630.0
1962 10 1334.0
1962 11 1195.0
1962 12 1078.0
1963 1 1484.0
1963 2 2025.0
1963 3 3106.0
1963 4 2394.0
1963 5 951.0
1963 6 1639.0
1963 7 1822.0
1963 8 1977.0
1963 9 4161.0
1963 10 3056.0
1963 11 1213.0
1963 12 3941.0
1964 1 3925.0
1964 2 3368.0
1964 3 2186.0
1964 4 619.0
1964 5 1503.0
1964 6 2259.0
1964 7 446.0
1964 8 749.0
1964 9 1295.0
1964 10 8566.0
1964 11 3230.0
1964 12 228.0
1965 1 2431.0
1965 2 1482.0
1965 3 2504.0
1965 4 2820.0
1965 5 2099.0
1965 6 5197.0
1965 7 4062.0
1965 8 630.0
1965 9 2878.0
1965 10 1047.0
1965 11 3406.0
1965 12 1268.0
1966 1 1852.0
1966 2 956.0
1966 3 2549.0
1966 4 2594.0
1966 5 3924.0
1966 6 537.0
1966 7 32.0
1966 8 613.0
1966 9 384.0
1966 10 763.0
1966 11 197.0
1966 12 1422.0
1967 1 1226.0
1967 2 523.0
1967 3 3071.0
1967 4 2617.0
1967 5 1733.0
1967 6 1193.0
1967 7 2609.0
1967 8 1260.0
1967 9 4358.0
1967 10 2029.0
1967 11 6764.0
1967 12 4636.0
1968 1 2033.0
1968 2 8029.0
1968 3 1980.0
1968 4 4752.0
1968 5 1496.0
1968 6 8902.0
1968 7 7707.0
1968 8 11240.0
1968 9 2064.0
1968 10 8926.0
1968 11 3840.0
1968 12 7328.0
1969 1 7441.0
1969 2 5918.0
1969 3 5375.0
1969 4 5909.0
1969 5 11310.0
1969 6 10574.0
1969 7 4328.0
1969 8 3929.0
1969 9 5485.0
1969 10 7549.0
1969 11 6586.0
1969 12 1194.0
1970 1 12678.0
1970 2 6532.0
1970 3 10134.0
1970 4 10487.0
1970 5 9042.0
1970 6 6770.0
1970 7 4586.0
1970 8 5490.0
1970 9 4656.0
1970 10 8768.0
1970 11 8649.0
1970 12 6434.0
1971 1 7633.0
1971 2 10150.0
1971 3 17211.0
1971 4 22583.0
1971 5 16978.0
1971 6 9191.0
1971 7 19448.0
1971 8 14232.0
1971 9 12692.0
1971 10 7208.0
1971 11 15737.0
1971 12 21139.0
1972 1 15977.0
1972 2 13260.0
1972 3 14539.0
1972 4 18401.0
1972 5 15103.0
1972 6 11588.0
1972 7 2072.0
1972 8 10004.0
1972 9 10922.0
1972 10 10505.0
1972 11 9950.0
1972 12 22029.0
1973 1 9371.0
1973 2 12585.0
1973 3 10903.0
1973 4 959.0
1973 5 3895.0
1973 6 10960.0
1973 7 3941.0
1973 8 6160.0
1973 9 1109.0
1973 10 3381.0
1973 11 3856.0
1973 12 7522.0
1974 1 2124.0
1974 2 4990.0
1974 3 8410.0
1974 4 2890.0
1974 5 12905.0
1974 6 4013.0
1974 7 999.0
1974 8 276.0
1974 9 1297.0
1974 10 1052.0
1974 11 247.0
1974 12 4891.0
1975 1 1435.0
1975 2 1883.0
1975 3 241.0
1975 4 1465.0
1975 5 2184.0
1975 6 697.0
1975 7 1555.0
1975 8 599.0
1975 9 3478.0
1975 10 1053.0
1975 11 999.0
1975 12 2789.0
1976 1 2640.0
1976 2 3162.0
1976 3 4162.0
1976 4 2005.0
1976 5 774.0
1976 6 4652.0
1976 7 2166.0
1976 8 2698.0
1976 9 5756.0
1976 10 1704.0
1976 11 3039.0
1976 12 2933.0
1977 1 940.0
1977 2 7196.0
1977 3 4247.0
1977 4 38664.0
1977 5 2586.0
1977 6 27525.0
1977 7 3730.0
1977 8 4175.0
1977 9 5285.0
1977 10 2083.0
1977 11 12801.0
1977 12 9028.0
1978 1 8608.0
1978 2 9856.0
1978 3 9684.0
1978 4 9358.0
1978 5 5437.0
1978 6 3561.0
1978 7 5655.0
1978 8 5069.0
1978 9 7347.0
1978 10 9178.0
1978 11 4613.0
1978 12 7749.0
1979 1 2820.0
1979 2 7143.0
1979 3 4438.0
1979 4 5730.0
1979 5 12654.0
1979 6 5721.0
1979 7 14034.0
1979 8 12206.0
1979 9 10866.0
1979 10 18458.0
1979 11 3736.0
1979 12 8224.0
1980 1 12027.0
1980 2 2411.0
1980 3 9664.0
1980 4 8721.0
1980 5 4503.0
1980 6 4876.0
1980 7 13908.0
1980 8 14679.0
1980 9 23484.0
1980 10 7419.0
1980 11 14717.0
1980 12 22918.0
1981 1 6669.0
1981 2 3324.0
1981 3 13407.0
1981 4 7359.0
1981 5 12149.0
1981 6 6951.0
1981 7 17030.0
1981 8 19012.0
1981 9 22079.0
1981 10 10115.0
1981 11 22148.0
1981 12 15924.0
1982 1 20189.0
1982 2 21421.0
1982 3 15154.0
1982 4 22719.0
1982 5 18213.0
1982 6 9334.0
1982 7 29905.0
1982 8 102969.0
1982 9 29493.0
1982 10 60448.0
1982 11 62965.5
1982 12 65483.0
1983 1 28804.0
1983 2 19685.0
1983 3 86310.0
1983 4 64622.0
1983 5 48730.0
1983 6 29858.0
1983 7 98443.0
1983 8 53806.0
1983 9 64886.0
1983 10 36128.0
1983 11 35945.0
1983 12 17189.0
1984 1 35255.0
1984 2 23807.0
1984 3 22013.0
1984 4 23780.0
1984 5 7443.0
1984 6 42279.0
1984 7 26772.0
1984 8 28247.0
1984 9 18240.0
1984 10 16809.0
1984 11 6105.0
1984 12 9750.0
1985 1 13552.0
1985 2 2236.0
1985 3 18079.0
1985 4 2754.0
1985 5 3472.0
1985 6 8515.0
1985 7 13185.0
1985 8 9588.0
1985 9 1818.0
1985 10 3349.0
1985 11 6213.0
1985 12 3213.0
1986 1 11389.0
1986 2 8783.0
1986 3 12624.0
1986 4 3448.0
1986 5 7740.0
1986 6 6647.0
1986 7 5074.0
1986 8 12778.0
1986 9 3754.0
1986 10 4839.0
1986 11 430.0
1986 12 900.0
1987 1 1142.0
1987 2 1664.0
1987 3 11361.0
1987 4 430.0
1987 5 596.0
1987 6 1568.0
1987 7 516.0
1987 8 2939.0
1987 9 246.0
1987 10 3129.0
1987 11 491.0
1987 12 1391.0
1988 1 373.0
1988 2 797.0
1988 3 453.0
1988 4 788.0
1988 5 160.0
1988 6 3079.0
1988 7 275.0
1988 8 303.0
1988 9 2013.0
1988 10 418.0
1988 11 243.0
1988 12 275.0
1989 1 6439.0
1989 2 1242.0
1989 3 243.0
1989 4 1195.0
1989 5 8457.0
1989 6 1286.0
1989 7 175.0
1989 8 1199.0
1989 9 526.0
1989 10 2941.0
1989 11 1483.0
1989 12 569.0
1990 1 85.0
1990 2 434.0
1990 3 1016.0
1990 4 265.0
1990 5 360.0
1990 6 9303.0
1990 7 4809.0
1990 8 315.0
1990 9 243.0
1990 10 4399.0
1990 11 150.0
1990 12 165.0
1991 1 180.0
1991 2 139.0
1991 3 125.0
1991 4 704.0
1991 5 2000.0
1991 6 1517.0
1991 7 1034.0
1991 8 551.0
1991 9 68.0
1991 10 2948.0
1991 11 162.0
1991 12 634.0
1992 1 216.0
1992 2 145.5
1992 3 75.0
1992 4 233.5
1992 5 392.0
1992 6 405.0
1992 7 50.0
1992 8 274.0
1992 9 270.0
1992 10 266.0
1992 11 125.0
1992 12 750.0
1993 1 229.0
1993 2 214.0
1993 3 326.0
1993 4 517.0
1993 5 404.0
1993 6 743.0
1993 7 303.0
1993 8 706.0
1993 9 1512.0
1993 10 848.0
1993 11 333.0
1993 12 100.0
1994 1 1335.0
1994 2 3160.0
1994 3 4245.0
1994 4 2437.0
1994 5 16370.0
1994 6 6433.0
1994 7 1520.0
1994 8 668.0
1994 9 4442.0
1994 10 3240.0
1994 11 14607.0
1994 12 8995.0
1995 1 14502.0
1995 2 265.0
1995 3 3888.0
1995 4 1595.0
1995 5 7011.0
1995 6 12997.0
1995 7 952.0
1995 8 9439.0
1995 9 4700.0
1995 10 1789.0
1995 11 12877.0
1995 12 16516.0
1996 1 3431.0
1996 2 3418.0
1996 3 13078.0
1996 4 10108.0
1996 5 867.0
1996 6 2148.0
1996 7 16244.0
1996 8 1715.0
1996 9 11821.0
1996 10 1921.0
1996 11 3161.0
1996 12 1312.0
1997 1 1086.0
1997 2 613.0
1997 3 17770.0
1997 4 13271.0
1997 5 3453.0
1997 6 41388.0
1997 7 2660.0
1997 8 7176.0
1997 9 6431.0
1997 10 11042.0
1997 11 1847.0
1997 12 2900.0
1998 1 9666.0
1998 2 27922.0
1998 3 24614.0
1998 4 17719.0
1998 5 9666.0
1998 6 15900.0
1998 7 9441.0
1998 8 29330.0
1998 9 20638.0
1998 10 46038.0
1998 11 1640.0
1998 12 3719.0
1999 1 7471.0
1999 2 2553.0
1999 3 44304.0
1999 4 3462.0
1999 5 12752.0
1999 6 3411.0
1999 7 8212.0
1999 8 24741.0
1999 9 6248.0
1999 10 17853.0
1999 11 846.0
1999 12 1858.0
2000 1 1187.0
2000 2 22720.0
2000 3 6593.0
2000 4 27047.0
2000 5 1658.0
2000 6 6746.0
2000 7 21720.0
2000 8 12021.0
2000 9 4743.0
2000 10 317.0
2000 11 5018.0
2000 12 812.0
2001 1 3649.0
2001 2 6187.0
2001 3 25952.0
2001 4 1043.0
2001 5 3154.0
2001 6 1489.0
2001 7 3268.0
2001 8 16352.0
2001 9 9040.0
2001 10 85156.0
2001 11 24095.0
2001 12 3877.0
2002 1 6979.0
2002 2 5541.0
2002 3 30776.0
2002 4 10311.0
2002 5 3669.0
2002 6 2833.0
2002 7 2389.0
2002 8 28268.0
2002 9 16835.0
2002 10 1458.0
2002 11 8288.0
2002 12 5226.0
2003 1 11203.0
2003 2 5518.0
2003 3 41717.0
2003 4 5081.0
2003 5 8464.0
2003 6 3675.0
2003 7 10502.0
2003 8 25970.0
2003 9 7250.0
2003 10 14492.0
2003 11 8775.0
2003 12 5287.0
2004 1 9124.0
2004 2 8900.0
2004 3 30451.0
2004 4 14355.0
2004 5 6604.0
2004 6 2693.0
2004 7 2838.0
2004 8 2227.0
2004 9 10620.0
2004 10 5815.0
2004 11 19158.0
2004 12 16273.0
2005 1 33515.0
2005 2 11330.0
2005 3 4872.0
2005 4 14726.0
2005 5 3276.0
2005 6 21864.0
2005 7 5368.0
2005 8 16454.0
2005 9 7793.0
2005 10 3120.0
2005 11 50387.0
2005 12 6633.0
2006 1 8606.0
2006 2 7029.0
2006 3 24593.0
2006 4 4822.0
2006 5 15150.0
2006 6 7271.0
2006 7 3756.0
2006 8 6320.0
2006 9 3051.0
2006 10 2555.0
2006 11 9270.0
2006 12 5294.0
2007 1 2721.0
2007 2 14993.0
2007 3 16250.0
2007 4 25737.0
2007 5 8595.0
2007 6 11985.0
2007 7 3452.0
2007 8 2828.0
2007 9 25495.0
2007 10 9381.0
2007 11 16817.0
2007 12 2495.0
2008 1 8319.0
2008 2 7890.0
2008 3 38868.0
2008 4 3225.0
2008 5 6315.0
2008 6 6301.0
2008 7 2715.0
2008 8 24092.0
2008 9 3083.0
2008 10 2344.0
2008 11 4676.0
2008 12 4918.0
2009 1 4034.0
2009 2 1070.0
2009 3 4325.0
2009 4 1093.0
2009 5 25831.0
2009 6 20232.0
2009 7 1615.0
2009 8 17809.0
2009 9 1353.0
2009 10 4879.0
2009 11 4509.0
2009 12 6706.0
2010 1 3833.0
2010 2 9795.0
2010 3 3102.0
2010 4 5135.0
2010 5 11904.0
2010 6 3122.0
2010 7 8287.0
2010 8 6410.0
2010 9 2564.0
2010 10 2244.0
2010 11 1043.0
2010 12 20395.0
2011 1 1753.0
2011 2 1216.0
2011 3 5430.0
2011 4 18370.0
2011 5 31674.0
2011 6 25784.0
2011 7 2763.0
2011 8 1910.0
2011 9 5309.0
2011 10 10634.0
2011 11 14283.0
2011 12 8108.0
2012 1 6726.0
2012 2 4645.0
2012 3 4982.0
2012 4 3871.0
2012 5 32976.0
2012 6 5497.0
2012 7 5096.0
2012 8 3051.0
2012 9 50603.0
2012 10 8587.0
2012 11 16758.0
2012 12 2493.0
2013 1 27940.0
2013 2 23349.0
2013 3 6927.0
2013 4 1450.0
2013 5 16767.0
2013 6 1478.0
2013 7 12333.0
2013 8 20732.0
2013 9 10875.0
2013 10 5516.0
2013 11 11838.0
2013 12 8092.0
2014 1 17290.0
2014 2 4657.0
2014 3 31113.0
2014 4 16710.0
2014 5 37035.0
2014 6 32737.0
2014 7 6707.0
2014 8 5538.0
2014 9 34367.0
2014 10 36211.0
2014 11 14642.0
2014 12 58907.0
2015 1 13718.0
2015 2 11279.0
2015 3 2660.0
2015 4 3137.0
2015 5 3663.0
2015 6 3461.0
2015 7 14724.0
2015 8 38748.0
2015 9 15829.0
2015 10 18022.0
2015 11 11080.0
2015 12 31886.0
2016 1 18074.0
2016 2 27514.0
2016 3 3950.0
2016 4 31358.0
2016 5 27260.0
2016 6 15757.0
2016 7 16401.0
2016 8 49461.0
2016 9 3259.0
2016 10 12044.0
2016 11 4555.0
2016 12 3667.0
2017 1 20619.0
2017 2 11218.0
2017 3 1600.0
2017 4 8971.0
2017 5 40139.0
2017 6 11347.0
2017 7 3970.0
2017 8 6220.0
2017 9 5760.0
2017 10 24454.0
2017 11 9803.0
2017 12 14581.0
2018 1 14306.0
2018 2 4373.0
2018 3 7290.0
2018 4 1801.0
2018 5 17186.0
2018 6 2861.0
2018 7 3260.0
2018 8 1764.0
2018 9 8879.0
2018 10 46682.0
2018 11 2212.0
2018 12 1590.0
2019 1 3609.0
2019 2 47229.0
2019 3 50010.0
2019 4 3935.0
2019 5 3503.0
2019 6 5850.0
2019 7 10591.0
2019 8 50257.0
2019 9 10125.0
2019 10 9931.0
2019 11 15812.0
2019 12 9399.0
2020 1 3354.0
2020 2 6676.0
2020 3 42499.0
2020 4 3319.0
2020 5 5336.0
2020 6 5501.0
2020 7 10600.0
2020 8 6393.0
2020 9 21095.0
2020 10 6001.0
2020 11 10826.0
2020 12 9412.0
2021 1 11688.0
2021 2 11932.0
2021 3 10597.0
2021 4 9139.0
2021 5 6425.0
2021 6 9137.0
2021 7 7614.0
2021 8 6537.0
2021 9 14678.0
2021 10 4616.0
2021 11 4275.0
2021 12 15238.0
2022 1 16018.0
2022 2 8643.0
2022 3 18132.0
2022 4 10868.0
2022 5 38139.0
2022 6 157899.0
2022 7 25010.0
2022 8 16275.0
2022 9 20239.0
2022 10 17747.0
2022 11 9780.0
2022 12 33955.0
2023 1 6120.0
2023 2 13532.0
2023 3 15792.0
2023 4 9983.0
2023 5 94012.0
2023 6 9228.0
2023 7 65458.0
2023 8 35921.0
2023 9 33291.0
2023 10 22823.0
2023 11 17054.0
2023 12 9201.0
2024 1 11173.0
2024 2 6857.0
2024 3 94813.0
2024 4 51958.0
2024 5 33082.0
2024 6 14889.0
2024 7 27926.0
2024 8 16593.0
