1960 5 100.0
1960 6 98.0
1960 7 311.0
1960 8 1161.0
1960 9 55.0
1960 10 620.0
1960 11 260.0
1960 12 748.0
1961 1 175.0
1961 2 618.0
1961 3 212.0
1961 4 605.0
1961 5 64.0
1961 6 410.0
1961 7 1920.0
1961 8 179.0
1961 9 545.0
1961 10 192.0
1961 11 339.0
1961 12 306.0
1962 1 1308.0
1962 2 1139.0
1962 3 742.0
1962 4 1688.0
1962 5 98.0
1962 6 1036.0
1962 7 255.0
1962 8 1225.0
1962 9 1540.0
1962 10 1227.0
1962 11 1105.0
1962 12 992.0
1963 1 1425.0
1963 2 1595.0
1963 3 2836.0
1963 4 2105.0
1963 5 815.0
1963 6 1635.0
1963 7 1664.0
1963 8 1849.0
1963 9 3960.0
1963 10 2753.0
1963 11 1014.0
1963 12 3530.0
1964 1 3667.0
1964 2 3250.0
1964 3 1976.0
1964 4 260.0
1964 5 1475.0
1964 6 2023.0
1964 7 175.0
1964 8 665.0
1964 9 821.0
1964 10 8351.0
1964 11 2876.0
1964 12 36.0
1965 1 1839.0
1965 2 1078.0
1965 3 2357.0
1965 4 2352.0
1965 5 1900.0
1965 6 4790.0
1965 7 3910.0
1965 8 410.0
1965 9 2338.0
1965 10 655.0
1965 11 2967.0
1965 12 1128.0
1966 1 490.0
1966 2 674.0
1966 3 1763.0
1966 4 2310.0
1966 5 3064.0
1966 6 338.0
1966 7 277.5
1966 8 217.0
1966 9 252.0
1966 10 525.0
1966 11 55.0
1966 12 1264.0
1967 1 1150.0
1967 2 105.0
1967 3 2550.0
1967 4 2442.0
1967 5 1293.0
1967 6 635.0
1967 7 2395.0
1967 8 868.0
1967 9 3833.0
1967 10 1445.0
1967 11 6322.0
1967 12 4370.0
1968 1 388.0
1968 2 7727.0
1968 3 1136.0
1968 4 4435.0
1968 5 1310.0
1968 6 8150.0
1968 7 7619.0
1968 8 10422.0
1968 9 1464.0
1968 10 8287.0
1968 11 3493.0
1968 12 6845.0
1969 1 6979.0
1969 2 4770.0
1969 3 4818.0
1969 4 5423.0
1969 5 10675.0
1969 6 9218.0
1969 7 3940.0
1969 8 3317.0
1969 9 5295.0
1969 10 7259.0
1969 11 6098.0
1969 12 1134.0
1970 1 12360.0
1970 2 6240.0
1970 3 9688.0
1970 4 10080.0
1970 5 8683.0
1970 6 6564.0
1970 7 3365.0
1970 8 4945.0
1970 9 3734.0
1970 10 8151.0
1970 11 7815.0
1970 12 3835.0
1971 1 6924.0
1971 2 9260.0
1971 3 15444.0
1971 4 21528.0
1971 5 16289.0
1971 6 7836.0
1971 7 18530.0
1971 8 13794.0
1971 9 10056.0
1971 10 6473.0
1971 11 13919.0
1971 12 20709.0
1972 1 15545.0
1972 2 12573.0
1972 3 13523.0
1972 4 16732.0
1972 5 13799.0
1972 6 10039.0
1972 7 1649.0
1972 8 8903.0
1972 9 10611.0
1972 10 8148.0
1972 11 8912.0
1972 12 21163.0
1973 1 8815.0
1973 2 11502.0
1973 3 8604.0
1973 4 431.0
1973 5 2631.0
1973 6 10392.0
1973 7 2246.0
1973 8 4612.0
1973 9 554.0
1973 10 2608.0
1973 11 3498.0
1973 12 7150.0
1974 1 1670.0
1974 2 4830.0
1974 3 7759.0
1974 4 2339.0
1974 5 10868.0
1974 6 3697.0
1974 7 590.0
1974 8 100.0
1974 9 155.0
1974 10 87.0
1974 11 2225.5
1974 12 4364.0
1975 1 225.0
1975 2 1210.0
1975 3 1287.5
1975 4 1365.0
1975 5 856.0
1975 6 370.0
1975 7 1520.0
1975 8 207.0
1975 9 3385.0
1975 10 278.0
1975 11 740.0
1975 12 1279.0
1976 1 2244.0
1976 2 735.0
1976 3 3139.0
1976 4 1340.0
1976 5 2788.0
1976 6 4236.0
1976 7 1435.0
1976 8 2440.0
1976 9 5106.0
1976 10 830.0
1976 11 1602.0
1976 12 1208.0
1977 1 206.0
1977 2 5559.0
1977 3 2556.0
1977 4 31125.0
1977 5 1476.0
1977 6 18559.0
1977 7 1468.0
1977 8 1580.0
1977 9 2649.0
1977 10 169.0
1977 11 7096.0
1977 12 7358.0
1978 1 8072.0
1978 2 7409.0
1978 3 6287.0
1978 4 6110.0
1978 5 3402.0
1978 6 1328.0
1978 7 3635.0
1978 8 2903.0
1978 9 3293.0
1978 10 4745.0
1978 11 2386.0
1978 12 5921.0
1979 1 1515.0
1979 2 5280.0
1979 3 1442.0
1979 4 2806.0
1979 5 6858.0
1979 6 1440.0
1979 7 9446.0
1979 8 7136.0
1979 9 8511.0
1979 10 12383.0
1979 11 1220.0
1979 12 7041.0
1980 1 10347.0
1980 2 400.0
1980 3 4309.0
1980 4 2840.0
1980 5 2084.0
1980 6 1335.0
1980 7 11058.0
1980 8 9835.0
1980 9 10874.0
1980 10 2165.0
1980 11 7795.0
1980 12 17208.0
1981 1 3449.0
1981 2 611.0
1981 3 9837.0
1981 4 587.0
1981 5 9546.0
1981 6 4536.0
1981 7 3873.0
1981 8 14375.0
1981 9 18013.0
1981 10 4548.0
1981 11 18359.0
1981 12 6464.0
1982 1 16496.0
1982 2 16065.0
1982 3 6521.0
1982 4 14010.0
1982 5 10920.0
1982 6 896.0
1982 7 21341.0
1982 8 98203.0
1982 9 22679.0
1982 10 49576.0
1982 11 53569.5
1982 12 57563.0
1983 1 20924.0
1983 2 13446.0
1983 3 77312.0
1983 4 57609.0
1983 5 41452.0
1983 6 21482.0
1983 7 93727.0
1983 8 52055.0
1983 9 27635.0
1983 10 31205.0
1983 11 32046.0
1983 12 13535.0
1984 1 31899.0
1984 2 18749.0
1984 3 14803.0
1984 4 21485.0
1984 5 3960.0
1984 6 38409.0
1984 7 25204.0
1984 8 23504.0
1984 9 14472.0
1984 10 16516.0
1984 11 4165.0
1984 12 7918.0
1985 1 11311.0
1985 2 1431.0
1985 3 16881.0
1985 4 1745.0
1985 5 2589.0
1985 6 7720.0
1985 7 12023.0
1985 8 8721.0
1985 9 1545.0
1985 10 2304.0
1985 11 5842.0
1985 12 2953.0
1986 1 8814.0
1986 2 8235.0
1986 3 11426.0
1986 4 2714.0
1986 5 7281.0
1986 6 6292.0
1986 7 4562.0
1986 8 12301.0
1986 9 2482.0
1986 10 4529.0
1986 11 355.0
1986 12 715.0
1987 1 1142.0
1987 2 1514.0
1987 3 10996.0
1987 4 311.0
1987 5 391.0
1987 6 1313.0
1987 7 318.0
1987 8 2734.0
1987 9 143.0
1987 10 3039.0
1987 11 181.0
1987 12 279.0
1988 1 270.0
1988 2 369.0
1988 3 275.0
1988 4 618.0
1988 5 1201.0
1988 6 1784.0
1988 7 175.0
1988 8 143.0
1988 9 1675.0
1988 10 318.0
1988 11 143.0
1988 12 175.0
1989 1 6326.0
1989 2 1042.0
1989 3 143.0
1989 4 258.0
1989 5 8113.0
1989 6 1223.0
1989 7 175.0
1989 8 318.0
1989 9 143.0
1989 10 2000.0
1989 11 1483.0
1989 12 85.0
1990 1 85.0
1990 2 290.0
1990 3 915.0
1990 4 125.0
1990 5 125.0
1990 6 9303.0
1990 7 4699.0
1990 8 95.0
1990 9 175.0
1990 10 4300.0
1990 11 150.0
1990 12 143.75
1991 1 137.5
1991 2 131.25
1991 3 125.0
1991 4 627.0
1991 5 2000.0
1991 6 2137.6
1991 7 2275.2
1991 8 2412.8
1991 9 2550.4
1991 10 2688.0
1991 11 1429.0
1991 12 170.0
1992 1 216.0
1992 2 206.9
1992 3 197.8
1992 4 188.7
1992 5 179.6
1992 6 170.5
1992 7 161.4
1992 8 152.3
1992 9 143.2
1992 10 134.10000000000002
1992 11 125.0
1992 12 750.0
1993 1 600.0
1993 2 450.0
1993 3 300.0
1993 4 150.0
1993 5 150.0
1993 6 235.0
1993 7 209.0
1993 8 370.0
1993 9 302.5
1993 10 235.0
1993 11 167.5
1993 12 100.0
1994 1 270.0
1994 2 2697.0
1994 3 1074.0
1994 4 150.0
1994 5 10617.0
1994 6 350.0
1994 7 227.0
1994 8 104.0
1994 9 2135.0
1994 10 738.0
1994 11 13167.0
1994 12 7610.0
1995 1 12256.0
1995 2 6554.0
1995 3 852.0
1995 4 272.0
1995 5 4973.0
1995 6 11986.0
1995 7 9833.5
1995 8 7681.0
1995 9 2380.0
1995 10 1184.0
1995 11 11694.0
1995 12 16011.0
1996 1 1847.0
1996 2 454.0
1996 3 12689.0
1996 4 9143.0
1996 5 209.0
1996 6 209.0
1996 7 13890.0
1996 8 782.0
1996 9 11166.0
1996 10 1222.0
1996 11 209.0
1996 12 729.0
1997 1 469.0
1997 2 209.0
1997 3 16327.0
1997 4 12611.0
1997 5 1574.0
1997 6 40417.0
1997 7 1404.0
1997 8 5610.0
1997 9 3054.0
1997 10 10202.0
1997 11 1267.0
1997 12 2390.0
1998 1 8804.0
1998 2 25620.0
1998 3 22876.0
1998 4 15489.0
1998 5 7645.0
1998 6 14361.0
1998 7 8412.0
1998 8 28985.0
1998 9 20060.0
1998 10 45120.0
1998 11 1102.0
1998 12 3171.0
1999 1 5536.0
1999 2 1856.0
1999 3 43473.0
1999 4 2312.0
1999 5 12558.0
1999 6 2255.0
1999 7 7720.0
1999 8 21632.0
1999 9 5286.0
1999 10 17383.0
1999 11 514.0
1999 12 1067.0
2000 1 862.0
2000 2 20726.0
2000 3 5261.0
2000 4 26412.0
2000 5 624.0
2000 6 6044.0
2000 7 21070.0
2000 8 11643.0
2000 9 3936.0
2000 10 207.0
2000 11 4908.0
2000 12 587.0
2001 1 2669.0
2001 2 4974.0
2001 3 25212.0
2001 4 933.0
2001 5 2263.0
2001 6 753.0
2001 7 1178.0
2001 8 9381.0
2001 9 8441.0
2001 10 84202.0
2001 11 21019.0
2001 12 3162.0
2002 1 3779.0
2002 2 4661.0
2002 3 30008.0
2002 4 9113.0
2002 5 1723.0
2002 6 2373.0
2002 7 1855.0
2002 8 28098.0
2002 9 16486.0
2002 10 1018.0
2002 11 4028.0
2002 12 1000.0
2003 1 10278.0
2003 2 4192.0
2003 3 41213.0
2003 4 4467.0
2003 5 7643.0
2003 6 894.0
2003 7 5492.0
2003 8 13367.0
2003 9 4653.0
2003 10 12617.0
2003 11 7272.0
2003 12 1763.0
2004 1 7349.0
2004 2 7312.0
2004 3 23816.0
2004 4 12974.0
2004 5 4650.0
2004 6 1859.0
2004 7 1499.0
2004 8 1267.0
2004 9 3123.0
2004 10 4973.0
2004 11 17926.0
2004 12 13399.0
2005 1 32434.0
2005 2 7613.0
2005 3 3271.0
2005 4 11509.0
2005 5 1598.0
2005 6 17579.0
2005 7 1813.0
2005 8 7521.0
2005 9 6700.0
2005 10 2435.0
2005 11 42744.0
2005 12 4990.0
2006 1 6325.0
2006 2 2398.0
2006 3 13946.0
2006 4 3632.0
2006 5 13639.0
2006 6 5437.0
2006 7 2620.0
2006 8 3844.0
2006 9 1314.0
2006 10 1064.0
2006 11 5629.0
2006 12 3382.0
2007 1 1397.0
2007 2 12827.0
2007 3 15230.0
2007 4 23657.0
2007 5 4664.0
2007 6 6612.0
2007 7 788.0
2007 8 2012.0
2007 9 19440.0
2007 10 7000.0
2007 11 13515.0
2007 12 919.0
2008 1 1145.0
2008 2 4704.0
2008 3 38170.0
2008 4 1676.0
2008 5 2131.0
2008 6 1783.0
2008 7 1697.0
2008 8 22479.0
2008 9 1061.0
2008 10 844.0
2008 11 1018.0
2008 12 2737.0
2009 1 2986.0
2009 2 450.0
2009 3 2562.0
2009 4 230.0
2009 5 22234.0
2009 6 17848.0
2009 7 290.0
2009 8 16981.0
2009 9 1145.0
2009 10 3500.0
2009 11 1468.0
2009 12 6548.0
2010 1 1865.0
2010 2 8915.0
2010 3 748.0
2010 4 4125.0
2010 5 11624.0
2010 6 2254.0
2010 7 8018.0
2010 8 5196.0
2010 9 1564.0
2010 10 1407.0
2010 11 285.0
2010 12 13150.0
2011 1 1229.0
2011 2 1026.0
2011 3 4498.0
2011 4 13905.0
2011 5 29616.0
2011 6 22704.0
2011 7 516.0
2011 8 1066.0
2011 9 4822.0
2011 10 10182.0
2011 11 13641.0
2011 12 4673.0
2012 1 5096.0
2012 2 1109.0
2012 3 3221.0
2012 4 2624.0
2012 5 31182.0
2012 6 3554.0
2012 7 2271.0
2012 8 537.0
2012 9 50183.0
2012 10 7972.0
2012 11 14546.0
2012 12 1928.0
2013 1 22133.0
2013 2 17778.0
2013 3 5507.0
2013 4 418.0
2013 5 14187.0
2013 6 1418.0
2013 7 11280.0
2013 8 19512.0
2013 9 6656.0
2013 10 3225.0
2013 11 10448.0
2013 12 6625.0
2014 1 15973.0
2014 2 800.0
2014 3 28091.0
2014 4 14910.0
2014 5 30813.0
2014 6 29171.0
2014 7 4131.0
2014 8 950.0
2014 9 27327.0
2014 10 34470.0
2014 11 10100.0
2014 12 58634.0
2015 1 12818.0
2015 2 9527.0
2015 3 1985.0
2015 4 2500.0
2015 5 198.0
2015 6 852.0
2015 7 8543.0
2015 8 34729.0
2015 9 9764.0
2015 10 10596.0
2015 11 8795.0
2015 12 28739.0
2016 1 16648.0
2016 2 24578.0
2016 3 2573.0
2016 4 22868.0
2016 5 24704.0
2016 6 13101.0
2016 7 11434.0
2016 8 42580.0
2016 9 200.0
2016 10 6300.0
2016 11 244.0
2016 12 1333.0
2017 1 17537.0
2017 2 8035.0
2017 3 6012.5
2017 4 3990.0
2017 5 33019.0
2017 6 8476.0
2017 7 880.0
2017 8 244.0
2017 9 4423.0
2017 10 20626.0
2017 11 6463.0
2017 12 9448.0
2018 1 5171.0
2018 2 1614.0
2018 3 5510.666666666666
2018 4 9407.333333333332
2018 5 13304.0
2018 6 624.0
2018 7 1044.0
2018 8 341.0
2018 9 6475.0
2018 10 34713.0
2018 11 244.0
2018 12 13831.666666666666
2019 1 27419.333333333332
2019 2 41007.0
2019 3 45675.0
2019 4 1160.0
2019 5 341.0
2019 6 1590.0
2019 7 6772.0
2019 8 46232.0
2019 9 2244.0
2019 10 2417.0
2019 11 12741.0
2019 12 1077.0
2020 1 1520.0
2020 2 1167.0
2020 3 36739.0
2020 4 615.0
2020 5 1129.0
2020 6 936.0
2020 7 6730.0
2020 8 538.0
2020 9 19150.0
2020 10 385.0
2020 11 9021.0
2020 12 5583.0
2021 1 3366.0
2021 2 7318.0
2021 3 3225.0
2021 4 2855.0
2021 5 4267.0
2021 6 6993.0
2021 7 2964.0
2021 8 3575.0
2021 9 7557.0
2021 10 1241.0
2021 11 936.0
2021 12 12629.0
2022 1 10973.0
2022 2 859.0
2022 3 11233.0
2022 4 3838.0
2022 5 30448.0
2022 6 149579.0
2022 7 17785.0
2022 8 5091.0
2022 9 12715.0
2022 10 14962.0
2022 11 6511.0
2022 12 26776.0
2023 1 1218.0
2023 2 2141.0
2023 3 1622.0
2023 4 1224.0
2023 5 81935.0
2023 6 3633.0
2023 7 49569.0
2023 8 18204.0
2023 9 20041.0
2023 10 1914.0
2023 11 12916.0
2023 12 2961.0
2024 1 3870.0
2024 2 1071.0
2024 3 87599.0
2024 4 38802.0
2024 5 19006.0
2024 6 5047.0
2024 7 15544.0
2024 8 7020.0
