1960 5 6937.0
1960 6 7448.0
1960 7 5988.0
1960 8 7225.0
1960 9 5968.0
1960 10 6702.0
1960 11 6606.0
1960 12 5025.0
1961 1 6980.0
1961 2 5588.0
1961 3 8980.0
1961 4 8597.0
1961 5 8676.0
1961 6 9296.0
1961 7 8389.0
1961 8 9195.0
1961 9 7351.0
1961 10 8416.0
1961 11 7415.0
1961 12 5257.0
1962 1 6119.0
1962 2 9287.0
1962 3 10374.0
1962 4 11598.0
1962 5 10718.0
1962 6 8829.0
1962 7 9325.0
1962 8 10876.0
1962 9 7569.0
1962 10 9267.0
1962 11 7101.0
1962 12 7608.0
1963 1 6874.0
1963 2 11301.0
1963 3 11933.0
1963 4 11579.0
1963 5 11313.0
1963 6 11187.0
1963 7 9575.0
1963 8 10430.0
1963 9 9196.0
1963 10 9085.0
1963 11 6929.0
1963 12 5350.0
1964 1 9467.0
1964 2 8533.0
1964 3 9290.0
1964 4 10514.0
1964 5 8667.0
1964 6 9783.0
1964 7 9018.0
1964 8 9878.0
1964 9 9239.0
1964 10 9306.0
1964 11 5786.0
1964 12 6907.0
1965 1 7547.0
1965 2 7100.0
1965 3 9983.0
1965 4 9507.0
1965 5 9253.0
1965 6 8819.0
1965 7 8427.0
1965 8 9930.0
1965 9 8273.0
1965 10 8809.0
1965 11 7196.0
1965 12 6542.0
1966 1 6434.0
1966 2 6674.0
1966 3 10476.0
1966 4 7242.0
1966 5 8860.0
1966 6 6749.0
1966 7 6621.0
1966 8 6390.0
1966 9 5454.0
1966 10 4934.0
1966 11 4685.0
1966 12 3881.0
1967 1 6834.0
1967 2 8056.0
1967 3 9971.0
1967 4 8432.0
1967 5 9701.0
1967 6 10390.0
1967 7 9138.0
1967 8 11078.0
1967 9 9193.0
1967 10 8766.0
1967 11 7883.0
1967 12 6386.0
1968 1 6227.0
1968 2 9727.0
1968 3 9933.0
1968 4 10702.0
1968 5 10135.0
1968 6 9244.0
1968 7 10267.0
1968 8 9321.0
1968 9 9719.0
1968 10 9516.0
1968 11 8005.0
1968 12 7158.0
1969 1 9866.0
1969 2 10079.0
1969 3 10131.0
1969 4 12055.0
1969 5 10368.0
1969 6 9895.0
1969 7 8324.0
1969 8 7736.0
1969 9 8195.0
1969 10 7568.0
1969 11 6312.0
1969 12 6276.0
1970 1 5276.0
1970 2 8461.0
1970 3 11211.0
1970 4 12938.0
1970 5 12251.0
1970 6 12888.0
1970 7 11883.0
1970 8 11607.0
1970 9 12284.0
1970 10 12979.0
1970 11 10052.0
1970 12 13886.0
1971 1 14145.0
1971 2 12581.0
1971 3 21527.0
1971 4 22660.0
1971 5 21346.0
1971 6 17294.0
1971 7 18375.0
1971 8 19870.0
1971 9 16729.0
1971 10 14138.0
1971 11 17701.0
1971 12 14880.0
1972 1 17928.0
1972 2 20844.0
1972 3 26889.0
1972 4 20826.0
1972 5 21333.0
1972 6 23771.0
1972 7 23026.0
1972 8 26024.0
1972 9 21338.0
1972 10 20680.0
1972 11 15425.0
1972 12 11942.0
1973 1 12003.0
1973 2 21350.0
1973 3 22671.0
1973 4 21171.0
1973 5 28078.0
1973 6 19556.0
1973 7 22314.0
1973 8 15914.0
1973 9 8114.0
1973 10 10253.0
1973 11 7824.0
1973 12 9227.0
1974 1 13546.0
1974 2 19884.0
1974 3 22130.0
1974 4 20322.0
1974 5 18986.0
1974 6 17210.0
1974 7 17520.0
1974 8 13684.0
1974 9 13545.0
1974 10 12114.0
1974 11 9967.0
1974 12 10139.0
1975 1 12954.0
1975 2 13515.0
1975 3 19520.0
1975 4 27468.0
1975 5 21218.0
1975 6 19634.0
1975 7 21089.0
1975 8 19501.0
1975 9 24990.0
1975 10 22546.0
1975 11 16192.0
1975 12 17098.0
1976 1 27572.0
1976 2 26322.0
1976 3 31208.0
1976 4 31884.0
1976 5 29456.0
1976 6 32674.0
1976 7 31345.0
1976 8 35107.0
1976 9 35698.0
1976 10 31537.0
1976 11 31783.0
1976 12 30631.0
1977 1 30288.0
1977 2 44025.0
1977 3 58759.0
1977 4 166513.0
1977 5 55554.0
1977 6 198324.0
1977 7 43432.0
1977 8 51905.0
1977 9 54556.0
1977 10 51798.0
1977 11 47199.0
1977 12 44630.0
1978 1 34753.0
1978 2 27680.0
1978 3 78104.0
1978 4 70640.0
1978 5 58943.0
1978 6 60867.0
1978 7 64430.0
1978 8 62498.0
1978 9 56015.0
1978 10 53526.0
1978 11 50958.0
1978 12 46951.0
1979 1 23150.0
1979 2 33837.0
1979 3 67613.0
1979 4 72242.0
1979 5 65957.0
1979 6 77396.0
1979 7 54771.0
1979 8 57634.0
1979 9 50718.0
1979 10 56653.0
1979 11 37550.0
1979 12 31543.0
1980 1 37313.0
1980 2 38865.0
1980 3 30922.0
1980 4 27042.0
1980 5 43965.0
1980 6 48766.0
1980 7 66853.0
1980 8 66125.0
1980 9 70220.0
1980 10 66441.0
1980 11 53061.0
1980 12 51490.0
1981 1 39585.0
1981 2 36768.0
1981 3 70468.0
1981 4 76044.0
1981 5 48438.0
1981 6 47392.0
1981 7 38700.0
1981 8 50607.0
1981 9 42461.0
1981 10 39039.0
1981 11 35412.0
1981 12 45745.0
1982 1 45551.0
1982 2 46490.0
1982 3 67735.0
1982 4 62433.0
1982 5 49681.0
1982 6 75944.0
1982 7 63895.0
1982 8 65304.0
1982 9 68608.0
1982 10 77507.0
1982 11 75027.0
1982 12 72547.0
1983 1 69890.0
1983 2 68850.0
1983 3 120659.0
1983 4 118568.0
1983 5 110238.0
1983 6 112710.0
1983 7 75818.0
1983 8 71534.0
1983 9 74610.0
1983 10 66598.0
1983 11 71205.0
1983 12 53906.0
1984 1 64066.0
1984 2 75497.0
1984 3 85029.0
1984 4 93730.0
1984 5 79934.0
1984 6 64405.0
1984 7 50641.0
1984 8 50955.0
1984 9 42003.0
1984 10 41475.0
1984 11 32523.0
1984 12 25273.0
1985 1 29698.0
1985 2 26727.0
1985 3 42326.0
1985 4 45604.0
1985 5 44039.0
1985 6 36876.0
1985 7 41153.0
1985 8 37972.0
1985 9 33956.0
1985 10 31257.0
1985 11 18079.0
1985 12 18551.0
1986 1 31678.0
1986 2 28443.0
1986 3 36197.0
1986 4 36544.0
1986 5 36118.0
1986 6 31795.0
1986 7 36076.0
1986 8 28234.0
1986 9 26438.0
1986 10 30281.0
1986 11 18569.0
1986 12 21187.0
1987 1 20345.0
1987 2 22832.0
1987 3 40203.0
1987 4 34409.0
1987 5 29490.0
1987 6 32073.0
1987 7 32399.0
1987 8 26325.0
1987 9 29005.0
1987 10 25398.0
1987 11 19839.0
1987 12 14832.0
1988 1 16012.0
1988 2 22762.0
1988 3 27153.0
1988 4 25710.0
1988 5 26014.0
1988 6 30805.0
1988 7 20780.0
1988 8 28029.0
1988 9 24015.0
1988 10 25904.0
1988 11 22188.0
1988 12 16889.0
1989 1 26176.0
1989 2 24109.0
1989 3 28360.0
1989 4 32805.0
1989 5 31323.0
1989 6 29925.0
1989 7 27245.0
1989 8 30803.0
1989 9 26217.0
1989 10 30446.0
1989 11 27538.0
1989 12 18358.0
1990 1 28828.0
1990 2 27207.0
1990 3 34152.0
1990 4 35958.0
1990 5 33782.0
1990 6 31346.0
1990 7 28516.0
1990 8 36501.0
1990 9 23617.0
1990 10 34868.0
1990 11 21997.0
1990 12 20136.0
1991 1 24772.0
1991 2 31294.0
1991 3 38617.0
1991 4 47507.0
1991 5 44158.0
1991 6 42199.0
1991 7 43882.0
1991 8 40584.0
1991 9 38661.0
1991 10 38999.0
1991 11 29630.0
1991 12 34323.0
1992 1 43294.0
1992 2 49060.0
1992 3 61194.0
1992 4 60392.0
1992 5 44168.0
1992 6 52371.0
1992 7 53502.0
1992 8 48810.0
1992 9 52697.0
1992 10 52882.0
1992 11 40201.0
1992 12 44340.0
1993 1 37714.0
1993 2 43844.0
1993 3 78348.0
1993 4 63019.0
1993 5 61247.0
1993 6 70065.0
1993 7 66779.0
1993 8 73149.0
1993 9 67708.0
1993 10 66421.0
1993 11 58493.0
1993 12 57376.0
1994 1 71643.0
1994 2 73240.0
1994 3 90211.0
1994 4 80585.0
1994 5 82989.0
1994 6 79708.0
1994 7 67254.0
1994 8 54007.0
1994 9 64100.0
1994 10 56823.0
1994 11 49873.0
1994 12 50478.0
1995 1 44642.0
1995 2 57164.0
1995 3 67290.0
1995 4 47680.0
1995 5 58773.0
1995 6 85196.0
1995 7 65302.0
1995 8 73215.0
1995 9 60489.0
1995 10 76685.0
1995 11 64990.0
1995 12 58107.0
1996 1 63009.0
1996 2 74510.0
1996 3 91303.0
1996 4 88390.0
1996 5 78159.0
1996 6 69124.0
1996 7 73451.0
1996 8 81049.0
1996 9 59547.0
1996 10 68899.0
1996 11 53387.0
1996 12 58177.0
1997 1 58089.0
1997 2 69224.0
1997 3 84029.0
1997 4 77959.0
1997 5 75193.0
1997 6 75224.0
1997 7 69732.0
1997 8 61432.0
1997 9 60870.0
1997 10 76276.0
1997 11 57195.0
1997 12 59658.0
1998 1 61298.0
1998 2 85491.0
1998 3 89742.0
1998 4 110220.0
1998 5 84621.0
1998 6 101978.0
1998 7 99190.0
1998 8 86986.0
1998 9 79547.0
1998 10 87897.0
1998 11 70710.0
1998 12 87051.0
1999 1 81905.0
1999 2 88169.0
1999 3 128983.0
1999 4 120481.0
1999 5 100826.0
1999 6 130963.0
1999 7 113089.0
1999 8 114929.0
1999 9 95586.0
1999 10 81613.0
1999 11 78104.0
1999 12 86662.0
2000 1 76715.0
2000 2 102592.0
2000 3 103314.0
2000 4 100124.0
2000 5 101771.0
2000 6 91087.0
2000 7 84311.0
2000 8 91820.0
2000 9 86150.0
2000 10 82543.0
2000 11 66880.0
2000 12 51533.0
2001 1 70389.0
2001 2 85392.0
2001 3 114401.0
2001 4 122035.0
2001 5 119491.0
2001 6 121544.0
2001 7 110571.0
2001 8 113587.0
2001 9 85375.0
2001 10 101228.0
2001 11 94628.0
2001 12 75588.0
2002 1 107308.0
2002 2 113904.0
2002 3 114431.0
2002 4 139416.0
2002 5 130088.0
2002 6 106748.0
2002 7 122172.0
2002 8 110744.0
2002 9 130302.0
2002 10 120109.0
2002 11 125519.0
2002 12 99715.0
2003 1 126701.0
2003 2 126472.0
2003 3 137942.0
2003 4 148331.0
2003 5 144436.0
2003 6 145263.0
2003 7 162658.0
2003 8 148021.0
2003 9 143373.0
2003 10 149036.0
2003 11 112916.0
2003 12 131396.0
2004 1 120124.0
2004 2 137308.0
2004 3 179957.0
2004 4 176620.0
2004 5 167816.0
2004 6 165890.0
2004 7 164102.0
2004 8 167567.0
2004 9 175454.0
2004 10 148795.0
2004 11 125170.0
2004 12 159515.0
2005 1 141974.0
2005 2 157767.0
2005 3 214658.0
2005 4 205596.0
2005 5 202786.0
2005 6 203389.0
2005 7 197426.0
2005 8 222308.0
2005 9 209254.0
2005 10 193648.0
2005 11 180369.0
2005 12 169168.0
2006 1 186349.0
2006 2 193153.0
2006 3 217259.0
2006 4 213092.0
2006 5 221154.0
2006 6 200173.0
2006 7 180371.0
2006 8 188228.0
2006 9 163078.0
2006 10 148832.0
2006 11 135668.0
2006 12 130040.0
2007 1 148053.0
2007 2 147734.0
2007 3 195097.0
2007 4 182304.0
2007 5 190586.0
2007 6 149539.0
2007 7 173892.0
2007 8 184947.0
2007 9 171993.0
2007 10 169003.0
2007 11 124317.0
2007 12 103379.0
2008 1 123297.0
2008 2 132113.0
2008 3 128918.0
2008 4 142050.0
2008 5 126743.0
2008 6 135688.0
2008 7 132084.0
2008 8 115732.0
2008 9 102426.0
2008 10 92941.0
2008 11 61794.0
2008 12 68026.0
2009 1 67318.0
2009 2 84279.0
2009 3 87368.0
2009 4 96295.0
2009 5 99671.0
2009 6 125314.0
2009 7 113010.0
2009 8 94575.0
2009 9 93801.0
2009 10 111666.0
2009 11 84941.0
2009 12 103259.0
2010 1 75984.0
2010 2 90013.0
2010 3 141098.0
2010 4 119379.0
2010 5 85354.0
2010 6 109444.0
2010 7 93433.0
2010 8 94220.0
2010 9 90274.0
2010 10 75980.0
2010 11 77476.0
2010 12 72852.0
2011 1 81141.0
2011 2 82204.0
2011 3 102489.0
2011 4 116869.0
2011 5 87319.0
2011 6 103794.0
2011 7 94942.0
2011 8 93211.0
2011 9 92846.0
2011 10 82298.0
2011 11 92791.0
2011 12 78700.0
2012 1 105361.0
2012 2 101962.0
2012 3 109246.0
2012 4 133109.0
2012 5 121591.0
2012 6 119019.0
2012 7 121037.0
2012 8 168673.0
2012 9 135552.0
2012 10 159720.0
2012 11 108526.0
2012 12 114252.0
2013 1 173033.0
2013 2 135745.0
2013 3 189820.0
2013 4 212958.0
2013 5 174531.0
2013 6 167019.0
2013 7 205075.0
2013 8 186103.0
2013 9 180048.0
2013 10 187527.0
2013 11 152305.0
2013 12 137223.0
2014 1 157597.0
2014 2 147232.0
2014 3 189939.0
2014 4 195353.0
2014 5 163959.0
2014 6 184434.0
2014 7 187507.0
2014 8 179613.0
2014 9 187299.0
2014 10 194708.0
2014 11 136938.0
2014 12 182301.0
2015 1 170794.0
2015 2 153177.0
2015 3 199388.0
2015 4 187143.0
2015 5 149266.0
2015 6 182036.0
2015 7 200853.0
2015 8 195555.0
2015 9 188077.0
2015 10 195620.0
2015 11 144028.0
2015 12 144479.0
2016 1 154384.0
2016 2 159334.0
2016 3 200361.0
2016 4 172138.0
2016 5 165906.0
2016 6 195039.0
2016 7 145465.0
2016 8 174962.0
2016 9 162991.0
2016 10 174812.0
2016 11 125901.0
2016 12 150328.0
2017 1 148538.0
2017 2 176756.0
2017 3 201173.0
2017 4 180232.0
2017 5 194679.0
2017 6 191664.0
2017 7 171005.0
2017 8 171513.0
2017 9 155697.0
2017 10 168181.0
2017 11 141554.0
2017 12 139907.0
2018 1 170221.0
2018 2 152151.0
2018 3 183932.0
2018 4 204388.0
2018 5 198893.0
2018 6 166488.0
2018 7 169670.0
2018 8 182560.0
2018 9 131746.0
2018 10 165237.0
2018 11 166204.0
2018 12 135385.0
2019 1 157460.0
2019 2 178286.0
2019 3 186004.0
2019 4 188742.0
2019 5 181105.0
2019 6 158176.0
2019 7 208403.0
2019 8 192200.0
2019 9 193298.0
2019 10 214865.0
2019 11 163079.0
2019 12 159833.0
2020 1 177062.0
2020 2 186316.0
2020 3 226396.0
2020 4 214134.0
2020 5 152767.0
2020 6 243546.0
2020 7 244653.0
2020 8 255447.0
2020 9 254802.0
2020 10 257928.0
2020 11 224496.0
2020 12 248532.0
2021 1 250135.0
2021 2 226159.0
2021 3 312714.0
2021 4 308197.0
2021 5 273567.0
2021 6 292249.0
2021 7 273244.0
2021 8 309277.0
2021 9 244386.0
2021 10 257154.0
2021 11 251393.0
2021 12 267636.0
2022 1 298023.0
2022 2 263971.0
2022 3 348732.0
2022 4 312998.0
2022 5 294860.0
2022 6 269559.0
2022 7 203768.0
2022 8 240674.0
2022 9 203465.0
2022 10 184940.0
2022 11 174770.0
2022 12 171090.0
2023 1 153138.0
2023 2 191370.0
2023 3 225862.0
2023 4 267305.0
2023 5 268886.0
2023 6 241911.0
2023 7 204248.0
2023 8 288978.0
2023 9 220175.0
2023 10 228325.0
2023 11 229444.0
2023 12 201288.0
2024 1 216956.0
2024 2 255774.0
2024 3 260295.0
2024 4 317527.0
2024 5 277925.0
2024 6 250575.0
2024 7 252704.0
2024 8 264935.0
