1960 5 7344.0
1960 6 7630.0
1960 7 6382.0
1960 8 8481.0
1960 9 6072.0
1960 10 7480.0
1960 11 6884.0
1960 12 5786.0
1961 1 7282.0
1961 2 6270.0
1961 3 9352.0
1961 4 9279.0
1961 5 8806.0
1961 6 9781.0
1961 7 10504.0
1961 8 9544.0
1961 9 7980.0
1961 10 8748.0
1961 11 8070.0
1961 12 5618.0
1962 1 7713.0
1962 2 10516.0
1962 3 11316.0
1962 4 13391.0
1962 5 10942.0
1962 6 10075.0
1962 7 9862.0
1962 8 12174.0
1962 9 9198.0
1962 10 10601.0
1962 11 8296.0
1962 12 8685.0
1963 1 8358.0
1963 2 13326.0
1963 3 15039.0
1963 4 13973.0
1963 5 12264.0
1963 6 12826.0
1963 7 11396.0
1963 8 12407.0
1963 9 13357.0
1963 10 12141.0
1963 11 8142.0
1963 12 9291.0
1964 1 13392.0
1964 2 11901.0
1964 3 11476.0
1964 4 11133.0
1964 5 10171.0
1964 6 12042.0
1964 7 9465.0
1964 8 10627.0
1964 9 10534.0
1964 10 17872.0
1964 11 9016.0
1964 12 7135.0
1965 1 9978.0
1965 2 8582.0
1965 3 12487.0
1965 4 12327.0
1965 5 11352.0
1965 6 14016.0
1965 7 12489.0
1965 8 10560.0
1965 9 11151.0
1965 10 9857.0
1965 11 10602.0
1965 12 7810.0
1966 1 8286.0
1966 2 7630.0
1966 3 13025.0
1966 4 9837.0
1966 5 12784.0
1966 6 7285.0
1966 7 6653.0
1966 8 7003.0
1966 9 5838.0
1966 10 5697.0
1966 11 4882.0
1966 12 5303.0
1967 1 8061.0
1967 2 8579.0
1967 3 13042.0
1967 4 11049.0
1967 5 11435.0
1967 6 11583.0
1967 7 11748.0
1967 8 12338.0
1967 9 13552.0
1967 10 10794.0
1967 11 14647.0
1967 12 11022.0
1968 1 8260.0
1968 2 17756.0
1968 3 11914.0
1968 4 15454.0
1968 5 11630.0
1968 6 18145.0
1968 7 17974.0
1968 8 20561.0
1968 9 11783.0
1968 10 18442.0
1968 11 11845.0
1968 12 14486.0
1969 1 17306.0
1969 2 15997.0
1969 3 15506.0
1969 4 17963.0
1969 5 21678.0
1969 6 20469.0
1969 7 12651.0
1969 8 11665.0
1969 9 13680.0
1969 10 15117.0
1969 11 12898.0
1969 12 7470.0
1970 1 17955.0
1970 2 14993.0
1970 3 21345.0
1970 4 23424.0
1970 5 21293.0
1970 6 19658.0
1970 7 16469.0
1970 8 17097.0
1970 9 16940.0
1970 10 21747.0
1970 11 18700.0
1970 12 20320.0
1971 1 21778.0
1971 2 22730.0
1971 3 38738.0
1971 4 45243.0
1971 5 38324.0
1971 6 26485.0
1971 7 37824.0
1971 8 34101.0
1971 9 29422.0
1971 10 21346.0
1971 11 33438.0
1971 12 36019.0
1972 1 33906.0
1972 2 34104.0
1972 3 41427.0
1972 4 39227.0
1972 5 36437.0
1972 6 35359.0
1972 7 25098.0
1972 8 36027.0
1972 9 32260.0
1972 10 31185.0
1972 11 25376.0
1972 12 33972.0
1973 1 21373.0
1973 2 33935.0
1973 3 33574.0
1973 4 22130.0
1973 5 31973.0
1973 6 30516.0
1973 7 26255.0
1973 8 22073.0
1973 9 9223.0
1973 10 13634.0
1973 11 11680.0
1973 12 16749.0
1974 1 15670.0
1974 2 24874.0
1974 3 30540.0
1974 4 23212.0
1974 5 31891.0
1974 6 21223.0
1974 7 18519.0
1974 8 13960.0
1974 9 14841.0
1974 10 13166.0
1974 11 10214.0
1974 12 15030.0
1975 1 14388.0
1975 2 15398.0
1975 3 19761.0
1975 4 28933.0
1975 5 23401.0
1975 6 20331.0
1975 7 22644.0
1975 8 20100.0
1975 9 28468.0
1975 10 23599.0
1975 11 17191.0
1975 12 19887.0
1976 1 30212.0
1976 2 29484.0
1976 3 35370.0
1976 4 33889.0
1976 5 30229.0
1976 6 37326.0
1976 7 33512.0
1976 8 37805.0
1976 9 41453.0
1976 10 33241.0
1976 11 34822.0
1976 12 33564.0
1977 1 31228.0
1977 2 51221.0
1977 3 63006.0
1977 4 205176.0
1977 5 58140.0
1977 6 225849.0
1977 7 47161.0
1977 8 56080.0
1977 9 59841.0
1977 10 53882.0
1977 11 60000.0
1977 12 53659.0
1978 1 43361.0
1978 2 37536.0
1978 3 87789.0
1978 4 79998.0
1978 5 64380.0
1978 6 64428.0
1978 7 70085.0
1978 8 67567.0
1978 9 63362.0
1978 10 62703.0
1978 11 55572.0
1978 12 54700.0
1979 1 25970.0
1979 2 40980.0
1979 3 72052.0
1979 4 77972.0
1979 5 78611.0
1979 6 83116.0
1979 7 68805.0
1979 8 69841.0
1979 9 61585.0
1979 10 75111.0
1979 11 41286.0
1979 12 39767.0
1980 1 49339.0
1980 2 41276.0
1980 3 40587.0
1980 4 35763.0
1980 5 48468.0
1980 6 53642.0
1980 7 80760.0
1980 8 80803.0
1980 9 93705.0
1980 10 73860.0
1980 11 67778.0
1980 12 74408.0
1981 1 46255.0
1981 2 40092.0
1981 3 83875.0
1981 4 83403.0
1981 5 60588.0
1981 6 54344.0
1981 7 55731.0
1981 8 69619.0
1981 9 64540.0
1981 10 49154.0
1981 11 57561.0
1981 12 61669.0
1982 1 65741.0
1982 2 67912.0
1982 3 82889.0
1982 4 85151.0
1982 5 67894.0
1982 6 85278.0
1982 7 93800.0
1982 8 168273.0
1982 9 98101.0
1982 10 137955.0
1982 11 137992.0
1982 12 138029.0
1983 1 98694.0
1983 2 88536.0
1983 3 206969.0
1983 4 183190.0
1983 5 158968.0
1983 6 142568.0
1983 7 174261.0
1983 8 125340.0
1983 9 139496.0
1983 10 102726.0
1983 11 107150.0
1983 12 71095.0
1984 1 99321.0
1984 2 99303.0
1984 3 107042.0
1984 4 117509.0
1984 5 87377.0
1984 6 106684.0
1984 7 77413.0
1984 8 79202.0
1984 9 60244.0
1984 10 58285.0
1984 11 38629.0
1984 12 35023.0
1985 1 43250.0
1985 2 28963.0
1985 3 60404.0
1985 4 48357.0
1985 5 47512.0
1985 6 45392.0
1985 7 54339.0
1985 8 47560.0
1985 9 35774.0
1985 10 34607.0
1985 11 24292.0
1985 12 21764.0
1986 1 43067.0
1986 2 37226.0
1986 3 48821.0
1986 4 39992.0
1986 5 43858.0
1986 6 38442.0
1986 7 41149.0
1986 8 41013.0
1986 9 30192.0
1986 10 35120.0
1986 11 18998.0
1986 12 22087.0
1987 1 21486.0
1987 2 24497.0
1987 3 51563.0
1987 4 34839.0
1987 5 30087.0
1987 6 33641.0
1987 7 32915.0
1987 8 29264.0
1987 9 29251.0
1987 10 28526.0
1987 11 20330.0
1987 12 16224.0
1988 1 16385.0
1988 2 23559.0
1988 3 27606.0
1988 4 26498.0
1988 5 26174.0
1988 6 33884.0
1988 7 21056.0
1988 8 28332.0
1988 9 26029.0
1988 10 26322.0
1988 11 22431.0
1988 12 17165.0
1989 1 32615.0
1989 2 25351.0
1989 3 28603.0
1989 4 33999.0
1989 5 39779.0
1989 6 31210.0
1989 7 27420.0
1989 8 32002.0
1989 9 26743.0
1989 10 33387.0
1989 11 29021.0
1989 12 18927.0
1990 1 28913.0
1990 2 27641.0
1990 3 35168.0
1990 4 36223.0
1990 5 34142.0
1990 6 40649.0
1990 7 28516.0
1990 8 36816.0
1990 9 23860.0
1990 10 39267.0
1990 11 22147.0
1990 12 20136.0
1991 1 24952.0
1991 2 31433.0
1991 3 38742.0
1991 4 48211.0
1991 5 46158.0
1991 6 42199.0
1991 7 43882.0
1991 8 40584.0
1991 9 38729.0
1991 10 41947.0
1991 11 29792.0
1991 12 34957.0
1992 1 43510.0
1992 2 49060.0
1992 3 61269.0
1992 4 60392.0
1992 5 44560.0
1992 6 52776.0
1992 7 53552.0
1992 8 49084.0
1992 9 52697.0
1992 10 53148.0
1992 11 40326.0
1992 12 45090.0
1993 1 37943.0
1993 2 44058.0
1993 3 78674.0
1993 4 63536.0
1993 5 61651.0
1993 6 70808.0
1993 7 67082.0
1993 8 73855.0
1993 9 69220.0
1993 10 67269.0
1993 11 58826.0
1993 12 57476.0
1994 1 72978.0
1994 2 76400.0
1994 3 94456.0
1994 4 83022.0
1994 5 99359.0
1994 6 86141.0
1994 7 68774.0
1994 8 54675.0
1994 9 68542.0
1994 10 60063.0
1994 11 64480.0
1994 12 59473.0
1995 1 59144.0
1995 2 57429.0
1995 3 71178.0
1995 4 49275.0
1995 5 65784.0
1995 6 98193.0
1995 7 66254.0
1995 8 82654.0
1995 9 65189.0
1995 10 78474.0
1995 11 77867.0
1995 12 74623.0
1996 1 66440.0
1996 2 77928.0
1996 3 104381.0
1996 4 98498.0
1996 5 79026.0
1996 6 71272.0
1996 7 89695.0
1996 8 82764.0
1996 9 71368.0
1996 10 70820.0
1996 11 56548.0
1996 12 59489.0
1997 1 59175.0
1997 2 69837.0
1997 3 101799.0
1997 4 91230.0
1997 5 78646.0
1997 6 116612.0
1997 7 72392.0
1997 8 68608.0
1997 9 67301.0
1997 10 87318.0
1997 11 59042.0
1997 12 62558.0
1998 1 70964.0
1998 2 113413.0
1998 3 114356.0
1998 4 127939.0
1998 5 94287.0
1998 6 117878.0
1998 7 108631.0
1998 8 116316.0
1998 9 100185.0
1998 10 133935.0
1998 11 72350.0
1998 12 90770.0
1999 1 89376.0
1999 2 90722.0
1999 3 173287.0
1999 4 123943.0
1999 5 113578.0
1999 6 134374.0
1999 7 121301.0
1999 8 139670.0
1999 9 101834.0
1999 10 99466.0
1999 11 78950.0
1999 12 88520.0
2000 1 77902.0
2000 2 125312.0
2000 3 109907.0
2000 4 127171.0
2000 5 103429.0
2000 6 97833.0
2000 7 106031.0
2000 8 103841.0
2000 9 90893.0
2000 10 82860.0
2000 11 71898.0
2000 12 52345.0
2001 1 74038.0
2001 2 91579.0
2001 3 140353.0
2001 4 123078.0
2001 5 122645.0
2001 6 123033.0
2001 7 113839.0
2001 8 129939.0
2001 9 94415.0
2001 10 186384.0
2001 11 118723.0
2001 12 79465.0
2002 1 114287.0
2002 2 119445.0
2002 3 145207.0
2002 4 149727.0
2002 5 133757.0
2002 6 109581.0
2002 7 124561.0
2002 8 139012.0
2002 9 147137.0
2002 10 121567.0
2002 11 133807.0
2002 12 104941.0
2003 1 137904.0
2003 2 131990.0
2003 3 179659.0
2003 4 153412.0
2003 5 152900.0
2003 6 148938.0
2003 7 173160.0
2003 8 173991.0
2003 9 150623.0
2003 10 163528.0
2003 11 121691.0
2003 12 136683.0
2004 1 129248.0
2004 2 146208.0
2004 3 210408.0
2004 4 190975.0
2004 5 174420.0
2004 6 168583.0
2004 7 166940.0
2004 8 169794.0
2004 9 186074.0
2004 10 154610.0
2004 11 144328.0
2004 12 175788.0
2005 1 175489.0
2005 2 169097.0
2005 3 219530.0
2005 4 220322.0
2005 5 206062.0
2005 6 225253.0
2005 7 202794.0
2005 8 238762.0
2005 9 217047.0
2005 10 196768.0
2005 11 230756.0
2005 12 175801.0
2006 1 194955.0
2006 2 200182.0
2006 3 241852.0
2006 4 217914.0
2006 5 236304.0
2006 6 207444.0
2006 7 184127.0
2006 8 194548.0
2006 9 166129.0
2006 10 151387.0
2006 11 144938.0
2006 12 135334.0
2007 1 150774.0
2007 2 162727.0
2007 3 211347.0
2007 4 208041.0
2007 5 199181.0
2007 6 161524.0
2007 7 177344.0
2007 8 187775.0
2007 9 197488.0
2007 10 178384.0
2007 11 141134.0
2007 12 105874.0
2008 1 131616.0
2008 2 140003.0
2008 3 167786.0
2008 4 145275.0
2008 5 133058.0
2008 6 141989.0
2008 7 134799.0
2008 8 139824.0
2008 9 105509.0
2008 10 95285.0
2008 11 66470.0
2008 12 72944.0
2009 1 71352.0
2009 2 85349.0
2009 3 91693.0
2009 4 97388.0
2009 5 125502.0
2009 6 145546.0
2009 7 114625.0
2009 8 112384.0
2009 9 95154.0
2009 10 116545.0
2009 11 89450.0
2009 12 109965.0
2010 1 79817.0
2010 2 99808.0
2010 3 144200.0
2010 4 124514.0
2010 5 97258.0
2010 6 112566.0
2010 7 101720.0
2010 8 100630.0
2010 9 92838.0
2010 10 78224.0
2010 11 78519.0
2010 12 93247.0
2011 1 82894.0
2011 2 83420.0
2011 3 107919.0
2011 4 135239.0
2011 5 118993.0
2011 6 129578.0
2011 7 97705.0
2011 8 95121.0
2011 9 98155.0
2011 10 92932.0
2011 11 107074.0
2011 12 86808.0
2012 1 112087.0
2012 2 106607.0
2012 3 114228.0
2012 4 136980.0
2012 5 154567.0
2012 6 124516.0
2012 7 126133.0
2012 8 171724.0
2012 9 186155.0
2012 10 168307.0
2012 11 125284.0
2012 12 116745.0
2013 1 200973.0
2013 2 159094.0
2013 3 196747.0
2013 4 214408.0
2013 5 191298.0
2013 6 168497.0
2013 7 217408.0
2013 8 206835.0
2013 9 190923.0
2013 10 193043.0
2013 11 164143.0
2013 12 145315.0
2014 1 174887.0
2014 2 151889.0
2014 3 221052.0
2014 4 212063.0
2014 5 200994.0
2014 6 217171.0
2014 7 194214.0
2014 8 185151.0
2014 9 221666.0
2014 10 230919.0
2014 11 151580.0
2014 12 241208.0
2015 1 184512.0
2015 2 164456.0
2015 3 202048.0
2015 4 190280.0
2015 5 152929.0
2015 6 185497.0
2015 7 215577.0
2015 8 234303.0
2015 9 203906.0
2015 10 213642.0
2015 11 155108.0
2015 12 176365.0
2016 1 172458.0
2016 2 186848.0
2016 3 204311.0
2016 4 203496.0
2016 5 193166.0
2016 6 210796.0
2016 7 161866.0
2016 8 224423.0
2016 9 166250.0
2016 10 186856.0
2016 11 130456.0
2016 12 153995.0
2017 1 169157.0
2017 2 187974.0
2017 3 202773.0
2017 4 189203.0
2017 5 234818.0
2017 6 203011.0
2017 7 174975.0
2017 8 177733.0
2017 9 161457.0
2017 10 192635.0
2017 11 151357.0
2017 12 154488.0
2018 1 184527.0
2018 2 156524.0
2018 3 191222.0
2018 4 206189.0
2018 5 216079.0
2018 6 169349.0
2018 7 172930.0
2018 8 184324.0
2018 9 140625.0
2018 10 211919.0
2018 11 168416.0
2018 12 136975.0
2019 1 161069.0
2019 2 225515.0
2019 3 236014.0
2019 4 192677.0
2019 5 184608.0
2019 6 164026.0
2019 7 218994.0
2019 8 242457.0
2019 9 203423.0
2019 10 224796.0
2019 11 178891.0
2019 12 169232.0
2020 1 180416.0
2020 2 192992.0
2020 3 268895.0
2020 4 217453.0
2020 5 158103.0
2020 6 249047.0
2020 7 255253.0
2020 8 261840.0
2020 9 275897.0
2020 10 263929.0
2020 11 235322.0
2020 12 257944.0
2021 1 261823.0
2021 2 238091.0
2021 3 323311.0
2021 4 317336.0
2021 5 279992.0
2021 6 301386.0
2021 7 280858.0
2021 8 315814.0
2021 9 259064.0
2021 10 261770.0
2021 11 255668.0
2021 12 282874.0
2022 1 314041.0
2022 2 272614.0
2022 3 366864.0
2022 4 323866.0
2022 5 332999.0
2022 6 427458.0
2022 7 228778.0
2022 8 256949.0
2022 9 223704.0
2022 10 202687.0
2022 11 184550.0
2022 12 205045.0
2023 1 159258.0
2023 2 204902.0
2023 3 241654.0
2023 4 277288.0
2023 5 362898.0
2023 6 251139.0
2023 7 269706.0
2023 8 324899.0
2023 9 253466.0
2023 10 251148.0
2023 11 246498.0
2023 12 210489.0
2024 1 228129.0
2024 2 262631.0
2024 3 355108.0
2024 4 369485.0
2024 5 311007.0
2024 6 265464.0
2024 7 280630.0
2024 8 281528.0
