1960 5 4162.0
1960 6 951.0
1960 7 714.0
1960 8 835.0
1960 9 1722.0
1960 10 405.0
1960 11 230.0
1960 12 301.0
1961 1 910.0
1961 2 286.0
1961 3 573.0
1961 4 473.0
1961 5 772.0
1961 6 629.0
1961 7 1696.0
1961 8 889.0
1961 9 546.0
1961 10 328.0
1961 11 425.0
1961 12 135.0
1962 1 547.0
1962 2 175.0
1962 3 1593.0
1962 4 2589.0
1962 5 379.0
1962 6 987.0
1962 7 1179.0
1962 8 1726.0
1962 9 1064.0
1962 10 1238.0
1962 11 722.0
1962 12 376.0
1963 1 522.0
1963 2 1454.0
1963 3 807.0
1963 4 1687.0
1963 5 6551.0
1963 6 1668.0
1963 7 1499.0
1963 8 1507.0
1963 9 2279.0
1963 10 3639.0
1963 11 1751.0
1963 12 1135.0
1964 1 1160.0
1964 2 5586.0
1964 3 2377.0
1964 4 1808.0
1964 5 11059.0
1964 6 1685.0
1964 7 1942.0
1964 8 1735.0
1964 9 1659.0
1964 10 3092.0
1964 11 1433.0
1964 12 1034.0
1965 1 862.0
1965 2 896.0
1965 3 3901.0
1965 4 2601.0
1965 5 1472.0
1965 6 2982.0
1965 7 5488.0
1965 8 1104.0
1965 9 3199.0
1965 10 913.0
1965 11 3269.0
1965 12 1759.0
1966 1 2869.0
1966 2 1317.0
1966 3 4396.0
1966 4 5311.0
1966 5 1972.0
1966 6 1737.0
1966 7 1379.0
1966 8 1028.0
1966 9 1330.0
1966 10 4018.0
1966 11 1013.0
1966 12 854.0
1967 1 822.0
1967 2 1821.0
1967 3 1396.0
1967 4 3284.0
1967 5 3188.0
1967 6 3472.0
1967 7 2799.0
1967 8 3181.0
1967 9 2187.0
1967 10 2081.0
1967 11 1404.0
1967 12 4443.0
1968 1 2626.0
1968 2 3598.0
1968 3 3267.0
1968 4 2811.0
1968 5 3461.0
1968 6 2485.0
1968 7 5897.0
1968 8 3442.0
1968 9 2785.0
1968 10 4832.0
1968 11 1631.0
1968 12 2663.0
1969 1 2591.0
1969 2 3936.0
1969 3 6356.0
1969 4 4171.0
1969 5 8235.0
1969 6 6867.0
1969 7 3118.0
1969 8 3867.0
1969 9 2822.0
1969 10 976.0
1969 11 5493.0
1969 12 2616.0
1970 1 2165.0
1970 2 1068.0
1970 3 2502.0
1970 4 2702.0
1970 5 2644.0
1970 6 4973.0
1970 7 4965.0
1970 8 3197.0
1970 9 2961.0
1970 10 4006.0
1970 11 6612.0
1970 12 3884.0
1971 1 3274.0
1971 2 4855.0
1971 3 7640.0
1971 4 9402.0
1971 5 12813.0
1971 6 8360.0
1971 7 6258.0
1971 8 12113.0
1971 9 8522.0
1971 10 9889.0
1971 11 4497.0
1971 12 4271.0
1972 1 5778.0
1972 2 10066.0
1972 3 9825.0
1972 4 5091.0
1972 5 8361.0
1972 6 17855.0
1972 7 15046.0
1972 8 13204.0
1972 9 4709.0
1972 10 8477.0
1972 11 9467.0
1972 12 3745.0
1973 1 4480.0
1973 2 6564.0
1973 3 12415.0
1973 4 4710.0
1973 5 8013.0
1973 6 2583.0
1973 7 2401.0
1973 8 5945.0
1973 9 9327.0
1973 10 3337.0
1973 11 3336.0
1973 12 2160.0
1974 1 1126.0
1974 2 1705.0
1974 3 2205.0
1974 4 6338.0
1974 5 8395.0
1974 6 6016.0
1974 7 780.0
1974 8 2106.0
1974 9 1795.0
1974 10 353.0
1974 11 579.0
1974 12 2070.0
1975 1 851.0
1975 2 1287.0
1975 3 2105.0
1975 4 2242.0
1975 5 3601.0
1975 6 2537.0
1975 7 6281.0
1975 8 3000.0
1975 9 1879.0
1975 10 1865.0
1975 11 1108.0
1975 12 2485.0
1976 1 848.0
1976 2 4512.0
1976 3 2654.0
1976 4 7579.0
1976 5 4437.0
1976 6 4728.0
1976 7 7497.0
1976 8 5305.0
1976 9 13341.0
1976 10 5831.0
1976 11 5761.0
1976 12 5532.0
1977 1 2600.0
1977 2 9153.0
1977 3 9602.0
1977 4 11458.0
1977 5 4887.0
1977 6 3107.0
1977 7 8294.0
1977 8 9902.0
1977 9 9024.0
1977 10 12359.0
1977 11 3353.0
1977 12 10213.0
1978 1 8316.0
1978 2 8488.0
1978 3 13966.0
1978 4 17031.0
1978 5 12279.0
1978 6 15097.0
1978 7 3939.0
1978 8 10216.0
1978 9 10413.0
1978 10 8037.0
1978 11 8769.0
1978 12 14595.0
1979 1 1728.0
1979 2 6918.0
1979 3 10558.0
1979 4 9698.0
1979 5 13625.0
1979 6 11716.0
1979 7 12191.0
1979 8 20501.0
1979 9 9437.0
1979 10 7195.0
1979 11 8098.0
1979 12 7193.0
1980 1 6640.0
1980 2 5821.0
1980 3 6242.0
1980 4 8249.0
1980 5 1717.0
1980 6 4987.0
1980 7 4772.0
1980 8 5932.0
1980 9 2502.0
1980 10 12048.0
1980 11 13546.0
1980 12 6350.0
1981 1 2334.0
1981 2 2519.0
1981 3 3740.0
1981 4 10102.0
1981 5 4584.0
1981 6 3539.0
1981 7 21775.0
1981 8 7208.0
1981 9 12749.0
1981 10 3580.0
1981 11 656.0
1981 12 5467.0
1982 1 941.0
1982 2 2105.0
1982 3 3566.0
1982 4 4917.0
1982 5 1132.0
1982 6 6005.0
1982 7 8954.0
1982 8 1560.0
1982 9 5759.0
1982 10 1402.0
1982 11 3770.0
1982 12 6138.0
1983 1 2021.0
1983 2 127.0
1983 3 4075.0
1983 4 2829.0
1983 5 3143.0
1983 6 3441.0
1983 7 3351.0
1983 8 2785.0
1983 9 3149.0
1983 10 91.0
1983 11 2951.0
1983 12 87.0
1984 1 1336.0
1984 2 2736.0
1984 3 1569.0
1984 4 1596.0
1984 5 2860.0
1984 6 1759.0
1984 7 7121.0
1984 8 1076.0
1984 9 4709.0
1984 10 6775.0
1984 11 1833.0
1984 12 5062.0
1985 1 14848.0
1985 2 4520.0
1985 3 395.0
1985 4 9506.0
1985 5 5436.0
1985 6 12354.0
1985 7 12121.0
1985 8 7716.0
1985 9 19133.0
1985 10 2824.0
1985 11 7344.0
1985 12 2137.0
1986 1 635.0
1986 2 7940.0
1986 3 16116.0
1986 4 4179.0
1986 5 9327.0
1986 6 7865.0
1986 7 2527.0
1986 8 7070.0
1986 9 6461.0
1986 10 7372.0
1986 11 1324.0
1986 12 6090.0
1987 1 2326.0
1987 2 5427.0
1987 3 9224.0
1987 4 8350.0
1987 5 904.0
1987 6 14585.0
1987 7 4819.0
1987 8 15152.0
1987 9 5485.0
1987 10 10220.0
1987 11 13869.0
1987 12 14634.0
1988 1 2390.0
1988 2 4175.0
1988 3 7377.0
1988 4 6208.0
1988 5 5333.0
1988 6 20062.0
1988 7 5592.0
1988 8 17797.0
1988 9 28606.0
1988 10 5838.0
1988 11 6558.0
1988 12 21505.0
1989 1 20551.0
1989 2 16504.0
1989 3 11213.0
1989 4 1606.0
1989 5 45919.0
1989 6 76926.0
1989 7 11694.0
1989 8 15809.0
1989 9 43187.0
1989 10 27076.0
1989 11 30289.0
1989 12 22423.0
1990 1 26794.0
1990 2 5199.0
1990 3 23679.0
1990 4 20514.0
1990 5 8216.0
1990 6 54558.0
1990 7 30682.0
1990 8 38245.0
1990 9 18149.0
1990 10 11585.0
1990 11 10938.0
1990 12 13818.0
1991 1 2639.0
1991 2 14847.0
1991 3 6836.0
1991 4 13327.0
1991 5 11029.0
1991 6 11341.0
1991 7 4002.0
1991 8 12281.0
1991 9 5254.0
1991 10 28683.0
1991 11 1617.0
1991 12 26829.0
1992 1 9127.0
1992 2 9303.0
1992 3 11159.0
1992 4 1923.0
1992 5 14540.0
1992 6 5340.0
1992 7 5460.0
1992 8 7996.0
1992 9 12015.0
1992 10 12078.0
1992 11 11835.0
1992 12 8722.0
1993 1 5989.0
1993 2 9897.0
1993 3 4012.0
1993 4 8088.0
1993 5 23533.0
1993 6 8304.0
1993 7 11267.0
1993 8 27733.0
1993 9 13718.0
1993 10 17985.0
1993 11 10906.0
1993 12 12750.0
1994 1 21785.0
1994 2 12274.0
1994 3 1801.0
1994 4 15228.0
1994 5 30146.0
1994 6 21763.0
1994 7 23021.0
1994 8 13577.0
1994 9 75838.0
1994 10 24330.0
1994 11 15111.0
1994 12 13672.0
1995 1 6394.0
1995 2 29731.0
1995 3 8760.0
1995 4 21247.0
1995 5 27665.0
1995 6 84144.0
1995 7 39712.0
1995 8 20963.0
1995 9 68091.0
1995 10 36818.0
1995 11 23177.0
1995 12 42606.0
1996 1 30209.0
1996 2 26600.0
1996 3 21627.0
1996 4 16430.0
1996 5 24380.0
1996 6 35393.0
1996 7 61666.0
1996 8 37512.0
1996 9 73695.0
1996 10 37958.0
1996 11 19847.0
1996 12 20429.0
1997 1 24618.0
1997 2 29695.0
1997 3 53334.0
1997 4 17099.0
1997 5 15228.0
1997 6 24516.0
1997 7 20219.0
1997 8 25653.0
1997 9 82830.0
1997 10 95042.0
1997 11 40331.0
1997 12 57913.0
1998 1 15491.0
1998 2 36346.0
1998 3 22462.0
1998 4 43974.0
1998 5 38387.0
1998 6 16768.0
1998 7 75664.0
1998 8 45756.0
1998 9 37941.0
1998 10 8327.0
1998 11 47442.0
1998 12 29525.0
1999 1 20115.0
1999 2 15653.0
1999 3 32612.0
1999 4 8892.0
1999 5 28311.0
1999 6 24976.0
1999 7 29152.0
1999 8 23783.0
1999 9 7808.0
1999 10 17369.0
1999 11 2941.0
1999 12 4221.0
2000 1 8864.0
2000 2 27653.0
2000 3 7740.0
2000 4 18981.0
2000 5 7795.0
2000 6 10271.0
2000 7 9457.0
2000 8 8175.0
2000 9 23682.0
2000 10 10227.0
2000 11 31651.0
2000 12 16445.0
2001 1 12673.0
2001 2 18427.0
2001 3 10287.0
2001 4 8833.0
2001 5 11156.0
2001 6 5334.0
2001 7 3637.0
2001 8 33562.0
2001 9 57445.0
2001 10 27925.0
2001 11 20199.0
2001 12 5499.0
2002 1 20358.0
2002 2 26425.0
2002 3 19193.0
2002 4 35700.0
2002 5 37414.0
2002 6 12613.0
2002 7 32389.0
2002 8 5665.0
2002 9 34571.0
2002 10 20701.0
2002 11 22412.0
2002 12 12324.0
2003 1 78923.0
2003 2 10726.0
2003 3 10583.0
2003 4 28681.0
2003 5 62251.0
2003 6 20858.0
2003 7 19045.0
2003 8 13495.0
2003 9 29003.0
2003 10 28641.0
2003 11 8292.0
2003 12 34418.0
2004 1 17332.0
2004 2 6464.0
2004 3 14186.0
2004 4 26086.0
2004 5 45696.0
2004 6 37118.0
2004 7 72910.0
2004 8 12041.0
2004 9 13752.0
2004 10 47733.0
2004 11 7067.0
2004 12 14059.0
2005 1 15919.0
2005 2 13553.0
2005 3 64589.0
2005 4 41106.0
2005 5 30610.0
2005 6 33945.0
2005 7 45771.0
2005 8 35488.0
2005 9 45464.0
2005 10 51991.0
2005 11 33245.0
2005 12 55960.0
2006 1 44290.0
2006 2 27059.0
2006 3 25828.0
2006 4 68101.0
2006 5 92046.0
2006 6 70267.0
2006 7 12758.0
2006 8 35513.0
2006 9 38861.0
2006 10 38086.0
2006 11 54994.0
2006 12 10744.0
2007 1 69493.0
2007 2 99582.0
2007 3 43251.0
2007 4 23202.0
2007 5 47235.0
2007 6 20146.0
2007 7 21233.0
2007 8 36919.0
2007 9 44357.0
2007 10 18032.0
2007 11 20549.0
2007 12 52545.0
2008 1 2525.0
2008 2 69727.0
2008 3 49060.0
2008 4 8264.0
2008 5 56141.0
2008 6 34661.0
2008 7 79527.0
2008 8 134692.0
2008 9 30934.0
2008 10 25100.0
2008 11 13394.0
2008 12 27739.0
2009 1 59020.0
2009 2 11663.0
2009 3 3840.0
2009 4 12540.0
2009 5 13862.0
2009 6 2060.0
2009 7 15202.0
2009 8 20134.0
2009 9 25066.0
2009 10 29998.0
2009 11 10575.0
2009 12 21777.0
2010 1 5988.0
2010 2 1903.0
2010 3 3673.0
2010 4 12532.0
2010 5 5667.0
2010 6 38771.0
2010 7 1987.0
2010 8 27788.0
2010 9 5501.0
2010 10 6895.0
2010 11 4522.0
2010 12 57296.0
2011 1 2478.0
2011 2 12904.0
2011 3 38806.0
2011 4 39177.0
2011 5 4617.0
2011 6 13767.0
2011 7 30281.0
2011 8 2475.0
2011 9 20944.0
2011 10 38208.0
2011 11 21948.0
2011 12 29378.0
2012 1 19103.0
2012 2 17148.0
2012 3 20816.0
2012 4 21994.0
2012 5 37857.0
2012 6 18676.0
2012 7 46009.0
2012 8 53846.0
2012 9 52760.0
2012 10 34087.0
2012 11 23448.0
2012 12 56609.0
2013 1 39549.0
2013 2 65117.0
2013 3 23866.0
2013 4 64094.0
2013 5 23545.0
2013 6 30527.0
2013 7 69587.0
2013 8 41521.0
2013 9 15192.0
2013 10 43760.0
2013 11 28288.0
2013 12 52418.0
2014 1 31405.0
2014 2 19877.0
2014 3 39933.0
2014 4 116090.0
2014 5 154845.0
2014 6 45480.0
2014 7 93419.0
2014 8 47275.0
2014 9 62950.0
2014 10 163159.0
2014 11 60207.0
2014 12 21154.0
2015 1 20010.0
2015 2 78510.0
2015 3 14561.0
2015 4 36222.0
2015 5 93938.0
2015 6 63199.0
2015 7 46170.0
2015 8 56685.0
2015 9 126523.0
2015 10 85522.0
2015 11 67525.0
2015 12 86490.0
2016 1 53855.0
2016 2 26043.0
2016 3 117384.0
2016 4 60194.0
2016 5 103311.0
2016 6 21222.0
2016 7 161229.0
2016 8 97171.0
2016 9 76449.0
2016 10 56941.0
2016 11 142997.0
2016 12 42723.0
2017 1 119546.0
2017 2 39056.0
2017 3 123048.0
2017 4 14041.0
2017 5 122286.0
2017 6 108817.0
2017 7 116936.0
2017 8 184191.0
2017 9 122936.0
2017 10 86780.0
2017 11 148973.0
2017 12 150666.0
2018 1 161531.0
2018 2 95348.0
2018 3 86049.0
2018 4 90920.0
2018 5 41293.0
2018 6 43118.0
2018 7 56593.0
2018 8 103255.0
2018 9 57663.0
2018 10 123466.0
2018 11 114626.0
2018 12 123276.0
2019 1 62362.0
2019 2 135411.0
2019 3 171726.0
2019 4 61002.0
2019 5 69412.0
2019 6 32155.0
2019 7 75305.0
2019 8 132880.0
2019 9 117057.0
2019 10 185525.0
2019 11 37399.0
2019 12 139501.0
2020 1 29075.0
2020 2 14990.0
2020 3 140400.0
2020 4 140418.0
2020 5 75694.0
2020 6 73680.0
2020 7 54280.0
2020 8 94180.0
2020 9 14903.0
2020 10 55869.0
2020 11 45004.0
2020 12 59410.0
2021 1 19048.0
2021 2 59562.0
2021 3 175295.0
2021 4 195755.0
2021 5 134048.0
2021 6 88244.0
2021 7 172609.0
2021 8 68615.0
2021 9 51538.0
2021 10 79213.0
2021 11 108994.0
2021 12 120404.0
2022 1 49038.0
2022 2 121685.0
2022 3 67122.0
2022 4 93304.0
2022 5 49564.0
2022 6 106290.0
2022 7 153018.0
2022 8 80965.0
2022 9 228837.0
2022 10 46457.0
2022 11 27764.0
2022 12 113941.0
2023 1 119010.0
2023 2 164270.0
2023 3 71261.0
2023 4 128021.0
2023 5 84847.0
2023 6 68817.0
2023 7 86178.0
2023 8 86583.0
2023 9 43194.0
2023 10 76198.0
2023 11 92288.0
2023 12 34755.0
2024 1 9246.0
2024 2 12152.0
2024 3 47064.0
2024 4 32544.0
2024 5 59211.0
2024 6 137047.0
2024 7 62144.0
2024 8 30555.0
