1960 5 7708.0
1960 6 8033.0
1960 7 7237.0
1960 8 8105.0
1960 9 6952.0
1960 10 6779.0
1960 11 5469.0
1960 12 4882.0
1961 1 5183.0
1961 2 5689.0
1961 3 7507.0
1961 4 9219.0
1961 5 8187.0
1961 6 9578.0
1961 7 9085.0
1961 8 8220.0
1961 9 7747.0
1961 10 7282.0
1961 11 7303.0
1961 12 4023.0
1962 1 6692.0
1962 2 6448.0
1962 3 8529.0
1962 4 8176.0
1962 5 8584.0
1962 6 9654.0
1962 7 1273.0
1962 8 9952.0
1962 9 7679.0
1962 10 5791.0
1962 11 5444.0
1962 12 4233.0
1963 1 5928.0
1963 2 6113.0
1963 3 8298.0
1963 4 7928.0
1963 5 9107.0
1963 6 8973.0
1963 7 9677.0
1963 8 9109.0
1963 9 7243.0
1963 10 8255.0
1963 11 6230.0
1963 12 5858.0
1964 1 6180.0
1964 2 9041.0
1964 3 8740.0
1964 4 10224.0
1964 5 9506.0
1964 6 9936.0
1964 7 9424.0
1964 8 8579.0
1964 9 9081.0
1964 10 8780.0
1964 11 5712.0
1964 12 4764.0
1965 1 5484.0
1965 2 6736.0
1965 3 10628.0
1965 4 9563.0
1965 5 9938.0
1965 6 10694.0
1965 7 9436.0
1965 8 9591.0
1965 9 8714.0
1965 10 7543.0
1965 11 6423.0
1965 12 6175.0
1966 1 6326.0
1966 2 8322.0
1966 3 9955.0
1966 4 10139.0
1966 5 9879.0
1966 6 8622.0
1966 7 6834.0
1966 8 7545.0
1966 9 6222.0
1966 10 5547.0
1966 11 5265.0
1966 12 3936.0
1967 1 5981.0
1967 2 6690.0
1967 3 9011.0
1967 4 8507.0
1967 5 10916.0
1967 6 11339.0
1967 7 8240.0
1967 8 10396.0
1967 9 8082.0
1967 10 7727.0
1967 11 8349.0
1967 12 6227.0
1968 1 6190.0
1968 2 8835.0
1968 3 10610.0
1968 4 10987.0
1968 5 14012.0
1968 6 12329.0
1968 7 13294.0
1968 8 11401.0
1968 9 11743.0
1968 10 11257.0
1968 11 8272.0
1968 12 7548.0
1969 1 5606.0
1969 2 9940.0
1969 3 14589.0
1969 4 13792.0
1969 5 13059.0
1969 6 15315.0
1969 7 13140.0
1969 8 11637.0
1969 9 14134.0
1969 10 10823.0
1969 11 7829.0
1969 12 6712.0
1970 1 6682.0
1970 2 9144.0
1970 3 13019.0
1970 4 12902.0
1970 5 14296.0
1970 6 13942.0
1970 7 16325.0
1970 8 13940.0
1970 9 14155.0
1970 10 14033.0
1970 11 10088.0
1970 12 9436.0
1971 1 12143.0
1971 2 14772.0
1971 3 15149.0
1971 4 21527.0
1971 5 24201.0
1971 6 23489.0
1971 7 20844.0
1971 8 21813.0
1971 9 18434.0
1971 10 18853.0
1971 11 18170.0
1971 12 14683.0
1972 1 15201.0
1972 2 19756.0
1972 3 24796.0
1972 4 22506.0
1972 5 27271.0
1972 6 29897.0
1972 7 23712.0
1972 8 25292.0
1972 9 22415.0
1972 10 24099.0
1972 11 17907.0
1972 12 12119.0
1973 1 16760.0
1973 2 23151.0
1973 3 29694.0
1973 4 31450.0
1973 5 30143.0
1973 6 26679.0
1973 7 22956.0
1973 8 25350.0
1973 9 19519.0
1973 10 20711.0
1973 11 13883.0
1973 12 15487.0
1974 1 12940.0
1974 2 17300.0
1974 3 22564.0
1974 4 31382.0
1974 5 31338.0
1974 6 31356.0
1974 7 21810.0
1974 8 21169.0
1974 9 21492.0
1974 10 18384.0
1974 11 16774.0
1974 12 12677.0
1975 1 14855.0
1975 2 16859.0
1975 3 26461.0
1975 4 31906.0
1975 5 35746.0
1975 6 36069.0
1975 7 35164.0
1975 8 34956.0
1975 9 35726.0
1975 10 38864.0
1975 11 24219.0
1975 12 27401.0
1976 1 27916.0
1976 2 36119.0
1976 3 52090.0
1976 4 54087.0
1976 5 49549.0
1976 6 51767.0
1976 7 52234.0
1976 8 53183.0
1976 9 57275.0
1976 10 56638.0
1976 11 50552.0
1976 12 45870.0
1977 1 48629.0
1977 2 61158.0
1977 3 69697.0
1977 4 53961.0
1977 5 76409.0
1977 6 51067.0
1977 7 80362.0
1977 8 88470.0
1977 9 73434.0
1977 10 69022.0
1977 11 65773.0
1977 12 57406.0
1978 1 61487.0
1978 2 73376.0
1978 3 90343.0
1978 4 84764.0
1978 5 92328.0
1978 6 94207.0
1978 7 73561.0
1978 8 92771.0
1978 9 80368.0
1978 10 79119.0
1978 11 71187.0
1978 12 67334.0
1979 1 47226.0
1979 2 53294.0
1979 3 86182.0
1979 4 81865.0
1979 5 101548.0
1979 6 82705.0
1979 7 80113.0
1979 8 81677.0
1979 9 65717.0
1979 10 67978.0
1979 11 44832.0
1979 12 40524.0
1980 1 40214.0
1980 2 49813.0
1980 3 50182.0
1980 4 54455.0
1980 5 56150.0
1980 6 59495.0
1980 7 86430.0
1980 8 74591.0
1980 9 72267.0
1980 10 69928.0
1980 11 45156.0
1980 12 41408.0
1981 1 38819.0
1981 2 38430.0
1981 3 62274.0
1981 4 56062.0
1981 5 47005.0
1981 6 48902.0
1981 7 46176.0
1981 8 37063.0
1981 9 37496.0
1981 10 27480.0
1981 11 22168.0
1981 12 23273.0
1982 1 15132.0
1982 2 18580.0
1982 3 25129.0
1982 4 22821.0
1982 5 23574.0
1982 6 31383.0
1982 7 29010.0
1982 8 26404.0
1982 9 24709.0
1982 10 27004.0
1982 11 22607.0
1982 12 18210.0
1983 1 23210.0
1983 2 20997.0
1983 3 37432.0
1983 4 34140.0
1983 5 42227.0
1983 6 49551.0
1983 7 34919.0
1983 8 42349.0
1983 9 36996.0
1983 10 37902.0
1983 11 24758.0
1983 12 18507.0
1984 1 28780.0
1984 2 30714.0
1984 3 44119.0
1984 4 42957.0
1984 5 42446.0
1984 6 43581.0
1984 7 38999.0
1984 8 39040.0
1984 9 34255.0
1984 10 29788.0
1984 11 19527.0
1984 12 20328.0
1985 1 29184.0
1985 2 32148.0
1985 3 37138.0
1985 4 36851.0
1985 5 44443.0
1985 6 41391.0
1985 7 40498.0
1985 8 45246.0
1985 9 40318.0
1985 10 39784.0
1985 11 25737.0
1985 12 23432.0
1986 1 29703.0
1986 2 29127.0
1986 3 39501.0
1986 4 46309.0
1986 5 56656.0
1986 6 54900.0
1986 7 54546.0
1986 8 53688.0
1986 9 47506.0
1986 10 45917.0
1986 11 31798.0
1986 12 34041.0
1987 1 35532.0
1987 2 40780.0
1987 3 55924.0
1987 4 61394.0
1987 5 51777.0
1987 6 63570.0
1987 7 59539.0
1987 8 61766.0
1987 9 56942.0
1987 10 49977.0
1987 11 36287.0
1987 12 32906.0
1988 1 36585.0
1988 2 49885.0
1988 3 65311.0
1988 4 63850.0
1988 5 73599.0
1988 6 78556.0
1988 7 70130.0
1988 8 75521.0
1988 9 61081.0
1988 10 68179.0
1988 11 53332.0
1988 12 51412.0
1989 1 55306.0
1989 2 53875.0
1989 3 73057.0
1989 4 85446.0
1989 5 104770.0
1989 6 102116.0
1989 7 83183.0
1989 8 98531.0
1989 9 89495.0
1989 10 93755.0
1989 11 83005.0
1989 12 78495.0
1990 1 86709.0
1990 2 73969.0
1990 3 128343.0
1990 4 129341.0
1990 5 130723.0
1990 6 138127.0
1990 7 123811.0
1990 8 131916.0
1990 9 93915.0
1990 10 116178.0
1990 11 66600.0
1990 12 45851.0
1991 1 61271.0
1991 2 67424.0
1991 3 82657.0
1991 4 115309.0
1991 5 122981.0
1991 6 125917.0
1991 7 124616.0
1991 8 121324.0
1991 9 99095.0
1991 10 116418.0
1991 11 80354.0
1991 12 107925.0
1992 1 90040.0
1992 2 83896.0
1992 3 117157.0
1992 4 133269.0
1992 5 127599.0
1992 6 150606.0
1992 7 130683.0
1992 8 124002.0
1992 9 221651.0
1992 10 126225.0
1992 11 100262.0
1992 12 101801.0
1993 1 89897.0
1993 2 114525.0
1993 3 139019.0
1993 4 161700.0
1993 5 159370.0
1993 6 175941.0
1993 7 153023.0
1993 8 162080.0
1993 9 153852.0
1993 10 143613.0
1993 11 130904.0
1993 12 123778.0
1994 1 127172.0
1994 2 142669.0
1994 3 170123.0
1994 4 183595.0
1994 5 178623.0
1994 6 194074.0
1994 7 164342.0
1994 8 181813.0
1994 9 147624.0
1994 10 166580.0
1994 11 117611.0
1994 12 128519.0
1995 1 120820.0
1995 2 130565.0
1995 3 172507.0
1995 4 170782.0
1995 5 192053.0
1995 6 188239.0
1995 7 181496.0
1995 8 180553.0
1995 9 159457.0
1995 10 179199.0
1995 11 142819.0
1995 12 134063.0
1996 1 144227.0
1996 2 168970.0
1996 3 191034.0
1996 4 191078.0
1996 5 213959.0
1996 6 213818.0
1996 7 220673.0
1996 8 207534.0
1996 9 163893.0
1996 10 192869.0
1996 11 134184.0
1996 12 135924.0
1997 1 154016.0
1997 2 167383.0
1997 3 195001.0
1997 4 218385.0
1997 5 217426.0
1997 6 226339.0
1997 7 221786.0
1997 8 176527.0
1997 9 196371.0
1997 10 169278.0
1997 11 114530.0
1997 12 159430.0
1998 1 137806.0
1998 2 169432.0
1998 3 206043.0
1998 4 217994.0
1998 5 200075.0
1998 6 222844.0
1998 7 246788.0
1998 8 210346.0
1998 9 191692.0
1998 10 212399.0
1998 11 147369.0
1998 12 150778.0
1999 1 150433.0
1999 2 154116.0
1999 3 219503.0
1999 4 245885.0
1999 5 195195.0
1999 6 237817.0
1999 7 213119.0
1999 8 204815.0
1999 9 201925.0
1999 10 189678.0
1999 11 161356.0
1999 12 147553.0
2000 1 131055.0
2000 2 144179.0
2000 3 218586.0
2000 4 196533.0
2000 5 215589.0
2000 6 226401.0
2000 7 186512.0
2000 8 238049.0
2000 9 200540.0
2000 10 186539.0
2000 11 176341.0
2000 12 156929.0
2001 1 183108.0
2001 2 204041.0
2001 3 241491.0
2001 4 241389.0
2001 5 258249.0
2001 6 250757.0
2001 7 244443.0
2001 8 239419.0
2001 9 197828.0
2001 10 217695.0
2001 11 179166.0
2001 12 148165.0
2002 1 189154.0
2002 2 200427.0
2002 3 238600.0
2002 4 256229.0
2002 5 297172.0
2002 6 265661.0
2002 7 282499.0
2002 8 275113.0
2002 9 261590.0
2002 10 293182.0
2002 11 184296.0
2002 12 207552.0
2003 1 233674.0
2003 2 242553.0
2003 3 279484.0
2003 4 318571.0
2003 5 291956.0
2003 6 304130.0
2003 7 311886.0
2003 8 305796.0
2003 9 284930.0
2003 10 305042.0
2003 11 185698.0
2003 12 213956.0
2004 1 206495.0
2004 2 250860.0
2004 3 339315.0
2004 4 356223.0
2004 5 344282.0
2004 6 383171.0
2004 7 375375.0
2004 8 401075.0
2004 9 387521.0
2004 10 299662.0
2004 11 283620.0
2004 12 309321.0
2005 1 298845.0
2005 2 330275.0
2005 3 417291.0
2005 4 441475.0
2005 5 426115.0
2005 6 483576.0
2005 7 420726.0
2005 8 449674.0
2005 9 420619.0
2005 10 398253.0
2005 11 332714.0
2005 12 284048.0
2006 1 314842.0
2006 2 332381.0
2006 3 420550.0
2006 4 399419.0
2006 5 456573.0
2006 6 451131.0
2006 7 391619.0
2006 8 362611.0
2006 9 327170.0
2006 10 317729.0
2006 11 244452.0
2006 12 217370.0
2007 1 258733.0
2007 2 284462.0
2007 3 324112.0
2007 4 345420.0
2007 5 386006.0
2007 6 320650.0
2007 7 365557.0
2007 8 315702.0
2007 9 228719.0
2007 10 243432.0
2007 11 172712.0
2007 12 130368.0
2008 1 138384.0
2008 2 151193.0
2008 3 165183.0
2008 4 198059.0
2008 5 195681.0
2008 6 188698.0
2008 7 183268.0
2008 8 140211.0
2008 9 145430.0
2008 10 104948.0
2008 11 64729.0
2008 12 61089.0
2009 1 61867.0
2009 2 56398.0
2009 3 104498.0
2009 4 108324.0
2009 5 115166.0
2009 6 137007.0
2009 7 123074.0
2009 8 127131.0
2009 9 115511.0
2009 10 113957.0
2009 11 76216.0
2009 12 91167.0
2010 1 92038.0
2010 2 110057.0
2010 3 138060.0
2010 4 125982.0
2010 5 122049.0
2010 6 105776.0
2010 7 112472.0
2010 8 112148.0
2010 9 121654.0
2010 10 96171.0
2010 11 83458.0
2010 12 73808.0
2011 1 90117.0
2011 2 78397.0
2011 3 105949.0
2011 4 93625.0
2011 5 95704.0
2011 6 115618.0
2011 7 113139.0
2011 8 125656.0
2011 9 101253.0
2011 10 98247.0
2011 11 91894.0
2011 12 83325.0
2012 1 95901.0
2012 2 100293.0
2012 3 126472.0
2012 4 125697.0
2012 5 161372.0
2012 6 145497.0
2012 7 159568.0
2012 8 155632.0
2012 9 132284.0
2012 10 171182.0
2012 11 108590.0
2012 12 103702.0
2013 1 140767.0
2013 2 155992.0
2013 3 173505.0
2013 4 200971.0
2013 5 198578.0
2013 6 202395.0
2013 7 219036.0
2013 8 213657.0
2013 9 182073.0
2013 10 206128.0
2013 11 123506.0
2013 12 142315.0
2014 1 165214.0
2014 2 147403.0
2014 3 182296.0
2014 4 184315.0
2014 5 208489.0
2014 6 219179.0
2014 7 212474.0
2014 8 168555.0
2014 9 207711.0
2014 10 193702.0
2014 11 134911.0
2014 12 158296.0
2015 1 169009.0
2015 2 183798.0
2015 3 205899.0
2015 4 253353.0
2015 5 240704.0
2015 6 278292.0
2015 7 235456.0
2015 8 215452.0
2015 9 238189.0
2015 10 211442.0
2015 11 188794.0
2015 12 155567.0
2016 1 169042.0
2016 2 238946.0
2016 3 260235.0
2016 4 264658.0
2016 5 252352.0
2016 6 276467.0
2016 7 243492.0
2016 8 268880.0
2016 9 222921.0
2016 10 258439.0
2016 11 216536.0
2016 12 187249.0
2017 1 175592.0
2017 2 201467.0
2017 3 259890.0
2017 4 235688.0
2017 5 301192.0
2017 6 240624.0
2017 7 241146.0
2017 8 243785.0
2017 9 201509.0
2017 10 220057.0
2017 11 200132.0
2017 12 180628.0
2018 1 220483.0
2018 2 222033.0
2018 3 223622.0
2018 4 219368.0
2018 5 281269.0
2018 6 243151.0
2018 7 250616.0
2018 8 282925.0
2018 9 236631.0
2018 10 249852.0
2018 11 190647.0
2018 12 178520.0
2019 1 211024.0
2019 2 146556.0
2019 3 225961.0
2019 4 254006.0
2019 5 255953.0
2019 6 266062.0
2019 7 249620.0
2019 8 267772.0
2019 9 249993.0
2019 10 249264.0
2019 11 186697.0
2019 12 171253.0
2020 1 200959.0
2020 2 199685.0
2020 3 242714.0
2020 4 175028.0
2020 5 192908.0
2020 6 243369.0
2020 7 265254.0
2020 8 269252.0
2020 9 217999.0
2020 10 316179.0
2020 11 251419.0
2020 12 266452.0
2021 1 230845.0
2021 2 259958.0
2021 3 351205.0
2021 4 328584.0
2021 5 286371.0
2021 6 278261.0
2021 7 298103.0
2021 8 309481.0
2021 9 280127.0
2021 10 254658.0
2021 11 219540.0
2021 12 211677.0
2022 1 257572.0
2022 2 280037.0
2022 3 321430.0
2022 4 311453.0
2022 5 310067.0
2022 6 332513.0
2022 7 243971.0
2022 8 276700.0
2022 9 244998.0
2022 10 227037.0
2022 11 206124.0
2022 12 180388.0
2023 1 203892.0
2023 2 204546.0
2023 3 288989.0
2023 4 253596.0
2023 5 321287.0
2023 6 318063.0
2023 7 311266.0
2023 8 335905.0
2023 9 285934.0
2023 10 300862.0
2023 11 253603.0
2023 12 221115.0
2024 1 246097.0
2024 2 257211.0
2024 3 316286.0
2024 4 332883.0
2024 5 339827.0
2024 6 292406.0
2024 7 307790.0
2024 8 315160.0
