1960 5 29116.0
1960 6 28534.0
1960 7 24792.0
1960 8 22884.0
1960 9 21113.0
1960 10 19610.0
1960 11 19871.0
1960 12 10327.0
1961 1 8646.0
1961 2 8221.0
1961 3 20463.0
1961 4 22429.0
1961 5 25168.0
1961 6 26153.0
1961 7 22742.0
1961 8 22798.0
1961 9 18941.0
1961 10 22164.0
1961 11 16799.0
1961 12 11009.0
1962 1 8701.0
1962 2 7492.0
1962 3 23059.0
1962 4 26489.0
1962 5 25037.0
1962 6 22014.0
1962 7 21573.0
1962 8 21496.0
1962 9 18620.0
1962 10 21012.0
1962 11 12441.0
1962 12 8429.0
1963 1 8051.0
1963 2 7057.0
1963 3 18079.0
1963 4 25791.0
1963 5 22869.0
1963 6 21424.0
1963 7 21381.0
1963 8 18893.0
1963 9 16152.0
1963 10 18043.0
1963 11 13436.0
1963 12 8357.0
1964 1 6399.0
1964 2 13416.0
1964 3 20803.0
1964 4 22290.0
1964 5 24392.0
1964 6 22544.0
1964 7 19245.0
1964 8 18737.0
1964 9 17890.0
1964 10 17549.0
1964 11 14024.0
1964 12 11689.0
1965 1 6980.0
1965 2 11180.0
1965 3 21935.0
1965 4 26197.0
1965 5 23614.0
1965 6 23172.0
1965 7 19886.0
1965 8 21889.0
1965 9 17063.0
1965 10 20369.0
1965 11 18545.0
1965 12 13522.0
1966 1 10926.0
1966 2 10093.0
1966 3 24907.0
1966 4 26215.0
1966 5 19817.0
1966 6 21143.0
1966 7 18984.0
1966 8 14788.0
1966 9 15350.0
1966 10 13318.0
1966 11 11938.0
1966 12 9454.0
1967 1 9056.0
1967 2 9470.0
1967 3 18350.0
1967 4 21067.0
1967 5 21115.0
1967 6 27234.0
1967 7 18752.0
1967 8 19242.0
1967 9 19105.0
1967 10 22806.0
1967 11 16491.0
1967 12 12182.0
1968 1 9862.0
1968 2 11992.0
1968 3 19792.0
1968 4 25352.0
1968 5 48233.0
1968 6 43391.0
1968 7 44946.0
1968 8 38357.0
1968 9 42595.0
1968 10 38001.0
1968 11 29913.0
1968 12 19441.0
1969 1 18479.0
1969 2 24424.0
1969 3 39939.0
1969 4 46855.0
1969 5 43474.0
1969 6 42723.0
1969 7 38106.0
1969 8 37927.0
1969 9 34530.0
1969 10 34907.0
1969 11 23317.0
1969 12 17642.0
1970 1 12673.0
1970 2 15497.0
1970 3 33309.0
1970 4 35541.0
1970 5 39934.0
1970 6 38321.0
1970 7 38944.0
1970 8 39761.0
1970 9 35544.0
1970 10 42824.0
1970 11 30968.0
1970 12 26635.0
1971 1 18347.0
1971 2 21962.0
1971 3 39925.0
1971 4 47774.0
1971 5 62866.0
1971 6 55379.0
1971 7 53164.0
1971 8 53924.0
1971 9 42933.0
1971 10 45803.0
1971 11 36151.0
1971 12 28712.0
1972 1 24689.0
1972 2 27037.0
1972 3 55855.0
1972 4 64361.0
1972 5 63236.0
1972 6 56198.0
1972 7 51371.0
1972 8 64678.0
1972 9 49941.0
1972 10 59400.0
1972 11 56570.0
1972 12 37281.0
1973 1 47192.0
1973 2 43552.0
1973 3 73442.0
1973 4 84757.0
1973 5 81824.0
1973 6 79915.0
1973 7 68801.0
1973 8 57199.0
1973 9 47859.0
1973 10 60966.0
1973 11 40383.0
1973 12 32634.0
1974 1 33134.0
1974 2 33139.0
1974 3 63714.0
1974 4 68858.0
1974 5 76604.0
1974 6 64049.0
1974 7 60166.0
1974 8 61513.0
1974 9 44114.0
1974 10 49333.0
1974 11 37716.0
1974 12 24062.0
1975 1 23278.0
1975 2 30798.0
1975 3 45919.0
1975 4 69744.0
1975 5 76650.0
1975 6 78625.0
1975 7 61277.0
1975 8 66203.0
1975 9 64828.0
1975 10 77007.0
1975 11 54663.0
1975 12 45008.0
1976 1 34244.0
1976 2 41184.0
1976 3 89184.0
1976 4 95360.0
1976 5 91803.0
1976 6 105835.0
1976 7 93009.0
1976 8 88418.0
1976 9 87524.0
1976 10 78537.0
1976 11 71381.0
1976 12 48410.0
1977 1 26766.0
1977 2 46165.0
1977 3 128905.0
1977 4 815568.0
1977 5 122665.0
1977 6 970108.0
1977 7 106578.0
1977 8 124026.0
1977 9 119921.0
1977 10 112737.0
1977 11 92770.0
1977 12 52243.0
1978 1 36468.0
1978 2 39327.0
1978 3 93043.0
1978 4 149588.0
1978 5 158412.0
1978 6 133616.0
1978 7 126795.0
1978 8 133557.0
1978 9 114993.0
1978 10 117152.0
1978 11 109044.0
1978 12 70931.0
1979 1 47589.0
1979 2 34203.0
1979 3 109263.0
1979 4 153046.0
1979 5 160629.0
1979 6 132609.0
1979 7 136229.0
1979 8 117184.0
1979 9 111944.0
1979 10 104617.0
1979 11 85102.0
1979 12 44060.0
1980 1 34693.0
1980 2 35945.0
1980 3 93893.0
1980 4 71944.0
1980 5 61291.0
1980 6 67582.0
1980 7 91129.0
1980 8 87578.0
1980 9 107399.0
1980 10 100194.0
1980 11 70628.0
1980 12 50978.0
1981 1 25466.0
1981 2 29182.0
1981 3 72599.0
1981 4 100926.0
1981 5 90392.0
1981 6 82899.0
1981 7 76662.0
1981 8 62277.0
1981 9 53057.0
1981 10 55630.0
1981 11 42159.0
1981 12 24850.0
1982 1 15104.0
1982 2 16814.0
1982 3 50559.0
1982 4 60187.0
1982 5 63897.0
1982 6 63243.0
1982 7 58100.0
1982 8 55308.0
1982 9 59868.0
1982 10 66420.0
1982 11 57612.5
1982 12 48805.0
1983 1 32542.0
1983 2 34190.0
1983 3 90140.0
1983 4 105906.0
1983 5 121374.0
1983 6 142229.0
1983 7 141494.0
1983 8 131639.0
1983 9 122862.0
1983 10 107897.0
1983 11 86989.0
1983 12 72746.0
1984 1 41354.0
1984 2 70560.0
1984 3 117347.0
1984 4 143301.0
1984 5 171958.0
1984 6 149770.0
1984 7 149080.0
1984 8 139780.0
1984 9 122533.0
1984 10 134785.0
1984 11 110908.0
1984 12 79827.0
1985 1 72202.0
1985 2 71844.0
1985 3 169210.0
1985 4 212909.0
1985 5 224390.0
1985 6 190456.0
1985 7 182410.0
1985 8 176382.0
1985 9 174380.0
1985 10 195406.0
1985 11 152964.0
1985 12 138079.0
1986 1 101753.0
1986 2 91912.0
1986 3 185951.0
1986 4 272988.0
1986 5 289003.0
1986 6 288010.0
1986 7 304880.0
1986 8 258294.0
1986 9 289663.0
1986 10 260088.0
1986 11 210252.0
1986 12 176950.0
1987 1 123924.0
1987 2 152124.0
1987 3 308781.0
1987 4 352471.0
1987 5 351589.0
1987 6 374028.0
1987 7 339992.0
1987 8 313552.0
1987 9 322356.0
1987 10 314458.0
1987 11 249812.0
1987 12 228914.0
1988 1 161728.0
1988 2 178633.0
1988 3 395006.0
1988 4 360594.0
1988 5 359875.0
1988 6 370716.0
1988 7 293795.0
1988 8 342395.0
1988 9 298111.0
1988 10 282338.0
1988 11 273656.0
1988 12 221953.0
1989 1 161092.0
1989 2 186507.0
1989 3 265352.0
1989 4 362324.0
1989 5 340133.0
1989 6 304459.0
1989 7 273173.0
1989 8 313291.0
1989 9 258635.0
1989 10 273863.0
1989 11 227170.0
1989 12 185129.0
1990 1 160645.0
1990 2 186569.0
1990 3 265382.0
1990 4 280504.0
1990 5 288144.0
1990 6 277930.0
1990 7 246304.0
1990 8 225420.0
1990 9 169506.0
1990 10 224703.0
1990 11 162443.0
1990 12 121155.0
1991 1 106495.0
1991 2 116084.0
1991 3 203255.0
1991 4 286740.0
1991 5 280674.0
1991 6 282356.0
1991 7 285860.0
1991 8 243522.0
1991 9 230998.0
1991 10 279271.0
1991 11 213593.0
1991 12 172763.0
1992 1 173453.0
1992 2 180959.0
1992 3 284894.0
1992 4 298698.0
1992 5 337813.0
1992 6 311600.0
1992 7 306510.0
1992 8 277351.0
1992 9 269094.0
1992 10 282122.0
1992 11 255717.0
1992 12 232494.0
1993 1 211585.0
1993 2 182792.0
1993 3 246437.0
1993 4 314877.0
1993 5 326540.0
1993 6 368112.0
1993 7 322194.0
1993 8 330234.0
1993 9 307285.0
1993 10 317710.0
1993 11 292220.0
1993 12 253743.0
1994 1 116867.0
1994 2 155878.0
1994 3 278487.0
1994 4 344761.0
1994 5 416283.0
1994 6 403548.0
1994 7 356871.0
1994 8 337448.0
1994 9 297364.0
1994 10 293310.0
1994 11 280097.0
1994 12 235635.0
1995 1 167250.0
1995 2 144936.0
1995 3 254645.0
1995 4 288350.0
1995 5 323701.0
1995 6 292654.0
1995 7 265606.0
1995 8 311883.0
1995 9 255190.0
1995 10 286271.0
1995 11 230510.0
1995 12 189299.0
1996 1 124404.0
1996 2 154934.0
1996 3 265463.0
1996 4 343368.0
1996 5 370313.0
1996 6 319457.0
1996 7 314292.0
1996 8 298763.0
1996 9 281337.0
1996 10 305675.0
1996 11 228175.0
1996 12 182534.0
1997 1 184692.0
1997 2 179507.0
1997 3 289465.0
1997 4 320681.0
1997 5 323623.0
1997 6 314290.0
1997 7 334423.0
1997 8 272065.0
1997 9 295931.0
1997 10 322463.0
1997 11 243175.0
1997 12 234181.0
1998 1 205696.0
1998 2 220788.0
1998 3 328062.0
1998 4 374537.0
1998 5 336979.0
1998 6 383730.0
1998 7 346253.0
1998 8 332905.0
1998 9 346678.0
1998 10 328452.0
1998 11 306222.0
1998 12 256225.0
1999 1 192799.0
1999 2 272019.0
1999 3 378191.0
1999 4 406717.0
1999 5 421995.0
1999 6 443011.0
1999 7 384919.0
1999 8 353037.0
1999 9 316959.0
1999 10 313723.0
1999 11 305164.0
1999 12 274714.0
2000 1 239712.0
2000 2 227519.0
2000 3 386953.0
2000 4 374667.0
2000 5 411975.0
2000 6 395667.0
2000 7 346298.0
2000 8 383073.0
2000 9 339231.0
2000 10 356048.0
2000 11 308160.0
2000 12 229444.0
2001 1 232432.0
2001 2 237744.0
2001 3 337664.0
2001 4 350247.0
2001 5 433288.0
2001 6 396145.0
2001 7 402005.0
2001 8 414148.0
2001 9 297332.0
2001 10 392843.0
2001 11 294479.0
2001 12 277944.0
2002 1 258833.0
2002 2 315755.0
2002 3 348616.0
2002 4 471166.0
2002 5 487825.0
2002 6 450491.0
2002 7 416531.0
2002 8 401847.0
2002 9 394990.0
2002 10 468221.0
2002 11 352263.0
2002 12 340863.0
2003 1 281841.0
2003 2 237882.0
2003 3 372943.0
2003 4 450303.0
2003 5 460797.0
2003 6 456293.0
2003 7 511891.0
2003 8 458550.0
2003 9 476333.0
2003 10 483271.0
2003 11 370831.0
2003 12 382254.0
2004 1 299430.0
2004 2 320891.0
2004 3 613796.0
2004 4 701210.0
2004 5 538283.0
2004 6 600423.0
2004 7 475502.0
2004 8 437905.0
2004 9 406729.0
2004 10 425195.0
2004 11 395704.0
2004 12 364181.0
2005 1 308607.0
2005 2 320220.0
2005 3 416083.0
2005 4 539388.0
2005 5 567852.0
2005 6 614030.0
2005 7 602663.0
2005 8 606107.0
2005 9 597587.0
2005 10 552226.0
2005 11 511774.0
2005 12 370813.0
2006 1 427708.0
2006 2 393703.0
2006 3 555660.0
2006 4 549478.0
2006 5 582664.0
2006 6 555011.0
2006 7 435355.0
2006 8 552957.0
2006 9 443827.0
2006 10 571547.0
2006 11 355355.0
2006 12 356314.0
2007 1 357397.0
2007 2 266855.0
2007 3 399537.0
2007 4 547550.0
2007 5 540191.0
2007 6 524110.0
2007 7 491667.0
2007 8 501328.0
2007 9 394594.0
2007 10 428985.0
2007 11 296114.0
2007 12 244273.0
2008 1 248639.0
2008 2 257378.0
2008 3 297117.0
2008 4 359183.0
2008 5 358330.0
2008 6 294264.0
2008 7 302261.0
2008 8 309357.0
2008 9 296018.0
2008 10 256895.0
2008 11 171848.0
2008 12 137118.0
2009 1 137482.0
2009 2 123397.0
2009 3 185301.0
2009 4 217142.0
2009 5 214212.0
2009 6 262486.0
2009 7 282351.0
2009 8 251094.0
2009 9 254664.0
2009 10 234744.0
2009 11 210264.0
2009 12 233968.0
2010 1 190756.0
2010 2 201635.0
2010 3 265967.0
2010 4 248133.0
2010 5 267533.0
2010 6 286435.0
2010 7 247849.0
2010 8 235928.0
2010 9 252218.0
2010 10 233989.0
2010 11 213642.0
2010 12 483458.0
2011 1 272835.0
2011 2 158765.0
2011 3 172679.0
2011 4 182552.0
2011 5 185830.0
2011 6 203997.0
2011 7 188842.0
2011 8 205695.0
2011 9 198971.0
2011 10 192223.0
2011 11 186145.0
2011 12 155271.0
2012 1 131726.0
2012 2 189923.0
2012 3 230250.0
2012 4 240834.0
2012 5 272606.0
2012 6 251332.0
2012 7 240113.0
2012 8 238335.0
2012 9 240069.0
2012 10 236907.0
2012 11 200527.0
2012 12 185827.0
2013 1 181245.0
2013 2 197716.0
2013 3 257568.0
2013 4 324145.0
2013 5 311729.0
2013 6 296392.0
2013 7 316096.0
2013 8 275901.0
2013 9 283244.0
2013 10 283019.0
2013 11 262108.0
2013 12 227359.0
2014 1 180948.0
2014 2 149570.0
2014 3 247211.0
2014 4 273349.0
2014 5 318374.0
2014 6 272909.0
2014 7 279743.0
2014 8 250583.0
2014 9 254283.0
2014 10 305794.0
2014 11 223447.0
2014 12 229168.0
2015 1 176938.0
2015 2 130714.0
2015 3 203592.0
2015 4 256369.0
2015 5 240375.0
2015 6 298869.0
2015 7 275618.0
2015 8 253542.0
2015 9 245788.0
2015 10 245057.0
2015 11 222793.0
2015 12 202211.0
2016 1 190856.0
2016 2 201216.0
2016 3 257994.0
2016 4 309625.0
2016 5 312982.0
2016 6 379713.0
2016 7 248491.0
2016 8 281207.0
2016 9 287397.0
2016 10 288701.0
2016 11 281646.0
2016 12 229448.0
2017 1 202236.0
2017 2 210867.0
2017 3 286405.0
2017 4 311715.0
2017 5 391131.0
2017 6 371019.0
2017 7 329206.0
2017 8 328375.0
2017 9 333830.0
2017 10 275018.0
2017 11 267246.0
2017 12 241455.0
2018 1 214737.0
2018 2 256980.0
2018 3 306716.0
2018 4 339319.0
2018 5 378398.0
2018 6 335275.0
2018 7 326292.0
2018 8 318148.0
2018 9 339306.0
2018 10 378682.0
2018 11 295317.0
2018 12 237224.0
2019 1 217588.0
2019 2 210782.0
2019 3 341614.0
2019 4 276039.0
2019 5 318480.0
2019 6 379514.0
2019 7 319610.0
2019 8 319519.0
2019 9 300847.0
2019 10 359459.0
2019 11 229029.0
2019 12 239674.0
2020 1 330595.0
2020 2 292538.0
2020 3 314090.0
2020 4 145431.0
2020 5 375574.0
2020 6 397154.0
2020 7 456599.0
2020 8 362142.0
2020 9 414089.0
2020 10 334853.0
2020 11 370305.0
2020 12 328063.0
2021 1 373739.0
2021 2 431402.0
2021 3 464864.0
2021 4 523958.0
2021 5 401044.0
2021 6 501734.0
2021 7 483397.0
2021 8 473349.0
2021 9 384619.0
2021 10 358990.0
2021 11 459503.0
2021 12 563615.0
2022 1 353420.0
2022 2 329690.0
2022 3 414320.0
2022 4 372880.0
2022 5 429564.0
2022 6 383097.0
2022 7 390305.0
2022 8 381699.0
2022 9 359411.0
2022 10 287707.0
2022 11 292936.0
2022 12 249076.0
2023 1 257330.0
2023 2 232391.0
2023 3 317220.0
2023 4 375672.0
2023 5 493428.0
2023 6 485602.0
2023 7 385886.0
2023 8 437500.0
2023 9 398282.0
2023 10 399162.0
2023 11 351442.0
2023 12 310559.0
2024 1 384032.0
2024 2 350680.0
2024 3 430106.0
2024 4 474739.0
2024 5 520726.0
2024 6 493262.0
2024 7 473366.0
2024 8 480306.0
