1960 5 2729.0
1960 6 1816.0
1960 7 3199.0
1960 8 2320.0
1960 9 2409.0
1960 10 3627.0
1960 11 3655.0
1960 12 3453.0
1961 1 1936.0
1961 2 2845.0
1961 3 5234.0
1961 4 10674.0
1961 5 14036.0
1961 6 2797.0
1961 7 9960.0
1961 8 4188.0
1961 9 11512.0
1961 10 12133.0
1961 11 3357.0
1961 12 912.0
1962 1 2111.0
1962 2 2121.0
1962 3 8450.0
1962 4 12153.0
1962 5 17424.0
1962 6 20360.0
1962 7 7879.0
1962 8 10525.0
1962 9 7446.0
1962 10 5074.0
1962 11 3436.0
1962 12 2599.0
1963 1 3714.0
1963 2 1824.0
1963 3 4687.0
1963 4 10860.0
1963 5 8301.0
1963 6 4609.0
1963 7 8654.0
1963 8 6272.0
1963 9 5216.0
1963 10 5660.0
1963 11 6712.0
1963 12 4539.0
1964 1 3408.0
1964 2 1596.0
1964 3 13603.0
1964 4 8004.0
1964 5 12742.0
1964 6 5188.0
1964 7 5325.0
1964 8 9758.0
1964 9 3124.0
1964 10 8451.0
1964 11 5325.0
1964 12 20715.0
1965 1 6878.0
1965 2 4796.0
1965 3 9490.0
1965 4 12536.0
1965 5 10041.0
1965 6 8312.0
1965 7 10581.0
1965 8 6052.0
1965 9 10107.0
1965 10 8901.0
1965 11 8385.0
1965 12 17136.0
1966 1 7374.0
1966 2 3325.0
1966 3 11408.0
1966 4 9590.0
1966 5 15572.0
1966 6 7102.0
1966 7 13632.0
1966 8 7612.0
1966 9 10159.0
1966 10 7659.0
1966 11 3304.0
1966 12 8483.0
1967 1 2766.0
1967 2 6686.0
1967 3 15894.0
1967 4 8738.0
1967 5 12678.0
1967 6 9805.0
1967 7 6959.0
1967 8 12938.0
1967 9 9443.0
1967 10 12572.0
1967 11 7363.0
1967 12 11436.0
1968 1 2202.0
1968 2 3836.0
1968 3 6637.0
1968 4 12952.0
1968 5 13700.0
1968 6 9628.0
1968 7 19647.0
1968 8 16362.0
1968 9 15031.0
1968 10 12213.0
1968 11 11100.0
1968 12 9877.0
1969 1 13113.0
1969 2 11878.0
1969 3 10093.0
1969 4 21936.0
1969 5 25871.0
1969 6 15852.0
1969 7 11289.0
1969 8 9749.0
1969 9 13556.0
1969 10 19317.0
1969 11 6304.0
1969 12 6798.0
1970 1 3975.0
1970 2 6234.0
1970 3 10244.0
1970 4 16076.0
1970 5 12821.0
1970 6 22122.0
1970 7 29492.0
1970 8 11751.0
1970 9 14281.0
1970 10 8851.0
1970 11 21014.0
1970 12 13296.0
1971 1 16028.0
1971 2 14960.0
1971 3 16495.0
1971 4 30264.0
1971 5 27155.0
1971 6 23520.0
1971 7 10560.0
1971 8 21181.0
1971 9 10431.0
1971 10 21716.0
1971 11 19548.0
1971 12 12520.0
1972 1 20383.0
1972 2 17687.0
1972 3 15958.0
1972 4 21247.0
1972 5 35202.0
1972 6 21640.0
1972 7 25427.0
1972 8 30933.0
1972 9 19044.0
1972 10 20569.0
1972 11 26883.0
1972 12 25207.0
1973 1 10006.0
1973 2 25642.0
1973 3 27659.0
1973 4 20127.0
1973 5 13047.0
1973 6 31439.0
1973 7 18705.0
1973 8 43370.0
1973 9 14706.0
1973 10 17445.0
1973 11 22769.0
1973 12 9114.0
1974 1 13369.0
1974 2 7231.0
1974 3 12128.0
1974 4 18922.0
1974 5 17584.0
1974 6 9232.0
1974 7 8077.0
1974 8 7309.0
1974 9 12556.0
1974 10 19893.0
1974 11 37320.0
1974 12 8201.0
1975 1 1786.0
1975 2 2935.0
1975 3 7828.0
1975 4 12244.0
1975 5 4035.0
1975 6 9708.0
1975 7 13692.0
1975 8 9305.0
1975 9 11539.0
1975 10 14729.0
1975 11 27621.0
1975 12 6888.0
1976 1 14663.0
1976 2 3089.0
1976 3 9953.0
1976 4 9094.0
1976 5 11568.0
1976 6 6211.0
1976 7 8793.0
1976 8 16397.0
1976 9 19186.0
1976 10 50703.0
1976 11 24030.0
1976 12 13004.0
1977 1 22038.0
1977 2 5348.0
1977 3 22434.0
1977 4 275612.0
1977 5 17136.0
1977 6 266166.0
1977 7 6566.0
1977 8 23317.0
1977 9 21658.0
1977 10 6171.0
1977 11 19592.0
1977 12 12558.0
1978 1 13825.0
1978 2 12790.0
1978 3 38466.0
1978 4 9431.0
1978 5 27932.0
1978 6 17685.0
1978 7 29830.0
1978 8 35188.0
1978 9 17132.0
1978 10 27036.0
1978 11 17735.0
1978 12 8933.0
1979 1 13299.0
1979 2 2903.0
1979 3 14349.0
1979 4 8299.0
1979 5 18258.0
1979 6 20507.0
1979 7 24297.0
1979 8 18862.0
1979 9 59915.0
1979 10 12286.0
1979 11 12637.0
1979 12 38859.0
1980 1 5545.0
1980 2 8015.0
1980 3 22183.0
1980 4 12291.0
1980 5 10599.0
1980 6 29130.0
1980 7 12325.0
1980 8 15374.0
1980 9 24391.0
1980 10 20607.0
1980 11 11160.0
1980 12 16439.0
1981 1 11685.0
1981 2 5710.0
1981 3 25817.0
1981 4 12520.0
1981 5 9696.0
1981 6 9326.0
1981 7 10336.0
1981 8 9226.0
1981 9 26695.0
1981 10 29869.0
1981 11 35984.0
1981 12 22600.0
1982 1 5447.0
1982 2 3049.0
1982 3 8243.0
1982 4 14751.0
1982 5 11439.0
1982 6 19995.0
1982 7 22847.0
1982 8 21441.0
1982 9 32744.0
1982 10 14709.0
1982 11 14434.5
1982 12 14160.0
1983 1 26303.0
1983 2 13026.0
1983 3 27195.0
1983 4 36121.0
1983 5 12376.0
1983 6 22764.0
1983 7 19047.0
1983 8 26216.0
1983 9 18525.0
1983 10 18109.0
1983 11 22047.0
1983 12 16034.0
1984 1 9073.0
1984 2 18572.0
1984 3 14461.0
1984 4 14552.0
1984 5 19095.0
1984 6 17808.0
1984 7 23062.0
1984 8 23658.0
1984 9 32700.0
1984 10 23492.0
1984 11 19896.0
1984 12 15858.0
1985 1 14496.0
1985 2 19673.0
1985 3 31074.0
1985 4 26464.0
1985 5 40276.0
1985 6 18091.0
1985 7 15828.0
1985 8 37824.0
1985 9 26980.0
1985 10 30096.0
1985 11 9979.0
1985 12 14044.0
1986 1 14719.0
1986 2 6375.0
1986 3 10817.0
1986 4 36250.0
1986 5 21059.0
1986 6 18889.0
1986 7 44959.0
1986 8 35585.0
1986 9 44911.0
1986 10 23935.0
1986 11 13250.0
1986 12 19078.0
1987 1 25084.0
1987 2 20596.0
1987 3 40390.0
1987 4 26688.0
1987 5 28132.0
1987 6 24441.0
1987 7 36341.0
1987 8 21661.0
1987 9 21384.0
1987 10 31721.0
1987 11 30122.0
1987 12 45339.0
1988 1 14731.0
1988 2 19765.0
1988 3 30188.0
1988 4 54822.0
1988 5 22097.0
1988 6 41257.0
1988 7 16577.0
1988 8 15957.0
1988 9 21786.0
1988 10 26822.0
1988 11 14998.0
1988 12 24494.0
1989 1 15375.0
1989 2 18457.0
1989 3 25133.0
1989 4 23293.0
1989 5 27639.0
1989 6 49352.0
1989 7 21710.0
1989 8 29379.0
1989 9 35496.0
1989 10 21891.0
1989 11 26173.0
1989 12 15620.0
1990 1 21880.0
1990 2 17543.0
1990 3 19949.0
1990 4 18628.0
1990 5 24457.0
1990 6 18005.0
1990 7 16770.0
1990 8 10889.0
1990 9 15335.0
1990 10 15936.0
1990 11 22562.0
1990 12 10204.0
1991 1 15251.0
1991 2 18578.0
1991 3 33895.0
1991 4 17768.0
1991 5 14221.0
1991 6 14262.0
1991 7 37891.0
1991 8 16989.0
1991 9 11248.0
1991 10 18178.0
1991 11 14565.0
1991 12 30123.0
1992 1 20123.0
1992 2 4340.0
1992 3 17517.0
1992 4 10722.0
1992 5 9390.0
1992 6 16020.0
1992 7 21004.0
1992 8 22797.0
1992 9 19634.0
1992 10 5966.0
1992 11 6789.0
1992 12 7525.0
1993 1 6234.0
1993 2 4507.0
1993 3 10956.0
1993 4 11188.0
1993 5 16938.0
1993 6 16732.0
1993 7 10701.0
1993 8 23199.0
1993 9 12487.0
1993 10 22522.0
1993 11 18486.0
1993 12 24924.0
1994 1 6633.0
1994 2 4957.0
1994 3 9619.0
1994 4 12321.0
1994 5 10630.0
1994 6 19558.0
1994 7 22706.0
1994 8 7980.0
1994 9 8763.0
1994 10 10510.0
1994 11 8501.0
1994 12 21326.0
1995 1 7792.0
1995 2 21105.0
1995 3 10317.0
1995 4 16284.0
1995 5 8975.0
1995 6 26779.0
1995 7 17157.0
1995 8 11827.0
1995 9 9911.0
1995 10 24551.0
1995 11 15888.0
1995 12 12401.0
1996 1 17393.0
1996 2 3683.0
1996 3 14017.0
1996 4 15570.0
1996 5 20678.0
1996 6 24781.0
1996 7 22233.0
1996 8 31891.0
1996 9 34318.0
1996 10 39754.0
1996 11 27470.0
1996 12 21114.0
1997 1 13799.0
1997 2 54203.0
1997 3 27660.0
1997 4 30657.0
1997 5 37046.0
1997 6 42733.0
1997 7 18813.0
1997 8 40863.0
1997 9 20407.0
1997 10 28797.0
1997 11 23781.0
1997 12 10388.0
1998 1 29227.0
1998 2 15755.0
1998 3 17525.0
1998 4 27639.0
1998 5 16099.0
1998 6 49655.0
1998 7 31800.0
1998 8 11639.0
1998 9 46326.0
1998 10 39522.0
1998 11 40791.0
1998 12 44100.0
1999 1 11809.0
1999 2 13201.0
1999 3 35018.0
1999 4 35074.0
1999 5 17064.0
1999 6 78835.0
1999 7 16697.0
1999 8 23670.0
1999 9 23202.0
1999 10 26034.0
1999 11 36631.0
1999 12 20619.0
2000 1 24028.0
2000 2 33698.0
2000 3 35540.0
2000 4 15705.0
2000 5 44385.0
2000 6 45260.0
2000 7 38723.0
2000 8 37481.0
2000 9 36973.0
2000 10 44931.0
2000 11 25797.0
2000 12 12790.0
2001 1 10359.0
2001 2 11232.0
2001 3 36727.0
2001 4 74103.0
2001 5 21754.0
2001 6 52532.0
2001 7 32620.0
2001 8 20915.0
2001 9 27718.0
2001 10 63075.0
2001 11 13420.0
2001 12 20434.0
2002 1 23343.0
2002 2 30737.0
2002 3 19091.0
2002 4 31170.0
2002 5 25785.0
2002 6 27152.0
2002 7 42118.0
2002 8 67298.0
2002 9 31620.0
2002 10 55721.0
2002 11 37756.0
2002 12 18171.0
2003 1 20950.0
2003 2 50771.0
2003 3 20152.0
2003 4 33189.0
2003 5 35444.0
2003 6 37193.0
2003 7 40975.0
2003 8 51835.0
2003 9 20948.0
2003 10 64111.0
2003 11 68902.0
2003 12 75364.0
2004 1 24770.0
2004 2 29712.0
2004 3 128848.0
2004 4 29372.0
2004 5 35295.0
2004 6 53321.0
2004 7 105806.0
2004 8 31208.0
2004 9 83089.0
2004 10 31220.0
2004 11 28474.0
2004 12 40490.0
2005 1 15301.0
2005 2 45112.0
2005 3 45699.0
2005 4 48865.0
2005 5 37659.0
2005 6 55268.0
2005 7 51123.0
2005 8 33813.0
2005 9 38733.0
2005 10 59196.0
2005 11 76240.0
2005 12 38403.0
2006 1 41828.0
2006 2 39433.0
2006 3 74867.0
2006 4 49694.0
2006 5 46207.0
2006 6 59210.0
2006 7 70276.0
2006 8 26930.0
2006 9 21904.0
2006 10 29280.0
2006 11 15745.0
2006 12 49674.0
2007 1 37366.0
2007 2 24299.0
2007 3 46186.0
2007 4 33954.0
2007 5 31146.0
2007 6 46509.0
2007 7 23105.0
2007 8 142151.0
2007 9 36888.0
2007 10 30067.0
2007 11 26157.0
2007 12 28520.0
2008 1 40301.0
2008 2 17694.0
2008 3 41107.0
2008 4 68529.0
2008 5 42361.0
2008 6 53298.0
2008 7 32481.0
2008 8 22085.0
2008 9 27148.0
2008 10 45344.0
2008 11 22121.0
2008 12 12425.0
2009 1 10650.0
2009 2 16762.0
2009 3 15065.0
2009 4 28362.0
2009 5 11141.0
2009 6 6360.0
2009 7 11375.0
2009 8 24606.0
2009 9 24340.0
2009 10 27348.0
2009 11 16527.0
2009 12 124597.0
2010 1 27420.0
2010 2 8739.0
2010 3 24417.0
2010 4 16981.0
2010 5 22999.0
2010 6 36157.0
2010 7 16570.0
2010 8 50825.0
2010 9 116186.0
2010 10 52344.0
2010 11 27838.0
2010 12 13320.0
2011 1 8960.0
2011 2 11895.0
2011 3 26638.0
2011 4 23529.0
2011 5 69317.0
2011 6 27460.0
2011 7 19472.0
2011 8 25054.0
2011 9 34421.0
2011 10 30434.0
2011 11 42806.0
2011 12 17497.0
2012 1 20094.0
2012 2 15367.0
2012 3 23076.0
2012 4 34634.0
2012 5 11273.0
2012 6 145543.0
2012 7 137790.0
2012 8 25575.0
2012 9 48908.0
2012 10 17298.0
2012 11 21054.0
2012 12 89503.0
2013 1 78496.0
2013 2 22443.0
2013 3 98834.0
2013 4 33822.0
2013 5 33049.0
2013 6 47352.0
2013 7 93727.0
2013 8 34317.0
2013 9 30134.0
2013 10 57384.0
2013 11 74587.0
2013 12 36871.0
2014 1 122446.0
2014 2 13451.0
2014 3 64369.0
2014 4 194077.0
2014 5 49130.0
2014 6 181114.0
2014 7 67534.0
2014 8 31213.0
2014 9 107574.0
2014 10 67497.0
2014 11 123279.0
2014 12 199529.0
2015 1 14702.0
2015 2 125428.0
2015 3 23151.0
2015 4 199176.0
2015 5 75505.0
2015 6 186241.0
2015 7 74657.0
2015 8 46154.0
2015 9 117588.0
2015 10 144443.0
2015 11 74794.0
2015 12 85168.0
2016 1 39895.0
2016 2 78400.0
2016 3 70443.0
2016 4 30543.0
2016 5 58499.0
2016 6 91460.0
2016 7 44144.0
2016 8 53635.0
2016 9 132220.0
2016 10 59624.0
2016 11 47998.0
2016 12 37898.0
2017 1 58990.0
2017 2 59633.0
2017 3 184896.0
2017 4 58541.0
2017 5 108521.0
2017 6 76315.0
2017 7 33059.0
2017 8 21647.0
2017 9 57401.0
2017 10 51173.0
2017 11 61494.0
2017 12 82038.0
2018 1 37399.0
2018 2 50629.0
2018 3 96715.0
2018 4 78665.0
2018 5 85472.0
2018 6 70998.0
2018 7 141939.0
2018 8 53801.0
2018 9 49960.0
2018 10 90466.0
2018 11 53768.0
2018 12 51730.0
2019 1 48110.0
2019 2 104880.0
2019 3 62925.0
2019 4 90126.0
2019 5 59485.0
2019 6 123472.0
2019 7 100588.0
2019 8 111463.0
2019 9 65233.0
2019 10 64335.0
2019 11 47348.0
2019 12 210080.0
2020 1 151841.0
2020 2 58445.0
2020 3 82112.0
2020 4 17453.0
2020 5 69517.0
2020 6 73070.0
2020 7 124594.0
2020 8 59177.0
2020 9 49753.0
2020 10 75858.0
2020 11 96743.0
2020 12 90083.0
2021 1 424808.0
2021 2 222141.0
2021 3 228574.0
2021 4 87570.0
2021 5 140954.0
2021 6 95093.0
2021 7 92489.0
2021 8 89783.0
2021 9 81528.0
2021 10 78165.0
2021 11 86435.0
2021 12 1945515.0
2022 1 51379.0
2022 2 82012.0
2022 3 177205.0
2022 4 90239.0
2022 5 74982.0
2022 6 103198.0
2022 7 100903.0
2022 8 65863.0
2022 9 52665.0
2022 10 109504.0
2022 11 213350.0
2022 12 122215.0
2023 1 48285.0
2023 2 58758.0
2023 3 108302.0
2023 4 117424.0
2023 5 110718.0
2023 6 81073.0
2023 7 68265.0
2023 8 56775.0
2023 9 88637.0
2023 10 235100.0
2023 11 92503.0
2023 12 47439.0
2024 1 63385.0
2024 2 90361.0
2024 3 170530.0
2024 4 70541.0
2024 5 140373.0
2024 6 78509.0
2024 7 81075.0
2024 8 89373.0
