1960 5 1169.0
1960 6 1050.0
1960 7 1685.0
1960 8 1418.0
1960 9 1304.0
1960 10 1502.0
1960 11 1356.0
1960 12 824.0
1961 1 786.0
1961 2 185.0
1961 3 2859.0
1961 4 821.0
1961 5 1181.0
1961 6 1356.0
1961 7 631.0
1961 8 800.0
1961 9 988.0
1961 10 3443.0
1961 11 794.0
1961 12 575.0
1962 1 264.0
1962 2 1029.0
1962 3 1775.0
1962 4 1079.0
1962 5 678.0
1962 6 616.0
1962 7 1094.0
1962 8 678.0
1962 9 305.0
1962 10 781.0
1962 11 352.0
1962 12 919.0
1963 1 191.0
1963 2 274.0
1963 3 1256.0
1963 4 1022.0
1963 5 591.0
1963 6 1283.0
1963 7 572.0
1963 8 1548.0
1963 9 303.0
1963 10 390.0
1963 11 466.0
1963 12 327.0
1964 1 181.0
1964 2 260.0
1964 3 1022.0
1964 4 266.0
1964 5 682.0
1964 6 678.0
1964 7 535.0
1964 8 676.0
1964 9 747.0
1964 10 838.0
1964 11 707.0
1964 12 530.0
1965 1 602.0
1965 2 466.0
1965 3 639.0
1965 4 1181.0
1965 5 823.0
1965 6 1678.0
1965 7 553.0
1965 8 717.0
1965 9 1107.0
1965 10 523.0
1965 11 551.0
1965 12 960.0
1966 1 926.0
1966 2 127.0
1966 3 1144.0
1966 4 1354.0
1966 5 1515.0
1966 6 984.0
1966 7 666.0
1966 8 404.0
1966 9 1031.0
1966 10 606.0
1966 11 211.0
1966 12 109.0
1967 1 170.0
1967 2 296.0
1967 3 368.0
1967 4 198.0
1967 5 304.0
1967 6 1375.0
1967 7 209.0
1967 8 1119.0
1967 9 1112.0
1967 10 1466.0
1967 11 329.0
1967 12 1743.0
1968 1 36.0
1968 2 97.0
1968 3 496.0
1968 4 2049.0
1968 5 772.0
1968 6 646.0
1968 7 448.0
1968 8 664.0
1968 9 2306.0
1968 10 904.0
1968 11 1130.0
1968 12 432.0
1969 1 383.0
1969 2 1096.0
1969 3 1227.0
1969 4 753.0
1969 5 1060.0
1969 6 1387.0
1969 7 582.0
1969 8 2099.0
1969 9 1524.0
1969 10 1038.0
1969 11 561.0
1969 12 124.0
1970 1 211.0
1970 2 170.0
1970 3 1024.0
1970 4 850.0
1970 5 727.0
1970 6 1204.0
1970 7 1295.0
1970 8 2829.0
1970 9 1095.0
1970 10 710.0
1970 11 2988.0
1970 12 1581.0
1971 1 966.0
1971 2 2018.0
1971 3 989.0
1971 4 2477.0
1971 5 1921.0
1971 6 890.0
1971 7 1430.0
1971 8 6641.0
1971 9 909.0
1971 10 1911.0
1971 11 2128.0
1971 12 3468.0
1972 1 2237.0
1972 2 2218.0
1972 3 1250.0
1972 4 1053.0
1972 5 1319.0
1972 6 5704.0
1972 7 1752.0
1972 8 3103.0
1972 9 1602.0
1972 10 2477.0
1972 11 5076.0
1972 12 1713.0
1973 1 853.0
1973 2 1149.0
1973 3 3659.0
1973 4 8280.0
1973 5 3468.0
1973 6 1338.0
1973 7 1571.0
1973 8 26005.0
1973 9 1689.0
1973 10 5009.0
1973 11 946.0
1973 12 1551.0
1974 1 1164.0
1974 2 966.0
1974 3 1823.0
1974 4 1308.0
1974 5 1903.0
1974 6 1263.0
1974 7 1661.0
1974 8 1323.0
1974 9 1456.0
1974 10 1458.0
1974 11 529.0
1974 12 851.0
1975 1 839.0
1975 2 1027.0
1975 3 849.0
1975 4 980.0
1975 5 2655.0
1975 6 658.0
1975 7 2550.0
1975 8 1113.0
1975 9 1902.0
1975 10 2960.0
1975 11 1766.0
1975 12 789.0
1976 1 2871.0
1976 2 1153.0
1976 3 1722.0
1976 4 1710.0
1976 5 1022.0
1976 6 733.0
1976 7 1496.0
1976 8 1883.0
1976 9 1474.0
1976 10 1300.0
1976 11 2060.0
1976 12 1414.0
1977 1 609.0
1977 2 809.0
1977 3 13278.0
1977 4 57447.0
1977 5 1919.0
1977 6 90334.0
1977 7 2302.0
1977 8 1267.0
1977 9 2364.0
1977 10 1961.0
1977 11 1598.0
1977 12 3500.0
1978 1 2515.0
1978 2 3088.0
1978 3 7710.0
1978 4 3278.0
1978 5 6555.0
1978 6 4919.0
1978 7 2008.0
1978 8 6697.0
1978 9 4027.0
1978 10 4848.0
1978 11 6839.0
1978 12 5274.0
1979 1 2203.0
1979 2 567.0
1979 3 3278.0
1979 4 4437.0
1979 5 3182.0
1979 6 4295.0
1979 7 2457.0
1979 8 3436.0
1979 9 4133.0
1979 10 1882.0
1979 11 1570.0
1979 12 2257.0
1980 1 1511.0
1980 2 2188.0
1980 3 6663.0
1980 4 2730.0
1980 5 5898.0
1980 6 5868.0
1980 7 2871.0
1980 8 8773.0
1980 9 4353.0
1980 10 7717.0
1980 11 2274.0
1980 12 3552.0
1981 1 5047.0
1981 2 3590.0
1981 3 3005.0
1981 4 7408.0
1981 5 4005.0
1981 6 6271.0
1981 7 2776.0
1981 8 3319.0
1981 9 2751.0
1981 10 1886.0
1981 11 2888.0
1981 12 1743.0
1982 1 626.0
1982 2 2079.0
1982 3 1866.0
1982 4 2335.0
1982 5 2804.0
1982 6 4181.0
1982 7 3730.0
1982 8 6260.0
1982 9 10858.0
1982 10 3363.0
1982 11 3865.5
1982 12 4368.0
1983 1 939.0
1983 2 398.0
1983 3 6958.0
1983 4 11149.0
1983 5 3855.0
1983 6 7153.0
1983 7 6384.0
1983 8 5067.0
1983 9 3885.0
1983 10 6086.0
1983 11 4667.0
1983 12 3964.0
1984 1 2666.0
1984 2 4935.0
1984 3 7011.0
1984 4 5789.0
1984 5 5825.0
1984 6 7544.0
1984 7 6276.0
1984 8 7466.0
1984 9 11053.0
1984 10 4981.0
1984 11 6084.0
1984 12 4775.0
1985 1 6434.0
1985 2 3442.0
1985 3 16451.0
1985 4 8657.0
1985 5 4468.0
1985 6 5669.0
1985 7 6596.0
1985 8 12626.0
1985 9 6749.0
1985 10 11126.0
1985 11 4555.0
1985 12 2273.0
1986 1 5469.0
1986 2 3484.0
1986 3 3235.0
1986 4 6673.0
1986 5 6368.0
1986 6 7761.0
1986 7 4645.0
1986 8 4590.0
1986 9 8001.0
1986 10 6793.0
1986 11 6336.0
1986 12 5724.0
1987 1 2492.0
1987 2 6308.0
1987 3 14354.0
1987 4 9519.0
1987 5 9620.0
1987 6 7557.0
1987 7 11933.0
1987 8 4665.0
1987 9 5449.0
1987 10 7783.0
1987 11 9810.0
1987 12 6559.0
1988 1 4793.0
1988 2 2070.0
1988 3 8126.0
1988 4 7302.0
1988 5 8023.0
1988 6 7217.0
1988 7 3938.0
1988 8 4084.0
1988 9 5077.0
1988 10 4172.0
1988 11 5164.0
1988 12 4216.0
1989 1 3754.0
1989 2 3337.0
1989 3 5129.0
1989 4 7284.0
1989 5 5039.0
1989 6 6111.0
1989 7 6043.0
1989 8 6167.0
1989 9 6822.0
1989 10 3466.0
1989 11 5573.0
1989 12 2388.0
1990 1 2529.0
1990 2 1233.0
1990 3 4047.0
1990 4 3544.0
1990 5 9383.0
1990 6 3666.0
1990 7 8668.0
1990 8 3954.0
1990 9 4799.0
1990 10 2283.0
1990 11 3406.0
1990 12 1127.0
1991 1 1570.0
1991 2 5007.0
1991 3 4270.0
1991 4 5891.0
1991 5 4681.0
1991 6 2325.0
1991 7 4194.0
1991 8 3614.0
1991 9 3542.0
1991 10 3033.0
1991 11 7571.0
1991 12 1421.0
1992 1 16054.0
1992 2 1215.0
1992 3 4371.0
1992 4 3215.0
1992 5 3320.0
1992 6 7213.0
1992 7 3482.0
1992 8 2924.0
1992 9 2402.0
1992 10 2032.0
1992 11 2854.0
1992 12 2111.0
1993 1 3090.0
1993 2 1343.0
1993 3 2909.0
1993 4 5398.0
1993 5 2638.0
1993 6 5868.0
1993 7 3234.0
1993 8 4663.0
1993 9 5157.0
1993 10 4367.0
1993 11 4096.0
1993 12 2801.0
1994 1 1380.0
1994 2 1635.0
1994 3 4215.0
1994 4 7471.0
1994 5 5097.0
1994 6 5723.0
1994 7 3184.0
1994 8 3067.0
1994 9 3310.0
1994 10 3198.0
1994 11 3849.0
1994 12 2931.0
1995 1 4167.0
1995 2 9417.0
1995 3 4072.0
1995 4 5236.0
1995 5 5122.0
1995 6 11430.0
1995 7 3134.0
1995 8 4427.0
1995 9 2856.0
1995 10 3319.0
1995 11 6147.0
1995 12 5635.0
1996 1 3659.0
1996 2 1447.0
1996 3 1551.0
1996 4 6468.0
1996 5 4414.0
1996 6 16468.0
1996 7 11158.0
1996 8 10219.0
1996 9 11189.0
1996 10 5230.0
1996 11 6107.0
1996 12 9583.0
1997 1 5159.0
1997 2 3048.0
1997 3 5977.0
1997 4 14824.0
1997 5 15848.0
1997 6 7467.0
1997 7 7400.0
1997 8 9849.0
1997 9 7903.0
1997 10 12584.0
1997 11 3637.0
1997 12 4121.0
1998 1 4930.0
1998 2 9016.0
1998 3 7003.0
1998 4 9367.0
1998 5 6064.0
1998 6 14152.0
1998 7 12130.0
1998 8 4965.0
1998 9 11066.0
1998 10 5884.0
1998 11 6097.0
1998 12 6143.0
1999 1 2300.0
1999 2 5241.0
1999 3 8931.0
1999 4 12914.0
1999 5 5476.0
1999 6 13404.0
1999 7 9570.0
1999 8 9235.0
1999 9 7865.0
1999 10 4995.0
1999 11 5728.0
1999 12 7937.0
2000 1 2559.0
2000 2 6068.0
2000 3 11780.0
2000 4 7921.0
2000 5 12377.0
2000 6 7016.0
2000 7 9487.0
2000 8 10358.0
2000 9 9184.0
2000 10 9820.0
2000 11 7088.0
2000 12 3551.0
2001 1 3623.0
2001 2 4482.0
2001 3 8206.0
2001 4 9725.0
2001 5 12359.0
2001 6 6875.0
2001 7 6551.0
2001 8 9618.0
2001 9 11639.0
2001 10 9912.0
2001 11 5024.0
2001 12 11467.0
2002 1 5026.0
2002 2 5892.0
2002 3 5093.0
2002 4 7076.0
2002 5 11987.0
2002 6 11138.0
2002 7 13773.0
2002 8 15464.0
2002 9 10450.0
2002 10 9315.0
2002 11 10664.0
2002 12 9411.0
2003 1 5868.0
2003 2 4823.0
2003 3 7076.0
2003 4 14984.0
2003 5 11186.0
2003 6 9415.0
2003 7 16950.0
2003 8 9549.0
2003 9 7261.0
2003 10 13816.0
2003 11 10268.0
2003 12 16993.0
2004 1 7822.0
2004 2 12647.0
2004 3 25050.0
2004 4 11004.0
2004 5 15304.0
2004 6 24092.0
2004 7 22901.0
2004 8 13984.0
2004 9 11240.0
2004 10 16658.0
2004 11 12552.0
2004 12 11416.0
2005 1 3867.0
2005 2 1725.0
2005 3 5128.0
2005 4 15005.0
2005 5 5700.0
2005 6 19255.0
2005 7 16581.0
2005 8 9296.0
2005 9 14502.0
2005 10 16815.0
2005 11 20507.0
2005 12 6316.0
2006 1 9402.0
2006 2 9462.0
2006 3 26704.0
2006 4 12295.0
2006 5 30547.0
2006 6 19115.0
2006 7 17931.0
2006 8 9423.0
2006 9 10413.0
2006 10 12166.0
2006 11 7456.0
2006 12 25731.0
2007 1 5814.0
2007 2 5303.0
2007 3 8181.0
2007 4 6683.0
2007 5 15951.0
2007 6 9009.0
2007 7 6697.0
2007 8 4868.0
2007 9 5975.0
2007 10 5842.0
2007 11 14067.0
2007 12 4807.0
2008 1 2687.0
2008 2 4230.0
2008 3 12177.0
2008 4 4438.0
2008 5 5732.0
2008 6 2164.0
2008 7 7876.0
2008 8 7117.0
2008 9 2911.0
2008 10 6817.0
2008 11 3950.0
2008 12 3455.0
2009 1 3135.0
2009 2 2235.0
2009 3 3583.0
2009 4 5926.0
2009 5 7349.0
2009 6 3559.0
2009 7 6225.0
2009 8 7980.0
2009 9 10492.0
2009 10 7240.0
2009 11 8391.0
2009 12 7676.0
2010 1 12739.0
2010 2 2826.0
2010 3 10320.0
2010 4 7839.0
2010 5 5034.0
2010 6 6758.0
2010 7 9238.0
2010 8 10181.0
2010 9 6328.0
2010 10 6734.0
2010 11 11108.0
2010 12 5342.0
2011 1 5854.0
2011 2 2458.0
2011 3 6127.0
2011 4 7473.0
2011 5 4095.0
2011 6 5076.0
2011 7 12625.0
2011 8 8004.0
2011 9 5312.0
2011 10 8249.0
2011 11 7031.0
2011 12 4151.0
2012 1 3336.0
2012 2 8875.0
2012 3 11302.0
2012 4 7543.0
2012 5 5193.0
2012 6 7154.0
2012 7 8816.0
2012 8 7144.0
2012 9 12896.0
2012 10 5080.0
2012 11 11595.0
2012 12 40632.0
2013 1 6331.0
2013 2 9597.0
2013 3 9453.0
2013 4 12009.0
2013 5 7822.0
2013 6 5572.0
2013 7 17695.0
2013 8 10514.0
2013 9 8318.0
2013 10 8125.0
2013 11 8177.0
2013 12 10849.0
2014 1 6306.0
2014 2 6131.0
2014 3 9075.0
2014 4 7928.0
2014 5 11506.0
2014 6 7373.0
2014 7 11931.0
2014 8 6054.0
2014 9 12061.0
2014 10 9151.0
2014 11 9733.0
2014 12 7117.0
2015 1 4120.0
2015 2 1418.0
2015 3 9344.0
2015 4 19798.0
2015 5 14522.0
2015 6 29415.0
2015 7 10274.0
2015 8 15914.0
2015 9 28523.0
2015 10 19286.0
2015 11 13689.0
2015 12 9977.0
2016 1 16477.0
2016 2 18540.0
2016 3 13063.0
2016 4 10103.0
2016 5 6280.0
2016 6 19842.0
2016 7 6973.0
2016 8 14785.0
2016 9 4570.0
2016 10 18568.0
2016 11 12837.0
2016 12 12172.0
2017 1 14523.0
2017 2 15316.0
2017 3 10957.0
2017 4 10295.0
2017 5 24962.0
2017 6 27240.0
2017 7 2586.0
2017 8 12944.0
2017 9 13132.0
2017 10 12704.0
2017 11 15000.0
2017 12 6414.0
2018 1 10568.0
2018 2 23680.0
2018 3 10036.0
2018 4 7585.0
2018 5 12791.0
2018 6 21712.0
2018 7 6902.0
2018 8 17395.0
2018 9 29459.0
2018 10 17449.0
2018 11 19197.0
2018 12 28608.0
2019 1 16073.0
2019 2 13564.0
2019 3 16581.0
2019 4 26216.0
2019 5 30919.0
2019 6 42662.0
2019 7 34380.0
2019 8 17782.0
2019 9 18485.0
2019 10 33133.0
2019 11 16212.0
2019 12 11009.0
2020 1 22896.0
2020 2 20163.0
2020 3 21642.0
2020 4 5443.0
2020 5 15289.0
2020 6 27755.0
2020 7 20645.0
2020 8 25262.0
2020 9 10217.0
2020 10 37056.0
2020 11 21257.0
2020 12 19935.0
2021 1 27326.0
2021 2 25659.0
2021 3 23680.0
2021 4 11752.0
2021 5 25224.0
2021 6 16980.0
2021 7 20577.0
2021 8 19033.0
2021 9 11981.0
2021 10 20520.0
2021 11 17811.0
2021 12 80911.0
2022 1 7921.0
2022 2 7657.0
2022 3 18369.0
2022 4 16332.0
2022 5 25527.0
2022 6 16300.0
2022 7 22593.0
2022 8 18774.0
2022 9 12796.0
2022 10 11836.0
2022 11 29826.0
2022 12 17315.0
2023 1 16454.0
2023 2 12709.0
2023 3 12758.0
2023 4 21920.0
2023 5 10320.0
2023 6 12523.0
2023 7 9517.0
2023 8 12290.0
2023 9 11953.0
2023 10 13006.0
2023 11 11723.0
2023 12 6713.0
2024 1 10246.0
2024 2 9144.0
2024 3 41899.0
2024 4 16315.0
2024 5 22062.0
2024 6 16255.0
2024 7 17175.0
2024 8 9799.0
