1960 5 1560.0
1960 6 766.0
1960 7 1514.0
1960 8 902.0
1960 9 1105.0
1960 10 2125.0
1960 11 2299.0
1960 12 2629.0
1961 1 1150.0
1961 2 2660.0
1961 3 2375.0
1961 4 9853.0
1961 5 12855.0
1961 6 1441.0
1961 7 9329.0
1961 8 3388.0
1961 9 10524.0
1961 10 8690.0
1961 11 2563.0
1961 12 337.0
1962 1 1847.0
1962 2 1092.0
1962 3 6675.0
1962 4 11074.0
1962 5 16746.0
1962 6 19744.0
1962 7 6785.0
1962 8 9847.0
1962 9 7141.0
1962 10 4293.0
1962 11 3084.0
1962 12 1680.0
1963 1 3523.0
1963 2 1550.0
1963 3 3431.0
1963 4 9838.0
1963 5 7710.0
1963 6 3326.0
1963 7 8082.0
1963 8 4724.0
1963 9 4913.0
1963 10 5270.0
1963 11 6246.0
1963 12 4212.0
1964 1 3227.0
1964 2 1336.0
1964 3 12581.0
1964 4 7738.0
1964 5 12060.0
1964 6 4510.0
1964 7 4790.0
1964 8 9082.0
1964 9 2377.0
1964 10 7613.0
1964 11 4618.0
1964 12 20185.0
1965 1 6276.0
1965 2 4330.0
1965 3 8851.0
1965 4 11355.0
1965 5 9218.0
1965 6 6634.0
1965 7 10028.0
1965 8 5335.0
1965 9 9000.0
1965 10 8378.0
1965 11 7834.0
1965 12 16176.0
1966 1 6448.0
1966 2 3198.0
1966 3 10264.0
1966 4 8236.0
1966 5 14057.0
1966 6 6118.0
1966 7 12966.0
1966 8 7208.0
1966 9 9128.0
1966 10 7053.0
1966 11 3093.0
1966 12 8374.0
1967 1 2596.0
1967 2 6390.0
1967 3 15526.0
1967 4 8540.0
1967 5 12374.0
1967 6 8430.0
1967 7 6750.0
1967 8 11819.0
1967 9 8331.0
1967 10 11106.0
1967 11 7034.0
1967 12 9693.0
1968 1 2166.0
1968 2 3739.0
1968 3 6141.0
1968 4 10903.0
1968 5 12928.0
1968 6 8982.0
1968 7 19199.0
1968 8 15698.0
1968 9 12725.0
1968 10 11309.0
1968 11 9970.0
1968 12 9445.0
1969 1 12730.0
1969 2 10782.0
1969 3 8866.0
1969 4 21183.0
1969 5 24811.0
1969 6 14465.0
1969 7 10707.0
1969 8 7650.0
1969 9 12032.0
1969 10 18279.0
1969 11 5743.0
1969 12 6674.0
1970 1 3764.0
1970 2 6064.0
1970 3 9220.0
1970 4 15226.0
1970 5 12094.0
1970 6 20918.0
1970 7 28197.0
1970 8 8922.0
1970 9 13186.0
1970 10 8141.0
1970 11 18026.0
1970 12 11715.0
1971 1 15062.0
1971 2 12942.0
1971 3 15506.0
1971 4 27787.0
1971 5 25234.0
1971 6 22630.0
1971 7 9130.0
1971 8 14540.0
1971 9 9522.0
1971 10 19805.0
1971 11 17420.0
1971 12 9052.0
1972 1 18146.0
1972 2 15469.0
1972 3 14708.0
1972 4 20194.0
1972 5 33883.0
1972 6 15936.0
1972 7 23675.0
1972 8 27830.0
1972 9 17442.0
1972 10 18092.0
1972 11 21807.0
1972 12 23494.0
1973 1 9153.0
1973 2 24493.0
1973 3 24000.0
1973 4 11847.0
1973 5 9579.0
1973 6 30101.0
1973 7 17134.0
1973 8 17365.0
1973 9 13017.0
1973 10 12436.0
1973 11 21823.0
1973 12 7563.0
1974 1 12205.0
1974 2 6265.0
1974 3 10305.0
1974 4 17614.0
1974 5 15681.0
1974 6 7969.0
1974 7 6416.0
1974 8 5986.0
1974 9 11100.0
1974 10 18435.0
1974 11 36791.0
1974 12 7350.0
1975 1 947.0
1975 2 1908.0
1975 3 6979.0
1975 4 11264.0
1975 5 1380.0
1975 6 9050.0
1975 7 11142.0
1975 8 8192.0
1975 9 9637.0
1975 10 11769.0
1975 11 25855.0
1975 12 6099.0
1976 1 11792.0
1976 2 1936.0
1976 3 8231.0
1976 4 7384.0
1976 5 10546.0
1976 6 5478.0
1976 7 7297.0
1976 8 14514.0
1976 9 17712.0
1976 10 49403.0
1976 11 21970.0
1976 12 11590.0
1977 1 21429.0
1977 2 4539.0
1977 3 9156.0
1977 4 218165.0
1977 5 15217.0
1977 6 175832.0
1977 7 4264.0
1977 8 22050.0
1977 9 19294.0
1977 10 4210.0
1977 11 17994.0
1977 12 9058.0
1978 1 11310.0
1978 2 9702.0
1978 3 30756.0
1978 4 6153.0
1978 5 21377.0
1978 6 12766.0
1978 7 27822.0
1978 8 28491.0
1978 9 13105.0
1978 10 22188.0
1978 11 10896.0
1978 12 3659.0
1979 1 11096.0
1979 2 2336.0
1979 3 11071.0
1979 4 3862.0
1979 5 15076.0
1979 6 16212.0
1979 7 21840.0
1979 8 15426.0
1979 9 55782.0
1979 10 10404.0
1979 11 11067.0
1979 12 36602.0
1980 1 4034.0
1980 2 5827.0
1980 3 15520.0
1980 4 9561.0
1980 5 4701.0
1980 6 23262.0
1980 7 9454.0
1980 8 6601.0
1980 9 20038.0
1980 10 12890.0
1980 11 8886.0
1980 12 12887.0
1981 1 6638.0
1981 2 2120.0
1981 3 22812.0
1981 4 5112.0
1981 5 5691.0
1981 6 3055.0
1981 7 7560.0
1981 8 5907.0
1981 9 23944.0
1981 10 27983.0
1981 11 33096.0
1981 12 20857.0
1982 1 4821.0
1982 2 970.0
1982 3 6377.0
1982 4 12416.0
1982 5 8635.0
1982 6 15814.0
1982 7 19117.0
1982 8 15181.0
1982 9 21886.0
1982 10 11346.0
1982 11 10569.0
1982 12 9792.0
1983 1 25364.0
1983 2 12628.0
1983 3 20237.0
1983 4 24972.0
1983 5 8521.0
1983 6 15611.0
1983 7 12663.0
1983 8 21149.0
1983 9 14640.0
1983 10 12023.0
1983 11 17380.0
1983 12 12070.0
1984 1 6407.0
1984 2 13637.0
1984 3 7450.0
1984 4 8763.0
1984 5 13270.0
1984 6 10264.0
1984 7 16786.0
1984 8 16192.0
1984 9 21647.0
1984 10 18511.0
1984 11 13812.0
1984 12 11083.0
1985 1 8062.0
1985 2 16231.0
1985 3 14623.0
1985 4 17807.0
1985 5 35808.0
1985 6 12422.0
1985 7 9232.0
1985 8 25198.0
1985 9 20231.0
1985 10 18970.0
1985 11 5424.0
1985 12 11771.0
1986 1 9250.0
1986 2 2891.0
1986 3 7582.0
1986 4 29577.0
1986 5 14691.0
1986 6 11128.0
1986 7 40314.0
1986 8 30995.0
1986 9 36910.0
1986 10 17142.0
1986 11 6914.0
1986 12 13354.0
1987 1 22592.0
1987 2 14288.0
1987 3 26036.0
1987 4 17169.0
1987 5 18512.0
1987 6 16884.0
1987 7 24408.0
1987 8 16996.0
1987 9 15935.0
1987 10 23938.0
1987 11 20312.0
1987 12 38780.0
1988 1 9938.0
1988 2 17695.0
1988 3 22062.0
1988 4 47520.0
1988 5 14074.0
1988 6 34040.0
1988 7 12639.0
1988 8 11873.0
1988 9 16709.0
1988 10 22650.0
1988 11 9834.0
1988 12 20278.0
1989 1 11621.0
1989 2 15120.0
1989 3 20004.0
1989 4 16009.0
1989 5 22600.0
1989 6 43241.0
1989 7 15667.0
1989 8 23212.0
1989 9 28674.0
1989 10 18425.0
1989 11 20600.0
1989 12 13232.0
1990 1 19351.0
1990 2 16310.0
1990 3 15902.0
1990 4 15084.0
1990 5 15074.0
1990 6 14339.0
1990 7 8102.0
1990 8 6935.0
1990 9 10536.0
1990 10 13653.0
1990 11 19156.0
1990 12 9077.0
1991 1 13681.0
1991 2 13571.0
1991 3 29625.0
1991 4 11877.0
1991 5 9540.0
1991 6 11937.0
1991 7 33697.0
1991 8 13375.0
1991 9 7706.0
1991 10 15145.0
1991 11 6994.0
1991 12 28702.0
1992 1 4069.0
1992 2 3125.0
1992 3 13146.0
1992 4 7507.0
1992 5 6070.0
1992 6 8807.0
1992 7 17522.0
1992 8 19873.0
1992 9 17232.0
1992 10 3934.0
1992 11 3935.0
1992 12 5414.0
1993 1 3144.0
1993 2 3164.0
1993 3 8047.0
1993 4 5790.0
1993 5 14300.0
1993 6 10864.0
1993 7 7467.0
1993 8 18536.0
1993 9 7330.0
1993 10 18155.0
1993 11 14390.0
1993 12 22123.0
1994 1 5253.0
1994 2 3322.0
1994 3 5404.0
1994 4 4850.0
1994 5 5533.0
1994 6 13835.0
1994 7 19522.0
1994 8 4913.0
1994 9 5453.0
1994 10 7312.0
1994 11 4652.0
1994 12 18395.0
1995 1 3625.0
1995 2 11688.0
1995 3 6245.0
1995 4 11048.0
1995 5 3853.0
1995 6 15349.0
1995 7 14023.0
1995 8 7400.0
1995 9 7055.0
1995 10 21232.0
1995 11 9741.0
1995 12 6766.0
1996 1 13734.0
1996 2 2236.0
1996 3 12466.0
1996 4 9102.0
1996 5 16264.0
1996 6 8313.0
1996 7 11075.0
1996 8 21672.0
1996 9 23129.0
1996 10 34524.0
1996 11 21363.0
1996 12 11531.0
1997 1 8640.0
1997 2 51155.0
1997 3 21683.0
1997 4 15833.0
1997 5 21198.0
1997 6 35266.0
1997 7 11413.0
1997 8 31014.0
1997 9 12504.0
1997 10 16213.0
1997 11 20144.0
1997 12 6267.0
1998 1 24297.0
1998 2 6739.0
1998 3 10522.0
1998 4 18272.0
1998 5 10035.0
1998 6 35503.0
1998 7 19670.0
1998 8 6674.0
1998 9 35260.0
1998 10 33638.0
1998 11 34694.0
1998 12 37957.0
1999 1 9509.0
1999 2 7960.0
1999 3 26087.0
1999 4 22160.0
1999 5 11588.0
1999 6 65431.0
1999 7 7127.0
1999 8 14435.0
1999 9 15337.0
1999 10 21039.0
1999 11 30903.0
1999 12 12682.0
2000 1 21469.0
2000 2 27630.0
2000 3 23760.0
2000 4 7784.0
2000 5 32008.0
2000 6 38244.0
2000 7 29236.0
2000 8 27123.0
2000 9 27789.0
2000 10 35111.0
2000 11 18709.0
2000 12 9239.0
2001 1 6736.0
2001 2 6750.0
2001 3 28521.0
2001 4 64378.0
2001 5 9395.0
2001 6 45657.0
2001 7 26069.0
2001 8 11297.0
2001 9 16079.0
2001 10 53163.0
2001 11 8396.0
2001 12 8967.0
2002 1 18317.0
2002 2 24845.0
2002 3 13998.0
2002 4 24094.0
2002 5 13798.0
2002 6 16014.0
2002 7 28345.0
2002 8 51834.0
2002 9 21170.0
2002 10 46406.0
2002 11 27092.0
2002 12 8760.0
2003 1 15082.0
2003 2 45948.0
2003 3 13076.0
2003 4 18205.0
2003 5 24258.0
2003 6 27778.0
2003 7 24025.0
2003 8 42286.0
2003 9 13687.0
2003 10 50295.0
2003 11 58634.0
2003 12 58371.0
2004 1 16948.0
2004 2 17065.0
2004 3 103798.0
2004 4 18368.0
2004 5 19991.0
2004 6 29229.0
2004 7 82905.0
2004 8 17224.0
2004 9 71849.0
2004 10 14562.0
2004 11 15922.0
2004 12 29074.0
2005 1 11434.0
2005 2 43387.0
2005 3 40571.0
2005 4 33860.0
2005 5 31959.0
2005 6 36013.0
2005 7 34542.0
2005 8 24517.0
2005 9 24231.0
2005 10 42381.0
2005 11 55733.0
2005 12 32087.0
2006 1 32426.0
2006 2 29971.0
2006 3 48163.0
2006 4 37399.0
2006 5 15660.0
2006 6 40095.0
2006 7 52345.0
2006 8 17507.0
2006 9 11491.0
2006 10 17114.0
2006 11 8289.0
2006 12 23943.0
2007 1 31552.0
2007 2 18996.0
2007 3 38005.0
2007 4 27271.0
2007 5 15195.0
2007 6 37500.0
2007 7 16408.0
2007 8 137283.0
2007 9 30913.0
2007 10 24225.0
2007 11 12090.0
2007 12 23713.0
2008 1 37614.0
2008 2 13464.0
2008 3 28930.0
2008 4 64091.0
2008 5 36629.0
2008 6 51134.0
2008 7 24605.0
2008 8 14968.0
2008 9 24237.0
2008 10 38527.0
2008 11 18171.0
2008 12 8970.0
2009 1 7515.0
2009 2 14527.0
2009 3 11482.0
2009 4 22436.0
2009 5 3792.0
2009 6 2801.0
2009 7 5150.0
2009 8 16626.0
2009 9 13848.0
2009 10 20108.0
2009 11 8136.0
2009 12 116921.0
2010 1 14681.0
2010 2 5913.0
2010 3 14097.0
2010 4 9142.0
2010 5 17965.0
2010 6 29399.0
2010 7 7332.0
2010 8 40644.0
2010 9 109858.0
2010 10 45610.0
2010 11 16730.0
2010 12 7978.0
2011 1 3106.0
2011 2 9437.0
2011 3 20511.0
2011 4 16056.0
2011 5 65222.0
2011 6 22384.0
2011 7 6847.0
2011 8 17050.0
2011 9 29109.0
2011 10 22185.0
2011 11 35775.0
2011 12 13346.0
2012 1 16758.0
2012 2 6492.0
2012 3 11774.0
2012 4 27091.0
2012 5 6080.0
2012 6 138389.0
2012 7 128974.0
2012 8 18431.0
2012 9 36012.0
2012 10 12218.0
2012 11 9459.0
2012 12 48871.0
2013 1 72165.0
2013 2 12846.0
2013 3 89381.0
2013 4 21813.0
2013 5 25227.0
2013 6 41780.0
2013 7 76032.0
2013 8 23803.0
2013 9 21816.0
2013 10 49259.0
2013 11 66410.0
2013 12 26022.0
2014 1 116140.0
2014 2 7320.0
2014 3 55294.0
2014 4 186149.0
2014 5 37624.0
2014 6 173741.0
2014 7 55603.0
2014 8 25159.0
2014 9 95513.0
2014 10 58346.0
2014 11 113546.0
2014 12 192412.0
2015 1 10582.0
2015 2 124010.0
2015 3 13807.0
2015 4 179378.0
2015 5 60983.0
2015 6 156826.0
2015 7 64383.0
2015 8 30240.0
2015 9 89065.0
2015 10 125157.0
2015 11 61105.0
2015 12 75191.0
2016 1 23418.0
2016 2 59860.0
2016 3 57380.0
2016 4 20440.0
2016 5 52219.0
2016 6 71618.0
2016 7 37171.0
2016 8 38850.0
2016 9 127650.0
2016 10 41056.0
2016 11 35161.0
2016 12 25726.0
2017 1 44467.0
2017 2 44317.0
2017 3 173939.0
2017 4 48246.0
2017 5 83559.0
2017 6 49075.0
2017 7 30473.0
2017 8 8703.0
2017 9 44269.0
2017 10 38469.0
2017 11 46494.0
2017 12 75624.0
2018 1 26831.0
2018 2 26949.0
2018 3 86679.0
2018 4 71080.0
2018 5 72681.0
2018 6 49286.0
2018 7 135037.0
2018 8 36406.0
2018 9 20501.0
2018 10 73017.0
2018 11 34571.0
2018 12 23122.0
2019 1 32037.0
2019 2 91316.0
2019 3 46344.0
2019 4 63910.0
2019 5 28566.0
2019 6 80810.0
2019 7 66208.0
2019 8 93681.0
2019 9 46748.0
2019 10 31202.0
2019 11 31136.0
2019 12 199071.0
2020 1 128945.0
2020 2 38282.0
2020 3 60470.0
2020 4 12010.0
2020 5 54228.0
2020 6 45315.0
2020 7 103949.0
2020 8 33915.0
2020 9 39536.0
2020 10 38802.0
2020 11 75486.0
2020 12 70148.0
2021 1 397482.0
2021 2 196482.0
2021 3 204894.0
2021 4 75818.0
2021 5 115730.0
2021 6 78113.0
2021 7 71912.0
2021 8 70750.0
2021 9 69547.0
2021 10 57645.0
2021 11 68624.0
2021 12 1864604.0
2022 1 43458.0
2022 2 74355.0
2022 3 158836.0
2022 4 73907.0
2022 5 49455.0
2022 6 86898.0
2022 7 78310.0
2022 8 47089.0
2022 9 39869.0
2022 10 97668.0
2022 11 183524.0
2022 12 104900.0
2023 1 31831.0
2023 2 46049.0
2023 3 95544.0
2023 4 95504.0
2023 5 100398.0
2023 6 68550.0
2023 7 58748.0
2023 8 44485.0
2023 9 76684.0
2023 10 222094.0
2023 11 80780.0
2023 12 40726.0
2024 1 53139.0
2024 2 81217.0
2024 3 128631.0
2024 4 54226.0
2024 5 118311.0
2024 6 62254.0
2024 7 63900.0
2024 8 79574.0
