1960 5 149.0
1960 6 16.0
1960 7 24.0
1960 8 25.0
1960 9 28.0
1960 10 90.0
1960 11 180.0
1960 12 45.0
1961 1 39.333333333333336
1961 2 33.666666666666664
1961 3 28.0
1961 4 35.0
1961 5 10.0
1961 6 102.0
1961 7 35.0
1961 8 15.0
1961 9 112.0
1961 10 58.0
1961 11 456.0
1961 12 37.0
1962 1 32.0
1962 2 53.0
1962 3 118.0
1962 4 194.0
1962 5 115.0
1962 6 15.0
1962 7 75.0
1962 8 105.5
1962 9 136.0
1962 10 74.0
1962 11 134.0
1962 12 75.0
1963 1 47.0
1963 2 15.0
1963 3 20.0
1963 4 142.0
1963 5 124.0
1963 6 119.0
1963 7 52.0
1963 8 109.0
1963 9 197.0
1963 10 202.0
1963 11 105.0
1963 12 45.0
1964 1 104.0
1964 2 84.0
1964 3 212.0
1964 4 156.0
1964 5 144.0
1964 6 134.0
1964 7 354.0
1964 8 87.0
1964 9 170.0
1964 10 125.0
1964 11 78.0
1964 12 272.0
1965 1 171.0
1965 2 99.0
1965 3 280.0
1965 4 135.0
1965 5 243.0
1965 6 246.0
1965 7 217.0
1965 8 39.0
1965 9 84.0
1965 10 344.0
1965 11 141.0
1965 12 114.0
1966 1 217.0
1966 2 30.0
1966 3 102.0
1966 4 78.0
1966 5 74.0
1966 6 191.0
1966 7 18.0
1966 8 46.0
1966 9 40.0
1966 10 20.0
1966 11 28.0
1966 12 59.5
1967 1 91.0
1967 2 53.5
1967 3 16.0
1967 4 86.0
1967 5 290.0
1967 6 82.0
1967 7 231.0
1967 8 55.0
1967 9 40.0
1967 10 19.0
1967 11 43.0
1967 12 83.0
1968 1 22.0
1968 2 51.0
1968 3 116.0
1968 4 219.0
1968 5 143.0
1968 6 60.0
1968 7 192.0
1968 8 68.0
1968 9 84.0
1968 10 78.0
1968 11 72.0
1968 12 40.0
1969 1 92.0
1969 2 52.0
1969 3 96.5
1969 4 141.0
1969 5 37.0
1969 6 308.0
1969 7 47.0
1969 8 84.0
1969 9 136.0
1969 10 125.0
1969 11 114.0
1969 12 168.0
1970 1 22.0
1970 2 59.5
1970 3 97.0
1970 4 216.0
1970 5 55.0
1970 6 78.0
1970 7 244.0
1970 8 157.0
1970 9 125.0
1970 10 153.0
1970 11 200.0
1970 12 1262.0
1971 1 129.0
1971 2 25.0
1971 3 251.0
1971 4 120.0
1971 5 152.0
1971 6 337.0
1971 7 1134.0
1971 8 159.0
1971 9 257.0
1971 10 1187.0
1971 11 461.0
1971 12 82.0
1972 1 576.0
1972 2 91.0
1972 3 276.0
1972 4 268.0
1972 5 334.0
1972 6 295.0
1972 7 450.0
1972 8 151.0
1972 9 286.0
1972 10 246.0
1972 11 328.0
1972 12 111.0
1973 1 762.0
1973 2 129.0
1973 3 325.0
1973 4 220.0
1973 5 208.0
1973 6 247.0
1973 7 65.0
1973 8 109.0
1973 9 310.0
1973 10 253.0
1973 11 18.0
1973 12 126.0
1974 1 58.0
1974 2 204.0
1974 3 54.0
1974 4 187.0
1974 5 219.0
1974 6 170.0
1974 7 106.0
1974 8 112.0
1974 9 118.0
1974 10 70.0
1974 11 32.0
1974 12 241.0
1975 1 59.0
1975 2 108.0
1975 3 110.0
1975 4 78.0
1975 5 273.0
1975 6 94.0
1975 7 177.0
1975 8 96.0
1975 9 185.0
1975 10 120.0
1975 11 127.0
1975 12 35.0
1976 1 74.0
1976 2 292.0
1976 3 185.0
1976 4 78.0
1976 5 135.0
1976 6 63.0
1976 7 306.0
1976 8 76.0
1976 9 169.0
1976 10 187.0
1976 11 178.0
1976 12 741.0
1977 1 74.0
1977 2 131.0
1977 3 288.0
1977 4 195.0
1977 5 102.0
1977 6 129.0
1977 7 45.0
1977 8 374.0
1977 9 67.0
1977 10 140.0
1977 11 32.0
1977 12 173.0
1978 1 90.0
1978 2 21.0
1978 3 105.0
1978 4 235.0
1978 5 112.0
1978 6 337.0
1978 7 299.0
1978 8 75.0
1978 9 40.0
1978 10 62.0
1978 11 434.0
1978 12 212.0
1979 1 60.0
1979 2 80.0
1979 3 99.0
1979 4 152.0
1979 5 267.0
1979 6 528.0
1979 7 1193.0
1979 8 258.0
1979 9 240.0
1979 10 416.0
1979 11 450.0
1979 12 358.0
1980 1 184.0
1980 2 180.0
1980 3 115.0
1980 4 305.0
1980 5 135.0
1980 6 326.0
1980 7 72.0
1980 8 354.0
1980 9 2109.0
1980 10 536.0
1980 11 81.0
1980 12 96.0
1981 1 79.0
1981 2 83.0
1981 3 1229.0
1981 4 236.0
1981 5 571.0
1981 6 319.0
1981 7 223.0
1981 8 1098.0
1981 9 170.0
1981 10 264.0
1981 11 168.0
1981 12 72.0
1982 1 262.0
1982 2 12.0
1982 3 239.0
1982 4 286.0
1982 5 68.0
1982 6 357.0
1982 7 310.0
1982 8 190.0
1982 9 1259.0
1982 10 313.0
1982 11 324.5
1982 12 336.0
1983 1 268.0
1983 2 45.0
1983 3 472.0
1983 4 455.0
1983 5 1279.0
1983 6 992.0
1983 7 1074.0
1983 8 1576.0
1983 9 437.0
1983 10 404.0
1983 11 573.0
1983 12 284.0
1984 1 273.0
1984 2 464.0
1984 3 1454.0
1984 4 665.0
1984 5 1120.0
1984 6 405.0
1984 7 1379.0
1984 8 1653.0
1984 9 1070.0
1984 10 2093.0
1984 11 2866.0
1984 12 824.0
1985 1 1353.0
1985 2 600.0
1985 3 1156.0
1985 4 847.0
1985 5 1267.0
1985 6 1419.0
1985 7 794.0
1985 8 1421.0
1985 9 1301.0
1985 10 2024.0
1985 11 2216.0
1985 12 776.0
1986 1 1087.0
1986 2 579.0
1986 3 1240.0
1986 4 1342.0
1986 5 1784.0
1986 6 1846.0
1986 7 1577.0
1986 8 2166.0
1986 9 1554.0
1986 10 2632.0
1986 11 3794.0
1986 12 2064.0
1987 1 688.0
1987 2 1051.0
1987 3 2203.0
1987 4 1297.0
1987 5 2683.0
1987 6 2118.0
1987 7 1937.0
1987 8 5431.0
1987 9 2569.0
1987 10 1567.0
1987 11 2210.0
1987 12 957.0
1988 1 931.0
1988 2 580.0
1988 3 3487.0
1988 4 3242.0
1988 5 2174.0
1988 6 2773.0
1988 7 1204.0
1988 8 2182.0
1988 9 2297.0
1988 10 1686.0
1988 11 3697.0
1988 12 1381.0
1989 1 1017.0
1989 2 4155.0
1989 3 1124.0
1989 4 1710.0
1989 5 1996.0
1989 6 4793.0
1989 7 1705.0
1989 8 2139.0
1989 9 1779.0
1989 10 1826.0
1989 11 1043.0
1989 12 830.0
1990 1 1555.0
1990 2 2165.0
1990 3 802.0
1990 4 1034.0
1990 5 539.0
1990 6 709.0
1990 7 1193.0
1990 8 2062.0
1990 9 844.0
1990 10 1013.0
1990 11 1153.0
1990 12 240.0
1991 1 658.0
1991 2 313.0
1991 3 423.0
1991 4 568.0
1991 5 748.0
1991 6 925.0
1991 7 641.0
1991 8 549.0
1991 9 424.0
1991 10 459.0
1991 11 541.0
1991 12 761.0
1992 1 230.0
1992 2 352.0
1992 3 206.0
1992 4 504.0
1992 5 173.0
1992 6 851.0
1992 7 442.0
1992 8 888.0
1992 9 795.0
1992 10 266.0
1992 11 143.0
1992 12 335.0
1993 1 527.0
1993 2 230.0
1993 3 114.0
1993 4 182.0
1993 5 250.0
1993 6 423.0
1993 7 389.0
1993 8 467.0
1993 9 124.0
1993 10 692.0
1993 11 210.0
1993 12 612.0
1994 1 337.0
1994 2 60.0
1994 3 413.0
1994 4 125.0
1994 5 484.0
1994 6 923.0
1994 7 30.0
1994 8 145.0
1994 9 886.0
1994 10 136.0
1994 11 175.0
1994 12 312.0
1995 1 1018.0
1995 2 92.0
1995 3 463.0
1995 4 533.0
1995 5 165.0
1995 6 390.0
1995 7 380.5
1995 8 371.0
1995 9 317.0
1995 10 236.0
1995 11 766.0
1995 12 756.0
1996 1 255.0
1996 2 558.0
1996 3 492.0
1996 4 336.0
1996 5 148.0
1996 6 790.0
1996 7 1320.5
1996 8 1851.0
1996 9 191.0
1996 10 757.0
1996 11 229.0
1996 12 1369.0
1997 1 410.0
1997 2 265.0
1997 3 45.0
1997 4 543.0
1997 5 545.0
1997 6 110.0
1997 7 753.0
1997 8 238.0
1997 9 390.0
1997 10 115.0
1997 11 2189.0
1997 12 684.0
1998 1 1095.0
1998 2 168.0
1998 3 729.0
1998 4 1188.0
1998 5 1198.0
1998 6 1208.0
1998 7 494.0
1998 8 232.0
1998 9 75.0
1998 10 394.0
1998 11 628.0
1998 12 390.5
1999 1 153.0
1999 2 1452.0
1999 3 532.0
1999 4 53.0
1999 5 83.0
1999 6 740.0
1999 7 579.0
1999 8 165.0
1999 9 377.0
1999 10 83.0
1999 11 358.0
1999 12 347.0
2000 1 357.0
2000 2 929.0
2000 3 100.0
2000 4 228.0
2000 5 734.0
2000 6 973.0
2000 7 1142.0
2000 8 2021.0
2000 9 1227.0
2000 10 65.0
2000 11 946.0
2000 12 167.0
2001 1 717.0
2001 2 467.0
2001 3 169.0
2001 4 2280.0
2001 5 1543.5
2001 6 807.0
2001 7 440.0
2001 8 908.0
2001 9 471.0
2001 10 2519.0
2001 11 388.0
2001 12 2098.0
2002 1 740.0
2002 2 295.0
2002 3 688.0
2002 4 197.0
2002 5 1357.0
2002 6 4217.0
2002 7 620.0
2002 8 733.0
2002 9 802.0
2002 10 2897.0
2002 11 657.0
2002 12 1219.0
2003 1 352.0
2003 2 429.0
2003 3 1313.0
2003 4 291.0
2003 5 764.0
2003 6 794.0
2003 7 588.0
2003 8 416.0
2003 9 594.0
2003 10 977.0
2003 11 1043.0
2003 12 555.0
2004 1 200.0
2004 2 422.0
2004 3 1000.0
2004 4 264.0
2004 5 443.0
2004 6 225.0
2004 7 128.0
2004 8 923.0
2004 9 244.0
2004 10 979.0
2004 11 1715.0
2004 12 775.0
2005 1 871.0
2005 2 589.0
2005 3 1386.0
2005 4 1221.0
2005 5 826.0
2005 6 978.0
2005 7 2994.0
2005 8 1216.0
2005 9 2994.0
2005 10 1686.0
2005 11 1270.0
2005 12 3445.0
2006 1 843.0
2006 2 1264.0
2006 3 2698.0
2006 4 1036.0
2006 5 3421.0
2006 6 1860.0
2006 7 850.0
2006 8 875.0
2006 9 944.0
2006 10 1957.0
2006 11 2206.0
2006 12 1502.0
2007 1 2629.0
2007 2 1005.0
2007 3 688.0
2007 4 1576.0
2007 5 989.0
2007 6 398.0
2007 7 399.0
2007 8 1528.0
2007 9 670.0
2007 10 1155.0
2007 11 1564.0
2007 12 142.0
2008 1 403.0
2008 2 152.0
2008 3 4920.0
2008 4 724.0
2008 5 1205.0
2008 6 669.0
2008 7 749.0
2008 8 335.0
2008 9 1605.0
2008 10 856.0
2008 11 107.0
2008 12 500.0
2009 1 551.0
2009 2 371.0
2009 3 985.0
2009 4 655.0
2009 5 2469.0
2009 6 222.0
2009 7 423.5
2009 8 625.0
2009 9 849.0
2009 10 1622.0
2009 11 2135.0
2009 12 985.0
2010 1 927.5
2010 2 870.0
2010 3 812.5
2010 4 755.0
2010 5 317.0
2010 6 921.0
2010 7 619.0
2010 8 317.0
2010 9 2326.0
2010 10 247.0
2010 11 513.0
2010 12 673.0
2011 1 833.0
2011 2 1026.0
2011 3 1219.0
2011 4 190.0
2011 5 262.0
2011 6 700.0
2011 7 891.0
2011 8 110.0
2011 9 855.0
2011 10 242.0
2011 11 4250.0
2011 12 2230.0
2012 1 210.0
2012 2 110.0
2012 3 162.0
2012 4 398.0
2012 5 317.0
2012 6 383.0
2012 7 658.0
2012 8 1917.0
2012 9 1174.0
2012 10 449.0
2012 11 1652.0
2012 12 996.0
2013 1 799.0
2013 2 540.0
2013 3 737.0
2013 4 789.0
2013 5 500.0
2013 6 319.0
2013 7 369.0
2013 8 152.0
2013 9 495.0
2013 10 206.0
2013 11 401.0
2013 12 901.0
2014 1 566.0
2014 2 1140.5
2014 3 1715.0
2014 4 369.0
2014 5 722.0
2014 6 184.0
2014 7 1079.0
2014 8 184.0
2014 9 470.0
2014 10 556.0
2014 11 1918.0
2014 12 1257.0
2015 1 1162.3333333333333
2015 2 1067.6666666666667
2015 3 973.0
2015 4 290.0
2015 5 584.0
2015 6 888.0
2015 7 413.0
2015 8 1094.5
2015 9 1776.0
2015 10 1525.0
2015 11 1409.0
2015 12 1276.0
2016 1 1000.0
2016 2 931.5
2016 3 863.0
2016 4 1219.0
2016 5 2093.0
2016 6 1141.0
2016 7 819.0
2016 8 3188.0
2016 9 1635.0
2016 10 2369.0
2016 11 1369.0
2016 12 2064.0
2017 1 616.0
2017 2 216.0
2017 3 400.0
2017 4 125.0
2017 5 1720.0
2017 6 793.0
2017 7 405.0
2017 8 905.0
2017 9 1800.0
2017 10 779.0
2017 11 753.0
2017 12 1523.0
2018 1 429.0
2018 2 877.5
2018 3 1326.0
2018 4 1364.0
2018 5 2252.0
2018 6 1295.0
2018 7 2045.0
2018 8 180.0
2018 9 885.0
2018 10 837.0
2018 11 180.0
2018 12 635.0
2019 1 736.0
2019 2 562.0
2019 3 388.0
2019 4 538.0
2019 5 688.0
2019 6 1163.0
2019 7 2784.0
2019 8 636.0
2019 9 4000.0
2019 10 1135.0
2019 11 2469.0
2019 12 2008.0
2020 1 938.0
2020 2 558.0
2020 3 1963.0
2020 4 423.0
2020 5 1249.0
2020 6 2145.0
2020 7 2495.0
2020 8 1789.0
2020 9 3521.0
2020 10 1932.0
2020 11 1540.0
2020 12 1654.0
2021 1 718.0
2021 2 3063.0
2021 3 2226.0
2021 4 728.0
2021 5 1919.0
2021 6 7359.0
2021 7 3582.0
2021 8 4604.0
2021 9 702.0
2021 10 2584.0
2021 11 2940.0
2021 12 4166.0
2022 1 2225.0
2022 2 1157.0
2022 3 446.0
2022 4 4211.0
2022 5 3040.0
2022 6 2603.0
2022 7 1795.0
2022 8 4440.0
2022 9 5580.0
2022 10 1623.0
2022 11 1536.0
2022 12 2812.0
2023 1 2834.0
2023 2 1856.0
2023 3 2877.0
2023 4 3183.0
2023 5 846.0
2023 6 2176.0
2023 7 1236.0
2023 8 1938.0
2023 9 1250.0
2023 10 1139.0
2023 11 1489.0
2023 12 1325.0
2024 1 3719.0
2024 2 6839.0
2024 3 3803.0
2024 4 2394.0
2024 5 2755.0
2024 6 2035.0
2024 7 5541.0
2024 8 3350.0
