1960 5 3361.0
1960 6 4010.0
1960 7 3256.0
1960 8 3826.0
1960 9 3352.0
1960 10 3421.0
1960 11 3572.0
1960 12 2671.0
1961 1 1351.0
1961 2 831.0
1961 3 3732.0
1961 4 3460.0
1961 5 3732.0
1961 6 3805.0
1961 7 2966.0
1961 8 3001.0
1961 9 3025.0
1961 10 3741.0
1961 11 2580.0
1961 12 2823.0
1962 1 1682.0
1962 2 636.0
1962 3 3332.0
1962 4 4538.0
1962 5 4529.0
1962 6 3908.0
1962 7 3742.0
1962 8 3607.0
1962 9 3200.0
1962 10 5815.0
1962 11 3630.0
1962 12 2404.0
1963 1 1536.0
1963 2 1557.0
1963 3 2854.0
1963 4 5059.0
1963 5 4309.0
1963 6 4434.0
1963 7 3843.0
1963 8 3981.0
1963 9 3655.0
1963 10 4378.0
1963 11 3113.0
1963 12 2021.0
1964 1 1563.0
1964 2 1350.0
1964 3 3829.0
1964 4 4354.0
1964 5 4530.0
1964 6 3688.0
1964 7 4381.0
1964 8 3244.0
1964 9 3925.0
1964 10 4315.0
1964 11 3665.0
1964 12 2720.0
1965 1 1553.0
1965 2 988.0
1965 3 4635.0
1965 4 4468.0
1965 5 4630.0
1965 6 3828.0
1965 7 3590.0
1965 8 3791.0
1965 9 4269.0
1965 10 4822.0
1965 11 4720.0
1965 12 2826.0
1966 1 1512.0
1966 2 1273.0
1966 3 4642.0
1966 4 4328.0
1966 5 5457.0
1966 6 4334.0
1966 7 3219.0
1966 8 3388.0
1966 9 3032.0
1966 10 3263.0
1966 11 2953.0
1966 12 1967.0
1967 1 2043.0
1967 2 1197.0
1967 3 2636.0
1967 4 4052.0
1967 5 3953.0
1967 6 3427.0
1967 7 3365.0
1967 8 4068.0
1967 9 3867.0
1967 10 3661.0
1967 11 4479.0
1967 12 2806.0
1968 1 1470.0
1968 2 2313.0
1968 3 3384.0
1968 4 4902.0
1968 5 4360.0
1968 6 3550.0
1968 7 4742.0
1968 8 4009.0
1968 9 3303.0
1968 10 5728.0
1968 11 4730.0
1968 12 2579.0
1969 1 1586.0
1969 2 1178.0
1969 3 1823.0
1969 4 4575.0
1969 5 4392.0
1969 6 4654.0
1969 7 3945.0
1969 8 4367.0
1969 9 3231.0
1969 10 3889.0
1969 11 3577.0
1969 12 2386.0
1970 1 1183.0
1970 2 887.0
1970 3 2300.0
1970 4 3185.0
1970 5 3129.0
1970 6 2803.0
1970 7 3489.0
1970 8 3359.0
1970 9 3754.0
1970 10 3991.0
1970 11 3047.0
1970 12 3001.0
1971 1 1379.0
1971 2 1114.0
1971 3 3869.0
1971 4 4553.0
1971 5 5574.0
1971 6 5396.0
1971 7 4610.0
1971 8 4675.0
1971 9 5160.0
1971 10 4492.0
1971 11 6143.0
1971 12 4628.0
1972 1 2834.0
1972 2 2266.0
1972 3 5945.0
1972 4 6569.0
1972 5 7230.0
1972 6 6564.0
1972 7 5579.0
1972 8 7734.0
1972 9 5517.0
1972 10 6685.0
1972 11 6191.0
1972 12 4790.0
1973 1 3806.0
1973 2 3314.0
1973 3 7476.0
1973 4 8217.0
1973 5 7278.0
1973 6 7766.0
1973 7 6417.0
1973 8 5293.0
1973 9 5487.0
1973 10 5109.0
1973 11 5017.0
1973 12 3515.0
1974 1 2785.0
1974 2 2910.0
1974 3 5152.0
1974 4 6241.0
1974 5 8197.0
1974 6 5758.0
1974 7 5897.0
1974 8 6557.0
1974 9 4635.0
1974 10 5005.0
1974 11 4155.0
1974 12 2069.0
1975 1 2167.0
1975 2 1627.0
1975 3 2948.0
1975 4 4994.0
1975 5 5855.0
1975 6 6342.0
1975 7 5672.0
1975 8 5439.0
1975 9 5051.0
1975 10 5446.0
1975 11 5494.0
1975 12 4207.0
1976 1 3116.0
1976 2 3067.0
1976 3 7810.0
1976 4 7999.0
1976 5 9108.0
1976 6 7809.0
1976 7 7583.0
1976 8 7190.0
1976 9 7452.0
1976 10 5703.0
1976 11 8330.0
1976 12 5749.0
1977 1 1690.0
1977 2 2498.0
1977 3 6010.0
1977 4 7208.0
1977 5 8979.0
1977 6 16609.0
1977 7 10893.0
1977 8 9776.0
1977 9 9405.0
1977 10 8232.0
1977 11 10144.0
1977 12 5683.0
1978 1 3037.0
1978 2 2615.0
1978 3 8509.0
1978 4 10674.0
1978 5 11087.0
1978 6 11319.0
1978 7 9982.0
1978 8 10730.0
1978 9 8962.0
1978 10 11222.0
1978 11 8410.0
1978 12 6532.0
1979 1 7538.0
1979 2 2680.0
1979 3 8141.0
1979 4 10714.0
1979 5 12003.0
1979 6 12256.0
1979 7 10824.0
1979 8 15643.0
1979 9 8675.0
1979 10 9183.0
1979 11 7385.0
1979 12 4724.0
1980 1 4226.0
1980 2 3371.0
1980 3 3689.0
1980 4 4754.0
1980 5 6479.0
1980 6 6105.0
1980 7 5335.0
1980 8 6217.0
1980 9 7764.0
1980 10 7533.0
1980 11 5102.0
1980 12 5692.0
1981 1 1419.0
1981 2 2673.0
1981 3 6705.0
1981 4 6139.0
1981 5 5888.0
1981 6 6793.0
1981 7 5803.0
1981 8 3956.0
1981 9 4892.0
1981 10 4317.0
1981 11 4514.0
1981 12 4309.0
1982 1 2085.0
1982 2 1514.0
1982 3 3925.0
1982 4 4318.0
1982 5 5157.0
1982 6 5760.0
1982 7 4772.0
1982 8 4909.0
1982 9 4627.0
1982 10 5400.0
1982 11 5395.5
1982 12 5391.0
1983 1 4676.0
1983 2 2842.0
1983 3 7817.0
1983 4 10356.0
1983 5 9493.0
1983 6 12513.0
1983 7 11965.0
1983 8 13092.0
1983 9 11166.0
1983 10 11356.0
1983 11 8559.0
1983 12 7798.0
1984 1 3783.0
1984 2 6976.0
1984 3 9558.0
1984 4 12218.0
1984 5 11600.0
1984 6 12596.0
1984 7 12938.0
1984 8 15385.0
1984 9 14405.0
1984 10 16080.0
1984 11 12566.0
1984 12 10130.0
1985 1 5770.0
1985 2 6296.0
1985 3 15622.0
1985 4 18176.0
1985 5 19022.0
1985 6 19555.0
1985 7 18592.0
1985 8 19876.0
1985 9 17786.0
1985 10 21404.0
1985 11 20235.0
1985 12 15983.0
1986 1 13166.0
1986 2 11699.0
1986 3 17408.0
1986 4 25890.0
1986 5 24297.0
1986 6 27809.0
1986 7 29374.0
1986 8 27796.0
1986 9 27285.0
1986 10 25815.0
1986 11 22146.0
1986 12 17916.0
1987 1 16765.0
1987 2 14861.0
1987 3 22740.0
1987 4 24921.0
1987 5 25899.0
1987 6 35124.0
1987 7 31541.0
1987 8 28839.0
1987 9 28792.0
1987 10 30285.0
1987 11 23356.0
1987 12 18196.0
1988 1 9979.0
1988 2 14279.0
1988 3 25269.0
1988 4 27214.0
1988 5 23248.0
1988 6 27554.0
1988 7 27736.0
1988 8 29224.0
1988 9 23852.0
1988 10 27910.0
1988 11 20973.0
1988 12 19587.0
1989 1 14970.0
1989 2 11676.0
1989 3 21430.0
1989 4 21001.0
1989 5 23556.0
1989 6 22455.0
1989 7 17886.0
1989 8 21654.0
1989 9 21360.0
1989 10 21360.0
1989 11 24554.0
1989 12 13722.0
1990 1 10977.0
1990 2 11100.0
1990 3 17960.0
1990 4 18962.0
1990 5 21688.0
1990 6 19625.0
1990 7 19735.0
1990 8 18059.0
1990 9 16023.0
1990 10 15869.0
1990 11 16428.0
1990 12 24307.0
1991 1 7767.0
1991 2 6513.0
1991 3 11738.0
1991 4 15731.0
1991 5 16457.0
1991 6 19109.0
1991 7 19779.0
1991 8 16753.0
1991 9 19460.0
1991 10 19083.0
1991 11 14403.0
1991 12 14171.0
1992 1 12339.0
1992 2 8270.0
1992 3 17522.0
1992 4 18061.0
1992 5 16742.0
1992 6 17347.0
1992 7 23690.0
1992 8 16578.0
1992 9 15774.0
1992 10 21877.0
1992 11 15737.0
1992 12 17656.0
1993 1 9721.0
1993 2 12596.0
1993 3 17049.0
1993 4 18589.0
1993 5 17327.0
1993 6 23366.0
1993 7 18954.0
1993 8 19813.0
1993 9 26848.0
1993 10 23663.0
1993 11 19328.0
1993 12 16059.0
1994 1 13046.0
1994 2 7613.0
1994 3 15114.0
1994 4 20910.0
1994 5 19822.0
1994 6 23632.0
1994 7 21209.0
1994 8 20747.0
1994 9 22208.0
1994 10 22591.0
1994 11 18039.0
1994 12 19418.0
1995 1 9932.0
1995 2 7693.0
1995 3 16281.0
1995 4 16072.0
1995 5 18943.0
1995 6 19918.0
1995 7 17750.0
1995 8 20288.0
1995 9 19007.0
1995 10 18987.0
1995 11 19962.0
1995 12 10933.0
1996 1 9577.0
1996 2 9123.0
1996 3 15549.0
1996 4 19526.0
1996 5 21216.0
1996 6 19117.0
1996 7 20926.0
1996 8 20965.0
1996 9 18302.0
1996 10 22547.0
1996 11 16477.0
1996 12 15602.0
1997 1 16261.0
1997 2 13247.0
1997 3 17272.0
1997 4 20452.0
1997 5 17950.0
1997 6 19624.0
1997 7 20092.0
1997 8 21700.0
1997 9 21298.0
1997 10 23246.0
1997 11 18431.0
1997 12 19069.0
1998 1 13909.0
1998 2 13553.0
1998 3 22905.0
1998 4 24800.0
1998 5 22157.0
1998 6 24611.0
1998 7 27490.0
1998 8 21947.0
1998 9 17556.0
1998 10 28657.0
1998 11 22674.0
1998 12 21370.0
1999 1 16972.0
1999 2 16264.0
1999 3 21244.0
1999 4 28115.0
1999 5 25749.0
1999 6 27655.0
1999 7 30363.0
1999 8 25200.0
1999 9 23712.0
1999 10 27378.0
1999 11 23419.0
1999 12 24106.0
2000 1 18961.0
2000 2 16422.0
2000 3 24591.0
2000 4 27017.0
2000 5 26775.0
2000 6 24265.0
2000 7 22981.0
2000 8 21516.0
2000 9 20229.0
2000 10 22345.0
2000 11 22656.0
2000 12 21087.0
2001 1 20187.0
2001 2 18036.0
2001 3 19572.0
2001 4 23652.0
2001 5 27269.0
2001 6 28866.0
2001 7 24773.0
2001 8 24272.0
2001 9 21136.0
2001 10 24268.0
2001 11 26193.0
2001 12 22935.0
2002 1 34910.0
2002 2 17981.0
2002 3 24859.0
2002 4 25877.0
2002 5 28050.0
2002 6 28221.0
2002 7 20246.0
2002 8 28957.0
2002 9 27173.0
2002 10 29003.0
2002 11 23696.0
2002 12 20357.0
2003 1 15854.0
2003 2 12360.0
2003 3 21332.0
2003 4 24856.0
2003 5 27612.0
2003 6 26270.0
2003 7 26191.0
2003 8 25602.0
2003 9 33102.0
2003 10 36929.0
2003 11 31172.0
2003 12 23178.0
2004 1 19825.0
2004 2 19008.0
2004 3 27226.0
2004 4 31614.0
2004 5 30944.0
2004 6 37351.0
2004 7 29244.0
2004 8 29162.0
2004 9 29593.0
2004 10 22956.0
2004 11 26378.0
2004 12 23848.0
2005 1 16048.0
2005 2 14772.0
2005 3 24576.0
2005 4 26938.0
2005 5 30769.0
2005 6 33437.0
2005 7 30551.0
2005 8 38875.0
2005 9 33730.0
2005 10 25655.0
2005 11 22359.0
2005 12 27926.0
2006 1 26923.0
2006 2 18593.0
2006 3 27878.0
2006 4 20743.0
2006 5 22198.0
2006 6 23951.0
2006 7 26352.0
2006 8 26314.0
2006 9 19045.0
2006 10 32818.0
2006 11 24542.0
2006 12 25379.0
2007 1 24944.0
2007 2 11283.0
2007 3 24248.0
2007 4 22116.0
2007 5 28626.0
2007 6 24049.0
2007 7 21481.0
2007 8 23352.0
2007 9 31610.0
2007 10 21341.0
2007 11 22266.0
2007 12 27861.0
2008 1 20679.0
2008 2 12085.0
2008 3 12284.0
2008 4 18610.0
2008 5 20013.0
2008 6 16729.0
2008 7 16998.0
2008 8 11656.0
2008 9 21489.0
2008 10 22433.0
2008 11 11106.0
2008 12 14597.0
2009 1 6935.0
2009 2 4174.0
2009 3 10137.0
2009 4 6788.0
2009 5 13348.0
2009 6 11952.0
2009 7 10047.0
2009 8 14284.0
2009 9 12285.0
2009 10 17740.0
2009 11 17958.0
2009 12 12004.0
2010 1 8644.0
2010 2 12641.0
2010 3 11721.0
2010 4 11300.0
2010 5 8924.0
2010 6 15039.0
2010 7 13537.0
2010 8 12398.0
2010 9 14410.0
2010 10 13506.0
2010 11 11952.0
2010 12 12318.0
2011 1 4610.0
2011 2 6497.0
2011 3 9585.0
2011 4 10677.0
2011 5 9623.0
2011 6 9516.0
2011 7 11450.0
2011 8 10096.0
2011 9 12622.0
2011 10 10998.0
2011 11 11961.0
2011 12 11394.0
2012 1 7404.0
2012 2 4023.0
2012 3 10715.0
2012 4 11303.0
2012 5 10404.0
2012 6 11909.0
2012 7 22272.0
2012 8 14281.0
2012 9 10344.0
2012 10 11014.0
2012 11 9435.0
2012 12 11635.0
2013 1 7325.0
2013 2 11634.0
2013 3 11804.0
2013 4 13878.0
2013 5 15186.0
2013 6 13048.0
2013 7 13415.0
2013 8 15946.0
2013 9 11714.0
2013 10 18064.0
2013 11 15443.0
2013 12 13505.0
2014 1 9745.0
2014 2 5741.0
2014 3 13807.0
2014 4 14606.0
2014 5 21429.0
2014 6 21056.0
2014 7 18338.0
2014 8 16698.0
2014 9 19551.0
2014 10 19304.0
2014 11 11849.0
2014 12 17575.0
2015 1 7948.0
2015 2 4465.0
2015 3 13352.0
2015 4 18239.0
2015 5 15564.0
2015 6 20791.0
2015 7 19836.0
2015 8 17475.0
2015 9 14590.0
2015 10 15171.0
2015 11 28239.0
2015 12 14201.0
2016 1 11697.0
2016 2 10445.0
2016 3 16961.0
2016 4 13477.0
2016 5 20323.0
2016 6 14772.0
2016 7 13928.0
2016 8 17931.0
2016 9 15927.0
2016 10 18103.0
2016 11 17652.0
2016 12 17855.0
2017 1 16541.0
2017 2 13724.0
2017 3 21233.0
2017 4 14971.0
2017 5 23980.0
2017 6 23583.0
2017 7 20350.0
2017 8 23112.0
2017 9 23780.0
2017 10 24409.0
2017 11 17182.0
2017 12 14414.0
2018 1 14472.0
2018 2 16150.0
2018 3 17600.0
2018 4 17838.0
2018 5 20373.0
2018 6 19127.0
2018 7 20094.0
2018 8 21761.0
2018 9 14714.0
2018 10 21031.0
2018 11 20173.0
2018 12 12929.0
2019 1 11884.0
2019 2 12047.0
2019 3 11413.0
2019 4 21281.0
2019 5 23462.0
2019 6 24737.0
2019 7 25512.0
2019 8 16579.0
2019 9 25795.0
2019 10 27618.0
2019 11 19323.0
2019 12 21043.0
2020 1 18759.0
2020 2 20438.0
2020 3 19855.0
2020 4 15914.0
2020 5 15193.0
2020 6 23099.0
2020 7 17547.0
2020 8 23023.0
2020 9 23619.0
2020 10 19874.0
2020 11 23494.0
2020 12 22986.0
2021 1 21166.0
2021 2 19197.0
2021 3 26282.0
2021 4 31152.0
2021 5 24029.0
2021 6 25116.0
2021 7 23185.0
2021 8 25964.0
2021 9 24974.0
2021 10 23949.0
2021 11 26395.0
2021 12 27405.0
2022 1 26640.0
2022 2 20389.0
2022 3 24908.0
2022 4 23550.0
2022 5 26493.0
2022 6 25102.0
2022 7 22292.0
2022 8 29916.0
2022 9 30288.0
2022 10 31465.0
2022 11 21992.0
2022 12 15016.0
2023 1 15902.0
2023 2 14121.0
2023 3 21381.0
2023 4 17740.0
2023 5 21423.0
2023 6 18799.0
2023 7 23509.0
2023 8 24536.0
2023 9 23948.0
2023 10 22189.0
2023 11 23201.0
2023 12 16278.0
2024 1 18992.0
2024 2 21930.0
2024 3 21775.0
2024 4 21312.0
2024 5 21974.0
2024 6 23265.0
2024 7 21701.0
2024 8 18810.0
