1960 5 3669.0
1960 6 4026.0
1960 7 3280.0
1960 8 3976.0
1960 9 3500.0
1960 10 3511.0
1960 11 3903.0
1960 12 2716.0
1961 1 1351.0
1961 2 831.0
1961 3 3759.0
1961 4 3656.0
1961 5 3938.0
1961 6 3907.0
1961 7 3033.0
1961 8 3016.0
1961 9 3477.0
1961 10 3884.0
1961 11 3036.0
1961 12 2860.0
1962 1 1844.0
1962 2 689.0
1962 3 3491.0
1962 4 4732.0
1962 5 4678.0
1962 6 4058.0
1962 7 3817.0
1962 8 3647.0
1962 9 3581.0
1962 10 6190.0
1962 11 3946.0
1962 12 2655.0
1963 1 1633.0
1963 2 1572.0
1963 3 2874.0
1963 4 5201.0
1963 5 4433.0
1963 6 4736.0
1963 7 4720.0
1963 8 4090.0
1963 9 4050.0
1963 10 5113.0
1963 11 3243.0
1963 12 2576.0
1964 1 1783.0
1964 2 1433.0
1964 3 4263.0
1964 4 4716.0
1964 5 4835.0
1964 6 3898.0
1964 7 5445.0
1964 8 3485.0
1964 9 5691.0
1964 10 5375.0
1964 11 3923.0
1964 12 3252.0
1965 1 2049.0
1965 2 1117.0
1965 3 5160.0
1965 4 5035.0
1965 5 5076.0
1965 6 4581.0
1965 7 4267.0
1965 8 4027.0
1965 9 4731.0
1965 10 5622.0
1965 11 5277.0
1965 12 5514.0
1966 1 1990.0
1966 2 1391.0
1966 3 6572.0
1966 4 4702.0
1966 5 5623.0
1966 6 4600.0
1966 7 3431.0
1966 8 3467.0
1966 9 3112.0
1966 10 3483.0
1966 11 3064.0
1966 12 4305.0
1967 1 2389.0
1967 2 3061.0
1967 3 2818.0
1967 4 4291.0
1967 5 4722.0
1967 6 3639.0
1967 7 3596.0
1967 8 4603.0
1967 9 4577.0
1967 10 4172.0
1967 11 4552.0
1967 12 3198.0
1968 1 1932.0
1968 2 2363.0
1968 3 3875.0
1968 4 6093.0
1968 5 5648.0
1968 6 3728.0
1968 7 5350.0
1968 8 5238.0
1968 9 3507.0
1968 10 6135.0
1968 11 4977.0
1968 12 3785.0
1969 1 1898.0
1969 2 1512.0
1969 3 2527.0
1969 4 5239.0
1969 5 5404.0
1969 6 9060.0
1969 7 4690.0
1969 8 4611.0
1969 9 3661.0
1969 10 5240.0
1969 11 4257.0
1969 12 4510.0
1970 1 1205.0
1970 2 1787.0
1970 3 2528.0
1970 4 3521.0
1970 5 3613.0
1970 6 2982.0
1970 7 3897.0
1970 8 3516.0
1970 9 4431.0
1970 10 9496.0
1970 11 7641.0
1970 12 7479.0
1971 1 1658.0
1971 2 1582.0
1971 3 7784.0
1971 4 6101.0
1971 5 8128.0
1971 6 9470.0
1971 7 6364.0
1971 8 9693.0
1971 9 8667.0
1971 10 8637.0
1971 11 8404.0
1971 12 7639.0
1972 1 4310.0
1972 2 5036.0
1972 3 12409.0
1972 4 7641.0
1972 5 10105.0
1972 6 7377.0
1972 7 7018.0
1972 8 10443.0
1972 9 7909.0
1972 10 10133.0
1972 11 11276.0
1972 12 11576.0
1973 1 5863.0
1973 2 8703.0
1973 3 9460.0
1973 4 9869.0
1973 5 8759.0
1973 6 8534.0
1973 7 12444.0
1973 8 9635.0
1973 9 7474.0
1973 10 6201.0
1973 11 7656.0
1973 12 4915.0
1974 1 3065.0
1974 2 4487.0
1974 3 5266.0
1974 4 8608.0
1974 5 10166.0
1974 6 6509.0
1974 7 6863.0
1974 8 6757.0
1974 9 4969.0
1974 10 5215.0
1974 11 4367.0
1974 12 3748.0
1975 1 2400.0
1975 2 1735.0
1975 3 3778.0
1975 4 5879.0
1975 5 6488.0
1975 6 6738.0
1975 7 6975.0
1975 8 7802.0
1975 9 5386.0
1975 10 5566.0
1975 11 6028.0
1975 12 5642.0
1976 1 3190.0
1976 2 3359.0
1976 3 10766.0
1976 4 8136.0
1976 5 10621.0
1976 6 8004.0
1976 7 11929.0
1976 8 8886.0
1976 9 8096.0
1976 10 8113.0
1976 11 8683.0
1976 12 10288.0
1977 1 1764.0
1977 2 2630.0
1977 3 6388.0
1977 4 7208.0
1977 5 11683.0
1977 6 16738.0
1977 7 14761.0
1977 8 12025.0
1977 9 10730.0
1977 10 11866.0
1977 11 14050.0
1977 12 10675.0
1978 1 10176.0
1978 2 5332.0
1978 3 10905.0
1978 4 13943.0
1978 5 11472.0
1978 6 11794.0
1978 7 12271.0
1978 8 10805.0
1978 9 17181.0
1978 10 12600.0
1978 11 17079.0
1978 12 7067.0
1979 1 13852.0
1979 2 3580.0
1979 3 9551.0
1979 4 11085.0
1979 5 13571.0
1979 6 13703.0
1979 7 12474.0
1979 8 18648.0
1979 9 14050.0
1979 10 11486.0
1979 11 14130.0
1979 12 6900.0
1980 1 6917.0
1980 2 4781.0
1980 3 4342.0
1980 4 5391.0
1980 5 7782.0
1980 6 9136.0
1980 7 8142.0
1980 8 7404.0
1980 9 12548.0
1980 10 9503.0
1980 11 5461.0
1980 12 6366.0
1981 1 1558.0
1981 2 2756.0
1981 3 10864.0
1981 4 9991.0
1981 5 10758.0
1981 6 9753.0
1981 7 6457.0
1981 8 5919.0
1981 9 14455.0
1981 10 7570.0
1981 11 5460.0
1981 12 12288.0
1982 1 2347.0
1982 2 1526.0
1982 3 4597.0
1982 4 4884.0
1982 5 8702.0
1982 6 9419.0
1982 7 9865.0
1982 8 5661.0
1982 9 7385.0
1982 10 7062.0
1982 11 6541.0
1982 12 6020.0
1983 1 11644.0
1983 2 4636.0
1983 3 11343.0
1983 4 11287.0
1983 5 11734.0
1983 6 13859.0
1983 7 16045.0
1983 8 15146.0
1983 9 14023.0
1983 10 14076.0
1983 11 11455.0
1983 12 10586.0
1984 1 7019.0
1984 2 8163.0
1984 3 12373.0
1984 4 13478.0
1984 5 13892.0
1984 6 14733.0
1984 7 16756.0
1984 8 17320.0
1984 9 17363.0
1984 10 19395.0
1984 11 15930.0
1984 12 11836.0
1985 1 8257.0
1985 2 6996.0
1985 3 17090.0
1985 4 19973.0
1985 5 21212.0
1985 6 21884.0
1985 7 21267.0
1985 8 22513.0
1985 9 21392.0
1985 10 27597.0
1985 11 26932.0
1985 12 19120.0
1986 1 19337.0
1986 2 12779.0
1986 3 20389.0
1986 4 28454.0
1986 5 27193.0
1986 6 31383.0
1986 7 32817.0
1986 8 32300.0
1986 9 39494.0
1986 10 33569.0
1986 11 26512.0
1986 12 22745.0
1987 1 18536.0
1987 2 17105.0
1987 3 28902.0
1987 4 28754.0
1987 5 30449.0
1987 6 42029.0
1987 7 35839.0
1987 8 38352.0
1987 9 40832.0
1987 10 35417.0
1987 11 27605.0
1987 12 20819.0
1988 1 13905.0
1988 2 22536.0
1988 3 33922.0
1988 4 32474.0
1988 5 27630.0
1988 6 36902.0
1988 7 29768.0
1988 8 31911.0
1988 9 26957.0
1988 10 33256.0
1988 11 24913.0
1988 12 22857.0
1989 1 16557.0
1989 2 18126.0
1989 3 24187.0
1989 4 23996.0
1989 5 28575.0
1989 6 29258.0
1989 7 21251.0
1989 8 25728.0
1989 9 24671.0
1989 10 23896.0
1989 11 26622.0
1989 12 15992.0
1990 1 12887.0
1990 2 14556.0
1990 3 20839.0
1990 4 20906.0
1990 5 23095.0
1990 6 20606.0
1990 7 22143.0
1990 8 20554.0
1990 9 17017.0
1990 10 17217.0
1990 11 19491.0
1990 12 24818.0
1991 1 8545.0
1991 2 7037.0
1991 3 12262.0
1991 4 16884.0
1991 5 17205.0
1991 6 20625.0
1991 7 20828.0
1991 8 17427.0
1991 9 19988.0
1991 10 21254.0
1991 11 14944.0
1991 12 16312.0
1992 1 13536.0
1992 2 8622.0
1992 3 17728.0
1992 4 18660.0
1992 5 17151.0
1992 6 18707.0
1992 7 24132.0
1992 8 17466.0
1992 9 16694.0
1992 10 22143.0
1992 11 16823.0
1992 12 17656.0
1993 1 10248.0
1993 2 12920.0
1993 3 17163.0
1993 4 18829.0
1993 5 17577.0
1993 6 26989.0
1993 7 19508.0
1993 8 20280.0
1993 9 26972.0
1993 10 24355.0
1993 11 19723.0
1993 12 16929.0
1994 1 13383.0
1994 2 7673.0
1994 3 16336.0
1994 4 21035.0
1994 5 20306.0
1994 6 25502.0
1994 7 21577.0
1994 8 20892.0
1994 9 23094.0
1994 10 22727.0
1994 11 21218.0
1994 12 19730.0
1995 1 11337.0
1995 2 7785.0
1995 3 16944.0
1995 4 19460.0
1995 5 19108.0
1995 6 20574.0
1995 7 17972.0
1995 8 21027.0
1995 9 20121.0
1995 10 19358.0
1995 11 20728.0
1995 12 13558.0
1996 1 9832.0
1996 2 10389.0
1996 3 17280.0
1996 4 20036.0
1996 5 21645.0
1996 6 19907.0
1996 7 21326.0
1996 8 22951.0
1996 9 19033.0
1996 10 26124.0
1996 11 16987.0
1996 12 16971.0
1997 1 16671.0
1997 2 13512.0
1997 3 18122.0
1997 4 21382.0
1997 5 18882.0
1997 6 20787.0
1997 7 23638.0
1997 8 22489.0
1997 9 23386.0
1997 10 23955.0
1997 11 25271.0
1997 12 20222.0
1998 1 16126.0
1998 2 13925.0
1998 3 23984.0
1998 4 25988.0
1998 5 22157.0
1998 6 25819.0
1998 7 27984.0
1998 8 22404.0
1998 9 17964.0
1998 10 29276.0
1998 11 24102.0
1998 12 21595.0
1999 1 17125.0
1999 2 17716.0
1999 3 22001.0
1999 4 28808.0
1999 5 25832.0
1999 6 28395.0
1999 7 34042.0
1999 8 29975.0
1999 9 24089.0
1999 10 45685.0
1999 11 25224.0
1999 12 24453.0
2000 1 24530.0
2000 2 17351.0
2000 3 24691.0
2000 4 29700.0
2000 5 27509.0
2000 6 25380.0
2000 7 24350.0
2000 8 23537.0
2000 9 21456.0
2000 10 22810.0
2000 11 24127.0
2000 12 24454.0
2001 1 21844.0
2001 2 19203.0
2001 3 19741.0
2001 4 25932.0
2001 5 27269.0
2001 6 29673.0
2001 7 25526.0
2001 8 25753.0
2001 9 21867.0
2001 10 26787.0
2001 11 26945.0
2001 12 26033.0
2002 1 36385.0
2002 2 18276.0
2002 3 25547.0
2002 4 26074.0
2002 5 31113.0
2002 6 32438.0
2002 7 21090.0
2002 8 29914.0
2002 9 28199.0
2002 10 40583.0
2002 11 24577.0
2002 12 22050.0
2003 1 16206.0
2003 2 13013.0
2003 3 22645.0
2003 4 25814.0
2003 5 28733.0
2003 6 27487.0
2003 7 27211.0
2003 8 26847.0
2003 9 37785.0
2003 10 44864.0
2003 11 33076.0
2003 12 24269.0
2004 1 20323.0
2004 2 20356.0
2004 3 28702.0
2004 4 42742.0
2004 5 31654.0
2004 6 38120.0
2004 7 29916.0
2004 8 33148.0
2004 9 34845.0
2004 10 24849.0
2004 11 32789.0
2004 12 25287.0
2005 1 17760.0
2005 2 15865.0
2005 3 30352.0
2005 4 28719.0
2005 5 32339.0
2005 6 37424.0
2005 7 38177.0
2005 8 41417.0
2005 9 46812.0
2005 10 28377.0
2005 11 25124.0
2005 12 46361.0
2006 1 29192.0
2006 2 21455.0
2006 3 69506.0
2006 4 22665.0
2006 5 26261.0
2006 6 26452.0
2006 7 27202.0
2006 8 29128.0
2006 9 21394.0
2006 10 35808.0
2006 11 27456.0
2006 12 27192.0
2007 1 27973.0
2007 2 18577.0
2007 3 25247.0
2007 4 23997.0
2007 5 29615.0
2007 6 24447.0
2007 7 22185.0
2007 8 28619.0
2007 9 32585.0
2007 10 23051.0
2007 11 28043.0
2007 12 28003.0
2008 1 22882.0
2008 2 12237.0
2008 3 17204.0
2008 4 30840.0
2008 5 21764.0
2008 6 20493.0
2008 7 18010.0
2008 8 11991.0
2008 9 23281.0
2008 10 24180.0
2008 11 11213.0
2008 12 15097.0
2009 1 7486.0
2009 2 4651.0
2009 3 15922.0
2009 4 8518.0
2009 5 17245.0
2009 6 12174.0
2009 7 10410.0
2009 8 14909.0
2009 9 14761.0
2009 10 19362.0
2009 11 20093.0
2009 12 16040.0
2010 1 8644.0
2010 2 12641.0
2010 3 11721.0
2010 4 12055.0
2010 5 9241.0
2010 6 16564.0
2010 7 13537.0
2010 8 13769.0
2010 9 16736.0
2010 10 15884.0
2010 11 12465.0
2010 12 17453.0
2011 1 5443.0
2011 2 6497.0
2011 3 11408.0
2011 4 11426.0
2011 5 11096.0
2011 6 10669.0
2011 7 12341.0
2011 8 11182.0
2011 9 13477.0
2011 10 11511.0
2011 11 16211.0
2011 12 11894.0
2012 1 7614.0
2012 2 4133.0
2012 3 11201.0
2012 4 11701.0
2012 5 10721.0
2012 6 12292.0
2012 7 22930.0
2012 8 16198.0
2012 9 11935.0
2012 10 11463.0
2012 11 11437.0
2012 12 12631.0
2013 1 8859.0
2013 2 12174.0
2013 3 12541.0
2013 4 14667.0
2013 5 15686.0
2013 6 13367.0
2013 7 13784.0
2013 8 16649.0
2013 9 12209.0
2013 10 18270.0
2013 11 15844.0
2013 12 14406.0
2014 1 10311.0
2014 2 5741.0
2014 3 15522.0
2014 4 14975.0
2014 5 22151.0
2014 6 21240.0
2014 7 19417.0
2014 8 17885.0
2014 9 20021.0
2014 10 20418.0
2014 11 13767.0
2014 12 20270.0
2015 1 8544.0
2015 2 4465.0
2015 3 14325.0
2015 4 18529.0
2015 5 16148.0
2015 6 21679.0
2015 7 20249.0
2015 8 17475.0
2015 9 16366.0
2015 10 16696.0
2015 11 29648.0
2015 12 15477.0
2016 1 12697.0
2016 2 10445.0
2016 3 17824.0
2016 4 14696.0
2016 5 22416.0
2016 6 15913.0
2016 7 14747.0
2016 8 21578.0
2016 9 17562.0
2016 10 20472.0
2016 11 19831.0
2016 12 19919.0
2017 1 17616.0
2017 2 13940.0
2017 3 21633.0
2017 4 15096.0
2017 5 25789.0
2017 6 24376.0
2017 7 20755.0
2017 8 24017.0
2017 9 25580.0
2017 10 25277.0
2017 11 17935.0
2017 12 15937.0
2018 1 14901.0
2018 2 17950.0
2018 3 20850.0
2018 4 19602.0
2018 5 26683.0
2018 6 21089.0
2018 7 22139.0
2018 8 31500.0
2018 9 15599.0
2018 10 21868.0
2018 11 20353.0
2018 12 13564.0
2019 1 12995.0
2019 2 12380.0
2019 3 12401.0
2019 4 21881.0
2019 5 24550.0
2019 6 27369.0
2019 7 28296.0
2019 8 18043.0
2019 9 29795.0
2019 10 29128.0
2019 11 22698.0
2019 12 24368.0
2020 1 19775.0
2020 2 20996.0
2020 3 21818.0
2020 4 16337.0
2020 5 17911.0
2020 6 27068.0
2020 7 20380.0
2020 8 25436.0
2020 9 28414.0
2020 10 23732.0
2020 11 25773.0
2020 12 25098.0
2021 1 22680.0
2021 2 22260.0
2021 3 29189.0
2021 4 32225.0
2021 5 26909.0
2021 6 34686.0
2021 7 28167.0
2021 8 32833.0
2021 9 26176.0
2021 10 27494.0
2021 11 30796.0
2021 12 34070.0
2022 1 29826.0
2022 2 22507.0
2022 3 25354.0
2022 4 28261.0
2022 5 31333.0
2022 6 28481.0
2022 7 24863.0
2022 8 35132.0
2022 9 37387.0
2022 10 33088.0
2022 11 23528.0
2022 12 18604.0
2023 1 18736.0
2023 2 15977.0
2023 3 25034.0
2023 4 22064.0
2023 5 26169.0
2023 6 28651.0
2023 7 26028.0
2023 8 26474.0
2023 9 25978.0
2023 10 24108.0
2023 11 24690.0
2023 12 17603.0
2024 1 24850.0
2024 2 32048.0
2024 3 27859.0
2024 4 24014.0
2024 5 24729.0
2024 6 25300.0
2024 7 31067.0
2024 8 22468.0
