1960 5 2640.0
1960 6 2102.0
1960 7 2262.0
1960 8 2306.0
1960 9 2002.0
1960 10 2155.0
1960 11 1779.0
1960 12 1622.0
1961 1 1624.0
1961 2 1425.0
1961 3 2858.0
1961 4 2516.0
1961 5 2245.0
1961 6 1752.0
1961 7 1601.0
1961 8 2300.0
1961 9 2037.0
1961 10 2383.0
1961 11 2180.0
1961 12 2299.5
1962 1 2419.0
1962 2 2422.0
1962 3 2486.0
1962 4 2520.0
1962 5 2344.0
1962 6 2740.0
1962 7 2631.0
1962 8 2746.0
1962 9 2315.0
1962 10 2458.0
1962 11 2000.0
1962 12 1874.0
1963 1 2624.0
1963 2 2404.0
1963 3 2946.0
1963 4 2991.0
1963 5 2624.0
1963 6 1937.0
1963 7 3403.0
1963 8 2872.0
1963 9 2472.0
1963 10 2627.0
1963 11 5347.0
1963 12 1700.0
1964 1 2872.0
1964 2 2239.0
1964 3 3504.0
1964 4 3941.0
1964 5 3527.0
1964 6 2707.0
1964 7 4115.0
1964 8 4405.0
1964 9 3854.0
1964 10 3533.0
1964 11 2472.0
1964 12 3286.0
1965 1 4567.0
1965 2 3244.0
1965 3 3875.0
1965 4 4068.0
1965 5 4109.0
1965 6 5448.0
1965 7 3313.0
1965 8 3835.0
1965 9 3994.0
1965 10 6284.0
1965 11 3708.0
1965 12 3670.0
1966 1 5903.0
1966 2 4084.0
1966 3 5134.0
1966 4 3693.0
1966 5 4457.0
1966 6 3696.0
1966 7 2629.0
1966 8 3172.0
1966 9 2692.0
1966 10 2419.0
1966 11 2412.0
1966 12 2359.0
1967 1 3104.0
1967 2 3880.0
1967 3 4531.0
1967 4 3170.0
1967 5 4006.0
1967 6 3334.0
1967 7 4286.0
1967 8 7179.0
1967 9 4878.0
1967 10 3668.0
1967 11 4056.0
1967 12 5627.0
1968 1 3736.0
1968 2 3048.0
1968 3 4317.0
1968 4 2985.0
1968 5 19786.0
1968 6 13147.0
1968 7 15327.0
1968 8 11882.0
1968 9 15807.0
1968 10 14736.0
1968 11 14098.0
1968 12 12979.0
1969 1 16184.0
1969 2 15652.0
1969 3 12685.0
1969 4 14289.0
1969 5 16470.0
1969 6 16870.0
1969 7 13670.0
1969 8 15343.0
1969 9 16128.0
1969 10 16518.0
1969 11 10663.0
1969 12 12578.0
1970 1 11666.0
1970 2 15664.0
1970 3 15086.0
1970 4 19332.0
1970 5 26529.0
1970 6 22030.0
1970 7 17823.0
1970 8 18153.0
1970 9 2538.0
1970 10 19441.0
1970 11 6858.0
1970 12 22586.0
1971 1 25223.0
1971 2 19542.0
1971 3 26729.0
1971 4 25336.0
1971 5 23891.0
1971 6 26144.0
1971 7 42249.0
1971 8 32939.0
1971 9 23418.0
1971 10 23809.0
1971 11 29323.0
1971 12 31200.0
1972 1 25493.0
1972 2 29084.0
1972 3 30065.0
1972 4 48390.0
1972 5 32464.0
1972 6 33629.0
1972 7 27689.0
1972 8 43621.0
1972 9 47470.0
1972 10 30894.0
1972 11 52991.0
1972 12 40619.0
1973 1 32398.0
1973 2 38231.0
1973 3 47292.0
1973 4 40255.0
1973 5 44435.0
1973 6 38679.0
1973 7 31772.0
1973 8 32012.0
1973 9 26005.0
1973 10 30498.0
1973 11 28513.0
1973 12 21446.0
1974 1 24752.0
1974 2 21831.0
1974 3 35472.0
1974 4 30331.0
1974 5 28751.0
1974 6 32375.0
1974 7 23401.0
1974 8 28040.0
1974 9 16780.0
1974 10 24893.0
1974 11 15246.0
1974 12 12166.0
1975 1 23049.0
1975 2 15996.0
1975 3 19072.0
1975 4 32990.0
1975 5 25333.0
1975 6 27960.0
1975 7 27459.0
1975 8 27018.0
1975 9 34171.0
1975 10 26522.0
1975 11 22927.0
1975 12 26782.0
1976 1 25920.0
1976 2 30737.0
1976 3 39037.0
1976 4 33536.0
1976 5 36995.0
1976 6 38684.0
1976 7 37648.0
1976 8 33447.0
1976 9 30566.0
1976 10 30236.0
1976 11 34385.0
1976 12 26551.0
1977 1 25150.0
1977 2 36023.0
1977 3 45512.0
1977 4 700909.0
1977 5 50811.0
1977 6 801302.0
1977 7 46045.0
1977 8 46938.0
1977 9 43521.0
1977 10 51012.0
1977 11 45223.0
1977 12 34163.0
1978 1 41919.0
1978 2 48244.0
1978 3 53423.0
1978 4 70851.0
1978 5 49235.0
1978 6 65096.0
1978 7 51493.0
1978 8 54809.0
1978 9 46665.0
1978 10 64531.0
1978 11 57127.0
1978 12 39445.0
1979 1 47750.0
1979 2 42785.0
1979 3 73261.0
1979 4 75372.0
1979 5 82896.0
1979 6 75840.0
1979 7 64798.0
1979 8 69268.0
1979 9 64479.0
1979 10 76831.0
1979 11 55827.0
1979 12 59224.0
1980 1 49121.0
1980 2 52406.0
1980 3 42005.0
1980 4 48970.0
1980 5 50225.0
1980 6 60919.0
1980 7 73760.0
1980 8 68572.0
1980 9 87482.0
1980 10 76151.0
1980 11 42681.0
1980 12 48222.0
1981 1 55352.0
1981 2 53044.0
1981 3 69031.0
1981 4 61315.0
1981 5 76236.0
1981 6 60859.0
1981 7 45512.0
1981 8 37144.0
1981 9 53396.0
1981 10 86769.0
1981 11 27040.0
1981 12 26771.0
1982 1 34769.0
1982 2 35817.0
1982 3 57313.0
1982 4 45420.0
1982 5 54329.0
1982 6 47767.0
1982 7 59250.0
1982 8 46129.0
1982 9 63665.0
1982 10 64582.0
1982 11 58541.5
1982 12 52501.0
1983 1 55022.0
1983 2 66004.0
1983 3 96507.0
1983 4 79574.0
1983 5 99403.0
1983 6 97708.0
1983 7 84860.0
1983 8 99397.0
1983 9 108717.0
1983 10 106247.0
1983 11 98165.0
1983 12 79562.0
1984 1 93461.0
1984 2 124299.0
1984 3 138398.0
1984 4 106287.0
1984 5 103991.0
1984 6 169752.0
1984 7 98959.0
1984 8 102235.0
1984 9 100446.0
1984 10 128678.0
1984 11 75079.0
1984 12 65261.0
1985 1 110249.0
1985 2 79483.0
1985 3 106346.0
1985 4 127771.0
1985 5 143996.0
1985 6 108611.0
1985 7 95421.0
1985 8 103183.0
1985 9 119295.0
1985 10 127389.0
1985 11 115633.0
1985 12 81579.0
1986 1 105417.0
1986 2 92849.0
1986 3 105741.0
1986 4 140121.0
1986 5 123324.0
1986 6 123481.0
1986 7 118763.0
1986 8 97774.0
1986 9 108713.0
1986 10 105924.0
1986 11 96878.0
1986 12 92910.0
1987 1 90971.0
1987 2 109834.0
1987 3 119757.0
1987 4 131946.0
1987 5 119382.0
1987 6 117426.0
1987 7 118619.0
1987 8 101279.0
1987 9 105621.0
1987 10 114261.0
1987 11 80054.0
1987 12 84353.0
1988 1 63476.0
1988 2 108087.0
1988 3 120916.0
1988 4 113037.0
1988 5 111696.0
1988 6 129223.0
1988 7 112343.0
1988 8 117078.0
1988 9 132207.0
1988 10 114313.0
1988 11 115948.0
1988 12 112084.0
1989 1 104345.0
1989 2 109854.0
1989 3 105400.0
1989 4 103387.0
1989 5 128227.0
1989 6 101784.0
1989 7 100594.0
1989 8 113775.0
1989 9 88046.0
1989 10 91129.0
1989 11 88970.0
1989 12 61864.0
1990 1 130048.0
1990 2 92387.0
1990 3 120793.0
1990 4 121952.0
1990 5 134202.0
1990 6 124694.0
1990 7 110966.0
1990 8 105776.0
1990 9 90996.0
1990 10 85798.0
1990 11 80070.0
1990 12 84393.0
1991 1 76966.0
1991 2 86238.0
1991 3 112898.0
1991 4 116062.0
1991 5 110423.0
1991 6 125737.0
1991 7 108625.0
1991 8 99393.0
1991 9 113696.0
1991 10 100552.0
1991 11 92987.0
1991 12 79584.0
1992 1 99886.0
1992 2 105901.0
1992 3 131011.0
1992 4 131869.0
1992 5 124147.0
1992 6 123723.0
1992 7 125230.0
1992 8 115747.0
1992 9 132015.0
1992 10 128747.0
1992 11 101355.0
1992 12 109226.0
1993 1 112563.0
1993 2 120157.0
1993 3 128961.0
1993 4 139085.0
1993 5 113902.0
1993 6 140794.0
1993 7 133580.0
1993 8 136206.0
1993 9 141606.0
1993 10 129595.0
1993 11 138810.0
1993 12 121204.0
1994 1 151351.0
1994 2 139117.0
1994 3 193741.0
1994 4 175708.0
1994 5 183808.0
1994 6 205746.0
1994 7 160652.0
1994 8 162475.0
1994 9 159224.0
1994 10 158674.0
1994 11 142941.0
1994 12 160939.0
1995 1 145684.0
1995 2 133629.0
1995 3 190006.0
1995 4 154835.0
1995 5 168433.0
1995 6 177239.0
1995 7 192937.0
1995 8 169564.0
1995 9 148414.0
1995 10 189661.0
1995 11 158199.0
1995 12 142228.0
1996 1 175098.0
1996 2 188333.0
1996 3 203824.0
1996 4 207812.0
1996 5 221328.0
1996 6 205400.0
1996 7 221549.0
1996 8 205291.0
1996 9 174038.0
1996 10 220055.0
1996 11 194644.0
1996 12 200231.0
1997 1 202534.0
1997 2 184002.0
1997 3 219869.0
1997 4 237410.0
1997 5 214845.0
1997 6 223447.0
1997 7 235255.0
1997 8 227048.0
1997 9 209383.0
1997 10 263968.0
1997 11 185484.0
1997 12 183300.0
1998 1 178062.0
1998 2 200901.0
1998 3 267606.0
1998 4 241700.0
1998 5 235325.0
1998 6 279814.0
1998 7 272434.0
1998 8 254790.0
1998 9 243079.0
1998 10 273766.0
1998 11 220731.0
1998 12 275550.0
1999 1 284035.0
1999 2 323656.0
1999 3 315373.0
1999 4 319248.0
1999 5 286870.0
1999 6 339154.0
1999 7 296603.0
1999 8 306718.0
1999 9 261134.0
1999 10 271355.0
1999 11 245044.0
1999 12 217204.0
2000 1 280889.0
2000 2 267030.0
2000 3 316599.0
2000 4 291263.0
2000 5 303264.0
2000 6 308808.0
2000 7 259526.0
2000 8 289039.0
2000 9 309914.0
2000 10 285538.0
2000 11 246112.0
2000 12 228864.0
2001 1 259039.0
2001 2 252114.0
2001 3 313946.0
2001 4 307328.0
2001 5 326432.0
2001 6 292201.0
2001 7 277826.0
2001 8 323511.0
2001 9 251127.0
2001 10 301137.0
2001 11 280300.0
2001 12 211870.0
2002 1 286506.0
2002 2 296864.0
2002 3 328232.0
2002 4 362166.0
2002 5 336953.0
2002 6 377272.0
2002 7 334662.0
2002 8 324846.0
2002 9 321435.0
2002 10 293526.0
2002 11 249863.0
2002 12 288085.0
2003 1 298621.0
2003 2 300948.0
2003 3 347174.0
2003 4 371630.0
2003 5 361114.0
2003 6 408257.0
2003 7 459326.0
2003 8 373802.0
2003 9 365874.0
2003 10 391911.0
2003 11 286921.0
2003 12 339569.0
2004 1 342275.0
2004 2 379554.0
2004 3 471770.0
2004 4 442357.0
2004 5 456576.0
2004 6 516173.0
2004 7 449327.0
2004 8 477679.0
2004 9 457801.0
2004 10 409774.0
2004 11 407904.0
2004 12 497304.0
2005 1 500608.0
2005 2 480384.0
2005 3 599715.0
2005 4 551057.0
2005 5 647369.0
2005 6 749441.0
2005 7 581911.0
2005 8 699681.0
2005 9 629910.0
2005 10 623487.0
2005 11 626629.0
2005 12 630134.0
2006 1 583864.0
2006 2 638392.0
2006 3 809366.0
2006 4 602119.0
2006 5 699151.0
2006 6 676854.0
2006 7 564353.0
2006 8 605639.0
2006 9 567380.0
2006 10 505436.0
2006 11 450304.0
2006 12 503664.0
2007 1 531462.0
2007 2 501320.0
2007 3 562206.0
2007 4 538102.0
2007 5 698386.0
2007 6 506507.0
2007 7 486363.0
2007 8 428339.0
2007 9 382599.0
2007 10 394105.0
2007 11 375031.0
2007 12 365636.0
2008 1 383906.0
2008 2 331858.0
2008 3 376501.0
2008 4 506540.0
2008 5 449523.0
2008 6 392274.0
2008 7 508862.0
2008 8 303681.0
2008 9 290923.0
2008 10 229108.0
2008 11 156324.0
2008 12 147958.0
2009 1 174339.0
2009 2 169079.0
2009 3 207348.0
2009 4 228542.0
2009 5 192614.0
2009 6 267729.0
2009 7 247861.0
2009 8 260530.0
2009 9 238183.0
2009 10 224475.0
2009 11 192381.0
2009 12 207709.0
2010 1 185145.0
2010 2 230740.0
2010 3 340271.0
2010 4 238680.0
2010 5 224734.0
2010 6 219802.0
2010 7 200085.0
2010 8 191491.0
2010 9 171780.0
2010 10 173043.0
2010 11 162277.0
2010 12 159801.0
2011 1 162307.0
2011 2 186378.0
2011 3 240396.0
2011 4 242043.0
2011 5 233158.0
2011 6 234514.0
2011 7 243555.0
2011 8 254129.0
2011 9 219394.0
2011 10 228387.0
2011 11 197760.0
2011 12 219286.0
2012 1 223905.0
2012 2 267529.0
2012 3 306102.0
2012 4 261391.0
2012 5 315316.0
2012 6 300402.0
2012 7 276003.0
2012 8 310811.0
2012 9 272476.0
2012 10 319856.0
2012 11 285027.0
2012 12 246419.0
2013 1 314384.0
2013 2 313571.0
2013 3 354305.0
2013 4 365229.0
2013 5 429170.0
2013 6 392828.0
2013 7 373724.0
2013 8 401948.0
2013 9 434001.0
2013 10 437362.0
2013 11 360623.0
2013 12 336478.0
2014 1 350495.0
2014 2 421485.0
2014 3 435224.0
2014 4 452363.0
2014 5 471157.0
2014 6 446127.0
2014 7 479209.0
2014 8 458710.0
2014 9 476164.0
2014 10 505879.0
2014 11 342503.0
2014 12 446827.0
2015 1 416532.0
2015 2 467445.0
2015 3 514669.0
2015 4 625647.0
2015 5 542352.0
2015 6 522442.0
2015 7 558496.0
2015 8 508437.0
2015 9 567655.0
2015 10 471695.0
2015 11 378254.0
2015 12 432454.0
2016 1 427359.0
2016 2 443112.0
2016 3 567109.0
2016 4 583585.0
2016 5 576624.0
2016 6 578670.0
2016 7 769584.0
2016 8 610318.0
2016 9 555557.0
2016 10 453602.0
2016 11 460381.0
2016 12 473627.0
2017 1 566370.0
2017 2 585226.0
2017 3 714728.0
2017 4 615584.0
2017 5 697122.0
2017 6 719018.0
2017 7 667572.0
2017 8 749009.0
2017 9 580470.0
2017 10 673039.0
2017 11 568571.0
2017 12 567831.0
2018 1 656619.0
2018 2 656245.0
2018 3 777204.0
2018 4 742529.0
2018 5 653952.0
2018 6 725328.0
2018 7 621559.0
2018 8 718489.0
2018 9 486008.0
2018 10 631032.0
2018 11 541913.0
2018 12 551401.0
2019 1 689690.0
2019 2 589952.0
2019 3 591308.0
2019 4 652613.0
2019 5 736096.0
2019 6 583394.0
2019 7 648896.0
2019 8 716156.0
2019 9 584446.0
2019 10 677036.0
2019 11 550265.0
2019 12 579260.0
2020 1 663073.0
2020 2 666806.0
2020 3 773052.0
2020 4 619435.0
2020 5 574465.0
2020 6 786405.0
2020 7 865909.0
2020 8 819322.0
2020 9 803670.0
2020 10 878807.0
2020 11 756197.0
2020 12 898289.0
2021 1 839509.0
2021 2 827194.0
2021 3 1055222.0
2021 4 1033129.0
2021 5 867574.0
2021 6 1038747.0
2021 7 923555.0
2021 8 812510.0
2021 9 932893.0
2021 10 990044.0
2021 11 866291.0
2021 12 754309.0
2022 1 979105.0
2022 2 956575.0
2022 3 1142546.0
2022 4 1094522.0
2022 5 1061619.0
2022 6 1054555.0
2022 7 967768.0
2022 8 970592.0
2022 9 846439.0
2022 10 890252.0
2022 11 747249.0
2022 12 737702.0
2023 1 739349.0
2023 2 774493.0
2023 3 986894.0
2023 4 895569.0
2023 5 1071995.0
2023 6 984412.0
2023 7 949876.0
2023 8 1135801.0
2023 9 948046.0
2023 10 995705.0
2023 11 837534.0
2023 12 782798.0
2024 1 1170671.0
2024 2 1147591.0
2024 3 1107927.0
2024 4 1180119.0
2024 5 1220683.0
2024 6 1121575.0
2024 7 1260788.0
2024 8 1070672.0
