1960 5 42.0
1960 6 100.0
1960 7 29.0
1960 8 78.0
1960 9 100.0
1960 10 65.0
1960 11 232.0
1960 12 28.0
1961 1 111.0
1961 2 40.0
1961 3 129.5
1961 4 219.0
1961 5 32.0
1961 6 77.0
1961 7 142.0
1961 8 56.0
1961 9 142.0
1961 10 112.0
1961 11 230.0
1961 12 78.0
1962 1 88.0
1962 2 98.0
1962 3 145.0
1962 4 108.0
1962 5 99.0
1962 6 224.0
1962 7 15.0
1962 8 87.0
1962 9 46.0
1962 10 164.0
1962 11 206.0
1962 12 251.0
1963 1 17.0
1963 2 66.0
1963 3 43.0
1963 4 175.0
1963 5 335.0
1963 6 314.6666666666667
1963 7 294.3333333333333
1963 8 274.0
1963 9 244.0
1963 10 215.0
1963 11 405.0
1963 12 240.0
1964 1 75.0
1964 2 10.0
1964 3 17.0
1964 4 217.0
1964 5 36.0
1964 6 85.0
1964 7 164.0
1964 8 42.0
1964 9 242.0
1964 10 111.0
1964 11 643.0
1964 12 20.0
1965 1 317.5
1965 2 615.0
1965 3 560.0
1965 4 797.0
1965 5 282.0
1965 6 274.0
1965 7 250.0
1965 8 260.0
1965 9 200.0
1965 10 537.0
1965 11 430.0
1965 12 151.0
1966 1 28.0
1966 2 287.0
1966 3 463.0
1966 4 310.0
1966 5 94.0
1966 6 195.0
1966 7 56.0
1966 8 111.0
1966 9 88.25
1966 10 65.5
1966 11 42.75
1966 12 20.0
1967 1 14.0
1967 2 23.0
1967 3 32.0
1967 4 25.0
1967 5 692.0
1967 6 154.0
1967 7 349.0
1967 8 325.5
1967 9 302.0
1967 10 265.0
1967 11 1657.0
1967 12 888.5
1968 1 120.0
1968 2 65.0
1968 3 1215.0
1968 4 446.0
1968 5 493.0
1968 6 913.0
1968 7 160.0
1968 8 266.5
1968 9 373.0
1968 10 243.0
1968 11 40.0
1968 12 149.0
1969 1 81.5
1969 2 14.0
1969 3 22.0
1969 4 1124.0
1969 5 860.0
1969 6 25.0
1969 7 517.0
1969 8 38.0
1969 9 1489.0
1969 10 175.0
1969 11 539.0
1969 12 227.0
1970 1 811.6666666666666
1970 2 1396.3333333333333
1970 3 1981.0
1970 4 1222.0
1970 5 442.0
1970 6 1196.0
1970 7 362.0
1970 8 970.0
1970 9 209529.0
1970 10 503.0
1970 11 210008.0
1970 12 60.0
1971 1 312.0
1971 2 120.0
1971 3 228.0
1971 4 3241.0
1971 5 1401.0
1971 6 285.0
1971 7 833.0
1971 8 646.0
1971 9 2595.0
1971 10 1296.0
1971 11 181.0
1971 12 457.0
1972 1 589.6666666666666
1972 2 722.3333333333333
1972 3 855.0
1972 4 851.0
1972 5 2039.0
1972 6 2570.0
1972 7 3227.0
1972 8 377.0
1972 9 1537.0
1972 10 1718.0
1972 11 2044.0
1972 12 696.0
1973 1 726.0
1973 2 443.0
1973 3 3243.0
1973 4 689.0
1973 5 1789.0
1973 6 1274.0
1973 7 2000.0
1973 8 625.0
1973 9 284.0
1973 10 1482.0
1973 11 3148.0
1973 12 673.0
1974 1 268.0
1974 2 30.0
1974 3 395.0
1974 4 1411.0
1974 5 3261.0
1974 6 780.0
1974 7 1861.0
1974 8 1093.0
1974 9 627.0
1974 10 970.0
1974 11 1958.0
1974 12 583.0
1975 1 1091.0
1975 2 511.0
1975 3 511.0
1975 4 836.0
1975 5 827.0
1975 6 1633.0
1975 7 1487.0
1975 8 1762.0
1975 9 1034.0
1975 10 674.0
1975 11 1127.0
1975 12 1213.0
1976 1 474.0
1976 2 355.0
1976 3 1444.0
1976 4 1621.0
1976 5 2376.0
1976 6 1723.0
1976 7 3560.0
1976 8 2682.0
1976 9 6874.0
1976 10 5162.0
1976 11 7776.0
1976 12 509.0
1977 1 486.0
1977 2 2257.0
1977 3 4383.0
1977 4 4940.0
1977 5 3354.0
1977 6 5101.0
1977 7 4292.0
1977 8 5908.0
1977 9 3607.0
1977 10 7399.0
1977 11 1134.0
1977 12 2682.0
1978 1 528.0
1978 2 351.0
1978 3 4948.0
1978 4 4549.0
1978 5 1507.0
1978 6 3509.0
1978 7 1349.0
1978 8 2277.0
1978 9 2632.0
1978 10 2204.0
1978 11 832.0
1978 12 824.0
1979 1 816.0
1979 2 912.5
1979 3 1009.0
1979 4 926.0
1979 5 3744.0
1979 6 3735.0
1979 7 2742.0
1979 8 9307.0
1979 9 2146.0
1979 10 4245.0
1979 11 595.0
1979 12 185.0
1980 1 549.0
1980 2 98.0
1980 3 975.0
1980 4 537.0
1980 5 580.0
1980 6 828.0
1980 7 1941.0
1980 8 3320.0
1980 9 475.0
1980 10 1258.0
1980 11 991.0
1980 12 1100.0
1981 1 557.0
1981 2 550.0
1981 3 272.0
1981 4 397.0
1981 5 618.0
1981 6 48.0
1981 7 166.0
1981 8 1246.0
1981 9 196.0
1981 10 767.0
1981 11 547.0
1981 12 1250.0
1982 1 874.6666666666667
1982 2 499.33333333333337
1982 3 124.0
1982 4 902.0
1982 5 2829.0
1982 6 550.0
1982 7 597.0
1982 8 174.0
1982 9 486.0
1982 10 966.0
1982 11 930.0
1982 12 894.0
1983 1 552.0
1983 2 210.0
1983 3 131.0
1983 4 88.0
1983 5 1015.0
1983 6 1560.0
1983 7 1067.0
1983 8 459.0
1983 9 2567.0
1983 10 3968.0
1983 11 1226.0
1983 12 4102.0
1984 1 3673.0
1984 2 2095.0
1984 3 1385.0
1984 4 2283.0
1984 5 3272.0
1984 6 1801.0
1984 7 4298.0
1984 8 3563.0
1984 9 2097.0
1984 10 4588.0
1984 11 4930.0
1984 12 2041.0
1985 1 1687.0
1985 2 280.0
1985 3 1191.0
1985 4 2085.0
1985 5 2431.0
1985 6 1145.0
1985 7 1185.0
1985 8 4676.0
1985 9 2080.0
1985 10 1264.0
1985 11 145.0
1985 12 759.0
1986 1 194.0
1986 2 1580.0
1986 3 747.0
1986 4 2365.0
1986 5 5101.0
1986 6 351.0
1986 7 1221.0
1986 8 262.0
1986 9 2134.0
1986 10 1381.0
1986 11 334.0
1986 12 335.0
1987 1 53.0
1987 2 1469.0
1987 3 1423.0
1987 4 2135.0
1987 5 1852.0
1987 6 1224.0
1987 7 2626.0
1987 8 258.0
1987 9 2860.0
1987 10 1667.0
1987 11 1100.0
1987 12 772.0
1988 1 2261.0
1988 2 1660.0
1988 3 1650.0
1988 4 959.0
1988 5 1242.0
1988 6 548.0
1988 7 3153.0
1988 8 2186.0
1988 9 938.0
1988 10 2015.0
1988 11 3577.0
1988 12 3092.0
1989 1 469.0
1989 2 156.0
1989 3 903.0
1989 4 396.0
1989 5 7396.0
1989 6 3048.0
1989 7 579.0
1989 8 1637.0
1989 9 1541.0
1989 10 2233.0
1989 11 4877.0
1989 12 3682.0
1990 1 26112.0
1990 2 755.0
1990 3 531.0
1990 4 1691.0
1990 5 7229.0
1990 6 3819.0
1990 7 1903.0
1990 8 3458.0
1990 9 3550.0
1990 10 5622.0
1990 11 616.0
1990 12 168.0
1991 1 2500.0
1991 2 2834.0
1991 3 3805.0
1991 4 1799.0
1991 5 3066.0
1991 6 2591.0
1991 7 2116.0
1991 8 4574.0
1991 9 3961.0
1991 10 1230.0
1991 11 768.0
1991 12 5574.0
1992 1 195.0
1992 2 1615.0
1992 3 426.0
1992 4 207.0
1992 5 4436.0
1992 6 1779.0
1992 7 2377.0
1992 8 1693.0
1992 9 7802.0
1992 10 4782.0
1992 11 6117.0
1992 12 645.0
1993 1 1177.0
1993 2 2532.0
1993 3 18524.0
1993 4 982.0
1993 5 1662.0
1993 6 1033.0
1993 7 212.0
1993 8 6266.0
1993 9 9945.0
1993 10 3585.0
1993 11 1951.0
1993 12 1944.0
1994 1 4495.0
1994 2 1127.0
1994 3 9534.0
1994 4 3868.0
1994 5 4766.0
1994 6 11854.0
1994 7 5035.0
1994 8 7989.0
1994 9 5049.0
1994 10 18589.0
1994 11 8954.0
1994 12 476.0
1995 1 4959.0
1995 2 355.0
1995 3 10539.0
1995 4 6154.0
1995 5 6334.0
1995 6 10843.0
1995 7 5784.0
1995 8 11299.0
1995 9 3910.0
1995 10 5684.0
1995 11 8618.0
1995 12 1661.0
1996 1 533.0
1996 2 1768.0
1996 3 13255.0
1996 4 11037.0
1996 5 3605.0
1996 6 6840.0
1996 7 12570.0
1996 8 8027.0
1996 9 8098.0
1996 10 8493.0
1996 11 6529.0
1996 12 5682.0
1997 1 2174.0
1997 2 1125.0
1997 3 1884.0
1997 4 1669.0
1997 5 2916.0
1997 6 2672.0
1997 7 993.0
1997 8 5417.0
1997 9 15125.0
1997 10 2560.0
1997 11 12791.0
1997 12 19263.0
1998 1 2442.0
1998 2 492.0
1998 3 456.0
1998 4 1808.0
1998 5 7422.0
1998 6 1435.0
1998 7 1522.0
1998 8 7062.0
1998 9 2110.0
1998 10 3962.0
1998 11 3843.0
1998 12 5116.0
1999 1 2110.0
1999 2 5174.0
1999 3 4106.0
1999 4 9584.0
1999 5 3463.0
1999 6 2824.0
1999 7 3223.0
1999 8 8033.0
1999 9 3354.0
1999 10 4465.0
1999 11 6740.0
1999 12 2009.0
2000 1 3239.0
2000 2 3420.0
2000 3 10755.0
2000 4 684.0
2000 5 6107.0
2000 6 4880.0
2000 7 870.0
2000 8 4442.0
2000 9 12150.0
2000 10 4635.0
2000 11 4904.0
2000 12 4109.0
2001 1 2259.0
2001 2 1623.0
2001 3 1354.0
2001 4 5390.0
2001 5 474.0
2001 6 3580.0
2001 7 10324.0
2001 8 5031.0
2001 9 6262.0
2001 10 10836.0
2001 11 1697.0
2001 12 7224.0
2002 1 325.0
2002 2 98.0
2002 3 1571.0
2002 4 5262.0
2002 5 2237.0
2002 6 3490.0
2002 7 4736.0
2002 8 745.0
2002 9 7412.0
2002 10 4524.0
2002 11 3258.0
2002 12 252.0
2003 1 10342.0
2003 2 231.0
2003 3 905.0
2003 4 5878.0
2003 5 6999.0
2003 6 5080.0
2003 7 13751.0
2003 8 4021.0
2003 9 2978.0
2003 10 2063.0
2003 11 1786.0
2003 12 470.0
2004 1 12984.0
2004 2 1927.0
2004 3 5189.0
2004 4 5207.0
2004 5 9680.0
2004 6 1834.0
2004 7 14943.0
2004 8 8691.0
2004 9 6886.0
2004 10 3386.0
2004 11 4673.0
2004 12 5816.0
2005 1 1088.0
2005 2 3036.0
2005 3 5124.0
2005 4 6951.0
2005 5 4670.0
2005 6 4142.0
2005 7 3017.0
2005 8 2047.0
2005 9 6251.0
2005 10 3482.0
2005 11 5138.0
2005 12 6529.0
2006 1 46971.0
2006 2 14369.0
2006 3 1465.0
2006 4 2075.0
2006 5 7532.0
2006 6 7576.0
2006 7 5627.0
2006 8 6019.0
2006 9 5955.0
2006 10 1814.0
2006 11 3410.0
2006 12 1647.0
2007 1 5473.0
2007 2 2140.0
2007 3 7635.0
2007 4 7550.0
2007 5 33259.0
2007 6 4530.0
2007 7 12027.0
2007 8 8684.0
2007 9 6583.0
2007 10 6079.0
2007 11 12300.0
2007 12 2428.0
2008 1 1822.0
2008 2 2594.0
2008 3 4056.0
2008 4 9438.0
2008 5 5576.0
2008 6 14765.0
2008 7 12867.0
2008 8 12363.0
2008 9 10624.0
2008 10 9019.0
2008 11 8335.0
2008 12 11544.0
2009 1 12518.0
2009 2 3571.0
2009 3 8679.0
2009 4 3795.0
2009 5 4402.0
2009 6 6541.0
2009 7 4861.0
2009 8 4016.0
2009 9 5662.0
2009 10 6285.0
2009 11 5891.0
2009 12 8734.0
2010 1 346.0
2010 2 237.0
2010 3 1244.0
2010 4 18652.0
2010 5 6959.0
2010 6 1977.0
2010 7 4481.0
2010 8 4017.0
2010 9 3754.0
2010 10 3035.0
2010 11 2384.0
2010 12 189.0
2011 1 886.0
2011 2 6574.0
2011 3 4517.0
2011 4 3049.0
2011 5 8499.0
2011 6 1183.0
2011 7 7422.0
2011 8 6788.0
2011 9 15733.0
2011 10 5004.0
2011 11 1622.0
2011 12 1977.0
2012 1 3800.0
2012 2 669.0
2012 3 2486.0
2012 4 3336.0
2012 5 1504.0
2012 6 15704.0
2012 7 10653.0
2012 8 4420.0
2012 9 21072.0
2012 10 13119.0
2012 11 12365.0
2012 12 3540.0
2013 1 16857.0
2013 2 2189.0
2013 3 28147.0
2013 4 15957.0
2013 5 6482.0
2013 6 10334.0
2013 7 5240.0
2013 8 29165.0
2013 9 34798.0
2013 10 5532.0
2013 11 3197.0
2013 12 7495.0
2014 1 13857.0
2014 2 3530.0
2014 3 29438.0
2014 4 31067.0
2014 5 20550.0
2014 6 5425.0
2014 7 5950.0
2014 8 11905.0
2014 9 1584.0
2014 10 19582.0
2014 11 2500.0
2014 12 34118.0
2015 1 3617.0
2015 2 7461.0
2015 3 15875.0
2015 4 9958.0
2015 5 12855.0
2015 6 10530.0
2015 7 33890.0
2015 8 8340.0
2015 9 12837.0
2015 10 21761.0
2015 11 5520.0
2015 12 1852.0
2016 1 22961.0
2016 2 40574.0
2016 3 7039.0
2016 4 25686.0
2016 5 49008.0
2016 6 27421.0
2016 7 8575.0
2016 8 23688.0
2016 9 18257.0
2016 10 10084.0
2016 11 9422.0
2016 12 14196.0
2017 1 14506.0
2017 2 12465.0
2017 3 12671.0
2017 4 14587.0
2017 5 5473.0
2017 6 13796.0
2017 7 12526.0
2017 8 9724.0
2017 9 43104.0
2017 10 18886.0
2017 11 16471.0
2017 12 11104.0
2018 1 4701.0
2018 2 29729.0
2018 3 18175.0
2018 4 12188.0
2018 5 25497.0
2018 6 3881.0
2018 7 6569.0
2018 8 32913.0
2018 9 12256.0
2018 10 17545.0
2018 11 616.0
2018 12 5797.0
2019 1 7193.0
2019 2 5595.0
2019 3 10384.0
2019 4 15131.0
2019 5 11695.0
2019 6 9650.0
2019 7 9981.0
2019 8 12765.0
2019 9 8195.0
2019 10 27135.0
2019 11 14340.0
2019 12 19161.0
2020 1 2843.0
2020 2 4143.0
2020 3 21549.0
2020 4 16233.0
2020 5 17569.0
2020 6 22034.0
2020 7 28074.0
2020 8 29657.0
2020 9 32209.0
2020 10 57145.0
2020 11 57416.0
2020 12 10802.0
2021 1 48522.0
2021 2 596.0
2021 3 33214.0
2021 4 33543.0
2021 5 26576.0
2021 6 27292.0
2021 7 37580.0
2021 8 55473.0
2021 9 40381.0
2021 10 34496.0
2021 11 30382.0
2021 12 47149.0
2022 1 20786.0
2022 2 13679.0
2022 3 85060.0
2022 4 55847.0
2022 5 159330.0
2022 6 32855.0
2022 7 135956.0
2022 8 101973.0
2022 9 84924.0
2022 10 15145.0
2022 11 11216.0
2022 12 13922.0
2023 1 13114.0
2023 2 4211.0
2023 3 111454.0
2023 4 48005.0
2023 5 67748.0
2023 6 45205.0
2023 7 14620.0
2023 8 44869.0
2023 9 90556.0
2023 10 28706.0
2023 11 41006.0
2023 12 19246.0
2024 1 24616.0
2024 2 14280.0
2024 3 39197.0
2024 4 11968.0
2024 5 27994.0
2024 6 15168.0
2024 7 21729.0
2024 8 119991.0
