1960 5 99.0
1960 6 13.0
1960 7 92.0
1960 8 58.0
1960 9 55.0
1960 10 42.0
1960 11 51.0
1960 12 29.0
1961 1 50.0
1961 2 48.0
1961 3 87.0
1961 4 105.0
1961 5 7.0
1961 6 65.0
1961 7 66.0
1961 8 15.0
1961 9 205.0
1961 10 120.0
1961 11 136.0
1961 12 117.5
1962 1 99.0
1962 2 27.0
1962 3 39.0
1962 4 70.0
1962 5 99.0
1962 6 51.0
1962 7 82.0
1962 8 252.0
1962 9 98.0
1962 10 88.0
1962 11 190.0
1962 12 108.0
1963 1 192.0
1963 2 136.0
1963 3 181.0
1963 4 45.0
1963 5 112.0
1963 6 93.0
1963 7 581.0
1963 8 174.0
1963 9 139.0
1963 10 86.0
1963 11 2610.0
1963 12 38.0
1964 1 423.0
1964 2 29.0
1964 3 197.0
1964 4 123.0
1964 5 224.0
1964 6 144.0
1964 7 860.0
1964 8 1761.0
1964 9 200.0
1964 10 149.0
1964 11 74.0
1964 12 259.0
1965 1 1393.0
1965 2 319.0
1965 3 439.0
1965 4 453.0
1965 5 67.0
1965 6 261.0
1965 7 171.0
1965 8 208.0
1965 9 71.0
1965 10 2423.0
1965 11 243.0
1965 12 150.0
1966 1 2445.0
1966 2 951.0
1966 3 402.0
1966 4 369.0
1966 5 539.0
1966 6 233.0
1966 7 90.0
1966 8 111.0
1966 9 286.0
1966 10 201.0
1966 11 245.0
1966 12 30.0
1967 1 123.0
1967 2 383.0
1967 3 826.0
1967 4 269.0
1967 5 561.0
1967 6 698.0
1967 7 747.0
1967 8 3610.0
1967 9 1474.0
1967 10 322.0
1967 11 1341.0
1967 12 2244.0
1968 1 1344.0
1968 2 158.0
1968 3 173.0
1968 4 139.0
1968 5 5534.0
1968 6 1386.0
1968 7 1544.0
1968 8 327.0
1968 9 1756.0
1968 10 1064.0
1968 11 2283.0
1968 12 2279.0
1969 1 1569.0
1969 2 2359.0
1969 3 484.0
1969 4 1472.0
1969 5 1528.0
1969 6 4257.0
1969 7 1518.0
1969 8 3069.0
1969 9 4164.0
1969 10 3364.0
1969 11 415.0
1969 12 3222.0
1970 1 1051.0
1970 2 3713.0
1970 3 3404.0
1970 4 3991.0
1970 5 10267.0
1970 6 4957.0
1970 7 466.0
1970 8 330.0
1970 9 96.0
1970 10 1090.0
1970 11 4921.0
1970 12 4792.0
1971 1 5272.0
1971 2 2729.0
1971 3 3864.0
1971 4 2627.0
1971 5 4907.0
1971 6 3062.0
1971 7 15556.0
1971 8 12965.0
1971 9 2277.0
1971 10 3295.0
1971 11 8474.0
1971 12 12303.0
1972 1 2773.0
1972 2 8765.0
1972 3 4379.0
1972 4 20104.0
1972 5 3032.0
1972 6 8295.0
1972 7 2269.0
1972 8 8815.0
1972 9 19050.0
1972 10 5655.0
1972 11 13134.0
1972 12 19417.0
1973 1 7529.0
1973 2 8422.0
1973 3 13410.0
1973 4 7798.0
1973 5 10043.0
1973 6 12164.0
1973 7 4573.0
1973 8 8366.0
1973 9 7092.0
1973 10 7783.0
1973 11 6646.0
1973 12 6229.0
1974 1 6731.0
1974 2 688.0
1974 3 3918.0
1974 4 2495.0
1974 5 1327.0
1974 6 7593.0
1974 7 1559.0
1974 8 2087.0
1974 9 1309.0
1974 10 3347.0
1974 11 2976.0
1974 12 415.0
1975 1 4292.0
1975 2 1464.0
1975 3 145.0
1975 4 5718.0
1975 5 241.0
1975 6 1247.0
1975 7 1755.0
1975 8 195.0
1975 9 3998.0
1975 10 1541.0
1975 11 1117.0
1975 12 4956.0
1976 1 875.0
1976 2 782.0
1976 3 1098.0
1976 4 956.0
1976 5 3559.0
1976 6 2962.0
1976 7 3597.0
1976 8 928.0
1976 9 3874.0
1976 10 1592.0
1976 11 5677.0
1976 12 4666.0
1977 1 1220.0
1977 2 3592.0
1977 3 2989.0
1977 4 101079.0
1977 5 6912.0
1977 6 138038.0
1977 7 3219.0
1977 8 1937.0
1977 9 2028.0
1977 10 7522.0
1977 11 7054.0
1977 12 2907.0
1978 1 7001.0
1978 2 5633.0
1978 3 4281.0
1978 4 7716.0
1978 5 3570.0
1978 6 2995.0
1978 7 4218.0
1978 8 9836.0
1978 9 4832.0
1978 10 11436.0
1978 11 4930.0
1978 12 4447.0
1979 1 5782.0
1979 2 6233.0
1979 3 6926.0
1979 4 10644.0
1979 5 19341.0
1979 6 9340.0
1979 7 8656.0
1979 8 3535.0
1979 9 15170.0
1979 10 11631.0
1979 11 11364.0
1979 12 25648.0
1980 1 8692.0
1980 2 5809.0
1980 3 9920.0
1980 4 10193.0
1980 5 7086.0
1980 6 14251.0
1980 7 11947.0
1980 8 7789.0
1980 9 19389.0
1980 10 18964.0
1980 11 3247.0
1980 12 5509.0
1981 1 16190.0
1981 2 16442.0
1981 3 21393.0
1981 4 12513.0
1981 5 35917.0
1981 6 16709.0
1981 7 6767.0
1981 8 3957.0
1981 9 9634.0
1981 10 59400.0
1981 11 2878.0
1981 12 3802.0
1982 1 8718.0
1982 2 6084.0
1982 3 18553.0
1982 4 9578.0
1982 5 20107.0
1982 6 15667.0
1982 7 28982.0
1982 8 10662.0
1982 9 21497.0
1982 10 20842.0
1982 11 18366.5
1982 12 15891.0
1983 1 8801.0
1983 2 16197.0
1983 3 22325.0
1983 4 14195.0
1983 5 26988.0
1983 6 23554.0
1983 7 19424.0
1983 8 29951.0
1983 9 44186.0
1983 10 42989.0
1983 11 34756.0
1983 12 37453.0
1984 1 24576.0
1984 2 54274.0
1984 3 43231.0
1984 4 29196.0
1984 5 26420.0
1984 6 74175.0
1984 7 39591.0
1984 8 35475.0
1984 9 38187.0
1984 10 52300.0
1984 11 16462.0
1984 12 21993.0
1985 1 39685.0
1985 2 18712.0
1985 3 22176.0
1985 4 35451.0
1985 5 58048.0
1985 6 26476.0
1985 7 22493.0
1985 8 24137.0
1985 9 33723.0
1985 10 48686.0
1985 11 44380.0
1985 12 16343.0
1986 1 22108.0
1986 2 16096.0
1986 3 8682.0
1986 4 22545.0
1986 5 20796.0
1986 6 33550.0
1986 7 21892.0
1986 8 10217.0
1986 9 17073.0
1986 10 12078.0
1986 11 31502.0
1986 12 21221.0
1987 1 6845.0
1987 2 19204.0
1987 3 8929.0
1987 4 9786.0
1987 5 8696.0
1987 6 12743.0
1987 7 13201.0
1987 8 6936.0
1987 9 10837.0
1987 10 24898.0
1987 11 5185.0
1987 12 11042.0
1988 1 8686.0
1988 2 10971.0
1988 3 5553.0
1988 4 9384.0
1988 5 6467.0
1988 6 14622.0
1988 7 15471.0
1988 8 10982.0
1988 9 7977.0
1988 10 17505.0
1988 11 25549.0
1988 12 24391.0
1989 1 18414.0
1989 2 28903.0
1989 3 7478.0
1989 4 9015.0
1989 5 13563.0
1989 6 5299.0
1989 7 14522.0
1989 8 15146.0
1989 9 4706.0
1989 10 11454.0
1989 11 5352.0
1989 12 3285.0
1990 1 35307.0
1990 2 3987.0
1990 3 6954.0
1990 4 5033.0
1990 5 8517.0
1990 6 19756.0
1990 7 4639.0
1990 8 5186.0
1990 9 5659.0
1990 10 2005.0
1990 11 1526.0
1990 12 11523.0
1991 1 9244.0
1991 2 6834.0
1991 3 9177.0
1991 4 7856.0
1991 5 6569.0
1991 6 22442.0
1991 7 4771.0
1991 8 3073.0
1991 9 6281.0
1991 10 4616.0
1991 11 18960.0
1991 12 1656.0
1992 1 2830.0
1992 2 2741.0
1992 3 7273.0
1992 4 3397.0
1992 5 3171.0
1992 6 5169.0
1992 7 5237.0
1992 8 3901.0
1992 9 11134.0
1992 10 9659.0
1992 11 5660.0
1992 12 4129.0
1993 1 2982.0
1993 2 2264.0
1993 3 2768.0
1993 4 1367.0
1993 5 1372.0
1993 6 9058.0
1993 7 8742.0
1993 8 3814.0
1993 9 19461.0
1993 10 4044.0
1993 11 5573.0
1993 12 10509.0
1994 1 13536.0
1994 2 10194.0
1994 3 13259.0
1994 4 13351.0
1994 5 10680.0
1994 6 33828.0
1994 7 18599.0
1994 8 9372.0
1994 9 17361.0
1994 10 35139.0
1994 11 14870.0
1994 12 36473.0
1995 1 10089.0
1995 2 11270.0
1995 3 26195.0
1995 4 10694.0
1995 5 11970.0
1995 6 18043.0
1995 7 24082.0
1995 8 14755.0
1995 9 11589.0
1995 10 39423.0
1995 11 14610.0
1995 12 21528.0
1996 1 32044.0
1996 2 27596.0
1996 3 20571.0
1996 4 13789.0
1996 5 21026.0
1996 6 18225.0
1996 7 43589.0
1996 8 28413.0
1996 9 23192.0
1996 10 37891.0
1996 11 32114.0
1996 12 32487.0
1997 1 24385.0
1997 2 17231.0
1997 3 27095.0
1997 4 34053.0
1997 5 25335.0
1997 6 26733.0
1997 7 52996.0
1997 8 50561.0
1997 9 32557.0
1997 10 56362.0
1997 11 28797.0
1997 12 27719.0
1998 1 20821.0
1998 2 26108.0
1998 3 32346.0
1998 4 22070.0
1998 5 27351.0
1998 6 49384.0
1998 7 53095.0
1998 8 26696.0
1998 9 28464.0
1998 10 35032.0
1998 11 19493.0
1998 12 42106.0
1999 1 72425.0
1999 2 60917.0
1999 3 39809.0
1999 4 45275.0
1999 5 20361.0
1999 6 45026.0
1999 7 37190.0
1999 8 46069.0
1999 9 28547.0
1999 10 46642.0
1999 11 30398.0
1999 12 11515.0
2000 1 60272.0
2000 2 25855.0
2000 3 34525.0
2000 4 36928.0
2000 5 35914.0
2000 6 49323.0
2000 7 36351.0
2000 8 28430.0
2000 9 83918.0
2000 10 14403.0
2000 11 13377.0
2000 12 46402.0
2001 1 14425.0
2001 2 14615.0
2001 3 41858.0
2001 4 14313.0
2001 5 38926.0
2001 6 29607.0
2001 7 32306.0
2001 8 41471.0
2001 9 37971.0
2001 10 38124.0
2001 11 45266.0
2001 12 18304.0
2002 1 20192.0
2002 2 28019.0
2002 3 29928.0
2002 4 26587.0
2002 5 18933.0
2002 6 18237.0
2002 7 18142.0
2002 8 24842.0
2002 9 74565.0
2002 10 15963.0
2002 11 11444.0
2002 12 25385.0
2003 1 23556.0
2003 2 32343.0
2003 3 21469.0
2003 4 19625.0
2003 5 21084.0
2003 6 26287.0
2003 7 59264.0
2003 8 31737.0
2003 9 24008.0
2003 10 31331.0
2003 11 24018.0
2003 12 21857.0
2004 1 13541.0
2004 2 41326.0
2004 3 31059.0
2004 4 31093.0
2004 5 46115.0
2004 6 59347.0
2004 7 44347.0
2004 8 49213.0
2004 9 43259.0
2004 10 34997.0
2004 11 35709.0
2004 12 112105.0
2005 1 94917.0
2005 2 61423.0
2005 3 82123.0
2005 4 45470.0
2005 5 104726.0
2005 6 120824.0
2005 7 110963.0
2005 8 84980.0
2005 9 76586.0
2005 10 71318.0
2005 11 100168.0
2005 12 118834.0
2006 1 91712.0
2006 2 109231.0
2006 3 104054.0
2006 4 34734.0
2006 5 66346.0
2006 6 64229.0
2006 7 44838.0
2006 8 59076.0
2006 9 97594.0
2006 10 43492.0
2006 11 58767.0
2006 12 143003.0
2007 1 56551.0
2007 2 44628.0
2007 3 48120.0
2007 4 41258.0
2007 5 186348.0
2007 6 70363.0
2007 7 28250.0
2007 8 31031.0
2007 9 38047.0
2007 10 35398.0
2007 11 69548.0
2007 12 90009.0
2008 1 59411.0
2008 2 30741.0
2008 3 44122.0
2008 4 43337.0
2008 5 28259.0
2008 6 48934.0
2008 7 182733.0
2008 8 40142.0
2008 9 46465.0
2008 10 30264.0
2008 11 9193.0
2008 12 20132.0
2009 1 42286.0
2009 2 14488.0
2009 3 10715.0
2009 4 8243.0
2009 5 8290.0
2009 6 12563.0
2009 7 7294.0
2009 8 29904.0
2009 9 7926.0
2009 10 24196.0
2009 11 7965.0
2009 12 8554.0
2010 1 7888.0
2010 2 8245.0
2010 3 20907.0
2010 4 6401.0
2010 5 7998.0
2010 6 9678.0
2010 7 9485.0
2010 8 13782.0
2010 9 6653.0
2010 10 8101.0
2010 11 6042.0
2010 12 3635.0
2011 1 7000.0
2011 2 13450.0
2011 3 26740.0
2011 4 19547.0
2011 5 6848.0
2011 6 9722.0
2011 7 12495.0
2011 8 4131.0
2011 9 5028.0
2011 10 31912.0
2011 11 6414.0
2011 12 39753.0
2012 1 15099.0
2012 2 34653.0
2012 3 19908.0
2012 4 8299.0
2012 5 60073.0
2012 6 15166.0
2012 7 7920.0
2012 8 9346.0
2012 9 37603.0
2012 10 13615.0
2012 11 22308.0
2012 12 17627.0
2013 1 20590.0
2013 2 13118.0
2013 3 24224.0
2013 4 11204.0
2013 5 33456.0
2013 6 20997.0
2013 7 35958.0
2013 8 9446.0
2013 9 64891.0
2013 10 38037.0
2013 11 15974.0
2013 12 26724.0
2014 1 27269.0
2014 2 90152.0
2014 3 29649.0
2014 4 41709.0
2014 5 24255.0
2014 6 11652.0
2014 7 15852.0
2014 8 18852.0
2014 9 46156.0
2014 10 68836.0
2014 11 15928.0
2014 12 61645.0
2015 1 10588.0
2015 2 93465.0
2015 3 25886.0
2015 4 121415.0
2015 5 62958.0
2015 6 17616.0
2015 7 59485.0
2015 8 45732.0
2015 9 78596.0
2015 10 40713.0
2015 11 18345.0
2015 12 17414.0
2016 1 17107.0
2016 2 14266.0
2016 3 15848.0
2016 4 50942.0
2016 5 43198.0
2016 6 34289.0
2016 7 86319.0
2016 8 53520.0
2016 9 61262.0
2016 10 20449.0
2016 11 45552.0
2016 12 11660.0
2017 1 54430.0
2017 2 49857.0
2017 3 25908.0
2017 4 17358.0
2017 5 47102.0
2017 6 40229.0
2017 7 84503.0
2017 8 31659.0
2017 9 52168.0
2017 10 21097.0
2017 11 31517.0
2017 12 41927.0
2018 1 60844.0
2018 2 12132.0
2018 3 44751.0
2018 4 55484.0
2018 5 31883.0
2018 6 67299.0
2018 7 22626.0
2018 8 94396.0
2018 9 47932.0
2018 10 23801.0
2018 11 34359.0
2018 12 93932.0
2019 1 108601.0
2019 2 42203.0
2019 3 43941.0
2019 4 48218.0
2019 5 64730.0
2019 6 11713.0
2019 7 20358.0
2019 8 40880.0
2019 9 19820.0
2019 10 17476.0
2019 11 21021.0
2019 12 16716.0
2020 1 21511.0
2020 2 14812.0
2020 3 22541.0
2020 4 15588.0
2020 5 33527.0
2020 6 73843.0
2020 7 58412.0
2020 8 18647.0
2020 9 17694.0
2020 10 44069.0
2020 11 91418.0
2020 12 55768.0
2021 1 25183.0
2021 2 54738.0
2021 3 28234.0
2021 4 26381.0
2021 5 33435.0
2021 6 104287.0
2021 7 23246.0
2021 8 42694.0
2021 9 79335.0
2021 10 108842.0
2021 11 105420.0
2021 12 40260.0
2022 1 120415.0
2022 2 42090.0
2022 3 103744.0
2022 4 105005.0
2022 5 95001.0
2022 6 62478.0
2022 7 75294.0
2022 8 66533.0
2022 9 71447.0
2022 10 110504.0
2022 11 67527.0
2022 12 85315.0
2023 1 74614.0
2023 2 51743.0
2023 3 74361.0
2023 4 52739.0
2023 5 100694.0
2023 6 26528.0
2023 7 45938.0
2023 8 139672.0
2023 9 36884.0
2023 10 58885.0
2023 11 35260.0
2023 12 21737.0
2024 1 44240.0
2024 2 61606.0
2024 3 31193.0
2024 4 24189.0
2024 5 84183.0
2024 6 99122.0
2024 7 109621.0
2024 8 64248.0
