1960 9 30.0
1960 10 24.0
1960 11 18.0
1960 12 18.666666666666668
1961 1 19.333333333333332
1961 2 20.0
1961 3 40.0
1961 4 60.0
1961 5 54.5
1961 6 49.0
1961 7 49.25
1961 8 49.5
1961 9 49.75
1961 10 50.0
1961 11 80.0
1961 12 50.0
1962 1 20.0
1962 2 20.0
1962 3 20.0
1962 4 20.0
1962 5 48.0
1962 6 76.0
1962 7 104.0
1962 8 132.0
1962 9 60.0
1962 10 67.0
1962 11 74.0
1962 12 20.0
1963 1 48.0
1963 2 42.5
1963 3 37.0
1963 4 36.666666666666664
1963 5 36.333333333333336
1963 6 36.0
1963 7 426.0
1963 8 300.6666666666667
1963 9 175.33333333333334
1963 10 50.0
1963 11 2522.0
1963 12 1288.5
1964 1 55.0
1964 2 97.0
1964 3 139.0
1964 4 50.0
1964 5 60.0
1964 6 12.0
1964 7 471.0
1964 8 1672.0
1964 9 50.0
1964 10 49.0
1964 11 52.0
1964 12 42.0
1965 1 1196.0
1965 2 15.0
1965 3 300.0
1965 4 263.0
1965 5 206.5
1965 6 150.0
1965 7 95.0
1965 8 40.0
1965 9 1200.0
1965 10 2360.0
1965 11 65.0
1965 12 995.0
1966 1 1925.0
1966 2 235.0
1966 3 225.0
1966 4 212.0
1966 5 493.0
1966 6 150.0
1966 7 15.0
1966 8 95.0
1966 9 194.0
1966 10 116.0
1966 11 165.0
1966 12 120.0
1967 1 75.0
1967 2 97.0
1967 3 78.5
1967 4 60.0
1967 5 485.0
1967 6 612.0
1967 7 573.0
1967 8 3457.0
1967 9 1380.0
1967 10 32.0
1967 11 1229.0
1967 12 2187.0
1968 1 1481.6666666666665
1968 2 776.3333333333333
1968 3 71.0
1968 4 89.0
1968 5 4861.0
1968 6 1337.0
1968 7 1486.0
1968 8 178.0
1968 9 1643.0
1968 10 465.0
1968 11 1925.0
1968 12 1932.0
1969 1 1159.0
1969 2 2168.0
1969 3 319.0
1969 4 1232.0
1969 5 1385.0
1969 6 3523.0
1969 7 1182.0
1969 8 2855.0
1969 9 3291.0
1969 10 1878.0
1969 11 174.0
1969 12 2814.0
1970 1 836.0
1970 2 1652.0
1970 3 2729.0
1970 4 3491.0
1970 5 9117.0
1970 6 4600.0
1970 7 158.0
1970 8 112.0
1970 9 30.0
1970 10 174.0
1970 11 4730.0
1970 12 4455.0
1971 1 4766.0
1971 2 2399.0
1971 3 3444.0
1971 4 2051.0
1971 5 4680.0
1971 6 2660.0
1971 7 14700.0
1971 8 11927.0
1971 9 913.0
1971 10 2753.0
1971 11 5718.0
1971 12 10690.0
1972 1 2530.0
1972 2 7582.0
1972 3 3570.0
1972 4 18989.0
1972 5 2057.0
1972 6 7593.0
1972 7 1744.0
1972 8 8135.0
1972 9 18408.0
1972 10 3849.0
1972 11 11657.0
1972 12 19157.0
1973 1 6767.0
1973 2 7951.0
1973 3 10305.0
1973 4 7186.0
1973 5 8941.0
1973 6 11128.0
1973 7 3402.0
1973 8 8146.0
1973 9 6246.0
1973 10 6263.0
1973 11 6007.0
1973 12 5862.0
1974 1 4658.0
1974 2 338.0
1974 3 3582.0
1974 4 2182.0
1974 5 1302.0
1974 6 7450.0
1974 7 1299.0
1974 8 1949.0
1974 9 1000.0
1974 10 1807.0
1974 11 2808.0
1974 12 317.0
1975 1 3514.0
1975 2 1254.0
1975 3 3169.0
1975 4 5084.0
1975 5 2942.0
1975 6 800.0
1975 7 1312.0
1975 8 2541.0
1975 9 3770.0
1975 10 1062.0
1975 11 891.0
1975 12 4218.0
1976 1 322.0
1976 2 511.0
1976 3 533.0
1976 4 560.0
1976 5 2943.0
1976 6 2064.0
1976 7 3085.0
1976 8 629.0
1976 9 1857.0
1976 10 1237.0
1976 11 4885.0
1976 12 4178.0
1977 1 536.0
1977 2 3065.0
1977 3 2338.0
1977 4 79545.0
1977 5 6336.0
1977 6 116715.0
1977 7 2732.0
1977 8 1136.0
1977 9 1338.0
1977 10 6818.0
1977 11 6068.0
1977 12 2308.0
1978 1 3983.0
1978 2 3968.0
1978 3 2716.0
1978 4 6331.0
1978 5 2856.0
1978 6 1769.0
1978 7 3363.0
1978 8 7501.0
1978 9 3256.0
1978 10 7361.0
1978 11 2868.0
1978 12 2807.0
1979 1 4276.0
1979 2 5349.0
1979 3 5835.0
1979 4 8932.0
1979 5 15744.0
1979 6 6536.0
1979 7 7104.0
1979 8 1147.0
1979 9 11712.0
1979 10 9957.0
1979 11 5962.0
1979 12 22340.0
1980 1 7537.0
1980 2 3759.0
1980 3 5532.0
1980 4 7469.0
1980 5 4386.0
1980 6 12364.0
1980 7 8102.0
1980 8 4909.0
1980 9 17266.0
1980 10 12843.0
1980 11 1072.0
1980 12 3461.0
1981 1 10319.0
1981 2 13801.0
1981 3 19829.0
1981 4 11210.0
1981 5 32173.0
1981 6 14572.0
1981 7 5175.0
1981 8 3182.0
1981 9 7312.0
1981 10 58594.0
1981 11 873.0
1981 12 2718.0
1982 1 7890.0
1982 2 4814.0
1982 3 16719.0
1982 4 6208.0
1982 5 16040.0
1982 6 12674.0
1982 7 25879.0
1982 8 5788.0
1982 9 19013.0
1982 10 18744.0
1982 11 13897.5
1982 12 9051.0
1983 1 4861.0
1983 2 13542.0
1983 3 13373.0
1983 4 8870.0
1983 5 19562.0
1983 6 17911.0
1983 7 7127.0
1983 8 18325.0
1983 9 40523.0
1983 10 34020.0
1983 11 28419.0
1983 12 32875.0
1984 1 18084.0
1984 2 46718.0
1984 3 27557.0
1984 4 26110.0
1984 5 20998.0
1984 6 63214.0
1984 7 31349.0
1984 8 28557.0
1984 9 34466.0
1984 10 40885.0
1984 11 11224.0
1984 12 18405.0
1985 1 23684.0
1985 2 15303.0
1985 3 17020.0
1985 4 26288.0
1985 5 45903.0
1985 6 19589.0
1985 7 19682.0
1985 8 20402.0
1985 9 26348.0
1985 10 42371.0
1985 11 39481.0
1985 12 14983.0
1986 1 15903.0
1986 2 12228.0
1986 3 6854.0
1986 4 15149.0
1986 5 15559.0
1986 6 28276.0
1986 7 17222.0
1986 8 7416.0
1986 9 14433.0
1986 10 8321.0
1986 11 30572.0
1986 12 19133.0
1987 1 5433.0
1987 2 16523.0
1987 3 5923.0
1987 4 7924.0
1987 5 6231.0
1987 6 10719.0
1987 7 11764.0
1987 8 4381.0
1987 9 7939.0
1987 10 16890.0
1987 11 3558.0
1987 12 9078.0
1988 1 6766.0
1988 2 8180.0
1988 3 3686.0
1988 4 8402.0
1988 5 3515.0
1988 6 11023.0
1988 7 12994.0
1988 8 9375.0
1988 9 6930.0
1988 10 14121.0
1988 11 23425.0
1988 12 17123.0
1989 1 16394.0
1989 2 19148.0
1989 3 4058.0
1989 4 7160.0
1989 5 9785.0
1989 6 3533.0
1989 7 10217.0
1989 8 9904.0
1989 9 1335.0
1989 10 9768.0
1989 11 3575.0
1989 12 1777.0
1990 1 34084.0
1990 2 2227.0
1990 3 5719.0
1990 4 3565.0
1990 5 6949.0
1990 6 12908.0
1990 7 2994.0
1990 8 2978.0
1990 9 3335.0
1990 10 561.0
1990 11 894.0
1990 12 10264.0
1991 1 8590.0
1991 2 5350.0
1991 3 5884.0
1991 4 6427.0
1991 5 3316.0
1991 6 21036.0
1991 7 1885.0
1991 8 2170.0
1991 9 3131.0
1991 10 2371.0
1991 11 5320.0
1991 12 1061.0
1992 1 1468.0
1992 2 1839.0
1992 3 5405.0
1992 4 2129.0
1992 5 2179.0
1992 6 3925.0
1992 7 4576.0
1992 8 2023.0
1992 9 10530.0
1992 10 7129.0
1992 11 4134.0
1992 12 3047.0
1993 1 1906.0
1993 2 1178.0
1993 3 587.0
1993 4 225.0
1993 5 786.0
1993 6 8239.0
1993 7 7137.0
1993 8 2828.0
1993 9 17203.0
1993 10 3372.0
1993 11 4892.0
1993 12 9399.0
1994 1 11845.0
1994 2 7800.0
1994 3 10526.0
1994 4 11962.0
1994 5 7917.0
1994 6 32136.0
1994 7 17718.0
1994 8 7309.0
1994 9 16573.0
1994 10 32210.0
1994 11 12639.0
1994 12 35643.0
1995 1 8606.0
1995 2 9410.0
1995 3 23718.0
1995 4 8680.0
1995 5 9293.0
1995 6 17464.0
1995 7 22036.0
1995 8 13199.0
1995 9 10348.0
1995 10 38045.0
1995 11 13284.0
1995 12 20505.0
1996 1 30679.0
1996 2 25689.0
1996 3 19514.0
1996 4 12047.0
1996 5 19186.0
1996 6 16676.0
1996 7 33889.0
1996 8 25511.0
1996 9 9698.0
1996 10 35902.0
1996 11 29428.0
1996 12 30456.0
1997 1 21204.0
1997 2 14334.0
1997 3 24237.0
1997 4 31379.0
1997 5 22096.0
1997 6 22451.0
1997 7 49926.0
1997 8 48112.0
1997 9 30165.0
1997 10 54021.0
1997 11 25620.0
1997 12 21840.0
1998 1 18017.0
1998 2 24907.0
1998 3 29036.0
1998 4 16637.0
1998 5 22335.0
1998 6 44322.0
1998 7 38580.0
1998 8 23071.0
1998 9 22456.0
1998 10 27134.0
1998 11 15228.0
1998 12 38686.0
1999 1 67362.0
1999 2 58068.0
1999 3 34803.0
1999 4 39647.0
1999 5 15032.0
1999 6 41833.0
1999 7 29202.0
1999 8 42001.0
1999 9 24285.0
1999 10 39762.0
1999 11 24072.0
1999 12 8890.0
2000 1 54706.0
2000 2 17742.0
2000 3 27305.0
2000 4 31916.0
2000 5 31306.0
2000 6 45240.0
2000 7 34932.0
2000 8 23245.0
2000 9 71790.0
2000 10 9826.0
2000 11 10605.0
2000 12 44581.0
2001 1 12042.0
2001 2 10640.0
2001 3 33279.0
2001 4 11172.0
2001 5 36376.0
2001 6 26013.0
2001 7 27797.0
2001 8 38673.0
2001 9 33705.0
2001 10 27628.0
2001 11 41977.0
2001 12 16197.0
2002 1 15853.0
2002 2 21561.0
2002 3 24515.0
2002 4 22916.0
2002 5 15161.0
2002 6 14948.0
2002 7 14415.0
2002 8 20398.0
2002 9 72019.0
2002 10 11890.0
2002 11 6670.0
2002 12 22828.0
2003 1 21749.0
2003 2 29498.0
2003 3 19005.0
2003 4 14389.0
2003 5 17490.0
2003 6 20167.0
2003 7 54189.0
2003 8 27443.0
2003 9 19212.0
2003 10 28489.0
2003 11 21545.0
2003 12 18365.0
2004 1 11009.0
2004 2 37867.0
2004 3 26111.0
2004 4 25820.0
2004 5 43083.0
2004 6 52251.0
2004 7 40607.0
2004 8 44677.0
2004 9 37552.0
2004 10 28117.0
2004 11 31192.0
2004 12 99387.0
2005 1 89608.0
2005 2 50416.0
2005 3 68681.0
2005 4 38938.0
2005 5 102008.0
2005 6 109949.0
2005 7 109067.0
2005 8 79596.0
2005 9 72623.0
2005 10 64885.0
2005 11 92458.0
2005 12 113546.0
2006 1 84945.0
2006 2 103502.0
2006 3 94587.0
2006 4 31130.0
2006 5 55818.0
2006 6 62827.0
2006 7 42605.0
2006 8 58083.0
2006 9 93866.0
2006 10 39422.0
2006 11 55924.0
2006 12 141979.0
2007 1 52075.0
2007 2 42687.0
2007 3 46616.0
2007 4 40231.0
2007 5 183297.0
2007 6 68806.0
2007 7 25888.0
2007 8 26703.0
2007 9 35960.0
2007 10 33314.0
2007 11 67248.0
2007 12 85514.0
2008 1 52233.0
2008 2 27626.0
2008 3 41610.0
2008 4 41564.0
2008 5 26133.0
2008 6 46374.0
2008 7 181758.0
2008 8 37732.0
2008 9 45424.0
2008 10 30264.0
2008 11 7810.0
2008 12 18545.0
2009 1 42143.0
2009 2 14288.0
2009 3 9279.0
2009 4 7222.0
2009 5 7482.0
2009 6 12563.0
2009 7 3191.0
2009 8 29641.0
2009 9 7926.0
2009 10 22281.0
2009 11 7283.0
2009 12 7826.0
2010 1 7313.0
2010 2 8170.0
2010 3 19880.0
2010 4 6209.0
2010 5 7693.0
2010 6 9474.0
2010 7 8454.0
2010 8 13578.0
2010 9 4089.0
2010 10 7317.0
2010 11 5381.0
2010 12 1178.0
2011 1 3935.0
2011 2 13116.0
2011 3 26536.0
2011 4 19230.0
2011 5 6644.0
2011 6 9518.0
2011 7 12055.0
2011 8 3927.0
2011 9 4824.0
2011 10 31597.0
2011 11 6204.0
2011 12 39299.0
2012 1 14817.0
2012 2 34208.0
2012 3 18466.0
2012 4 7993.0
2012 5 58065.0
2012 6 14530.0
2012 7 7614.0
2012 8 7656.0
2012 9 34874.0
2012 10 10555.0
2012 11 20528.0
2012 12 17191.0
2013 1 18643.0
2013 2 11216.0
2013 3 20081.0
2013 4 8175.0
2013 5 24837.0
2013 6 19696.0
2013 7 34749.0
2013 8 8256.0
2013 9 64197.0
2013 10 36707.0
2013 11 15650.0
2013 12 25899.0
2014 1 26861.0
2014 2 89031.0
2014 3 29050.0
2014 4 41026.0
2014 5 23795.0
2014 6 9996.0
2014 7 14734.0
2014 8 17446.0
2014 9 42453.0
2014 10 67531.0
2014 11 14759.0
2014 12 60445.0
2015 1 10323.0
2015 2 92115.0
2015 3 19639.0
2015 4 120864.0
2015 5 54118.0
2015 6 16187.0
2015 7 55565.0
2015 8 44709.0
2015 9 77175.0
2015 10 39594.0
2015 11 18095.0
2015 12 16369.0
2016 1 15377.0
2016 2 13437.0
2016 3 12977.0
2016 4 48885.0
2016 5 41532.0
2016 6 31056.0
2016 7 83394.0
2016 8 52328.0
2016 9 58911.0
2016 10 19283.0
2016 11 44882.0
2016 12 9960.0
2017 1 52469.0
2017 2 47973.0
2017 3 25382.0
2017 4 17073.0
2017 5 44148.0
2017 6 39754.0
2017 7 80134.0
2017 8 28749.0
2017 9 51846.0
2017 10 20479.0
2017 11 29427.0
2017 12 40702.0
2018 1 60388.0
2018 2 12132.0
2018 3 44130.0
2018 4 51543.0
2018 5 31440.0
2018 6 66664.0
2018 7 21964.0
2018 8 93728.0
2018 9 47422.0
2018 10 23529.0
2018 11 33734.0
2018 12 91228.0
2019 1 106111.0
2019 2 40829.0
2019 3 41834.0
2019 4 41891.0
2019 5 64530.0
2019 6 9647.0
2019 7 18358.0
2019 8 38706.0
2019 9 17966.0
2019 10 13730.0
2019 11 19065.0
2019 12 15210.0
2020 1 17413.0
2020 2 14244.0
2020 3 16949.0
2020 4 15452.0
2020 5 29856.0
2020 6 69261.0
2020 7 54184.0
2020 8 15803.0
2020 9 15529.0
2020 10 42262.0
2020 11 87658.0
2020 12 48229.0
2021 1 22549.0
2021 2 51612.0
2021 3 24457.0
2021 4 23800.0
2021 5 30573.0
2021 6 101819.0
2021 7 22454.0
2021 8 41379.0
2021 9 77578.0
2021 10 81803.0
2021 11 101718.0
2021 12 35183.0
2022 1 117877.0
2022 2 40483.0
2022 3 86683.0
2022 4 78471.0
2022 5 81931.0
2022 6 56430.0
2022 7 73104.0
2022 8 62794.0
2022 9 58644.0
2022 10 106941.0
2022 11 55460.0
2022 12 83192.0
2023 1 66210.0
2023 2 49268.0
2023 3 69733.0
2023 4 48006.0
2023 5 92176.0
2023 6 18251.0
2023 7 34197.0
2023 8 130462.0
2023 9 26434.0
2023 10 47464.0
2023 11 27457.0
2023 12 12363.0
2024 1 36463.0
2024 2 57857.0
2024 3 26554.0
2024 4 16871.0
2024 5 75097.0
2024 6 82520.0
2024 7 101192.0
2024 8 57083.0
