1960 5 42.0
1960 6 100.0
1960 7 29.0
1960 8 28.0
1960 9 72.0
1960 10 25.0
1960 11 46.0
1960 12 40.0
1961 1 34.0
1961 2 84.0
1961 3 134.0
1961 4 184.0
1961 5 32.0
1961 6 77.0
1961 7 142.0
1961 8 56.0
1961 9 37.0
1961 10 112.0
1961 11 150.0
1961 12 78.0
1962 1 88.0
1962 2 98.0
1962 3 65.0
1962 4 33.0
1962 5 99.0
1962 6 34.0
1962 7 15.0
1962 8 87.0
1962 9 46.0
1962 10 80.0
1962 11 46.0
1962 12 11.0
1963 1 17.0
1963 2 10.0
1963 3 12.0
1963 4 95.0
1963 5 103.0
1963 6 76.66666666666667
1963 7 50.333333333333336
1963 8 24.0
1963 9 127.0
1963 10 90.0
1963 11 40.0
1963 12 30.0
1964 1 20.0
1964 2 10.0
1964 3 17.0
1964 4 127.0
1964 5 36.0
1964 6 42.0
1964 7 69.0
1964 8 42.0
1964 9 170.0
1964 10 64.0
1964 11 33.0
1964 12 20.0
1965 1 21.666666666666668
1965 2 23.333333333333332
1965 3 25.0
1965 4 107.0
1965 5 140.0
1965 6 124.0
1965 7 125.0
1965 8 80.0
1965 9 140.0
1965 10 150.0
1965 11 80.0
1965 12 91.0
1966 1 28.0
1966 2 37.0
1966 3 41.0
1966 4 25.0
1966 5 94.0
1966 6 150.0
1966 7 56.0
1966 8 56.0
1966 9 47.0
1966 10 38.0
1966 11 29.0
1966 12 20.0
1967 1 14.0
1967 2 17.666666666666668
1967 3 21.333333333333332
1967 4 25.0
1967 5 97.0
1967 6 154.0
1967 7 55.0
1967 8 46.0
1967 9 37.0
1967 10 40.0
1967 11 87.0
1967 12 103.5
1968 1 120.0
1968 2 177.5
1968 3 235.0
1968 4 36.0
1968 5 493.0
1968 6 318.0
1968 7 244.0
1968 8 170.0
1968 9 96.0
1968 10 35.0
1968 11 40.0
1968 12 44.0
1969 1 29.0
1969 2 14.0
1969 3 22.0
1969 4 114.0
1969 5 35.0
1969 6 25.0
1969 7 31.5
1969 8 38.0
1969 9 152.0
1969 10 90.5
1969 11 29.0
1969 12 17.0
1970 1 30.0
1970 2 43.0
1970 3 56.0
1970 4 272.0
1970 5 79.0
1970 6 90.0
1970 7 62.0
1970 8 120.0
1970 9 49164.0
1970 10 270.0
1970 11 21428.0
1970 12 10735.0
1971 1 42.0
1971 2 120.0
1971 3 150.0
1971 4 95.0
1971 5 248.0
1971 6 60.0
1971 7 558.0
1971 8 29.0
1971 9 227.0
1971 10 60.0
1971 11 35.0
1971 12 457.0
1972 1 348.6666666666667
1972 2 240.33333333333334
1972 3 132.0
1972 4 226.0
1972 5 167.0
1972 6 85.0
1972 7 159.0
1972 8 125.0
1972 9 887.0
1972 10 609.0
1972 11 265.0
1972 12 270.0
1973 1 30.0
1973 2 95.0
1973 3 850.0
1973 4 222.0
1973 5 162.0
1973 6 556.0
1973 7 25.0
1973 8 108.5
1973 9 192.0
1973 10 350.0
1973 11 869.0
1973 12 541.0
1974 1 285.5
1974 2 30.0
1974 3 189.5
1974 4 349.0
1974 5 1850.0
1974 6 421.0
1974 7 61.0
1974 8 248.0
1974 9 262.0
1974 10 260.0
1974 11 200.0
1974 12 78.0
1975 1 673.0
1975 2 131.0
1975 3 46.0
1975 4 184.0
1975 5 168.0
1975 6 123.0
1975 7 221.0
1975 8 130.0
1975 9 390.0
1975 10 38.0
1975 11 321.0
1975 12 63.0
1976 1 74.0
1976 2 30.0
1976 3 480.0
1976 4 378.0
1976 5 411.0
1976 6 189.0
1976 7 651.0
1976 8 552.0
1976 9 742.0
1976 10 2114.0
1976 11 911.0
1976 12 174.0
1977 1 270.0
1977 2 283.0
1977 3 1411.0
1977 4 609.0
1977 5 415.0
1977 6 975.0
1977 7 1267.0
1977 8 750.0
1977 9 1209.0
1977 10 374.0
1977 11 191.0
1977 12 214.0
1978 1 212.0
1978 2 207.0
1978 3 1033.0
1978 4 1081.0
1978 5 576.0
1978 6 1188.0
1978 7 39.0
1978 8 834.0
1978 9 1254.0
1978 10 865.0
1978 11 486.0
1978 12 326.0
1979 1 166.0
1979 2 132.5
1979 3 99.0
1979 4 397.0
1979 5 756.0
1979 6 202.0
1979 7 182.0
1979 8 4277.0
1979 9 1830.0
1979 10 1369.0
1979 11 75.0
1979 12 55.0
1980 1 99.0
1980 2 97.0
1980 3 95.0
1980 4 52.0
1980 5 480.0
1980 6 140.0
1980 7 41.0
1980 8 85.0
1980 9 47.0
1980 10 956.0
1980 11 339.0
1980 12 448.0
1981 1 557.0
1981 2 302.0
1981 3 47.0
1981 4 148.0
1981 5 127.0
1981 6 48.0
1981 7 116.5
1981 8 185.0
1981 9 47.0
1981 10 284.0
1981 11 244.0
1981 12 214.0
1982 1 184.0
1982 2 154.0
1982 3 124.0
1982 4 178.0
1982 5 141.0
1982 6 140.0
1982 7 187.0
1982 8 174.0
1982 9 466.0
1982 10 186.0
1982 11 222.5
1982 12 259.0
1983 1 216.25
1983 2 173.5
1983 3 130.75
1983 4 88.0
1983 5 631.0
1983 6 57.0
1983 7 567.0
1983 8 97.0
1983 9 199.0
1983 10 150.0
1983 11 525.0
1983 12 412.5
1984 1 300.0
1984 2 643.0
1984 3 393.0
1984 4 143.0
1984 5 363.0
1984 6 538.0
1984 7 84.0
1984 8 677.0
1984 9 336.0
1984 10 421.0
1984 11 32.0
1984 12 186.0
1985 1 133.0
1985 2 80.0
1985 3 218.0
1985 4 379.5
1985 5 541.0
1985 6 395.0
1985 7 185.0
1985 8 312.0
1985 9 475.5
1985 10 639.0
1985 11 145.0
1985 12 165.0
1986 1 93.0
1986 2 99.0
1986 3 212.0
1986 4 727.0
1986 5 183.0
1986 6 171.0
1986 7 213.0
1986 8 262.0
1986 9 108.0
1986 10 443.0
1986 11 334.0
1986 12 193.5
1987 1 53.0
1987 2 175.5
1987 3 298.0
1987 4 179.0
1987 5 60.0
1987 6 432.0
1987 7 74.0
1987 8 59.0
1987 9 692.0
1987 10 184.0
1987 11 113.0
1987 12 42.0
1988 1 59.0
1988 2 117.0
1988 3 175.0
1988 4 233.0
1988 5 960.0
1988 6 148.0
1988 7 574.0
1988 8 224.0
1988 9 278.0
1988 10 269.0
1988 11 139.0
1988 12 132.0
1989 1 62.0
1989 2 185.0
1989 3 308.0
1989 4 240.0
1989 5 430.0
1989 6 1899.0
1989 7 579.0
1989 8 536.0
1989 9 111.0
1989 10 110.0
1989 11 154.0
1989 12 198.0
1990 1 24901.0
1990 2 12638.0
1990 3 375.0
1990 4 224.0
1990 5 207.0
1990 6 754.0
1990 7 225.0
1990 8 369.0
1990 9 188.0
1990 10 1499.0
1990 11 123.0
1990 12 168.0
1991 1 267.5
1991 2 367.0
1991 3 287.0
1991 4 207.0
1991 5 196.0
1991 6 202.5
1991 7 209.0
1991 8 193.0
1991 9 294.0
1991 10 867.0
1991 11 203.0
1991 12 368.0
1992 1 322.3333333333333
1992 2 276.6666666666667
1992 3 231.0
1992 4 207.0
1992 5 838.0
1992 6 445.0
1992 7 86.0
1992 8 909.0
1992 9 268.0
1992 10 833.0
1992 11 852.0
1992 12 325.0
1993 1 327.0
1993 2 75.0
1993 3 808.0
1993 4 158.0
1993 5 505.0
1993 6 554.0
1993 7 212.0
1993 8 640.0
1993 9 1016.0
1993 10 757.0
1993 11 926.0
1993 12 794.0
1994 1 1239.6666666666667
1994 2 1685.3333333333335
1994 3 2131.0
1994 4 1195.0
1994 5 1073.0
1994 6 718.0
1994 7 1300.0
1994 8 1855.0
1994 9 604.0
1994 10 696.0
1994 11 714.0
1994 12 476.0
1995 1 155.0
1995 2 355.0
1995 3 824.0
1995 4 431.0
1995 5 2451.0
1995 6 889.0
1995 7 1613.0
1995 8 690.0
1995 9 478.0
1995 10 1572.0
1995 11 470.0
1995 12 278.0
1996 1 86.0
1996 2 507.0
1996 3 4042.0
1996 4 6822.0
1996 5 1363.0
1996 6 1121.0
1996 7 7501.0
1996 8 1193.0
1996 9 1116.0
1996 10 1045.0
1996 11 546.0
1996 12 801.0
1997 1 318.0
1997 2 373.0
1997 3 428.0
1997 4 640.0
1997 5 1191.0
1997 6 353.0
1997 7 732.0
1997 8 2511.0
1997 9 8551.0
1997 10 1887.0
1997 11 749.0
1997 12 14480.0
1998 1 2096.0
1998 2 1129.5
1998 3 163.0
1998 4 1031.0
1998 5 4024.0
1998 6 869.0
1998 7 701.0
1998 8 4126.0
1998 9 1093.0
1998 10 1505.0
1998 11 1917.0
1998 12 115.0
1999 1 2110.0
1999 2 2181.0
1999 3 3040.0
1999 4 3337.0
1999 5 1121.0
1999 6 832.0
1999 7 1308.0
1999 8 588.0
1999 9 338.0
1999 10 1199.0
1999 11 2623.0
1999 12 1084.0
2000 1 1055.0
2000 2 1026.0
2000 3 1912.0
2000 4 456.0
2000 5 1770.0
2000 6 639.0
2000 7 463.0
2000 8 703.0
2000 9 2397.0
2000 10 805.0
2000 11 3095.0
2000 12 1670.5
2001 1 246.0
2001 2 153.0
2001 3 811.0
2001 4 1015.0
2001 5 320.0
2001 6 2478.0
2001 7 467.0
2001 8 1071.0
2001 9 1148.0
2001 10 3182.0
2001 11 748.0
2001 12 699.0
2002 1 325.0
2002 2 98.0
2002 3 524.0
2002 4 257.0
2002 5 475.0
2002 6 530.0
2002 7 849.0
2002 8 745.0
2002 9 1525.0
2002 10 3074.0
2002 11 1130.0
2002 12 252.0
2003 1 241.5
2003 2 231.0
2003 3 905.0
2003 4 3782.0
2003 5 1159.0
2003 6 464.0
2003 7 1107.0
2003 8 3431.0
2003 9 2908.0
2003 10 1577.0
2003 11 1786.0
2003 12 276.0
2004 1 6365.0
2004 2 1733.0
2004 3 2992.0
2004 4 4960.0
2004 5 649.0
2004 6 1184.0
2004 7 3910.0
2004 8 1110.0
2004 9 4472.0
2004 10 1482.0
2004 11 2319.0
2004 12 653.0
2005 1 700.0
2005 2 1658.0
2005 3 2318.0
2005 4 2053.0
2005 5 839.0
2005 6 924.0
2005 7 1617.0
2005 8 1523.0
2005 9 664.0
2005 10 2805.0
2005 11 3482.0
2005 12 3412.0
2006 1 659.0
2006 2 570.0
2006 3 1317.0
2006 4 2075.0
2006 5 4857.0
2006 6 1518.0
2006 7 1638.0
2006 8 987.0
2006 9 4116.0
2006 10 1814.0
2006 11 2399.0
2006 12 1647.0
2007 1 298.0
2007 2 1745.0
2007 3 2411.0
2007 4 1964.0
2007 5 1809.0
2007 6 4273.0
2007 7 9845.0
2007 8 4520.0
2007 9 3635.0
2007 10 3136.0
2007 11 4782.0
2007 12 2171.0
2008 1 1514.0
2008 2 1805.0
2008 3 1820.0
2008 4 4622.0
2008 5 2032.0
2008 6 2195.0
2008 7 2473.0
2008 8 1559.0
2008 9 2830.0
2008 10 4663.0
2008 11 338.0
2008 12 1039.0
2009 1 343.0
2009 2 460.0
2009 3 320.0
2009 4 2180.0
2009 5 972.0
2009 6 1467.0
2009 7 1793.0
2009 8 3190.0
2009 9 2173.0
2009 10 894.0
2009 11 982.0
2009 12 569.0
2010 1 346.0
2010 2 520.0
2010 3 694.0
2010 4 2816.0
2010 5 2665.0
2010 6 845.0
2010 7 364.0
2010 8 1089.0
2010 9 1409.0
2010 10 1948.0
2010 11 1181.0
2010 12 189.0
2011 1 254.0
2011 2 378.0
2011 3 502.0
2011 4 2048.0
2011 5 1118.0
2011 6 183.0
2011 7 1605.0
2011 8 404.0
2011 9 6765.0
2011 10 464.0
2011 11 1268.0
2011 12 1740.0
2012 1 1913.0
2012 2 2086.0
2012 3 2259.0
2012 4 2432.0
2012 5 541.0
2012 6 1060.0
2012 7 1854.0
2012 8 872.0
2012 9 403.0
2012 10 2456.0
2012 11 1365.0
2012 12 501.0
2013 1 818.0
2013 2 297.0
2013 3 2230.0
2013 4 2560.0
2013 5 1798.0
2013 6 1036.0
2013 7 426.0
2013 8 281.0
2013 9 6201.0
2013 10 435.0
2013 11 1798.0
2013 12 123.0
2014 1 324.0
2014 2 1004.0
2014 3 3280.0
2014 4 5868.0
2014 5 3651.0
2014 6 2036.0
2014 7 829.0
2014 8 949.0
2014 9 376.0
2014 10 3840.0
2014 11 2500.0
2014 12 751.0
2015 1 463.0
2015 2 345.0
2015 3 227.0
2015 4 1230.0
2015 5 2893.0
2015 6 5717.0
2015 7 7157.0
2015 8 5241.0
2015 9 10521.0
2015 10 8560.0
2015 11 1018.0
2015 12 165.0
2016 1 852.0
2016 2 1364.0
2016 3 1876.0
2016 4 5859.0
2016 5 506.0
2016 6 1285.0
2016 7 667.0
2016 8 4737.0
2016 9 4056.0
2016 10 433.0
2016 11 662.0
2016 12 1352.0
2017 1 593.0
2017 2 430.0
2017 3 4031.0
2017 4 2920.0
2017 5 785.0
2017 6 2506.0
2017 7 4147.0
2017 8 1209.0
2017 9 1477.0
2017 10 355.0
2017 11 551.0
2017 12 604.0
2018 1 560.0
2018 2 210.0
2018 3 4017.0
2018 4 3177.0
2018 5 1492.0
2018 6 1582.0
2018 7 572.0
2018 8 1755.0
2018 9 4779.0
2018 10 1461.0
2018 11 616.0
2018 12 2628.0
2019 1 897.0
2019 2 1167.0
2019 3 2037.0
2019 4 1751.0
2019 5 1814.0
2019 6 4288.0
2019 7 1681.0
2019 8 964.0
2019 9 2117.0
2019 10 3364.0
2019 11 1210.0
2019 12 1262.0
2020 1 768.0
2020 2 2006.0
2020 3 3244.0
2020 4 1385.0
2020 5 1060.0
2020 6 1825.0
2020 7 944.0
2020 8 5553.0
2020 9 4935.0
2020 10 691.0
2020 11 4317.0
2020 12 2310.0
2021 1 985.0
2021 2 596.0
2021 3 4011.0
2021 4 6857.0
2021 5 1776.0
2021 6 6556.0
2021 7 5734.0
2021 8 7031.0
2021 9 4320.0
2021 10 3159.0
2021 11 10315.0
2021 12 4540.0
2022 1 876.0
2022 2 6478.0
2022 3 4812.0
2022 4 5725.0
2022 5 6806.0
2022 6 1241.0
2022 7 10862.0
2022 8 9846.0
2022 9 2237.0
2022 10 4402.0
2022 11 994.0
2022 12 1001.0
2023 1 2222.0
2023 2 2926.0
2023 3 2276.0
2023 4 5904.0
2023 5 7538.0
2023 6 7265.0
2023 7 2923.0
2023 8 9244.0
2023 9 8223.0
2023 10 3019.0
2023 11 2647.0
2023 12 1881.0
2024 1 744.0
2024 2 1467.0
2024 3 4356.0
2024 4 2610.0
2024 5 5436.0
2024 6 1977.0
2024 7 4151.0
2024 8 7532.0
