1960 5 2542.0
1960 6 2089.0
1960 7 2170.0
1960 8 2248.0
1960 9 1947.0
1960 10 2113.0
1960 11 1729.0
1960 12 1593.0
1961 1 1574.0
1961 2 1378.0
1961 3 2771.0
1961 4 2410.0
1961 5 2238.0
1961 6 1686.0
1961 7 1535.0
1961 8 2285.0
1961 9 1832.0
1961 10 2264.0
1961 11 2044.0
1961 12 2182.0
1962 1 2320.0
1962 2 2395.0
1962 3 2447.0
1962 4 2450.0
1962 5 2245.0
1962 6 2689.0
1962 7 2549.0
1962 8 2494.0
1962 9 2217.0
1962 10 2370.0
1962 11 1810.0
1962 12 1766.0
1963 1 2432.0
1963 2 2268.0
1963 3 2765.0
1963 4 2946.0
1963 5 2512.0
1963 6 1844.0
1963 7 2822.0
1963 8 2697.0
1963 9 2333.0
1963 10 2542.0
1963 11 2737.0
1963 12 1662.0
1964 1 2449.0
1964 2 2210.0
1964 3 3307.0
1964 4 3818.0
1964 5 3303.0
1964 6 2563.0
1964 7 3256.0
1964 8 2644.0
1964 9 3654.0
1964 10 3385.0
1964 11 2398.0
1964 12 3026.0
1965 1 3174.0
1965 2 2925.0
1965 3 3436.0
1965 4 3615.0
1965 5 4041.0
1965 6 5187.0
1965 7 3142.0
1965 8 3627.0
1965 9 3923.0
1965 10 3861.0
1965 11 3465.0
1965 12 3520.0
1966 1 3458.0
1966 2 3133.0
1966 3 4732.0
1966 4 3324.0
1966 5 3918.0
1966 6 3463.0
1966 7 2539.0
1966 8 3061.0
1966 9 2406.0
1966 10 2218.0
1966 11 2167.0
1966 12 2329.0
1967 1 2981.0
1967 2 3497.0
1967 3 3705.0
1967 4 2901.0
1967 5 3445.0
1967 6 2636.0
1967 7 3539.0
1967 8 3569.0
1967 9 3404.0
1967 10 3345.0
1967 11 2715.0
1967 12 3383.0
1968 1 2391.0
1968 2 2891.0
1968 3 4144.0
1968 4 2846.0
1968 5 14252.0
1968 6 11761.0
1968 7 13783.0
1968 8 11555.0
1968 9 14050.0
1968 10 13672.0
1968 11 11815.0
1968 12 10700.0
1969 1 14615.0
1969 2 13292.0
1969 3 12202.0
1969 4 12817.0
1969 5 14942.0
1969 6 12613.0
1969 7 12152.0
1969 8 12274.0
1969 9 11964.0
1969 10 13154.0
1969 11 10247.0
1969 12 9355.0
1970 1 10614.0
1970 2 11951.0
1970 3 11683.0
1970 4 15341.0
1970 5 16262.0
1970 6 17073.0
1970 7 17357.0
1970 8 17823.0
1970 9 2442.0
1970 10 18352.0
1970 11 1936.0
1970 12 17794.0
1971 1 19951.0
1971 2 16814.0
1971 3 22865.0
1971 4 22709.0
1971 5 18984.0
1971 6 23083.0
1971 7 26693.0
1971 8 19974.0
1971 9 21141.0
1971 10 20514.0
1971 11 20849.0
1971 12 18898.0
1972 1 22720.0
1972 2 20319.0
1972 3 25687.0
1972 4 28286.0
1972 5 29433.0
1972 6 25334.0
1972 7 25421.0
1972 8 34807.0
1972 9 28420.0
1972 10 25240.0
1972 11 39856.0
1972 12 21202.0
1973 1 24869.0
1973 2 29809.0
1973 3 33882.0
1973 4 32457.0
1973 5 34392.0
1973 6 26516.0
1973 7 27199.0
1973 8 23646.0
1973 9 18912.0
1973 10 22716.0
1973 11 21866.0
1973 12 15218.0
1974 1 18021.0
1974 2 21144.0
1974 3 31553.0
1974 4 27836.0
1974 5 27424.0
1974 6 24783.0
1974 7 21842.0
1974 8 25953.0
1974 9 15470.0
1974 10 21546.0
1974 11 12270.0
1974 12 11751.0
1975 1 18757.0
1975 2 14531.0
1975 3 18927.0
1975 4 27272.0
1975 5 25091.0
1975 6 26713.0
1975 7 25703.0
1975 8 26824.0
1975 9 30173.0
1975 10 24981.0
1975 11 21810.0
1975 12 21826.0
1976 1 25044.0
1976 2 29955.0
1976 3 37939.0
1976 4 32580.0
1976 5 33436.0
1976 6 35722.0
1976 7 34050.0
1976 8 32519.0
1976 9 26692.0
1976 10 28644.0
1976 11 28707.0
1976 12 21885.0
1977 1 23930.0
1977 2 32431.0
1977 3 42523.0
1977 4 599829.0
1977 5 43900.0
1977 6 663268.0
1977 7 42826.0
1977 8 45002.0
1977 9 41493.0
1977 10 43489.0
1977 11 38168.0
1977 12 31256.0
1978 1 34917.0
1978 2 42611.0
1978 3 49142.0
1978 4 63135.0
1978 5 45665.0
1978 6 62106.0
1978 7 47275.0
1978 8 44973.0
1978 9 41832.0
1978 10 53095.0
1978 11 52197.0
1978 12 34998.0
1979 1 41968.0
1979 2 36552.0
1979 3 66335.0
1979 4 64728.0
1979 5 63555.0
1979 6 66500.0
1979 7 56142.0
1979 8 65734.0
1979 9 49309.0
1979 10 65200.0
1979 11 44463.0
1979 12 33576.0
1980 1 40429.0
1980 2 46596.0
1980 3 32085.0
1980 4 38778.0
1980 5 43139.0
1980 6 46668.0
1980 7 61812.0
1980 8 60783.0
1980 9 68094.0
1980 10 57187.0
1980 11 39434.0
1980 12 42712.0
1981 1 39167.0
1981 2 36601.0
1981 3 47638.0
1981 4 48801.0
1981 5 40318.0
1981 6 44150.0
1981 7 38746.0
1981 8 33188.0
1981 9 43762.0
1981 10 27369.0
1981 11 24162.0
1981 12 22969.0
1982 1 26052.0
1982 2 29733.0
1982 3 38760.0
1982 4 35842.0
1982 5 34221.0
1982 6 32100.0
1982 7 30268.0
1982 8 35467.0
1982 9 42168.0
1982 10 43741.0
1982 11 40175.5
1982 12 36610.0
1983 1 46221.0
1983 2 49807.0
1983 3 74182.0
1983 4 65379.0
1983 5 72414.0
1983 6 74155.0
1983 7 65436.0
1983 8 69445.0
1983 9 64531.0
1983 10 63258.0
1983 11 63410.0
1983 12 42109.0
1984 1 68885.0
1984 2 70026.0
1984 3 95166.0
1984 4 77091.0
1984 5 77571.0
1984 6 95577.0
1984 7 59368.0
1984 8 66759.0
1984 9 62259.0
1984 10 76378.0
1984 11 58617.0
1984 12 43268.0
1985 1 70564.0
1985 2 60772.0
1985 3 84170.0
1985 4 92320.0
1985 5 85949.0
1985 6 82134.0
1985 7 72927.0
1985 8 79046.0
1985 9 85572.0
1985 10 78703.0
1985 11 71254.0
1985 12 65236.0
1986 1 83309.0
1986 2 76754.0
1986 3 97058.0
1986 4 117577.0
1986 5 102527.0
1986 6 89930.0
1986 7 96870.0
1986 8 87557.0
1986 9 91641.0
1986 10 93846.0
1986 11 65376.0
1986 12 71688.0
1987 1 84127.0
1987 2 90629.0
1987 3 110828.0
1987 4 122160.0
1987 5 110686.0
1987 6 104684.0
1987 7 105417.0
1987 8 94343.0
1987 9 94784.0
1987 10 89363.0
1987 11 74869.0
1987 12 73310.0
1988 1 54790.0
1988 2 97117.0
1988 3 115363.0
1988 4 103652.0
1988 5 105230.0
1988 6 114601.0
1988 7 96872.0
1988 8 106098.0
1988 9 124229.0
1988 10 96808.0
1988 11 90400.0
1988 12 87693.0
1989 1 85931.0
1989 2 80953.0
1989 3 97922.0
1989 4 94371.0
1989 5 114665.0
1989 6 96484.0
1989 7 86073.0
1989 8 98628.0
1989 9 83343.0
1989 10 79676.0
1989 11 83619.0
1989 12 58580.0
1990 1 94741.0
1990 2 88400.0
1990 3 113839.0
1990 4 116919.0
1990 5 125685.0
1990 6 104938.0
1990 7 106327.0
1990 8 100590.0
1990 9 85337.0
1990 10 83793.0
1990 11 78544.0
1990 12 72870.0
1991 1 67722.0
1991 2 79404.0
1991 3 103721.0
1991 4 108206.0
1991 5 103854.0
1991 6 103295.0
1991 7 103854.0
1991 8 96320.0
1991 9 107415.0
1991 10 95936.0
1991 11 74027.0
1991 12 77928.0
1992 1 97056.0
1992 2 103160.0
1992 3 123738.0
1992 4 128472.0
1992 5 120976.0
1992 6 118554.0
1992 7 119993.0
1992 8 111846.0
1992 9 120881.0
1992 10 119088.0
1992 11 95695.0
1992 12 105097.0
1993 1 109581.0
1993 2 117893.0
1993 3 126193.0
1993 4 137718.0
1993 5 112530.0
1993 6 131736.0
1993 7 124838.0
1993 8 132392.0
1993 9 122145.0
1993 10 125551.0
1993 11 133237.0
1993 12 110695.0
1994 1 137815.0
1994 2 128923.0
1994 3 180482.0
1994 4 162357.0
1994 5 173128.0
1994 6 171918.0
1994 7 142053.0
1994 8 153103.0
1994 9 141863.0
1994 10 123535.0
1994 11 128071.0
1994 12 124466.0
1995 1 135595.0
1995 2 122359.0
1995 3 163811.0
1995 4 144141.0
1995 5 156463.0
1995 6 159196.0
1995 7 168855.0
1995 8 154809.0
1995 9 136825.0
1995 10 150238.0
1995 11 143589.0
1995 12 120700.0
1996 1 143054.0
1996 2 160737.0
1996 3 183253.0
1996 4 194023.0
1996 5 200302.0
1996 6 187175.0
1996 7 177960.0
1996 8 176878.0
1996 9 150846.0
1996 10 182164.0
1996 11 162530.0
1996 12 167744.0
1997 1 178149.0
1997 2 166771.0
1997 3 192774.0
1997 4 203357.0
1997 5 189510.0
1997 6 196714.0
1997 7 182259.0
1997 8 176487.0
1997 9 176826.0
1997 10 207606.0
1997 11 156687.0
1997 12 155581.0
1998 1 157241.0
1998 2 174793.0
1998 3 235260.0
1998 4 219630.0
1998 5 207974.0
1998 6 230430.0
1998 7 219339.0
1998 8 228094.0
1998 9 214615.0
1998 10 238734.0
1998 11 201238.0
1998 12 233444.0
1999 1 211610.0
1999 2 262739.0
1999 3 275564.0
1999 4 273973.0
1999 5 266509.0
1999 6 294128.0
1999 7 259413.0
1999 8 260649.0
1999 9 232587.0
1999 10 224713.0
1999 11 214646.0
1999 12 205689.0
2000 1 220617.0
2000 2 241175.0
2000 3 282074.0
2000 4 254335.0
2000 5 267350.0
2000 6 259485.0
2000 7 223175.0
2000 8 260609.0
2000 9 225996.0
2000 10 271135.0
2000 11 232735.0
2000 12 182462.0
2001 1 244614.0
2001 2 237499.0
2001 3 272088.0
2001 4 293015.0
2001 5 287506.0
2001 6 262594.0
2001 7 245520.0
2001 8 282040.0
2001 9 213156.0
2001 10 263013.0
2001 11 235034.0
2001 12 193566.0
2002 1 266314.0
2002 2 268845.0
2002 3 298304.0
2002 4 335579.0
2002 5 318020.0
2002 6 359035.0
2002 7 316520.0
2002 8 300004.0
2002 9 246870.0
2002 10 277563.0
2002 11 238419.0
2002 12 262700.0
2003 1 275065.0
2003 2 268605.0
2003 3 325705.0
2003 4 352005.0
2003 5 340030.0
2003 6 381970.0
2003 7 400062.0
2003 8 342065.0
2003 9 341866.0
2003 10 360580.0
2003 11 262903.0
2003 12 317712.0
2004 1 328734.0
2004 2 338228.0
2004 3 440711.0
2004 4 411264.0
2004 5 410461.0
2004 6 456826.0
2004 7 404980.0
2004 8 428466.0
2004 9 414542.0
2004 10 374777.0
2004 11 372195.0
2004 12 385199.0
2005 1 405691.0
2005 2 418961.0
2005 3 517592.0
2005 4 505587.0
2005 5 542643.0
2005 6 628617.0
2005 7 470948.0
2005 8 614701.0
2005 9 553324.0
2005 10 552169.0
2005 11 526461.0
2005 12 511300.0
2006 1 492152.0
2006 2 529161.0
2006 3 705312.0
2006 4 567385.0
2006 5 632805.0
2006 6 612625.0
2006 7 519515.0
2006 8 546563.0
2006 9 469786.0
2006 10 461944.0
2006 11 391537.0
2006 12 360661.0
2007 1 474911.0
2007 2 456692.0
2007 3 514086.0
2007 4 496844.0
2007 5 512038.0
2007 6 436144.0
2007 7 458113.0
2007 8 397308.0
2007 9 344552.0
2007 10 358707.0
2007 11 305483.0
2007 12 275627.0
2008 1 324495.0
2008 2 301117.0
2008 3 332379.0
2008 4 463203.0
2008 5 421264.0
2008 6 343340.0
2008 7 326129.0
2008 8 263539.0
2008 9 244458.0
2008 10 198844.0
2008 11 147131.0
2008 12 127826.0
2009 1 132053.0
2009 2 154591.0
2009 3 196633.0
2009 4 220299.0
2009 5 184324.0
2009 6 255166.0
2009 7 240567.0
2009 8 230626.0
2009 9 230257.0
2009 10 200279.0
2009 11 184416.0
2009 12 199155.0
2010 1 177257.0
2010 2 222495.0
2010 3 319364.0
2010 4 232279.0
2010 5 216736.0
2010 6 210124.0
2010 7 190600.0
2010 8 177709.0
2010 9 165127.0
2010 10 164942.0
2010 11 156235.0
2010 12 156166.0
2011 1 155307.0
2011 2 172928.0
2011 3 213656.0
2011 4 222496.0
2011 5 226310.0
2011 6 224792.0
2011 7 231060.0
2011 8 249998.0
2011 9 214366.0
2011 10 196475.0
2011 11 191346.0
2011 12 179533.0
2012 1 208806.0
2012 2 232876.0
2012 3 286194.0
2012 4 253092.0
2012 5 255243.0
2012 6 285236.0
2012 7 268083.0
2012 8 301465.0
2012 9 234873.0
2012 10 306241.0
2012 11 262719.0
2012 12 228792.0
2013 1 293794.0
2013 2 300453.0
2013 3 330081.0
2013 4 354025.0
2013 5 395714.0
2013 6 371831.0
2013 7 337766.0
2013 8 392502.0
2013 9 369110.0
2013 10 399325.0
2013 11 344649.0
2013 12 309754.0
2014 1 323226.0
2014 2 331333.0
2014 3 405575.0
2014 4 410654.0
2014 5 446902.0
2014 6 434475.0
2014 7 463357.0
2014 8 439858.0
2014 9 430008.0
2014 10 437043.0
2014 11 326575.0
2014 12 385182.0
2015 1 405944.0
2015 2 373980.0
2015 3 488783.0
2015 4 504232.0
2015 5 479394.0
2015 6 504826.0
2015 7 499011.0
2015 8 462705.0
2015 9 489059.0
2015 10 430982.0
2015 11 359909.0
2015 12 415040.0
2016 1 410252.0
2016 2 428846.0
2016 3 551261.0
2016 4 532643.0
2016 5 533426.0
2016 6 544381.0
2016 7 683265.0
2016 8 556798.0
2016 9 494295.0
2016 10 433153.0
2016 11 414829.0
2016 12 461967.0
2017 1 511940.0
2017 2 535369.0
2017 3 688820.0
2017 4 598226.0
2017 5 650020.0
2017 6 678789.0
2017 7 583069.0
2017 8 717350.0
2017 9 528302.0
2017 10 651942.0
2017 11 537054.0
2017 12 525904.0
2018 1 595775.0
2018 2 644113.0
2018 3 732453.0
2018 4 687045.0
2018 5 622069.0
2018 6 658029.0
2018 7 598933.0
2018 8 624093.0
2018 9 438076.0
2018 10 607231.0
2018 11 507554.0
2018 12 457469.0
2019 1 581089.0
2019 2 547749.0
2019 3 547367.0
2019 4 604395.0
2019 5 671366.0
2019 6 571681.0
2019 7 628538.0
2019 8 675276.0
2019 9 564626.0
2019 10 659560.0
2019 11 529244.0
2019 12 562544.0
2020 1 641562.0
2020 2 651994.0
2020 3 750511.0
2020 4 603847.0
2020 5 540938.0
2020 6 712562.0
2020 7 807497.0
2020 8 800675.0
2020 9 785976.0
2020 10 834738.0
2020 11 664779.0
2020 12 842521.0
2021 1 814326.0
2021 2 772456.0
2021 3 1026988.0
2021 4 1006748.0
2021 5 834139.0
2021 6 934460.0
2021 7 900309.0
2021 8 769816.0
2021 9 853558.0
2021 10 881202.0
2021 11 760871.0
2021 12 714049.0
2022 1 858690.0
2022 2 914485.0
2022 3 1038802.0
2022 4 989517.0
2022 5 966618.0
2022 6 992077.0
2022 7 892474.0
2022 8 904059.0
2022 9 774992.0
2022 10 779748.0
2022 11 679722.0
2022 12 652387.0
2023 1 664735.0
2023 2 722750.0
2023 3 912533.0
2023 4 842830.0
2023 5 971301.0
2023 6 957884.0
2023 7 903938.0
2023 8 996129.0
2023 9 911162.0
2023 10 936820.0
2023 11 802274.0
2023 12 761061.0
2024 1 1126431.0
2024 2 1085985.0
2024 3 1076734.0
2024 4 1155930.0
2024 5 1136500.0
2024 6 1022453.0
2024 7 1151167.0
2024 8 1006424.0
