1960 8 50.0
1960 9 28.0
1960 10 40.0
1960 11 186.0
1960 12 28.0
1961 1 77.0
1961 2 40.0
1961 3 37.5
1961 4 35.0
1961 5 49.0
1961 6 63.0
1961 7 77.0
1961 8 91.0
1961 9 105.0
1961 10 92.5
1961 11 80.0
1961 12 80.0
1962 1 80.0
1962 2 80.0
1962 3 80.0
1962 4 75.0
1962 5 132.5
1962 6 190.0
1962 7 163.5
1962 8 137.0
1962 9 110.5
1962 10 84.0
1962 11 160.0
1962 12 240.0
1963 1 148.0
1963 2 56.0
1963 3 31.0
1963 4 80.0
1963 5 232.0
1963 6 238.0
1963 7 244.0
1963 8 250.0
1963 9 117.0
1963 10 125.0
1963 11 365.0
1963 12 220.0
1964 1 75.0
1964 2 80.0
1964 3 85.0
1964 4 90.0
1964 5 66.5
1964 6 43.0
1964 7 95.0
1964 8 83.5
1964 9 72.0
1964 10 47.0
1964 11 610.0
1964 12 611.6666666666666
1965 1 613.3333333333334
1965 2 615.0
1965 3 535.0
1965 4 690.0
1965 5 142.0
1965 6 150.0
1965 7 125.0
1965 8 180.0
1965 9 60.0
1965 10 387.0
1965 11 350.0
1965 12 60.0
1966 1 155.0
1966 2 250.0
1966 3 422.0
1966 4 285.0
1966 5 165.0
1966 6 45.0
1966 7 50.0
1966 8 55.0
1966 9 51.714285714285715
1966 10 48.42857142857143
1966 11 45.14285714285714
1966 12 41.85714285714286
1967 1 38.57142857142857
1967 2 35.285714285714285
1967 3 32.0
1967 4 313.5
1967 5 595.0
1967 6 444.5
1967 7 294.0
1967 8 279.5
1967 9 265.0
1967 10 225.0
1967 11 1570.0
1967 12 1068.3333333333333
1968 1 566.6666666666666
1968 2 65.0
1968 3 980.0
1968 4 410.0
1968 5 502.5
1968 6 595.0
1968 7 160.0
1968 8 218.5
1968 9 277.0
1968 10 208.0
1968 11 156.5
1968 12 105.0
1969 1 331.25
1969 2 557.5
1969 3 783.75
1969 4 1010.0
1969 5 825.0
1969 6 671.0
1969 7 517.0
1969 8 927.0
1969 9 1337.0
1969 10 175.0
1969 11 510.0
1969 12 210.0
1970 1 781.6666666666666
1970 2 1353.3333333333333
1970 3 1925.0
1970 4 950.0
1970 5 363.0
1970 6 1106.0
1970 7 300.0
1970 8 850.0
1970 9 160365.0
1970 10 233.0
1970 11 188580.0
1970 12 60.0
1971 1 270.0
1971 2 174.0
1971 3 78.0
1971 4 3146.0
1971 5 1153.0
1971 6 225.0
1971 7 275.0
1971 8 617.0
1971 9 2368.0
1971 10 1236.0
1971 11 146.0
1971 12 290.25
1972 1 434.5
1972 2 578.75
1972 3 723.0
1972 4 625.0
1972 5 1872.0
1972 6 2485.0
1972 7 3068.0
1972 8 252.0
1972 9 650.0
1972 10 1109.0
1972 11 1779.0
1972 12 426.0
1973 1 696.0
1973 2 348.0
1973 3 2393.0
1973 4 467.0
1973 5 1627.0
1973 6 718.0
1973 7 1975.0
1973 8 625.0
1973 9 92.0
1973 10 1132.0
1973 11 2279.0
1973 12 132.0
1974 1 268.0
1974 2 331.5
1974 3 395.0
1974 4 1062.0
1974 5 1411.0
1974 6 359.0
1974 7 1800.0
1974 8 845.0
1974 9 365.0
1974 10 710.0
1974 11 1758.0
1974 12 505.0
1975 1 418.0
1975 2 380.0
1975 3 465.0
1975 4 652.0
1975 5 659.0
1975 6 1510.0
1975 7 1266.0
1975 8 1632.0
1975 9 644.0
1975 10 636.0
1975 11 806.0
1975 12 1150.0
1976 1 400.0
1976 2 325.0
1976 3 964.0
1976 4 1243.0
1976 5 1965.0
1976 6 1534.0
1976 7 2909.0
1976 8 2130.0
1976 9 6132.0
1976 10 3048.0
1976 11 6865.0
1976 12 335.0
1977 1 216.0
1977 2 1974.0
1977 3 2972.0
1977 4 4331.0
1977 5 2939.0
1977 6 4126.0
1977 7 3025.0
1977 8 5158.0
1977 9 2398.0
1977 10 7025.0
1977 11 943.0
1977 12 2468.0
1978 1 316.0
1978 2 144.0
1978 3 3915.0
1978 4 3468.0
1978 5 931.0
1978 6 2321.0
1978 7 1310.0
1978 8 1443.0
1978 9 1378.0
1978 10 1339.0
1978 11 346.0
1978 12 498.0
1979 1 650.0
1979 2 780.0
1979 3 910.0
1979 4 529.0
1979 5 2988.0
1979 6 3533.0
1979 7 2560.0
1979 8 5030.0
1979 9 316.0
1979 10 2876.0
1979 11 520.0
1979 12 130.0
1980 1 450.0
1980 2 98.0
1980 3 880.0
1980 4 485.0
1980 5 100.0
1980 6 688.0
1980 7 1900.0
1980 8 3235.0
1980 9 428.0
1980 10 302.0
1980 11 652.0
1980 12 1100.0
1981 1 825.0
1981 2 550.0
1981 3 225.0
1981 4 249.0
1981 5 491.0
1981 6 328.5
1981 7 166.0
1981 8 1061.0
1981 9 149.0
1981 10 483.0
1981 11 303.0
1981 12 1250.0
1982 1 1118.5
1982 2 987.0
1982 3 855.5
1982 4 724.0
1982 5 2688.0
1982 6 410.0
1982 7 410.0
1982 8 215.0
1982 9 20.0
1982 10 780.0
1982 11 707.5
1982 12 635.0
1983 1 422.5
1983 2 210.0
1983 3 131.0
1983 4 257.5
1983 5 384.0
1983 6 1503.0
1983 7 500.0
1983 8 362.0
1983 9 2368.0
1983 10 3818.0
1983 11 701.0
1983 12 4102.0
1984 1 3373.0
1984 2 1452.0
1984 3 1385.0
1984 4 2140.0
1984 5 2909.0
1984 6 1263.0
1984 7 4214.0
1984 8 2886.0
1984 9 1761.0
1984 10 4167.0
1984 11 4898.0
1984 12 1855.0
1985 1 1687.0
1985 2 200.0
1985 3 973.0
1985 4 2085.0
1985 5 1890.0
1985 6 750.0
1985 7 1000.0
1985 8 4364.0
1985 9 2080.0
1985 10 625.0
1985 11 609.5
1985 12 594.0
1986 1 101.0
1986 2 1481.0
1986 3 535.0
1986 4 1638.0
1986 5 4918.0
1986 6 180.0
1986 7 1008.0
1986 8 1517.0
1986 9 2026.0
1986 10 938.0
1986 11 636.5
1986 12 335.0
1987 1 902.0
1987 2 1469.0
1987 3 1125.0
1987 4 2135.0
1987 5 1792.0
1987 6 792.0
1987 7 2552.0
1987 8 199.0
1987 9 2168.0
1987 10 1483.0
1987 11 1100.0
1987 12 730.0
1988 1 2202.0
1988 2 1660.0
1988 3 1650.0
1988 4 726.0
1988 5 282.0
1988 6 400.0
1988 7 2579.0
1988 8 1962.0
1988 9 660.0
1988 10 1746.0
1988 11 3438.0
1988 12 2960.0
1989 1 407.0
1989 2 156.0
1989 3 595.0
1989 4 156.0
1989 5 6966.0
1989 6 1149.0
1989 7 1125.0
1989 8 1101.0
1989 9 1430.0
1989 10 2123.0
1989 11 4877.0
1989 12 3484.0
1990 1 1211.0
1990 2 755.0
1990 3 156.0
1990 4 1467.0
1990 5 7022.0
1990 6 3065.0
1990 7 1678.0
1990 8 3089.0
1990 9 3362.0
1990 10 4123.0
1990 11 493.0
1990 12 1496.5
1991 1 2500.0
1991 2 2467.0
1991 3 3805.0
1991 4 1592.0
1991 5 2870.0
1991 6 2388.5
1991 7 1907.0
1991 8 4381.0
1991 9 3667.0
1991 10 363.0
1991 11 565.0
1991 12 5206.0
1992 1 195.0
1992 2 1615.0
1992 3 195.0
1992 4 1896.5
1992 5 3598.0
1992 6 1334.0
1992 7 2291.0
1992 8 784.0
1992 9 7534.0
1992 10 3949.0
1992 11 5265.0
1992 12 320.0
1993 1 850.0
1993 2 2457.0
1993 3 17716.0
1993 4 824.0
1993 5 1157.0
1993 6 479.0
1993 7 3052.5
1993 8 5626.0
1993 9 8929.0
1993 10 2828.0
1993 11 1025.0
1993 12 1150.0
1994 1 4495.0
1994 2 1127.0
1994 3 7403.0
1994 4 2673.0
1994 5 3693.0
1994 6 11136.0
1994 7 3735.0
1994 8 6134.0
1994 9 4445.0
1994 10 17893.0
1994 11 8240.0
1994 12 6522.0
1995 1 4804.0
1995 2 7259.5
1995 3 9715.0
1995 4 5723.0
1995 5 3883.0
1995 6 9954.0
1995 7 4171.0
1995 8 10609.0
1995 9 3432.0
1995 10 4112.0
1995 11 8148.0
1995 12 1661.0
1996 1 447.0
1996 2 1261.0
1996 3 9213.0
1996 4 4215.0
1996 5 2242.0
1996 6 5719.0
1996 7 5069.0
1996 8 6834.0
1996 9 6982.0
1996 10 7448.0
1996 11 5983.0
1996 12 4881.0
1997 1 1856.0
1997 2 1125.0
1997 3 1456.0
1997 4 1029.0
1997 5 1725.0
1997 6 2319.0
1997 7 261.0
1997 8 2906.0
1997 9 6574.0
1997 10 673.0
1997 11 12042.0
1997 12 4783.0
1998 1 346.0
1998 2 492.0
1998 3 293.0
1998 4 777.0
1998 5 3398.0
1998 6 566.0
1998 7 821.0
1998 8 2936.0
1998 9 1017.0
1998 10 3962.0
1998 11 1926.0
1998 12 5001.0
1999 1 3997.0
1999 2 2993.0
1999 3 1066.0
1999 4 6247.0
1999 5 2342.0
1999 6 1992.0
1999 7 1915.0
1999 8 7445.0
1999 9 3016.0
1999 10 3266.0
1999 11 4117.0
1999 12 925.0
2000 1 3239.0
2000 2 2394.0
2000 3 8843.0
2000 4 228.0
2000 5 4337.0
2000 6 4241.0
2000 7 407.0
2000 8 3739.0
2000 9 9753.0
2000 10 3830.0
2000 11 1809.0
2000 12 4109.0
2001 1 2013.0
2001 2 1470.0
2001 3 543.0
2001 4 4375.0
2001 5 154.0
2001 6 1102.0
2001 7 9857.0
2001 8 3960.0
2001 9 5114.0
2001 10 7654.0
2001 11 949.0
2001 12 6525.0
2002 1 4699.0
2002 2 2873.0
2002 3 1047.0
2002 4 5005.0
2002 5 1762.0
2002 6 2960.0
2002 7 3887.0
2002 8 4887.0
2002 9 5887.0
2002 10 1450.0
2002 11 2128.0
2002 12 6235.0
2003 1 10342.0
2003 2 7593.333333333334
2003 3 4844.666666666667
2003 4 2096.0
2003 5 5840.0
2003 6 4616.0
2003 7 12644.0
2003 8 590.0
2003 9 70.0
2003 10 486.0
2003 11 340.0
2003 12 194.0
2004 1 6619.0
2004 2 194.0
2004 3 2197.0
2004 4 247.0
2004 5 9031.0
2004 6 650.0
2004 7 11033.0
2004 8 7581.0
2004 9 2414.0
2004 10 1904.0
2004 11 2354.0
2004 12 5163.0
2005 1 388.0
2005 2 1378.0
2005 3 2806.0
2005 4 4898.0
2005 5 3831.0
2005 6 3218.0
2005 7 1400.0
2005 8 524.0
2005 9 5587.0
2005 10 677.0
2005 11 1656.0
2005 12 3117.0
2006 1 46312.0
2006 2 13799.0
2006 3 148.0
2006 4 1411.5
2006 5 2675.0
2006 6 6058.0
2006 7 3989.0
2006 8 5032.0
2006 9 1839.0
2006 10 1425.0
2006 11 1011.0
2006 12 3093.0
2007 1 5175.0
2007 2 395.0
2007 3 5224.0
2007 4 5586.0
2007 5 31450.0
2007 6 257.0
2007 7 2182.0
2007 8 4164.0
2007 9 2948.0
2007 10 2943.0
2007 11 7518.0
2007 12 257.0
2008 1 308.0
2008 2 789.0
2008 3 2236.0
2008 4 4816.0
2008 5 3544.0
2008 6 12570.0
2008 7 10394.0
2008 8 10804.0
2008 9 7794.0
2008 10 4356.0
2008 11 7997.0
2008 12 10505.0
2009 1 12175.0
2009 2 3111.0
2009 3 8359.0
2009 4 1615.0
2009 5 3430.0
2009 6 5074.0
2009 7 3068.0
2009 8 826.0
2009 9 3489.0
2009 10 5391.0
2009 11 4909.0
2009 12 8165.0
2010 1 4201.0
2010 2 237.0
2010 3 550.0
2010 4 15836.0
2010 5 4294.0
2010 6 1132.0
2010 7 4117.0
2010 8 2928.0
2010 9 2345.0
2010 10 1087.0
2010 11 1203.0
2010 12 917.5
2011 1 632.0
2011 2 6574.0
2011 3 4015.0
2011 4 1001.0
2011 5 7381.0
2011 6 1000.0
2011 7 5817.0
2011 8 6384.0
2011 9 8968.0
2011 10 4540.0
2011 11 354.0
2011 12 237.0
2012 1 3800.0
2012 2 669.0
2012 3 2486.0
2012 4 904.0
2012 5 963.0
2012 6 14644.0
2012 7 8799.0
2012 8 3548.0
2012 9 20669.0
2012 10 10663.0
2012 11 11000.0
2012 12 3039.0
2013 1 16039.0
2013 2 1892.0
2013 3 25917.0
2013 4 13397.0
2013 5 6482.0
2013 6 9298.0
2013 7 4814.0
2013 8 28884.0
2013 9 28597.0
2013 10 5097.0
2013 11 1399.0
2013 12 7372.0
2014 1 13533.0
2014 2 2526.0
2014 3 26158.0
2014 4 25199.0
2014 5 16899.0
2014 6 3389.0
2014 7 5121.0
2014 8 10956.0
2014 9 1208.0
2014 10 15742.0
2014 11 24554.5
2014 12 33367.0
2015 1 3154.0
2015 2 7461.0
2015 3 15648.0
2015 4 8728.0
2015 5 9962.0
2015 6 4813.0
2015 7 26733.0
2015 8 3099.0
2015 9 2316.0
2015 10 13201.0
2015 11 4502.0
2015 12 1687.0
2016 1 22109.0
2016 2 40574.0
2016 3 5163.0
2016 4 19827.0
2016 5 48502.0
2016 6 26136.0
2016 7 7908.0
2016 8 18951.0
2016 9 14201.0
2016 10 9651.0
2016 11 8760.0
2016 12 12844.0
2017 1 13913.0
2017 2 12035.0
2017 3 8640.0
2017 4 11667.0
2017 5 4688.0
2017 6 11290.0
2017 7 8379.0
2017 8 8515.0
2017 9 41627.0
2017 10 18531.0
2017 11 15920.0
2017 12 10500.0
2018 1 4141.0
2018 2 29519.0
2018 3 14158.0
2018 4 9011.0
2018 5 24005.0
2018 6 2299.0
2018 7 5997.0
2018 8 31158.0
2018 9 7477.0
2018 10 16084.0
2018 11 9626.5
2018 12 3169.0
2019 1 6296.0
2019 2 4428.0
2019 3 8347.0
2019 4 13380.0
2019 5 9881.0
2019 6 5362.0
2019 7 8300.0
2019 8 11801.0
2019 9 6078.0
2019 10 23771.0
2019 11 13130.0
2019 12 17899.0
2020 1 2075.0
2020 2 4143.0
2020 3 18305.0
2020 4 14848.0
2020 5 16509.0
2020 6 20209.0
2020 7 27130.0
2020 8 24104.0
2020 9 27274.0
2020 10 56454.0
2020 11 53099.0
2020 12 8492.0
2021 1 47537.0
2021 2 38370.0
2021 3 29203.0
2021 4 26686.0
2021 5 24800.0
2021 6 20736.0
2021 7 31846.0
2021 8 48442.0
2021 9 36061.0
2021 10 31337.0
2021 11 20067.0
2021 12 42609.0
2022 1 19910.0
2022 2 7201.0
2022 3 80248.0
2022 4 50122.0
2022 5 152524.0
2022 6 31614.0
2022 7 125094.0
2022 8 92127.0
2022 9 82687.0
2022 10 10743.0
2022 11 10222.0
2022 12 12921.0
2023 1 10892.0
2023 2 1285.0
2023 3 109178.0
2023 4 42101.0
2023 5 60210.0
2023 6 37940.0
2023 7 11697.0
2023 8 35625.0
2023 9 82333.0
2023 10 25687.0
2023 11 38359.0
2023 12 17365.0
2024 1 23872.0
2024 2 12813.0
2024 3 34841.0
2024 4 9358.0
2024 5 22558.0
2024 6 13191.0
2024 7 17578.0
2024 8 112459.0
