1960 5 1579.0
1960 6 1805.0
1960 7 1248.0
1960 8 1257.0
1960 9 1313.0
1960 10 1699.0
1960 11 2031.0
1960 12 687.0
1961 1 671.0
1961 2 583.0
1961 3 1314.0
1961 4 2107.0
1961 5 1792.0
1961 6 1621.0
1961 7 1751.0
1961 8 1891.0
1961 9 1597.0
1961 10 1801.0
1961 11 1865.0
1961 12 481.0
1962 1 584.0
1962 2 614.0
1962 3 749.0
1962 4 1940.0
1962 5 1422.0
1962 6 1571.0
1962 7 1146.0
1962 8 1119.0
1962 9 1188.0
1962 10 1829.0
1962 11 1373.0
1962 12 1108.0
1963 1 325.0
1963 2 258.0
1963 3 854.0
1963 4 2188.0
1963 5 1694.0
1963 6 999.0
1963 7 1347.0
1963 8 1632.0
1963 9 1554.0
1963 10 1846.0
1963 11 1772.0
1963 12 462.0
1964 1 636.0
1964 2 386.0
1964 3 951.0
1964 4 1585.0
1964 5 1458.0
1964 6 1090.0
1964 7 1368.0
1964 8 1048.0
1964 9 1389.0
1964 10 1597.0
1964 11 1751.0
1964 12 350.0
1965 1 186.0
1965 2 806.0
1965 3 1068.0
1965 4 2303.0
1965 5 1379.0
1965 6 1605.0
1965 7 1256.0
1965 8 1464.0
1965 9 1324.0
1965 10 1650.0
1965 11 1644.0
1965 12 890.0
1966 1 239.0
1966 2 424.0
1966 3 999.0
1966 4 1553.0
1966 5 1168.0
1966 6 986.0
1966 7 874.0
1966 8 788.0
1966 9 577.0
1966 10 939.0
1966 11 539.0
1966 12 301.0
1967 1 158.0
1967 2 91.0
1967 3 617.0
1967 4 842.0
1967 5 1649.0
1967 6 901.0
1967 7 1044.0
1967 8 799.0
1967 9 1062.0
1967 10 1287.0
1967 11 2464.0
1967 12 546.0
1968 1 420.0
1968 2 318.0
1968 3 1860.0
1968 4 1297.0
1968 5 2448.0
1968 6 2406.0
1968 7 2026.0
1968 8 1091.0
1968 9 1414.0
1968 10 2050.0
1968 11 1083.0
1968 12 621.0
1969 1 59.0
1969 2 77.0
1969 3 1140.0
1969 4 2593.0
1969 5 2806.0
1969 6 1726.0
1969 7 2356.0
1969 8 916.0
1969 9 2853.0
1969 10 2244.0
1969 11 1657.0
1969 12 674.0
1970 1 77.0
1970 2 276.0
1970 3 2599.0
1970 4 2809.0
1970 5 2302.0
1970 6 3326.0
1970 7 1732.0
1970 8 2429.0
1970 9 573826.0
1970 10 3173.0
1970 11 509655.0
1970 12 788.0
1971 1 558.0
1971 2 358.0
1971 3 1021.0
1971 4 5421.0
1971 5 3543.0
1971 6 2563.0
1971 7 2718.0
1971 8 2700.0
1971 9 5207.0
1971 10 4117.0
1971 11 3213.0
1971 12 1251.0
1972 1 630.0
1972 2 228.0
1972 3 2898.0
1972 4 3901.0
1972 5 3946.0
1972 6 6722.0
1972 7 5122.0
1972 8 2767.0
1972 9 4686.0
1972 10 5419.0
1972 11 4784.0
1972 12 1862.0
1973 1 3170.0
1973 2 1529.0
1973 3 6193.0
1973 4 4386.0
1973 5 6302.0
1973 6 4514.0
1973 7 4314.0
1973 8 3946.0
1973 9 3150.0
1973 10 5154.0
1973 11 5703.0
1973 12 1730.0
1974 1 620.0
1974 2 720.0
1974 3 3589.0
1974 4 6784.0
1974 5 7737.0
1974 6 3834.0
1974 7 5802.0
1974 8 4039.0
1974 9 4996.0
1974 10 4041.0
1974 11 5234.0
1974 12 2053.0
1975 1 2026.0
1975 2 1170.0
1975 3 2952.0
1975 4 5110.0
1975 5 5575.0
1975 6 7645.0
1975 7 8060.0
1975 8 6074.0
1975 9 5407.0
1975 10 7173.0
1975 11 5557.0
1975 12 3965.0
1976 1 1487.0
1976 2 3357.0
1976 3 6622.0
1976 4 10229.0
1976 5 8194.0
1976 6 9701.0
1976 7 9601.0
1976 8 8370.0
1976 9 13526.0
1976 10 11180.0
1976 11 13500.0
1976 12 3363.0
1977 1 2899.0
1977 2 5698.0
1977 3 10445.0
1977 4 46535.0
1977 5 14295.0
1977 6 54421.0
1977 7 12131.0
1977 8 14454.0
1977 9 11742.0
1977 10 18811.0
1977 11 9077.0
1977 12 6445.0
1978 1 2911.0
1978 2 1743.0
1978 3 11610.0
1978 4 17793.0
1978 5 14579.0
1978 6 16093.0
1978 7 10069.0
1978 8 11391.0
1978 9 10721.0
1978 10 13535.0
1978 11 6549.0
1978 12 1540.0
1979 1 5383.0
1979 2 839.0
1979 3 6698.0
1979 4 11762.0
1979 5 20011.0
1979 6 14889.0
1979 7 11448.0
1979 8 19147.0
1979 9 8750.0
1979 10 14482.0
1979 11 6179.0
1979 12 3038.0
1980 1 2783.0
1980 2 2208.0
1980 3 4172.0
1980 4 8967.0
1980 5 9203.0
1980 6 9203.0
1980 7 32022.0
1980 8 17053.0
1980 9 10304.0
1980 10 12079.0
1980 11 7460.0
1980 12 4649.0
1981 1 3298.0
1981 2 3559.0
1981 3 5286.0
1981 4 6604.0
1981 5 6321.0
1981 6 3793.0
1981 7 7040.0
1981 8 6230.0
1981 9 4139.0
1981 10 3791.0
1981 11 2653.0
1981 12 1925.0
1982 1 524.0
1982 2 379.0
1982 3 2158.0
1982 4 3680.0
1982 5 7062.0
1982 6 3439.0
1982 7 6619.0
1982 8 3423.0
1982 9 6344.0
1982 10 6350.0
1982 11 4426.0
1982 12 2502.0
1983 1 1959.0
1983 2 1613.0
1983 3 3533.0
1983 4 6008.0
1983 5 8297.0
1983 6 8687.0
1983 7 9024.0
1983 8 7394.0
1983 9 9017.0
1983 10 12157.0
1983 11 6697.0
1983 12 5900.0
1984 1 5621.0
1984 2 7805.0
1984 3 6618.0
1984 4 8672.0
1984 5 14229.0
1984 6 10279.0
1984 7 12936.0
1984 8 11309.0
1984 9 8771.0
1984 10 14922.0
1984 11 12616.0
1984 12 6101.0
1985 1 3549.0
1985 2 2072.0
1985 3 14350.0
1985 4 9690.0
1985 5 9022.0
1985 6 6431.0
1985 7 8367.0
1985 8 10325.0
1985 9 6917.0
1985 10 6446.0
1985 11 2495.0
1985 12 2136.0
1986 1 1594.0
1986 2 3193.0
1986 3 5413.0
1986 4 8213.0
1986 5 11637.0
1986 6 6597.0
1986 7 7712.0
1986 8 6594.0
1986 9 9628.0
1986 10 8650.0
1986 11 4734.0
1986 12 3611.0
1987 1 3297.0
1987 2 4155.0
1987 3 6729.0
1987 4 9692.0
1987 5 7877.0
1987 6 8553.0
1987 7 9605.0
1987 8 6959.0
1987 9 9016.0
1987 10 7313.0
1987 11 7217.0
1987 12 2966.0
1988 1 4427.0
1988 2 3483.0
1988 3 6518.0
1988 4 7726.0
1988 5 7799.0
1988 6 8403.0
1988 7 9881.0
1988 8 9307.0
1988 9 7364.0
1988 10 9735.0
1988 11 7418.0
1988 12 6113.0
1989 1 2500.0
1989 2 1058.0
1989 3 5481.0
1989 4 8991.0
1989 5 16961.0
1989 6 9289.0
1989 7 8065.0
1989 8 7995.0
1989 9 8809.0
1989 10 14234.0
1989 11 15002.0
1989 12 6102.0
1990 1 33681.0
1990 2 3552.0
1990 3 9207.0
1990 4 9981.0
1990 5 16573.0
1990 6 11946.0
1990 7 10507.0
1990 8 12744.0
1990 9 10763.0
1990 10 14919.0
1990 11 8497.0
1990 12 2449.0
1991 1 5177.0
1991 2 6194.0
1991 3 12927.0
1991 4 13543.0
1991 5 14714.0
1991 6 11875.0
1991 7 13284.0
1991 8 15256.0
1991 9 15811.0
1991 10 13949.0
1991 11 8034.0
1991 12 10802.0
1992 1 6236.0
1992 2 9228.0
1992 3 15598.0
1992 4 16246.0
1992 5 20246.0
1992 6 17871.0
1992 7 13433.0
1992 8 14181.0
1992 9 23341.0
1992 10 20727.0
1992 11 18602.0
1992 12 9821.0
1993 1 5877.0
1993 2 6852.0
1993 3 32479.0
1993 4 16683.0
1993 5 18980.0
1993 6 20324.0
1993 7 15853.0
1993 8 22908.0
1993 9 27211.0
1993 10 22520.0
1993 11 14753.0
1993 12 10825.0
1994 1 7693.0
1994 2 7693.0
1994 3 32758.0
1994 4 22631.0
1994 5 26198.0
1994 6 37024.0
1994 7 25281.0
1994 8 30911.0
1994 9 22166.0
1994 10 36204.0
1994 11 26509.0
1994 12 6395.0
1995 1 9937.0
1995 2 7435.0
1995 3 22801.0
1995 4 22261.0
1995 5 31922.0
1995 6 29749.0
1995 7 22702.0
1995 8 29614.0
1995 9 23540.0
1995 10 22517.0
1995 11 24173.0
1995 12 14573.0
1996 1 6437.0
1996 2 9325.0
1996 3 31296.0
1996 4 34956.0
1996 5 27310.0
1996 6 32738.0
1996 7 38514.0
1996 8 30611.0
1996 9 29954.0
1996 10 29865.0
1996 11 20684.0
1996 12 12753.0
1997 1 5753.0
1997 2 7208.0
1997 3 15639.0
1997 4 23089.0
1997 5 29215.0
1997 6 28034.0
1997 7 23960.0
1997 8 27741.0
1997 9 36623.0
1997 10 24208.0
1997 11 28472.0
1997 12 31225.0
1998 1 8612.0
1998 2 10888.0
1998 3 20492.0
1998 4 29921.0
1998 5 36387.0
1998 6 31233.0
1998 7 30724.0
1998 8 35087.0
1998 9 26972.0
1998 10 28461.0
1998 11 23217.0
1998 12 20996.0
1999 1 12296.0
1999 2 16502.0
1999 3 30556.0
1999 4 39181.0
1999 5 32152.0
1999 6 35618.0
1999 7 32604.0
1999 8 33246.0
1999 9 31698.0
1999 10 31326.0
1999 11 30020.0
1999 12 16437.0
2000 1 16437.0
2000 2 19974.0
2000 3 39309.0
2000 4 32239.0
2000 5 39264.0
2000 6 42218.0
2000 7 35184.0
2000 8 35903.0
2000 9 40117.0
2000 10 34436.0
2000 11 25010.0
2000 12 13576.0
2001 1 16583.0
2001 2 13544.0
2001 3 25861.0
2001 4 41161.0
2001 5 38476.0
2001 6 42185.0
2001 7 44674.0
2001 8 36668.0
2001 9 35419.0
2001 10 42066.0
2001 11 27722.0
2001 12 21893.0
2002 1 15252.0
2002 2 34814.0
2002 3 25466.0
2002 4 45046.0
2002 5 42049.0
2002 6 44640.0
2002 7 43280.0
2002 8 37913.0
2002 9 37274.0
2002 10 42659.0
2002 11 28322.0
2002 12 42348.0
2003 1 33355.0
2003 2 14837.0
2003 3 33375.0
2003 4 49203.0
2003 5 58074.0
2003 6 39267.0
2003 7 65304.0
2003 8 47492.0
2003 9 52943.0
2003 10 48236.0
2003 11 36517.0
2003 12 27702.0
2004 1 36969.0
2004 2 26581.0
2004 3 70177.0
2004 4 86608.0
2004 5 61630.0
2004 6 54293.0
2004 7 71785.0
2004 8 44245.0
2004 9 45876.0
2004 10 60874.0
2004 11 61098.0
2004 12 35219.0
2005 1 24431.0
2005 2 31574.0
2005 3 64432.0
2005 4 86296.0
2005 5 70747.0
2005 6 53256.0
2005 7 71113.0
2005 8 62863.0
2005 9 83249.0
2005 10 58357.0
2005 11 64760.0
2005 12 38367.0
2006 1 76766.0
2006 2 41495.0
2006 3 65299.0
2006 4 78327.0
2006 5 79551.0
2006 6 73945.0
2006 7 67479.0
2006 8 70352.0
2006 9 61062.0
2006 10 56854.0
2006 11 40812.0
2006 12 34038.0
2007 1 29136.0
2007 2 24971.0
2007 3 69365.0
2007 4 66573.0
2007 5 90633.0
2007 6 59465.0
2007 7 61941.0
2007 8 69732.0
2007 9 59377.0
2007 10 55518.0
2007 11 65629.0
2007 12 17246.0
2008 1 14521.0
2008 2 18286.0
2008 3 43910.0
2008 4 94994.0
2008 5 71309.0
2008 6 74713.0
2008 7 73057.0
2008 8 42039.0
2008 9 60873.0
2008 10 36878.0
2008 11 25340.0
2008 12 21994.0
2009 1 22708.0
2009 2 12626.0
2009 3 29437.0
2009 4 44156.0
2009 5 52109.0
2009 6 55105.0
2009 7 41062.0
2009 8 47938.0
2009 9 43407.0
2009 10 40524.0
2009 11 43475.0
2009 12 21357.0
2010 1 12757.0
2010 2 14711.0
2010 3 37733.0
2010 4 64164.0
2010 5 42397.0
2010 6 57465.0
2010 7 43962.0
2010 8 29951.0
2010 9 43248.0
2010 10 47961.0
2010 11 28580.0
2010 12 12340.0
2011 1 8188.0
2011 2 18128.0
2011 3 28803.0
2011 4 39720.0
2011 5 47190.0
2011 6 49004.0
2011 7 39837.0
2011 8 61150.0
2011 9 67808.0
2011 10 37069.0
2011 11 15810.0
2011 12 11921.0
2012 1 17214.0
2012 2 22044.0
2012 3 45546.0
2012 4 69855.0
2012 5 57205.0
2012 6 75805.0
2012 7 53033.0
2012 8 66164.0
2012 9 67883.0
2012 10 86307.0
2012 11 52666.0
2012 12 21372.0
2013 1 34824.0
2013 2 22192.0
2013 3 58081.0
2013 4 103165.0
2013 5 60909.0
2013 6 58810.0
2013 7 57192.0
2013 8 92182.0
2013 9 109156.0
2013 10 59733.0
2013 11 36193.0
2013 12 22817.0
2014 1 31149.0
2014 2 19411.0
2014 3 75851.0
2014 4 109603.0
2014 5 79365.0
2014 6 72901.0
2014 7 69411.0
2014 8 59504.0
2014 9 65708.0
2014 10 65351.0
2014 11 27375.0
2014 12 56611.0
2015 1 22671.0
2015 2 31648.0
2015 3 67526.0
2015 4 62049.0
2015 5 61384.0
2015 6 59242.0
2015 7 96346.0
2015 8 51767.0
2015 9 65324.0
2015 10 66351.0
2015 11 32414.0
2015 12 21350.0
2016 1 42602.0
2016 2 63868.0
2016 3 63352.0
2016 4 96163.0
2016 5 106695.0
2016 6 95327.0
2016 7 57821.0
2016 8 88935.0
2016 9 80177.0
2016 10 70019.0
2016 11 53000.0
2016 12 32700.0
2017 1 37206.0
2017 2 44553.0
2017 3 76278.0
2017 4 94709.0
2017 5 76283.0
2017 6 93284.0
2017 7 62385.0
2017 8 75004.0
2017 9 105369.0
2017 10 90496.0
2017 11 64530.0
2017 12 44868.0
2018 1 31883.0
2018 2 56107.0
2018 3 65951.0
2018 4 77177.0
2018 5 103729.0
2018 6 67123.0
2018 7 67094.0
2018 8 97831.0
2018 9 80671.0
2018 10 81940.0
2018 11 39981.0
2018 12 27933.0
2019 1 31351.0
2019 2 21088.0
2019 3 48545.0
2019 4 75059.0
2019 5 74207.0
2019 6 87966.0
2019 7 81754.0
2019 8 77053.0
2019 9 84388.0
2019 10 101114.0
2019 11 54858.0
2019 12 52173.0
2020 1 29643.0
2020 2 37444.0
2020 3 81570.0
2020 4 79582.0
2020 5 92557.0
2020 6 116818.0
2020 7 108199.0
2020 8 112380.0
2020 9 121837.0
2020 10 135489.0
2020 11 116954.0
2020 12 73893.0
2021 1 96170.0
2021 2 62656.0
2021 3 137059.0
2021 4 155351.0
2021 5 126907.0
2021 6 133208.0
2021 7 138416.0
2021 8 138639.0
2021 9 137513.0
2021 10 138130.0
2021 11 98980.0
2021 12 106371.0
2022 1 65248.0
2022 2 74278.0
2022 3 211278.0
2022 4 193580.0
2022 5 297558.0
2022 6 137321.0
2022 7 227829.0
2022 8 201368.0
2022 9 178266.0
2022 10 97703.0
2022 11 70012.0
2022 12 49896.0
2023 1 41999.0
2023 2 37032.0
2023 3 174657.0
2023 4 142918.0
2023 5 175569.0
2023 6 146553.0
2023 7 108662.0
2023 8 160535.0
2023 9 205557.0
2023 10 125544.0
2023 11 97345.0
2023 12 67570.0
2024 1 57891.0
2024 2 74647.0
2024 3 125090.0
2024 4 119034.0
2024 5 132085.0
2024 6 107514.0
2024 7 128414.0
2024 8 225461.0
