1960 5 8439.0
1960 6 9048.0
1960 7 7486.0
1960 8 7507.0
1960 9 9180.0
1960 10 7591.0
1960 11 5897.0
1960 12 4749.0
1961 1 6328.0
1961 2 5755.0
1961 3 8248.0
1961 4 8112.0
1961 5 11282.0
1961 6 9629.0
1961 7 7519.0
1961 8 9575.0
1961 9 9053.0
1961 10 9012.0
1961 11 6691.0
1961 12 4518.0
1962 1 5632.0
1962 2 7489.0
1962 3 9581.0
1962 4 8553.0
1962 5 8764.0
1962 6 8770.0
1962 7 8030.0
1962 8 9045.0
1962 9 7211.0
1962 10 7874.0
1962 11 6204.0
1962 12 6895.0
1963 1 6294.0
1963 2 6850.0
1963 3 10824.0
1963 4 11277.0
1963 5 9768.0
1963 6 9245.0
1963 7 9511.0
1963 8 9380.0
1963 9 8209.0
1963 10 8861.0
1963 11 6060.0
1963 12 8022.0
1964 1 6347.0
1964 2 8912.0
1964 3 11049.0
1964 4 12358.0
1964 5 11192.0
1964 6 11319.0
1964 7 10118.0
1964 8 10084.0
1964 9 8815.0
1964 10 11447.0
1964 11 8058.0
1964 12 9075.0
1965 1 8278.0
1965 2 7980.0
1965 3 10936.0
1965 4 13583.0
1965 5 10860.0
1965 6 11252.0
1965 7 11334.0
1965 8 9944.0
1965 9 11012.0
1965 10 9939.0
1965 11 10207.0
1965 12 8077.0
1966 1 7520.0
1966 2 8909.0
1966 3 13272.0
1966 4 11252.0
1966 5 10310.0
1966 6 10747.0
1966 7 9196.0
1966 8 8450.0
1966 9 7739.0
1966 10 7694.0
1966 11 7310.0
1966 12 6785.0
1967 1 7364.0
1967 2 8124.0
1967 3 14470.0
1967 4 12356.0
1967 5 11982.0
1967 6 14373.0
1967 7 10947.0
1967 8 12126.0
1967 9 11538.0
1967 10 12803.0
1967 11 10283.0
1967 12 8040.0
1968 1 9355.0
1968 2 11285.0
1968 3 13741.0
1968 4 13846.0
1968 5 17835.0
1968 6 13262.0
1968 7 16487.0
1968 8 16455.0
1968 9 12842.0
1968 10 17444.0
1968 11 13812.0
1968 12 9803.0
1969 1 10045.0
1969 2 13900.0
1969 3 15487.0
1969 4 17829.0
1969 5 14802.0
1969 6 12667.0
1969 7 14675.0
1969 8 12972.0
1969 9 11495.0
1969 10 12217.0
1969 11 8437.0
1969 12 9753.0
1970 1 5749.0
1970 2 10311.0
1970 3 15795.0
1970 4 14804.0
1970 5 12721.0
1970 6 16135.0
1970 7 16193.0
1970 8 16616.0
1970 9 15137.0
1970 10 15072.0
1970 11 12829.0
1970 12 30403.0
1971 1 14006.0
1971 2 12723.0
1971 3 20734.0
1971 4 22635.0
1971 5 25121.0
1971 6 24311.0
1971 7 21768.0
1971 8 22238.0
1971 9 21780.0
1971 10 22463.0
1971 11 25810.0
1971 12 29326.0
1972 1 18765.0
1972 2 22835.0
1972 3 27594.0
1972 4 26916.0
1972 5 31490.0
1972 6 26878.0
1972 7 22944.0
1972 8 28609.0
1972 9 31704.0
1972 10 33261.0
1972 11 23530.0
1972 12 19130.0
1973 1 20288.0
1973 2 24335.0
1973 3 35109.0
1973 4 31649.0
1973 5 35868.0
1973 6 32448.0
1973 7 26990.0
1973 8 30261.0
1973 9 23490.0
1973 10 22115.0
1973 11 17480.0
1973 12 14247.0
1974 1 16246.0
1974 2 22667.0
1974 3 26996.0
1974 4 30354.0
1974 5 24978.0
1974 6 23557.0
1974 7 24884.0
1974 8 20182.0
1974 9 16039.0
1974 10 14400.0
1974 11 10270.0
1974 12 9953.0
1975 1 10445.0
1975 2 15083.0
1975 3 15653.0
1975 4 29550.0
1975 5 30482.0
1975 6 24151.0
1975 7 26369.0
1975 8 25177.0
1975 9 26870.0
1975 10 25698.0
1975 11 18273.0
1975 12 19627.0
1976 1 24124.0
1976 2 26913.0
1976 3 35476.0
1976 4 37508.0
1976 5 36443.0
1976 6 41515.0
1976 7 29906.0
1976 8 35587.0
1976 9 36687.0
1976 10 31350.0
1976 11 30092.0
1976 12 29446.0
1977 1 16845.0
1977 2 37842.0
1977 3 52222.0
1977 4 10909.0
1977 5 46344.0
1977 6 8284.0
1977 7 41607.0
1977 8 59016.0
1977 9 44997.0
1977 10 45273.0
1977 11 41874.0
1977 12 30152.0
1978 1 20458.0
1978 2 35745.0
1978 3 62046.0
1978 4 73800.0
1978 5 56166.0
1978 6 56326.0
1978 7 46293.0
1978 8 55107.0
1978 9 50783.0
1978 10 53392.0
1978 11 39587.0
1978 12 27390.0
1979 1 22101.0
1979 2 27073.0
1979 3 51737.0
1979 4 61144.0
1979 5 65682.0
1979 6 62060.0
1979 7 54910.0
1979 8 56699.0
1979 9 51606.0
1979 10 47520.0
1979 11 35439.0
1979 12 24834.0
1980 1 29777.0
1980 2 30594.0
1980 3 29133.0
1980 4 30962.0
1980 5 37650.0
1980 6 46767.0
1980 7 59836.0
1980 8 56063.0
1980 9 51741.0
1980 10 52468.0
1980 11 30000.0
1980 12 30080.0
1981 1 23002.0
1981 2 25213.0
1981 3 37434.0
1981 4 34193.0
1981 5 33205.0
1981 6 29107.0
1981 7 25150.0
1981 8 20626.0
1981 9 22586.0
1981 10 20001.0
1981 11 18202.0
1981 12 15836.0
1982 1 10602.0
1982 2 16261.0
1982 3 27407.0
1982 4 28237.0
1982 5 24548.0
1982 6 25668.0
1982 7 19743.0
1982 8 23503.0
1982 9 32599.0
1982 10 30867.0
1982 11 29223.0
1982 12 27579.0
1983 1 36103.0
1983 2 37085.0
1983 3 67147.0
1983 4 60185.0
1983 5 61642.0
1983 6 66169.0
1983 7 55720.0
1983 8 56779.0
1983 9 55783.0
1983 10 54071.0
1983 11 48059.0
1983 12 32041.0
1984 1 38270.0
1984 2 57747.0
1984 3 64707.0
1984 4 64500.0
1984 5 62247.0
1984 6 62122.0
1984 7 51809.0
1984 8 51679.0
1984 9 51274.0
1984 10 48718.0
1984 11 50283.0
1984 12 42389.0
1985 1 51388.0
1985 2 52078.0
1985 3 102229.0
1985 4 92104.0
1985 5 96306.0
1985 6 96594.0
1985 7 92902.0
1985 8 93197.0
1985 9 94205.0
1985 10 106594.0
1985 11 75840.0
1985 12 60678.0
1986 1 86910.0
1986 2 65948.0
1986 3 120248.0
1986 4 151898.0
1986 5 122846.0
1986 6 128824.0
1986 7 150087.0
1986 8 121841.0
1986 9 127621.0
1986 10 165361.0
1986 11 90375.0
1986 12 71430.0
1987 1 93174.0
1987 2 126278.0
1987 3 158067.0
1987 4 162890.0
1987 5 147836.0
1987 6 139932.0
1987 7 127349.0
1987 8 138387.0
1987 9 133858.0
1987 10 120812.0
1987 11 102392.0
1987 12 102903.0
1988 1 66412.0
1988 2 115196.0
1988 3 160496.0
1988 4 161081.0
1988 5 156804.0
1988 6 150613.0
1988 7 118400.0
1988 8 129985.0
1988 9 118379.0
1988 10 106716.0
1988 11 111212.0
1988 12 85088.0
1989 1 102509.0
1989 2 87229.0
1989 3 136246.0
1989 4 127323.0
1989 5 128603.0
1989 6 117185.0
1989 7 115666.0
1989 8 144243.0
1989 9 123631.0
1989 10 126734.0
1989 11 109179.0
1989 12 73182.0
1990 1 108652.0
1990 2 99140.0
1990 3 130593.0
1990 4 128084.0
1990 5 140058.0
1990 6 129589.0
1990 7 110450.0
1990 8 107595.0
1990 9 100103.0
1990 10 97007.0
1990 11 77197.0
1990 12 57181.0
1991 1 69176.0
1991 2 80804.0
1991 3 120859.0
1991 4 135077.0
1991 5 130870.0
1991 6 189877.0
1991 7 134840.0
1991 8 119424.0
1991 9 116187.0
1991 10 118204.0
1991 11 90049.0
1991 12 95326.0
1992 1 115909.0
1992 2 145306.0
1992 3 169622.0
1992 4 169683.0
1992 5 145861.0
1992 6 160911.0
1992 7 153771.0
1992 8 150305.0
1992 9 166382.0
1992 10 184391.0
1992 11 130011.0
1992 12 152353.0
1993 1 164287.0
1993 2 159058.0
1993 3 199288.0
1993 4 220445.0
1993 5 188539.0
1993 6 239577.0
1993 7 218551.0
1993 8 229858.0
1993 9 228085.0
1993 10 221119.0
1993 11 196760.0
1993 12 189150.0
1994 1 141748.0
1994 2 193803.0
1994 3 259929.0
1994 4 249482.0
1994 5 245886.0
1994 6 259697.0
1994 7 194304.0
1994 8 238920.0
1994 9 192240.0
1994 10 205364.0
1994 11 194079.0
1994 12 172782.0
1995 1 164341.0
1995 2 171964.0
1995 3 236601.0
1995 4 215757.0
1995 5 226657.0
1995 6 234750.0
1995 7 234805.0
1995 8 269029.0
1995 9 239204.0
1995 10 237127.0
1995 11 208006.0
1995 12 204533.0
1996 1 229633.0
1996 2 199811.0
1996 3 254047.0
1996 4 268266.0
1996 5 268785.0
1996 6 287035.0
1996 7 251832.0
1996 8 258709.0
1996 9 219998.0
1996 10 249632.0
1996 11 185137.0
1996 12 190340.0
1997 1 186081.0
1997 2 200769.0
1997 3 256212.0
1997 4 311138.0
1997 5 267842.0
1997 6 269068.0
1997 7 268580.0
1997 8 236260.0
1997 9 232158.0
1997 10 254923.0
1997 11 200525.0
1997 12 194815.0
1998 1 199675.0
1998 2 218648.0
1998 3 309475.0
1998 4 303325.0
1998 5 322176.0
1998 6 320517.0
1998 7 294439.0
1998 8 285807.0
1998 9 271164.0
1998 10 258450.0
1998 11 215665.0
1998 12 229529.0
1999 1 202740.0
1999 2 290625.0
1999 3 351022.0
1999 4 327637.0
1999 5 330454.0
1999 6 333069.0
1999 7 358537.0
1999 8 304206.0
1999 9 296716.0
1999 10 316313.0
1999 11 268909.0
1999 12 209555.0
2000 1 243281.0
2000 2 257429.0
2000 3 317643.0
2000 4 284264.0
2000 5 301482.0
2000 6 281825.0
2000 7 261987.0
2000 8 271935.0
2000 9 228354.0
2000 10 247789.0
2000 11 193409.0
2000 12 174167.0
2001 1 248788.0
2001 2 238286.0
2001 3 336507.0
2001 4 348616.0
2001 5 314056.0
2001 6 314775.0
2001 7 285552.0
2001 8 300742.0
2001 9 234190.0
2001 10 253457.0
2001 11 214058.0
2001 12 234171.0
2002 1 252832.0
2002 2 294872.0
2002 3 305301.0
2002 4 366215.0
2002 5 354206.0
2002 6 324997.0
2002 7 324358.0
2002 8 315421.0
2002 9 277074.0
2002 10 311306.0
2002 11 252462.0
2002 12 224946.0
2003 1 289086.0
2003 2 253548.0
2003 3 370999.0
2003 4 394407.0
2003 5 326549.0
2003 6 374895.0
2003 7 370470.0
2003 8 405481.0
2003 9 361818.0
2003 10 430654.0
2003 11 281337.0
2003 12 309165.0
2004 1 335751.0
2004 2 365478.0
2004 3 552524.0
2004 4 462359.0
2004 5 432960.0
2004 6 465292.0
2004 7 468760.0
2004 8 470447.0
2004 9 448419.0
2004 10 412815.0
2004 11 374706.0
2004 12 344791.0
2005 1 392959.0
2005 2 409940.0
2005 3 520495.0
2005 4 494542.0
2005 5 514026.0
2005 6 538777.0
2005 7 461258.0
2005 8 543670.0
2005 9 483905.0
2005 10 454328.0
2005 11 469877.0
2005 12 361609.0
2006 1 421733.0
2006 2 473498.0
2006 3 556321.0
2006 4 446620.0
2006 5 562531.0
2006 6 515791.0
2006 7 475388.0
2006 8 497674.0
2006 9 412109.0
2006 10 420798.0
2006 11 448385.0
2006 12 381506.0
2007 1 373921.0
2007 2 389919.0
2007 3 469977.0
2007 4 439361.0
2007 5 465335.0
2007 6 402331.0
2007 7 428484.0
2007 8 407342.0
2007 9 282192.0
2007 10 337554.0
2007 11 251767.0
2007 12 206146.0
2008 1 211296.0
2008 2 217052.0
2008 3 248577.0
2008 4 287049.0
2008 5 256953.0
2008 6 236036.0
2008 7 211766.0
2008 8 200313.0
2008 9 237284.0
2008 10 148269.0
2008 11 86872.0
2008 12 100568.0
2009 1 92511.0
2009 2 123527.0
2009 3 148196.0
2009 4 156903.0
2009 5 148123.0
2009 6 193342.0
2009 7 187081.0
2009 8 188727.0
2009 9 140782.0
2009 10 146076.0
2009 11 142880.0
2009 12 148092.0
2010 1 141345.0
2010 2 139854.0
2010 3 248640.0
2010 4 180421.0
2010 5 159954.0
2010 6 161288.0
2010 7 147013.0
2010 8 150549.0
2010 9 129337.0
2010 10 127429.0
2010 11 109059.0
2010 12 113156.0
2011 1 102186.0
2011 2 139116.0
2011 3 188448.0
2011 4 171121.0
2011 5 186056.0
2011 6 171927.0
2011 7 146411.0
2011 8 205981.0
2011 9 156266.0
2011 10 146318.0
2011 11 147472.0
2011 12 150951.0
2012 1 140455.0
2012 2 194796.0
2012 3 207736.0
2012 4 200934.0
2012 5 216577.0
2012 6 209653.0
2012 7 206865.0
2012 8 210903.0
2012 9 183214.0
2012 10 241899.0
2012 11 189192.0
2012 12 167347.0
2013 1 213650.0
2013 2 215752.0
2013 3 257046.0
2013 4 288202.0
2013 5 299434.0
2013 6 275743.0
2013 7 300542.0
2013 8 262417.0
2013 9 249046.0
2013 10 280137.0
2013 11 213110.0
2013 12 198810.0
2014 1 218743.0
2014 2 253370.0
2014 3 311989.0
2014 4 325559.0
2014 5 281087.0
2014 6 318099.0
2014 7 317449.0
2014 8 316108.0
2014 9 303934.0
2014 10 295428.0
2014 11 232527.0
2014 12 259204.0
2015 1 288417.0
2015 2 288773.0
2015 3 390356.0
2015 4 432866.0
2015 5 416962.0
2015 6 443652.0
2015 7 392785.0
2015 8 402150.0
2015 9 408410.0
2015 10 395603.0
2015 11 345138.0
2015 12 362789.0
2016 1 323580.0
2016 2 402482.0
2016 3 475189.0
2016 4 479038.0
2016 5 468856.0
2016 6 496899.0
2016 7 434730.0
2016 8 498837.0
2016 9 472403.0
2016 10 460520.0
2016 11 401586.0
2016 12 401852.0
2017 1 452914.0
2017 2 498403.0
2017 3 589961.0
2017 4 463860.0
2017 5 618243.0
2017 6 606281.0
2017 7 553481.0
2017 8 571146.0
2017 9 452039.0
2017 10 463086.0
2017 11 441788.0
2017 12 418963.0
2018 1 456211.0
2018 2 492652.0
2018 3 543382.0
2018 4 643743.0
2018 5 614658.0
2018 6 541652.0
2018 7 578195.0
2018 8 617190.0
2018 9 445847.0
2018 10 514794.0
2018 11 433312.0
2018 12 385616.0
2019 1 453061.0
2019 2 411349.0
2019 3 535262.0
2019 4 553987.0
2019 5 650095.0
2019 6 542529.0
2019 7 561226.0
2019 8 674757.0
2019 9 573406.0
2019 10 669019.0
2019 11 523144.0
2019 12 451939.0
2020 1 601131.0
2020 2 516898.0
2020 3 612393.0
2020 4 549941.0
2020 5 512121.0
2020 6 625793.0
2020 7 707568.0
2020 8 683312.0
2020 9 707503.0
2020 10 681793.0
2020 11 641399.0
2020 12 675941.0
2021 1 666385.0
2021 2 623131.0
2021 3 1005775.0
2021 4 827946.0
2021 5 896572.0
2021 6 810745.0
2021 7 708074.0
2021 8 779118.0
2021 9 698385.0
2021 10 738660.0
2021 11 743945.0
2021 12 681097.0
2022 1 785330.0
2022 2 808451.0
2022 3 1023115.0
2022 4 891821.0
2022 5 868882.0
2022 6 863662.0
2022 7 736518.0
2022 8 702452.0
2022 9 696914.0
2022 10 596873.0
2022 11 523582.0
2022 12 445539.0
2023 1 545222.0
2023 2 630774.0
2023 3 742426.0
2023 4 774980.0
2023 5 875962.0
2023 6 916149.0
2023 7 818892.0
2023 8 899970.0
2023 9 735022.0
2023 10 844574.0
2023 11 689218.0
2023 12 615765.0
2024 1 709466.0
2024 2 830891.0
2024 3 818294.0
2024 4 946490.0
2024 5 962943.0
2024 6 839800.0
2024 7 864369.0
2024 8 898470.0
