1960 5 9819.0
1960 6 9997.0
1960 7 8046.0
1960 8 9458.0
1960 9 10024.0
1960 10 8112.0
1960 11 7352.0
1960 12 6932.0
1961 1 7033.0
1961 2 6415.0
1961 3 10190.0
1961 4 12163.0
1961 5 12278.0
1961 6 10643.0
1961 7 9118.0
1961 8 10351.0
1961 9 12129.0
1961 10 9719.0
1961 11 8740.0
1961 12 6367.0
1962 1 6099.0
1962 2 8516.0
1962 3 10770.0
1962 4 9378.0
1962 5 10689.0
1962 6 10505.0
1962 7 9460.0
1962 8 10518.0
1962 9 7843.0
1962 10 10260.0
1962 11 6845.0
1962 12 7265.0
1963 1 7886.0
1963 2 10615.0
1963 3 13134.0
1963 4 13817.0
1963 5 11868.0
1963 6 10382.0
1963 7 10689.0
1963 8 11788.0
1963 9 10923.0
1963 10 9634.0
1963 11 9134.0
1963 12 8670.0
1964 1 7984.0
1964 2 12044.0
1964 3 11582.0
1964 4 15878.0
1964 5 14457.0
1964 6 13136.0
1964 7 14558.0
1964 8 10779.0
1964 9 14271.0
1964 10 13957.0
1964 11 12578.0
1964 12 10112.0
1965 1 9121.0
1965 2 14793.0
1965 3 13639.0
1965 4 14692.0
1965 5 13830.0
1965 6 12983.0
1965 7 15100.0
1965 8 12205.0
1965 9 13309.0
1965 10 13469.0
1965 11 12265.0
1965 12 11141.0
1966 1 9115.0
1966 2 11574.0
1966 3 18488.0
1966 4 15169.0
1966 5 12652.0
1966 6 14269.0
1966 7 14721.0
1966 8 9695.0
1966 9 11841.0
1966 10 9546.0
1966 11 9045.0
1966 12 9384.0
1967 1 10791.0
1967 2 9349.0
1967 3 18502.0
1967 4 18287.0
1967 5 15085.0
1967 6 21326.0
1967 7 17676.0
1967 8 14898.0
1967 9 15126.0
1967 10 17700.0
1967 11 16441.0
1967 12 15571.0
1968 1 14385.0
1968 2 22662.0
1968 3 28819.0
1968 4 18625.0
1968 5 26366.0
1968 6 21434.0
1968 7 24790.0
1968 8 25896.0
1968 9 17543.0
1968 10 21884.0
1968 11 15384.0
1968 12 16425.0
1969 1 16711.0
1969 2 18086.0
1969 3 23650.0
1969 4 23152.0
1969 5 23171.0
1969 6 14505.0
1969 7 21209.0
1969 8 25702.0
1969 9 17001.0
1969 10 15545.0
1969 11 15391.0
1969 12 28712.0
1970 1 8129.0
1970 2 15522.0
1970 3 18819.0
1970 4 18074.0
1970 5 31274.0
1970 6 27326.0
1970 7 19229.0
1970 8 24243.0
1970 9 19982.0
1970 10 17617.0
1970 11 19895.0
1970 12 35287.0
1971 1 24072.0
1971 2 19544.0
1971 3 26128.0
1971 4 28512.0
1971 5 42216.0
1971 6 35008.0
1971 7 43211.0
1971 8 28313.0
1971 9 44920.0
1971 10 40893.0
1971 11 43474.0
1971 12 44917.0
1972 1 33771.0
1972 2 35726.0
1972 3 46058.0
1972 4 54605.0
1972 5 45045.0
1972 6 60121.0
1972 7 44294.0
1972 8 65055.0
1972 9 45724.0
1972 10 53389.0
1972 11 36043.0
1972 12 57076.0
1973 1 46488.0
1973 2 53453.0
1973 3 52918.0
1973 4 54749.0
1973 5 54105.0
1973 6 55569.0
1973 7 49841.0
1973 8 53893.0
1973 9 38653.0
1973 10 44195.0
1973 11 35280.0
1973 12 34490.0
1974 1 21888.0
1974 2 26522.0
1974 3 47063.0
1974 4 39237.0
1974 5 29409.0
1974 6 33867.0
1974 7 34593.0
1974 8 23523.0
1974 9 21036.0
1974 10 17370.0
1974 11 12664.0
1974 12 11061.0
1975 1 11317.0
1975 2 16223.0
1975 3 16993.0
1975 4 37822.0
1975 5 32039.0
1975 6 31030.0
1975 7 27987.0
1975 8 26271.0
1975 9 35131.0
1975 10 31102.0
1975 11 19509.0
1975 12 20804.0
1976 1 24631.0
1976 2 28464.0
1976 3 38639.0
1976 4 40730.0
1976 5 38184.0
1976 6 42807.0
1976 7 30671.0
1976 8 43037.0
1976 9 40092.0
1976 10 37040.0
1976 11 32005.0
1976 12 47292.0
1977 1 34886.0
1977 2 41801.0
1977 3 54620.0
1977 4 15062.0
1977 5 57613.0
1977 6 11299.0
1977 7 55151.0
1977 8 75153.0
1977 9 61278.0
1977 10 48165.0
1977 11 48293.0
1977 12 35200.0
1978 1 29961.0
1978 2 42891.0
1978 3 69914.0
1978 4 86823.0
1978 5 63101.0
1978 6 72327.0
1978 7 50575.0
1978 8 70957.0
1978 9 73638.0
1978 10 78464.0
1978 11 44196.0
1978 12 32722.0
1979 1 25714.0
1979 2 32180.0
1979 3 57341.0
1979 4 74428.0
1979 5 74518.0
1979 6 79952.0
1979 7 67879.0
1979 8 72452.0
1979 9 63296.0
1979 10 58285.0
1979 11 48936.0
1979 12 32447.0
1980 1 38741.0
1980 2 38612.0
1980 3 36425.0
1980 4 45305.0
1980 5 42615.0
1980 6 55476.0
1980 7 68915.0
1980 8 65092.0
1980 9 117098.0
1980 10 59386.0
1980 11 35353.0
1980 12 47863.0
1981 1 25076.0
1981 2 27540.0
1981 3 44573.0
1981 4 43408.0
1981 5 39537.0
1981 6 36570.0
1981 7 39434.0
1981 8 25113.0
1981 9 33271.0
1981 10 25917.0
1981 11 27400.0
1981 12 24147.0
1982 1 18114.0
1982 2 23602.0
1982 3 48044.0
1982 4 37985.0
1982 5 33919.0
1982 6 43833.0
1982 7 26970.0
1982 8 27714.0
1982 9 57602.0
1982 10 55485.0
1982 11 46823.5
1982 12 38162.0
1983 1 49489.0
1983 2 46209.0
1983 3 82918.0
1983 4 82566.0
1983 5 88840.0
1983 6 93875.0
1983 7 144733.0
1983 8 105944.0
1983 9 92784.0
1983 10 98473.0
1983 11 80414.0
1983 12 62397.0
1984 1 86252.0
1984 2 94127.0
1984 3 103642.0
1984 4 107923.0
1984 5 137114.0
1984 6 132039.0
1984 7 108184.0
1984 8 89652.0
1984 9 96617.0
1984 10 121050.0
1984 11 102299.0
1984 12 90818.0
1985 1 84351.0
1985 2 62836.0
1985 3 164170.0
1985 4 144957.0
1985 5 156269.0
1985 6 147509.0
1985 7 132876.0
1985 8 142782.0
1985 9 139011.0
1985 10 161602.0
1985 11 112235.0
1985 12 117401.0
1986 1 126059.0
1986 2 78854.0
1986 3 155436.0
1986 4 202027.0
1986 5 141774.0
1986 6 174042.0
1986 7 189018.0
1986 8 151254.0
1986 9 151478.0
1986 10 212455.0
1986 11 121096.0
1986 12 96594.0
1987 1 126619.0
1987 2 142200.0
1987 3 179989.0
1987 4 202206.0
1987 5 167784.0
1987 6 166698.0
1987 7 135694.0
1987 8 141965.0
1987 9 162475.0
1987 10 135707.0
1987 11 120629.0
1987 12 129709.0
1988 1 69324.0
1988 2 140701.0
1988 3 167177.0
1988 4 181369.0
1988 5 186793.0
1988 6 162975.0
1988 7 140661.0
1988 8 147032.0
1988 9 138626.0
1988 10 112742.0
1988 11 127949.0
1988 12 101821.0
1989 1 133921.0
1989 2 96678.0
1989 3 146315.0
1989 4 155962.0
1989 5 150716.0
1989 6 125876.0
1989 7 124651.0
1989 8 157108.0
1989 9 128810.0
1989 10 132850.0
1989 11 119582.0
1989 12 84737.0
1990 1 139346.0
1990 2 102572.0
1990 3 153657.0
1990 4 136446.0
1990 5 145109.0
1990 6 133883.0
1990 7 125112.0
1990 8 121393.0
1990 9 103609.0
1990 10 102581.0
1990 11 81719.0
1990 12 60933.0
1991 1 70592.0
1991 2 85088.0
1991 3 126272.0
1991 4 136991.0
1991 5 136172.0
1991 6 195225.0
1991 7 143150.0
1991 8 124078.0
1991 9 128547.0
1991 10 125824.0
1991 11 103947.0
1991 12 100855.0
1992 1 118176.0
1992 2 150457.0
1992 3 177040.0
1992 4 173478.0
1992 5 155717.0
1992 6 168560.0
1992 7 157463.0
1992 8 158755.0
1992 9 173507.0
1992 10 188873.0
1992 11 132160.0
1992 12 157388.0
1993 1 167064.0
1993 2 166601.0
1993 3 204397.0
1993 4 229922.0
1993 5 194159.0
1993 6 246200.0
1993 7 220646.0
1993 8 245323.0
1993 9 235854.0
1993 10 227657.0
1993 11 201303.0
1993 12 206119.0
1994 1 150204.0
1994 2 222922.0
1994 3 277445.0
1994 4 284082.0
1994 5 257192.0
1994 6 271303.0
1994 7 205027.0
1994 8 258978.0
1994 9 207785.0
1994 10 215873.0
1994 11 207893.0
1994 12 187732.0
1995 1 188218.0
1995 2 201965.0
1995 3 256964.0
1995 4 228375.0
1995 5 243598.0
1995 6 253321.0
1995 7 256915.0
1995 8 296639.0
1995 9 258656.0
1995 10 274800.0
1995 11 222956.0
1995 12 226022.0
1996 1 257113.0
1996 2 220778.0
1996 3 268309.0
1996 4 292759.0
1996 5 345955.0
1996 6 328395.0
1996 7 303419.0
1996 8 279363.0
1996 9 347059.0
1996 10 295132.0
1996 11 282076.0
1996 12 224895.0
1997 1 210773.0
1997 2 226053.0
1997 3 291281.0
1997 4 345262.0
1997 5 296502.0
1997 6 308653.0
1997 7 297889.0
1997 8 281850.0
1997 9 291042.0
1997 10 318416.0
1997 11 225469.0
1997 12 227418.0
1998 1 224840.0
1998 2 265436.0
1998 3 338941.0
1998 4 326193.0
1998 5 347097.0
1998 6 342924.0
1998 7 328008.0
1998 8 322548.0
1998 9 309009.0
1998 10 281416.0
1998 11 251781.0
1998 12 247574.0
1999 1 222719.0
1999 2 312580.0
1999 3 365331.0
1999 4 366836.0
1999 5 339064.0
1999 6 366381.0
1999 7 382784.0
1999 8 315127.0
1999 9 308449.0
1999 10 368360.0
1999 11 287726.0
1999 12 250818.0
2000 1 290968.0
2000 2 283964.0
2000 3 359699.0
2000 4 311987.0
2000 5 325737.0
2000 6 296072.0
2000 7 312236.0
2000 8 287087.0
2000 9 260879.0
2000 10 293195.0
2000 11 233930.0
2000 12 198648.0
2001 1 284589.0
2001 2 277309.0
2001 3 360639.0
2001 4 368140.0
2001 5 344019.0
2001 6 364703.0
2001 7 294273.0
2001 8 332993.0
2001 9 259350.0
2001 10 263050.0
2001 11 225592.0
2001 12 243330.0
2002 1 275814.0
2002 2 317616.0
2002 3 318627.0
2002 4 397441.0
2002 5 382006.0
2002 6 335401.0
2002 7 335477.0
2002 8 330456.0
2002 9 362696.0
2002 10 330717.0
2002 11 275530.0
2002 12 252815.0
2003 1 304758.0
2003 2 260464.0
2003 3 389455.0
2003 4 406929.0
2003 5 348992.0
2003 6 399296.0
2003 7 387457.0
2003 8 428003.0
2003 9 378453.0
2003 10 468822.0
2003 11 291987.0
2003 12 368629.0
2004 1 362638.0
2004 2 384371.0
2004 3 639291.0
2004 4 496514.0
2004 5 457558.0
2004 6 506309.0
2004 7 501658.0
2004 8 504091.0
2004 9 480882.0
2004 10 443568.0
2004 11 395553.0
2004 12 391480.0
2005 1 423409.0
2005 2 432290.0
2005 3 536657.0
2005 4 539119.0
2005 5 534547.0
2005 6 590350.0
2005 7 489014.0
2005 8 608275.0
2005 9 515253.0
2005 10 478751.0
2005 11 493529.0
2005 12 400107.0
2006 1 452666.0
2006 2 549491.0
2006 3 632915.0
2006 4 469442.0
2006 5 593099.0
2006 6 558721.0
2006 7 491065.0
2006 8 602055.0
2006 9 464855.0
2006 10 433234.0
2006 11 463864.0
2006 12 410905.0
2007 1 436300.0
2007 2 410815.0
2007 3 496300.0
2007 4 464805.0
2007 5 533167.0
2007 6 421894.0
2007 7 459373.0
2007 8 461449.0
2007 9 353914.0
2007 10 342398.0
2007 11 383263.0
2007 12 240838.0
2008 1 234832.0
2008 2 230493.0
2008 3 315322.0
2008 4 301180.0
2008 5 266766.0
2008 6 253435.0
2008 7 254104.0
2008 8 233746.0
2008 9 281351.0
2008 10 160598.0
2008 11 108183.0
2008 12 148834.0
2009 1 116212.0
2009 2 127954.0
2009 3 163652.0
2009 4 161746.0
2009 5 161377.0
2009 6 225805.0
2009 7 194440.0
2009 8 192069.0
2009 9 160698.0
2009 10 159872.0
2009 11 148468.0
2009 12 154632.0
2010 1 154799.0
2010 2 190400.0
2010 3 280055.0
2010 4 195779.0
2010 5 172942.0
2010 6 189055.0
2010 7 151260.0
2010 8 211516.0
2010 9 163639.0
2010 10 134800.0
2010 11 114483.0
2010 12 126587.0
2011 1 106107.0
2011 2 147026.0
2011 3 219345.0
2011 4 180000.0
2011 5 196004.0
2011 6 194186.0
2011 7 155989.0
2011 8 212711.0
2011 9 234814.0
2011 10 155515.0
2011 11 208579.0
2011 12 181570.0
2012 1 167415.0
2012 2 205117.0
2012 3 270285.0
2012 4 217210.0
2012 5 254635.0
2012 6 253792.0
2012 7 213011.0
2012 8 301575.0
2012 9 209228.0
2012 10 274661.0
2012 11 238720.0
2012 12 240487.0
2013 1 236620.0
2013 2 247828.0
2013 3 272067.0
2013 4 328731.0
2013 5 341274.0
2013 6 327169.0
2013 7 371153.0
2013 8 297321.0
2013 9 292457.0
2013 10 334366.0
2013 11 250640.0
2013 12 230053.0
2014 1 324824.0
2014 2 317309.0
2014 3 357267.0
2014 4 387307.0
2014 5 339628.0
2014 6 350835.0
2014 7 335208.0
2014 8 320795.0
2014 9 324972.0
2014 10 464476.0
2014 11 312461.0
2014 12 330308.0
2015 1 338978.0
2015 2 321201.0
2015 3 490981.0
2015 4 513364.0
2015 5 531385.0
2015 6 490826.0
2015 7 444212.0
2015 8 452902.0
2015 9 435096.0
2015 10 520429.0
2015 11 489517.0
2015 12 435451.0
2016 1 393630.0
2016 2 460740.0
2016 3 611277.0
2016 4 589792.0
2016 5 492210.0
2016 6 547797.0
2016 7 540406.0
2016 8 559393.0
2016 9 522421.0
2016 10 523452.0
2016 11 434198.0
2016 12 537481.0
2017 1 470535.0
2017 2 539190.0
2017 3 692975.0
2017 4 500315.0
2017 5 706814.0
2017 6 697912.0
2017 7 623780.0
2017 8 664145.0
2017 9 585238.0
2017 10 590188.0
2017 11 477692.0
2017 12 482405.0
2018 1 521476.0
2018 2 505334.0
2018 3 586696.0
2018 4 729770.0
2018 5 691031.0
2018 6 671312.0
2018 7 650360.0
2018 8 695260.0
2018 9 570151.0
2018 10 618911.0
2018 11 502096.0
2018 12 429889.0
2019 1 531867.0
2019 2 474436.0
2019 3 653330.0
2019 4 618711.0
2019 5 747881.0
2019 6 596438.0
2019 7 701225.0
2019 8 786641.0
2019 9 610393.0
2019 10 873628.0
2019 11 631427.0
2019 12 577171.0
2020 1 694922.0
2020 2 629475.0
2020 3 651111.0
2020 4 621335.0
2020 5 615546.0
2020 6 755022.0
2020 7 849843.0
2020 8 914654.0
2020 9 816912.0
2020 10 807295.0
2020 11 847304.0
2020 12 752573.0
2021 1 758076.0
2021 2 687945.0
2021 3 1151807.0
2021 4 1028439.0
2021 5 1094262.0
2021 6 939586.0
2021 7 836180.0
2021 8 987769.0
2021 9 794735.0
2021 10 902995.0
2021 11 1004242.0
2021 12 921621.0
2022 1 932365.0
2022 2 921515.0
2022 3 1085416.0
2022 4 1005510.0
2022 5 940569.0
2022 6 940071.0
2022 7 823210.0
2022 8 733238.0
2022 9 805947.0
2022 10 640800.0
2022 11 553727.0
2022 12 526170.0
2023 1 638436.0
2023 2 971026.0
2023 3 818171.0
2023 4 1142679.0
2023 5 983448.0
2023 6 988195.0
2023 7 1013172.0
2023 8 1325931.0
2023 9 775807.0
2023 10 997347.0
2023 11 856904.0
2023 12 728761.0
2024 1 809298.0
2024 2 954023.0
2024 3 878371.0
2024 4 1086358.0
2024 5 1165560.0
2024 6 885149.0
2024 7 952638.0
2024 8 1063908.0
