1960 5 535.0
1960 6 450.0
1960 7 404.0
1960 8 337.0
1960 9 478.0
1960 10 340.0
1960 11 198.0
1960 12 275.0
1961 1 254.0
1961 2 405.0
1961 3 386.0
1961 4 351.0
1961 5 308.0
1961 6 509.0
1961 7 198.0
1961 8 230.0
1961 9 486.0
1961 10 402.0
1961 11 199.0
1961 12 144.0
1962 1 216.0
1962 2 113.0
1962 3 284.0
1962 4 331.0
1962 5 338.0
1962 6 318.0
1962 7 216.0
1962 8 509.0
1962 9 333.0
1962 10 502.0
1962 11 230.0
1962 12 90.0
1963 1 374.0
1963 2 238.0
1963 3 272.0
1963 4 364.0
1963 5 375.0
1963 6 408.0
1963 7 502.0
1963 8 474.0
1963 9 420.0
1963 10 320.0
1963 11 363.0
1963 12 322.0
1964 1 284.0
1964 2 433.0
1964 3 364.0
1964 4 408.0
1964 5 649.0
1964 6 246.0
1964 7 448.0
1964 8 347.0
1964 9 516.0
1964 10 576.0
1964 11 403.0
1964 12 449.0
1965 1 457.0
1965 2 533.0
1965 3 811.0
1965 4 631.0
1965 5 678.0
1965 6 700.0
1965 7 743.0
1965 8 574.0
1965 9 569.0
1965 10 861.0
1965 11 629.0
1965 12 605.0
1966 1 493.0
1966 2 600.0
1966 3 930.0
1966 4 273.0
1966 5 445.0
1966 6 377.0
1966 7 390.0
1966 8 336.0
1966 9 416.0
1966 10 583.0
1966 11 235.0
1966 12 479.0
1967 1 707.0
1967 2 386.0
1967 3 778.0
1967 4 978.0
1967 5 598.0
1967 6 1004.0
1967 7 510.0
1967 8 1157.0
1967 9 460.0
1967 10 505.0
1967 11 656.0
1967 12 374.0
1968 1 1040.0
1968 2 1081.0
1968 3 710.0
1968 4 650.0
1968 5 587.0
1968 6 3363.0
1968 7 499.0
1968 8 393.0
1968 9 694.0
1968 10 807.0
1968 11 947.0
1968 12 1091.0
1969 1 549.0
1969 2 843.0
1969 3 550.0
1969 4 843.0
1969 5 1076.0
1969 6 927.0
1969 7 2330.0
1969 8 5436.0
1969 9 865.0
1969 10 1124.0
1969 11 2887.0
1969 12 391.0
1970 1 825.0
1970 2 1994.0
1970 3 955.0
1970 4 970.0
1970 5 485.0
1970 6 993.0
1970 7 969.0
1970 8 4279.0
1970 9 709.0
1970 10 1205.0
1970 11 522.0
1970 12 757.0
1971 1 499.0
1971 2 1072.0
1971 3 733.0
1971 4 2058.0
1971 5 3191.0
1971 6 1139.0
1971 7 2011.0
1971 8 1685.0
1971 9 1330.0
1971 10 1476.0
1971 11 5282.0
1971 12 1044.0
1972 1 1630.0
1972 2 1754.0
1972 3 1373.0
1972 4 1274.0
1972 5 1499.0
1972 6 5503.0
1972 7 1899.0
1972 8 1379.0
1972 9 1949.0
1972 10 2600.0
1972 11 1349.0
1972 12 1153.0
1973 1 1409.0
1973 2 873.0
1973 3 871.0
1973 4 1834.0
1973 5 927.0
1973 6 917.0
1973 7 6154.0
1973 8 802.0
1973 9 485.0
1973 10 710.0
1973 11 432.0
1973 12 469.0
1974 1 1224.0
1974 2 897.0
1974 3 680.0
1974 4 974.0
1974 5 804.0
1974 6 527.0
1974 7 1150.0
1974 8 564.0
1974 9 674.0
1974 10 1126.0
1974 11 958.0
1974 12 573.0
1975 1 474.0
1975 2 1025.0
1975 3 847.0
1975 4 2126.0
1975 5 1509.0
1975 6 683.0
1975 7 1188.0
1975 8 898.0
1975 9 839.0
1975 10 3458.0
1975 11 436.0
1975 12 233.0
1976 1 224.0
1976 2 966.0
1976 3 615.0
1976 4 1155.0
1976 5 643.0
1976 6 1142.0
1976 7 358.0
1976 8 752.0
1976 9 355.0
1976 10 362.0
1976 11 562.0
1976 12 714.0
1977 1 735.0
1977 2 528.0
1977 3 2038.0
1977 4 1504.0
1977 5 2493.0
1977 6 624.0
1977 7 1339.0
1977 8 915.0
1977 9 1786.0
1977 10 1260.0
1977 11 2458.0
1977 12 799.0
1978 1 597.0
1978 2 1980.0
1978 3 2243.0
1978 4 2240.0
1978 5 2322.0
1978 6 4068.0
1978 7 3444.0
1978 8 1533.0
1978 9 1802.0
1978 10 5927.0
1978 11 2966.0
1978 12 2199.0
1979 1 1105.0
1979 2 1112.0
1979 3 2270.0
1979 4 2826.0
1979 5 2830.0
1979 6 2832.0
1979 7 4741.0
1979 8 5310.0
1979 9 3300.0
1979 10 2253.0
1979 11 3560.0
1979 12 2232.0
1980 1 2547.0
1980 2 3425.0
1980 3 2447.0
1980 4 4990.0
1980 5 3161.0
1980 6 4975.0
1980 7 3563.0
1980 8 3251.0
1980 9 4447.0
1980 10 4501.0
1980 11 1524.0
1980 12 2912.0
1981 1 1519.0
1981 2 1734.0
1981 3 3649.0
1981 4 5907.0
1981 5 2565.0
1981 6 2149.0
1981 7 5958.0
1981 8 1642.0
1981 9 1264.0
1981 10 1598.0
1981 11 3001.0
1981 12 1656.0
1982 1 1521.0
1982 2 4021.0
1982 3 5623.0
1982 4 3521.0
1982 5 1735.0
1982 6 14576.0
1982 7 2311.0
1982 8 2530.0
1982 9 7140.0
1982 10 4586.0
1982 11 3984.0
1982 12 3382.0
1983 1 5682.0
1983 2 3352.0
1983 3 8000.0
1983 4 9661.0
1983 5 6454.0
1983 6 9505.0
1983 7 4711.0
1983 8 9466.0
1983 9 9455.0
1983 10 19362.0
1983 11 14973.0
1983 12 5727.0
1984 1 10073.0
1984 2 20655.0
1984 3 18625.0
1984 4 8801.0
1984 5 25992.0
1984 6 7460.0
1984 7 16468.0
1984 8 13105.0
1984 9 15741.0
1984 10 10845.0
1984 11 10498.0
1984 12 8547.0
1985 1 7815.0
1985 2 7128.0
1985 3 11746.0
1985 4 13696.0
1985 5 12747.0
1985 6 12261.0
1985 7 10984.0
1985 8 10524.0
1985 9 9390.0
1985 10 12582.0
1985 11 5588.0
1985 12 7843.0
1986 1 10179.0
1986 2 8866.0
1986 3 11601.0
1986 4 11060.0
1986 5 6545.0
1986 6 8944.0
1986 7 6875.0
1986 8 14121.0
1986 9 8369.0
1986 10 8195.0
1986 11 3821.0
1986 12 4989.0
1987 1 6497.0
1987 2 6326.0
1987 3 7061.0
1987 4 16214.0
1987 5 6189.0
1987 6 2796.0
1987 7 4808.0
1987 8 2662.0
1987 9 5606.0
1987 10 10203.0
1987 11 5037.0
1987 12 13782.0
1988 1 940.0
1988 2 2037.0
1988 3 4456.0
1988 4 5113.0
1988 5 4889.0
1988 6 4867.0
1988 7 4144.0
1988 8 3743.0
1988 9 6309.0
1988 10 3908.0
1988 11 3951.0
1988 12 1793.0
1989 1 4211.0
1989 2 4134.0
1989 3 2708.0
1989 4 6133.0
1989 5 8861.0
1989 6 1548.0
1989 7 1997.0
1989 8 2289.0
1989 9 4010.0
1989 10 2848.0
1989 11 1483.0
1989 12 745.0
1990 1 1746.0
1990 2 2623.0
1990 3 3112.0
1990 4 2811.0
1990 5 3066.0
1990 6 2209.0
1990 7 3435.0
1990 8 2056.0
1990 9 1769.0
1990 10 2268.0
1990 11 2770.0
1990 12 2589.0
1991 1 809.0
1991 2 1889.0
1991 3 4642.0
1991 4 853.0
1991 5 3283.0
1991 6 5072.0
1991 7 1679.0
1991 8 1933.0
1991 9 11873.0
1991 10 1706.0
1991 11 11483.0
1991 12 2166.0
1992 1 1851.0
1992 2 3742.0
1992 3 6573.0
1992 4 2820.0
1992 5 2934.0
1992 6 4463.0
1992 7 2181.0
1992 8 4167.0
1992 9 3853.0
1992 10 2498.0
1992 11 1933.0
1992 12 3414.0
1993 1 1176.0
1993 2 2473.0
1993 3 1255.0
1993 4 6975.0
1993 5 4707.0
1993 6 2977.0
1993 7 1412.0
1993 8 5725.0
1993 9 1873.0
1993 10 3237.0
1993 11 2063.0
1993 12 2324.0
1994 1 3594.0
1994 2 5665.0
1994 3 6291.0
1994 4 3926.0
1994 5 4764.0
1994 6 3715.0
1994 7 5341.0
1994 8 8382.0
1994 9 4241.0
1994 10 5327.0
1994 11 3385.0
1994 12 3829.0
1995 1 10203.0
1995 2 7030.0
1995 3 7909.0
1995 4 4015.0
1995 5 3085.0
1995 6 7165.0
1995 7 6982.0
1995 8 5707.0
1995 9 8398.0
1995 10 3810.0
1995 11 3784.0
1995 12 5246.0
1996 1 2109.0
1996 2 2812.0
1996 3 2519.0
1996 4 4877.0
1996 5 9703.0
1996 6 11960.0
1996 7 4138.0
1996 8 4445.0
1996 9 8480.0
1996 10 6696.0
1996 11 10352.0
1996 12 3306.0
1997 1 3296.0
1997 2 1919.0
1997 3 4640.0
1997 4 5896.0
1997 5 7475.0
1997 6 4808.0
1997 7 6898.0
1997 8 3728.0
1997 9 10373.0
1997 10 5424.0
1997 11 2217.0
1997 12 9560.0
1998 1 2934.0
1998 2 5682.0
1998 3 4205.0
1998 4 2182.0
1998 5 2603.0
1998 6 6287.0
1998 7 2737.0
1998 8 5223.0
1998 9 4984.0
1998 10 1763.0
1998 11 3048.0
1998 12 2792.0
1999 1 1700.0
1999 2 3101.0
1999 3 2789.0
1999 4 3173.0
1999 5 2866.0
1999 6 3711.0
1999 7 2704.0
1999 8 1695.0
1999 9 7089.0
1999 10 11483.0
1999 11 3065.0
1999 12 2712.0
2000 1 2241.0
2000 2 7714.0
2000 3 5025.0
2000 4 1421.0
2000 5 3106.0
2000 6 3953.0
2000 7 6658.0
2000 8 4557.0
2000 9 9261.0
2000 10 6068.0
2000 11 11793.0
2000 12 987.0
2001 1 3366.0
2001 2 15241.0
2001 3 7089.0
2001 4 4315.0
2001 5 7553.0
2001 6 7744.0
2001 7 2928.0
2001 8 1883.0
2001 9 12353.0
2001 10 4162.0
2001 11 4738.0
2001 12 2977.0
2002 1 8823.0
2002 2 8436.0
2002 3 5892.0
2002 4 12192.0
2002 5 10158.0
2002 6 2628.0
2002 7 5753.0
2002 8 3498.0
2002 9 7386.0
2002 10 3132.0
2002 11 3005.0
2002 12 2223.0
2003 1 3761.0
2003 2 2714.0
2003 3 6309.0
2003 4 4235.0
2003 5 7425.0
2003 6 3056.0
2003 7 3571.0
2003 8 3797.0
2003 9 7783.0
2003 10 4468.0
2003 11 5841.0
2003 12 4333.0
2004 1 1547.0
2004 2 4350.0
2004 3 6442.0
2004 4 4651.0
2004 5 5307.0
2004 6 6921.0
2004 7 23822.0
2004 8 3783.0
2004 9 3131.0
2004 10 4280.0
2004 11 12498.0
2004 12 4750.0
2005 1 5386.0
2005 2 7254.0
2005 3 8384.0
2005 4 6044.0
2005 5 7697.0
2005 6 7180.0
2005 7 4502.0
2005 8 13577.0
2005 9 5654.0
2005 10 7254.0
2005 11 10765.0
2005 12 4948.0
2006 1 6435.0
2006 2 3736.0
2006 3 9720.0
2006 4 6314.0
2006 5 3345.0
2006 6 9301.0
2006 7 4726.0
2006 8 18951.0
2006 9 5384.0
2006 10 7902.0
2006 11 6544.0
2006 12 15181.0
2007 1 11236.0
2007 2 3743.0
2007 3 11313.0
2007 4 6000.0
2007 5 4451.0
2007 6 7111.0
2007 7 1405.0
2007 8 5640.0
2007 9 2965.0
2007 10 3260.0
2007 11 7442.0
2007 12 3943.0
2008 1 6159.0
2008 2 1736.0
2008 3 4924.0
2008 4 3264.0
2008 5 5410.0
2008 6 4421.0
2008 7 3452.0
2008 8 11876.0
2008 9 7299.0
2008 10 1475.0
2008 11 3047.0
2008 12 966.0
2009 1 2416.0
2009 2 2499.0
2009 3 3109.0
2009 4 2408.0
2009 5 4248.0
2009 6 1364.0
2009 7 2040.0
2009 8 1602.0
2009 9 3006.0
2009 10 1199.0
2009 11 4615.0
2009 12 1400.0
2010 1 1653.0
2010 2 1193.0
2010 3 3636.0
2010 4 4952.0
2010 5 1142.0
2010 6 1369.0
2010 7 2148.0
2010 8 1866.0
2010 9 1504.0
2010 10 2407.0
2010 11 2170.0
2010 12 3211.0
2011 1 2482.0
2011 2 2050.0
2011 3 2852.0
2011 4 4333.0
2011 5 3871.0
2011 6 691.0
2011 7 3186.0
2011 8 1996.0
2011 9 7687.0
2011 10 1327.0
2011 11 2028.0
2011 12 4019.0
2012 1 1757.0
2012 2 1690.0
2012 3 904.0
2012 4 2728.0
2012 5 2174.0
2012 6 2520.0
2012 7 2388.0
2012 8 79400.0
2012 9 2884.0
2012 10 14341.0
2012 11 4211.0
2012 12 2675.0
2013 1 7075.0
2013 2 12940.0
2013 3 5345.0
2013 4 6625.0
2013 5 2623.0
2013 6 4458.0
2013 7 991.0
2013 8 4376.0
2013 9 1515.0
2013 10 2123.0
2013 11 15257.0
2013 12 1310.0
2014 1 1279.0
2014 2 10668.0
2014 3 1417.0
2014 4 5243.0
2014 5 2329.0
2014 6 3757.0
2014 7 1100.0
2014 8 2363.0
2014 9 1307.0
2014 10 3151.0
2014 11 1706.0
2014 12 2206.0
2015 1 2725.0
2015 2 8662.0
2015 3 4972.0
2015 4 4526.0
2015 5 8283.0
2015 6 15212.0
2015 7 694.0
2015 8 8169.0
2015 9 8559.0
2015 10 5672.0
2015 11 150.0
2015 12 10066.0
2016 1 11609.0
2016 2 3793.0
2016 3 10578.0
2016 4 9703.0
2016 5 3680.0
2016 6 4218.0
2016 7 1285.0
2016 8 13336.0
2016 9 5001.0
2016 10 8354.0
2016 11 3875.0
2016 12 6323.0
2017 1 5878.0
2017 2 2002.0
2017 3 25804.0
2017 4 1539.0
2017 5 12130.0
2017 6 5811.0
2017 7 11927.0
2017 8 3693.0
2017 9 11849.0
2017 10 4963.0
2017 11 6679.0
2017 12 5227.0
2018 1 9877.0
2018 2 6513.0
2018 3 7278.0
2018 4 22209.0
2018 5 11598.0
2018 6 1231.0
2018 7 6207.0
2018 8 10757.0
2018 9 15802.0
2018 10 2119.0
2018 11 4666.0
2018 12 6271.0
2019 1 8466.0
2019 2 7152.0
2019 3 658.0
2019 4 7304.0
2019 5 5187.0
2019 6 10050.0
2019 7 5189.0
2019 8 9191.0
2019 9 3589.0
2019 10 4876.0
2019 11 6646.0
2019 12 20998.0
2020 1 6494.0
2020 2 9179.0
2020 3 8220.0
2020 4 6332.0
2020 5 14177.0
2020 6 11493.0
2020 7 6216.0
2020 8 10314.0
2020 9 4232.0
2020 10 13116.0
2020 11 8972.0
2020 12 9747.0
2021 1 7828.0
2021 2 3931.0
2021 3 8530.0
2021 4 12491.0
2021 5 6266.0
2021 6 17644.0
2021 7 11076.0
2021 8 4561.0
2021 9 25622.0
2021 10 6878.0
2021 11 3662.0
2021 12 19475.0
2022 1 7700.0
2022 2 9893.0
2022 3 12890.0
2022 4 12305.0
2022 5 11145.0
2022 6 10074.0
2022 7 26581.0
2022 8 6722.0
2022 9 17924.0
2022 10 8408.0
2022 11 5334.0
2022 12 10026.0
2023 1 7361.0
2023 2 16875.0
2023 3 4826.0
2023 4 8621.0
2023 5 12231.0
2023 6 12002.0
2023 7 4864.0
2023 8 13814.0
2023 9 10876.0
2023 10 15665.0
2023 11 7555.0
2023 12 11684.0
2024 1 14183.0
2024 2 7206.0
2024 3 8531.0
2024 4 15210.0
2024 5 17768.0
2024 6 12549.0
2024 7 12741.0
2024 8 13039.0
