1960 5 1381.0
1960 6 949.0
1960 7 560.0
1960 8 1951.0
1960 9 844.0
1960 10 520.0
1960 11 1455.0
1960 12 2182.0
1961 1 705.0
1961 2 660.0
1961 3 1943.0
1961 4 4051.0
1961 5 996.0
1961 6 1014.0
1961 7 1599.0
1961 8 776.0
1961 9 3076.0
1961 10 707.0
1961 11 2049.0
1961 12 1850.0
1962 1 467.0
1962 2 1027.0
1962 3 1189.0
1962 4 825.0
1962 5 1925.0
1962 6 1734.0
1962 7 1430.0
1962 8 1473.0
1962 9 632.0
1962 10 2386.0
1962 11 640.0
1962 12 370.0
1963 1 1591.0
1963 2 3765.0
1963 3 2311.0
1963 4 2540.0
1963 5 2100.0
1963 6 1136.0
1963 7 1177.0
1963 8 2408.0
1963 9 2714.0
1963 10 773.0
1963 11 3074.0
1963 12 648.0
1964 1 1637.0
1964 2 3132.0
1964 3 532.0
1964 4 3520.0
1964 5 3265.0
1964 6 1817.0
1964 7 4441.0
1964 8 695.0
1964 9 5457.0
1964 10 2510.0
1964 11 4521.0
1964 12 1037.0
1965 1 843.0
1965 2 6813.0
1965 3 2703.0
1965 4 1109.0
1965 5 2971.0
1965 6 1730.0
1965 7 3767.0
1965 8 2261.0
1965 9 2297.0
1965 10 3530.0
1965 11 2059.0
1965 12 3064.0
1966 1 1595.0
1966 2 2666.0
1966 3 5216.0
1966 4 3917.0
1966 5 2343.0
1966 6 3521.0
1966 7 5524.0
1966 8 1246.0
1966 9 4102.0
1966 10 1852.0
1966 11 1735.0
1966 12 2599.0
1967 1 3427.0
1967 2 1225.0
1967 3 4033.0
1967 4 5930.0
1967 5 3104.0
1967 6 6953.0
1967 7 6729.0
1967 8 2772.0
1967 9 3588.0
1967 10 4897.0
1967 11 6158.0
1967 12 7530.0
1968 1 5030.0
1968 2 11377.0
1968 3 15078.0
1968 4 4779.0
1968 5 8532.0
1968 6 8173.0
1968 7 8302.0
1968 8 9441.0
1968 9 4700.0
1968 10 4440.0
1968 11 1572.0
1968 12 6622.0
1969 1 6666.0
1969 2 4186.0
1969 3 8164.0
1969 4 5322.0
1969 5 8368.0
1969 6 1838.0
1969 7 6535.0
1969 8 12730.0
1969 9 5507.0
1969 10 3328.0
1969 11 6955.0
1969 12 18959.0
1970 1 2380.0
1970 2 5211.0
1970 3 3024.0
1970 4 3270.0
1970 5 18553.0
1970 6 11191.0
1970 7 3037.0
1970 8 7627.0
1970 9 4845.0
1970 10 2545.0
1970 11 7066.0
1970 12 4884.0
1971 1 10066.0
1971 2 6822.0
1971 3 5394.0
1971 4 5877.0
1971 5 17096.0
1971 6 10696.0
1971 7 21444.0
1971 8 6075.0
1971 9 23139.0
1971 10 18430.0
1971 11 17664.0
1971 12 15591.0
1972 1 15005.0
1972 2 12891.0
1972 3 18464.0
1972 4 27688.0
1972 5 13555.0
1972 6 33243.0
1972 7 21351.0
1972 8 36446.0
1972 9 14020.0
1972 10 20128.0
1972 11 12512.0
1972 12 37946.0
1973 1 26199.0
1973 2 29118.0
1973 3 17809.0
1973 4 23100.0
1973 5 18238.0
1973 6 23120.0
1973 7 22851.0
1973 8 23632.0
1973 9 15163.0
1973 10 22079.0
1973 11 17799.0
1973 12 20243.0
1974 1 5642.0
1974 2 3854.0
1974 3 20067.0
1974 4 8884.0
1974 5 4431.0
1974 6 10311.0
1974 7 9709.0
1974 8 3341.0
1974 9 4997.0
1974 10 2969.0
1974 11 2394.0
1974 12 1109.0
1975 1 872.0
1975 2 1140.0
1975 3 1340.0
1975 4 8272.0
1975 5 1557.0
1975 6 6879.0
1975 7 1618.0
1975 8 1095.0
1975 9 8260.0
1975 10 5404.0
1975 11 1236.0
1975 12 1178.0
1976 1 507.0
1976 2 1551.0
1976 3 3162.0
1976 4 3222.0
1976 5 1741.0
1976 6 1292.0
1976 7 765.0
1976 8 7450.0
1976 9 3405.0
1976 10 5690.0
1976 11 1913.0
1976 12 17846.0
1977 1 18041.0
1977 2 3960.0
1977 3 2398.0
1977 4 4153.0
1977 5 11269.0
1977 6 3015.0
1977 7 13544.0
1977 8 16138.0
1977 9 16281.0
1977 10 2891.0
1977 11 6419.0
1977 12 5048.0
1978 1 9503.0
1978 2 7145.0
1978 3 7868.0
1978 4 13023.0
1978 5 6935.0
1978 6 16001.0
1978 7 4282.0
1978 8 15850.0
1978 9 22855.0
1978 10 25072.0
1978 11 4610.0
1978 12 5332.0
1979 1 3613.0
1979 2 5107.0
1979 3 5604.0
1979 4 13285.0
1979 5 8836.0
1979 6 17891.0
1979 7 12969.0
1979 8 15752.0
1979 9 11690.0
1979 10 10766.0
1979 11 13497.0
1979 12 7613.0
1980 1 8964.0
1980 2 8017.0
1980 3 7292.0
1980 4 14343.0
1980 5 4965.0
1980 6 8710.0
1980 7 9079.0
1980 8 9029.0
1980 9 65358.0
1980 10 6918.0
1980 11 5353.0
1980 12 17783.0
1981 1 2074.0
1981 2 2327.0
1981 3 7140.0
1981 4 9215.0
1981 5 6333.0
1981 6 7464.0
1981 7 14284.0
1981 8 4487.0
1981 9 10686.0
1981 10 5917.0
1981 11 9198.0
1981 12 8311.0
1982 1 7512.0
1982 2 7341.0
1982 3 20636.0
1982 4 9748.0
1982 5 9371.0
1982 6 18165.0
1982 7 7227.0
1982 8 4212.0
1982 9 25003.0
1982 10 24618.0
1982 11 17600.5
1982 12 10583.0
1983 1 13385.0
1983 2 9125.0
1983 3 15772.0
1983 4 22381.0
1983 5 27197.0
1983 6 27706.0
1983 7 89014.0
1983 8 49165.0
1983 9 37001.0
1983 10 44401.0
1983 11 32355.0
1983 12 30356.0
1984 1 47982.0
1984 2 36380.0
1984 3 38935.0
1984 4 43423.0
1984 5 74867.0
1984 6 69917.0
1984 7 56375.0
1984 8 37973.0
1984 9 45343.0
1984 10 72332.0
1984 11 52016.0
1984 12 48429.0
1985 1 32963.0
1985 2 10758.0
1985 3 61941.0
1985 4 52853.0
1985 5 59962.0
1985 6 50915.0
1985 7 39974.0
1985 8 49587.0
1985 9 44806.0
1985 10 55008.0
1985 11 36395.0
1985 12 56724.0
1986 1 39152.0
1986 2 12906.0
1986 3 35188.0
1986 4 50129.0
1986 5 18928.0
1986 6 45217.0
1986 7 38931.0
1986 8 29414.0
1986 9 23859.0
1986 10 47095.0
1986 11 30721.0
1986 12 25165.0
1987 1 33444.0
1987 2 15922.0
1987 3 21923.0
1987 4 39315.0
1987 5 19948.0
1987 6 26766.0
1987 7 8343.0
1987 8 3578.0
1987 9 28617.0
1987 10 14896.0
1987 11 18237.0
1987 12 26806.0
1988 1 2912.0
1988 2 25504.0
1988 3 6681.0
1988 4 20289.0
1988 5 29990.0
1988 6 12363.0
1988 7 22261.0
1988 8 17046.0
1988 9 20247.0
1988 10 6025.0
1988 11 16737.0
1988 12 16734.0
1989 1 31412.0
1989 2 9449.0
1989 3 10069.0
1989 4 28638.0
1989 5 22113.0
1989 6 8692.0
1989 7 8986.0
1989 8 12865.0
1989 9 5179.0
1989 10 6116.0
1989 11 10404.0
1989 12 11556.0
1990 1 30694.0
1990 2 3432.0
1990 3 23064.0
1990 4 8362.0
1990 5 5051.0
1990 6 4294.0
1990 7 14662.0
1990 8 13798.0
1990 9 3506.0
1990 10 5574.0
1990 11 4522.0
1990 12 3752.0
1991 1 1416.0
1991 2 4284.0
1991 3 5413.0
1991 4 1914.0
1991 5 5302.0
1991 6 5348.0
1991 7 8310.0
1991 8 4654.0
1991 9 12360.0
1991 10 7620.0
1991 11 13898.0
1991 12 5529.0
1992 1 2267.0
1992 2 5151.0
1992 3 7418.0
1992 4 3795.0
1992 5 9856.0
1992 6 7649.0
1992 7 3692.0
1992 8 8450.0
1992 9 7125.0
1992 10 4482.0
1992 11 2149.0
1992 12 5035.0
1993 1 2777.0
1993 2 7543.0
1993 3 5109.0
1993 4 9477.0
1993 5 5620.0
1993 6 6623.0
1993 7 2095.0
1993 8 15465.0
1993 9 7769.0
1993 10 6538.0
1993 11 4543.0
1993 12 16969.0
1994 1 8456.0
1994 2 29119.0
1994 3 17516.0
1994 4 34600.0
1994 5 11306.0
1994 6 11606.0
1994 7 10723.0
1994 8 20058.0
1994 9 15545.0
1994 10 10509.0
1994 11 13814.0
1994 12 14950.0
1995 1 23877.0
1995 2 30001.0
1995 3 20363.0
1995 4 12618.0
1995 5 16941.0
1995 6 18571.0
1995 7 22110.0
1995 8 27610.0
1995 9 19452.0
1995 10 37673.0
1995 11 14950.0
1995 12 21489.0
1996 1 27480.0
1996 2 20967.0
1996 3 14262.0
1996 4 24493.0
1996 5 77170.0
1996 6 41360.0
1996 7 51587.0
1996 8 20654.0
1996 9 127061.0
1996 10 45500.0
1996 11 96939.0
1996 12 34555.0
1997 1 24692.0
1997 2 25284.0
1997 3 35069.0
1997 4 34124.0
1997 5 28660.0
1997 6 39585.0
1997 7 29309.0
1997 8 45590.0
1997 9 58884.0
1997 10 63493.0
1997 11 24944.0
1997 12 32603.0
1998 1 25165.0
1998 2 46788.0
1998 3 29466.0
1998 4 22868.0
1998 5 24921.0
1998 6 22407.0
1998 7 33569.0
1998 8 36741.0
1998 9 37845.0
1998 10 22966.0
1998 11 36116.0
1998 12 18045.0
1999 1 19979.0
1999 2 21955.0
1999 3 14309.0
1999 4 39199.0
1999 5 8610.0
1999 6 33312.0
1999 7 24247.0
1999 8 10921.0
1999 9 11733.0
1999 10 52047.0
1999 11 18817.0
1999 12 41263.0
2000 1 47687.0
2000 2 26535.0
2000 3 42056.0
2000 4 27723.0
2000 5 24255.0
2000 6 14247.0
2000 7 50249.0
2000 8 15152.0
2000 9 32525.0
2000 10 45406.0
2000 11 40521.0
2000 12 24481.0
2001 1 35801.0
2001 2 39023.0
2001 3 24132.0
2001 4 19524.0
2001 5 29963.0
2001 6 49928.0
2001 7 8721.0
2001 8 32251.0
2001 9 25160.0
2001 10 9593.0
2001 11 11534.0
2001 12 9159.0
2002 1 22982.0
2002 2 22744.0
2002 3 13326.0
2002 4 31226.0
2002 5 27800.0
2002 6 10404.0
2002 7 11119.0
2002 8 15035.0
2002 9 85622.0
2002 10 19411.0
2002 11 23068.0
2002 12 27869.0
2003 1 15672.0
2003 2 6916.0
2003 3 18456.0
2003 4 12522.0
2003 5 22443.0
2003 6 24401.0
2003 7 16987.0
2003 8 22522.0
2003 9 16635.0
2003 10 38168.0
2003 11 10650.0
2003 12 59464.0
2004 1 26887.0
2004 2 18893.0
2004 3 86767.0
2004 4 34155.0
2004 5 24598.0
2004 6 41017.0
2004 7 32898.0
2004 8 33644.0
2004 9 32463.0
2004 10 30753.0
2004 11 20847.0
2004 12 46689.0
2005 1 30450.0
2005 2 22350.0
2005 3 16162.0
2005 4 44577.0
2005 5 20521.0
2005 6 51573.0
2005 7 27756.0
2005 8 64605.0
2005 9 31348.0
2005 10 24423.0
2005 11 23652.0
2005 12 38498.0
2006 1 30933.0
2006 2 75993.0
2006 3 76594.0
2006 4 22822.0
2006 5 30568.0
2006 6 42930.0
2006 7 15677.0
2006 8 104381.0
2006 9 52746.0
2006 10 12436.0
2006 11 15479.0
2006 12 29399.0
2007 1 62379.0
2007 2 20896.0
2007 3 26323.0
2007 4 25444.0
2007 5 67832.0
2007 6 19563.0
2007 7 30889.0
2007 8 54107.0
2007 9 71722.0
2007 10 4844.0
2007 11 131496.0
2007 12 34692.0
2008 1 23536.0
2008 2 13441.0
2008 3 66745.0
2008 4 14131.0
2008 5 9813.0
2008 6 17399.0
2008 7 42338.0
2008 8 33433.0
2008 9 44067.0
2008 10 12329.0
2008 11 21311.0
2008 12 48266.0
2009 1 23701.0
2009 2 4427.0
2009 3 15456.0
2009 4 4843.0
2009 5 13254.0
2009 6 32463.0
2009 7 7359.0
2009 8 3342.0
2009 9 19916.0
2009 10 13796.0
2009 11 5588.0
2009 12 6540.0
2010 1 13454.0
2010 2 50546.0
2010 3 31415.0
2010 4 15358.0
2010 5 12988.0
2010 6 27767.0
2010 7 4247.0
2010 8 60967.0
2010 9 34302.0
2010 10 7371.0
2010 11 5424.0
2010 12 13431.0
2011 1 3921.0
2011 2 7910.0
2011 3 30897.0
2011 4 8879.0
2011 5 9948.0
2011 6 22259.0
2011 7 9578.0
2011 8 6730.0
2011 9 78548.0
2011 10 9197.0
2011 11 61107.0
2011 12 30619.0
2012 1 26960.0
2012 2 10321.0
2012 3 62549.0
2012 4 16276.0
2012 5 38058.0
2012 6 44139.0
2012 7 6146.0
2012 8 90672.0
2012 9 26014.0
2012 10 32762.0
2012 11 49528.0
2012 12 73140.0
2013 1 22970.0
2013 2 32076.0
2013 3 15021.0
2013 4 40529.0
2013 5 41840.0
2013 6 51426.0
2013 7 70611.0
2013 8 34904.0
2013 9 43411.0
2013 10 54229.0
2013 11 37530.0
2013 12 31243.0
2014 1 106081.0
2014 2 63939.0
2014 3 45278.0
2014 4 61748.0
2014 5 58541.0
2014 6 32736.0
2014 7 17759.0
2014 8 4687.0
2014 9 21038.0
2014 10 169048.0
2014 11 79934.0
2014 12 71104.0
2015 1 50561.0
2015 2 32428.0
2015 3 100625.0
2015 4 80498.0
2015 5 114423.0
2015 6 47174.0
2015 7 51427.0
2015 8 50752.0
2015 9 26686.0
2015 10 124826.0
2015 11 144379.0
2015 12 72662.0
2016 1 70050.0
2016 2 58258.0
2016 3 136088.0
2016 4 110754.0
2016 5 23354.0
2016 6 50898.0
2016 7 105676.0
2016 8 60556.0
2016 9 50018.0
2016 10 62932.0
2016 11 32612.0
2016 12 135629.0
2017 1 17621.0
2017 2 40787.0
2017 3 103014.0
2017 4 36455.0
2017 5 88571.0
2017 6 91631.0
2017 7 70299.0
2017 8 92999.0
2017 9 133199.0
2017 10 127102.0
2017 11 35904.0
2017 12 63442.0
2018 1 65265.0
2018 2 12682.0
2018 3 43314.0
2018 4 86027.0
2018 5 76373.0
2018 6 129660.0
2018 7 72165.0
2018 8 78070.0
2018 9 124304.0
2018 10 104117.0
2018 11 68784.0
2018 12 44273.0
2019 1 78806.0
2019 2 63087.0
2019 3 118068.0
2019 4 64724.0
2019 5 97786.0
2019 6 53909.0
2019 7 139999.0
2019 8 111884.0
2019 9 36987.0
2019 10 204609.0
2019 11 108283.0
2019 12 125232.0
2020 1 93791.0
2020 2 112577.0
2020 3 38718.0
2020 4 71394.0
2020 5 103425.0
2020 6 129229.0
2020 7 142275.0
2020 8 231342.0
2020 9 109409.0
2020 10 125502.0
2020 11 205905.0
2020 12 76632.0
2021 1 91691.0
2021 2 64814.0
2021 3 146032.0
2021 4 200493.0
2021 5 197690.0
2021 6 128841.0
2021 7 128106.0
2021 8 208651.0
2021 9 96350.0
2021 10 164335.0
2021 11 260297.0
2021 12 240524.0
2022 1 147035.0
2022 2 113064.0
2022 3 62301.0
2022 4 113689.0
2022 5 71687.0
2022 6 76409.0
2022 7 86692.0
2022 8 30786.0
2022 9 109033.0
2022 10 43927.0
2022 11 30145.0
2022 12 80631.0
2023 1 93214.0
2023 2 340252.0
2023 3 75745.0
2023 4 367699.0
2023 5 107486.0
2023 6 72046.0
2023 7 194280.0
2023 8 425961.0
2023 9 40785.0
2023 10 152773.0
2023 11 167686.0
2023 12 112996.0
2024 1 99832.0
2024 2 123132.0
2024 3 60077.0
2024 4 139868.0
2024 5 202617.0
2024 6 45349.0
2024 7 88269.0
2024 8 165438.0
