1960 5 2155.0
1960 6 2328.0
1960 7 2206.0
1960 8 3403.0
1960 9 3066.0
1960 10 3376.0
1960 11 2683.0
1960 12 3326.0
1961 1 4207.0
1961 2 2976.0
1961 3 6944.0
1961 4 5621.0
1961 5 6694.0
1961 6 5316.0
1961 7 10816.0
1961 8 5851.0
1961 9 5880.0
1961 10 11770.0
1961 11 6669.0
1961 12 4209.0
1962 1 8189.0
1962 2 6559.0
1962 3 12956.0
1962 4 13280.0
1962 5 5460.0
1962 6 19057.0
1962 7 16728.0
1962 8 20096.0
1962 9 17550.0
1962 10 16078.0
1962 11 21413.0
1962 12 14118.0
1963 1 18297.0
1963 2 16168.0
1963 3 20129.0
1963 4 15349.0
1963 5 25691.0
1963 6 15919.0
1963 7 28264.0
1963 8 28122.0
1963 9 12094.0
1963 10 15173.0
1963 11 14134.0
1963 12 15306.0
1964 1 21186.0
1964 2 16696.0
1964 3 24980.0
1964 4 13823.0
1964 5 15552.0
1964 6 16317.0
1964 7 19383.0
1964 8 16814.0
1964 9 16423.0
1964 10 11301.0
1964 11 14366.0
1964 12 9676.0
1965 1 6825.0
1965 2 6690.0
1965 3 12042.0
1965 4 7599.0
1965 5 12688.0
1965 6 13434.0
1965 7 11183.0
1965 8 5398.0
1965 9 8454.0
1965 10 8272.0
1965 11 12115.0
1965 12 17184.0
1966 1 11558.0
1966 2 13106.0
1966 3 12669.0
1966 4 12048.0
1966 5 16287.0
1966 6 9646.0
1966 7 13831.0
1966 8 11865.0
1966 9 3152.0
1966 10 9269.0
1966 11 5013.0
1966 12 6389.0
1967 1 8534.0
1967 2 10830.0
1967 3 18281.0
1967 4 9752.0
1967 5 18751.0
1967 6 20497.0
1967 7 11443.0
1967 8 22015.0
1967 9 19644.0
1967 10 18618.0
1967 11 27118.0
1967 12 23956.0
1968 1 22164.0
1968 2 42212.0
1968 3 27441.0
1968 4 26418.0
1968 5 28290.0
1968 6 39482.0
1968 7 34037.0
1968 8 29525.0
1968 9 40101.0
1968 10 35251.0
1968 11 35095.0
1968 12 38721.0
1969 1 40830.0
1969 2 40134.0
1969 3 34995.0
1969 4 60449.0
1969 5 39975.0
1969 6 32111.0
1969 7 35959.0
1969 8 28167.0
1969 9 26519.0
1969 10 20794.0
1969 11 31369.0
1969 12 14171.0
1970 1 30020.0
1970 2 24842.0
1970 3 31528.0
1970 4 32874.0
1970 5 37491.0
1970 6 48949.0
1970 7 27923.0
1970 8 26036.0
1970 9 36177.0
1970 10 28531.0
1970 11 42755.0
1970 12 52431.0
1971 1 27238.0
1971 2 47927.0
1971 3 56075.0
1971 4 42312.0
1971 5 47973.0
1971 6 40111.0
1971 7 34288.0
1971 8 44216.0
1971 9 36866.0
1971 10 45942.0
1971 11 44083.0
1971 12 46534.0
1972 1 31433.0
1972 2 57422.0
1972 3 48094.0
1972 4 35375.0
1972 5 52209.0
1972 6 50188.0
1972 7 31006.0
1972 8 47581.0
1972 9 35230.0
1972 10 42130.0
1972 11 55563.0
1972 12 64753.0
1973 1 69582.0
1973 2 42259.0
1973 3 60611.0
1973 4 50091.0
1973 5 42819.0
1973 6 34803.0
1973 7 31112.0
1973 8 49249.0
1973 9 30991.0
1973 10 33920.0
1973 11 43352.0
1973 12 26963.0
1974 1 45652.0
1974 2 33866.0
1974 3 43845.0
1974 4 55152.0
1974 5 27889.0
1974 6 18864.0
1974 7 13261.0
1974 8 22154.0
1974 9 3470.0
1974 10 8662.0
1974 11 14974.0
1974 12 13045.0
1975 1 12724.0
1975 2 8118.0
1975 3 11165.0
1975 4 18879.0
1975 5 8902.0
1975 6 10403.0
1975 7 19435.0
1975 8 15960.0
1975 9 20698.0
1975 10 22679.0
1975 11 11564.0
1975 12 26291.0
1976 1 28185.0
1976 2 19873.0
1976 3 23872.0
1976 4 34554.0
1976 5 37924.0
1976 6 33344.0
1976 7 28700.0
1976 8 35931.0
1976 9 51447.0
1976 10 45314.0
1976 11 36406.0
1976 12 52985.0
1977 1 30056.0
1977 2 38068.0
1977 3 60353.0
1977 4 13942.0
1977 5 66346.0
1977 6 4265.0
1977 7 35476.0
1977 8 101065.0
1977 9 84940.0
1977 10 51348.0
1977 11 63477.0
1977 12 87778.0
1978 1 67818.0
1978 2 44456.0
1978 3 79348.0
1978 4 89546.0
1978 5 95061.0
1978 6 75854.0
1978 7 58990.0
1978 8 50264.0
1978 9 67389.0
1978 10 80355.0
1978 11 62066.0
1978 12 65825.0
1979 1 67720.0
1979 2 96944.0
1979 3 87212.0
1979 4 59348.0
1979 5 101830.0
1979 6 131067.0
1979 7 83738.0
1979 8 116539.0
1979 9 75672.0
1979 10 130717.0
1979 11 112349.0
1979 12 82008.0
1980 1 87159.0
1980 2 61929.0
1980 3 132976.0
1980 4 48410.0
1980 5 49793.0
1980 6 81690.0
1980 7 56812.0
1980 8 84447.0
1980 9 171799.0
1980 10 80916.0
1980 11 79719.0
1980 12 158408.0
1981 1 101445.0
1981 2 65499.0
1981 3 81255.0
1981 4 115621.0
1981 5 96317.0
1981 6 127074.0
1981 7 83724.0
1981 8 88791.0
1981 9 123933.0
1981 10 129020.0
1981 11 97508.0
1981 12 184942.0
1982 1 126096.0
1982 2 139776.0
1982 3 169390.0
1982 4 218892.0
1982 5 158341.0
1982 6 189309.0
1982 7 205553.0
1982 8 188143.0
1982 9 212034.0
1982 10 178731.0
1982 11 238980.5
1982 12 299230.0
1983 1 196375.0
1983 2 264285.0
1983 3 341652.0
1983 4 264281.0
1983 5 242809.0
1983 6 351801.0
1983 7 330128.0
1983 8 260582.0
1983 9 244921.0
1983 10 317564.0
1983 11 297081.0
1983 12 262236.0
1984 1 277091.0
1984 2 223348.0
1984 3 155057.0
1984 4 277913.0
1984 5 217558.0
1984 6 230977.0
1984 7 195010.0
1984 8 141041.0
1984 9 104513.0
1984 10 145698.0
1984 11 80214.0
1984 12 188402.0
1985 1 80878.0
1985 2 163040.0
1985 3 131360.0
1985 4 142431.0
1985 5 160844.0
1985 6 145567.0
1985 7 143007.0
1985 8 186167.0
1985 9 72505.0
1985 10 105693.0
1985 11 100951.0
1985 12 155548.0
1986 1 102948.0
1986 2 125988.0
1986 3 95767.0
1986 4 85055.0
1986 5 47559.0
1986 6 48948.0
1986 7 17590.0
1986 8 41120.0
1986 9 29335.0
1986 10 29415.0
1986 11 25902.0
1986 12 98453.0
1987 1 20642.0
1987 2 1148.0
1987 3 11760.0
1987 4 4251.0
1987 5 7291.0
1987 6 34731.0
1987 7 1944.0
1987 8 4879.0
1987 9 8860.0
1987 10 13470.0
1987 11 4993.0
1987 12 459.0
1988 1 3034.0
1988 2 16324.0
1988 3 19314.0
1988 4 9665.0
1988 5 5835.0
1988 6 13958.0
1988 7 12166.0
1988 8 7525.0
1988 9 5007.0
1988 10 6585.0
1988 11 7778.0
1988 12 187.0
1989 1 712.0
1989 2 1647.0
1989 3 19060.0
1989 4 2789.0
1989 5 9861.0
1989 6 722.0
1989 7 361.0
1989 8 14327.0
1989 9 4370.0
1989 10 7883.0
1989 11 12080.0
1989 12 29535.0
1990 1 55206.0
1990 2 10734.0
1990 3 816.0
1990 4 19601.0
1990 5 720.0
1990 6 30483.0
1990 7 31312.0
1990 8 16930.0
1990 9 8215.0
1990 10 6771.0
1990 11 12923.0
1990 12 3229.0
1991 1 17368.0
1991 2 12044.0
1991 3 10365.0
1991 4 12504.0
1991 5 29818.0
1991 6 28687.0
1991 7 22092.0
1991 8 23287.0
1991 9 43891.0
1991 10 39466.0
1991 11 21814.0
1991 12 13606.0
1992 1 1706.0
1992 2 15186.0
1992 3 17256.0
1992 4 47540.0
1992 5 7985.0
1992 6 34752.0
1992 7 20339.0
1992 8 23035.0
1992 9 8939.0
1992 10 19866.0
1992 11 10045.0
1992 12 15069.0
1993 1 38479.0
1993 2 11692.0
1993 3 34842.0
1993 4 42473.0
1993 5 32350.0
1993 6 25451.0
1993 7 25098.0
1993 8 45577.0
1993 9 41210.0
1993 10 34589.0
1993 11 12794.0
1993 12 124090.0
1994 1 55818.0
1994 2 17671.0
1994 3 108952.0
1994 4 133178.0
1994 5 43146.0
1994 6 62488.0
1994 7 51747.0
1994 8 83883.0
1994 9 207782.0
1994 10 67294.0
1994 11 76824.0
1994 12 92781.0
1995 1 93605.0
1995 2 133630.0
1995 3 60887.0
1995 4 67204.0
1995 5 116179.0
1995 6 92558.0
1995 7 98291.0
1995 8 60876.0
1995 9 157970.0
1995 10 117303.0
1995 11 76951.0
1995 12 77100.0
1996 1 77448.0
1996 2 55208.0
1996 3 33606.0
1996 4 64229.0
1996 5 133771.0
1996 6 109746.0
1996 7 128450.0
1996 8 59669.0
1996 9 178135.0
1996 10 79677.0
1996 11 231194.0
1996 12 235802.0
1997 1 100897.0
1997 2 109099.0
1997 3 133328.0
1997 4 145548.0
1997 5 98841.0
1997 6 125552.0
1997 7 111694.0
1997 8 133600.0
1997 9 268332.0
1997 10 140910.0
1997 11 126815.0
1997 12 145593.0
1998 1 60864.0
1998 2 111040.0
1998 3 240741.0
1998 4 172536.0
1998 5 217218.0
1998 6 202590.0
1998 7 202117.0
1998 8 164404.0
1998 9 272215.0
1998 10 261158.0
1998 11 102154.0
1998 12 177623.0
1999 1 186074.0
1999 2 203755.0
1999 3 114397.0
1999 4 128527.0
1999 5 137956.0
1999 6 109631.0
1999 7 201239.0
1999 8 148633.0
1999 9 142281.0
1999 10 183310.0
1999 11 141990.0
1999 12 175568.0
2000 1 78198.0
2000 2 81886.0
2000 3 48589.0
2000 4 87680.0
2000 5 97006.0
2000 6 159991.0
2000 7 87376.0
2000 8 57025.0
2000 9 146217.0
2000 10 126977.0
2000 11 243492.0
2000 12 83573.0
2001 1 141061.0
2001 2 89450.0
2001 3 103857.0
2001 4 118657.0
2001 5 159380.0
2001 6 41629.0
2001 7 118072.0
2001 8 61237.0
2001 9 119432.0
2001 10 129667.0
2001 11 200026.0
2001 12 226443.0
2002 1 99090.0
2002 2 116132.0
2002 3 175331.0
2002 4 79402.0
2002 5 132091.0
2002 6 135841.0
2002 7 77479.0
2002 8 167610.0
2002 9 91982.0
2002 10 130230.0
2002 11 149950.0
2002 12 280046.0
2003 1 119140.0
2003 2 224167.0
2003 3 117633.0
2003 4 135272.0
2003 5 204809.0
2003 6 235035.0
2003 7 76284.0
2003 8 138559.0
2003 9 188734.0
2003 10 173416.0
2003 11 131989.0
2003 12 165788.0
2004 1 128815.0
2004 2 74282.0
2004 3 105842.0
2004 4 129119.0
2004 5 268823.0
2004 6 124116.0
2004 7 128060.0
2004 8 129103.0
2004 9 163908.0
2004 10 142575.0
2004 11 119197.0
2004 12 115218.0
2005 1 247924.0
2005 2 179581.0
2005 3 220972.0
2005 4 203814.0
2005 5 184130.0
2005 6 163832.0
2005 7 252288.0
2005 8 324507.0
2005 9 198135.0
2005 10 168053.0
2005 11 115953.0
2005 12 234345.0
2006 1 315254.0
2006 2 188221.0
2006 3 325673.0
2006 4 323596.0
2006 5 235646.0
2006 6 434841.0
2006 7 338639.0
2006 8 230227.0
2006 9 260883.0
2006 10 267455.0
2006 11 340307.0
2006 12 350955.0
2007 1 319286.0
2007 2 330391.0
2007 3 264756.0
2007 4 185138.0
2007 5 419300.0
2007 6 450427.0
2007 7 530760.0
2007 8 382509.0
2007 9 258770.0
2007 10 365165.0
2007 11 419359.0
2007 12 436156.0
2008 1 382332.0
2008 2 313902.0
2008 3 467406.0
2008 4 272192.0
2008 5 285088.0
2008 6 170644.0
2008 7 328788.0
2008 8 378709.0
2008 9 253650.0
2008 10 279464.0
2008 11 140610.0
2008 12 172470.0
2009 1 157789.0
2009 2 122012.0
2009 3 107288.0
2009 4 101298.0
2009 5 77789.0
2009 6 50337.0
2009 7 30634.0
2009 8 78485.0
2009 9 119202.0
2009 10 5773.0
2009 11 55349.0
2009 12 68768.0
2010 1 49474.0
2010 2 24805.0
2010 3 98698.0
2010 4 95399.0
2010 5 143672.0
2010 6 257175.0
2010 7 95786.0
2010 8 155144.0
2010 9 134650.0
2010 10 66607.0
2010 11 100441.0
2010 12 59806.0
2011 1 59947.0
2011 2 118227.0
2011 3 118859.0
2011 4 156081.0
2011 5 83635.0
2011 6 241661.0
2011 7 215109.0
2011 8 266254.0
2011 9 149380.0
2011 10 206665.0
2011 11 67279.0
2011 12 243559.0
2012 1 229871.0
2012 2 170965.0
2012 3 284229.0
2012 4 200790.0
2012 5 370952.0
2012 6 267773.0
2012 7 337697.0
2012 8 407150.0
2012 9 220589.0
2012 10 367374.0
2012 11 284755.0
2012 12 410995.0
2013 1 260907.0
2013 2 452542.0
2013 3 255936.0
2013 4 304698.0
2013 5 268133.0
2013 6 233413.0
2013 7 323539.0
2013 8 177003.0
2013 9 499775.0
2013 10 575443.0
2013 11 282199.0
2013 12 503000.0
2014 1 376498.0
2014 2 351258.0
2014 3 249459.0
2014 4 636717.0
2014 5 850024.0
2014 6 301450.0
2014 7 381662.0
2014 8 543163.0
2014 9 484635.0
2014 10 358736.0
2014 11 285641.0
2014 12 593121.0
2015 1 211945.0
2015 2 520709.0
2015 3 342542.0
2015 4 521533.0
2015 5 231342.0
2015 6 553043.0
2015 7 567067.0
2015 8 574665.0
2015 9 356161.0
2015 10 472353.0
2015 11 559056.0
2015 12 550203.0
2016 1 424873.0
2016 2 323329.0
2016 3 405586.0
2016 4 214932.0
2016 5 481195.0
2016 6 494330.0
2016 7 515830.0
2016 8 434733.0
2016 9 518412.0
2016 10 314964.0
2016 11 434899.0
2016 12 392292.0
2017 1 497804.0
2017 2 368495.0
2017 3 393227.0
2017 4 377293.0
2017 5 437371.0
2017 6 479154.0
2017 7 194460.0
2017 8 1076800.0
2017 9 281283.0
2017 10 502544.0
2017 11 553450.0
2017 12 270885.0
2018 1 532544.0
2018 2 207163.0
2018 3 454167.0
2018 4 957352.0
2018 5 450472.0
2018 6 654819.0
2018 7 515102.0
2018 8 418483.0
2018 9 456924.0
2018 10 323421.0
2018 11 552417.0
2018 12 718383.0
2019 1 501893.0
2019 2 486612.0
2019 3 391865.0
2019 4 454970.0
2019 5 812301.0
2019 6 491068.0
2019 7 688833.0
2019 8 712503.0
2019 9 804984.0
2019 10 933592.0
2019 11 727720.0
2019 12 542621.0
2020 1 574294.0
2020 2 538924.0
2020 3 687892.0
2020 4 671834.0
2020 5 674750.0
2020 6 648449.0
2020 7 603187.0
2020 8 305184.0
2020 9 665033.0
2020 10 439499.0
2020 11 757565.0
2020 12 749771.0
2021 1 709866.0
2021 2 582492.0
2021 3 779982.0
2021 4 771995.0
2021 5 594544.0
2021 6 839158.0
2021 7 918778.0
2021 8 784359.0
2021 9 482737.0
2021 10 725913.0
2021 11 569907.0
2021 12 678426.0
2022 1 992062.0
2022 2 535335.0
2022 3 910915.0
2022 4 1027366.0
2022 5 676795.0
2022 6 1093784.0
2022 7 1609068.0
2022 8 945135.0
2022 9 1069782.0
2022 10 1181617.0
2022 11 1306485.0
2022 12 750201.0
2023 1 1004064.0
2023 2 830582.0
2023 3 585114.0
2023 4 596182.0
2023 5 986050.0
2023 6 740080.0
2023 7 812393.0
2023 8 811014.0
2023 9 634018.0
2023 10 953778.0
2023 11 372794.0
2023 12 478946.0
2024 1 581695.0
2024 2 399593.0
2024 3 503489.0
2024 4 701344.0
2024 5 460750.0
2024 6 647324.0
2024 7 746599.0
2024 8 646367.0
