1960 5 754.0
1960 6 937.0
1960 7 444.0
1960 8 700.0
1960 9 247.0
1960 10 357.0
1960 11 510.0
1960 12 474.0
1961 1 914.0
1961 2 861.0
1961 3 472.0
1961 4 756.0
1961 5 614.0
1961 6 457.0
1961 7 524.0
1961 8 917.0
1961 9 518.0
1961 10 792.0
1961 11 713.0
1961 12 515.0
1962 1 849.0
1962 2 806.0
1962 3 1006.0
1962 4 698.0
1962 5 1608.0
1962 6 1043.0
1962 7 823.0
1962 8 1367.0
1962 9 924.0
1962 10 677.0
1962 11 571.0
1962 12 806.0
1963 1 2427.0
1963 2 2156.0
1963 3 1808.0
1963 4 1445.0
1963 5 1046.0
1963 6 1072.0
1963 7 1378.0
1963 8 1006.0
1963 9 1731.0
1963 10 1759.0
1963 11 1623.0
1963 12 1652.0
1964 1 844.0
1964 2 2157.0
1964 3 1782.0
1964 4 2015.0
1964 5 912.0
1964 6 1634.0
1964 7 1559.0
1964 8 1140.0
1964 9 1747.0
1964 10 1252.0
1964 11 1089.0
1964 12 957.0
1965 1 1571.0
1965 2 1027.0
1965 3 1883.0
1965 4 1670.0
1965 5 1753.0
1965 6 1559.0
1965 7 1399.0
1965 8 1962.0
1965 9 2663.0
1965 10 1713.0
1965 11 1748.0
1965 12 994.0
1966 1 1433.0
1966 2 1312.0
1966 3 2014.0
1966 4 1431.0
1966 5 2045.0
1966 6 1204.0
1966 7 522.0
1966 8 1104.0
1966 9 559.0
1966 10 871.0
1966 11 768.0
1966 12 602.0
1967 1 1504.0
1967 2 1284.0
1967 3 1943.0
1967 4 2201.0
1967 5 1772.0
1967 6 2515.0
1967 7 1891.0
1967 8 2573.0
1967 9 1667.0
1967 10 4170.0
1967 11 3549.0
1967 12 3386.0
1968 1 1886.0
1968 2 3826.0
1968 3 2422.0
1968 4 2802.0
1968 5 2680.0
1968 6 3821.0
1968 7 3608.0
1968 8 1837.0
1968 9 2204.0
1968 10 2799.0
1968 11 2956.0
1968 12 2268.0
1969 1 3583.0
1969 2 3580.0
1969 3 3815.0
1969 4 2239.0
1969 5 2116.0
1969 6 3285.0
1969 7 4124.0
1969 8 3731.0
1969 9 1603.0
1969 10 1896.0
1969 11 1781.0
1969 12 951.0
1970 1 1286.0
1970 2 1640.0
1970 3 1065.0
1970 4 1759.0
1970 5 4837.0
1970 6 2154.0
1970 7 4543.0
1970 8 2488.0
1970 9 8538.0
1970 10 3743.0
1970 11 3947.0
1970 12 3582.0
1971 1 5660.0
1971 2 7344.0
1971 3 4505.0
1971 4 4187.0
1971 5 3899.0
1971 6 5056.0
1971 7 3198.0
1971 8 6989.0
1971 9 5160.0
1971 10 3463.0
1971 11 3824.0
1971 12 7983.0
1972 1 5594.0
1972 2 5465.0
1972 3 6032.0
1972 4 3795.0
1972 5 6165.0
1972 6 5903.0
1972 7 6815.0
1972 8 4605.0
1972 9 4511.0
1972 10 7853.0
1972 11 4732.0
1972 12 7077.0
1973 1 4992.0
1973 2 3992.0
1973 3 4615.0
1973 4 4808.0
1973 5 4024.0
1973 6 2616.0
1973 7 3629.0
1973 8 1533.0
1973 9 5078.0
1973 10 1436.0
1973 11 1004.0
1973 12 3776.0
1974 1 2397.0
1974 2 2026.0
1974 3 4993.0
1974 4 2874.0
1974 5 5736.0
1974 6 2844.0
1974 7 2106.0
1974 8 1220.0
1974 9 630.0
1974 10 4380.0
1974 11 3398.0
1974 12 650.0
1975 1 1550.0
1975 2 1894.0
1975 3 1603.0
1975 4 2732.0
1975 5 2710.0
1975 6 4861.0
1975 7 3254.0
1975 8 4159.0
1975 9 2191.0
1975 10 5640.0
1975 11 4522.0
1975 12 3675.0
1976 1 4566.0
1976 2 4946.0
1976 3 5427.0
1976 4 6458.0
1976 5 8027.0
1976 6 4804.0
1976 7 5354.0
1976 8 4674.0
1976 9 7716.0
1976 10 8463.0
1976 11 5672.0
1976 12 7439.0
1977 1 6649.0
1977 2 6563.0
1977 3 10793.0
1977 4 651.0
1977 5 13004.0
1977 6 2189.0
1977 7 14395.0
1977 8 12671.0
1977 9 12833.0
1977 10 11461.0
1977 11 11767.0
1977 12 10969.0
1978 1 7847.0
1978 2 7743.0
1978 3 14795.0
1978 4 11708.0
1978 5 12676.0
1978 6 13568.0
1978 7 9370.0
1978 8 9491.0
1978 9 11585.0
1978 10 11095.0
1978 11 12350.0
1978 12 6679.0
1979 1 8467.0
1979 2 4747.0
1979 3 7444.0
1979 4 11645.0
1979 5 11752.0
1979 6 14996.0
1979 7 8556.0
1979 8 15245.0
1979 9 15589.0
1979 10 19553.0
1979 11 12194.0
1979 12 7249.0
1980 1 14462.0
1980 2 13215.0
1980 3 15331.0
1980 4 7747.0
1980 5 11062.0
1980 6 13734.0
1980 7 17120.0
1980 8 20079.0
1980 9 31613.0
1980 10 27679.0
1980 11 19443.0
1980 12 20120.0
1981 1 30315.0
1981 2 21499.0
1981 3 27673.0
1981 4 26676.0
1981 5 22639.0
1981 6 23746.0
1981 7 28288.0
1981 8 31060.0
1981 9 30334.0
1981 10 29790.0
1981 11 17176.0
1981 12 16334.0
1982 1 21811.0
1982 2 23433.0
1982 3 57021.0
1982 4 30649.0
1982 5 34190.0
1982 6 31959.0
1982 7 35183.0
1982 8 31347.0
1982 9 30186.0
1982 10 24921.0
1982 11 34056.0
1982 12 43191.0
1983 1 30005.0
1983 2 33676.0
1983 3 59640.0
1983 4 49072.0
1983 5 40356.0
1983 6 45409.0
1983 7 36695.0
1983 8 44509.0
1983 9 42009.0
1983 10 40719.0
1983 11 35767.0
1983 12 32781.0
1984 1 34209.0
1984 2 33460.0
1984 3 51246.0
1984 4 63576.0
1984 5 46642.0
1984 6 53082.0
1984 7 32595.0
1984 8 40361.0
1984 9 27353.0
1984 10 30761.0
1984 11 51444.0
1984 12 21638.0
1985 1 24346.0
1985 2 23566.0
1985 3 24633.0
1985 4 32561.0
1985 5 38724.0
1985 6 34907.0
1985 7 29647.0
1985 8 33320.0
1985 9 26225.0
1985 10 18621.0
1985 11 16124.0
1985 12 12437.0
1986 1 18249.0
1986 2 19517.0
1986 3 16337.0
1986 4 13027.0
1986 5 10833.0
1986 6 8101.0
1986 7 12374.0
1986 8 6007.0
1986 9 8679.0
1986 10 10339.0
1986 11 4613.0
1986 12 5595.0
1987 1 4684.0
1987 2 4883.0
1987 3 7326.0
1987 4 4427.0
1987 5 5694.0
1987 6 1772.0
1987 7 1362.0
1987 8 2939.0
1987 9 2020.0
1987 10 1223.0
1987 11 695.0
1987 12 1271.0
1988 1 3410.0
1988 2 943.0
1988 3 1856.0
1988 4 1619.0
1988 5 1944.0
1988 6 2576.0
1988 7 1989.0
1988 8 2072.0
1988 9 7971.0
1988 10 1932.0
1988 11 2160.0
1988 12 2125.0
1989 1 732.0
1989 2 707.0
1989 3 12151.0
1989 4 608.0
1989 5 1023.0
1989 6 1522.0
1989 7 1756.0
1989 8 1730.0
1989 9 362.0
1989 10 1684.0
1989 11 1378.0
1989 12 595.0
1990 1 6010.0
1990 2 1026.0
1990 3 3297.0
1990 4 656.0
1990 5 2143.0
1990 6 749.0
1990 7 637.0
1990 8 1907.0
1990 9 2649.0
1990 10 2173.0
1990 11 288.0
1990 12 485.0
1991 1 167.0
1991 2 2203.0
1991 3 1847.0
1991 4 1793.0
1991 5 1412.0
1991 6 1672.0
1991 7 1705.0
1991 8 1584.0
1991 9 1506.0
1991 10 10928.0
1991 11 2140.0
1991 12 1988.0
1992 1 2265.0
1992 2 1806.0
1992 3 3892.0
1992 4 2680.0
1992 5 3594.0
1992 6 5378.0
1992 7 1976.0
1992 8 955.0
1992 9 1741.0
1992 10 10864.0
1992 11 462.0
1992 12 2904.0
1993 1 811.0
1993 2 2374.0
1993 3 3691.0
1993 4 4794.0
1993 5 3024.0
1993 6 1978.0
1993 7 5557.0
1993 8 3523.0
1993 9 5045.0
1993 10 5755.0
1993 11 5146.0
1993 12 5008.0
1994 1 5739.0
1994 2 13871.0
1994 3 4452.0
1994 4 7195.0
1994 5 7417.0
1994 6 5645.0
1994 7 3886.0
1994 8 3071.0
1994 9 1556.0
1994 10 3299.0
1994 11 4452.0
1994 12 13701.0
1995 1 5786.0
1995 2 3615.0
1995 3 5049.0
1995 4 6346.0
1995 5 5914.0
1995 6 6998.0
1995 7 8477.0
1995 8 10002.0
1995 9 14661.0
1995 10 13272.0
1995 11 7429.0
1995 12 6088.0
1996 1 6370.0
1996 2 15489.0
1996 3 7689.0
1996 4 12573.0
1996 5 15241.0
1996 6 6735.0
1996 7 9642.0
1996 8 12219.0
1996 9 6394.0
1996 10 20504.0
1996 11 10153.0
1996 12 4517.0
1997 1 4862.0
1997 2 7156.0
1997 3 10555.0
1997 4 9757.0
1997 5 9393.0
1997 6 24911.0
1997 7 22632.0
1997 8 4809.0
1997 9 11215.0
1997 10 20582.0
1997 11 3726.0
1997 12 21700.0
1998 1 21291.0
1998 2 14916.0
1998 3 39964.0
1998 4 17023.0
1998 5 21296.0
1998 6 32282.0
1998 7 29970.0
1998 8 29566.0
1998 9 11751.0
1998 10 15224.0
1998 11 3335.0
1998 12 7696.0
1999 1 20892.0
1999 2 8226.0
1999 3 23998.0
1999 4 13638.0
1999 5 7653.0
1999 6 13241.0
1999 7 24539.0
1999 8 17719.0
1999 9 15078.0
1999 10 28231.0
1999 11 14249.0
1999 12 10551.0
2000 1 9226.0
2000 2 14501.0
2000 3 15087.0
2000 4 7025.0
2000 5 18253.0
2000 6 9267.0
2000 7 6437.0
2000 8 19489.0
2000 9 27208.0
2000 10 28396.0
2000 11 27832.0
2000 12 4557.0
2001 1 15932.0
2001 2 15481.0
2001 3 17668.0
2001 4 20363.0
2001 5 19091.0
2001 6 39735.0
2001 7 25650.0
2001 8 29058.0
2001 9 31063.0
2001 10 19909.0
2001 11 6542.0
2001 12 28928.0
2002 1 20498.0
2002 2 21212.0
2002 3 24876.0
2002 4 51626.0
2002 5 28026.0
2002 6 57777.0
2002 7 26812.0
2002 8 14332.0
2002 9 32376.0
2002 10 20267.0
2002 11 10883.0
2002 12 25285.0
2003 1 15647.0
2003 2 26983.0
2003 3 17609.0
2003 4 36354.0
2003 5 20179.0
2003 6 40373.0
2003 7 16770.0
2003 8 18122.0
2003 9 36908.0
2003 10 17562.0
2003 11 15008.0
2003 12 14166.0
2004 1 26596.0
2004 2 20902.0
2004 3 24500.0
2004 4 42714.0
2004 5 24824.0
2004 6 44713.0
2004 7 26373.0
2004 8 29445.0
2004 9 13137.0
2004 10 38465.0
2004 11 19665.0
2004 12 21392.0
2005 1 24367.0
2005 2 30647.0
2005 3 35103.0
2005 4 25654.0
2005 5 26626.0
2005 6 48917.0
2005 7 33443.0
2005 8 36329.0
2005 9 29138.0
2005 10 23765.0
2005 11 18239.0
2005 12 30568.0
2006 1 57644.0
2006 2 25509.0
2006 3 35540.0
2006 4 57813.0
2006 5 45899.0
2006 6 26746.0
2006 7 22584.0
2006 8 27135.0
2006 9 26886.0
2006 10 45239.0
2006 11 33576.0
2006 12 36203.0
2007 1 29433.0
2007 2 31175.0
2007 3 45160.0
2007 4 25703.0
2007 5 38976.0
2007 6 19977.0
2007 7 57260.0
2007 8 25622.0
2007 9 16323.0
2007 10 18590.0
2007 11 21929.0
2007 12 25372.0
2008 1 35501.0
2008 2 18426.0
2008 3 31074.0
2008 4 20142.0
2008 5 22982.0
2008 6 25045.0
2008 7 18830.0
2008 8 14431.0
2008 9 13037.0
2008 10 10451.0
2008 11 6161.0
2008 12 13853.0
2009 1 11492.0
2009 2 6032.0
2009 3 5641.0
2009 4 3444.0
2009 5 5311.0
2009 6 8447.0
2009 7 11526.0
2009 8 5938.0
2009 9 10641.0
2009 10 12445.0
2009 11 13518.0
2009 12 4108.0
2010 1 10257.0
2010 2 5032.0
2010 3 42433.0
2010 4 6503.0
2010 5 2775.0
2010 6 6526.0
2010 7 7252.0
2010 8 17625.0
2010 9 5582.0
2010 10 7706.0
2010 11 17540.0
2010 12 28076.0
2011 1 7875.0
2011 2 9378.0
2011 3 14245.0
2011 4 6175.0
2011 5 7767.0
2011 6 6017.0
2011 7 9062.0
2011 8 6705.0
2011 9 4753.0
2011 10 7295.0
2011 11 8386.0
2011 12 28141.0
2012 1 10412.0
2012 2 11041.0
2012 3 12351.0
2012 4 10578.0
2012 5 24330.0
2012 6 8657.0
2012 7 26666.0
2012 8 12715.0
2012 9 8127.0
2012 10 19893.0
2012 11 8755.0
2012 12 8452.0
2013 1 24999.0
2013 2 31436.0
2013 3 12336.0
2013 4 24003.0
2013 5 18211.0
2013 6 9064.0
2013 7 21422.0
2013 8 17521.0
2013 9 35269.0
2013 10 22373.0
2013 11 21641.0
2013 12 36195.0
2014 1 20153.0
2014 2 14920.0
2014 3 15240.0
2014 4 21392.0
2014 5 21673.0
2014 6 16106.0
2014 7 23074.0
2014 8 24590.0
2014 9 30096.0
2014 10 43148.0
2014 11 16363.0
2014 12 21968.0
2015 1 17777.0
2015 2 20618.0
2015 3 18745.0
2015 4 24830.0
2015 5 30884.0
2015 6 26043.0
2015 7 28492.0
2015 8 28468.0
2015 9 43570.0
2015 10 36852.0
2015 11 12840.0
2015 12 33242.0
2016 1 40971.0
2016 2 22917.0
2016 3 34013.0
2016 4 47618.0
2016 5 25835.0
2016 6 19625.0
2016 7 15764.0
2016 8 27507.0
2016 9 23794.0
2016 10 13491.0
2016 11 33369.0
2016 12 18914.0
2017 1 27437.0
2017 2 28460.0
2017 3 35283.0
2017 4 20368.0
2017 5 22403.0
2017 6 41059.0
2017 7 26573.0
2017 8 25972.0
2017 9 24195.0
2017 10 18181.0
2017 11 25585.0
2017 12 32841.0
2018 1 67572.0
2018 2 40457.0
2018 3 30269.0
2018 4 42953.0
2018 5 31532.0
2018 6 30734.0
2018 7 21835.0
2018 8 25827.0
2018 9 25295.0
2018 10 26284.0
2018 11 30844.0
2018 12 22093.0
2019 1 31333.0
2019 2 28877.0
2019 3 30374.0
2019 4 31521.0
2019 5 27722.0
2019 6 51216.0
2019 7 39794.0
2019 8 32229.0
2019 9 28596.0
2019 10 110592.0
2019 11 34135.0
2019 12 34085.0
2020 1 26679.0
2020 2 39493.0
2020 3 49238.0
2020 4 35178.0
2020 5 41994.0
2020 6 38029.0
2020 7 35810.0
2020 8 49867.0
2020 9 45828.0
2020 10 124175.0
2020 11 35300.0
2020 12 55327.0
2021 1 48874.0
2021 2 55189.0
2021 3 98737.0
2021 4 45500.0
2021 5 51082.0
2021 6 49441.0
2021 7 60103.0
2021 8 44867.0
2021 9 45025.0
2021 10 39614.0
2021 11 42531.0
2021 12 62942.0
2022 1 58430.0
2022 2 55600.0
2022 3 65764.0
2022 4 48367.0
2022 5 66397.0
2022 6 80987.0
2022 7 68680.0
2022 8 55566.0
2022 9 58930.0
2022 10 65143.0
2022 11 62578.0
2022 12 56737.0
2023 1 86813.0
2023 2 78380.0
2023 3 121542.0
2023 4 97084.0
2023 5 139866.0
2023 6 80856.0
2023 7 74055.0
2023 8 100385.0
2023 9 57083.0
2023 10 79855.0
2023 11 56082.0
2023 12 94866.0
2024 1 79876.0
2024 2 67721.0
2024 3 72560.0
2024 4 138811.0
2024 5 103620.0
2024 6 88888.0
2024 7 95851.0
2024 8 80883.0
