1960 5 51593.0
1960 6 52641.0
1960 7 42010.0
1960 8 49070.0
1960 9 44657.0
1960 10 40334.0
1960 11 37345.0
1960 12 32868.0
1961 1 46546.0
1961 2 45429.0
1961 3 62499.0
1961 4 57140.0
1961 5 60223.0
1961 6 53881.0
1961 7 61252.0
1961 8 68007.0
1961 9 54510.0
1961 10 57728.0
1961 11 48953.0
1961 12 39749.0
1962 1 59374.0
1962 2 58913.0
1962 3 73848.0
1962 4 69660.0
1962 5 63327.0
1962 6 68620.0
1962 7 62410.0
1962 8 68808.0
1962 9 57282.0
1962 10 58454.0
1962 11 54948.0
1962 12 45826.0
1963 1 63015.0
1963 2 64360.0
1963 3 77639.0
1963 4 78083.0
1963 5 74494.0
1963 6 58884.0
1963 7 77301.0
1963 8 75151.0
1963 9 57480.0
1963 10 62788.0
1963 11 49702.0
1963 12 47003.0
1964 1 67338.0
1964 2 61369.0
1964 3 78843.0
1964 4 66954.0
1964 5 60490.0
1964 6 64698.0
1964 7 64853.0
1964 8 59731.0
1964 9 57961.0
1964 10 54351.0
1964 11 49797.0
1964 12 42182.0
1965 1 51782.0
1965 2 47064.0
1965 3 65839.0
1965 4 59361.0
1965 5 56128.0
1965 6 62392.0
1965 7 56654.0
1965 8 51221.0
1965 9 51977.0
1965 10 47441.0
1965 11 51615.0
1965 12 50338.0
1966 1 59192.0
1966 2 60314.0
1966 3 71920.0
1966 4 55932.0
1966 5 60394.0
1966 6 48616.0
1966 7 47285.0
1966 8 42596.0
1966 9 31167.0
1966 10 34753.0
1966 11 28683.0
1966 12 28240.0
1967 1 46325.0
1967 2 52682.0
1967 3 69867.0
1967 4 55703.0
1967 5 69986.0
1967 6 71133.0
1967 7 55025.0
1967 8 72867.0
1967 9 60076.0
1967 10 66262.0
1967 11 68132.0
1967 12 58585.0
1968 1 62849.0
1968 2 92351.0
1968 3 76489.0
1968 4 82241.0
1968 5 87565.0
1968 6 90958.0
1968 7 94282.0
1968 8 86332.0
1968 9 92377.0
1968 10 92875.0
1968 11 86764.0
1968 12 82100.0
1969 1 98305.0
1969 2 97016.0
1969 3 93990.0
1969 4 121970.0
1969 5 93312.0
1969 6 84690.0
1969 7 82490.0
1969 8 71452.0
1969 9 66994.0
1969 10 61464.0
1969 11 66595.0
1969 12 48215.0
1970 1 67052.0
1970 2 67159.0
1970 3 78840.0
1970 4 88089.0
1970 5 94188.0
1970 6 107711.0
1970 7 89828.0
1970 8 84027.0
1970 9 95645.0
1970 10 77964.0
1970 11 88933.0
1970 12 105451.0
1971 1 88596.0
1971 2 127120.0
1971 3 144600.0
1971 4 130341.0
1971 5 131574.0
1971 6 136235.0
1971 7 123342.0
1971 8 132324.0
1971 9 118762.0
1971 10 117452.0
1971 11 121374.0
1971 12 123059.0
1972 1 121759.0
1972 2 159111.0
1972 3 174160.0
1972 4 137636.0
1972 5 154999.0
1972 6 160405.0
1972 7 121105.0
1972 8 155080.0
1972 9 123889.0
1972 10 141927.0
1972 11 143348.0
1972 12 136451.0
1973 1 164817.0
1973 2 145202.0
1973 3 179232.0
1973 4 157606.0
1973 5 158619.0
1973 6 132636.0
1973 7 118180.0
1973 8 134431.0
1973 9 84904.0
1973 10 94315.0
1973 11 101167.0
1973 12 77112.0
1974 1 106307.0
1974 2 115048.0
1974 3 147610.0
1974 4 159521.0
1974 5 128304.0
1974 6 101521.0
1974 7 99732.0
1974 8 90847.0
1974 9 52328.0
1974 10 75512.0
1974 11 68073.0
1974 12 70381.0
1975 1 70367.0
1975 2 73559.0
1975 3 92947.0
1975 4 125866.0
1975 5 113641.0
1975 6 119714.0
1975 7 131337.0
1975 8 127099.0
1975 9 119664.0
1975 10 135139.0
1975 11 103251.0
1975 12 132223.0
1976 1 153467.0
1976 2 163172.0
1976 3 183089.0
1976 4 187329.0
1976 5 179819.0
1976 6 190119.0
1976 7 180970.0
1976 8 180544.0
1976 9 196577.0
1976 10 192683.0
1976 11 166177.0
1976 12 194650.0
1977 1 177642.0
1977 2 220856.0
1977 3 297628.0
1977 4 66332.0
1977 5 295829.0
1977 6 59530.0
1977 7 270617.0
1977 8 349231.0
1977 9 306674.0
1977 10 270396.0
1977 11 272307.0
1977 12 325638.0
1978 1 274997.0
1978 2 247661.0
1978 3 410279.0
1978 4 371352.0
1978 5 365520.0
1978 6 333568.0
1978 7 279456.0
1978 8 302406.0
1978 9 294659.0
1978 10 326980.0
1978 11 265637.0
1978 12 263690.0
1979 1 235734.0
1979 2 296167.0
1979 3 331233.0
1979 4 401304.0
1979 5 439249.0
1979 6 450844.0
1979 7 413893.0
1979 8 475299.0
1979 9 385321.0
1979 10 489163.0
1979 11 340103.0
1979 12 269281.0
1980 1 314376.0
1980 2 339570.0
1980 3 381085.0
1980 4 244153.0
1980 5 283498.0
1980 6 418641.0
1980 7 459969.0
1980 8 467248.0
1980 9 576433.0
1980 10 470412.0
1980 11 350763.0
1980 12 412301.0
1981 1 412291.0
1981 2 434418.0
1981 3 496980.0
1981 4 566652.0
1981 5 448458.0
1981 6 462216.0
1981 7 455918.0
1981 8 388901.0
1981 9 409961.0
1981 10 372676.0
1981 11 305936.0
1981 12 454030.0
1982 1 410835.0
1982 2 480879.0
1982 3 593592.0
1982 4 601256.0
1982 5 552461.0
1982 6 610886.0
1982 7 583702.0
1982 8 563093.0
1982 9 622718.0
1982 10 603972.0
1982 11 665961.5
1982 12 727951.0
1983 1 656593.0
1983 2 758134.0
1983 3 1041877.0
1983 4 892090.0
1983 5 922013.0
1983 6 1048539.0
1983 7 922108.0
1983 8 804919.0
1983 9 687180.0
1983 10 806325.0
1983 11 786550.0
1983 12 706711.0
1984 1 768012.0
1984 2 777810.0
1984 3 807482.0
1984 4 901176.0
1984 5 879098.0
1984 6 772684.0
1984 7 680086.0
1984 8 581562.0
1984 9 485268.0
1984 10 550210.0
1984 11 449370.0
1984 12 495166.0
1985 1 468963.0
1985 2 610004.0
1985 3 623674.0
1985 4 671596.0
1985 5 687423.0
1985 6 601557.0
1985 7 632455.0
1985 8 639365.0
1985 9 502451.0
1985 10 475024.0
1985 11 366276.0
1985 12 430399.0
1986 1 475800.0
1986 2 502902.0
1986 3 509345.0
1986 4 559843.0
1986 5 490405.0
1986 6 437570.0
1986 7 440148.0
1986 8 357033.0
1986 9 395849.0
1986 10 305030.0
1986 11 212961.0
1986 12 294888.0
1987 1 265642.0
1987 2 293962.0
1987 3 382392.0
1987 4 386672.0
1987 5 352756.0
1987 6 361693.0
1987 7 311307.0
1987 8 289598.0
1987 9 263629.0
1987 10 273314.0
1987 11 201045.0
1987 12 192208.0
1988 1 197556.0
1988 2 249762.0
1988 3 307091.0
1988 4 283155.0
1988 5 289253.0
1988 6 312935.0
1988 7 251973.0
1988 8 333943.0
1988 9 267848.0
1988 10 244156.0
1988 11 232322.0
1988 12 228793.0
1989 1 235105.0
1989 2 242815.0
1989 3 353181.0
1989 4 311476.0
1989 5 315253.0
1989 6 308660.0
1989 7 279860.0
1989 8 330316.0
1989 9 263198.0
1989 10 286448.0
1989 11 234711.0
1989 12 237276.0
1990 1 327704.0
1990 2 273789.0
1990 3 323720.0
1990 4 339010.0
1990 5 391261.0
1990 6 367087.0
1990 7 329490.0
1990 8 352504.0
1990 9 277957.0
1990 10 308549.0
1990 11 238420.0
1990 12 192366.0
1991 1 267761.0
1991 2 279674.0
1991 3 334707.0
1991 4 388876.0
1991 5 439096.0
1991 6 363883.0
1991 7 403107.0
1991 8 387582.0
1991 9 372463.0
1991 10 400827.0
1991 11 294155.0
1991 12 282713.0
1992 1 356492.0
1992 2 425609.0
1992 3 486992.0
1992 4 529783.0
1992 5 432399.0
1992 6 514417.0
1992 7 472749.0
1992 8 443987.0
1992 9 456294.0
1992 10 471858.0
1992 11 367597.0
1992 12 423527.0
1993 1 452615.0
1993 2 440619.0
1993 3 592095.0
1993 4 597915.0
1993 5 552242.0
1993 6 575292.0
1993 7 611569.0
1993 8 585688.0
1993 9 586565.0
1993 10 534586.0
1993 11 490280.0
1993 12 595564.0
1994 1 632754.0
1994 2 618990.0
1994 3 877724.0
1994 4 849193.0
1994 5 735911.0
1994 6 732738.0
1994 7 604421.0
1994 8 701540.0
1994 9 757644.0
1994 10 543004.0
1994 11 536599.0
1994 12 563644.0
1995 1 586134.0
1995 2 638095.0
1995 3 661133.0
1995 4 622938.0
1995 5 739627.0
1995 6 722510.0
1995 7 699274.0
1995 8 743547.0
1995 9 762136.0
1995 10 727678.0
1995 11 637535.0
1995 12 610092.0
1996 1 806546.0
1996 2 797173.0
1996 3 846459.0
1996 4 909850.0
1996 5 979417.0
1996 6 814416.0
1996 7 877425.0
1996 8 808038.0
1996 9 799690.0
1996 10 758684.0
1996 11 777186.0
1996 12 779026.0
1997 1 739055.0
1997 2 702173.0
1997 3 839089.0
1997 4 952281.0
1997 5 903754.0
1997 6 938604.0
1997 7 919307.0
1997 8 889240.0
1997 9 1048040.0
1997 10 907145.0
1997 11 733068.0
1997 12 814860.0
1998 1 839258.0
1998 2 948640.0
1998 3 1221354.0
1998 4 1186944.0
1998 5 1236868.0
1998 6 1247505.0
1998 7 1281092.0
1998 8 1188694.0
1998 9 1183931.0
1998 10 1150290.0
1998 11 835095.0
1998 12 1036918.0
1999 1 1022573.0
1999 2 1095452.0
1999 3 1379298.0
1999 4 1196711.0
1999 5 1176556.0
1999 6 1229361.0
1999 7 1295082.0
1999 8 1237668.0
1999 9 1125878.0
1999 10 1135815.0
1999 11 993861.0
1999 12 946277.0
2000 1 1000775.0
2000 2 1178104.0
2000 3 1379262.0
2000 4 1178869.0
2000 5 1340316.0
2000 6 1342420.0
2000 7 1167350.0
2000 8 1300077.0
2000 9 1229528.0
2000 10 1239951.0
2000 11 1214949.0
2000 12 1065704.0
2001 1 1272204.0
2001 2 1184251.0
2001 3 1404757.0
2001 4 1409365.0
2001 5 1538545.0
2001 6 1413012.0
2001 7 1369529.0
2001 8 1348449.0
2001 9 1171517.0
2001 10 1286423.0
2001 11 1132317.0
2001 12 1181885.0
2002 1 1255104.0
2002 2 1296946.0
2002 3 1461904.0
2002 4 1616868.0
2002 5 1613746.0
2002 6 1647032.0
2002 7 1518987.0
2002 8 1586361.0
2002 9 1301318.0
2002 10 1566385.0
2002 11 1233012.0
2002 12 1321874.0
2003 1 1401642.0
2003 2 1472140.0
2003 3 1597275.0
2003 4 1682035.0
2003 5 1783437.0
2003 6 1852902.0
2003 7 1717661.0
2003 8 1747708.0
2003 9 1690697.0
2003 10 1689175.0
2003 11 1225183.0
2003 12 1434309.0
2004 1 1483401.0
2004 2 1590487.0
2004 3 2000165.0
2004 4 2042601.0
2004 5 1994842.0
2004 6 2033997.0
2004 7 1844827.0
2004 8 1864966.0
2004 9 1716377.0
2004 10 1678431.0
2004 11 1451294.0
2004 12 1551228.0
2005 1 1827999.0
2005 2 1846957.0
2005 3 2194458.0
2005 4 2397642.0
2005 5 2358795.0
2005 6 2535128.0
2005 7 2395241.0
2005 8 2563505.0
2005 9 2113550.0
2005 10 2244051.0
2005 11 2074810.0
2005 12 2133524.0
2006 1 2392554.0
2006 2 2079565.0
2006 3 2915170.0
2006 4 2627982.0
2006 5 2727306.0
2006 6 3158048.0
2006 7 2388216.0
2006 8 2651503.0
2006 9 2118713.0
2006 10 2159429.0
2006 11 2035037.0
2006 12 1870650.0
2007 1 1990545.0
2007 2 2126566.0
2007 3 2388548.0
2007 4 2157813.0
2007 5 2564059.0
2007 6 2351316.0
2007 7 2423965.0
2007 8 2194384.0
2007 9 1703225.0
2007 10 1840276.0
2007 11 1615003.0
2007 12 1469237.0
2008 1 1607206.0
2008 2 1652978.0
2008 3 1878699.0
2008 4 1838231.0
2008 5 1769041.0
2008 6 1597753.0
2008 7 1720811.0
2008 8 1567821.0
2008 9 1172147.0
2008 10 1125375.0
2008 11 816905.0
2008 12 827299.0
2009 1 845753.0
2009 2 910721.0
2009 3 1042072.0
2009 4 914985.0
2009 5 1106167.0
2009 6 1342470.0
2009 7 1300801.0
2009 8 1270011.0
2009 9 1197517.0
2009 10 942542.0
2009 11 881005.0
2009 12 1001420.0
2010 1 990326.0
2010 2 1106196.0
2010 3 1545624.0
2010 4 1329338.0
2010 5 1267222.0
2010 6 1413271.0
2010 7 1081757.0
2010 8 1120308.0
2010 9 1010599.0
2010 10 835997.0
2010 11 933551.0
2010 12 914094.0
2011 1 921827.0
2011 2 967618.0
2011 3 1287410.0
2011 4 1267102.0
2011 5 1167157.0
2011 6 1383020.0
2011 7 1241511.0
2011 8 1410362.0
2011 9 1169958.0
2011 10 1193586.0
2011 11 951060.0
2011 12 1177103.0
2012 1 1323037.0
2012 2 1330901.0
2012 3 1495734.0
2012 4 1584217.0
2012 5 1914952.0
2012 6 1670709.0
2012 7 1736738.0
2012 8 1968673.0
2012 9 1455287.0
2012 10 1757880.0
2012 11 1515408.0
2012 12 1473011.0
2013 1 1609719.0
2013 2 1799912.0
2013 3 1803945.0
2013 4 2102363.0
2013 5 2017759.0
2013 6 1770092.0
2013 7 1984799.0
2013 8 1773574.0
2013 9 1835420.0
2013 10 2083771.0
2013 11 1521473.0
2013 12 1741231.0
2014 1 1868913.0
2014 2 1864013.0
2014 3 1911310.0
2014 4 2607127.0
2014 5 2708185.0
2014 6 2226466.0
2014 7 2315182.0
2014 8 2297807.0
2014 9 2175433.0
2014 10 2191969.0
2014 11 1702882.0
2014 12 2282987.0
2015 1 1908382.0
2015 2 2216705.0
2015 3 2355876.0
2015 4 2695245.0
2015 5 2156733.0
2015 6 2786075.0
2015 7 2583387.0
2015 8 2478930.0
2015 9 2175779.0
2015 10 2377839.0
2015 11 2124627.0
2015 12 2215938.0
2016 1 2035820.0
2016 2 2201162.0
2016 3 2539637.0
2016 4 2354486.0
2016 5 2772830.0
2016 6 2779117.0
2016 7 2427261.0
2016 8 2575257.0
2016 9 2353660.0
2016 10 2202002.0
2016 11 2182667.0
2016 12 2193791.0
2017 1 2519120.0
2017 2 2413461.0
2017 3 2915662.0
2017 4 2603459.0
2017 5 2844359.0
2017 6 3012438.0
2017 7 2421316.0
2017 8 3341701.0
2017 9 2315480.0
2017 10 2618558.0
2017 11 2503692.0
2017 12 2104908.0
2018 1 2849438.0
2018 2 2384761.0
2018 3 2890421.0
2018 4 3396917.0
2018 5 3023349.0
2018 6 3248953.0
2018 7 2971295.0
2018 8 2923660.0
2018 9 2490880.0
2018 10 2582048.0
2018 11 2535698.0
2018 12 2400128.0
2019 1 2506111.0
2019 2 2554596.0
2019 3 2812092.0
2019 4 2918291.0
2019 5 3296369.0
2019 6 2791067.0
2019 7 3097780.0
2019 8 3327214.0
2019 9 3124278.0
2019 10 3562391.0
2019 11 2866407.0
2019 12 2662645.0
2020 1 3100105.0
2020 2 3096198.0
2020 3 3574326.0
2020 4 2825658.0
2020 5 2954332.0
2020 6 3335399.0
2020 7 3673122.0
2020 8 3435774.0
2020 9 3791890.0
2020 10 3803211.0
2020 11 3554274.0
2020 12 3926774.0
2021 1 4049437.0
2021 2 3519131.0
2021 3 4845141.0
2021 4 4649892.0
2021 5 4477841.0
2021 6 4710490.0
2021 7 4329220.0
2021 8 4113961.0
2021 9 3592238.0
2021 10 3848093.0
2021 11 3677003.0
2021 12 3962055.0
2022 1 4542090.0
2022 2 4344322.0
2022 3 5273065.0
2022 4 5175613.0
2022 5 4464007.0
2022 6 4896412.0
2022 7 4656453.0
2022 8 4101328.0
2022 9 3864715.0
2022 10 3964077.0
2022 11 3434587.0
2022 12 2859781.0
2023 1 3226226.0
2023 2 3428625.0
2023 3 3889465.0
2023 4 4030094.0
2023 5 4804102.0
2023 6 4456898.0
2023 7 4107814.0
2023 8 4805283.0
2023 9 3905655.0
2023 10 4561486.0
2023 11 3466664.0
2023 12 3368689.0
2024 1 4163550.0
2024 2 4269776.0
2024 3 4522580.0
2024 4 5369568.0
2024 5 4792710.0
2024 6 4459106.0
2024 7 4691183.0
2024 8 4621156.0
