1960 5 48684.0
1960 6 49376.0
1960 7 39360.0
1960 8 44967.0
1960 9 41344.0
1960 10 36602.0
1960 11 34152.0
1960 12 29069.0
1961 1 41426.0
1961 2 41593.0
1961 3 55082.0
1961 4 50763.0
1961 5 52916.0
1961 6 48108.0
1961 7 49912.0
1961 8 61238.0
1961 9 48113.0
1961 10 45166.0
1961 11 41571.0
1961 12 35025.0
1962 1 50337.0
1962 2 51548.0
1962 3 59886.0
1962 4 55682.0
1962 5 56259.0
1962 6 48520.0
1962 7 44858.0
1962 8 47345.0
1962 9 38808.0
1962 10 41698.0
1962 11 32964.0
1962 12 30903.0
1963 1 42292.0
1963 2 46036.0
1963 3 55701.0
1963 4 61289.0
1963 5 47757.0
1963 6 41893.0
1963 7 47659.0
1963 8 46023.0
1963 9 43655.0
1963 10 45856.0
1963 11 33945.0
1963 12 30044.0
1964 1 45307.0
1964 2 42516.0
1964 3 52081.0
1964 4 51116.0
1964 5 44026.0
1964 6 46748.0
1964 7 43911.0
1964 8 41778.0
1964 9 39791.0
1964 10 41798.0
1964 11 34342.0
1964 12 31549.0
1965 1 43386.0
1965 2 39347.0
1965 3 51914.0
1965 4 50092.0
1965 5 41687.0
1965 6 47399.0
1965 7 44072.0
1965 8 43861.0
1965 9 40860.0
1965 10 37456.0
1965 11 37752.0
1965 12 32160.0
1966 1 46201.0
1966 2 45896.0
1966 3 57236.0
1966 4 42453.0
1966 5 42062.0
1966 6 37766.0
1966 7 32932.0
1966 8 29627.0
1966 9 27456.0
1966 10 24613.0
1966 11 22901.0
1966 12 21250.0
1967 1 36287.0
1967 2 40568.0
1967 3 49642.0
1967 4 43750.0
1967 5 49464.0
1967 6 48120.0
1967 7 41691.0
1967 8 48279.0
1967 9 38764.0
1967 10 43474.0
1967 11 37466.0
1967 12 31242.0
1968 1 38799.0
1968 2 46313.0
1968 3 46626.0
1968 4 53021.0
1968 5 56595.0
1968 6 47655.0
1968 7 56637.0
1968 8 54969.0
1968 9 50072.0
1968 10 54825.0
1968 11 48713.0
1968 12 41112.0
1969 1 53892.0
1969 2 53303.0
1969 3 55180.0
1969 4 59282.0
1969 5 51221.0
1969 6 49294.0
1969 7 42407.0
1969 8 39555.0
1969 9 38873.0
1969 10 38774.0
1969 11 33445.0
1969 12 33093.0
1970 1 35746.0
1970 2 40677.0
1970 3 46247.0
1970 4 53455.0
1970 5 51861.0
1970 6 56608.0
1970 7 57361.0
1970 8 55503.0
1970 9 50931.0
1970 10 45689.0
1970 11 42231.0
1970 12 49439.0
1971 1 55698.0
1971 2 71849.0
1971 3 84020.0
1971 4 83841.0
1971 5 79702.0
1971 6 91069.0
1971 7 85856.0
1971 8 81118.0
1971 9 76737.0
1971 10 68047.0
1971 11 73467.0
1971 12 68542.0
1972 1 84732.0
1972 2 96224.0
1972 3 120034.0
1972 4 98466.0
1972 5 96626.0
1972 6 104315.0
1972 7 83283.0
1972 8 102893.0
1972 9 84148.0
1972 10 91944.0
1972 11 83053.0
1972 12 64622.0
1973 1 90243.0
1973 2 98950.0
1973 3 114006.0
1973 4 102707.0
1973 5 111775.0
1973 6 95217.0
1973 7 83439.0
1973 8 83649.0
1973 9 48835.0
1973 10 58959.0
1973 11 56811.0
1973 12 46372.0
1974 1 58259.0
1974 2 79157.0
1974 3 98773.0
1974 4 101495.0
1974 5 94679.0
1974 6 79813.0
1974 7 84365.0
1974 8 67473.0
1974 9 48228.0
1974 10 62470.0
1974 11 49701.0
1974 12 56686.0
1975 1 56093.0
1975 2 63547.0
1975 3 80179.0
1975 4 104255.0
1975 5 102028.0
1975 6 104450.0
1975 7 108648.0
1975 8 106980.0
1975 9 96775.0
1975 10 106820.0
1975 11 87165.0
1975 12 102257.0
1976 1 120717.0
1976 2 138352.0
1976 3 153790.0
1976 4 146316.0
1976 5 133868.0
1976 6 151971.0
1976 7 146916.0
1976 8 139940.0
1976 9 137414.0
1976 10 138906.0
1976 11 124099.0
1976 12 134226.0
1977 1 140937.0
1977 2 176225.0
1977 3 226482.0
1977 4 51739.0
1977 5 216479.0
1977 6 53076.0
1977 7 220747.0
1977 8 235495.0
1977 9 208901.0
1977 10 207587.0
1977 11 197063.0
1977 12 226891.0
1978 1 199332.0
1978 2 195462.0
1978 3 316136.0
1978 4 270097.0
1978 5 257784.0
1978 6 244146.0
1978 7 211097.0
1978 8 242650.0
1978 9 215685.0
1978 10 235530.0
1978 11 191221.0
1978 12 191186.0
1979 1 159547.0
1979 2 194476.0
1979 3 236577.0
1979 4 330310.0
1979 5 325667.0
1979 6 304781.0
1979 7 321599.0
1979 8 343516.0
1979 9 294059.0
1979 10 338893.0
1979 11 215560.0
1979 12 180025.0
1980 1 212755.0
1980 2 264426.0
1980 3 232777.0
1980 4 187996.0
1980 5 222643.0
1980 6 323217.0
1980 7 386037.0
1980 8 362723.0
1980 9 373021.0
1980 10 361817.0
1980 11 251600.0
1980 12 233773.0
1981 1 280531.0
1981 2 347421.0
1981 3 388052.0
1981 4 424355.0
1981 5 329501.0
1981 6 311396.0
1981 7 343907.0
1981 8 269051.0
1981 9 255694.0
1981 10 213866.0
1981 11 191252.0
1981 12 252753.0
1982 1 262927.0
1982 2 317670.0
1982 3 367181.0
1982 4 351716.0
1982 5 359930.0
1982 6 389623.0
1982 7 342966.0
1982 8 343603.0
1982 9 380498.0
1982 10 400320.0
1982 11 392925.5
1982 12 385531.0
1983 1 430212.0
1983 2 460173.0
1983 3 640585.0
1983 4 578738.0
1983 5 638848.0
1983 6 651328.0
1983 7 555285.0
1983 8 499827.0
1983 9 400250.0
1983 10 448042.0
1983 11 453702.0
1983 12 411694.0
1984 1 456713.0
1984 2 521002.0
1984 3 601178.0
1984 4 559687.0
1984 5 614898.0
1984 6 488625.0
1984 7 452482.0
1984 8 400160.0
1984 9 353402.0
1984 10 373750.0
1984 11 317712.0
1984 12 285126.0
1985 1 363739.0
1985 2 423399.0
1985 3 467682.0
1985 4 496604.0
1985 5 487855.0
1985 6 421083.0
1985 7 459802.0
1985 8 419877.0
1985 9 403721.0
1985 10 350711.0
1985 11 249201.0
1985 12 262413.0
1986 1 354603.0
1986 2 357396.0
1986 3 397242.0
1986 4 461761.0
1986 5 432012.0
1986 6 380521.0
1986 7 410183.0
1986 8 309905.0
1986 9 357837.0
1986 10 265276.0
1986 11 182445.0
1986 12 190840.0
1987 1 240315.0
1987 2 287930.0
1987 3 363306.0
1987 4 377994.0
1987 5 339770.0
1987 6 325190.0
1987 7 308001.0
1987 8 281780.0
1987 9 252749.0
1987 10 258620.0
1987 11 195356.0
1987 12 190477.0
1988 1 191112.0
1988 2 232495.0
1988 3 285921.0
1988 4 271872.0
1988 5 281474.0
1988 6 296401.0
1988 7 237818.0
1988 8 324347.0
1988 9 254869.0
1988 10 235639.0
1988 11 222383.0
1988 12 226481.0
1989 1 233662.0
1989 2 240461.0
1989 3 321971.0
1989 4 308078.0
1989 5 304369.0
1989 6 306417.0
1989 7 277743.0
1989 8 314259.0
1989 9 258467.0
1989 10 276881.0
1989 11 221253.0
1989 12 207147.0
1990 1 266488.0
1990 2 262029.0
1990 3 319607.0
1990 4 318753.0
1990 5 388398.0
1990 6 335855.0
1990 7 297541.0
1990 8 333667.0
1990 9 267093.0
1990 10 299605.0
1990 11 225209.0
1990 12 188652.0
1991 1 250226.0
1991 2 265427.0
1991 3 322495.0
1991 4 374579.0
1991 5 407866.0
1991 6 333524.0
1991 7 379310.0
1991 8 362711.0
1991 9 327066.0
1991 10 350433.0
1991 11 270201.0
1991 12 267119.0
1992 1 352521.0
1992 2 408617.0
1992 3 465844.0
1992 4 479563.0
1992 5 420820.0
1992 6 474287.0
1992 7 450434.0
1992 8 419997.0
1992 9 445614.0
1992 10 441128.0
1992 11 357090.0
1992 12 405554.0
1993 1 413325.0
1993 2 426553.0
1993 3 553562.0
1993 4 550648.0
1993 5 516868.0
1993 6 547863.0
1993 7 580914.0
1993 8 536588.0
1993 9 540310.0
1993 10 494242.0
1993 11 472340.0
1993 12 466466.0
1994 1 571197.0
1994 2 587448.0
1994 3 764320.0
1994 4 708820.0
1994 5 685348.0
1994 6 664605.0
1994 7 548788.0
1994 8 614586.0
1994 9 548306.0
1994 10 472411.0
1994 11 455323.0
1994 12 457162.0
1995 1 486743.0
1995 2 500850.0
1995 3 595197.0
1995 4 549388.0
1995 5 617534.0
1995 6 622954.0
1995 7 592506.0
1995 8 672669.0
1995 9 589505.0
1995 10 597103.0
1995 11 553155.0
1995 12 526904.0
1996 1 722728.0
1996 2 726476.0
1996 3 805164.0
1996 4 833048.0
1996 5 830405.0
1996 6 697935.0
1996 7 739333.0
1996 8 736150.0
1996 9 615161.0
1996 10 658503.0
1996 11 535839.0
1996 12 538707.0
1997 1 633296.0
1997 2 585918.0
1997 3 695206.0
1997 4 796976.0
1997 5 795520.0
1997 6 788141.0
1997 7 784981.0
1997 8 750831.0
1997 9 768493.0
1997 10 745653.0
1997 11 602527.0
1997 12 647567.0
1998 1 757103.0
1998 2 822684.0
1998 3 940649.0
1998 4 997385.0
1998 5 998354.0
1998 6 1012633.0
1998 7 1049005.0
1998 8 994724.0
1998 9 899965.0
1998 10 873908.0
1998 11 729606.0
1998 12 851599.0
1999 1 815607.0
1999 2 883471.0
1999 3 1240903.0
1999 4 1054546.0
1999 5 1030947.0
1999 6 1106489.0
1999 7 1069304.0
1999 8 1071316.0
1999 9 968519.0
1999 10 924274.0
1999 11 837622.0
1999 12 760158.0
2000 1 913351.0
2000 2 1081717.0
2000 3 1315586.0
2000 4 1084164.0
2000 5 1225057.0
2000 6 1173162.0
2000 7 1073537.0
2000 8 1223563.0
2000 9 1056103.0
2000 10 1084578.0
2000 11 943625.0
2000 12 977574.0
2001 1 1115211.0
2001 2 1079320.0
2001 3 1283232.0
2001 4 1270345.0
2001 5 1360074.0
2001 6 1331648.0
2001 7 1225807.0
2001 8 1258154.0
2001 9 1021022.0
2001 10 1136847.0
2001 11 925749.0
2001 12 926514.0
2002 1 1135516.0
2002 2 1159602.0
2002 3 1261697.0
2002 4 1485840.0
2002 5 1453629.0
2002 6 1453414.0
2002 7 1414696.0
2002 8 1404419.0
2002 9 1176960.0
2002 10 1415888.0
2002 11 1072179.0
2002 12 1016543.0
2003 1 1266855.0
2003 2 1220990.0
2003 3 1462033.0
2003 4 1510409.0
2003 5 1558449.0
2003 6 1577494.0
2003 7 1624607.0
2003 8 1591027.0
2003 9 1465055.0
2003 10 1498197.0
2003 11 1078186.0
2003 12 1254355.0
2004 1 1327990.0
2004 2 1495303.0
2004 3 1869823.0
2004 4 1870768.0
2004 5 1701195.0
2004 6 1865168.0
2004 7 1690394.0
2004 8 1706418.0
2004 9 1539332.0
2004 10 1497391.0
2004 11 1312432.0
2004 12 1414618.0
2005 1 1555708.0
2005 2 1636729.0
2005 3 1938383.0
2005 4 2168174.0
2005 5 2148039.0
2005 6 2322379.0
2005 7 2109510.0
2005 8 2202669.0
2005 9 1886277.0
2005 10 2052233.0
2005 11 1940618.0
2005 12 1868611.0
2006 1 2019656.0
2006 2 1865835.0
2006 3 2553957.0
2006 4 2246573.0
2006 5 2445761.0
2006 6 2696461.0
2006 7 2026993.0
2006 8 2394141.0
2006 9 1830944.0
2006 10 1846735.0
2006 11 1661154.0
2006 12 1483492.0
2007 1 1641826.0
2007 2 1765000.0
2007 3 2078632.0
2007 4 1946972.0
2007 5 2105783.0
2007 6 1880912.0
2007 7 1835945.0
2007 8 1786253.0
2007 9 1428132.0
2007 10 1456521.0
2007 11 1173715.0
2007 12 1007709.0
2008 1 1189373.0
2008 2 1320650.0
2008 3 1380219.0
2008 4 1545897.0
2008 5 1460971.0
2008 6 1402064.0
2008 7 1373193.0
2008 8 1174681.0
2008 9 905460.0
2008 10 835460.0
2008 11 670134.0
2008 12 640976.0
2009 1 676472.0
2009 2 782677.0
2009 3 929143.0
2009 4 810243.0
2009 5 1023067.0
2009 6 1283686.0
2009 7 1258641.0
2009 8 1185588.0
2009 9 1067674.0
2009 10 924324.0
2009 11 812138.0
2009 12 928544.0
2010 1 930595.0
2010 2 1076359.0
2010 3 1404493.0
2010 4 1227436.0
2010 5 1120775.0
2010 6 1149570.0
2010 7 978719.0
2010 8 947539.0
2010 9 870367.0
2010 10 761684.0
2010 11 815570.0
2010 12 826212.0
2011 1 854005.0
2011 2 840013.0
2011 3 1154306.0
2011 4 1104846.0
2011 5 1075755.0
2011 6 1135342.0
2011 7 1017340.0
2011 8 1137403.0
2011 9 1015825.0
2011 10 979626.0
2011 11 875395.0
2011 12 905403.0
2012 1 1082754.0
2012 2 1148895.0
2012 3 1199154.0
2012 4 1372849.0
2012 5 1519670.0
2012 6 1394279.0
2012 7 1372375.0
2012 8 1548808.0
2012 9 1226571.0
2012 10 1370613.0
2012 11 1221898.0
2012 12 1053564.0
2013 1 1323813.0
2013 2 1315934.0
2013 3 1535673.0
2013 4 1773662.0
2013 5 1731415.0
2013 6 1527615.0
2013 7 1639838.0
2013 8 1579050.0
2013 9 1300376.0
2013 10 1485955.0
2013 11 1217633.0
2013 12 1202036.0
2014 1 1472262.0
2014 2 1497835.0
2014 3 1646611.0
2014 4 1949018.0
2014 5 1836488.0
2014 6 1908910.0
2014 7 1910446.0
2014 8 1730054.0
2014 9 1660702.0
2014 10 1790085.0
2014 11 1400878.0
2014 12 1667898.0
2015 1 1678660.0
2015 2 1675378.0
2015 3 1994589.0
2015 4 2148882.0
2015 5 1894507.0
2015 6 2206989.0
2015 7 1987828.0
2015 8 1875797.0
2015 9 1776048.0
2015 10 1868634.0
2015 11 1552731.0
2015 12 1632493.0
2016 1 1569976.0
2016 2 1854916.0
2016 3 2100038.0
2016 4 2091936.0
2016 5 2265800.0
2016 6 2265162.0
2016 7 1895667.0
2016 8 2113017.0
2016 9 1811454.0
2016 10 1873547.0
2016 11 1714399.0
2016 12 1782585.0
2017 1 1993879.0
2017 2 2016506.0
2017 3 2487152.0
2017 4 2205798.0
2017 5 2384585.0
2017 6 2492225.0
2017 7 2200283.0
2017 8 2238929.0
2017 9 2010002.0
2017 10 2097833.0
2017 11 1924657.0
2017 12 1801182.0
2018 1 2249322.0
2018 2 2137141.0
2018 3 2405985.0
2018 4 2396612.0
2018 5 2541345.0
2018 6 2563400.0
2018 7 2434358.0
2018 8 2479350.0
2018 9 2008661.0
2018 10 2232343.0
2018 11 1952437.0
2018 12 1659652.0
2019 1 1972885.0
2019 2 2039107.0
2019 3 2389853.0
2019 4 2431800.0
2019 5 2456346.0
2019 6 2248783.0
2019 7 2369153.0
2019 8 2582482.0
2019 9 2290698.0
2019 10 2518207.0
2019 11 2104552.0
2019 12 2085939.0
2020 1 2499132.0
2020 2 2517781.0
2020 3 2837196.0
2020 4 2118646.0
2020 5 2237588.0
2020 6 2648921.0
2020 7 3034125.0
2020 8 3080723.0
2020 9 3081029.0
2020 10 3239537.0
2020 11 2761409.0
2020 12 3121676.0
2021 1 3290697.0
2021 2 2881450.0
2021 3 3966422.0
2021 4 3832397.0
2021 5 3832215.0
2021 6 3821891.0
2021 7 3350339.0
2021 8 3284735.0
2021 9 3064476.0
2021 10 3082566.0
2021 11 3064565.0
2021 12 3220687.0
2022 1 3491598.0
2022 2 3753387.0
2022 3 4296386.0
2022 4 4099880.0
2022 5 3720815.0
2022 6 3721641.0
2022 7 2978705.0
2022 8 3100627.0
2022 9 2736003.0
2022 10 2717317.0
2022 11 2065524.0
2022 12 2052843.0
2023 1 2135349.0
2023 2 2519663.0
2023 3 3182809.0
2023 4 3336828.0
2023 5 3678186.0
2023 6 3635962.0
2023 7 3221366.0
2023 8 3893884.0
2023 9 3214554.0
2023 10 3527853.0
2023 11 3037788.0
2023 12 2794877.0
2024 1 3501979.0
2024 2 3802462.0
2024 3 3946531.0
2024 4 4529413.0
2024 5 4228340.0
2024 6 3722894.0
2024 7 3848733.0
2024 8 3893906.0
