1960 5 196646.0
1960 6 152515.0
1960 7 152706.0
1960 8 164475.0
1960 9 170046.0
1960 10 156794.0
1960 11 159706.0
1960 12 148025.0
1961 1 133162.0
1961 2 137957.0
1961 3 204434.0
1961 4 200404.0
1961 5 239265.0
1961 6 225393.0
1961 7 214127.0
1961 8 291298.0
1961 9 217540.0
1961 10 237856.0
1961 11 222821.0
1961 12 244065.0
1962 1 215473.0
1962 2 237948.0
1962 3 292255.0
1962 4 356931.0
1962 5 333768.0
1962 6 304434.0
1962 7 296018.0
1962 8 331041.0
1962 9 273648.0
1962 10 316658.0
1962 11 348350.0
1962 12 279590.0
1963 1 306183.0
1963 2 241717.0
1963 3 326784.0
1963 4 352952.0
1963 5 413600.0
1963 6 329643.0
1963 7 366553.0
1963 8 361270.0
1963 9 359982.0
1963 10 443626.0
1963 11 339352.0
1963 12 426396.0
1964 1 341086.0
1964 2 313286.0
1964 3 373287.0
1964 4 410444.0
1964 5 384428.0
1964 6 420770.0
1964 7 392166.0
1964 8 329002.0
1964 9 295614.0
1964 10 326893.0
1964 11 290317.0
1964 12 316863.0
1965 1 272634.0
1965 2 234570.0
1965 3 384253.0
1965 4 316580.0
1965 5 344147.0
1965 6 367060.0
1965 7 306980.0
1965 8 326718.0
1965 9 335150.0
1965 10 320828.0
1965 11 345063.0
1965 12 342400.0
1966 1 276116.0
1966 2 267780.0
1966 3 360763.0
1966 4 347734.0
1966 5 343766.0
1966 6 285554.0
1966 7 234947.0
1966 8 248245.0
1966 9 184447.0
1966 10 199336.0
1966 11 187884.0
1966 12 174082.0
1967 1 189378.0
1967 2 163802.0
1967 3 257973.0
1967 4 307555.0
1967 5 321027.0
1967 6 341385.0
1967 7 277362.0
1967 8 346591.0
1967 9 344890.0
1967 10 377933.0
1967 11 368142.0
1967 12 338634.0
1968 1 271717.0
1968 2 370918.0
1968 3 448804.0
1968 4 481145.0
1968 5 530911.0
1968 6 490590.0
1968 7 503209.0
1968 8 483169.0
1968 9 508115.0
1968 10 572948.0
1968 11 514106.0
1968 12 507729.0
1969 1 502386.0
1969 2 527325.0
1969 3 575660.0
1969 4 739251.0
1969 5 602924.0
1969 6 608353.0
1969 7 580345.0
1969 8 555509.0
1969 9 559920.0
1969 10 604289.0
1969 11 471597.0
1969 12 484985.0
1970 1 431006.0
1970 2 441542.0
1970 3 512268.0
1970 4 635487.0
1970 5 640084.0
1970 6 668262.0
1970 7 581379.0
1970 8 570548.0
1970 9 604061.0
1970 10 761174.0
1970 11 617488.0
1970 12 772685.0
1971 1 538805.0
1971 2 583042.0
1971 3 790470.0
1971 4 858297.0
1971 5 915047.0
1971 6 967463.0
1971 7 966385.0
1971 8 944179.0
1971 9 926042.0
1971 10 958473.0
1971 11 999834.0
1971 12 1081538.0
1972 1 886878.0
1972 2 942004.0
1972 3 1004200.0
1972 4 1061119.0
1972 5 1143905.0
1972 6 1230023.0
1972 7 1033742.0
1972 8 1168261.0
1972 9 1277582.0
1972 10 1201169.0
1972 11 1191090.0
1972 12 1444652.0
1973 1 1061487.0
1973 2 987568.0
1973 3 1118216.0
1973 4 1230070.0
1973 5 1218654.0
1973 6 1376727.0
1973 7 1027719.0
1973 8 1162133.0
1973 9 854726.0
1973 10 812171.0
1973 11 813867.0
1973 12 782037.0
1974 1 691673.0
1974 2 604143.0
1974 3 849951.0
1974 4 772035.0
1974 5 642020.0
1974 6 521320.0
1974 7 492069.0
1974 8 383269.0
1974 9 304880.0
1974 10 315073.0
1974 11 273880.0
1974 12 480315.0
1975 1 206527.0
1975 2 180623.0
1975 3 215152.0
1975 4 341936.0
1975 5 339776.0
1975 6 423784.0
1975 7 413432.0
1975 8 305097.0
1975 9 384712.0
1975 10 401288.0
1975 11 349662.0
1975 12 355286.0
1976 1 305142.0
1976 2 304496.0
1976 3 415764.0
1976 4 454469.0
1976 5 469443.0
1976 6 501113.0
1976 7 473989.0
1976 8 541741.0
1976 9 734461.0
1976 10 670370.0
1976 11 668850.0
1976 12 663813.0
1977 1 422433.0
1977 2 521482.0
1977 3 769507.0
1977 4 75423.0
1977 5 812685.0
1977 6 83656.0
1977 7 814122.0
1977 8 935818.0
1977 9 801598.0
1977 10 875713.0
1977 11 893786.0
1977 12 948862.0
1978 1 581272.0
1978 2 655627.0
1978 3 1060353.0
1978 4 957607.0
1978 5 1019370.0
1978 6 1367866.0
1978 7 957486.0
1978 8 977428.0
1978 9 1065743.0
1978 10 1111517.0
1978 11 1054858.0
1978 12 904637.0
1979 1 714006.0
1979 2 681781.0
1979 3 1062756.0
1979 4 952674.0
1979 5 1159229.0
1979 6 1356946.0
1979 7 1065546.0
1979 8 1340806.0
1979 9 1426863.0
1979 10 1374499.0
1979 11 1005617.0
1979 12 928621.0
1980 1 797949.0
1980 2 791873.0
1980 3 978742.0
1980 4 774837.0
1980 5 732695.0
1980 6 1115929.0
1980 7 1060303.0
1980 8 1172161.0
1980 9 1780210.0
1980 10 1501991.0
1980 11 1116461.0
1980 12 1199061.0
1981 1 863981.0
1981 2 843467.0
1981 3 1128323.0
1981 4 1344435.0
1981 5 1218758.0
1981 6 1128253.0
1981 7 1032051.0
1981 8 947637.0
1981 9 1182782.0
1981 10 1059593.0
1981 11 769864.0
1981 12 846450.0
1982 1 698739.0
1982 2 650172.0
1982 3 1013210.0
1982 4 1009047.0
1982 5 1087969.0
1982 6 1084996.0
1982 7 1239722.0
1982 8 1047043.0
1982 9 1365815.0
1982 10 1272754.0
1982 11 1267820.5
1982 12 1262887.0
1983 1 974266.0
1983 2 1170061.0
1983 3 1555529.0
1983 4 1424533.0
1983 5 1572980.0
1983 6 1897322.0
1983 7 1866590.0
1983 8 2031638.0
1983 9 2096073.0
1983 10 1826522.0
1983 11 1791384.0
1983 12 1497990.0
1984 1 1499322.0
1984 2 1672779.0
1984 3 1827815.0
1984 4 1926064.0
1984 5 2150421.0
1984 6 2375340.0
1984 7 1866079.0
1984 8 1910260.0
1984 9 1954598.0
1984 10 1827912.0
1984 11 1775388.0
1984 12 1648989.0
1985 1 1493477.0
1985 2 1726544.0
1985 3 1832890.0
1985 4 1975792.0
1985 5 2222156.0
1985 6 2170761.0
1985 7 2018970.0
1985 8 2212334.0
1985 9 2767203.0
1985 10 2176262.0
1985 11 1775111.0
1985 12 68427.0
1986 1 1684386.0
1986 2 1652390.0
1986 3 1994819.0
1986 4 2122324.0
1986 5 2040977.0
1986 6 2099825.0
1986 7 1993790.0
1986 8 1775507.0
1986 9 2211332.0
1986 10 1847070.0
1986 11 1501399.0
1986 12 2062466.0
1987 1 1362156.0
1987 2 1110528.0
1987 3 1745106.0
1987 4 1830713.0
1987 5 1588793.0
1987 6 1859731.0
1987 7 1723434.0
1987 8 1530223.0
1987 9 1728054.0
1987 10 1608795.0
1987 11 1295687.0
1987 12 1231641.0
1988 1 792604.0
1988 2 1101302.0
1988 3 1507933.0
1988 4 1790817.0
1988 5 1494982.0
1988 6 1871619.0
1988 7 1337784.0
1988 8 1589716.0
1988 9 1553363.0
1988 10 1809202.0
1988 11 1386868.0
1988 12 1564321.0
1989 1 1123587.0
1989 2 1082245.0
1989 3 1303090.0
1989 4 1363398.0
1989 5 1653731.0
1989 6 1817235.0
1989 7 1246524.0
1989 8 1490406.0
1989 9 1331185.0
1989 10 1457059.0
1989 11 1144561.0
1989 12 1427136.0
1990 1 1919540.0
1990 2 891677.0
1990 3 1145923.0
1990 4 1105129.0
1990 5 1091499.0
1990 6 1416179.0
1990 7 1074030.0
1990 8 1165449.0
1990 9 881331.0
1990 10 808875.0
1990 11 822844.0
1990 12 699297.0
1991 1 575661.0
1991 2 479675.0
1991 3 927070.0
1991 4 655293.0
1991 5 883199.0
1991 6 902214.0
1991 7 823951.0
1991 8 747707.0
1991 9 730003.0
1991 10 911796.0
1991 11 622435.0
1991 12 718030.0
1992 1 578931.0
1992 2 504327.0
1992 3 700138.0
1992 4 715289.0
1992 5 657683.0
1992 6 775456.0
1992 7 832259.0
1992 8 747113.0
1992 9 881417.0
1992 10 692160.0
1992 11 563925.0
1992 12 597452.0
1993 1 539926.0
1993 2 491199.0
1993 3 675422.0
1993 4 707960.0
1993 5 766812.0
1993 6 879868.0
1993 7 718401.0
1993 8 886812.0
1993 9 941504.0
1993 10 830499.0
1993 11 774643.0
1993 12 1053169.0
1994 1 724608.0
1994 2 562227.0
1994 3 1010834.0
1994 4 1164069.0
1994 5 1082218.0
1994 6 1440357.0
1994 7 1167144.0
1994 8 1484840.0
1994 9 1692205.0
1994 10 1453434.0
1994 11 1205588.0
1994 12 1221164.0
1995 1 947576.0
1995 2 981645.0
1995 3 1253420.0
1995 4 1239696.0
1995 5 1327478.0
1995 6 1539794.0
1995 7 1389577.0
1995 8 1455827.0
1995 9 1540990.0
1995 10 1470250.0
1995 11 1373990.0
1995 12 1348871.0
1996 1 1053679.0
1996 2 1064626.0
1996 3 1173824.0
1996 4 1371157.0
1996 5 1495704.0
1996 6 1429995.0
1996 7 1675861.0
1996 8 1479465.0
1996 9 1810883.0
1996 10 1620170.0
1996 11 1581908.0
1996 12 1601315.0
1997 1 1143273.0
1997 2 1143684.0
1997 3 1548320.0
1997 4 1619137.0
1997 5 1713909.0
1997 6 1656354.0
1997 7 1721374.0
1997 8 1795616.0
1997 9 2046757.0
1997 10 2024503.0
1997 11 1471364.0
1997 12 1809579.0
1998 1 1297111.0
1998 2 1462063.0
1998 3 1701909.0
1998 4 1737565.0
1998 5 1635324.0
1998 6 2032662.0
1998 7 2063574.0
1998 8 2125521.0
1998 9 2266582.0
1998 10 2345849.0
1998 11 1826267.0
1998 12 2057349.0
1999 1 1731777.0
1999 2 1492058.0
1999 3 2012601.0
1999 4 1770682.0
1999 5 1586741.0
1999 6 2232095.0
1999 7 1891901.0
1999 8 2114144.0
1999 9 1863749.0
1999 10 2196220.0
1999 11 1872090.0
1999 12 1970890.0
2000 1 1626804.0
2000 2 1769901.0
2000 3 1777264.0
2000 4 1902387.0
2000 5 1701554.0
2000 6 2442785.0
2000 7 2024950.0
2000 8 2111581.0
2000 9 2129979.0
2000 10 2017400.0
2000 11 2256950.0
2000 12 1758438.0
2001 1 1895893.0
2001 2 1805855.0
2001 3 2087236.0
2001 4 1928684.0
2001 5 2288980.0
2001 6 2215065.0
2001 7 1965681.0
2001 8 2199857.0
2001 9 2184421.0
2001 10 2167516.0
2001 11 2217467.0
2001 12 2017857.0
2002 1 1808116.0
2002 2 1787873.0
2002 3 1937757.0
2002 4 2088002.0
2002 5 2265818.0
2002 6 2530354.0
2002 7 2491549.0
2002 8 2197358.0
2002 9 2526937.0
2002 10 2617744.0
2002 11 2075181.0
2002 12 2499645.0
2003 1 1805557.0
2003 2 2290135.0
2003 3 2014962.0
2003 4 2218854.0
2003 5 2734228.0
2003 6 2604455.0
2003 7 2217797.0
2003 8 2825650.0
2003 9 2622984.0
2003 10 3349902.0
2003 11 2229157.0
2003 12 2677997.0
2004 1 2230978.0
2004 2 2187039.0
2004 3 2761473.0
2004 4 2976104.0
2004 5 3014363.0
2004 6 3086998.0
2004 7 3332292.0
2004 8 2793069.0
2004 9 2994524.0
2004 10 3315512.0
2004 11 3171205.0
2004 12 3391787.0
2005 1 2591204.0
2005 2 2749102.0
2005 3 3327628.0
2005 4 3465678.0
2005 5 3341390.0
2005 6 4051374.0
2005 7 3529186.0
2005 8 3818482.0
2005 9 3739255.0
2005 10 3241846.0
2005 11 3410989.0
2005 12 3582719.0
2006 1 3186774.0
2006 2 3612293.0
2006 3 4379780.0
2006 4 3533410.0
2006 5 3643563.0
2006 6 4148481.0
2006 7 3560019.0
2006 8 3838936.0
2006 9 3717613.0
2006 10 3194186.0
2006 11 2693933.0
2006 12 3430936.0
2007 1 3265637.0
2007 2 2917746.0
2007 3 3409974.0
2007 4 2969993.0
2007 5 3864522.0
2007 6 3541378.0
2007 7 3079415.0
2007 8 3607199.0
2007 9 3536247.0
2007 10 3364032.0
2007 11 3005056.0
2007 12 2962014.0
2008 1 2564474.0
2008 2 2505100.0
2008 3 2321559.0
2008 4 2605929.0
2008 5 3102707.0
2008 6 4538972.0
2008 7 2650593.0
2008 8 2371828.0
2008 9 2311479.0
2008 10 1943273.0
2008 11 1322602.0
2008 12 1464519.0
2009 1 1250102.0
2009 2 1013293.0
2009 3 1167600.0
2009 4 788228.0
2009 5 858228.0
2009 6 1078624.0
2009 7 749190.0
2009 8 837420.0
2009 9 1075711.0
2009 10 773689.0
2009 11 840446.0
2009 12 1156673.0
2010 1 683379.0
2010 2 807764.0
2010 3 1220956.0
2010 4 980664.0
2010 5 1271751.0
2010 6 1665988.0
2010 7 1131844.0
2010 8 1412602.0
2010 9 1294202.0
2010 10 1144618.0
2010 11 923948.0
2010 12 1683945.0
2011 1 911075.0
2011 2 999019.0
2011 3 1487521.0
2011 4 1230727.0
2011 5 1615169.0
2011 6 1936751.0
2011 7 1241232.0
2011 8 1964742.0
2011 9 1508281.0
2011 10 1418373.0
2011 11 1983380.0
2011 12 1922997.0
2012 1 1347795.0
2012 2 1523827.0
2012 3 2416028.0
2012 4 1665914.0
2012 5 2437950.0
2012 6 2598662.0
2012 7 2427129.0
2012 8 2801466.0
2012 9 2744221.0
2012 10 2589959.0
2012 11 2374946.0
2012 12 2714314.0
2013 1 2441186.0
2013 2 2397576.0
2013 3 2236307.0
2013 4 3056285.0
2013 5 3354334.0
2013 6 2793462.0
2013 7 2988832.0
2013 8 2817956.0
2013 9 3108840.0
2013 10 3448247.0
2013 11 2944190.0
2013 12 4392628.0
2014 1 2367982.0
2014 2 3688527.0
2014 3 3366802.0
2014 4 4061225.0
2014 5 3586724.0
2014 6 3366451.0
2014 7 4247672.0
2014 8 3138983.0
2014 9 3880099.0
2014 10 4162966.0
2014 11 3274396.0
2014 12 4076405.0
2015 1 3085688.0
2015 2 3942485.0
2015 3 4024118.0
2015 4 4798894.0
2015 5 5911127.0
2015 6 7534447.0
2015 7 4059980.0
2015 8 4098864.0
2015 9 4439538.0
2015 10 4295416.0
2015 11 5270042.0
2015 12 5519537.0
2016 1 3340788.0
2016 2 3842610.0
2016 3 3396605.0
2016 4 3725423.0
2016 5 4242072.0
2016 6 4694453.0
2016 7 4035958.0
2016 8 4573909.0
2016 9 5672092.0
2016 10 4727351.0
2016 11 4510276.0
2016 12 4317538.0
2017 1 4112397.0
2017 2 3696046.0
2017 3 4556636.0
2017 4 4080277.0
2017 5 4314997.0
2017 6 5507460.0
2017 7 4008786.0
2017 8 5730935.0
2017 9 4318189.0
2017 10 5267000.0
2017 11 4479757.0
2017 12 4423026.0
2018 1 4186165.0
2018 2 3919541.0
2018 3 5627365.0
2018 4 4886957.0
2018 5 5346431.0
2018 6 5644782.0
2018 7 4147680.0
2018 8 4899158.0
2018 9 4073178.0
2018 10 4785866.0
2018 11 4909978.0
2018 12 5286690.0
2019 1 4753740.0
2019 2 3868561.0
2019 3 4821313.0
2019 4 5536455.0
2019 5 5226932.0
2019 6 4473785.0
2019 7 5237082.0
2019 8 5633315.0
2019 9 5437652.0
2019 10 7232407.0
2019 11 5417516.0
2019 12 6048972.0
2020 1 5853279.0
2020 2 4029852.0
2020 3 4872104.0
2020 4 4179105.0
2020 5 4981482.0
2020 6 5168054.0
2020 7 5396769.0
2020 8 4397265.0
2020 9 4676413.0
2020 10 4688709.0
2020 11 5154824.0
2020 12 6542461.0
2021 1 5954225.0
2021 2 4842790.0
2021 3 6175717.0
2021 4 6335743.0
2021 5 6090115.0
2021 6 6226930.0
2021 7 6813542.0
2021 8 7667188.0
2021 9 6518868.0
2021 10 6537403.0
2021 11 7163930.0
2021 12 10424792.0
2022 1 6631903.0
2022 2 5954482.0
2022 3 8311391.0
2022 4 8553948.0
2022 5 7826934.0
2022 6 9121319.0
2022 7 8642028.0
2022 8 8105818.0
2022 9 8465730.0
2022 10 7738070.0
2022 11 7293732.0
2022 12 7684792.0
2023 1 6835761.0
2023 2 7383379.0
2023 3 7973803.0
2023 4 6204365.0
2023 5 7649010.0
2023 6 7549305.0
2023 7 6253034.0
2023 8 8563031.0
2023 9 6002758.0
2023 10 7010206.0
2023 11 6007956.0
2023 12 6744188.0
2024 1 6094870.0
2024 2 5745763.0
2024 3 6883824.0
2024 4 6054302.0
2024 5 6228876.0
2024 6 6676135.0
2024 7 6234049.0
2024 8 6736850.0
