1960 5 1058357.0
1960 6 1022068.0
1960 7 887771.0
1960 8 960842.0
1960 9 875287.0
1960 10 838198.0
1960 11 744569.0
1960 12 598271.0
1961 1 606797.0
1961 2 605922.0
1961 3 950297.0
1961 4 956813.0
1961 5 1103091.0
1961 6 1067608.0
1961 7 975661.0
1961 8 1113200.0
1961 9 935014.0
1961 10 1034590.0
1961 11 876475.0
1961 12 739676.0
1962 1 749839.0
1962 2 775171.0
1962 3 1061512.0
1962 4 1256461.0
1962 5 1248909.0
1962 6 1118785.0
1962 7 1093959.0
1962 8 1155435.0
1962 9 957807.0
1962 10 1092425.0
1962 11 978823.0
1962 12 760305.0
1963 1 832701.0
1963 2 770762.0
1963 3 1093134.0
1963 4 1302221.0
1963 5 1347515.0
1963 6 1185271.0
1963 7 1226208.0
1963 8 1181050.0
1963 9 1134994.0
1963 10 1285781.0
1963 11 957158.0
1963 12 942102.0
1964 1 873969.0
1964 2 920724.0
1964 3 1210480.0
1964 4 1302308.0
1964 5 1255532.0
1964 6 1300418.0
1964 7 1224950.0
1964 8 1065093.0
1964 9 1057476.0
1964 10 1088470.0
1964 11 923197.0
1964 12 864757.0
1965 1 788145.0
1965 2 764288.0
1965 3 1494277.0
1965 4 1257560.0
1965 5 1236008.0
1965 6 1267488.0
1965 7 1127301.0
1965 8 1138338.0
1965 9 1109103.0
1965 10 1112463.0
1965 11 1042287.0
1965 12 922378.0
1966 1 830029.0
1966 2 801337.0
1966 3 1308610.0
1966 4 1242723.0
1966 5 1126577.0
1966 6 1042606.0
1966 7 830984.0
1966 8 849103.0
1966 9 702175.0
1966 10 673398.0
1966 11 619313.0
1966 12 518885.0
1967 1 592454.0
1967 2 620952.0
1967 3 967701.0
1967 4 1051965.0
1967 5 1213139.0
1967 6 1205765.0
1967 7 1043196.0
1967 8 1181462.0
1967 9 1096441.0
1967 10 1184544.0
1967 11 1052857.0
1967 12 860256.0
1968 1 818050.0
1968 2 1005249.0
1968 3 1320583.0
1968 4 1462246.0
1968 5 1770088.0
1968 6 1552841.0
1968 7 1635332.0
1968 8 1579154.0
1968 9 1609018.0
1968 10 1732312.0
1968 11 1449176.0
1968 12 1271171.0
1969 1 1219779.0
1969 2 1306604.0
1969 3 1642606.0
1969 4 2049507.0
1969 5 1814306.0
1969 6 1756075.0
1969 7 1594130.0
1969 8 1482785.0
1969 9 1484128.0
1969 10 1578176.0
1969 11 1195525.0
1969 12 1199783.0
1970 1 918987.0
1970 2 1046845.0
1970 3 1421567.0
1970 4 1787851.0
1970 5 1683821.0
1970 6 1780367.0
1970 7 1641100.0
1970 8 1594147.0
1970 9 1664251.0
1970 10 1859771.0
1970 11 1527636.0
1970 12 1721217.0
1971 1 1291852.0
1971 2 1446556.0
1971 3 2265313.0
1971 4 2571302.0
1971 5 2616794.0
1971 6 2718258.0
1971 7 2600102.0
1971 8 2501120.0
1971 9 2407373.0
1971 10 2415312.0
1971 11 2407166.0
1971 12 2298074.0
1972 1 2040679.0
1972 2 2162077.0
1972 3 2816104.0
1972 4 2926827.0
1972 5 3194543.0
1972 6 3290391.0
1972 7 2799908.0
1972 8 3233254.0
1972 9 2996174.0
1972 10 3169181.0
1972 11 2780874.0
1972 12 2667398.0
1973 1 2437942.0
1973 2 2438376.0
1973 3 3185981.0
1973 4 3385164.0
1973 5 3558998.0
1973 6 3521801.0
1973 7 2948609.0
1973 8 3002117.0
1973 9 2294844.0
1973 10 2246512.0
1973 11 2016241.0
1973 12 1675089.0
1974 1 1630774.0
1974 2 1693049.0
1974 3 2530423.0
1974 4 2742857.0
1974 5 2536340.0
1974 6 2163739.0
1974 7 2096077.0
1974 8 1851467.0
1974 9 1513206.0
1974 10 1568663.0
1974 11 1222082.0
1974 12 1268355.0
1975 1 990243.0
1975 2 1066130.0
1975 3 1487561.0
1975 4 2154730.0
1975 5 2268653.0
1975 6 2387447.0
1975 7 2423806.0
1975 8 2131643.0
1975 9 2297338.0
1975 10 2408619.0
1975 11 1876630.0
1975 12 1812531.0
1976 1 1707964.0
1976 2 1946879.0
1976 3 2911992.0
1976 4 3200216.0
1976 5 3059593.0
1976 6 3332723.0
1976 7 3130563.0
1976 8 3158932.0
1976 9 3258834.0
1976 10 3208404.0
1976 11 3097670.0
1976 12 2767002.0
1977 1 2117317.0
1977 2 2825516.0
1977 3 4490461.0
1977 4 289592.0
1977 5 4676647.0
1977 6 323971.0
1977 7 4275359.0
1977 8 4913761.0
1977 9 4288099.0
1977 10 4294346.0
1977 11 4140574.0
1977 12 3455228.0
1978 1 2671916.0
1978 2 2925559.0
1978 3 4902926.0
1978 4 5195082.0
1978 5 5440360.0
1978 6 6132530.0
1978 7 4616657.0
1978 8 4812079.0
1978 9 4558818.0
1978 10 4925903.0
1978 11 4306696.0
1978 12 3468626.0
1979 1 2731472.0
1979 2 2787235.0
1979 3 4843862.0
1979 4 5196444.0
1979 5 5855552.0
1979 6 5685371.0
1979 7 5055625.0
1979 8 5513963.0
1979 9 4886996.0
1979 10 5078244.0
1979 11 3508545.0
1979 12 2905259.0
1980 1 2731804.0
1980 2 2867825.0
1980 3 3113864.0
1980 4 2912520.0
1980 5 2894632.0
1980 6 3869598.0
1980 7 4499512.0
1980 8 4632230.0
1980 9 5511454.0
1980 10 5140241.0
1980 11 3785964.0
1980 12 3496892.0
1981 1 2785632.0
1981 2 2866116.0
1981 3 4058667.0
1981 4 4755510.0
1981 5 4274946.0
1981 6 3982435.0
1981 7 3635744.0
1981 8 3105818.0
1981 9 3246288.0
1981 10 2864001.0
1981 11 2290866.0
1981 12 2381346.0
1982 1 1904093.0
1982 2 2054153.0
1982 3 3080581.0
1982 4 3253381.0
1982 5 3376514.0
1982 6 3625903.0
1982 7 3589227.0
1982 8 3351705.0
1982 9 3901089.0
1982 10 3994713.0
1982 11 3899920.0
1982 12 3805127.0
1983 1 3385819.0
1983 2 3748064.0
1983 3 5641685.0
1983 4 5813400.0
1983 5 6490421.0
1983 6 7341798.0
1983 7 6381003.0
1983 8 6675233.0
1983 9 6255675.0
1983 10 5926585.0
1983 11 5473253.0
1983 12 4696818.0
1984 1 4760080.0
1984 2 5527774.0
1984 3 6741833.0
1984 4 7132002.0
1984 5 7762855.0
1984 6 7515809.0
1984 7 6366277.0
1984 8 6414055.0
1984 9 5957319.0
1984 10 6209523.0
1984 11 5469250.0
1984 12 4555374.0
1985 1 4715755.0
1985 2 5196056.0
1985 3 6845295.0
1985 4 7693074.0
1985 5 8216949.0
1985 6 7640908.0
1985 7 7695424.0
1985 8 7801620.0
1985 9 7841376.0
1985 10 7653071.0
1985 11 5927112.0
1985 12 127579.0
1986 1 5746334.0
1986 2 5544888.0
1986 3 7640716.0
1986 4 9546121.0
1986 5 9307168.0
1986 6 9443500.0
1986 7 9150747.0
1986 8 7905140.0
1986 9 8652883.0
1986 10 8291592.0
1986 11 6108617.0
1986 12 7348476.0
1987 1 5742899.0
1987 2 5967733.0
1987 3 9168196.0
1987 4 9763748.0
1987 5 8679007.0
1987 6 9946104.0
1987 7 8841869.0
1987 8 8191565.0
1987 9 8253072.0
1987 10 7914934.0
1987 11 6393607.0
1987 12 6032835.0
1988 1 4695130.0
1988 2 5883062.0
1988 3 9134664.0
1988 4 9317406.0
1988 5 9375283.0
1988 6 10431335.0
1988 7 8253173.0
1988 8 9501719.0
1988 9 8504712.0
1988 10 8813970.0
1988 11 7519652.0
1988 12 7111294.0
1989 1 6282675.0
1989 2 6084535.0
1989 3 8545345.0
1989 4 9036783.0
1989 5 9814376.0
1989 6 9870979.0
1989 7 8227853.0
1989 8 9261771.0
1989 9 8114886.0
1989 10 8677521.0
1989 11 7251622.0
1989 12 6571973.0
1990 1 7371084.0
1990 2 6112437.0
1990 3 8519521.0
1990 4 8281122.0
1990 5 8617998.0
1990 6 8641702.0
1990 7 7479761.0
1990 8 7720112.0
1990 9 6077426.0
1990 10 6341744.0
1990 11 5024542.0
1990 12 4061800.0
1991 1 3978353.0
1991 2 4336787.0
1991 3 6565228.0
1991 4 7592341.0
1991 5 8156617.0
1991 6 7766800.0
1991 7 7775874.0
1991 8 7191962.0
1991 9 6669049.0
1991 10 7399351.0
1991 11 5499770.0
1991 12 5605061.0
1992 1 5693786.0
1992 2 6177726.0
1992 3 8310816.0
1992 4 9158354.0
1992 5 8497941.0
1992 6 9465058.0
1992 7 8737917.0
1992 8 7970755.0
1992 9 8442586.0
1992 10 8373629.0
1992 11 6663305.0
1992 12 7152679.0
1993 1 5909921.0
1993 2 6336004.0
1993 3 8818382.0
1993 4 9682561.0
1993 5 9116056.0
1993 6 10469562.0
1993 7 9452898.0
1993 8 10034178.0
1993 9 9835841.0
1993 10 9548287.0
1993 11 8811558.0
1993 12 8579200.0
1994 1 7152538.0
1994 2 7589119.0
1994 3 11575011.0
1994 4 11624580.0
1994 5 12119947.0
1994 6 12735969.0
1994 7 10407889.0
1994 8 11807231.0
1994 9 11095890.0
1994 10 10238755.0
1994 11 8982497.0
1994 12 8318327.0
1995 1 6998929.0
1995 2 7216514.0
1995 3 9973014.0
1995 4 9924305.0
1995 5 11298262.0
1995 6 11781480.0
1995 7 10531972.0
1995 8 11984687.0
1995 9 10769383.0
1995 10 11043476.0
1995 11 9572593.0
1995 12 8644592.0
1996 1 7959524.0
1996 2 8831735.0
1996 3 11227872.0
1996 4 12951514.0
1996 5 13331107.0
1996 6 12337940.0
1996 7 12652389.0
1996 8 12095755.0
1996 9 11114663.0
1996 10 11739482.0
1996 11 9513183.0
1996 12 8929821.0
1997 1 8418076.0
1997 2 8830474.0
1997 3 11389538.0
1997 4 13188495.0
1997 5 13023240.0
1997 6 12940740.0
1997 7 12912275.0
1997 8 12061519.0
1997 9 12665126.0
1997 10 13131577.0
1997 11 9659001.0
1997 12 10331971.0
1998 1 9175258.0
1998 2 10261150.0
1998 3 13727691.0
1998 4 15007497.0
1998 5 14241442.0
1998 6 15777306.0
1998 7 15230585.0
1998 8 14402074.0
1998 9 14371530.0
1998 10 14713339.0
1998 11 12114079.0
1998 12 12906898.0
1999 1 10612477.0
1999 2 11811834.0
1999 3 16379295.0
1999 4 16321031.0
1999 5 15808406.0
1999 6 18083556.0
1999 7 16003461.0
1999 8 15832954.0
1999 9 14397810.0
1999 10 14341932.0
1999 11 13085184.0
1999 12 12685441.0
2000 1 11371647.0
2000 2 12664126.0
2000 3 16686725.0
2000 4 15566404.0
2000 5 16799099.0
2000 6 17330381.0
2000 7 14831835.0
2000 8 16486055.0
2000 9 14808360.0
2000 10 15560588.0
2000 11 13976976.0
2000 12 11690335.0
2001 1 13302002.0
2001 2 13013692.0
2001 3 16910562.0
2001 4 17477317.0
2001 5 19052778.0
2001 6 18233776.0
2001 7 16835860.0
2001 8 17862907.0
2001 9 14743782.0
2001 10 16124914.0
2001 11 14273177.0
2001 12 12918153.0
2002 1 13899124.0
2002 2 14609018.0
2002 3 17065633.0
2002 4 19477420.0
2002 5 20017612.0
2002 6 19177704.0
2002 7 19506882.0
2002 8 18832814.0
2002 9 17802446.0
2002 10 20138158.0
2002 11 15881962.0
2002 12 15964345.0
2003 1 15760776.0
2003 2 15301695.0
2003 3 18527186.0
2003 4 21307285.0
2003 5 21730316.0
2003 6 22395140.0
2003 7 22078255.0
2003 8 21979553.0
2003 9 21658240.0
2003 10 23831905.0
2003 11 17110687.0
2003 12 19400957.0
2004 1 17415517.0
2004 2 18027638.0
2004 3 25419716.0
2004 4 26110031.0
2004 5 25384424.0
2004 6 26944438.0
2004 7 25629675.0
2004 8 24834514.0
2004 9 23740311.0
2004 10 23224938.0
2004 11 21304608.0
2004 12 21373430.0
2005 1 19577029.0
2005 2 20920560.0
2005 3 27211578.0
2005 4 28690485.0
2005 5 29004576.0
2005 6 31374097.0
2005 7 27665894.0
2005 8 30488608.0
2005 9 29233578.0
2005 10 26511975.0
2005 11 24847806.0
2005 12 22504618.0
2006 1 22520558.0
2006 2 23095053.0
2006 3 29266466.0
2006 4 26232230.0
2006 5 28931802.0
2006 6 28566767.0
2006 7 23014383.0
2006 8 24997529.0
2006 9 21381276.0
2006 10 20664114.0
2006 11 17683156.0
2006 12 17132584.0
2007 1 17505391.0
2007 2 16953488.0
2007 3 21803073.0
2007 4 20955531.0
2007 5 23255679.0
2007 6 21492022.0
2007 7 19719292.0
2007 8 19722796.0
2007 9 16114515.0
2007 10 16742025.0
2007 11 13335857.0
2007 12 11490603.0
2008 1 11467374.0
2008 2 11440774.0
2008 3 12338979.0
2008 4 14659492.0
2008 5 14918521.0
2008 6 15671880.0
2008 7 13164256.0
2008 8 11516583.0
2008 9 10938731.0
2008 10 9612865.0
2008 11 6383489.0
2008 12 6117268.0
2009 1 5378203.0
2009 2 5748314.0
2009 3 7089625.0
2009 4 7592229.0
2009 5 8159304.0
2009 6 9829420.0
2009 7 9343790.0
2009 8 8821388.0
2009 9 8850250.0
2009 10 8147992.0
2009 11 6949211.0
2009 12 7773011.0
2010 1 6600538.0
2010 2 7422453.0
2010 3 10615244.0
2010 4 9667779.0
2010 5 8958514.0
2010 6 9989855.0
2010 7 8436133.0
2010 8 8680968.0
2010 9 8103027.0
2010 10 7488971.0
2010 11 6867163.0
2010 12 7812763.0
2011 1 6247129.0
2011 2 6315728.0
2011 3 8914534.0
2011 4 8781583.0
2011 5 9610280.0
2011 6 10241227.0
2011 7 8560486.0
2011 8 10277491.0
2011 9 8898989.0
2011 10 8442022.0
2011 11 8441657.0
2011 12 7903181.0
2012 1 7548507.0
2012 2 8719206.0
2012 3 11105671.0
2012 4 10943812.0
2012 5 13095760.0
2012 6 12823611.0
2012 7 12383292.0
2012 8 13532848.0
2012 9 12101510.0
2012 10 13158023.0
2012 11 11233309.0
2012 12 10629170.0
2013 1 11271997.0
2013 2 11596483.0
2013 3 13500838.0
2013 4 16080928.0
2013 5 17057594.0
2013 6 15368606.0
2013 7 15960704.0
2013 8 15593632.0
2013 9 14373183.0
2013 10 15880972.0
2013 11 12816682.0
2013 12 13628830.0
2014 1 11825660.0
2014 2 13000514.0
2014 3 15045654.0
2014 4 17359634.0
2014 5 17330443.0
2014 6 17588540.0
2014 7 18220217.0
2014 8 15747995.0
2014 9 16378823.0
2014 10 17452989.0
2014 11 13142620.0
2014 12 15135107.0
2015 1 13252308.0
2015 2 14119160.0
2015 3 17477320.0
2015 4 19869834.0
2015 5 20589270.0
2015 6 24189495.0
2015 7 19457669.0
2015 8 18612924.0
2015 9 18481729.0
2015 10 18408534.0
2015 11 17054427.0
2015 12 17620038.0
2016 1 14241911.0
2016 2 16412570.0
2016 3 19300278.0
2016 4 20074197.0
2016 5 21086848.0
2016 6 22633590.0
2016 7 19164715.0
2016 8 21638017.0
2016 9 20857276.0
2016 10 19534462.0
2016 11 18147483.0
2016 12 17580455.0
2017 1 16919716.0
2017 2 17573397.0
2017 3 22864197.0
2017 4 20910297.0
2017 5 23296131.0
2017 6 25160424.0
2017 7 20703783.0
2017 8 24077606.0
2017 9 20470329.0
2017 10 22569112.0
2017 11 19492663.0
2017 12 18355444.0
2018 1 19661652.0
2018 2 19111332.0
2018 3 24167518.0
2018 4 24116864.0
2018 5 25990803.0
2018 6 25636921.0
2018 7 23231562.0
2018 8 24218498.0
2018 9 19902839.0
2018 10 23010075.0
2018 11 19981327.0
2018 12 18253795.0
2019 1 19009630.0
2019 2 17880358.0
2019 3 21849500.0
2019 4 24134380.0
2019 5 25038369.0
2019 6 22861310.0
2019 7 24496940.0
2019 8 25201615.0
2019 9 23076904.0
2019 10 27177341.0
2019 11 21209978.0
2019 12 21597075.0
2020 1 23066850.0
2020 2 21573969.0
2020 3 24027234.0
2020 4 19776319.0
2020 5 21357953.0
2020 6 25978822.0
2020 7 28154570.0
2020 8 26393022.0
2020 9 27855549.0
2020 10 28535283.0
2020 11 24993872.0
2020 12 28738536.0
2021 1 27128755.0
2021 2 25750822.0
2021 3 34620332.0
2021 4 34074369.0
2021 5 31691216.0
2021 6 33539451.0
2021 7 30961156.0
2021 8 32113644.0
2021 9 29598423.0
2021 10 29064969.0
2021 11 28837475.0
2021 12 32053595.0
2022 1 28888952.0
2022 2 29511638.0
2022 3 37288615.0
2022 4 36095063.0
2022 5 34563487.0
2022 6 34973094.0
2022 7 30126204.0
2022 8 31322931.0
2022 9 28705514.0
2022 10 27034555.0
2022 11 23502520.0
2022 12 22289374.0
2023 1 22322802.0
2023 2 23896457.0
2023 3 30475839.0
2023 4 28014784.0
2023 5 33620434.0
2023 6 34855388.0
2023 7 29097185.0
2023 8 34888570.0
2023 9 28999571.0
2023 10 30980773.0
2023 11 27196223.0
2023 12 26337608.0
2024 1 28658232.0
2024 2 29197659.0
2024 3 32504429.0
2024 4 34890072.0
2024 5 34976718.0
2024 6 32502554.0
2024 7 32541290.0
2024 8 33218727.0
