1960 5 44600.0
1960 6 44246.0
1960 7 35751.0
1960 8 41775.0
1960 9 35267.0
1960 10 37128.0
1960 11 36890.0
1960 12 31788.0
1961 1 28949.0
1961 2 27885.0
1961 3 46700.0
1961 4 44859.0
1961 5 47654.0
1961 6 47858.0
1961 7 35747.0
1961 8 43255.0
1961 9 41743.0
1961 10 50675.0
1961 11 38017.0
1961 12 35261.0
1962 1 45141.0
1962 2 38635.0
1962 3 63928.0
1962 4 58718.0
1962 5 66800.0
1962 6 51074.0
1962 7 52156.0
1962 8 55126.0
1962 9 48349.0
1962 10 59849.0
1962 11 52561.0
1962 12 54405.0
1963 1 61540.0
1963 2 53730.0
1963 3 82722.0
1963 4 76917.0
1963 5 87244.0
1963 6 79712.0
1963 7 81921.0
1963 8 67058.0
1963 9 77027.0
1963 10 88445.0
1963 11 65208.0
1963 12 69067.0
1964 1 70072.0
1964 2 70201.0
1964 3 74562.0
1964 4 77985.0
1964 5 66329.0
1964 6 75209.0
1964 7 67190.0
1964 8 52888.0
1964 9 56864.0
1964 10 66680.0
1964 11 53793.0
1964 12 46592.0
1965 1 50433.0
1965 2 41628.0
1965 3 65911.0
1965 4 64354.0
1965 5 55938.0
1965 6 62635.0
1965 7 55560.0
1965 8 50786.0
1965 9 57545.0
1965 10 47563.0
1965 11 49527.0
1965 12 45063.0
1966 1 39839.0
1966 2 40689.0
1966 3 64717.0
1966 4 55110.0
1966 5 49811.0
1966 6 43232.0
1966 7 34186.0
1966 8 34839.0
1966 9 27616.0
1966 10 31586.0
1966 11 25946.0
1966 12 23084.0
1967 1 28517.0
1967 2 26845.0
1967 3 45761.0
1967 4 43837.0
1967 5 50129.0
1967 6 52468.0
1967 7 43215.0
1967 8 56581.0
1967 9 49768.0
1967 10 56010.0
1967 11 56401.0
1967 12 45299.0
1968 1 48441.0
1968 2 71425.0
1968 3 55510.0
1968 4 63246.0
1968 5 74693.0
1968 6 66996.0
1968 7 60764.0
1968 8 63880.0
1968 9 72058.0
1968 10 74721.0
1968 11 70407.0
1968 12 70714.0
1969 1 54933.0
1969 2 65547.0
1969 3 82029.0
1969 4 84203.0
1969 5 72308.0
1969 6 79058.0
1969 7 75703.0
1969 8 72190.0
1969 9 69875.0
1969 10 73649.0
1969 11 63339.0
1969 12 64529.0
1970 1 51465.0
1970 2 50960.0
1970 3 65128.0
1970 4 77119.0
1970 5 79059.0
1970 6 86198.0
1970 7 75482.0
1970 8 91901.0
1970 9 120600.0
1970 10 93642.0
1970 11 87905.0
1970 12 87166.0
1971 1 73230.0
1971 2 85912.0
1971 3 119658.0
1971 4 123822.0
1971 5 133205.0
1971 6 155505.0
1971 7 133540.0
1971 8 157137.0
1971 9 142773.0
1971 10 135641.0
1971 11 134887.0
1971 12 125383.0
1972 1 105337.0
1972 2 113320.0
1972 3 153440.0
1972 4 155594.0
1972 5 178977.0
1972 6 178247.0
1972 7 148880.0
1972 8 162968.0
1972 9 152915.0
1972 10 182660.0
1972 11 149899.0
1972 12 131080.0
1973 1 140003.0
1973 2 115509.0
1973 3 150808.0
1973 4 159266.0
1973 5 175598.0
1973 6 161874.0
1973 7 163621.0
1973 8 158734.0
1973 9 109611.0
1973 10 107913.0
1973 11 95425.0
1973 12 81595.0
1974 1 86511.0
1974 2 81679.0
1974 3 113151.0
1974 4 114130.0
1974 5 110509.0
1974 6 85671.0
1974 7 85145.0
1974 8 75690.0
1974 9 52670.0
1974 10 61242.0
1974 11 44311.0
1974 12 50345.0
1975 1 41101.0
1975 2 58936.0
1975 3 59322.0
1975 4 98288.0
1975 5 92580.0
1975 6 99531.0
1975 7 113080.0
1975 8 80796.0
1975 9 107151.0
1975 10 121419.0
1975 11 97313.0
1975 12 84651.0
1976 1 81721.0
1976 2 89824.0
1976 3 133928.0
1976 4 143183.0
1976 5 135704.0
1976 6 141575.0
1976 7 135481.0
1976 8 145448.0
1976 9 160737.0
1976 10 169295.0
1976 11 169502.0
1976 12 140452.0
1977 1 113461.0
1977 2 148284.0
1977 3 221887.0
1977 4 26544.0
1977 5 201706.0
1977 6 16483.0
1977 7 209749.0
1977 8 218923.0
1977 9 195666.0
1977 10 213497.0
1977 11 253388.0
1977 12 178770.0
1978 1 140243.0
1978 2 153205.0
1978 3 274984.0
1978 4 243438.0
1978 5 271255.0
1978 6 342226.0
1978 7 207735.0
1978 8 252876.0
1978 9 243029.0
1978 10 291583.0
1978 11 248033.0
1978 12 199764.0
1979 1 169545.0
1979 2 148072.0
1979 3 263774.0
1979 4 269649.0
1979 5 289910.0
1979 6 301974.0
1979 7 298864.0
1979 8 359793.0
1979 9 293613.0
1979 10 364533.0
1979 11 206992.0
1979 12 186846.0
1980 1 199105.0
1980 2 195611.0
1980 3 207628.0
1980 4 166000.0
1980 5 194162.0
1980 6 218666.0
1980 7 281384.0
1980 8 315517.0
1980 9 392894.0
1980 10 391069.0
1980 11 290313.0
1980 12 239194.0
1981 1 229902.0
1981 2 209969.0
1981 3 283616.0
1981 4 334056.0
1981 5 273923.0
1981 6 279752.0
1981 7 262364.0
1981 8 239316.0
1981 9 230357.0
1981 10 235387.0
1981 11 177839.0
1981 12 171996.0
1982 1 124701.0
1982 2 134950.0
1982 3 228665.0
1982 4 205640.0
1982 5 240550.0
1982 6 260592.0
1982 7 224795.0
1982 8 213994.0
1982 9 265299.0
1982 10 246476.0
1982 11 244474.5
1982 12 242473.0
1983 1 204557.0
1983 2 210217.0
1983 3 361184.0
1983 4 361183.0
1983 5 351739.0
1983 6 432480.0
1983 7 346325.0
1983 8 400676.0
1983 9 412629.0
1983 10 413004.0
1983 11 359623.0
1983 12 291771.0
1984 1 291408.0
1984 2 306341.0
1984 3 459684.0
1984 4 443727.0
1984 5 477762.0
1984 6 483081.0
1984 7 418638.0
1984 8 440161.0
1984 9 364870.0
1984 10 400025.0
1984 11 398043.0
1984 12 245021.0
1985 1 327037.0
1985 2 242869.0
1985 3 390068.0
1985 4 406125.0
1985 5 428887.0
1985 6 438504.0
1985 7 399107.0
1985 8 431395.0
1985 9 433585.0
1985 10 406915.0
1985 11 295766.0
1985 12 8238.0
1986 1 307232.0
1986 2 255397.0
1986 3 318671.0
1986 4 418815.0
1986 5 431968.0
1986 6 445120.0
1986 7 385674.0
1986 8 356894.0
1986 9 377004.0
1986 10 400896.0
1986 11 281416.0
1986 12 341809.0
1987 1 255118.0
1987 2 271666.0
1987 3 336259.0
1987 4 378090.0
1987 5 351883.0
1987 6 364515.0
1987 7 333831.0
1987 8 316641.0
1987 9 300248.0
1987 10 328683.0
1987 11 258807.0
1987 12 274880.0
1988 1 179340.0
1988 2 232406.0
1988 3 333219.0
1988 4 299235.0
1988 5 332411.0
1988 6 366120.0
1988 7 297553.0
1988 8 323281.0
1988 9 313139.0
1988 10 351653.0
1988 11 282977.0
1988 12 283438.0
1989 1 212731.0
1989 2 252718.0
1989 3 313394.0
1989 4 288809.0
1989 5 311485.0
1989 6 344575.0
1989 7 309716.0
1989 8 334843.0
1989 9 271368.0
1989 10 285516.0
1989 11 248893.0
1989 12 245414.0
1990 1 277895.0
1990 2 209655.0
1990 3 252156.0
1990 4 258991.0
1990 5 274472.0
1990 6 222986.0
1990 7 247166.0
1990 8 273388.0
1990 9 198899.0
1990 10 208662.0
1990 11 160429.0
1990 12 160247.0
1991 1 123837.0
1991 2 144377.0
1991 3 186762.0
1991 4 199464.0
1991 5 204819.0
1991 6 240570.0
1991 7 209711.0
1991 8 228730.0
1991 9 210355.0
1991 10 232619.0
1991 11 179731.0
1991 12 155541.0
1992 1 152368.0
1992 2 150507.0
1992 3 191345.0
1992 4 206868.0
1992 5 220396.0
1992 6 262608.0
1992 7 201887.0
1992 8 258213.0
1992 9 206135.0
1992 10 206433.0
1992 11 174214.0
1992 12 169704.0
1993 1 138515.0
1993 2 166865.0
1993 3 219709.0
1993 4 245082.0
1993 5 214718.0
1993 6 258002.0
1993 7 234548.0
1993 8 228674.0
1993 9 260900.0
1993 10 252702.0
1993 11 228638.0
1993 12 211123.0
1994 1 186982.0
1994 2 172750.0
1994 3 274370.0
1994 4 311045.0
1994 5 327646.0
1994 6 332189.0
1994 7 272154.0
1994 8 320863.0
1994 9 305983.0
1994 10 366096.0
1994 11 294429.0
1994 12 258821.0
1995 1 199038.0
1995 2 198835.0
1995 3 322870.0
1995 4 311640.0
1995 5 347547.0
1995 6 384290.0
1995 7 267960.0
1995 8 359270.0
1995 9 325964.0
1995 10 358274.0
1995 11 317567.0
1995 12 230776.0
1996 1 225609.0
1996 2 228324.0
1996 3 289606.0
1996 4 382564.0
1996 5 375743.0
1996 6 333451.0
1996 7 344594.0
1996 8 330008.0
1996 9 380665.0
1996 10 416168.0
1996 11 317455.0
1996 12 238871.0
1997 1 227591.0
1997 2 263682.0
1997 3 345247.0
1997 4 388539.0
1997 5 363580.0
1997 6 426419.0
1997 7 418718.0
1997 8 356003.0
1997 9 407073.0
1997 10 509276.0
1997 11 295020.0
1997 12 391985.0
1998 1 248427.0
1998 2 289887.0
1998 3 364592.0
1998 4 340119.0
1998 5 360880.0
1998 6 493628.0
1998 7 437850.0
1998 8 395774.0
1998 9 460462.0
1998 10 413918.0
1998 11 320644.0
1998 12 382380.0
1999 1 283341.0
1999 2 297708.0
1999 3 420200.0
1999 4 431901.0
1999 5 344358.0
1999 6 461439.0
1999 7 365355.0
1999 8 401789.0
1999 9 402948.0
1999 10 408809.0
1999 11 398762.0
1999 12 384950.0
2000 1 256741.0
2000 2 325765.0
2000 3 391198.0
2000 4 354476.0
2000 5 390220.0
2000 6 436399.0
2000 7 324921.0
2000 8 475853.0
2000 9 400585.0
2000 10 488059.0
2000 11 393160.0
2000 12 275024.0
2001 1 258686.0
2001 2 352011.0
2001 3 436801.0
2001 4 458043.0
2001 5 514428.0
2001 6 527690.0
2001 7 439639.0
2001 8 506601.0
2001 9 416786.0
2001 10 470570.0
2001 11 403559.0
2001 12 405213.0
2002 1 355470.0
2002 2 353040.0
2002 3 477939.0
2002 4 530593.0
2002 5 514391.0
2002 6 568081.0
2002 7 491593.0
2002 8 567458.0
2002 9 560680.0
2002 10 573634.0
2002 11 397633.0
2002 12 422087.0
2003 1 434338.0
2003 2 415642.0
2003 3 456581.0
2003 4 620203.0
2003 5 640627.0
2003 6 641667.0
2003 7 556516.0
2003 8 630470.0
2003 9 675223.0
2003 10 701641.0
2003 11 532933.0
2003 12 492327.0
2004 1 496826.0
2004 2 444190.0
2004 3 696798.0
2004 4 800951.0
2004 5 725356.0
2004 6 777320.0
2004 7 817259.0
2004 8 639664.0
2004 9 607704.0
2004 10 702830.0
2004 11 635421.0
2004 12 628322.0
2005 1 419088.0
2005 2 488743.0
2005 3 702815.0
2005 4 630395.0
2005 5 728096.0
2005 6 805393.0
2005 7 653736.0
2005 8 764871.0
2005 9 735340.0
2005 10 675764.0
2005 11 615551.0
2005 12 568070.0
2006 1 580249.0
2006 2 565034.0
2006 3 717485.0
2006 4 563505.0
2006 5 762297.0
2006 6 660157.0
2006 7 631152.0
2006 8 731200.0
2006 9 604070.0
2006 10 590824.0
2006 11 477391.0
2006 12 502517.0
2007 1 492628.0
2007 2 447135.0
2007 3 630947.0
2007 4 492697.0
2007 5 599994.0
2007 6 498335.0
2007 7 508176.0
2007 8 494381.0
2007 9 348851.0
2007 10 360752.0
2007 11 419668.0
2007 12 367646.0
2008 1 260751.0
2008 2 275241.0
2008 3 308458.0
2008 4 347619.0
2008 5 301801.0
2008 6 302602.0
2008 7 304300.0
2008 8 258272.0
2008 9 348954.0
2008 10 259376.0
2008 11 144682.0
2008 12 145929.0
2009 1 130387.0
2009 2 117883.0
2009 3 310592.0
2009 4 157145.0
2009 5 178156.0
2009 6 217084.0
2009 7 154932.0
2009 8 171979.0
2009 9 182324.0
2009 10 132118.0
2009 11 198510.0
2009 12 151587.0
2010 1 135213.0
2010 2 143749.0
2010 3 223938.0
2010 4 206870.0
2010 5 172399.0
2010 6 236079.0
2010 7 178181.0
2010 8 203850.0
2010 9 216679.0
2010 10 191751.0
2010 11 174657.0
2010 12 192222.0
2011 1 159285.0
2011 2 125238.0
2011 3 153194.0
2011 4 170444.0
2011 5 182165.0
2011 6 197935.0
2011 7 187534.0
2011 8 270366.0
2011 9 171175.0
2011 10 183880.0
2011 11 183253.0
2011 12 196274.0
2012 1 130429.0
2012 2 175922.0
2012 3 195134.0
2012 4 179054.0
2012 5 223422.0
2012 6 231178.0
2012 7 229884.0
2012 8 324454.0
2012 9 227784.0
2012 10 249612.0
2012 11 244788.0
2012 12 229544.0
2013 1 199290.0
2013 2 244234.0
2013 3 231843.0
2013 4 275217.0
2013 5 287781.0
2013 6 276709.0
2013 7 286664.0
2013 8 251768.0
2013 9 266753.0
2013 10 296883.0
2013 11 213390.0
2013 12 254677.0
2014 1 207807.0
2014 2 209462.0
2014 3 263425.0
2014 4 284612.0
2014 5 285337.0
2014 6 335066.0
2014 7 379791.0
2014 8 308971.0
2014 9 283729.0
2014 10 355152.0
2014 11 226957.0
2014 12 299438.0
2015 1 229701.0
2015 2 251986.0
2015 3 292629.0
2015 4 336324.0
2015 5 376096.0
2015 6 470365.0
2015 7 334481.0
2015 8 314367.0
2015 9 413511.0
2015 10 377889.0
2015 11 275053.0
2015 12 332802.0
2016 1 273060.0
2016 2 301026.0
2016 3 364279.0
2016 4 346872.0
2016 5 346893.0
2016 6 381816.0
2016 7 324088.0
2016 8 453155.0
2016 9 423508.0
2016 10 345201.0
2016 11 378123.0
2016 12 380445.0
2017 1 261282.0
2017 2 402419.0
2017 3 412330.0
2017 4 347724.0
2017 5 412997.0
2017 6 508350.0
2017 7 373040.0
2017 8 460033.0
2017 9 449220.0
2017 10 416442.0
2017 11 395711.0
2017 12 380999.0
2018 1 425299.0
2018 2 446631.0
2018 3 454896.0
2018 4 470230.0
2018 5 456419.0
2018 6 480953.0
2018 7 363823.0
2018 8 500298.0
2018 9 452301.0
2018 10 465852.0
2018 11 406527.0
2018 12 368937.0
2019 1 419954.0
2019 2 365295.0
2019 3 400359.0
2019 4 563996.0
2019 5 443059.0
2019 6 547218.0
2019 7 587885.0
2019 8 513375.0
2019 9 435195.0
2019 10 960073.0
2019 11 437049.0
2019 12 473776.0
2020 1 432642.0
2020 2 532080.0
2020 3 532847.0
2020 4 392278.0
2020 5 441413.0
2020 6 554003.0
2020 7 603494.0
2020 8 633022.0
2020 9 544499.0
2020 10 699314.0
2020 11 565545.0
2020 12 511711.0
2021 1 510958.0
2021 2 518623.0
2021 3 729388.0
2021 4 732889.0
2021 5 703351.0
2021 6 715011.0
2021 7 688108.0
2021 8 605340.0
2021 9 643520.0
2021 10 673814.0
2021 11 606180.0
2021 12 787945.0
2022 1 543004.0
2022 2 549003.0
2022 3 768947.0
2022 4 733047.0
2022 5 737334.0
2022 6 765010.0
2022 7 652907.0
2022 8 733147.0
2022 9 664664.0
2022 10 669909.0
2022 11 570884.0
2022 12 524982.0
2023 1 607850.0
2023 2 509384.0
2023 3 730174.0
2023 4 786059.0
2023 5 792404.0
2023 6 849636.0
2023 7 644976.0
2023 8 897853.0
2023 9 662427.0
2023 10 737104.0
2023 11 630628.0
2023 12 581010.0
2024 1 617502.0
2024 2 649996.0
2024 3 712957.0
2024 4 772762.0
2024 5 879549.0
2024 6 686868.0
2024 7 742321.0
2024 8 850683.0
