1960 5 861710.0
1960 6 869554.0
1960 7 735065.0
1960 8 796367.0
1960 9 705241.0
1960 10 681405.0
1960 11 584862.0
1960 12 450246.0
1961 1 473635.0
1961 2 467965.0
1961 3 745863.0
1961 4 756409.0
1961 5 863825.0
1961 6 842215.0
1961 7 761533.0
1961 8 821902.0
1961 9 717475.0
1961 10 796733.0
1961 11 653654.0
1961 12 495611.0
1962 1 534365.0
1962 2 537223.0
1962 3 769256.0
1962 4 899530.0
1962 5 915142.0
1962 6 814351.0
1962 7 797940.0
1962 8 824393.0
1962 9 684159.0
1962 10 775767.0
1962 11 630474.0
1962 12 480715.0
1963 1 526517.0
1963 2 529045.0
1963 3 766350.0
1963 4 949270.0
1963 5 933916.0
1963 6 855629.0
1963 7 859656.0
1963 8 819780.0
1963 9 775012.0
1963 10 842155.0
1963 11 617806.0
1963 12 515706.0
1964 1 532882.0
1964 2 607438.0
1964 3 837192.0
1964 4 891864.0
1964 5 871103.0
1964 6 879648.0
1964 7 832784.0
1964 8 736090.0
1964 9 761862.0
1964 10 761577.0
1964 11 632880.0
1964 12 547894.0
1965 1 515510.0
1965 2 529718.0
1965 3 1110024.0
1965 4 940980.0
1965 5 891861.0
1965 6 900427.0
1965 7 820321.0
1965 8 811619.0
1965 9 773952.0
1965 10 791635.0
1965 11 697223.0
1965 12 579978.0
1966 1 553912.0
1966 2 533558.0
1966 3 947848.0
1966 4 894990.0
1966 5 782811.0
1966 6 757052.0
1966 7 596037.0
1966 8 600858.0
1966 9 517728.0
1966 10 474061.0
1966 11 431429.0
1966 12 344803.0
1967 1 403075.0
1967 2 457150.0
1967 3 709727.0
1967 4 744410.0
1967 5 892112.0
1967 6 864380.0
1967 7 765834.0
1967 8 834872.0
1967 9 751551.0
1967 10 806611.0
1967 11 684715.0
1967 12 521623.0
1968 1 546332.0
1968 2 634331.0
1968 3 871779.0
1968 4 981101.0
1968 5 1239177.0
1968 6 1062251.0
1968 7 1132123.0
1968 8 1095985.0
1968 9 1100902.0
1968 10 1159364.0
1968 11 935070.0
1968 12 763442.0
1969 1 717394.0
1969 2 779279.0
1969 3 1066946.0
1969 4 1310256.0
1969 5 1211381.0
1969 6 1147721.0
1969 7 1013784.0
1969 8 927277.0
1969 9 924207.0
1969 10 973888.0
1969 11 723928.0
1969 12 714797.0
1970 1 487981.0
1970 2 605304.0
1970 3 909299.0
1970 4 1152364.0
1970 5 1043738.0
1970 6 1112105.0
1970 7 1059721.0
1970 8 1023599.0
1970 9 1060190.0
1970 10 1098598.0
1970 11 910148.0
1970 12 948531.0
1971 1 753048.0
1971 2 863514.0
1971 3 1474843.0
1971 4 1713005.0
1971 5 1701748.0
1971 6 1750795.0
1971 7 1633717.0
1971 8 1556942.0
1971 9 1481330.0
1971 10 1456840.0
1971 11 1407333.0
1971 12 1216536.0
1972 1 1153801.0
1972 2 1220072.0
1972 3 1811903.0
1972 4 1865708.0
1972 5 2050638.0
1972 6 2060368.0
1972 7 1766167.0
1972 8 2064993.0
1972 9 1718592.0
1972 10 1968013.0
1972 11 1589785.0
1972 12 1222745.0
1973 1 1376455.0
1973 2 1450809.0
1973 3 2067765.0
1973 4 2155094.0
1973 5 2340344.0
1973 6 2145075.0
1973 7 1920890.0
1973 8 1839985.0
1973 9 1440118.0
1973 10 1434341.0
1973 11 1202374.0
1973 12 893052.0
1974 1 939101.0
1974 2 1088906.0
1974 3 1680473.0
1974 4 1970822.0
1974 5 1894321.0
1974 6 1642420.0
1974 7 1604008.0
1974 8 1468198.0
1974 9 1208325.0
1974 10 1253591.0
1974 11 948202.0
1974 12 788041.0
1975 1 783716.0
1975 2 885508.0
1975 3 1272410.0
1975 4 1812794.0
1975 5 1928878.0
1975 6 1963663.0
1975 7 2010374.0
1975 8 1826546.0
1975 9 1912626.0
1975 10 2007331.0
1975 11 1526968.0
1975 12 1457245.0
1976 1 1402821.0
1976 2 1642383.0
1976 3 2496229.0
1976 4 2745747.0
1976 5 2590150.0
1976 6 2831611.0
1976 7 2656574.0
1976 8 2617191.0
1976 9 2524373.0
1976 10 2538034.0
1976 11 2428820.0
1976 12 2103190.0
1977 1 1694884.0
1977 2 2304034.0
1977 3 3720955.0
1977 4 214169.0
1977 5 3863962.0
1977 6 240315.0
1977 7 3461237.0
1977 8 3977943.0
1977 9 3486502.0
1977 10 3418632.0
1977 11 3246788.0
1977 12 2506366.0
1978 1 2090644.0
1978 2 2269932.0
1978 3 3842574.0
1978 4 4237474.0
1978 5 4420991.0
1978 6 4764664.0
1978 7 3659171.0
1978 8 3834651.0
1978 9 3493076.0
1978 10 3814387.0
1978 11 3251838.0
1978 12 2563990.0
1979 1 2017466.0
1979 2 2105453.0
1979 3 3781105.0
1979 4 4243770.0
1979 5 4696323.0
1979 6 4328426.0
1979 7 3990079.0
1979 8 4173158.0
1979 9 3460133.0
1979 10 3703745.0
1979 11 2502928.0
1979 12 1976638.0
1980 1 1933855.0
1980 2 2075952.0
1980 3 2135122.0
1980 4 2137683.0
1980 5 2161937.0
1980 6 2753669.0
1980 7 3439209.0
1980 8 3460069.0
1980 9 3731244.0
1980 10 3638250.0
1980 11 2669503.0
1980 12 2297831.0
1981 1 1921652.0
1981 2 2022649.0
1981 3 2930344.0
1981 4 3411075.0
1981 5 3056188.0
1981 6 2854182.0
1981 7 2603692.0
1981 8 2158180.0
1981 9 2063506.0
1981 10 1804408.0
1981 11 1521003.0
1981 12 1534897.0
1982 1 1205355.0
1982 2 1403981.0
1982 3 2067371.0
1982 4 2244335.0
1982 5 2288546.0
1982 6 2540907.0
1982 7 2349506.0
1982 8 2304663.0
1982 9 2535273.0
1982 10 2721959.0
1982 11 2632100.0
1982 12 2542241.0
1983 1 2411553.0
1983 2 2578003.0
1983 3 4086155.0
1983 4 4388867.0
1983 5 4917442.0
1983 6 5444476.0
1983 7 4514413.0
1983 8 4643595.0
1983 9 4159602.0
1983 10 4100062.0
1983 11 3681869.0
1983 12 3198827.0
1984 1 3260758.0
1984 2 3854995.0
1984 3 4914018.0
1984 4 5205938.0
1984 5 5612434.0
1984 6 5140469.0
1984 7 4500198.0
1984 8 4503795.0
1984 9 4002722.0
1984 10 4381611.0
1984 11 3693863.0
1984 12 2906385.0
1985 1 3222279.0
1985 2 3469512.0
1985 3 5012405.0
1985 4 5717282.0
1985 5 5994794.0
1985 6 5470147.0
1985 7 5676461.0
1985 8 5589287.0
1985 9 5074176.0
1985 10 5476800.0
1985 11 4151997.0
1985 12 59152.0
1986 1 4061957.0
1986 2 3892497.0
1986 3 5645900.0
1986 4 7423794.0
1986 5 7266198.0
1986 6 7343685.0
1986 7 7156966.0
1986 8 6129627.0
1986 9 6441560.0
1986 10 6444516.0
1986 11 4607222.0
1986 12 5286010.0
1987 1 4380738.0
1987 2 4857202.0
1987 3 7423089.0
1987 4 7933042.0
1987 5 7090220.0
1987 6 8086376.0
1987 7 7118433.0
1987 8 6661341.0
1987 9 6525021.0
1987 10 6306146.0
1987 11 5097917.0
1987 12 4801191.0
1988 1 3902531.0
1988 2 4781763.0
1988 3 7626735.0
1988 4 7526596.0
1988 5 7880294.0
1988 6 8559722.0
1988 7 6915394.0
1988 8 7912008.0
1988 9 6951338.0
1988 10 7004771.0
1988 11 6132783.0
1988 12 5546969.0
1989 1 5159088.0
1989 2 5002289.0
1989 3 7242262.0
1989 4 7673379.0
1989 5 8160650.0
1989 6 8053750.0
1989 7 6981333.0
1989 8 7771361.0
1989 9 6783701.0
1989 10 7220466.0
1989 11 6107065.0
1989 12 5144849.0
1990 1 5451544.0
1990 2 5220760.0
1990 3 7373598.0
1990 4 7175993.0
1990 5 7526499.0
1990 6 7225523.0
1990 7 6405731.0
1990 8 6554663.0
1990 9 5196095.0
1990 10 5532869.0
1990 11 4201698.0
1990 12 3362503.0
1991 1 3402692.0
1991 2 3857112.0
1991 3 5638158.0
1991 4 6937048.0
1991 5 7273418.0
1991 6 6864586.0
1991 7 6951923.0
1991 8 6444255.0
1991 9 5939046.0
1991 10 6487555.0
1991 11 4877335.0
1991 12 4887031.0
1992 1 5114855.0
1992 2 5673399.0
1992 3 7610678.0
1992 4 8443065.0
1992 5 7840258.0
1992 6 8689602.0
1992 7 7905658.0
1992 8 7223642.0
1992 9 7561169.0
1992 10 7681469.0
1992 11 6099380.0
1992 12 6555227.0
1993 1 5369995.0
1993 2 5844805.0
1993 3 8142960.0
1993 4 8974601.0
1993 5 8349244.0
1993 6 9589694.0
1993 7 8734497.0
1993 8 9147366.0
1993 9 8894337.0
1993 10 8717788.0
1993 11 8036915.0
1993 12 7526031.0
1994 1 6427930.0
1994 2 7026892.0
1994 3 10564177.0
1994 4 10460511.0
1994 5 11037729.0
1994 6 11295612.0
1994 7 9240745.0
1994 8 10322391.0
1994 9 9403685.0
1994 10 8785321.0
1994 11 7776909.0
1994 12 7097163.0
1995 1 6051353.0
1995 2 6234869.0
1995 3 8719594.0
1995 4 8684609.0
1995 5 9970784.0
1995 6 10241686.0
1995 7 9142395.0
1995 8 10528860.0
1995 9 9228393.0
1995 10 9573226.0
1995 11 8198603.0
1995 12 7295721.0
1996 1 6905845.0
1996 2 7767109.0
1996 3 10054048.0
1996 4 11580357.0
1996 5 11835403.0
1996 6 10907945.0
1996 7 10976528.0
1996 8 10616290.0
1996 9 9303780.0
1996 10 10119312.0
1996 11 7931275.0
1996 12 7328506.0
1997 1 7274803.0
1997 2 7686790.0
1997 3 9841218.0
1997 4 11569358.0
1997 5 11309331.0
1997 6 11284386.0
1997 7 11190901.0
1997 8 10265903.0
1997 9 10618369.0
1997 10 11107074.0
1997 11 8187637.0
1997 12 8522392.0
1998 1 7878147.0
1998 2 8799087.0
1998 3 12025782.0
1998 4 13269932.0
1998 5 12606118.0
1998 6 13744644.0
1998 7 13167011.0
1998 8 12276553.0
1998 9 12104948.0
1998 10 12367490.0
1998 11 10287812.0
1998 12 10849549.0
1999 1 8880700.0
1999 2 10319776.0
1999 3 14366694.0
1999 4 14550349.0
1999 5 14221665.0
1999 6 15851461.0
1999 7 14111560.0
1999 8 13718810.0
1999 9 12534061.0
1999 10 12145712.0
1999 11 11213094.0
1999 12 10714551.0
2000 1 9744843.0
2000 2 10894225.0
2000 3 14909461.0
2000 4 13664017.0
2000 5 15097545.0
2000 6 14887596.0
2000 7 12806885.0
2000 8 14374474.0
2000 9 12678381.0
2000 10 13543188.0
2000 11 11720026.0
2000 12 9931897.0
2001 1 11406109.0
2001 2 11207837.0
2001 3 14823326.0
2001 4 15548633.0
2001 5 16763798.0
2001 6 16018711.0
2001 7 14870179.0
2001 8 15663050.0
2001 9 12559361.0
2001 10 13957398.0
2001 11 12055710.0
2001 12 10900296.0
2002 1 12091008.0
2002 2 12821145.0
2002 3 15127876.0
2002 4 17389418.0
2002 5 17751794.0
2002 6 16647350.0
2002 7 17015333.0
2002 8 16635456.0
2002 9 15275509.0
2002 10 17520414.0
2002 11 13806781.0
2002 12 13464700.0
2003 1 13955219.0
2003 2 13011560.0
2003 3 16512224.0
2003 4 19088431.0
2003 5 18996088.0
2003 6 19790685.0
2003 7 19860458.0
2003 8 19153903.0
2003 9 19035256.0
2003 10 20482003.0
2003 11 14881530.0
2003 12 16722960.0
2004 1 15184539.0
2004 2 15840599.0
2004 3 22658243.0
2004 4 23133927.0
2004 5 22370061.0
2004 6 23857440.0
2004 7 22297383.0
2004 8 22041445.0
2004 9 20745787.0
2004 10 19909426.0
2004 11 18133403.0
2004 12 17981643.0
2005 1 16985825.0
2005 2 18171458.0
2005 3 23883950.0
2005 4 25224807.0
2005 5 25663186.0
2005 6 27322723.0
2005 7 24136708.0
2005 8 26670126.0
2005 9 25494323.0
2005 10 23270129.0
2005 11 21436817.0
2005 12 18921899.0
2006 1 19333784.0
2006 2 19482760.0
2006 3 24886686.0
2006 4 22698820.0
2006 5 25288239.0
2006 6 24418286.0
2006 7 19454364.0
2006 8 21158593.0
2006 9 17663663.0
2006 10 17469928.0
2006 11 14989223.0
2006 12 13701648.0
2007 1 14239754.0
2007 2 14035742.0
2007 3 18393099.0
2007 4 17985538.0
2007 5 19391157.0
2007 6 17950644.0
2007 7 16639877.0
2007 8 16115597.0
2007 9 12578268.0
2007 10 13377993.0
2007 11 10330801.0
2007 12 8528589.0
2008 1 8902900.0
2008 2 8935674.0
2008 3 10017420.0
2008 4 12053563.0
2008 5 11815814.0
2008 6 11132908.0
2008 7 10513663.0
2008 8 9144755.0
2008 9 8627252.0
2008 10 7669592.0
2008 11 5060887.0
2008 12 4652749.0
2009 1 4128101.0
2009 2 4735021.0
2009 3 5922025.0
2009 4 6804001.0
2009 5 7301076.0
2009 6 8750796.0
2009 7 8594600.0
2009 8 7983968.0
2009 9 7774539.0
2009 10 7374303.0
2009 11 6108765.0
2009 12 6616338.0
2010 1 5917159.0
2010 2 6614689.0
2010 3 9394288.0
2010 4 8687115.0
2010 5 7686763.0
2010 6 8323867.0
2010 7 7304289.0
2010 8 7268366.0
2010 9 6808825.0
2010 10 6344353.0
2010 11 5943215.0
2010 12 6128818.0
2011 1 5336054.0
2011 2 5316709.0
2011 3 7427013.0
2011 4 7550856.0
2011 5 7995111.0
2011 6 8304476.0
2011 7 7319254.0
2011 8 8312749.0
2011 9 7390708.0
2011 10 7023649.0
2011 11 6458277.0
2011 12 5980184.0
2012 1 6200712.0
2012 2 7195379.0
2012 3 8689643.0
2012 4 9277898.0
2012 5 10657810.0
2012 6 10224949.0
2012 7 9956163.0
2012 8 10731382.0
2012 9 9357289.0
2012 10 10568064.0
2012 11 8858363.0
2012 12 7914856.0
2013 1 8830811.0
2013 2 9198907.0
2013 3 11264531.0
2013 4 13024643.0
2013 5 13703260.0
2013 6 12575144.0
2013 7 12971872.0
2013 8 12775676.0
2013 9 11264343.0
2013 10 12432725.0
2013 11 9872492.0
2013 12 9236202.0
2014 1 9457678.0
2014 2 9311987.0
2014 3 11678852.0
2014 4 13298409.0
2014 5 13743719.0
2014 6 14222089.0
2014 7 13972545.0
2014 8 12609012.0
2014 9 12498724.0
2014 10 13290023.0
2014 11 9868224.0
2014 12 11058702.0
2015 1 10166620.0
2015 2 10176675.0
2015 3 13453202.0
2015 4 15070940.0
2015 5 14678143.0
2015 6 16655048.0
2015 7 15397689.0
2015 8 14514060.0
2015 9 14042191.0
2015 10 14113118.0
2015 11 11784385.0
2015 12 12100501.0
2016 1 10901123.0
2016 2 12569960.0
2016 3 15903673.0
2016 4 16348774.0
2016 5 16844776.0
2016 6 17939137.0
2016 7 15128757.0
2016 8 17064108.0
2016 9 15185184.0
2016 10 14807111.0
2016 11 13637207.0
2016 12 13262917.0
2017 1 12807319.0
2017 2 13877351.0
2017 3 18307561.0
2017 4 16830020.0
2017 5 18981134.0
2017 6 19652964.0
2017 7 16694997.0
2017 8 18346671.0
2017 9 16152140.0
2017 10 17302112.0
2017 11 15012906.0
2017 12 13932418.0
2018 1 15475487.0
2018 2 15191791.0
2018 3 18540153.0
2018 4 19229907.0
2018 5 20644372.0
2018 6 19992139.0
2018 7 19083882.0
2018 8 19319340.0
2018 9 15829661.0
2018 10 18224209.0
2018 11 15071349.0
2018 12 12967105.0
2019 1 14255890.0
2019 2 14011797.0
2019 3 17028187.0
2019 4 18597925.0
2019 5 19811437.0
2019 6 18387525.0
2019 7 19259858.0
2019 8 19568300.0
2019 9 17639252.0
2019 10 19944934.0
2019 11 15792462.0
2019 12 15548103.0
2020 1 17213571.0
2020 2 17544117.0
2020 3 19155130.0
2020 4 15597214.0
2020 5 16376471.0
2020 6 20810768.0
2020 7 22757801.0
2020 8 21995757.0
2020 9 23179136.0
2020 10 23846574.0
2020 11 19839048.0
2020 12 22196075.0
2021 1 21174530.0
2021 2 20908032.0
2021 3 28444615.0
2021 4 27738626.0
2021 5 25601101.0
2021 6 27312521.0
2021 7 24147614.0
2021 8 24446456.0
2021 9 23079555.0
2021 10 22527566.0
2021 11 21673545.0
2021 12 21628803.0
2022 1 22257049.0
2022 2 23557156.0
2022 3 28977224.0
2022 4 27541115.0
2022 5 26736553.0
2022 6 25851775.0
2022 7 21484176.0
2022 8 23217113.0
2022 9 20239784.0
2022 10 19296485.0
2022 11 16208788.0
2022 12 14604582.0
2023 1 15487041.0
2023 2 16513078.0
2023 3 22502036.0
2023 4 21810419.0
2023 5 25971424.0
2023 6 27306083.0
2023 7 22844151.0
2023 8 26325539.0
2023 9 22996813.0
2023 10 23970567.0
2023 11 21188267.0
2023 12 19593420.0
2024 1 22563362.0
2024 2 23451896.0
2024 3 25620605.0
2024 4 28835770.0
2024 5 28747842.0
2024 6 25826419.0
2024 7 26307241.0
2024 8 26481877.0
