1960 5 7067.0
1960 6 6477.0
1960 7 4659.0
1960 8 6925.0
1960 9 4798.0
1960 10 4319.0
1960 11 3644.0
1960 12 2885.0
1961 1 4019.0
1961 2 3696.0
1961 3 5994.0
1961 4 4731.0
1961 5 6905.0
1961 6 6745.0
1961 7 4915.0
1961 8 6044.0
1961 9 5305.0
1961 10 5146.0
1961 11 5240.0
1961 12 3270.0
1962 1 3671.0
1962 2 4224.0
1962 3 6016.0
1962 4 7684.0
1962 5 7637.0
1962 6 7474.0
1962 7 5068.0
1962 8 6676.0
1962 9 5297.0
1962 10 5045.0
1962 11 4821.0
1962 12 3653.0
1963 1 2939.0
1963 2 4697.0
1963 3 7161.0
1963 4 7197.0
1963 5 6306.0
1963 6 6549.0
1963 7 6211.0
1963 8 5460.0
1963 9 5644.0
1963 10 5301.0
1963 11 3592.0
1963 12 2799.0
1964 1 1992.0
1964 2 2913.0
1964 3 4315.0
1964 4 7176.0
1964 5 5529.0
1964 6 5659.0
1964 7 4710.0
1964 8 4213.0
1964 9 5657.0
1964 10 3741.0
1964 11 3503.0
1964 12 1970.0
1965 1 1975.0
1965 2 3070.0
1965 3 4745.0
1965 4 5095.0
1965 5 5279.0
1965 6 4973.0
1965 7 4289.0
1965 8 4158.0
1965 9 4163.0
1965 10 3671.0
1965 11 3476.0
1965 12 2149.0
1966 1 1983.0
1966 2 2276.0
1966 3 4068.0
1966 4 4610.0
1966 5 3592.0
1966 6 4081.0
1966 7 2343.0
1966 8 2618.0
1966 9 2282.0
1966 10 1817.0
1966 11 1550.0
1966 12 1178.0
1967 1 1230.0
1967 2 2425.0
1967 3 3838.0
1967 4 4240.0
1967 5 4113.0
1967 6 4577.0
1967 7 3664.0
1967 8 4296.0
1967 9 3283.0
1967 10 3926.0
1967 11 3212.0
1967 12 1377.0
1968 1 2117.0
1968 2 2757.0
1968 3 4036.0
1968 4 4974.0
1968 5 6173.0
1968 6 5524.0
1968 7 4803.0
1968 8 4815.0
1968 9 4892.0
1968 10 5241.0
1968 11 3374.0
1968 12 2859.0
1969 1 2608.0
1969 2 3165.0
1969 3 5171.0
1969 4 5469.0
1969 5 5759.0
1969 6 5239.0
1969 7 4705.0
1969 8 4881.0
1969 9 5043.0
1969 10 3967.0
1969 11 3114.0
1969 12 3449.0
1970 1 2676.0
1970 2 5390.0
1970 3 6088.0
1970 4 7313.0
1970 5 8611.0
1970 6 11974.0
1970 7 7821.0
1970 8 6443.0
1970 9 6063.0
1970 10 5627.0
1970 11 5014.0
1970 12 9918.0
1971 1 5588.0
1971 2 5402.0
1971 3 6728.0
1971 4 10847.0
1971 5 12171.0
1971 6 13141.0
1971 7 14373.0
1971 8 12472.0
1971 9 13830.0
1971 10 10407.0
1971 11 8501.0
1971 12 5973.0
1972 1 7978.0
1972 2 8683.0
1972 3 16884.0
1972 4 14438.0
1972 5 20680.0
1972 6 19258.0
1972 7 16561.0
1972 8 16829.0
1972 9 15109.0
1972 10 13150.0
1972 11 14088.0
1972 12 6247.0
1973 1 6066.0
1973 2 11799.0
1973 3 18940.0
1973 4 21751.0
1973 5 24669.0
1973 6 19524.0
1973 7 18286.0
1973 8 19032.0
1973 9 10002.0
1973 10 12692.0
1973 11 8455.0
1973 12 6246.0
1974 1 7664.0
1974 2 10632.0
1974 3 19536.0
1974 4 24078.0
1974 5 24508.0
1974 6 20140.0
1974 7 16849.0
1974 8 20116.0
1974 9 16230.0
1974 10 12063.0
1974 11 14887.0
1974 12 9634.0
1975 1 10330.0
1975 2 17292.0
1975 3 21315.0
1975 4 26972.0
1975 5 27256.0
1975 6 28448.0
1975 7 25972.0
1975 8 25601.0
1975 9 28884.0
1975 10 21529.0
1975 11 17269.0
1975 12 14903.0
1976 1 15651.0
1976 2 20286.0
1976 3 37160.0
1976 4 33120.0
1976 5 37799.0
1976 6 40364.0
1976 7 33013.0
1976 8 37336.0
1976 9 41789.0
1976 10 35797.0
1976 11 39592.0
1976 12 35024.0
1977 1 25098.0
1977 2 31218.0
1977 3 56658.0
1977 4 3654330.0
1977 5 53847.0
1977 6 4104036.0
1977 7 41537.0
1977 8 50008.0
1977 9 45273.0
1977 10 41465.0
1977 11 49522.0
1977 12 34712.0
1978 1 38907.0
1978 2 34280.0
1978 3 57930.0
1978 4 55637.0
1978 5 63165.0
1978 6 58541.0
1978 7 55959.0
1978 8 50258.0
1978 9 45320.0
1978 10 44260.0
1978 11 37563.0
1978 12 25795.0
1979 1 26131.0
1979 2 36982.0
1979 3 57676.0
1979 4 57150.0
1979 5 65329.0
1979 6 55150.0
1979 7 51888.0
1979 8 54544.0
1979 9 40285.0
1979 10 36212.0
1979 11 24198.0
1979 12 18790.0
1980 1 15946.0
1980 2 18764.0
1980 3 20235.0
1980 4 19981.0
1980 5 19397.0
1980 6 29172.0
1980 7 31165.0
1980 8 36653.0
1980 9 35035.0
1980 10 32067.0
1980 11 26467.0
1980 12 20310.0
1981 1 16813.0
1981 2 16614.0
1981 3 22233.0
1981 4 29663.0
1981 5 22495.0
1981 6 25398.0
1981 7 23852.0
1981 8 16098.0
1981 9 19669.0
1981 10 13943.0
1981 11 11047.0
1981 12 10615.0
1982 1 5742.0
1982 2 7197.0
1982 3 16555.0
1982 4 21829.0
1982 5 19400.0
1982 6 20006.0
1982 7 21769.0
1982 8 19967.0
1982 9 21346.0
1982 10 24429.0
1982 11 20654.0
1982 12 16879.0
1983 1 23724.0
1983 2 21473.0
1983 3 42628.0
1983 4 41518.0
1983 5 43399.0
1983 6 55120.0
1983 7 45623.0
1983 8 45568.0
1983 9 47642.0
1983 10 40996.0
1983 11 38631.0
1983 12 23160.0
1984 1 23358.0
1984 2 27379.0
1984 3 65109.0
1984 4 49588.0
1984 5 48256.0
1984 6 45967.0
1984 7 45440.0
1984 8 47018.0
1984 9 35179.0
1984 10 40737.0
1984 11 41353.0
1984 12 20458.0
1985 1 26875.0
1985 2 28950.0
1985 3 37351.0
1985 4 54380.0
1985 5 50345.0
1985 6 57783.0
1985 7 52637.0
1985 8 48185.0
1985 9 49137.0
1985 10 47352.0
1985 11 30978.0
1985 12 21408.0
1986 1 26808.0
1986 2 27728.0
1986 3 49848.0
1986 4 54270.0
1986 5 58192.0
1986 6 63583.0
1986 7 52320.0
1986 8 53967.0
1986 9 61392.0
1986 10 55170.0
1986 11 32926.0
1986 12 31962.0
1987 1 24596.0
1987 2 30778.0
1987 3 53186.0
1987 4 52686.0
1987 5 50393.0
1987 6 50451.0
1987 7 45868.0
1987 8 44460.0
1987 9 36773.0
1987 10 36471.0
1987 11 26916.0
1987 12 22708.0
1988 1 15165.0
1988 2 25837.0
1988 3 36435.0
1988 4 40189.0
1988 5 42555.0
1988 6 48563.0
1988 7 39403.0
1988 8 40970.0
1988 9 33850.0
1988 10 41685.0
1988 11 28110.0
1988 12 22584.0
1989 1 21174.0
1989 2 21286.0
1989 3 38338.0
1989 4 41320.0
1989 5 46866.0
1989 6 47383.0
1989 7 45682.0
1989 8 53350.0
1989 9 44810.0
1989 10 41877.0
1989 11 32619.0
1989 12 22878.0
1990 1 24172.0
1990 2 31259.0
1990 3 47109.0
1990 4 47602.0
1990 5 62990.0
1990 6 55455.0
1990 7 53499.0
1990 8 59537.0
1990 9 48829.0
1990 10 49326.0
1990 11 34097.0
1990 12 24223.0
1991 1 29014.0
1991 2 35691.0
1991 3 53049.0
1991 4 77563.0
1991 5 70259.0
1991 6 68618.0
1991 7 74071.0
1991 8 63071.0
1991 9 67625.0
1991 10 71439.0
1991 11 53643.0
1991 12 55180.0
1992 1 43265.0
1992 2 52090.0
1992 3 96228.0
1992 4 105178.0
1992 5 93649.0
1992 6 120308.0
1992 7 96179.0
1992 8 121082.0
1992 9 105720.0
1992 10 110902.0
1992 11 84139.0
1992 12 78907.0
1993 1 48050.0
1993 2 65832.0
1993 3 113030.0
1993 4 129243.0
1993 5 129126.0
1993 6 155145.0
1993 7 133847.0
1993 8 135059.0
1993 9 165167.0
1993 10 129538.0
1993 11 139988.0
1993 12 90755.0
1994 1 107431.0
1994 2 90793.0
1994 3 155280.0
1994 4 160281.0
1994 5 156156.0
1994 6 179941.0
1994 7 119857.0
1994 8 150742.0
1994 9 130172.0
1994 10 129034.0
1994 11 92666.0
1994 12 78267.0
1995 1 92565.0
1995 2 89919.0
1995 3 114269.0
1995 4 135172.0
1995 5 142110.0
1995 6 149049.0
1995 7 144263.0
1995 8 166620.0
1995 9 152971.0
1995 10 153615.0
1995 11 135621.0
1995 12 127468.0
1996 1 103404.0
1996 2 97582.0
1996 3 155254.0
1996 4 164528.0
1996 5 169575.0
1996 6 173242.0
1996 7 166565.0
1996 8 168186.0
1996 9 143434.0
1996 10 150544.0
1996 11 119857.0
1996 12 95955.0
1997 1 90537.0
1997 2 108728.0
1997 3 134303.0
1997 4 158355.0
1997 5 165258.0
1997 6 168715.0
1997 7 138525.0
1997 8 136334.0
1997 9 155685.0
1997 10 160300.0
1997 11 112850.0
1997 12 100733.0
1998 1 99842.0
1998 2 92767.0
1998 3 147710.0
1998 4 174436.0
1998 5 156791.0
1998 6 171304.0
1998 7 169064.0
1998 8 157988.0
1998 9 153189.0
1998 10 154198.0
1998 11 122863.0
1998 12 114997.0
1999 1 96939.0
1999 2 103898.0
1999 3 194310.0
1999 4 163666.0
1999 5 156657.0
1999 6 173466.0
1999 7 160730.0
1999 8 162810.0
1999 9 133864.0
1999 10 136769.0
1999 11 127547.0
1999 12 117015.0
2000 1 114045.0
2000 2 135063.0
2000 3 163246.0
2000 4 171735.0
2000 5 174887.0
2000 6 162947.0
2000 7 158445.0
2000 8 165082.0
2000 9 139736.0
2000 10 153644.0
2000 11 117811.0
2000 12 115925.0
2001 1 110321.0
2001 2 126412.0
2001 3 167618.0
2001 4 155967.0
2001 5 180765.0
2001 6 171935.0
2001 7 170752.0
2001 8 180270.0
2001 9 150070.0
2001 10 163405.0
2001 11 122323.0
2001 12 115789.0
2002 1 109970.0
2002 2 112049.0
2002 3 157832.0
2002 4 185024.0
2002 5 204666.0
2002 6 221198.0
2002 7 197920.0
2002 8 207595.0
2002 9 172806.0
2002 10 186559.0
2002 11 152815.0
2002 12 147125.0
2003 1 153371.0
2003 2 167906.0
2003 3 194370.0
2003 4 247888.0
2003 5 229801.0
2003 6 227446.0
2003 7 220568.0
2003 8 247338.0
2003 9 251203.0
2003 10 252421.0
2003 11 178283.0
2003 12 188580.0
2004 1 164937.0
2004 2 178498.0
2004 3 248918.0
2004 4 305091.0
2004 5 266445.0
2004 6 298961.0
2004 7 275255.0
2004 8 321941.0
2004 9 276046.0
2004 10 260002.0
2004 11 242722.0
2004 12 211340.0
2005 1 216726.0
2005 2 248813.0
2005 3 349850.0
2005 4 368589.0
2005 5 382596.0
2005 6 422088.0
2005 7 334656.0
2005 8 449794.0
2005 9 423095.0
2005 10 364398.0
2005 11 350529.0
2005 12 318505.0
2006 1 317707.0
2006 2 278522.0
2006 3 387654.0
2006 4 369279.0
2006 5 429170.0
2006 6 464897.0
2006 7 386821.0
2006 8 409365.0
2006 9 376070.0
2006 10 370511.0
2006 11 327089.0
2006 12 281932.0
2007 1 275862.0
2007 2 281657.0
2007 3 326552.0
2007 4 355611.0
2007 5 404650.0
2007 6 388282.0
2007 7 384858.0
2007 8 339511.0
2007 9 232347.0
2007 10 231409.0
2007 11 180072.0
2007 12 94671.0
2008 1 101000.0
2008 2 102419.0
2008 3 139711.0
2008 4 175782.0
2008 5 191811.0
2008 6 158158.0
2008 7 151664.0
2008 8 126436.0
2008 9 125398.0
2008 10 110672.0
2008 11 89608.0
2008 12 53275.0
2009 1 40490.0
2009 2 47754.0
2009 3 84499.0
2009 4 114805.0
2009 5 122119.0
2009 6 138190.0
2009 7 139492.0
2009 8 137833.0
2009 9 139036.0
2009 10 123583.0
2009 11 89283.0
2009 12 93986.0
2010 1 85196.0
2010 2 106537.0
2010 3 176659.0
2010 4 172712.0
2010 5 144953.0
2010 6 116855.0
2010 7 116881.0
2010 8 135229.0
2010 9 124974.0
2010 10 115942.0
2010 11 91694.0
2010 12 79713.0
2011 1 78752.0
2011 2 75564.0
2011 3 100986.0
2011 4 121078.0
2011 5 200721.0
2011 6 137496.0
2011 7 164497.0
2011 8 144840.0
2011 9 109754.0
2011 10 122115.0
2011 11 107534.0
2011 12 92605.0
2012 1 108261.0
2012 2 107086.0
2012 3 150118.0
2012 4 194285.0
2012 5 218751.0
2012 6 199911.0
2012 7 185983.0
2012 8 225573.0
2012 9 179303.0
2012 10 210014.0
2012 11 182818.0
2012 12 120317.0
2013 1 121451.0
2013 2 157147.0
2013 3 215532.0
2013 4 247974.0
2013 5 268578.0
2013 6 264559.0
2013 7 260183.0
2013 8 274670.0
2013 9 245552.0
2013 10 272825.0
2013 11 193106.0
2013 12 156355.0
2014 1 169125.0
2014 2 193454.0
2014 3 234710.0
2014 4 247202.0
2014 5 252771.0
2014 6 271717.0
2014 7 243786.0
2014 8 254708.0
2014 9 202242.0
2014 10 248415.0
2014 11 189428.0
2014 12 224958.0
2015 1 182111.0
2015 2 196418.0
2015 3 278687.0
2015 4 293632.0
2015 5 307077.0
2015 6 339654.0
2015 7 346509.0
2015 8 353466.0
2015 9 330056.0
2015 10 283246.0
2015 11 264656.0
2015 12 261491.0
2016 1 226108.0
2016 2 285481.0
2016 3 349827.0
2016 4 331314.0
2016 5 353472.0
2016 6 409119.0
2016 7 359343.0
2016 8 381163.0
2016 9 322603.0
2016 10 334141.0
2016 11 366764.0
2016 12 271065.0
2017 1 235107.0
2017 2 290251.0
2017 3 425871.0
2017 4 363077.0
2017 5 391984.0
2017 6 475507.0
2017 7 397330.0
2017 8 503923.0
2017 9 384635.0
2017 10 435287.0
2017 11 332373.0
2017 12 280231.0
2018 1 384459.0
2018 2 348887.0
2018 3 414804.0
2018 4 502404.0
2018 5 482035.0
2018 6 507177.0
2018 7 435787.0
2018 8 470617.0
2018 9 391041.0
2018 10 430593.0
2018 11 315468.0
2018 12 305658.0
2019 1 297682.0
2019 2 321540.0
2019 3 346168.0
2019 4 399042.0
2019 5 399480.0
2019 6 428387.0
2019 7 447733.0
2019 8 450760.0
2019 9 359637.0
2019 10 462884.0
2019 11 347239.0
2019 12 297268.0
2020 1 364808.0
2020 2 362911.0
2020 3 413512.0
2020 4 377753.0
2020 5 391238.0
2020 6 520684.0
2020 7 486982.0
2020 8 544480.0
2020 9 558107.0
2020 10 571903.0
2020 11 530025.0
2020 12 482168.0
2021 1 539845.0
2021 2 506149.0
2021 3 759330.0
2021 4 737287.0
2021 5 677230.0
2021 6 707857.0
2021 7 556850.0
2021 8 630753.0
2021 9 645143.0
2021 10 464326.0
2021 11 508095.0
2021 12 435697.0
2022 1 548938.0
2022 2 555540.0
2022 3 763457.0
2022 4 673485.0
2022 5 600833.0
2022 6 567743.0
2022 7 462339.0
2022 8 429420.0
2022 9 370586.0
2022 10 380833.0
2022 11 250839.0
2022 12 239157.0
2023 1 264109.0
2023 2 220703.0
2023 3 418951.0
2023 4 368546.0
2023 5 438093.0
2023 6 547895.0
2023 7 549844.0
2023 8 576603.0
2023 9 392726.0
2023 10 435039.0
2023 11 420490.0
2023 12 353196.0
2024 1 406815.0
2024 2 389401.0
2024 3 575649.0
2024 4 605692.0
2024 5 610257.0
2024 6 539412.0
2024 7 579024.0
2024 8 567888.0
