1960 5 364.0
1960 6 635.0
1960 7 216.0
1960 8 481.0
1960 9 454.0
1960 10 488.0
1960 11 419.0
1960 12 235.0
1961 1 297.0
1961 2 304.0
1961 3 482.0
1961 4 454.0
1961 5 276.0
1961 6 231.0
1961 7 431.0
1961 8 736.0
1961 9 613.0
1961 10 279.0
1961 11 446.0
1961 12 554.0
1962 1 401.0
1962 2 285.0
1962 3 606.0
1962 4 923.0
1962 5 680.0
1962 6 694.0
1962 7 498.0
1962 8 725.0
1962 9 1173.0
1962 10 1081.0
1962 11 537.0
1962 12 926.0
1963 1 402.0
1963 2 594.0
1963 3 1293.0
1963 4 1065.0
1963 5 1099.0
1963 6 710.0
1963 7 632.0
1963 8 559.0
1963 9 471.0
1963 10 697.0
1963 11 401.0
1963 12 244.0
1964 1 416.0
1964 2 200.0
1964 3 603.0
1964 4 597.0
1964 5 298.0
1964 6 360.0
1964 7 358.0
1964 8 309.0
1964 9 496.0
1964 10 423.0
1964 11 486.0
1964 12 334.0
1965 1 190.0
1965 2 143.0
1965 3 565.0
1965 4 242.0
1965 5 927.0
1965 6 297.0
1965 7 112.0
1965 8 108.0
1965 9 401.0
1965 10 274.0
1965 11 117.0
1965 12 104.0
1966 1 246.0
1966 2 314.0
1966 3 381.0
1966 4 378.0
1966 5 620.0
1966 6 89.0
1966 7 93.0
1966 8 201.0
1966 9 162.0
1966 10 91.0
1966 11 85.0
1966 12 32.0
1967 1 14.0
1967 2 154.0
1967 3 337.0
1967 4 461.0
1967 5 886.0
1967 6 731.0
1967 7 363.0
1967 8 368.0
1967 9 545.0
1967 10 410.0
1967 11 565.0
1967 12 135.0
1968 1 191.0
1968 2 358.0
1968 3 751.0
1968 4 582.0
1968 5 987.0
1968 6 700.0
1968 7 672.0
1968 8 703.0
1968 9 409.0
1968 10 791.0
1968 11 450.0
1968 12 248.0
1969 1 506.0
1969 2 415.0
1969 3 885.0
1969 4 1398.0
1969 5 938.0
1969 6 571.0
1969 7 766.0
1969 8 389.0
1969 9 567.0
1969 10 816.0
1969 11 1030.0
1969 12 454.0
1970 1 555.0
1970 2 676.0
1970 3 322.0
1970 4 783.0
1970 5 769.0
1970 6 724.0
1970 7 889.0
1970 8 664.0
1970 9 2108.0
1970 10 868.0
1970 11 922.0
1970 12 652.0
1971 1 392.0
1971 2 726.0
1971 3 1624.0
1971 4 2955.0
1971 5 2592.0
1971 6 2329.0
1971 7 3519.0
1971 8 3201.0
1971 9 1512.0
1971 10 1737.0
1971 11 1136.0
1971 12 544.0
1972 1 1885.0
1972 2 2006.0
1972 3 4024.0
1972 4 3332.0
1972 5 2907.0
1972 6 3474.0
1972 7 2209.0
1972 8 1439.0
1972 9 1366.0
1972 10 3715.0
1972 11 2990.0
1972 12 1867.0
1973 1 810.0
1973 2 2009.0
1973 3 2713.0
1973 4 2863.0
1973 5 1823.0
1973 6 1084.0
1973 7 1719.0
1973 8 1751.0
1973 9 1028.0
1973 10 369.0
1973 11 816.0
1973 12 675.0
1974 1 391.0
1974 2 1930.0
1974 3 2027.0
1974 4 2218.0
1974 5 2776.0
1974 6 2032.0
1974 7 1680.0
1974 8 834.0
1974 9 786.0
1974 10 1112.0
1974 11 593.0
1974 12 470.0
1975 1 312.0
1975 2 883.0
1975 3 1610.0
1975 4 3487.0
1975 5 2195.0
1975 6 2954.0
1975 7 2703.0
1975 8 2454.0
1975 9 1554.0
1975 10 1612.0
1975 11 2645.0
1975 12 1628.0
1976 1 1425.0
1976 2 2286.0
1976 3 3501.0
1976 4 4811.0
1976 5 7514.0
1976 6 4779.0
1976 7 2575.0
1976 8 3710.0
1976 9 3966.0
1976 10 3886.0
1976 11 4458.0
1976 12 2123.0
1977 1 4642.0
1977 2 3384.0
1977 3 5008.0
1977 4 206967.0
1977 5 5087.0
1977 6 220556.0
1977 7 3576.0
1977 8 5845.0
1977 9 4327.0
1977 10 5451.0
1977 11 2596.0
1977 12 5472.0
1978 1 4191.0
1978 2 3135.0
1978 3 11746.0
1978 4 6645.0
1978 5 4517.0
1978 6 4869.0
1978 7 2162.0
1978 8 5384.0
1978 9 4268.0
1978 10 5463.0
1978 11 3980.0
1978 12 3159.0
1979 1 1759.0
1979 2 1044.0
1979 3 3391.0
1979 4 2898.0
1979 5 3986.0
1979 6 6267.0
1979 7 6535.0
1979 8 2717.0
1979 9 7966.0
1979 10 2063.0
1979 11 1754.0
1979 12 1707.0
1980 1 1449.0
1980 2 2065.0
1980 3 1581.0
1980 4 1465.0
1980 5 1783.0
1980 6 2092.0
1980 7 1746.0
1980 8 2819.0
1980 9 1700.0
1980 10 4490.0
1980 11 2370.0
1980 12 3139.0
1981 1 1823.0
1981 2 3484.0
1981 3 3627.0
1981 4 3600.0
1981 5 1536.0
1981 6 3193.0
1981 7 1898.0
1981 8 3072.0
1981 9 1123.0
1981 10 1636.0
1981 11 1259.0
1981 12 1057.0
1982 1 2267.0
1982 2 913.0
1982 3 1624.0
1982 4 2330.0
1982 5 5816.0
1982 6 2402.0
1982 7 1195.0
1982 8 1069.0
1982 9 2106.0
1982 10 1871.0
1982 11 2615.5
1982 12 3360.0
1983 1 765.0
1983 2 2575.0
1983 3 2999.0
1983 4 4058.0
1983 5 2981.0
1983 6 5483.0
1983 7 2306.0
1983 8 2590.0
1983 9 3650.0
1983 10 2497.0
1983 11 3168.0
1983 12 2320.0
1984 1 941.0
1984 2 3554.0
1984 3 3620.0
1984 4 5374.0
1984 5 5039.0
1984 6 5008.0
1984 7 2728.0
1984 8 5540.0
1984 9 1946.0
1984 10 4058.0
1984 11 2944.0
1984 12 1332.0
1985 1 1112.0
1985 2 1019.0
1985 3 3104.0
1985 4 2344.0
1985 5 4236.0
1985 6 4267.0
1985 7 3224.0
1985 8 9345.0
1985 9 2000.0
1985 10 1729.0
1985 11 1120.0
1985 12 1425.0
1986 1 602.0
1986 2 1394.0
1986 3 2684.0
1986 4 3484.0
1986 5 2279.0
1986 6 1590.0
1986 7 901.0
1986 8 989.0
1986 9 2682.0
1986 10 2977.0
1986 11 599.0
1986 12 3191.0
1987 1 1120.0
1987 2 795.0
1987 3 423.0
1987 4 2499.0
1987 5 1788.0
1987 6 2009.0
1987 7 390.0
1987 8 683.0
1987 9 700.0
1987 10 828.0
1987 11 347.0
1987 12 424.0
1988 1 91.0
1988 2 82.0
1988 3 559.0
1988 4 724.0
1988 5 735.0
1988 6 1072.0
1988 7 1918.0
1988 8 1023.0
1988 9 404.0
1988 10 1262.0
1988 11 468.0
1988 12 296.0
1989 1 161.0
1989 2 82.0
1989 3 444.0
1989 4 842.0
1989 5 1930.0
1989 6 449.0
1989 7 1302.0
1989 8 1285.0
1989 9 1247.0
1989 10 1944.0
1989 11 1149.0
1989 12 304.0
1990 1 1043.0
1990 2 233.0
1990 3 342.0
1990 4 945.0
1990 5 1831.0
1990 6 2223.0
1990 7 1251.0
1990 8 1291.0
1990 9 1962.0
1990 10 3249.0
1990 11 759.0
1990 12 1719.0
1991 1 681.0
1991 2 304.0
1991 3 3490.0
1991 4 2314.0
1991 5 2975.0
1991 6 337.0
1991 7 1614.0
1991 8 4131.0
1991 9 1233.0
1991 10 2741.0
1991 11 1028.0
1991 12 1528.0
1992 1 342.0
1992 2 2400.0
1992 3 876.0
1992 4 4385.0
1992 5 3532.0
1992 6 3686.0
1992 7 2940.0
1992 8 3560.0
1992 9 3496.0
1992 10 4316.0
1992 11 2267.0
1992 12 1756.0
1993 1 561.0
1993 2 6152.0
1993 3 5059.0
1993 4 8151.0
1993 5 9454.0
1993 6 17849.0
1993 7 6275.0
1993 8 3034.0
1993 9 9308.0
1993 10 3827.0
1993 11 7050.0
1993 12 6934.0
1994 1 5303.0
1994 2 1917.0
1994 3 6131.0
1994 4 10289.0
1994 5 7844.0
1994 6 5197.0
1994 7 7543.0
1994 8 6204.0
1994 9 4419.0
1994 10 9837.0
1994 11 6755.0
1994 12 5241.0
1995 1 2726.0
1995 2 6294.0
1995 3 5505.0
1995 4 5145.0
1995 5 10596.0
1995 6 12415.0
1995 7 9376.0
1995 8 8163.0
1995 9 14166.0
1995 10 12790.0
1995 11 11058.0
1995 12 4990.0
1996 1 9542.0
1996 2 8471.0
1996 3 10519.0
1996 4 10770.0
1996 5 10032.0
1996 6 7591.0
1996 7 11937.0
1996 8 7416.0
1996 9 14662.0
1996 10 7002.0
1996 11 12004.0
1996 12 10368.0
1997 1 4143.0
1997 2 4441.0
1997 3 4127.0
1997 4 13794.0
1997 5 5870.0
1997 6 13183.0
1997 7 8805.0
1997 8 4536.0
1997 9 6521.0
1997 10 5580.0
1997 11 4910.0
1997 12 5056.0
1998 1 7068.0
1998 2 4992.0
1998 3 8823.0
1998 4 4467.0
1998 5 11299.0
1998 6 6736.0
1998 7 4853.0
1998 8 9969.0
1998 9 8594.0
1998 10 9559.0
1998 11 4140.0
1998 12 7520.0
1999 1 6928.0
1999 2 6284.0
1999 3 5526.0
1999 4 4473.0
1999 5 5261.0
1999 6 5915.0
1999 7 5468.0
1999 8 7835.0
1999 9 13041.0
1999 10 6147.0
1999 11 5657.0
1999 12 5545.0
2000 1 3733.0
2000 2 4621.0
2000 3 5099.0
2000 4 4834.0
2000 5 13123.0
2000 6 6300.0
2000 7 8724.0
2000 8 9191.0
2000 9 10940.0
2000 10 8202.0
2000 11 9149.0
2000 12 6433.0
2001 1 8010.0
2001 2 9552.0
2001 3 8310.0
2001 4 9060.0
2001 5 9498.0
2001 6 9593.0
2001 7 6846.0
2001 8 6654.0
2001 9 7225.0
2001 10 5580.0
2001 11 8377.0
2001 12 5761.0
2002 1 5202.0
2002 2 9923.0
2002 3 7958.0
2002 4 10843.0
2002 5 7167.0
2002 6 5836.0
2002 7 7375.0
2002 8 5288.0
2002 9 10922.0
2002 10 10686.0
2002 11 6479.0
2002 12 4569.0
2003 1 5044.0
2003 2 7666.0
2003 3 10084.0
2003 4 11102.0
2003 5 12913.0
2003 6 12382.0
2003 7 9485.0
2003 8 7612.0
2003 9 9860.0
2003 10 16009.0
2003 11 7819.0
2003 12 5604.0
2004 1 7690.0
2004 2 5142.0
2004 3 21502.0
2004 4 12302.0
2004 5 13137.0
2004 6 14777.0
2004 7 24552.0
2004 8 10626.0
2004 9 11437.0
2004 10 8400.0
2004 11 11446.0
2004 12 5756.0
2005 1 4448.0
2005 2 6407.0
2005 3 9780.0
2005 4 6587.0
2005 5 11828.0
2005 6 7706.0
2005 7 10263.0
2005 8 15141.0
2005 9 8918.0
2005 10 15131.0
2005 11 6274.0
2005 12 8120.0
2006 1 2120.0
2006 2 8742.0
2006 3 8524.0
2006 4 10668.0
2006 5 8676.0
2006 6 8072.0
2006 7 7333.0
2006 8 39234.0
2006 9 10198.0
2006 10 7981.0
2006 11 5127.0
2006 12 3193.0
2007 1 4443.0
2007 2 6257.0
2007 3 13667.0
2007 4 4094.0
2007 5 18808.0
2007 6 6456.0
2007 7 10407.0
2007 8 10744.0
2007 9 4479.0
2007 10 6304.0
2007 11 7036.0
2007 12 5571.0
2008 1 1510.0
2008 2 6306.0
2008 3 3104.0
2008 4 9355.0
2008 5 23778.0
2008 6 5790.0
2008 7 4509.0
2008 8 4094.0
2008 9 6461.0
2008 10 5034.0
2008 11 2997.0
2008 12 3656.0
2009 1 4510.0
2009 2 1965.0
2009 3 155283.0
2009 4 2610.0
2009 5 5158.0
2009 6 10859.0
2009 7 1267.0
2009 8 7060.0
2009 9 6272.0
2009 10 3382.0
2009 11 5399.0
2009 12 1976.0
2010 1 2394.0
2010 2 3772.0
2010 3 5447.0
2010 4 2146.0
2010 5 2086.0
2010 6 5414.0
2010 7 2538.0
2010 8 28297.0
2010 9 2564.0
2010 10 1573.0
2010 11 12239.0
2010 12 1118.0
2011 1 1792.0
2011 2 20023.0
2011 3 2884.0
2011 4 1931.0
2011 5 1819.0
2011 6 3341.0
2011 7 2368.0
2011 8 3895.0
2011 9 4833.0
2011 10 2923.0
2011 11 2343.0
2011 12 4807.0
2012 1 2266.0
2012 2 5321.0
2012 3 4188.0
2012 4 2049.0
2012 5 2910.0
2012 6 3332.0
2012 7 5639.0
2012 8 2203.0
2012 9 3603.0
2012 10 5525.0
2012 11 4428.0
2012 12 5358.0
2013 1 3737.0
2013 2 4607.0
2013 3 12942.0
2013 4 5682.0
2013 5 5262.0
2013 6 5458.0
2013 7 9301.0
2013 8 11135.0
2013 9 4901.0
2013 10 10597.0
2013 11 4346.0
2013 12 5973.0
2014 1 7780.0
2014 2 3498.0
2014 3 4335.0
2014 4 2277.0
2014 5 6887.0
2014 6 8736.0
2014 7 6681.0
2014 8 6234.0
2014 9 4471.0
2014 10 4242.0
2014 11 4885.0
2014 12 6262.0
2015 1 2597.0
2015 2 7156.0
2015 3 8038.0
2015 4 13170.0
2015 5 14711.0
2015 6 10530.0
2015 7 10704.0
2015 8 7045.0
2015 9 8889.0
2015 10 10512.0
2015 11 9340.0
2015 12 3900.0
2016 1 3390.0
2016 2 1828.0
2016 3 8217.0
2016 4 4292.0
2016 5 9317.0
2016 6 3836.0
2016 7 4403.0
2016 8 6177.0
2016 9 7376.0
2016 10 5193.0
2016 11 5817.0
2016 12 7880.0
2017 1 3133.0
2017 2 8098.0
2017 3 4758.0
2017 4 5066.0
2017 5 5243.0
2017 6 4897.0
2017 7 8293.0
2017 8 13632.0
2017 9 12363.0
2017 10 9466.0
2017 11 23529.0
2017 12 8547.0
2018 1 12810.0
2018 2 8163.0
2018 3 8039.0
2018 4 11595.0
2018 5 8855.0
2018 6 15339.0
2018 7 7831.0
2018 8 11530.0
2018 9 6147.0
2018 10 6261.0
2018 11 25319.0
2018 12 7155.0
2019 1 7352.0
2019 2 6825.0
2019 3 6784.0
2019 4 13897.0
2019 5 12553.0
2019 6 10282.0
2019 7 7449.0
2019 8 17368.0
2019 9 7991.0
2019 10 8840.0
2019 11 13530.0
2019 12 7556.0
2020 1 10842.0
2020 2 22438.0
2020 3 6957.0
2020 4 9742.0
2020 5 4234.0
2020 6 13590.0
2020 7 16344.0
2020 8 13729.0
2020 9 15280.0
2020 10 35755.0
2020 11 14578.0
2020 12 16580.0
2021 1 8632.0
2021 2 20884.0
2021 3 12143.0
2021 4 5393.0
2021 5 21334.0
2021 6 18856.0
2021 7 11822.0
2021 8 8607.0
2021 9 24964.0
2021 10 12398.0
2021 11 15290.0
2021 12 7679.0
2022 1 10916.0
2022 2 21313.0
2022 3 15923.0
2022 4 10861.0
2022 5 11552.0
2022 6 17511.0
2022 7 13376.0
2022 8 19281.0
2022 9 16982.0
2022 10 15382.0
2022 11 11637.0
2022 12 7742.0
2023 1 18432.0
2023 2 16405.0
2023 3 9193.0
2023 4 22372.0
2023 5 24455.0
2023 6 8921.0
2023 7 11015.0
2023 8 13762.0
2023 9 6072.0
2023 10 11978.0
2023 11 11700.0
2023 12 11949.0
2024 1 11865.0
2024 2 7152.0
2024 3 9736.0
2024 4 12465.0
2024 5 17508.0
2024 6 13066.0
2024 7 16205.0
2024 8 19390.0
