1960 5 7841.0
1960 6 7244.0
1960 7 5892.0
1960 8 7406.0
1960 9 5292.0
1960 10 5084.0
1960 11 4063.0
1960 12 3121.0
1961 1 4359.0
1961 2 4000.0
1961 3 7126.0
1961 4 5715.0
1961 5 8721.0
1961 6 7205.0
1961 7 5385.0
1961 8 6935.0
1961 9 7510.0
1961 10 7274.0
1961 11 6679.0
1961 12 4489.0
1962 1 4405.0
1962 2 5294.0
1962 3 7267.0
1962 4 9075.0
1962 5 9421.0
1962 6 8895.0
1962 7 5686.0
1962 8 9532.0
1962 9 7421.0
1962 10 6940.0
1962 11 6600.0
1962 12 6096.0
1963 1 3784.0
1963 2 6267.0
1963 3 10907.0
1963 4 9669.0
1963 5 9921.0
1963 6 8434.0
1963 7 9098.0
1963 8 6533.0
1963 9 7159.0
1963 10 7071.0
1963 11 4208.0
1963 12 4403.0
1964 1 3142.0
1964 2 4964.0
1964 3 6000.0
1964 4 8706.0
1964 5 10169.0
1964 6 7155.0
1964 7 5802.0
1964 8 5099.0
1964 9 9552.0
1964 10 4668.0
1964 11 4036.0
1964 12 2481.0
1965 1 2720.0
1965 2 3893.0
1965 3 5991.0
1965 4 6234.0
1965 5 6422.0
1965 6 5464.0
1965 7 4837.0
1965 8 6704.0
1965 9 4564.0
1965 10 6552.0
1965 11 3888.0
1965 12 2382.0
1966 1 2653.0
1966 2 2631.0
1966 3 4704.0
1966 4 5355.0
1966 5 5113.0
1966 6 5040.0
1966 7 2644.0
1966 8 2970.0
1966 9 2812.0
1966 10 2098.0
1966 11 1754.0
1966 12 1370.0
1967 1 1423.0
1967 2 3151.0
1967 3 5736.0
1967 4 5209.0
1967 5 5221.0
1967 6 5542.0
1967 7 4262.0
1967 8 5832.0
1967 9 4571.0
1967 10 5453.0
1967 11 4002.0
1967 12 1881.0
1968 1 2393.0
1968 2 3689.0
1968 3 5291.0
1968 4 7615.0
1968 5 8953.0
1968 6 6671.0
1968 7 5801.0
1968 8 5866.0
1968 9 5437.0
1968 10 6833.0
1968 11 4221.0
1968 12 4155.0
1969 1 3893.0
1969 2 3858.0
1969 3 7062.0
1969 4 8347.0
1969 5 8910.0
1969 6 6882.0
1969 7 6988.0
1969 8 5995.0
1969 9 5772.0
1969 10 5620.0
1969 11 5328.0
1969 12 4401.0
1970 1 3638.0
1970 2 6702.0
1970 3 7949.0
1970 4 9119.0
1970 5 13457.0
1970 6 14826.0
1970 7 9356.0
1970 8 8321.0
1970 9 10386.0
1970 10 7893.0
1970 11 8748.0
1970 12 11903.0
1971 1 6638.0
1971 2 7826.0
1971 3 10891.0
1971 4 17239.0
1971 5 20393.0
1971 6 17565.0
1971 7 21385.0
1971 8 16839.0
1971 9 20793.0
1971 10 14195.0
1971 11 15520.0
1971 12 9168.0
1972 1 12904.0
1972 2 13774.0
1972 3 27347.0
1972 4 19764.0
1972 5 27410.0
1972 6 28022.0
1972 7 21446.0
1972 8 21720.0
1972 9 22354.0
1972 10 22870.0
1972 11 28298.0
1972 12 8830.0
1973 1 9742.0
1973 2 15712.0
1973 3 24351.0
1973 4 30089.0
1973 5 29945.0
1973 6 26640.0
1973 7 24328.0
1973 8 23703.0
1973 9 16872.0
1973 10 15164.0
1973 11 10644.0
1973 12 13168.0
1974 1 14268.0
1974 2 16323.0
1974 3 22751.0
1974 4 29778.0
1974 5 35881.0
1974 6 25363.0
1974 7 19356.0
1974 8 21660.0
1974 9 17942.0
1974 10 13779.0
1974 11 16430.0
1974 12 10103.0
1975 1 10641.0
1975 2 18274.0
1975 3 24204.0
1975 4 32581.0
1975 5 33089.0
1975 6 35892.0
1975 7 31109.0
1975 8 28789.0
1975 9 31362.0
1975 10 23791.0
1975 11 21230.0
1975 12 17691.0
1976 1 18176.0
1976 2 23916.0
1976 3 46485.0
1976 4 43832.0
1976 5 48101.0
1976 6 48891.0
1976 7 36284.0
1976 8 45280.0
1976 9 47584.0
1976 10 43027.0
1976 11 45972.0
1976 12 42816.0
1977 1 30847.0
1977 2 37461.0
1977 3 63936.0
1977 4 4527062.0
1977 5 62890.0
1977 6 5066551.0
1977 7 48123.0
1977 8 59914.0
1977 9 51711.0
1977 10 48288.0
1977 11 55808.0
1977 12 48293.0
1978 1 47017.0
1978 2 39798.0
1978 3 77721.0
1978 4 69264.0
1978 5 74736.0
1978 6 66200.0
1978 7 59790.0
1978 8 56891.0
1978 9 56655.0
1978 10 52593.0
1978 11 45510.0
1978 12 30448.0
1979 1 30116.0
1979 2 44155.0
1979 3 64199.0
1979 4 63991.0
1979 5 71355.0
1979 6 66149.0
1979 7 62979.0
1979 8 63285.0
1979 9 51989.0
1979 10 44455.0
1979 11 26536.0
1979 12 21699.0
1980 1 19175.0
1980 2 23579.0
1980 3 23641.0
1980 4 30946.0
1980 5 26030.0
1980 6 31674.0
1980 7 34141.0
1980 8 46027.0
1980 9 38359.0
1980 10 40116.0
1980 11 34262.0
1980 12 28208.0
1981 1 19691.0
1981 2 20410.0
1981 3 26105.0
1981 4 35285.0
1981 5 62861.0
1981 6 31239.0
1981 7 31086.0
1981 8 23407.0
1981 9 22396.0
1981 10 23218.0
1981 11 13308.0
1981 12 21621.0
1982 1 10429.0
1982 2 8730.0
1982 3 20235.0
1982 4 29863.0
1982 5 32039.0
1982 6 24726.0
1982 7 24003.0
1982 8 25472.0
1982 9 28842.0
1982 10 29834.0
1982 11 28909.0
1982 12 27984.0
1983 1 30043.0
1983 2 30311.0
1983 3 49480.0
1983 4 52119.0
1983 5 61193.0
1983 6 74697.0
1983 7 50099.0
1983 8 70972.0
1983 9 62223.0
1983 10 59824.0
1983 11 45295.0
1983 12 29258.0
1984 1 34161.0
1984 2 33992.0
1984 3 78662.0
1984 4 66597.0
1984 5 72649.0
1984 6 93868.0
1984 7 78009.0
1984 8 74061.0
1984 9 49840.0
1984 10 72615.0
1984 11 79269.0
1984 12 24666.0
1985 1 34011.0
1985 2 37915.0
1985 3 57581.0
1985 4 74191.0
1985 5 83896.0
1985 6 68749.0
1985 7 59731.0
1985 8 74557.0
1985 9 61662.0
1985 10 56011.0
1985 11 41331.0
1985 12 28013.0
1986 1 49413.0
1986 2 39081.0
1986 3 61289.0
1986 4 65926.0
1986 5 72526.0
1986 6 75759.0
1986 7 66088.0
1986 8 64800.0
1986 9 67689.0
1986 10 64660.0
1986 11 40503.0
1986 12 38733.0
1987 1 25963.0
1987 2 32968.0
1987 3 57636.0
1987 4 61608.0
1987 5 56720.0
1987 6 53461.0
1987 7 48410.0
1987 8 46476.0
1987 9 38673.0
1987 10 37545.0
1987 11 27547.0
1987 12 23306.0
1988 1 15256.0
1988 2 29131.0
1988 3 37239.0
1988 4 41147.0
1988 5 43561.0
1988 6 52762.0
1988 7 41601.0
1988 8 42175.0
1988 9 35415.0
1988 10 43494.0
1988 11 29218.0
1988 12 22880.0
1989 1 21785.0
1989 2 22104.0
1989 3 39910.0
1989 4 43339.0
1989 5 48796.0
1989 6 48602.0
1989 7 47336.0
1989 8 54636.0
1989 9 47538.0
1989 10 44715.0
1989 11 33768.0
1989 12 23182.0
1990 1 25392.0
1990 2 31502.0
1990 3 52564.0
1990 4 49620.0
1990 5 68529.0
1990 6 59449.0
1990 7 56314.0
1990 8 63543.0
1990 9 50791.0
1990 10 54150.0
1990 11 36015.0
1990 12 25942.0
1991 1 31846.0
1991 2 36333.0
1991 3 56539.0
1991 4 81192.0
1991 5 78491.0
1991 6 69703.0
1991 7 76859.0
1991 8 69496.0
1991 9 71316.0
1991 10 75139.0
1991 11 55934.0
1991 12 57645.0
1992 1 47357.0
1992 2 57459.0
1992 3 99125.0
1992 4 113282.0
1992 5 100764.0
1992 6 131206.0
1992 7 114813.0
1992 8 126680.0
1992 9 111277.0
1992 10 115862.0
1992 11 88557.0
1992 12 82283.0
1993 1 49698.0
1993 2 75820.0
1993 3 122123.0
1993 4 144944.0
1993 5 139024.0
1993 6 190677.0
1993 7 157973.0
1993 8 151186.0
1993 9 177720.0
1993 10 139219.0
1993 11 166297.0
1993 12 101975.0
1994 1 115220.0
1994 2 100391.0
1994 3 170277.0
1994 4 177689.0
1994 5 175706.0
1994 6 199624.0
1994 7 130655.0
1994 8 172563.0
1994 9 138846.0
1994 10 145938.0
1994 11 101737.0
1994 12 103247.0
1995 1 104390.0
1995 2 121408.0
1995 3 132048.0
1995 4 152098.0
1995 5 168615.0
1995 6 190173.0
1995 7 179663.0
1995 8 181902.0
1995 9 174221.0
1995 10 177037.0
1995 11 188291.0
1995 12 136387.0
1996 1 129673.0
1996 2 117117.0
1996 3 170510.0
1996 4 206993.0
1996 5 219467.0
1996 6 226374.0
1996 7 194944.0
1996 8 188828.0
1996 9 175707.0
1996 10 162108.0
1996 11 165842.0
1996 12 115171.0
1997 1 97989.0
1997 2 119893.0
1997 3 139605.0
1997 4 187338.0
1997 5 177675.0
1997 6 198577.0
1997 7 159282.0
1997 8 150961.0
1997 9 192726.0
1997 10 195843.0
1997 11 147156.0
1997 12 121503.0
1998 1 121871.0
1998 2 106708.0
1998 3 172187.0
1998 4 199632.0
1998 5 176971.0
1998 6 221957.0
1998 7 181859.0
1998 8 190124.0
1998 9 167930.0
1998 10 189811.0
1998 11 133962.0
1998 12 138672.0
1999 1 112891.0
1999 2 114261.0
1999 3 214726.0
1999 4 178426.0
1999 5 165546.0
1999 6 191099.0
1999 7 171476.0
1999 8 182052.0
1999 9 166751.0
1999 10 161178.0
1999 11 135409.0
1999 12 167242.0
2000 1 120508.0
2000 2 141973.0
2000 3 179429.0
2000 4 182203.0
2000 5 193396.0
2000 6 194739.0
2000 7 170473.0
2000 8 198245.0
2000 9 153864.0
2000 10 173974.0
2000 11 130034.0
2000 12 127328.0
2001 1 130496.0
2001 2 154965.0
2001 3 193837.0
2001 4 170366.0
2001 5 206070.0
2001 6 217932.0
2001 7 191207.0
2001 8 200391.0
2001 9 162655.0
2001 10 191010.0
2001 11 150535.0
2001 12 128898.0
2002 1 127576.0
2002 2 134099.0
2002 3 190529.0
2002 4 197414.0
2002 5 236475.0
2002 6 238938.0
2002 7 230744.0
2002 8 233773.0
2002 9 196735.0
2002 10 214922.0
2002 11 167977.0
2002 12 166939.0
2003 1 167844.0
2003 2 212203.0
2003 3 210624.0
2003 4 281454.0
2003 5 256383.0
2003 6 246671.0
2003 7 244157.0
2003 8 281055.0
2003 9 288055.0
2003 10 281453.0
2003 11 200595.0
2003 12 201215.0
2004 1 186484.0
2004 2 194098.0
2004 3 283986.0
2004 4 330949.0
2004 5 291215.0
2004 6 346384.0
2004 7 310593.0
2004 8 348010.0
2004 9 304443.0
2004 10 284885.0
2004 11 277225.0
2004 12 223737.0
2005 1 259296.0
2005 2 279661.0
2005 3 371966.0
2005 4 381364.0
2005 5 402061.0
2005 6 441533.0
2005 7 354348.0
2005 8 487198.0
2005 9 446456.0
2005 10 413600.0
2005 11 379264.0
2005 12 329515.0
2006 1 329250.0
2006 2 314180.0
2006 3 407566.0
2006 4 386460.0
2006 5 454227.0
2006 6 487057.0
2006 7 404229.0
2006 8 497351.0
2006 9 400354.0
2006 10 406031.0
2006 11 352600.0
2006 12 302680.0
2007 1 289097.0
2007 2 335626.0
2007 3 349759.0
2007 4 395014.0
2007 5 446913.0
2007 6 406834.0
2007 7 438312.0
2007 8 397911.0
2007 9 251499.0
2007 10 255385.0
2007 11 208880.0
2007 12 103575.0
2008 1 116805.0
2008 2 116933.0
2008 3 170934.0
2008 4 217771.0
2008 5 233619.0
2008 6 190359.0
2008 7 195384.0
2008 8 154375.0
2008 9 165966.0
2008 10 159127.0
2008 11 109454.0
2008 12 77633.0
2009 1 84951.0
2009 2 102763.0
2009 3 245228.0
2009 4 158350.0
2009 5 156564.0
2009 6 181726.0
2009 7 154926.0
2009 8 150365.0
2009 9 198482.0
2009 10 135626.0
2009 11 99195.0
2009 12 107528.0
2010 1 90332.0
2010 2 121899.0
2010 3 190872.0
2010 4 179713.0
2010 5 161045.0
2010 6 126590.0
2010 7 124311.0
2010 8 215790.0
2010 9 146897.0
2010 10 121138.0
2010 11 134798.0
2010 12 103265.0
2011 1 83813.0
2011 2 102884.0
2011 3 117917.0
2011 4 127671.0
2011 5 213806.0
2011 6 182016.0
2011 7 179794.0
2011 8 180942.0
2011 9 130895.0
2011 10 148309.0
2011 11 135920.0
2011 12 120891.0
2012 1 119640.0
2012 2 134888.0
2012 3 184421.0
2012 4 200855.0
2012 5 235059.0
2012 6 223769.0
2012 7 215398.0
2012 8 240830.0
2012 9 190024.0
2012 10 228216.0
2012 11 237939.0
2012 12 159146.0
2013 1 135822.0
2013 2 170190.0
2013 3 264573.0
2013 4 265231.0
2013 5 306136.0
2013 6 286775.0
2013 7 296073.0
2013 8 335921.0
2013 9 256674.0
2013 10 316014.0
2013 11 227614.0
2013 12 220359.0
2014 1 224864.0
2014 2 255438.0
2014 3 265542.0
2014 4 283243.0
2014 5 289287.0
2014 6 298870.0
2014 7 285432.0
2014 8 279017.0
2014 9 261469.0
2014 10 285556.0
2014 11 292091.0
2014 12 242024.0
2015 1 191002.0
2015 2 217450.0
2015 3 307006.0
2015 4 364315.0
2015 5 370248.0
2015 6 508046.0
2015 7 439240.0
2015 8 406501.0
2015 9 382808.0
2015 10 345396.0
2015 11 364091.0
2015 12 277269.0
2016 1 255773.0
2016 2 321972.0
2016 3 396118.0
2016 4 378484.0
2016 5 431770.0
2016 6 496849.0
2016 7 409400.0
2016 8 442135.0
2016 9 435145.0
2016 10 522029.0
2016 11 500982.0
2016 12 315301.0
2017 1 286065.0
2017 2 319027.0
2017 3 511620.0
2017 4 427597.0
2017 5 444060.0
2017 6 509958.0
2017 7 509334.0
2017 8 589977.0
2017 9 450586.0
2017 10 524064.0
2017 11 416189.0
2017 12 331115.0
2018 1 505613.0
2018 2 445456.0
2018 3 525190.0
2018 4 540057.0
2018 5 549725.0
2018 6 570895.0
2018 7 486200.0
2018 8 545482.0
2018 9 480016.0
2018 10 506438.0
2018 11 402426.0
2018 12 415103.0
2019 1 355473.0
2019 2 369011.0
2019 3 406899.0
2019 4 573076.0
2019 5 567007.0
2019 6 613069.0
2019 7 540001.0
2019 8 623682.0
2019 9 525472.0
2019 10 604646.0
2019 11 536095.0
2019 12 354739.0
2020 1 457805.0
2020 2 419277.0
2020 3 640646.0
2020 4 472109.0
2020 5 524562.0
2020 6 574631.0
2020 7 592769.0
2020 8 692729.0
2020 9 598827.0
2020 10 688196.0
2020 11 598267.0
2020 12 607822.0
2021 1 658665.0
2021 2 630362.0
2021 3 902692.0
2021 4 931724.0
2021 5 812646.0
2021 6 912309.0
2021 7 888566.0
2021 8 846341.0
2021 9 817337.0
2021 10 568517.0
2021 11 670653.0
2021 12 653754.0
2022 1 715977.0
2022 2 787614.0
2022 3 939126.0
2022 4 817768.0
2022 5 768074.0
2022 6 753986.0
2022 7 616554.0
2022 8 564727.0
2022 9 579077.0
2022 10 493779.0
2022 11 357912.0
2022 12 466220.0
2023 1 420973.0
2023 2 516635.0
2023 3 530778.0
2023 4 500633.0
2023 5 535414.0
2023 6 691894.0
2023 7 703256.0
2023 8 762193.0
2023 9 504917.0
2023 10 561895.0
2023 11 697939.0
2023 12 492060.0
2024 1 558067.0
2024 2 456325.0
2024 3 653964.0
2024 4 716400.0
2024 5 655724.0
2024 6 653189.0
2024 7 624068.0
2024 8 622493.0
