1960 5 775.0
1960 6 767.0
1960 7 1233.0
1960 8 481.0
1960 9 494.0
1960 10 764.0
1960 11 419.0
1960 12 235.0
1961 1 340.0
1961 2 304.0
1961 3 1132.0
1961 4 984.0
1961 5 1816.0
1961 6 461.0
1961 7 469.0
1961 8 891.0
1961 9 2204.0
1961 10 2127.0
1961 11 1439.0
1961 12 1219.0
1962 1 735.0
1962 2 1070.0
1962 3 1251.0
1962 4 1390.0
1962 5 1784.0
1962 6 1421.0
1962 7 618.0
1962 8 2857.0
1962 9 2124.0
1962 10 1895.0
1962 11 1780.0
1962 12 2443.0
1963 1 846.0
1963 2 1570.0
1963 3 3746.0
1963 4 2472.0
1963 5 3615.0
1963 6 1885.0
1963 7 2887.0
1963 8 1074.0
1963 9 1515.0
1963 10 1770.0
1963 11 616.0
1963 12 1603.0
1964 1 1150.0
1964 2 2051.0
1964 3 1685.0
1964 4 1529.0
1964 5 4640.0
1964 6 1495.0
1964 7 1092.0
1964 8 886.0
1964 9 3895.0
1964 10 927.0
1964 11 533.0
1964 12 510.0
1965 1 745.0
1965 2 824.0
1965 3 1246.0
1965 4 1139.0
1965 5 1143.0
1965 6 491.0
1965 7 548.0
1965 8 2546.0
1965 9 401.0
1965 10 2880.0
1965 11 412.0
1965 12 234.0
1966 1 671.0
1966 2 354.0
1966 3 636.0
1966 4 746.0
1966 5 1521.0
1966 6 958.0
1966 7 300.0
1966 8 352.0
1966 9 530.0
1966 10 281.0
1966 11 204.0
1966 12 192.0
1967 1 194.0
1967 2 725.0
1967 3 1898.0
1967 4 969.0
1967 5 1109.0
1967 6 965.0
1967 7 598.0
1967 8 1537.0
1967 9 1288.0
1967 10 1528.0
1967 11 791.0
1967 12 504.0
1968 1 276.0
1968 2 932.0
1968 3 1255.0
1968 4 2641.0
1968 5 2780.0
1968 6 1147.0
1968 7 998.0
1968 8 1050.0
1968 9 545.0
1968 10 1593.0
1968 11 847.0
1968 12 1296.0
1969 1 1286.0
1969 2 692.0
1969 3 1890.0
1969 4 2878.0
1969 5 3150.0
1969 6 1643.0
1969 7 2283.0
1969 8 1114.0
1969 9 730.0
1969 10 1653.0
1969 11 2213.0
1969 12 952.0
1970 1 962.0
1970 2 1312.0
1970 3 1862.0
1970 4 1806.0
1970 5 4846.0
1970 6 2851.0
1970 7 1534.0
1970 8 1879.0
1970 9 4323.0
1970 10 2266.0
1970 11 3735.0
1970 12 1985.0
1971 1 1050.0
1971 2 2424.0
1971 3 4162.0
1971 4 6393.0
1971 5 8222.0
1971 6 4424.0
1971 7 7013.0
1971 8 4367.0
1971 9 6963.0
1971 10 3789.0
1971 11 7019.0
1971 12 3195.0
1972 1 4926.0
1972 2 5092.0
1972 3 10463.0
1972 4 5326.0
1972 5 6730.0
1972 6 8764.0
1972 7 4885.0
1972 8 4891.0
1972 9 7245.0
1972 10 9720.0
1972 11 14211.0
1972 12 2584.0
1973 1 3677.0
1973 2 3912.0
1973 3 5411.0
1973 4 8337.0
1973 5 5276.0
1973 6 7116.0
1973 7 6042.0
1973 8 4671.0
1973 9 6871.0
1973 10 2473.0
1973 11 2189.0
1973 12 6922.0
1974 1 6604.0
1974 2 5690.0
1974 3 3216.0
1974 4 5700.0
1974 5 11373.0
1974 6 5222.0
1974 7 2507.0
1974 8 1543.0
1974 9 1711.0
1974 10 1716.0
1974 11 1544.0
1974 12 470.0
1975 1 312.0
1975 2 983.0
1975 3 2889.0
1975 4 5608.0
1975 5 5833.0
1975 6 7444.0
1975 7 5136.0
1975 8 3187.0
1975 9 2478.0
1975 10 2262.0
1975 11 3961.0
1975 12 2788.0
1976 1 2525.0
1976 2 3631.0
1976 3 9326.0
1976 4 10712.0
1976 5 10302.0
1976 6 8527.0
1976 7 3271.0
1976 8 7944.0
1976 9 5795.0
1976 10 7229.0
1976 11 6380.0
1976 12 7792.0
1977 1 5749.0
1977 2 6243.0
1977 3 7278.0
1977 4 872733.0
1977 5 9042.0
1977 6 962515.0
1977 7 6586.0
1977 8 9906.0
1977 9 6437.0
1977 10 6823.0
1977 11 6285.0
1977 12 13580.0
1978 1 8110.0
1978 2 5518.0
1978 3 19791.0
1978 4 13627.0
1978 5 11570.0
1978 6 7659.0
1978 7 3831.0
1978 8 6633.0
1978 9 11335.0
1978 10 8333.0
1978 11 7947.0
1978 12 4652.0
1979 1 3985.0
1979 2 7173.0
1979 3 6523.0
1979 4 6841.0
1979 5 6025.0
1979 6 10999.0
1979 7 11091.0
1979 8 8741.0
1979 9 11704.0
1979 10 8244.0
1979 11 2338.0
1979 12 2909.0
1980 1 3229.0
1980 2 4815.0
1980 3 3405.0
1980 4 10965.0
1980 5 6633.0
1980 6 2502.0
1980 7 2976.0
1980 8 9375.0
1980 9 3323.0
1980 10 8050.0
1980 11 7795.0
1980 12 7898.0
1981 1 2878.0
1981 2 3796.0
1981 3 3872.0
1981 4 5621.0
1981 5 40367.0
1981 6 5841.0
1981 7 7234.0
1981 8 7310.0
1981 9 2726.0
1981 10 9275.0
1981 11 2261.0
1981 12 11006.0
1982 1 4687.0
1982 2 1532.0
1982 3 3680.0
1982 4 8033.0
1982 5 12639.0
1982 6 4720.0
1982 7 2233.0
1982 8 5505.0
1982 9 7497.0
1982 10 5405.0
1982 11 8255.0
1982 12 11105.0
1983 1 6319.0
1983 2 8838.0
1983 3 6852.0
1983 4 10601.0
1983 5 17794.0
1983 6 19578.0
1983 7 4476.0
1983 8 25404.0
1983 9 14581.0
1983 10 18828.0
1983 11 6663.0
1983 12 6098.0
1984 1 10802.0
1984 2 6613.0
1984 3 13552.0
1984 4 17009.0
1984 5 24393.0
1984 6 47901.0
1984 7 32568.0
1984 8 27044.0
1984 9 14661.0
1984 10 31879.0
1984 11 37916.0
1984 12 4208.0
1985 1 7137.0
1985 2 8964.0
1985 3 20230.0
1985 4 19811.0
1985 5 33550.0
1985 6 10966.0
1985 7 7094.0
1985 8 26372.0
1985 9 12526.0
1985 10 8658.0
1985 11 10352.0
1985 12 6604.0
1986 1 22605.0
1986 2 11353.0
1986 3 11441.0
1986 4 11656.0
1986 5 14334.0
1986 6 12175.0
1986 7 13767.0
1986 8 10832.0
1986 9 6297.0
1986 10 9489.0
1986 11 7577.0
1986 12 6772.0
1987 1 1366.0
1987 2 2190.0
1987 3 4448.0
1987 4 8923.0
1987 5 6327.0
1987 6 3009.0
1987 7 2542.0
1987 8 2015.0
1987 9 1899.0
1987 10 1074.0
1987 11 631.0
1987 12 598.0
1988 1 91.0
1988 2 3295.0
1988 3 805.0
1988 4 957.0
1988 5 1005.0
1988 6 4198.0
1988 7 2199.0
1988 8 1205.0
1988 9 1565.0
1988 10 1807.0
1988 11 1108.0
1988 12 296.0
1989 1 611.0
1989 2 820.0
1989 3 1572.0
1989 4 2019.0
1989 5 1930.0
1989 6 1219.0
1989 7 1654.0
1989 8 1285.0
1989 9 2728.0
1989 10 2839.0
1989 11 1149.0
1989 12 304.0
1990 1 1220.0
1990 2 243.0
1990 3 5455.0
1990 4 2018.0
1990 5 5539.0
1990 6 3994.0
1990 7 2815.0
1990 8 4006.0
1990 9 1962.0
1990 10 4824.0
1990 11 1918.0
1990 12 1719.0
1991 1 2832.0
1991 2 642.0
1991 3 3490.0
1991 4 3629.0
1991 5 8232.0
1991 6 1085.0
1991 7 2788.0
1991 8 6425.0
1991 9 3691.0
1991 10 3700.0
1991 11 2291.0
1991 12 2465.0
1992 1 4092.0
1992 2 5369.0
1992 3 2897.0
1992 4 8104.0
1992 5 7115.0
1992 6 10898.0
1992 7 18634.0
1992 8 5598.0
1992 9 5557.0
1992 10 4960.0
1992 11 4418.0
1992 12 3376.0
1993 1 1648.0
1993 2 9988.0
1993 3 9093.0
1993 4 15701.0
1993 5 9898.0
1993 6 35532.0
1993 7 24126.0
1993 8 16127.0
1993 9 12553.0
1993 10 9681.0
1993 11 26309.0
1993 12 11220.0
1994 1 7789.0
1994 2 9598.0
1994 3 14997.0
1994 4 17408.0
1994 5 19550.0
1994 6 19683.0
1994 7 10798.0
1994 8 21821.0
1994 9 8674.0
1994 10 16904.0
1994 11 9071.0
1994 12 24980.0
1995 1 11825.0
1995 2 31489.0
1995 3 17779.0
1995 4 16926.0
1995 5 26505.0
1995 6 41124.0
1995 7 35400.0
1995 8 15282.0
1995 9 21250.0
1995 10 23422.0
1995 11 52670.0
1995 12 8919.0
1996 1 26269.0
1996 2 19535.0
1996 3 15256.0
1996 4 42465.0
1996 5 49892.0
1996 6 53132.0
1996 7 28379.0
1996 8 20642.0
1996 9 32273.0
1996 10 11564.0
1996 11 45985.0
1996 12 19216.0
1997 1 7452.0
1997 2 11165.0
1997 3 5302.0
1997 4 28983.0
1997 5 12417.0
1997 6 29862.0
1997 7 20757.0
1997 8 14627.0
1997 9 37041.0
1997 10 35543.0
1997 11 34306.0
1997 12 20770.0
1998 1 22029.0
1998 2 13941.0
1998 3 24477.0
1998 4 25196.0
1998 5 20180.0
1998 6 50653.0
1998 7 12795.0
1998 8 32136.0
1998 9 14741.0
1998 10 35613.0
1998 11 11099.0
1998 12 23675.0
1999 1 15952.0
1999 2 10363.0
1999 3 20416.0
1999 4 14760.0
1999 5 8889.0
1999 6 17633.0
1999 7 10746.0
1999 8 19242.0
1999 9 32887.0
1999 10 24409.0
1999 11 7862.0
1999 12 50227.0
2000 1 6463.0
2000 2 6910.0
2000 3 16183.0
2000 4 10468.0
2000 5 18509.0
2000 6 31792.0
2000 7 12028.0
2000 8 33163.0
2000 9 14128.0
2000 10 20330.0
2000 11 12223.0
2000 12 11403.0
2001 1 20175.0
2001 2 28553.0
2001 3 26219.0
2001 4 14399.0
2001 5 25305.0
2001 6 45997.0
2001 7 20455.0
2001 8 20121.0
2001 9 12585.0
2001 10 27605.0
2001 11 28212.0
2001 12 13109.0
2002 1 17606.0
2002 2 22050.0
2002 3 32697.0
2002 4 12390.0
2002 5 31809.0
2002 6 17740.0
2002 7 32824.0
2002 8 26178.0
2002 9 23929.0
2002 10 28363.0
2002 11 15162.0
2002 12 19814.0
2003 1 14473.0
2003 2 44297.0
2003 3 16254.0
2003 4 33566.0
2003 5 26582.0
2003 6 19225.0
2003 7 23589.0
2003 8 33717.0
2003 9 36852.0
2003 10 29032.0
2003 11 22312.0
2003 12 12635.0
2004 1 21547.0
2004 2 15600.0
2004 3 35068.0
2004 4 25858.0
2004 5 24770.0
2004 6 47423.0
2004 7 35338.0
2004 8 26069.0
2004 9 28397.0
2004 10 24883.0
2004 11 34503.0
2004 12 12397.0
2005 1 42570.0
2005 2 30848.0
2005 3 22116.0
2005 4 12775.0
2005 5 19465.0
2005 6 19445.0
2005 7 19692.0
2005 8 37404.0
2005 9 23361.0
2005 10 49202.0
2005 11 28735.0
2005 12 11010.0
2006 1 11543.0
2006 2 35658.0
2006 3 19912.0
2006 4 17181.0
2006 5 25057.0
2006 6 22160.0
2006 7 17408.0
2006 8 87986.0
2006 9 24284.0
2006 10 35520.0
2006 11 25511.0
2006 12 20748.0
2007 1 13235.0
2007 2 53969.0
2007 3 23207.0
2007 4 39403.0
2007 5 42263.0
2007 6 18552.0
2007 7 53454.0
2007 8 58400.0
2007 9 19152.0
2007 10 23976.0
2007 11 28808.0
2007 12 8904.0
2008 1 15805.0
2008 2 14514.0
2008 3 31223.0
2008 4 41989.0
2008 5 41808.0
2008 6 32201.0
2008 7 43720.0
2008 8 27939.0
2008 9 40568.0
2008 10 48455.0
2008 11 19846.0
2008 12 24358.0
2009 1 44461.0
2009 2 55009.0
2009 3 160729.0
2009 4 43545.0
2009 5 34445.0
2009 6 43536.0
2009 7 15434.0
2009 8 12532.0
2009 9 59446.0
2009 10 12043.0
2009 11 9912.0
2009 12 13542.0
2010 1 5136.0
2010 2 15362.0
2010 3 14213.0
2010 4 7001.0
2010 5 16092.0
2010 6 9735.0
2010 7 7430.0
2010 8 80561.0
2010 9 21923.0
2010 10 5196.0
2010 11 43104.0
2010 12 23552.0
2011 1 5061.0
2011 2 27320.0
2011 3 16931.0
2011 4 6593.0
2011 5 13085.0
2011 6 44520.0
2011 7 15297.0
2011 8 36102.0
2011 9 21141.0
2011 10 26194.0
2011 11 28386.0
2011 12 28286.0
2012 1 11379.0
2012 2 27802.0
2012 3 34303.0
2012 4 6570.0
2012 5 16308.0
2012 6 23858.0
2012 7 29415.0
2012 8 15257.0
2012 9 10721.0
2012 10 18202.0
2012 11 55121.0
2012 12 38829.0
2013 1 14371.0
2013 2 13043.0
2013 3 49041.0
2013 4 17257.0
2013 5 37558.0
2013 6 22216.0
2013 7 35890.0
2013 8 61251.0
2013 9 11122.0
2013 10 43189.0
2013 11 34508.0
2013 12 64004.0
2014 1 55739.0
2014 2 61984.0
2014 3 30832.0
2014 4 36041.0
2014 5 36516.0
2014 6 27153.0
2014 7 41646.0
2014 8 24309.0
2014 9 59227.0
2014 10 37141.0
2014 11 102663.0
2014 12 17066.0
2015 1 8891.0
2015 2 21032.0
2015 3 28319.0
2015 4 70683.0
2015 5 63171.0
2015 6 168392.0
2015 7 92731.0
2015 8 53035.0
2015 9 52752.0
2015 10 62150.0
2015 11 99435.0
2015 12 15778.0
2016 1 29665.0
2016 2 36491.0
2016 3 46291.0
2016 4 47170.0
2016 5 78298.0
2016 6 87730.0
2016 7 50057.0
2016 8 60972.0
2016 9 112542.0
2016 10 187888.0
2016 11 134218.0
2016 12 44236.0
2017 1 50958.0
2017 2 28776.0
2017 3 85749.0
2017 4 64520.0
2017 5 52076.0
2017 6 34451.0
2017 7 112004.0
2017 8 86054.0
2017 9 65951.0
2017 10 88777.0
2017 11 83816.0
2017 12 50884.0
2018 1 121154.0
2018 2 96569.0
2018 3 110386.0
2018 4 37653.0
2018 5 67690.0
2018 6 63718.0
2018 7 50413.0
2018 8 74865.0
2018 9 88975.0
2018 10 75845.0
2018 11 86958.0
2018 12 109445.0
2019 1 57791.0
2019 2 47471.0
2019 3 60731.0
2019 4 174034.0
2019 5 167527.0
2019 6 184682.0
2019 7 92268.0
2019 8 172922.0
2019 9 165835.0
2019 10 141762.0
2019 11 188856.0
2019 12 57471.0
2020 1 92997.0
2020 2 56366.0
2020 3 227134.0
2020 4 94356.0
2020 5 133324.0
2020 6 53947.0
2020 7 105787.0
2020 8 148249.0
2020 9 40720.0
2020 10 116293.0
2020 11 68242.0
2020 12 125654.0
2021 1 118820.0
2021 2 124213.0
2021 3 143362.0
2021 4 194437.0
2021 5 135416.0
2021 6 204452.0
2021 7 331716.0
2021 8 215588.0
2021 9 172194.0
2021 10 104191.0
2021 11 162558.0
2021 12 218057.0
2022 1 167039.0
2022 2 232074.0
2022 3 175669.0
2022 4 144283.0
2022 5 167241.0
2022 6 186243.0
2022 7 154215.0
2022 8 135307.0
2022 9 208491.0
2022 10 112946.0
2022 11 107073.0
2022 12 227063.0
2023 1 156864.0
2023 2 295932.0
2023 3 111827.0
2023 4 132087.0
2023 5 97321.0
2023 6 143999.0
2023 7 153412.0
2023 8 185590.0
2023 9 112191.0
2023 10 126856.0
2023 11 277449.0
2023 12 138864.0
2024 1 151252.0
2024 2 66924.0
2024 3 78315.0
2024 4 110708.0
2024 5 45467.0
2024 6 113777.0
2024 7 45044.0
2024 8 54605.0
