1960 5 391.0
1960 6 262.0
1960 7 169.0
1960 8 245.0
1960 9 192.0
1960 10 395.0
1960 11 416.0
1960 12 151.0
1961 1 24.0
1961 2 88.0
1961 3 395.0
1961 4 348.0
1961 5 474.0
1961 6 298.0
1961 7 344.0
1961 8 390.0
1961 9 284.0
1961 10 575.0
1961 11 485.0
1961 12 198.0
1962 1 64.0
1962 2 70.0
1962 3 340.0
1962 4 408.0
1962 5 580.0
1962 6 360.0
1962 7 326.0
1962 8 345.0
1962 9 225.0
1962 10 220.0
1962 11 421.0
1962 12 122.0
1963 1 216.0
1963 2 174.0
1963 3 214.0
1963 4 494.0
1963 5 271.0
1963 6 326.0
1963 7 419.0
1963 8 320.0
1963 9 474.0
1963 10 646.0
1963 11 327.0
1963 12 91.0
1964 1 54.0
1964 2 56.0
1964 3 143.0
1964 4 378.0
1964 5 455.0
1964 6 336.0
1964 7 381.0
1964 8 314.0
1964 9 582.0
1964 10 584.0
1964 11 356.0
1964 12 166.0
1965 1 206.0
1965 2 102.0
1965 3 368.0
1965 4 648.0
1965 5 724.0
1965 6 729.0
1965 7 443.0
1965 8 485.0
1965 9 589.0
1965 10 1007.0
1965 11 1288.0
1965 12 1464.0
1966 1 184.0
1966 2 184.0
1966 3 294.0
1966 4 1782.0
1966 5 836.0
1966 6 471.0
1966 7 398.0
1966 8 421.0
1966 9 398.0
1966 10 1073.0
1966 11 408.0
1966 12 286.0
1967 1 190.0
1967 2 648.0
1967 3 555.0
1967 4 731.0
1967 5 549.0
1967 6 2170.0
1967 7 682.0
1967 8 864.0
1967 9 1207.0
1967 10 672.0
1967 11 968.0
1967 12 469.0
1968 1 82.0
1968 2 682.0
1968 3 377.0
1968 4 1293.0
1968 5 1963.0
1968 6 3186.0
1968 7 1125.0
1968 8 1579.0
1968 9 1597.0
1968 10 2416.0
1968 11 1350.0
1968 12 975.0
1969 1 518.0
1969 2 327.0
1969 3 1066.0
1969 4 1539.0
1969 5 1235.0
1969 6 2285.0
1969 7 4448.0
1969 8 1576.0
1969 9 1237.0
1969 10 1348.0
1969 11 3517.0
1969 12 1151.0
1970 1 537.0
1970 2 800.0
1970 3 993.0
1970 4 1832.0
1970 5 2115.0
1970 6 3436.0
1970 7 1953.0
1970 8 1923.0
1970 9 1665.0
1970 10 2974.0
1970 11 3390.0
1970 12 881.0
1971 1 1944.0
1971 2 928.0
1971 3 2175.0
1971 4 3464.0
1971 5 2978.0
1971 6 3255.0
1971 7 4490.0
1971 8 2025.0
1971 9 2287.0
1971 10 2583.0
1971 11 2589.0
1971 12 1594.0
1972 1 2003.0
1972 2 742.0
1972 3 1214.0
1972 4 2563.0
1972 5 5085.0
1972 6 2419.0
1972 7 5553.0
1972 8 5463.0
1972 9 2863.0
1972 10 4508.0
1972 11 3616.0
1972 12 1724.0
1973 1 1907.0
1973 2 3128.0
1973 3 4051.0
1973 4 4677.0
1973 5 5052.0
1973 6 6849.0
1973 7 6362.0
1973 8 3686.0
1973 9 2769.0
1973 10 6484.0
1973 11 2402.0
1973 12 2339.0
1974 1 1223.0
1974 2 1108.0
1974 3 3127.0
1974 4 3346.0
1974 5 4140.0
1974 6 4372.0
1974 7 3496.0
1974 8 2080.0
1974 9 4339.0
1974 10 2258.0
1974 11 1050.0
1974 12 1348.0
1975 1 917.0
1975 2 1322.0
1975 3 1828.0
1975 4 5409.0
1975 5 4560.0
1975 6 3294.0
1975 7 3113.0
1975 8 7276.0
1975 9 4572.0
1975 10 4838.0
1975 11 2415.0
1975 12 1895.0
1976 1 346.0
1976 2 2066.0
1976 3 2293.0
1976 4 5942.0
1976 5 4403.0
1976 6 4561.0
1976 7 4358.0
1976 8 5603.0
1976 9 5063.0
1976 10 3739.0
1976 11 2828.0
1976 12 1670.0
1977 1 482.0
1977 2 908.0
1977 3 3380.0
1977 4 61648.0
1977 5 10708.0
1977 6 67829.0
1977 7 6387.0
1977 8 10412.0
1977 9 6141.0
1977 10 4794.0
1977 11 3791.0
1977 12 2782.0
1978 1 626.0
1978 2 2259.0
1978 3 3120.0
1978 4 9427.0
1978 5 9650.0
1978 6 11481.0
1978 7 15909.0
1978 8 10742.0
1978 9 10259.0
1978 10 8761.0
1978 11 5519.0
1978 12 4462.0
1979 1 3581.0
1979 2 1206.0
1979 3 5058.0
1979 4 9229.0
1979 5 14356.0
1979 6 15672.0
1979 7 10110.0
1979 8 10986.0
1979 9 12898.0
1979 10 10286.0
1979 11 3749.0
1979 12 3648.0
1980 1 2508.0
1980 2 3489.0
1980 3 3244.0
1980 4 9462.0
1980 5 9242.0
1980 6 11187.0
1980 7 15323.0
1980 8 7771.0
1980 9 14991.0
1980 10 11211.0
1980 11 5630.0
1980 12 5962.0
1981 1 1673.0
1981 2 2755.0
1981 3 3239.0
1981 4 8529.0
1981 5 11840.0
1981 6 33965.0
1981 7 11527.0
1981 8 7063.0
1981 9 10387.0
1981 10 13706.0
1981 11 17369.0
1981 12 3785.0
1982 1 1553.0
1982 2 4367.0
1982 3 4874.0
1982 4 9568.0
1982 5 8368.0
1982 6 17266.0
1982 7 11641.0
1982 8 7537.0
1982 9 11829.0
1982 10 42109.0
1982 11 23036.5
1982 12 3964.0
1983 1 8709.0
1983 2 5400.0
1983 3 5469.0
1983 4 13756.0
1983 5 15969.0
1983 6 17482.0
1983 7 11282.0
1983 8 23387.0
1983 9 20382.0
1983 10 12817.0
1983 11 11869.0
1983 12 9767.0
1984 1 3933.0
1984 2 4691.0
1984 3 10781.0
1984 4 19143.0
1984 5 27455.0
1984 6 16953.0
1984 7 26226.0
1984 8 23273.0
1984 9 48895.0
1984 10 20225.0
1984 11 18891.0
1984 12 19195.0
1985 1 17939.0
1985 2 7081.0
1985 3 15962.0
1985 4 23566.0
1985 5 25063.0
1985 6 25091.0
1985 7 18751.0
1985 8 20517.0
1985 9 20311.0
1985 10 18090.0
1985 11 16460.0
1985 12 9965.0
1986 1 7366.0
1986 2 8280.0
1986 3 22332.0
1986 4 25580.0
1986 5 27756.0
1986 6 31208.0
1986 7 29359.0
1986 8 22046.0
1986 9 33404.0
1986 10 21839.0
1986 11 18318.0
1986 12 11968.0
1987 1 7840.0
1987 2 10508.0
1987 3 20116.0
1987 4 33811.0
1987 5 29054.0
1987 6 37582.0
1987 7 29644.0
1987 8 30485.0
1987 9 31728.0
1987 10 25695.0
1987 11 24805.0
1987 12 14552.0
1988 1 6902.0
1988 2 12914.0
1988 3 25524.0
1988 4 43295.0
1988 5 41627.0
1988 6 39656.0
1988 7 28144.0
1988 8 55770.0
1988 9 34380.0
1988 10 26791.0
1988 11 21438.0
1988 12 19675.0
1989 1 11638.0
1989 2 8880.0
1989 3 25084.0
1989 4 33798.0
1989 5 36030.0
1989 6 35631.0
1989 7 26616.0
1989 8 24143.0
1989 9 21823.0
1989 10 22440.0
1989 11 19096.0
1989 12 11976.0
1990 1 8664.0
1990 2 11740.0
1990 3 14599.0
1990 4 17186.0
1990 5 21908.0
1990 6 19968.0
1990 7 19387.0
1990 8 16339.0
1990 9 16438.0
1990 10 18397.0
1990 11 11897.0
1990 12 7651.0
1991 1 3697.0
1991 2 5511.0
1991 3 8330.0
1991 4 17364.0
1991 5 23252.0
1991 6 20022.0
1991 7 17488.0
1991 8 12996.0
1991 9 17812.0
1991 10 16708.0
1991 11 11090.0
1991 12 7248.0
1992 1 6357.0
1992 2 8487.0
1992 3 13591.0
1992 4 15672.0
1992 5 19736.0
1992 6 21230.0
1992 7 18966.0
1992 8 16176.0
1992 9 26294.0
1992 10 13798.0
1992 11 12716.0
1992 12 10527.0
1993 1 7415.0
1993 2 7140.0
1993 3 11316.0
1993 4 13829.0
1993 5 19911.0
1993 6 19837.0
1993 7 16911.0
1993 8 19500.0
1993 9 17401.0
1993 10 18396.0
1993 11 16648.0
1993 12 12355.0
1994 1 6071.0
1994 2 8593.0
1994 3 12631.0
1994 4 21148.0
1994 5 31698.0
1994 6 26852.0
1994 7 24693.0
1994 8 23897.0
1994 9 19428.0
1994 10 18249.0
1994 11 13888.0
1994 12 13151.0
1995 1 8432.0
1995 2 7455.0
1995 3 15972.0
1995 4 23503.0
1995 5 22474.0
1995 6 20094.0
1995 7 16686.0
1995 8 24357.0
1995 9 19667.0
1995 10 24700.0
1995 11 13233.0
1995 12 14374.0
1996 1 8633.0
1996 2 8536.0
1996 3 22691.0
1996 4 20566.0
1996 5 23242.0
1996 6 23306.0
1996 7 20551.0
1996 8 20405.0
1996 9 18852.0
1996 10 17031.0
1996 11 14689.0
1996 12 14350.0
1997 1 8415.0
1997 2 6796.0
1997 3 18412.0
1997 4 18926.0
1997 5 21728.0
1997 6 21256.0
1997 7 20166.0
1997 8 21929.0
1997 9 20449.0
1997 10 14950.0
1997 11 9930.0
1997 12 11877.0
1998 1 20368.0
1998 2 8786.0
1998 3 16686.0
1998 4 22552.0
1998 5 22156.0
1998 6 28623.0
1998 7 20418.0
1998 8 22620.0
1998 9 23309.0
1998 10 18407.0
1998 11 13120.0
1998 12 14908.0
1999 1 7604.0
1999 2 11940.0
1999 3 21037.0
1999 4 30748.0
1999 5 28960.0
1999 6 39152.0
1999 7 32019.0
1999 8 20839.0
1999 9 24508.0
1999 10 18642.0
1999 11 20127.0
1999 12 16442.0
2000 1 11114.0
2000 2 10718.0
2000 3 22838.0
2000 4 25484.0
2000 5 31601.0
2000 6 32186.0
2000 7 25184.0
2000 8 27169.0
2000 9 21831.0
2000 10 23714.0
2000 11 19610.0
2000 12 14109.0
2001 1 12728.0
2001 2 14361.0
2001 3 19157.0
2001 4 25234.0
2001 5 34107.0
2001 6 28135.0
2001 7 38701.0
2001 8 27363.0
2001 9 31241.0
2001 10 27206.0
2001 11 18149.0
2001 12 12789.0
2002 1 14710.0
2002 2 11921.0
2002 3 26855.0
2002 4 41504.0
2002 5 34812.0
2002 6 33051.0
2002 7 41246.0
2002 8 32102.0
2002 9 31569.0
2002 10 32087.0
2002 11 25083.0
2002 12 18674.0
2003 1 15707.0
2003 2 15517.0
2003 3 25168.0
2003 4 45192.0
2003 5 39740.0
2003 6 41244.0
2003 7 35065.0
2003 8 30242.0
2003 9 31215.0
2003 10 36460.0
2003 11 25281.0
2003 12 22901.0
2004 1 17654.0
2004 2 13679.0
2004 3 42568.0
2004 4 56406.0
2004 5 47724.0
2004 6 58528.0
2004 7 47700.0
2004 8 37260.0
2004 9 42400.0
2004 10 31791.0
2004 11 30318.0
2004 12 23935.0
2005 1 15959.0
2005 2 16672.0
2005 3 27961.0
2005 4 45792.0
2005 5 65303.0
2005 6 51756.0
2005 7 38176.0
2005 8 48728.0
2005 9 48483.0
2005 10 32487.0
2005 11 36575.0
2005 12 29333.0
2006 1 27692.0
2006 2 23427.0
2006 3 48550.0
2006 4 39407.0
2006 5 53405.0
2006 6 53488.0
2006 7 47636.0
2006 8 56506.0
2006 9 34818.0
2006 10 33783.0
2006 11 21656.0
2006 12 18677.0
2007 1 13683.0
2007 2 14545.0
2007 3 37173.0
2007 4 45474.0
2007 5 31932.0
2007 6 32250.0
2007 7 31525.0
2007 8 31438.0
2007 9 25104.0
2007 10 26501.0
2007 11 19393.0
2007 12 11367.0
2008 1 9821.0
2008 2 8310.0
2008 3 25569.0
2008 4 25077.0
2008 5 31114.0
2008 6 36047.0
2008 7 28013.0
2008 8 26934.0
2008 9 26533.0
2008 10 13123.0
2008 11 4468.0
2008 12 12589.0
2009 1 6127.0
2009 2 3155.0
2009 3 9887.0
2009 4 15663.0
2009 5 16167.0
2009 6 19157.0
2009 7 15838.0
2009 8 20003.0
2009 9 16118.0
2009 10 30501.0
2009 11 11636.0
2009 12 12553.0
2010 1 8995.0
2010 2 45159.0
2010 3 9889.0
2010 4 19923.0
2010 5 26287.0
2010 6 17466.0
2010 7 17400.0
2010 8 20383.0
2010 9 24677.0
2010 10 19162.0
2010 11 18681.0
2010 12 15743.0
2011 1 5211.0
2011 2 12920.0
2011 3 9631.0
2011 4 24340.0
2011 5 19618.0
2011 6 16380.0
2011 7 23064.0
2011 8 18601.0
2011 9 18752.0
2011 10 13709.0
2011 11 11907.0
2011 12 17933.0
2012 1 7383.0
2012 2 9634.0
2012 3 22156.0
2012 4 26197.0
2012 5 28553.0
2012 6 24250.0
2012 7 15970.0
2012 8 13253.0
2012 9 25574.0
2012 10 27487.0
2012 11 12405.0
2012 12 8921.0
2013 1 6144.0
2013 2 21469.0
2013 3 17170.0
2013 4 17168.0
2013 5 30445.0
2013 6 35603.0
2013 7 22147.0
2013 8 15102.0
2013 9 29706.0
2013 10 26954.0
2013 11 14956.0
2013 12 29502.0
2014 1 9833.0
2014 2 6538.0
2014 3 23733.0
2014 4 24810.0
2014 5 23295.0
2014 6 31095.0
2014 7 22806.0
2014 8 25912.0
2014 9 21358.0
2014 10 18819.0
2014 11 17987.0
2014 12 7268.0
2015 1 10583.0
2015 2 19664.0
2015 3 81373.0
2015 4 24717.0
2015 5 32127.0
2015 6 32066.0
2015 7 35305.0
2015 8 33449.0
2015 9 26570.0
2015 10 24671.0
2015 11 27940.0
2015 12 43343.0
2016 1 11010.0
2016 2 9203.0
2016 3 19273.0
2016 4 47820.0
2016 5 50243.0
2016 6 54199.0
2016 7 32565.0
2016 8 48013.0
2016 9 48738.0
2016 10 43856.0
2016 11 28353.0
2016 12 24362.0
2017 1 13761.0
2017 2 13509.0
2017 3 44618.0
2017 4 30828.0
2017 5 37833.0
2017 6 43913.0
2017 7 31309.0
2017 8 35774.0
2017 9 72678.0
2017 10 34690.0
2017 11 28358.0
2017 12 7612.0
2018 1 8246.0
2018 2 19069.0
2018 3 23439.0
2018 4 27901.0
2018 5 44318.0
2018 6 31844.0
2018 7 31817.0
2018 8 37901.0
2018 9 52090.0
2018 10 48853.0
2018 11 22799.0
2018 12 18490.0
2019 1 15994.0
2019 2 32888.0
2019 3 27472.0
2019 4 36439.0
2019 5 31015.0
2019 6 29329.0
2019 7 26798.0
2019 8 39301.0
2019 9 26407.0
2019 10 26447.0
2019 11 13591.0
2019 12 8546.0
2020 1 15718.0
2020 2 28902.0
2020 3 30970.0
2020 4 22781.0
2020 5 33478.0
2020 6 49122.0
2020 7 37436.0
2020 8 30449.0
2020 9 48998.0
2020 10 29452.0
2020 11 31777.0
2020 12 29333.0
2021 1 18642.0
2021 2 18323.0
2021 3 44604.0
2021 4 62417.0
2021 5 51668.0
2021 6 45189.0
2021 7 30010.0
2021 8 41834.0
2021 9 33686.0
2021 10 46830.0
2021 11 32400.0
2021 12 32717.0
2022 1 24362.0
2022 2 26920.0
2022 3 39233.0
2022 4 51207.0
2022 5 43010.0
2022 6 54549.0
2022 7 51535.0
2022 8 42544.0
2022 9 45921.0
2022 10 29436.0
2022 11 31439.0
2022 12 25783.0
2023 1 15919.0
2023 2 18709.0
2023 3 62635.0
2023 4 50880.0
2023 5 54006.0
2023 6 56470.0
2023 7 52792.0
2023 8 61356.0
2023 9 42585.0
2023 10 64585.0
2023 11 26587.0
2023 12 20643.0
2024 1 34221.0
2024 2 38437.0
2024 3 35790.0
2024 4 74379.0
2024 5 90981.0
2024 6 53177.0
2024 7 66133.0
2024 8 51489.0
