1960 5 12.0
1960 6 12.6
1960 7 13.2
1960 8 13.8
1960 9 14.4
1960 10 15.0
1960 11 16.25
1960 12 17.5
1961 1 18.75
1961 2 20.0
1961 3 21.25
1961 4 22.5
1961 5 23.75
1961 6 25.0
1961 7 26.25
1961 8 27.5
1961 9 28.75
1961 10 30.0
1961 11 30.166666666666668
1961 12 30.333333333333332
1962 1 30.5
1962 2 30.666666666666668
1962 3 30.833333333333332
1962 4 31.0
1962 5 31.166666666666668
1962 6 31.333333333333332
1962 7 31.5
1962 8 31.666666666666668
1962 9 31.833333333333332
1962 10 32.0
1962 11 26.333333333333332
1962 12 20.666666666666664
1963 1 15.0
1963 2 12.0
1963 3 24.5
1963 4 37.0
1963 5 61.83333333333333
1963 6 86.66666666666666
1963 7 111.5
1963 8 136.33333333333331
1963 9 161.16666666666666
1963 10 186.0
1963 11 163.42857142857142
1963 12 140.85714285714286
1964 1 118.28571428571428
1964 2 95.71428571428571
1964 3 73.14285714285714
1964 4 50.571428571428555
1964 5 28.0
1964 6 21.5
1964 7 15.0
1964 8 25.5
1964 9 36.0
1964 10 70.0
1964 11 26.0
1964 12 20.0
1965 1 14.0
1965 2 42.0
1965 3 70.0
1965 4 36.0
1965 5 53.0
1965 6 70.0
1965 7 32.0
1965 8 18.0
1965 9 209.0
1965 10 400.0
1965 11 576.0
1965 12 938.0
1966 1 628.6666666666667
1966 2 319.33333333333337
1966 3 10.0
1966 4 259.0
1966 5 49.0
1966 6 43.0
1966 7 20.0
1966 8 16.0
1966 9 12.0
1966 10 650.0
1966 11 45.0
1966 12 28.0
1967 1 25.0
1967 2 564.0
1967 3 63.0
1967 4 213.0
1967 5 45.0
1967 6 1450.0
1967 7 763.0
1967 8 76.0
1967 9 450.0
1967 10 77.0
1967 11 336.0
1967 12 185.0
1968 1 353.5
1968 2 522.0
1968 3 10.0
1968 4 407.0
1968 5 32.0
1968 6 1160.0
1968 7 106.0
1968 8 79.0
1968 9 62.0
1968 10 239.0
1968 11 366.0
1968 12 70.0
1969 1 54.0
1969 2 38.0
1969 3 26.0
1969 4 14.0
1969 5 80.0
1969 6 790.0
1969 7 3169.0
1969 8 40.0
1969 9 344.0
1969 10 65.0
1969 11 135.0
1969 12 60.0
1970 1 350.0
1970 2 20.0
1970 3 60.0
1970 4 143.0
1970 5 410.0
1970 6 1403.0
1970 7 182.0
1970 8 76.0
1970 9 182.0
1970 10 452.0
1970 11 69.0
1970 12 344.0
1971 1 1452.0
1971 2 100.0
1971 3 1593.0
1971 4 517.0
1971 5 306.0
1971 6 287.0
1971 7 1870.0
1971 8 593.0
1971 9 198.0
1971 10 627.0
1971 11 103.0
1971 12 153.0
1972 1 1150.0
1972 2 484.0
1972 3 110.0
1972 4 75.0
1972 5 857.0
1972 6 187.0
1972 7 1628.0
1972 8 1682.0
1972 9 191.0
1972 10 1650.0
1972 11 1550.0
1972 12 18.0
1973 1 351.0
1973 2 1420.0
1973 3 400.0
1973 4 466.0
1973 5 1300.0
1973 6 1318.0
1973 7 448.0
1973 8 261.0
1973 9 307.0
1973 10 1063.0
1973 11 104.0
1973 12 153.0
1974 1 225.0
1974 2 105.0
1974 3 229.0
1974 4 251.5
1974 5 274.0
1974 6 296.5
1974 7 319.0
1974 8 20.0
1974 9 927.0
1974 10 378.0
1974 11 102.0
1974 12 71.0
1975 1 167.0
1975 2 480.0
1975 3 540.0
1975 4 600.0
1975 5 257.0
1975 6 100.0
1975 7 119.0
1975 8 30.0
1975 9 263.0
1975 10 749.0
1975 11 257.0
1975 12 113.0
1976 1 726.0
1976 2 1339.0
1976 3 54.0
1976 4 385.0
1976 5 188.0
1976 6 75.0
1976 7 158.0
1976 8 1779.0
1976 9 145.0
1976 10 141.0
1976 11 98.0
1976 12 38.0
1977 1 122.0
1977 2 527.0
1977 3 772.0
1977 4 9664.0
1977 5 4235.0
1977 6 9938.0
1977 7 1091.0
1977 8 2652.0
1977 9 520.0
1977 10 1079.0
1977 11 1429.0
1977 12 40.0
1978 1 95.0
1978 2 150.0
1978 3 875.0
1978 4 3466.0
1978 5 3051.0
1978 6 3724.0
1978 7 4225.0
1978 8 5342.0
1978 9 735.0
1978 10 1662.0
1978 11 777.0
1978 12 2455.0
1979 1 2349.0
1979 2 116.0
1979 3 1663.0
1979 4 1419.0
1979 5 1328.0
1979 6 6826.0
1979 7 828.0
1979 8 2011.0
1979 9 4265.0
1979 10 2781.0
1979 11 947.0
1979 12 1234.0
1980 1 370.0
1980 2 1058.0
1980 3 323.0
1980 4 1959.0
1980 5 849.0
1980 6 5469.0
1980 7 1054.0
1980 8 715.0
1980 9 6720.0
1980 10 5116.0
1980 11 643.0
1980 12 2155.0
1981 1 376.0
1981 2 223.0
1981 3 461.0
1981 4 366.0
1981 5 2349.0
1981 6 26677.0
1981 7 2937.0
1981 8 1318.0
1981 9 950.0
1981 10 6177.0
1981 11 13907.0
1981 12 1424.0
1982 1 968.5
1982 2 513.0
1982 3 2000.0
1982 4 3726.0
1982 5 1345.0
1982 6 8328.0
1982 7 2831.0
1982 8 565.0
1982 9 5854.0
1982 10 34916.0
1982 11 17808.5
1982 12 701.0
1983 1 6334.0
1983 2 3480.0
1983 3 699.0
1983 4 7170.0
1983 5 3927.0
1983 6 5521.0
1983 7 1053.0
1983 8 9578.0
1983 9 6914.0
1983 10 4923.0
1983 11 4355.0
1983 12 740.0
1984 1 239.0
1984 2 535.0
1984 3 2719.0
1984 4 2743.0
1984 5 10700.0
1984 6 3831.0
1984 7 15092.0
1984 8 11180.0
1984 9 25600.0
1984 10 10591.0
1984 11 6764.0
1984 12 8986.0
1985 1 4212.0
1985 2 1296.0
1985 3 2760.0
1985 4 4573.0
1985 5 4224.0
1985 6 2863.0
1985 7 1357.0
1985 8 2818.0
1985 9 3501.0
1985 10 2003.0
1985 11 4913.0
1985 12 2454.0
1986 1 2012.0
1986 2 1347.0
1986 3 7592.0
1986 4 3328.0
1986 5 4205.0
1986 6 6716.0
1986 7 3501.0
1986 8 2361.0
1986 9 9758.0
1986 10 3613.0
1986 11 3303.0
1986 12 1778.0
1987 1 745.0
1987 2 1590.0
1987 3 2519.0
1987 4 4172.0
1987 5 2765.0
1987 6 3007.0
1987 7 1225.0
1987 8 3410.0
1987 9 2841.0
1987 10 1357.0
1987 11 1397.0
1987 12 1875.0
1988 1 973.0
1988 2 970.0
1988 3 1508.0
1988 4 8503.0
1988 5 5590.0
1988 6 6550.0
1988 7 4513.0
1988 8 26092.0
1988 9 2172.0
1988 10 2478.0
1988 11 3342.0
1988 12 1921.0
1989 1 976.0
1989 2 666.0
1989 3 1850.0
1989 4 3865.0
1989 5 4667.0
1989 6 934.0
1989 7 3252.0
1989 8 4130.0
1989 9 602.0
1989 10 1310.0
1989 11 1302.0
1989 12 1767.0
1990 1 947.0
1990 2 1159.0
1990 3 481.0
1990 4 761.0
1990 5 591.0
1990 6 1878.0
1990 7 1112.0
1990 8 918.0
1990 9 1768.0
1990 10 1583.0
1990 11 180.0
1990 12 3067.0
1991 1 665.0
1991 2 524.0
1991 3 1566.0
1991 4 864.0
1991 5 2621.0
1991 6 481.0
1991 7 205.0
1991 8 101.0
1991 9 137.0
1991 10 1080.0
1991 11 2023.0
1991 12 380.0
1992 1 277.0
1992 2 3214.0
1992 3 1764.0
1992 4 823.0
1992 5 89.0
1992 6 1044.0
1992 7 2548.0
1992 8 735.0
1992 9 8858.0
1992 10 494.0
1992 11 986.0
1992 12 1478.0
1993 1 582.0
1993 2 481.0
1993 3 1130.0
1993 4 1362.0
1993 5 762.0
1993 6 2115.0
1993 7 2291.0
1993 8 1936.0
1993 9 455.0
1993 10 1610.0
1993 11 2373.0
1993 12 2683.0
1994 1 150.0
1994 2 213.0
1994 3 2251.0
1994 4 1381.0
1994 5 3761.0
1994 6 1178.0
1994 7 1545.0
1994 8 1011.0
1994 9 995.0
1994 10 1641.0
1994 11 1306.0
1994 12 844.0
1995 1 1677.0
1995 2 463.0
1995 3 470.0
1995 4 2463.0
1995 5 707.0
1995 6 701.0
1995 7 656.0
1995 8 2743.0
1995 9 696.0
1995 10 1497.0
1995 11 1312.0
1995 12 3644.0
1996 1 661.0
1996 2 65.0
1996 3 1826.0
1996 4 809.0
1996 5 1438.0
1996 6 1120.0
1996 7 2162.0
1996 8 2053.0
1996 9 1844.0
1996 10 1511.0
1996 11 1460.0
1996 12 4985.0
1997 1 2445.0
1997 2 962.0
1997 3 3562.0
1997 4 1863.0
1997 5 676.0
1997 6 1535.0
1997 7 375.0
1997 8 105.0
1997 9 521.0
1997 10 245.0
1997 11 401.0
1997 12 790.0
1998 1 10712.0
1998 2 625.0
1998 3 839.0
1998 4 1140.0
1998 5 627.0
1998 6 1671.0
1998 7 998.0
1998 8 3956.0
1998 9 2242.0
1998 10 1308.0
1998 11 546.0
1998 12 1286.0
1999 1 1060.0
1999 2 360.0
1999 3 2211.0
1999 4 2178.0
1999 5 1673.0
1999 6 4849.0
1999 7 2061.0
1999 8 2110.0
1999 9 2288.0
1999 10 2351.0
1999 11 3345.0
1999 12 2472.0
2000 1 1815.0
2000 2 869.0
2000 3 1217.0
2000 4 1850.0
2000 5 1464.0
2000 6 3968.0
2000 7 1613.0
2000 8 1205.0
2000 9 1599.0
2000 10 2130.0
2000 11 2722.0
2000 12 869.0
2001 1 1239.0
2001 2 1279.0
2001 3 2130.0
2001 4 1398.0
2001 5 1146.0
2001 6 2221.0
2001 7 11007.0
2001 8 1435.0
2001 9 1954.0
2001 10 3435.0
2001 11 1091.0
2001 12 1579.0
2002 1 2981.0
2002 2 1291.0
2002 3 6595.0
2002 4 4620.0
2002 5 2556.0
2002 6 4044.0
2002 7 4954.0
2002 8 2990.0
2002 9 2744.0
2002 10 5519.0
2002 11 4036.0
2002 12 2845.0
2003 1 347.0
2003 2 344.0
2003 3 2162.0
2003 4 2062.0
2003 5 2810.0
2003 6 1740.0
2003 7 2505.0
2003 8 3188.0
2003 9 3310.0
2003 10 2716.0
2003 11 4198.0
2003 12 4798.0
2004 1 2689.0
2004 2 1178.0
2004 3 7086.0
2004 4 11460.0
2004 5 8202.0
2004 6 3430.0
2004 7 10198.0
2004 8 3454.0
2004 9 10082.0
2004 10 3915.0
2004 11 5303.0
2004 12 2270.0
2005 1 1811.0
2005 2 946.0
2005 3 2670.0
2005 4 3650.0
2005 5 4490.0
2005 6 4557.0
2005 7 2757.0
2005 8 2250.0
2005 9 7529.0
2005 10 2930.0
2005 11 1764.0
2005 12 3317.0
2006 1 1473.0
2006 2 1992.0
2006 3 8995.0
2006 4 4874.0
2006 5 2009.0
2006 6 3587.0
2006 7 6419.0
2006 8 5973.0
2006 9 2058.0
2006 10 4573.0
2006 11 2968.0
2006 12 4297.0
2007 1 737.0
2007 2 1512.0
2007 3 4737.0
2007 4 4456.0
2007 5 606.0
2007 6 1552.0
2007 7 2551.0
2007 8 2361.0
2007 9 7839.0
2007 10 1053.0
2007 11 2901.0
2007 12 1031.0
2008 1 713.0
2008 2 158.0
2008 3 1196.0
2008 4 1913.0
2008 5 2912.0
2008 6 6020.0
2008 7 1703.0
2008 8 2774.0
2008 9 3546.0
2008 10 1931.5
2008 11 317.0
2008 12 2501.0
2009 1 317.0
2009 2 453.0
2009 3 589.0
2009 4 860.0
2009 5 908.0
2009 6 4222.0
2009 7 674.0
2009 8 375.0
2009 9 3382.0
2009 10 2301.0
2009 11 3142.0
2009 12 3342.0
2010 1 867.0
2010 2 961.0
2010 3 420.0
2010 4 561.0
2010 5 2511.0
2010 6 2734.0
2010 7 852.0
2010 8 529.0
2010 9 8284.0
2010 10 2223.0
2010 11 4062.0
2010 12 2840.0
2011 1 1108.0
2011 2 6031.0
2011 3 1263.0
2011 4 779.0
2011 5 4061.0
2011 6 3894.0
2011 7 2788.0
2011 8 577.0
2011 9 8647.0
2011 10 918.0
2011 11 2957.0
2011 12 8762.0
2012 1 1924.0
2012 2 515.0
2012 3 6261.0
2012 4 1036.0
2012 5 2288.0
2012 6 2930.0
2012 7 180.0
2012 8 833.0
2012 9 7557.0
2012 10 4524.0
2012 11 4817.0
2012 12 1722.0
2013 1 317.0
2013 2 5220.0
2013 3 1331.0
2013 4 3548.0
2013 5 7744.0
2013 6 14078.0
2013 7 4078.0
2013 8 2967.0
2013 9 2513.0
2013 10 4094.0
2013 11 2547.0
2013 12 4244.0
2014 1 1344.0
2014 2 1003.0
2014 3 10123.0
2014 4 6934.0
2014 5 1894.0
2014 6 2918.0
2014 7 2111.0
2014 8 7996.0
2014 9 1682.0
2014 10 2492.0
2014 11 9743.0
2014 12 1087.0
2015 1 5693.0
2015 2 10056.0
2015 3 1753.0
2015 4 4000.0
2015 5 4373.0
2015 6 4389.0
2015 7 5369.0
2015 8 11298.0
2015 9 10173.0
2015 10 3127.0
2015 11 4133.0
2015 12 5812.0
2016 1 4199.0
2016 2 807.0
2016 3 6856.0
2016 4 1949.0
2016 5 13853.0
2016 6 8354.0
2016 7 1252.0
2016 8 8844.0
2016 9 1467.0
2016 10 1453.0
2016 11 2405.0
2016 12 5815.0
2017 1 1244.0
2017 2 1794.0
2017 3 10626.0
2017 4 2578.0
2017 5 6365.0
2017 6 10238.0
2017 7 3182.0
2017 8 2075.0
2017 9 16751.0
2017 10 3173.0
2017 11 1554.0
2017 12 1569.0
2018 1 2755.0
2018 2 1176.0
2018 3 7032.0
2018 4 1447.0
2018 5 1994.0
2018 6 1874.0
2018 7 9400.0
2018 8 1481.0
2018 9 1531.0
2018 10 14501.0
2018 11 7138.0
2018 12 3760.0
2019 1 2403.0
2019 2 4074.0
2019 3 7484.0
2019 4 9652.0
2019 5 2467.0
2019 6 3000.0
2019 7 4503.0
2019 8 4879.0
2019 9 3160.0
2019 10 10851.0
2019 11 2410.0
2019 12 3256.0
2020 1 3273.0
2020 2 2524.0
2020 3 15622.0
2020 4 6906.0
2020 5 808.0
2020 6 1423.0
2020 7 4462.0
2020 8 1522.0
2020 9 3348.0
2020 10 1931.0
2020 11 8806.0
2020 12 2060.0
2021 1 3990.0
2021 2 5345.0
2021 3 10044.0
2021 4 15019.0
2021 5 3211.0
2021 6 3363.0
2021 7 5745.0
2021 8 3564.0
2021 9 6821.0
2021 10 2909.0
2021 11 9928.0
2021 12 19496.0
2022 1 2648.0
2022 2 3800.0
2022 3 6986.0
2022 4 4698.0
2022 5 5983.0
2022 6 9077.0
2022 7 12276.0
2022 8 3804.0
2022 9 12849.0
2022 10 2225.0
2022 11 4291.0
2022 12 7427.0
2023 1 1873.0
2023 2 6231.0
2023 3 26355.0
2023 4 1726.0
2023 5 6898.0
2023 6 12704.0
2023 7 22979.0
2023 8 21003.0
2023 9 8635.0
2023 10 31227.0
2023 11 1973.0
2023 12 1605.0
2024 1 3961.0
2024 2 13864.0
2024 3 8397.0
2024 4 22764.0
2024 5 35824.0
2024 6 10439.0
2024 7 22933.0
2024 8 7821.0
