1963 10 170.0
1963 11 161.66666666666666
1963 12 153.33333333333334
1964 1 145.0
1964 2 136.66666666666666
1964 3 128.33333333333331
1964 4 120.0
1964 5 111.66666666666666
1964 6 103.33333333333333
1964 7 95.0
1964 8 86.66666666666666
1964 9 78.33333333333333
1964 10 70.0
1964 11 70.0
1964 12 70.0
1965 1 70.0
1965 2 70.0
1965 3 70.0
1965 4 117.14285714285714
1965 5 164.28571428571428
1965 6 211.42857142857144
1965 7 258.57142857142856
1965 8 305.7142857142857
1965 9 352.8571428571429
1965 10 400.0
1965 11 500.0
1965 12 905.0
1966 1 734.75
1966 2 564.5
1966 3 394.25
1966 4 224.0
1966 5 286.6666666666667
1966 6 349.3333333333333
1966 7 412.0
1966 8 474.66666666666663
1966 9 537.3333333333333
1966 10 600.0
1966 11 591.0
1966 12 582.0
1967 1 573.0
1967 2 564.0
1967 3 54.0
1967 4 160.0
1967 5 795.0
1967 6 1430.0
1967 7 730.0
1967 8 30.0
1967 9 400.0
1967 10 368.0
1967 11 336.0
1967 12 160.0
1968 1 330.0
1968 2 500.0
1968 3 428.0
1968 4 356.0
1968 5 743.0
1968 6 1130.0
1968 7 80.0
1968 8 117.33333333333334
1968 9 154.66666666666669
1968 10 192.0
1968 11 200.0
1968 12 176.66666666666666
1969 1 153.33333333333334
1969 2 130.0
1969 3 106.66666666666667
1969 4 83.33333333333334
1969 5 60.0
1969 6 774.0
1969 7 3169.0
1969 8 1741.5
1969 9 314.0
1969 10 229.33333333333331
1969 11 144.66666666666666
1969 12 60.0
1970 1 350.0
1970 2 205.0
1970 3 60.0
1970 4 140.0
1970 5 220.0
1970 6 1330.0
1970 7 689.0
1970 8 48.0
1970 9 224.0
1970 10 400.0
1970 11 320.0
1970 12 240.0
1971 1 1378.0
1971 2 60.0
1971 3 793.0
1971 4 440.0
1971 5 180.0
1971 6 74.0
1971 7 1750.0
1971 8 398.0
1971 9 72.0
1971 10 525.0
1971 11 312.5
1971 12 100.0
1972 1 1100.0
1972 2 354.0
1972 3 110.0
1972 4 85.0
1972 5 60.0
1972 6 787.0
1972 7 1514.0
1972 8 1510.0
1972 9 1545.0
1972 10 1580.0
1972 11 1350.0
1972 12 716.0
1973 1 82.0
1973 2 1295.0
1973 3 197.0
1973 4 171.0
1973 5 1099.0
1973 6 1012.0
1973 7 72.0
1973 8 83.0
1973 9 135.0
1973 10 858.0
1973 11 449.0
1973 12 40.0
1974 1 60.0
1974 2 105.0
1974 3 117.0
1974 4 154.28571428571428
1974 5 191.57142857142856
1974 6 228.85714285714286
1974 7 266.1428571428571
1974 8 303.42857142857144
1974 9 340.7142857142857
1974 10 378.0
1974 11 278.6666666666667
1974 12 179.33333333333334
1975 1 80.0
1975 2 480.0
1975 3 540.0
1975 4 600.0
1975 5 430.0
1975 6 260.0
1975 7 90.0
1975 8 111.0
1975 9 132.0
1975 10 540.0
1975 11 739.75
1975 12 939.5
1976 1 1139.25
1976 2 1339.0
1976 3 24.0
1976 4 385.0
1976 5 120.0
1976 6 439.6666666666667
1976 7 759.3333333333334
1976 8 1079.0
1976 9 590.0
1976 10 101.0
1976 11 108.0
1976 12 115.0
1977 1 122.0
1977 2 500.0
1977 3 539.0
1977 4 4204.0
1977 5 4000.0
1977 6 3864.0
1977 7 865.0
1977 8 2374.0
1977 9 199.0
1977 10 890.0
1977 11 1182.0
1977 12 838.0
1978 1 494.0
1978 2 150.0
1978 3 739.0
1978 4 2377.0
1978 5 218.0
1978 6 1745.0
1978 7 1942.0
1978 8 4791.0
1978 9 470.0
1978 10 962.0
1978 11 708.0
1978 12 2404.0
1979 1 2247.0
1979 2 100.0
1979 3 1281.0
1979 4 124.0
1979 5 158.0
1979 6 6268.0
1979 7 77.0
1979 8 1781.0
1979 9 4052.0
1979 10 2621.0
1979 11 797.0
1979 12 1085.0
1980 1 1023.0
1980 2 961.0
1980 3 235.0
1980 4 1631.0
1980 5 498.0
1980 6 5268.0
1980 7 828.0
1980 8 500.0
1980 9 5693.0
1980 10 4869.0
1980 11 3512.0
1980 12 2155.0
1981 1 256.0
1981 2 223.0
1981 3 100.0
1981 4 330.0
1981 5 560.0
1981 6 25862.0
1981 7 2200.0
1981 8 1192.5
1981 9 185.0
1981 10 5467.0
1981 11 13867.0
1981 12 1012.0
1982 1 1331.3333333333333
1982 2 1650.6666666666665
1982 3 1970.0
1982 4 3491.0
1982 5 360.0
1982 6 8223.0
1982 7 2567.0
1982 8 362.0
1982 9 4493.0
1982 10 34594.0
1982 11 17422.0
1982 12 250.0
1983 1 6101.0
1983 2 3252.0
1983 3 270.0
1983 4 6470.0
1983 5 3023.0
1983 6 5286.0
1983 7 7285.0
1983 8 9284.0
1983 9 5894.0
1983 10 4485.0
1983 11 3966.0
1983 12 638.0
1984 1 73.0
1984 2 117.0
1984 3 1206.0
1984 4 1984.0
1984 5 10169.0
1984 6 3269.0
1984 7 13555.0
1984 8 10990.0
1984 9 20189.0
1984 10 10479.0
1984 11 2906.0
1984 12 8440.0
1985 1 1059.0
1985 2 1152.0
1985 3 1740.0
1985 4 3789.0
1985 5 4107.0
1985 6 1127.0
1985 7 471.0
1985 8 1005.0
1985 9 2678.0
1985 10 1143.0
1985 11 4448.0
1985 12 814.0
1986 1 1772.0
1986 2 993.0
1986 3 3960.0
1986 4 1396.0
1986 5 2838.0
1986 6 2387.0
1986 7 2352.0
1986 8 1900.0
1986 9 8521.0
1986 10 2094.0
1986 11 2231.0
1986 12 1331.0
1987 1 202.0
1987 2 1121.0
1987 3 1700.0
1987 4 1050.0
1987 5 1071.0
1987 6 2659.0
1987 7 346.0
1987 8 1226.0
1987 9 1924.0
1987 10 435.0
1987 11 997.0
1987 12 1255.0
1988 1 533.0
1988 2 387.0
1988 3 694.0
1988 4 6721.0
1988 5 2744.0
1988 6 2027.0
1988 7 1488.0
1988 8 25543.0
1988 9 1627.0
1988 10 1754.0
1988 11 1388.0
1988 12 1447.0
1989 1 426.0
1989 2 455.0
1989 3 984.0
1989 4 1954.0
1989 5 1035.0
1989 6 163.0
1989 7 1447.0
1989 8 2074.0
1989 9 515.0
1989 10 353.0
1989 11 731.0
1989 12 945.0
1990 1 825.0
1990 2 596.0
1990 3 481.0
1990 4 460.0
1990 5 149.0
1990 6 156.0
1990 7 163.0
1990 8 629.0
1990 9 835.0
1990 10 1092.0
1990 11 1911.5
1990 12 2731.0
1991 1 481.0
1991 2 481.0
1991 3 1441.0
1991 4 205.0
1991 5 2464.0
1991 6 481.0
1991 7 205.0
1991 8 520.25
1991 9 835.5
1991 10 1150.75
1991 11 1466.0
1991 12 205.0
1992 1 1709.5
1992 2 3214.0
1992 3 1554.0
1992 4 658.0
1992 5 569.5
1992 6 481.0
1992 7 2348.0
1992 8 312.0
1992 9 8368.0
1992 10 163.0
1992 11 697.0
1992 12 1231.0
1993 1 481.0
1993 2 481.0
1993 3 1041.0
1993 4 625.0
1993 5 421.0
1993 6 1775.0
1993 7 1821.0
1993 8 1078.0
1993 9 327.0
1993 10 977.0
1993 11 1981.0
1993 12 2374.0
1994 1 1293.5
1994 2 213.0
1994 3 1331.0
1994 4 481.0
1994 5 3203.0
1994 6 808.0
1994 7 694.0
1994 8 694.0
1994 9 694.0
1994 10 1100.0
1994 11 755.0
1994 12 694.0
1995 1 581.0
1995 2 463.0
1995 3 250.0
1995 4 481.0
1995 5 481.0
1995 6 297.0
1995 7 481.0
1995 8 2253.0
1995 9 481.0
1995 10 1307.0
1995 11 577.0
1995 12 1981.0
1996 1 481.0
1996 2 721.5
1996 3 962.0
1996 4 481.0
1996 5 962.0
1996 6 962.0
1996 7 962.0
1996 8 1808.0
1996 9 1677.0
1996 10 1154.0
1996 11 1175.0
1996 12 4863.0
1997 1 1067.0
1997 2 962.0
1997 3 323.0
1997 4 1685.0
1997 5 1378.5
1997 6 1072.0
1997 7 769.0
1997 8 466.0
1997 9 163.0
1997 10 163.0
1997 11 163.0
1997 12 436.0
1998 1 10527.0
1998 2 232.0
1998 3 230.0
1998 4 956.0
1998 5 319.0
1998 6 809.0
1998 7 343.0
1998 8 3543.0
1998 9 343.0
1998 10 1000.0
1998 11 241.0
1998 12 700.0
1999 1 955.0
1999 2 241.0
1999 3 241.0
1999 4 1949.0
1999 5 1011.0
1999 6 4210.0
1999 7 1128.0
1999 8 1683.0
1999 9 1634.0
1999 10 1421.0
1999 11 2801.0
1999 12 1993.0
2000 1 1615.0
2000 2 635.0
2000 3 973.0
2000 4 1006.0
2000 5 998.0
2000 6 2106.0
2000 7 1150.0
2000 8 719.0
2000 9 1286.0
2000 10 1431.0
2000 11 2453.0
2000 12 719.0
2001 1 719.0
2001 2 1150.0
2001 3 998.0
2001 4 935.0
2001 5 912.0
2001 6 1272.0
2001 7 8035.0
2001 8 735.0
2001 9 811.0
2001 10 2703.0
2001 11 735.0
2001 12 735.0
2002 1 2557.0
2002 2 736.0
2002 3 5677.0
2002 4 1462.0
2002 5 1462.0
2002 6 3195.0
2002 7 4146.0
2002 8 1588.0
2002 9 1657.0
2002 10 2169.0
2002 11 2520.0
2002 12 1618.0
2003 1 1422.3333333333333
2003 2 1226.6666666666667
2003 3 1031.0
2003 4 636.0
2003 5 845.0
2003 6 625.0
2003 7 699.0
2003 8 1639.0
2003 9 537.0
2003 10 1110.0
2003 11 2088.0
2003 12 2652.0
2004 1 2423.0
2004 2 353.0
2004 3 6155.0
2004 4 3788.0
2004 5 3243.0
2004 6 670.0
2004 7 8037.0
2004 8 1563.0
2004 9 8251.0
2004 10 1548.0
2004 11 1430.0
2004 12 808.0
2005 1 759.0
2005 2 317.0
2005 3 1200.0
2005 4 794.0
2005 5 1316.0
2005 6 1037.5
2005 7 759.0
2005 8 317.0
2005 9 4263.0
2005 10 858.0
2005 11 1480.5
2005 12 2103.0
2006 1 3758.666666666667
2006 2 5414.333333333334
2006 3 7070.0
2006 4 2645.0
2006 5 317.0
2006 6 2103.0
2006 7 2737.0
2006 8 3733.0
2006 9 747.0
2006 10 3703.0
2006 11 865.0
2006 12 609.0
2007 1 353.0
2007 2 353.0
2007 3 3490.0
2007 4 2751.3333333333335
2007 5 2012.6666666666667
2007 6 1274.0
2007 7 1567.0
2007 8 317.0
2007 9 5641.0
2007 10 317.0
2007 11 317.0
2007 12 317.0
2008 1 317.0
2008 2 534.5
2008 3 752.0
2008 4 345.0
2008 5 2436.0
2008 6 4852.0
2008 7 1519.0
2008 8 505.0
2008 9 2872.0
2008 10 1594.5
2008 11 317.0
2008 12 2501.0
2009 1 317.0
2009 2 317.0
2009 3 317.0
2009 4 317.0
2009 5 317.0
2009 6 3827.0
2009 7 3484.6666666666665
2009 8 3142.3333333333335
2009 9 2800.0
2009 10 2117.0
2009 11 2184.0
2009 12 3117.0
2010 1 425.0
2010 2 740.25
2010 3 1055.5
2010 4 1370.75
2010 5 1686.0
2010 6 2384.0
2010 7 317.0
2010 8 317.0
2010 9 7756.0
2010 10 1743.0
2010 11 3841.0
2010 12 1523.0
2011 1 619.0
2011 2 5581.0
2011 3 935.0
2011 4 779.0
2011 5 3476.0
2011 6 2932.0
2011 7 1440.0
2011 8 317.0
2011 9 8647.0
2011 10 478.0
2011 11 2214.0
2011 12 8244.0
2012 1 1584.0
2012 2 515.0
2012 3 6261.0
2012 4 317.0
2012 5 1131.0
2012 6 2507.0
2012 7 1443.5
2012 8 380.0
2012 9 7327.0
2012 10 4304.0
2012 11 4817.0
2012 12 317.0
2013 1 317.0
2013 2 4907.0
2013 3 633.0
2013 4 443.0
2013 5 6957.0
2013 6 12372.0
2013 7 2326.0
2013 8 1581.0
2013 9 1018.0
2013 10 3158.0
2013 11 1996.0
2013 12 4244.0
2014 1 905.0
2014 2 778.0
2014 3 9346.0
2014 4 1388.0
2014 5 1335.0
2014 6 1018.0
2014 7 950.0
2014 8 6719.0
2014 9 1145.0
2014 10 1008.0
2014 11 7724.0
2014 12 507.0
2015 1 5294.0
2015 2 9372.0
2015 3 887.0
2015 4 2994.0
2015 5 3161.0
2015 6 3819.0
2015 7 4560.0
2015 8 8944.0
2015 9 8517.0
2015 10 1511.0
2015 11 2455.0
2015 12 5483.0
2016 1 3008.0
2016 2 507.0
2016 3 3762.0
2016 4 633.0
2016 5 12444.0
2016 6 7529.0
2016 7 754.0
2016 8 6810.0
2016 9 1134.0
2016 10 1175.0
2016 11 2144.0
2016 12 5003.0
2017 1 1008.0
2017 2 754.0
2017 3 9879.0
2017 4 1444.0
2017 5 4867.0
2017 6 8984.0
2017 7 2512.0
2017 8 1184.0
2017 9 16081.0
2017 10 1622.0
2017 11 1276.0
2017 12 760.0
2018 1 1867.0
2018 2 839.0
2018 3 5385.0
2018 4 1081.0
2018 5 1317.0
2018 6 1647.0
2018 7 9400.0
2018 8 1081.0
2018 9 1531.0
2018 10 6681.0
2018 11 7138.0
2018 12 3007.0
2019 1 1154.0
2019 2 3806.0
2019 3 6531.0
2019 4 9153.0
2019 5 1707.0
2019 6 760.0
2019 7 3047.0
2019 8 2148.0
2019 9 2682.0
2019 10 4697.0
2019 11 2410.0
2019 12 3029.0
2020 1 2673.0
2020 2 1646.0
2020 3 14667.0
2020 4 6297.0
2020 5 507.0
2020 6 824.0
2020 7 3939.0
2020 8 633.0
2020 9 1762.0
2020 10 1006.0
2020 11 7173.0
2020 12 2060.0
2021 1 2980.0
2021 2 4744.0
2021 3 7923.0
2021 4 10038.0
2021 5 1010.0
2021 6 2247.0
2021 7 4254.0
2021 8 3017.0
2021 9 6321.0
2021 10 1948.0
2021 11 9381.0
2021 12 18757.0
2022 1 2503.0
2022 2 3235.0
2022 3 6296.0
2022 4 3702.0
2022 5 4827.0
2022 6 7881.0
2022 7 11445.0
2022 8 2363.0
2022 9 11627.0
2022 10 1325.0
2022 11 2872.0
2022 12 5206.0
2023 1 1512.0
2023 2 1094.0
2023 3 23265.0
2023 4 1018.0
2023 5 4244.0
2023 6 9433.0
2023 7 19905.0
2023 8 19253.0
2023 9 7916.0
2023 10 27295.0
2023 11 317.0
2023 12 756.0
2024 1 2350.0
2024 2 13124.0
2024 3 5985.0
2024 4 20380.0
2024 5 31196.0
2024 6 8184.0
2024 7 20544.0
2024 8 1435.0
