1960 5 379.0
1960 6 262.0
1960 7 169.0
1960 8 245.0
1960 9 192.0
1960 10 380.0
1960 11 416.0
1960 12 151.0
1961 1 24.0
1961 2 88.0
1961 3 395.0
1961 4 348.0
1961 5 474.0
1961 6 298.0
1961 7 344.0
1961 8 390.0
1961 9 284.0
1961 10 545.0
1961 11 485.0
1961 12 198.0
1962 1 64.0
1962 2 70.0
1962 3 340.0
1962 4 408.0
1962 5 580.0
1962 6 360.0
1962 7 326.0
1962 8 345.0
1962 9 225.0
1962 10 188.0
1962 11 421.0
1962 12 122.0
1963 1 202.0
1963 2 162.0
1963 3 214.0
1963 4 456.0
1963 5 271.0
1963 6 326.0
1963 7 419.0
1963 8 320.0
1963 9 474.0
1963 10 459.0
1963 11 327.0
1963 12 91.0
1964 1 54.0
1964 2 56.0
1964 3 143.0
1964 4 378.0
1964 5 427.0
1964 6 336.0
1964 7 366.0
1964 8 314.0
1964 9 546.0
1964 10 514.0
1964 11 330.0
1964 12 166.0
1965 1 192.0
1965 2 102.0
1965 3 298.0
1965 4 612.0
1965 5 724.0
1965 6 659.0
1965 7 411.0
1965 8 467.0
1965 9 589.0
1965 10 607.0
1965 11 712.0
1965 12 526.0
1966 1 184.0
1966 2 184.0
1966 3 285.0
1966 4 1524.0
1966 5 787.0
1966 6 428.0
1966 7 378.0
1966 8 421.0
1966 9 386.0
1966 10 423.0
1966 11 363.0
1966 12 258.0
1967 1 166.0
1967 2 84.0
1967 3 492.0
1967 4 518.0
1967 5 504.0
1967 6 720.0
1967 7 682.0
1967 8 788.0
1967 9 757.0
1967 10 595.0
1967 11 632.0
1967 12 284.0
1968 1 82.0
1968 2 160.0
1968 3 367.0
1968 4 886.0
1968 5 1931.0
1968 6 2026.0
1968 7 1019.0
1968 8 1500.0
1968 9 1535.0
1968 10 2177.0
1968 11 984.0
1968 12 905.0
1969 1 518.0
1969 2 289.0
1969 3 1066.0
1969 4 1525.0
1969 5 1155.0
1969 6 1495.0
1969 7 1279.0
1969 8 1536.0
1969 9 893.0
1969 10 1283.0
1969 11 3381.0
1969 12 1091.0
1970 1 187.0
1970 2 780.0
1970 3 933.0
1970 4 1689.0
1970 5 1705.0
1970 6 2033.0
1970 7 1771.0
1970 8 1847.0
1970 9 1483.0
1970 10 2523.0
1970 11 3321.0
1970 12 537.0
1971 1 492.0
1971 2 828.0
1971 3 582.0
1971 4 2947.0
1971 5 2672.0
1971 6 2968.0
1971 7 2620.0
1971 8 1432.0
1971 9 2089.0
1971 10 1956.0
1971 11 2486.0
1971 12 1441.0
1972 1 853.0
1972 2 258.0
1972 3 1104.0
1972 4 2488.0
1972 5 4228.0
1972 6 2232.0
1972 7 3925.0
1972 8 3781.0
1972 9 2672.0
1972 10 2859.0
1972 11 2066.0
1972 12 1706.0
1973 1 1556.0
1973 2 1707.0
1973 3 3651.0
1973 4 4212.0
1973 5 3752.0
1973 6 5531.0
1973 7 5914.0
1973 8 3425.0
1973 9 2462.0
1973 10 5422.0
1973 11 2298.0
1973 12 2186.0
1974 1 998.0
1974 2 1003.0
1974 3 2898.0
1974 4 3346.0
1974 5 4140.0
1974 6 4372.0
1974 7 3178.0
1974 8 2060.0
1974 9 3412.0
1974 10 1879.0
1974 11 948.0
1974 12 1277.0
1975 1 750.0
1975 2 842.0
1975 3 1828.0
1975 4 4809.0
1975 5 4303.0
1975 6 3196.0
1975 7 2994.0
1975 8 7246.0
1975 9 4310.0
1975 10 4088.0
1975 11 2157.0
1975 12 1781.0
1976 1 346.0
1976 2 727.0
1976 3 2239.0
1976 4 5557.0
1976 5 4216.0
1976 6 4486.0
1976 7 4200.0
1976 8 3824.0
1976 9 4919.0
1976 10 3598.0
1976 11 2730.0
1976 12 1632.0
1977 1 360.0
1977 2 381.0
1977 3 2608.0
1977 4 51983.0
1977 5 6473.0
1977 6 57890.0
1977 7 5296.0
1977 8 7761.0
1977 9 5621.0
1977 10 3715.0
1977 11 2363.0
1977 12 2742.0
1978 1 626.0
1978 2 2109.0
1978 3 2245.0
1978 4 5961.0
1978 5 6599.0
1978 6 7758.0
1978 7 11685.0
1978 8 5401.0
1978 9 9525.0
1978 10 7099.0
1978 11 4743.0
1978 12 2008.0
1979 1 1232.0
1979 2 1091.0
1979 3 3395.0
1979 4 7810.0
1979 5 13028.0
1979 6 8846.0
1979 7 9282.0
1979 8 8976.0
1979 9 8634.0
1979 10 7505.0
1979 11 2802.0
1979 12 2414.0
1980 1 2138.0
1980 2 2432.0
1980 3 2922.0
1980 4 7502.0
1980 5 8394.0
1980 6 5719.0
1980 7 14269.0
1980 8 7056.0
1980 9 8271.0
1980 10 6094.0
1980 11 4987.0
1980 12 3807.0
1981 1 1298.0
1981 2 2532.0
1981 3 2778.0
1981 4 8163.0
1981 5 9492.0
1981 6 7288.0
1981 7 8589.0
1981 8 5745.0
1981 9 9438.0
1981 10 7528.0
1981 11 3462.0
1981 12 2361.0
1982 1 1553.0
1982 2 3854.0
1982 3 2874.0
1982 4 5842.0
1982 5 7023.0
1982 6 8937.0
1982 7 8811.0
1982 8 6973.0
1982 9 5975.0
1982 10 7192.0
1982 11 5227.5
1982 12 3263.0
1983 1 2374.0
1983 2 1920.0
1983 3 4770.0
1983 4 6586.0
1983 5 12042.0
1983 6 11961.0
1983 7 10229.0
1983 8 13808.0
1983 9 13467.0
1983 10 7894.0
1983 11 7514.0
1983 12 9027.0
1984 1 3695.0
1984 2 4156.0
1984 3 8062.0
1984 4 16400.0
1984 5 16755.0
1984 6 13122.0
1984 7 11139.0
1984 8 12092.0
1984 9 23294.0
1984 10 9634.0
1984 11 12128.0
1984 12 10209.0
1985 1 13727.0
1985 2 5785.0
1985 3 13202.0
1985 4 18993.0
1985 5 20839.0
1985 6 22228.0
1985 7 17393.0
1985 8 17698.0
1985 9 16810.0
1985 10 16086.0
1985 11 11547.0
1985 12 7511.0
1986 1 5354.0
1986 2 6933.0
1986 3 14742.0
1986 4 22251.0
1986 5 23552.0
1986 6 24492.0
1986 7 25857.0
1986 8 19685.0
1986 9 23648.0
1986 10 18226.0
1986 11 15014.0
1986 12 10191.0
1987 1 7095.0
1987 2 8916.0
1987 3 17598.0
1987 4 29640.0
1987 5 26290.0
1987 6 34575.0
1987 7 28418.0
1987 8 27075.0
1987 9 28886.0
1987 10 24339.0
1987 11 23408.0
1987 12 12678.0
1988 1 5929.0
1988 2 11945.0
1988 3 24016.0
1988 4 34793.0
1988 5 36037.0
1988 6 33106.0
1988 7 23631.0
1988 8 29679.0
1988 9 32207.0
1988 10 24313.0
1988 11 18096.0
1988 12 17753.0
1989 1 10662.0
1989 2 8213.0
1989 3 23234.0
1989 4 29932.0
1989 5 31363.0
1989 6 34697.0
1989 7 23364.0
1989 8 20013.0
1989 9 21220.0
1989 10 21131.0
1989 11 17796.0
1989 12 10209.0
1990 1 7717.0
1990 2 10581.0
1990 3 14118.0
1990 4 16425.0
1990 5 21317.0
1990 6 18090.0
1990 7 18275.0
1990 8 15421.0
1990 9 14670.0
1990 10 16814.0
1990 11 11717.0
1990 12 4584.0
1991 1 3032.0
1991 2 4987.0
1991 3 6764.0
1991 4 16500.0
1991 5 20631.0
1991 6 19541.0
1991 7 17283.0
1991 8 12895.0
1991 9 17675.0
1991 10 16708.0
1991 11 9067.0
1991 12 6868.0
1992 1 6080.0
1992 2 5273.0
1992 3 11827.0
1992 4 14849.0
1992 5 19647.0
1992 6 20186.0
1992 7 16418.0
1992 8 15441.0
1992 9 17436.0
1992 10 13304.0
1992 11 12716.0
1992 12 9049.0
1993 1 6833.0
1993 2 6659.0
1993 3 10186.0
1993 4 12467.0
1993 5 19149.0
1993 6 17722.0
1993 7 14620.0
1993 8 17564.0
1993 9 16946.0
1993 10 16786.0
1993 11 14275.0
1993 12 9672.0
1994 1 5921.0
1994 2 8380.0
1994 3 10380.0
1994 4 19767.0
1994 5 27937.0
1994 6 25674.0
1994 7 23148.0
1994 8 22886.0
1994 9 18433.0
1994 10 16608.0
1994 11 12582.0
1994 12 12307.0
1995 1 6755.0
1995 2 6992.0
1995 3 15502.0
1995 4 21040.0
1995 5 21767.0
1995 6 19393.0
1995 7 16030.0
1995 8 21614.0
1995 9 18971.0
1995 10 23203.0
1995 11 11921.0
1995 12 10730.0
1996 1 7972.0
1996 2 8471.0
1996 3 20865.0
1996 4 19757.0
1996 5 21804.0
1996 6 22186.0
1996 7 18389.0
1996 8 18352.0
1996 9 17008.0
1996 10 15520.0
1996 11 13229.0
1996 12 9365.0
1997 1 5970.0
1997 2 5834.0
1997 3 14850.0
1997 4 17063.0
1997 5 21052.0
1997 6 19721.0
1997 7 19791.0
1997 8 21824.0
1997 9 19928.0
1997 10 14705.0
1997 11 9529.0
1997 12 11087.0
1998 1 9656.0
1998 2 8161.0
1998 3 15847.0
1998 4 21412.0
1998 5 21529.0
1998 6 26952.0
1998 7 19420.0
1998 8 18664.0
1998 9 21067.0
1998 10 17099.0
1998 11 12574.0
1998 12 13622.0
1999 1 6544.0
1999 2 11580.0
1999 3 18826.0
1999 4 28570.0
1999 5 27287.0
1999 6 34303.0
1999 7 29958.0
1999 8 18729.0
1999 9 22220.0
1999 10 16291.0
1999 11 16782.0
1999 12 13970.0
2000 1 9299.0
2000 2 9849.0
2000 3 21621.0
2000 4 23634.0
2000 5 30137.0
2000 6 28218.0
2000 7 23571.0
2000 8 25964.0
2000 9 20232.0
2000 10 21584.0
2000 11 16888.0
2000 12 13240.0
2001 1 11489.0
2001 2 13082.0
2001 3 17027.0
2001 4 23836.0
2001 5 32961.0
2001 6 25914.0
2001 7 27694.0
2001 8 25928.0
2001 9 29287.0
2001 10 23771.0
2001 11 17058.0
2001 12 11210.0
2002 1 11729.0
2002 2 10630.0
2002 3 20260.0
2002 4 36884.0
2002 5 32256.0
2002 6 29007.0
2002 7 36292.0
2002 8 29112.0
2002 9 28825.0
2002 10 26568.0
2002 11 21047.0
2002 12 15829.0
2003 1 15360.0
2003 2 15173.0
2003 3 23006.0
2003 4 43130.0
2003 5 36930.0
2003 6 39504.0
2003 7 32560.0
2003 8 27054.0
2003 9 27905.0
2003 10 33744.0
2003 11 21083.0
2003 12 18103.0
2004 1 14965.0
2004 2 12501.0
2004 3 35482.0
2004 4 44946.0
2004 5 39522.0
2004 6 55098.0
2004 7 37502.0
2004 8 33806.0
2004 9 32318.0
2004 10 27876.0
2004 11 25015.0
2004 12 21665.0
2005 1 14148.0
2005 2 15726.0
2005 3 25291.0
2005 4 42142.0
2005 5 60813.0
2005 6 47199.0
2005 7 35419.0
2005 8 46478.0
2005 9 40954.0
2005 10 29557.0
2005 11 34811.0
2005 12 26016.0
2006 1 26219.0
2006 2 21435.0
2006 3 39555.0
2006 4 34533.0
2006 5 51396.0
2006 6 49901.0
2006 7 41217.0
2006 8 50533.0
2006 9 32760.0
2006 10 29210.0
2006 11 18688.0
2006 12 14380.0
2007 1 12946.0
2007 2 13033.0
2007 3 32436.0
2007 4 41018.0
2007 5 31326.0
2007 6 30698.0
2007 7 28974.0
2007 8 29077.0
2007 9 17265.0
2007 10 25448.0
2007 11 16492.0
2007 12 10336.0
2008 1 9108.0
2008 2 8152.0
2008 3 24373.0
2008 4 23164.0
2008 5 28202.0
2008 6 30027.0
2008 7 26310.0
2008 8 24160.0
2008 9 22987.0
2008 10 13123.0
2008 11 4151.0
2008 12 10088.0
2009 1 5810.0
2009 2 3155.0
2009 3 9298.0
2009 4 14803.0
2009 5 15259.0
2009 6 14935.0
2009 7 15164.0
2009 8 19628.0
2009 9 12736.0
2009 10 28200.0
2009 11 8494.0
2009 12 9211.0
2010 1 8128.0
2010 2 44198.0
2010 3 9469.0
2010 4 19362.0
2010 5 23776.0
2010 6 14732.0
2010 7 16548.0
2010 8 19854.0
2010 9 16393.0
2010 10 16939.0
2010 11 14619.0
2010 12 12903.0
2011 1 4103.0
2011 2 6889.0
2011 3 8368.0
2011 4 23561.0
2011 5 15557.0
2011 6 12486.0
2011 7 20276.0
2011 8 18024.0
2011 9 10105.0
2011 10 12791.0
2011 11 8950.0
2011 12 9171.0
2012 1 5459.0
2012 2 9119.0
2012 3 15895.0
2012 4 25161.0
2012 5 26265.0
2012 6 21320.0
2012 7 15790.0
2012 8 12420.0
2012 9 18017.0
2012 10 22963.0
2012 11 7588.0
2012 12 7199.0
2013 1 5827.0
2013 2 16249.0
2013 3 15839.0
2013 4 13620.0
2013 5 22701.0
2013 6 21525.0
2013 7 18069.0
2013 8 12135.0
2013 9 27193.0
2013 10 22860.0
2013 11 12409.0
2013 12 25258.0
2014 1 8489.0
2014 2 5535.0
2014 3 13610.0
2014 4 17876.0
2014 5 21401.0
2014 6 28177.0
2014 7 20695.0
2014 8 17916.0
2014 9 19676.0
2014 10 16327.0
2014 11 8244.0
2014 12 6181.0
2015 1 4890.0
2015 2 9608.0
2015 3 79620.0
2015 4 20717.0
2015 5 27754.0
2015 6 27677.0
2015 7 29936.0
2015 8 22151.0
2015 9 16397.0
2015 10 21544.0
2015 11 23807.0
2015 12 37531.0
2016 1 6811.0
2016 2 8396.0
2016 3 12417.0
2016 4 45871.0
2016 5 36390.0
2016 6 45845.0
2016 7 31313.0
2016 8 39169.0
2016 9 47271.0
2016 10 42403.0
2016 11 25948.0
2016 12 18547.0
2017 1 12517.0
2017 2 11715.0
2017 3 33992.0
2017 4 28250.0
2017 5 31468.0
2017 6 33675.0
2017 7 28127.0
2017 8 33699.0
2017 9 55927.0
2017 10 31517.0
2017 11 26804.0
2017 12 6043.0
2018 1 5491.0
2018 2 17893.0
2018 3 16407.0
2018 4 26454.0
2018 5 42324.0
2018 6 29970.0
2018 7 22417.0
2018 8 36420.0
2018 9 50559.0
2018 10 34352.0
2018 11 15661.0
2018 12 14730.0
2019 1 13591.0
2019 2 28814.0
2019 3 19988.0
2019 4 26787.0
2019 5 28548.0
2019 6 26329.0
2019 7 22295.0
2019 8 34422.0
2019 9 23247.0
2019 10 15596.0
2019 11 11181.0
2019 12 5290.0
2020 1 12445.0
2020 2 26378.0
2020 3 15348.0
2020 4 15875.0
2020 5 32670.0
2020 6 47699.0
2020 7 32974.0
2020 8 28927.0
2020 9 45650.0
2020 10 27521.0
2020 11 22971.0
2020 12 27273.0
2021 1 14652.0
2021 2 12978.0
2021 3 34560.0
2021 4 47398.0
2021 5 48457.0
2021 6 41826.0
2021 7 24265.0
2021 8 38270.0
2021 9 26865.0
2021 10 43921.0
2021 11 22472.0
2021 12 13221.0
2022 1 21714.0
2022 2 23120.0
2022 3 32247.0
2022 4 46509.0
2022 5 37027.0
2022 6 45472.0
2022 7 39259.0
2022 8 38740.0
2022 9 33072.0
2022 10 27211.0
2022 11 27148.0
2022 12 18356.0
2023 1 14046.0
2023 2 12478.0
2023 3 36280.0
2023 4 49154.0
2023 5 47108.0
2023 6 43766.0
2023 7 29813.0
2023 8 40353.0
2023 9 33950.0
2023 10 33358.0
2023 11 24614.0
2023 12 19038.0
2024 1 30260.0
2024 2 24573.0
2024 3 27393.0
2024 4 51615.0
2024 5 55157.0
2024 6 42738.0
2024 7 43200.0
2024 8 43668.0
