1960 5 910.0
1960 6 2116.0
1960 7 1552.0
1960 8 2794.0
1960 9 4135.0
1960 10 2787.0
1960 11 2152.0
1960 12 222.0
1961 1 2285.0
1961 2 2813.0
1961 3 3790.0
1961 4 1830.0
1961 5 7484.0
1961 6 1971.0
1961 7 1407.0
1961 8 1624.0
1961 9 6318.0
1961 10 5782.0
1961 11 4922.0
1961 12 1267.0
1962 1 7073.0
1962 2 3404.0
1962 3 10814.0
1962 4 4962.0
1962 5 10220.0
1962 6 3203.0
1962 7 15429.0
1962 8 7615.0
1962 9 10216.0
1962 10 6392.0
1962 11 13490.0
1962 12 12969.0
1963 1 5214.0
1963 2 4517.0
1963 3 7717.0
1963 4 9018.0
1963 5 13048.0
1963 6 6989.0
1963 7 11081.0
1963 8 4258.0
1963 9 12339.0
1963 10 12466.0
1963 11 8201.0
1963 12 5580.0
1964 1 12926.0
1964 2 5843.0
1964 3 14913.0
1964 4 16497.0
1964 5 20349.0
1964 6 16741.0
1964 7 7548.0
1964 8 14239.0
1964 9 10548.0
1964 10 8739.0
1964 11 5386.0
1964 12 9485.0
1965 1 8718.0
1965 2 16032.0
1965 3 16926.0
1965 4 15798.0
1965 5 10872.0
1965 6 18023.0
1965 7 6352.0
1965 8 16610.0
1965 9 4927.0
1965 10 12962.0
1965 11 6654.0
1965 12 17748.0
1966 1 12460.0
1966 2 9871.0
1966 3 8501.0
1966 4 17330.0
1966 5 7938.0
1966 6 7683.0
1966 7 5788.0
1966 8 6828.0
1966 9 5624.0
1966 10 723.0
1966 11 2327.0
1966 12 5847.0
1967 1 4941.0
1967 2 3622.0
1967 3 13771.0
1967 4 7716.0
1967 5 3449.0
1967 6 10343.0
1967 7 3496.0
1967 8 7776.0
1967 9 9751.0
1967 10 9434.0
1967 11 7243.0
1967 12 10059.0
1968 1 8154.0
1968 2 5784.0
1968 3 12796.0
1968 4 10160.0
1968 5 3589.0
1968 6 11799.0
1968 7 6813.0
1968 8 4176.0
1968 9 9275.0
1968 10 11337.0
1968 11 5601.0
1968 12 10247.0
1969 1 7768.0
1969 2 6089.0
1969 3 14139.0
1969 4 14135.0
1969 5 13822.0
1969 6 5150.0
1969 7 3810.0
1969 8 4150.0
1969 9 8716.0
1969 10 16154.0
1969 11 6293.0
1969 12 7302.0
1970 1 9781.0
1970 2 1638.0
1970 3 15440.0
1970 4 10615.0
1970 5 18636.0
1970 6 18659.0
1970 7 8375.0
1970 8 8842.0
1970 9 27707.0
1970 10 22852.0
1970 11 9651.0
1970 12 14482.0
1971 1 38257.0
1971 2 8182.0
1971 3 18346.0
1971 4 21627.0
1971 5 33334.0
1971 6 34499.0
1971 7 18691.0
1971 8 30976.0
1971 9 37691.0
1971 10 29848.0
1971 11 26730.0
1971 12 26558.0
1972 1 27263.0
1972 2 24410.0
1972 3 35265.0
1972 4 22106.0
1972 5 38778.0
1972 6 31295.0
1972 7 37943.0
1972 8 22494.0
1972 9 25998.0
1972 10 27588.0
1972 11 24121.0
1972 12 26710.0
1973 1 18477.0
1973 2 27146.0
1973 3 33199.0
1973 4 33074.0
1973 5 41462.0
1973 6 59403.0
1973 7 24171.0
1973 8 35549.0
1973 9 75193.0
1973 10 39711.0
1973 11 22610.0
1973 12 13160.0
1974 1 39646.0
1974 2 19936.0
1974 3 25397.0
1974 4 8066.0
1974 5 9543.0
1974 6 8928.0
1974 7 56786.0
1974 8 6510.0
1974 9 7075.0
1974 10 4090.0
1974 11 2939.0
1974 12 3162.0
1975 1 6702.0
1975 2 9010.0
1975 3 1569.0
1975 4 4804.0
1975 5 2265.0
1975 6 33468.0
1975 7 6348.0
1975 8 4422.0
1975 9 5174.0
1975 10 11419.0
1975 11 12132.0
1975 12 3434.0
1976 1 2409.0
1976 2 9312.0
1976 3 3188.0
1976 4 5264.0
1976 5 3316.0
1976 6 4293.0
1976 7 8012.0
1976 8 4728.0
1976 9 4875.0
1976 10 9486.0
1976 11 21490.0
1976 12 7762.0
1977 1 5053.0
1977 2 11038.0
1977 3 20940.0
1977 4 2285.0
1977 5 16436.0
1977 6 67.0
1977 7 31143.0
1977 8 37235.0
1977 9 6445.0
1977 10 19085.0
1977 11 20616.0
1977 12 22669.0
1978 1 9061.0
1978 2 20473.0
1978 3 14948.0
1978 4 13842.0
1978 5 21880.0
1978 6 15405.0
1978 7 32788.0
1978 8 26172.0
1978 9 12220.0
1978 10 21376.0
1978 11 8052.0
1978 12 5795.0
1979 1 5482.0
1979 2 4396.0
1979 3 11116.0
1979 4 26519.0
1979 5 18901.0
1979 6 17370.0
1979 7 43854.0
1979 8 25618.0
1979 9 17846.0
1979 10 26167.0
1979 11 18507.0
1979 12 8122.0
1980 1 7327.0
1980 2 3927.0
1980 3 6747.0
1980 4 8550.0
1980 5 15771.0
1980 6 12327.0
1980 7 9752.0
1980 8 18453.0
1980 9 49792.0
1980 10 29390.0
1980 11 16561.0
1980 12 8483.0
1981 1 13137.0
1981 2 18280.0
1981 3 21256.0
1981 4 20540.0
1981 5 9705.0
1981 6 13291.0
1981 7 13611.0
1981 8 20066.0
1981 9 38020.0
1981 10 21677.0
1981 11 16198.0
1981 12 16271.0
1982 1 6511.0
1982 2 7870.0
1982 3 22143.0
1982 4 23110.0
1982 5 8482.0
1982 6 14791.0
1982 7 22710.0
1982 8 9488.0
1982 9 25439.0
1982 10 14118.0
1982 11 17134.5
1982 12 20151.0
1983 1 11564.0
1983 2 6017.0
1983 3 15278.0
1983 4 11648.0
1983 5 22066.0
1983 6 27761.0
1983 7 28478.0
1983 8 24500.0
1983 9 47010.0
1983 10 24492.0
1983 11 34344.0
1983 12 23431.0
1984 1 22934.0
1984 2 25048.0
1984 3 18906.0
1984 4 26081.0
1984 5 43468.0
1984 6 48969.0
1984 7 24922.0
1984 8 31895.0
1984 9 51327.0
1984 10 28371.0
1984 11 70141.0
1984 12 73109.0
1985 1 38653.0
1985 2 17408.0
1985 3 25492.0
1985 4 33009.0
1985 5 38299.0
1985 6 32442.0
1985 7 32535.0
1985 8 35485.0
1985 9 70617.0
1985 10 44455.0
1985 11 40196.0
1985 12 46235.0
1986 1 56527.0
1986 2 46234.0
1986 3 54794.0
1986 4 68990.0
1986 5 42537.0
1986 6 75911.0
1986 7 26505.0
1986 8 51126.0
1986 9 17083.0
1986 10 26492.0
1986 11 27643.0
1986 12 23229.0
1987 1 46277.0
1987 2 28137.0
1987 3 99282.0
1987 4 64391.0
1987 5 28187.0
1987 6 63088.0
1987 7 45095.0
1987 8 50711.0
1987 9 47835.0
1987 10 41421.0
1987 11 25582.0
1987 12 29185.0
1988 1 18814.0
1988 2 48381.0
1988 3 51989.0
1988 4 48810.0
1988 5 54228.0
1988 6 39559.0
1988 7 40456.0
1988 8 31245.0
1988 9 66523.0
1988 10 105354.0
1988 11 44009.0
1988 12 40527.0
1989 1 32992.0
1989 2 30521.0
1989 3 25696.0
1989 4 24512.0
1989 5 23258.0
1989 6 139510.0
1989 7 29642.0
1989 8 57738.0
1989 9 56927.0
1989 10 28192.0
1989 11 31856.0
1989 12 87164.0
1990 1 54831.0
1990 2 23011.0
1990 3 34270.0
1990 4 18915.0
1990 5 21932.0
1990 6 40663.0
1990 7 27152.0
1990 8 10151.0
1990 9 14078.0
1990 10 27820.0
1990 11 45589.0
1990 12 13180.0
1991 1 8677.0
1991 2 7090.0
1991 3 18789.0
1991 4 10103.0
1991 5 9389.0
1991 6 10652.0
1991 7 14504.0
1991 8 12137.0
1991 9 10068.0
1991 10 3600.0
1991 11 14605.0
1991 12 9071.0
1992 1 19291.0
1992 2 8850.0
1992 3 35999.0
1992 4 11963.0
1992 5 18523.0
1992 6 7226.0
1992 7 15945.0
1992 8 31578.0
1992 9 10734.0
1992 10 9236.0
1992 11 8236.0
1992 12 13996.0
1993 1 9828.0
1993 2 8761.0
1993 3 10028.0
1993 4 8557.0
1993 5 13768.0
1993 6 13934.0
1993 7 29623.0
1993 8 26351.0
1993 9 18719.0
1993 10 13496.0
1993 11 23551.0
1993 12 22772.0
1994 1 28975.0
1994 2 13303.0
1994 3 22306.0
1994 4 24257.0
1994 5 17601.0
1994 6 35206.0
1994 7 14835.0
1994 8 18658.0
1994 9 36628.0
1994 10 26695.0
1994 11 15194.0
1994 12 22816.0
1995 1 22553.0
1995 2 20736.0
1995 3 58394.0
1995 4 32813.0
1995 5 9732.0
1995 6 26390.0
1995 7 12908.0
1995 8 29229.0
1995 9 35317.0
1995 10 39301.0
1995 11 23300.0
1995 12 18560.0
1996 1 22452.0
1996 2 12531.0
1996 3 14323.0
1996 4 31761.0
1996 5 34542.0
1996 6 49803.0
1996 7 29940.0
1996 8 64009.0
1996 9 17351.0
1996 10 55946.0
1996 11 12355.0
1996 12 37071.0
1997 1 30743.0
1997 2 13682.0
1997 3 27552.0
1997 4 24298.0
1997 5 15670.0
1997 6 33135.0
1997 7 61391.0
1997 8 63000.0
1997 9 28460.0
1997 10 49245.0
1997 11 19461.0
1997 12 34401.0
1998 1 18515.0
1998 2 26209.0
1998 3 39573.0
1998 4 30512.0
1998 5 16799.0
1998 6 40040.0
1998 7 38945.0
1998 8 44362.0
1998 9 63457.0
1998 10 53150.0
1998 11 35449.0
1998 12 34793.0
1999 1 55073.0
1999 2 30393.0
1999 3 49647.0
1999 4 35194.0
1999 5 27652.0
1999 6 48601.0
1999 7 34266.0
1999 8 50134.0
1999 9 34351.0
1999 10 63527.0
1999 11 38575.0
1999 12 46971.0
2000 1 34373.0
2000 2 33662.0
2000 3 32468.0
2000 4 28697.0
2000 5 15070.0
2000 6 26386.0
2000 7 51316.0
2000 8 32218.0
2000 9 34325.0
2000 10 40475.0
2000 11 31825.0
2000 12 21941.0
2001 1 23344.0
2001 2 78429.0
2001 3 59366.0
2001 4 74061.0
2001 5 29163.0
2001 6 74782.0
2001 7 44024.0
2001 8 41085.0
2001 9 41520.0
2001 10 38532.0
2001 11 57336.0
2001 12 48102.0
2002 1 34020.0
2002 2 14663.0
2002 3 109553.0
2002 4 47988.0
2002 5 61386.0
2002 6 70069.0
2002 7 71061.0
2002 8 34978.0
2002 9 46098.0
2002 10 58886.0
2002 11 28249.0
2002 12 88633.0
2003 1 58766.0
2003 2 44321.0
2003 3 33728.0
2003 4 28037.0
2003 5 16715.0
2003 6 81220.0
2003 7 22178.0
2003 8 45403.0
2003 9 21761.0
2003 10 73995.0
2003 11 33228.0
2003 12 69508.0
2004 1 67981.0
2004 2 59469.0
2004 3 49442.0
2004 4 78066.0
2004 5 82316.0
2004 6 98376.0
2004 7 74769.0
2004 8 35303.0
2004 9 59144.0
2004 10 73064.0
2004 11 47623.0
2004 12 64247.0
2005 1 38080.0
2005 2 54079.0
2005 3 44224.0
2005 4 22403.0
2005 5 20788.0
2005 6 137506.0
2005 7 59500.0
2005 8 70052.0
2005 9 33088.0
2005 10 93208.0
2005 11 51037.0
2005 12 140920.0
2006 1 65496.0
2006 2 47954.0
2006 3 65736.0
2006 4 23729.0
2006 5 89601.0
2006 6 32919.0
2006 7 90170.0
2006 8 38880.0
2006 9 70000.0
2006 10 96342.0
2006 11 33817.0
2006 12 27175.0
2007 1 28242.0
2007 2 42359.0
2007 3 97840.0
2007 4 45350.0
2007 5 158742.0
2007 6 17777.0
2007 7 57971.0
2007 8 29590.0
2007 9 8294.0
2007 10 50574.0
2007 11 20003.0
2007 12 149261.0
2008 1 96641.0
2008 2 54856.0
2008 3 81021.0
2008 4 35090.0
2008 5 59994.0
2008 6 69087.0
2008 7 46017.0
2008 8 38824.0
2008 9 29760.0
2008 10 23957.0
2008 11 14359.0
2008 12 15983.0
2009 1 8746.0
2009 2 34999.0
2009 3 10485.0
2009 4 14674.0
2009 5 63271.0
2009 6 21386.0
2009 7 35472.0
2009 8 34224.0
2009 9 4717.0
2009 10 5231.0
2009 11 32782.0
2009 12 26272.0
2010 1 7184.0
2010 2 10847.0
2010 3 67457.0
2010 4 22440.0
2010 5 16114.0
2010 6 17616.0
2010 7 38772.0
2010 8 14415.0
2010 9 49025.0
2010 10 15673.0
2010 11 16569.0
2010 12 11081.0
2011 1 24007.0
2011 2 37639.0
2011 3 51500.0
2011 4 11291.0
2011 5 21710.0
2011 6 29521.0
2011 7 49883.0
2011 8 31226.0
2011 9 18534.0
2011 10 12056.0
2011 11 23182.0
2011 12 43729.0
2012 1 19343.0
2012 2 66490.0
2012 3 49694.0
2012 4 47564.0
2012 5 52764.0
2012 6 39194.0
2012 7 53187.0
2012 8 34605.0
2012 9 35772.0
2012 10 34155.0
2012 11 74021.0
2012 12 34146.0
2013 1 76358.0
2013 2 23011.0
2013 3 28776.0
2013 4 38668.0
2013 5 94536.0
2013 6 70058.0
2013 7 47001.0
2013 8 33256.0
2013 9 40056.0
2013 10 13408.0
2013 11 38682.0
2013 12 23318.0
2014 1 14521.0
2014 2 100913.0
2014 3 22331.0
2014 4 35905.0
2014 5 38643.0
2014 6 151846.0
2014 7 76249.0
2014 8 38212.0
2014 9 64526.0
2014 10 26164.0
2014 11 40092.0
2014 12 75473.0
2015 1 81814.0
2015 2 33025.0
2015 3 99739.0
2015 4 144139.0
2015 5 10491.0
2015 6 84025.0
2015 7 93659.0
2015 8 51077.0
2015 9 46502.0
2015 10 66998.0
2015 11 31544.0
2015 12 59020.0
2016 1 60967.0
2016 2 12451.0
2016 3 24579.0
2016 4 38993.0
2016 5 104911.0
2016 6 60712.0
2016 7 51244.0
2016 8 74927.0
2016 9 45710.0
2016 10 13768.0
2016 11 52273.0
2016 12 35970.0
2017 1 47370.0
2017 2 13079.0
2017 3 55605.0
2017 4 32835.0
2017 5 32285.0
2017 6 95865.0
2017 7 47789.0
2017 8 59750.0
2017 9 71573.0
2017 10 54819.0
2017 11 108333.0
2017 12 21075.0
2018 1 57333.0
2018 2 174861.0
2018 3 146011.0
2018 4 77188.0
2018 5 54079.0
2018 6 69275.0
2018 7 94060.0
2018 8 37682.0
2018 9 129470.0
2018 10 37573.0
2018 11 83910.0
2018 12 26131.0
2019 1 85193.0
2019 2 95200.0
2019 3 73268.0
2019 4 110447.0
2019 5 61024.0
2019 6 94818.0
2019 7 100995.0
2019 8 145818.0
2019 9 79643.0
2019 10 30024.0
2019 11 72233.0
2019 12 107828.0
2020 1 97296.0
2020 2 74446.0
2020 3 71493.0
2020 4 121940.0
2020 5 179222.0
2020 6 171238.0
2020 7 167047.0
2020 8 38905.0
2020 9 122230.0
2020 10 18301.0
2020 11 62491.0
2020 12 50053.0
2021 1 151256.0
2021 2 84131.0
2021 3 168753.0
2021 4 211009.0
2021 5 103001.0
2021 6 97053.0
2021 7 88466.0
2021 8 148626.0
2021 9 175970.0
2021 10 46207.0
2021 11 175539.0
2021 12 216375.0
2022 1 121656.0
2022 2 113137.0
2022 3 302005.0
2022 4 157179.0
2022 5 317132.0
2022 6 144650.0
2022 7 185857.0
2022 8 159294.0
2022 9 191126.0
2022 10 217292.0
2022 11 84606.0
2022 12 186020.0
2023 1 209675.0
2023 2 115712.0
2023 3 143582.0
2023 4 108743.0
2023 5 118477.0
2023 6 117386.0
2023 7 63852.0
2023 8 223092.0
2023 9 146553.0
2023 10 144939.0
2023 11 82303.0
2023 12 131614.0
2024 1 109205.0
2024 2 95900.0
2024 3 55112.0
2024 4 46834.0
2024 5 91657.0
2024 6 76467.0
2024 7 135730.0
2024 8 129434.0
