1960 5 32530.0
1960 6 27831.0
1960 7 23004.0
1960 8 25886.0
1960 9 24120.0
1960 10 22498.0
1960 11 19501.0
1960 12 13286.0
1961 1 14594.0
1961 2 14774.0
1961 3 33195.0
1961 4 24790.0
1961 5 35297.0
1961 6 29331.0
1961 7 24238.0
1961 8 29408.0
1961 9 28384.0
1961 10 29811.0
1961 11 23212.0
1961 12 14555.0
1962 1 23335.0
1962 2 21545.0
1962 3 36204.0
1962 4 34645.0
1962 5 41825.0
1962 6 30510.0
1962 7 44107.0
1962 8 35402.0
1962 9 33010.0
1962 10 33971.0
1962 11 31204.0
1962 12 26220.0
1963 1 24217.0
1963 2 24580.0
1963 3 38097.0
1963 4 43034.0
1963 5 42946.0
1963 6 31437.0
1963 7 43289.0
1963 8 35013.0
1963 9 39320.0
1963 10 41235.0
1963 11 32133.0
1963 12 22037.0
1964 1 34309.0
1964 2 25634.0
1964 3 51443.0
1964 4 49470.0
1964 5 58238.0
1964 6 47303.0
1964 7 36526.0
1964 8 45729.0
1964 9 41528.0
1964 10 36805.0
1964 11 32001.0
1964 12 26307.0
1965 1 31878.0
1965 2 37174.0
1965 3 56815.0
1965 4 48724.0
1965 5 46373.0
1965 6 53149.0
1965 7 40825.0
1965 8 45431.0
1965 9 36373.0
1965 10 45469.0
1965 11 32466.0
1965 12 40609.0
1966 1 39291.0
1966 2 29175.0
1966 3 49760.0
1966 4 56525.0
1966 5 31484.0
1966 6 33907.0
1966 7 23781.0
1966 8 27358.0
1966 9 19659.0
1966 10 13084.0
1966 11 14980.0
1966 12 15446.0
1967 1 20333.0
1967 2 21826.0
1967 3 41056.0
1967 4 38703.0
1967 5 34656.0
1967 6 34848.0
1967 7 29978.0
1967 8 39534.0
1967 9 34707.0
1967 10 42409.0
1967 11 32908.0
1967 12 26066.0
1968 1 25514.0
1968 2 32614.0
1968 3 45659.0
1968 4 47533.0
1968 5 45513.0
1968 6 49581.0
1968 7 40408.0
1968 8 43116.0
1968 9 48702.0
1968 10 53463.0
1968 11 34466.0
1968 12 34349.0
1969 1 31853.0
1969 2 33971.0
1969 3 58208.0
1969 4 61843.0
1969 5 57517.0
1969 6 52311.0
1969 7 33801.0
1969 8 36714.0
1969 9 37955.0
1969 10 44498.0
1969 11 30002.0
1969 12 26805.0
1970 1 23667.0
1970 2 22036.0
1970 3 51209.0
1970 4 48959.0
1970 5 63533.0
1970 6 63906.0
1970 7 42352.0
1970 8 44001.0
1970 9 62680.0
1970 10 58324.0
1970 11 35447.0
1970 12 47665.0
1971 1 67016.0
1971 2 37503.0
1971 3 93730.0
1971 4 98763.0
1971 5 117888.0
1971 6 102154.0
1971 7 89298.0
1971 8 82154.0
1971 9 87673.0
1971 10 80971.0
1971 11 73495.0
1971 12 66505.0
1972 1 83978.0
1972 2 73786.0
1972 3 126542.0
1972 4 105205.0
1972 5 135524.0
1972 6 111764.0
1972 7 124596.0
1972 8 93394.0
1972 9 84955.0
1972 10 113607.0
1972 11 100424.0
1972 12 89130.0
1973 1 108978.0
1973 2 93013.0
1973 3 131988.0
1973 4 143376.0
1973 5 132549.0
1973 6 136091.0
1973 7 100099.0
1973 8 135143.0
1973 9 174295.0
1973 10 98695.0
1973 11 92353.0
1973 12 48492.0
1974 1 85502.0
1974 2 75426.0
1974 3 97221.0
1974 4 102909.0
1974 5 86557.0
1974 6 78207.0
1974 7 115619.0
1974 8 62460.0
1974 9 47552.0
1974 10 49466.0
1974 11 38048.0
1974 12 28621.0
1975 1 39199.0
1975 2 47568.0
1975 3 54298.0
1975 4 87760.0
1975 5 73664.0
1975 6 103671.0
1975 7 82341.0
1975 8 72200.0
1975 9 75609.0
1975 10 82132.0
1975 11 71090.0
1975 12 60064.0
1976 1 52666.0
1976 2 82991.0
1976 3 108446.0
1976 4 105136.0
1976 5 109254.0
1976 6 100927.0
1976 7 105792.0
1976 8 95964.0
1976 9 104884.0
1976 10 86060.0
1976 11 86118.0
1976 12 66481.0
1977 1 55064.0
1977 2 99077.0
1977 3 167848.0
1977 4 7558.0
1977 5 153438.0
1977 6 5456.0
1977 7 155932.0
1977 8 180104.0
1977 9 132865.0
1977 10 154707.0
1977 11 127591.0
1977 12 104519.0
1978 1 68524.0
1978 2 97333.0
1978 3 171013.0
1978 4 170974.0
1978 5 162681.0
1978 6 157084.0
1978 7 157707.0
1978 8 159921.0
1978 9 133093.0
1978 10 160372.0
1978 11 114453.0
1978 12 85337.0
1979 1 65128.0
1979 2 65039.0
1979 3 149046.0
1979 4 164962.0
1979 5 183553.0
1979 6 162333.0
1979 7 178784.0
1979 8 155462.0
1979 9 139342.0
1979 10 142776.0
1979 11 100258.0
1979 12 76262.0
1980 1 70156.0
1980 2 57985.0
1980 3 86076.0
1980 4 112525.0
1980 5 99009.0
1980 6 112715.0
1980 7 118407.0
1980 8 138755.0
1980 9 173207.0
1980 10 152259.0
1980 11 119439.0
1980 12 86243.0
1981 1 66720.0
1981 2 107647.0
1981 3 119791.0
1981 4 134412.0
1981 5 107192.0
1981 6 109000.0
1981 7 101791.0
1981 8 92412.0
1981 9 103288.0
1981 10 72294.0
1981 11 62140.0
1981 12 64033.0
1982 1 43633.0
1982 2 55670.0
1982 3 97496.0
1982 4 113978.0
1982 5 102817.0
1982 6 99662.0
1982 7 106711.0
1982 8 92159.0
1982 9 116452.0
1982 10 124386.0
1982 11 119066.0
1982 12 113746.0
1983 1 114993.0
1983 2 110584.0
1983 3 209679.0
1983 4 190678.0
1983 5 219445.0
1983 6 247919.0
1983 7 203391.0
1983 8 217793.0
1983 9 221384.0
1983 10 185262.0
1983 11 199064.0
1983 12 134828.0
1984 1 143869.0
1984 2 187206.0
1984 3 253803.0
1984 4 243464.0
1984 5 255708.0
1984 6 240514.0
1984 7 201060.0
1984 8 195862.0
1984 9 210134.0
1984 10 200949.0
1984 11 218406.0
1984 12 201964.0
1985 1 161035.0
1985 2 189687.0
1985 3 250778.0
1985 4 281599.0
1985 5 250689.0
1985 6 239186.0
1985 7 285895.0
1985 8 254699.0
1985 9 291251.0
1985 10 256395.0
1985 11 256799.0
1985 12 217538.0
1986 1 276457.0
1986 2 205189.0
1986 3 341824.0
1986 4 378411.0
1986 5 352930.0
1986 6 499860.0
1986 7 292252.0
1986 8 291224.0
1986 9 244932.0
1986 10 213771.0
1986 11 218888.0
1986 12 251052.0
1987 1 186730.0
1987 2 205455.0
1987 3 403065.0
1987 4 390070.0
1987 5 293034.0
1987 6 404847.0
1987 7 334725.0
1987 8 329262.0
1987 9 301840.0
1987 10 306090.0
1987 11 242392.0
1987 12 227831.0
1988 1 163466.0
1988 2 277638.0
1988 3 428901.0
1988 4 364007.0
1988 5 379736.0
1988 6 360991.0
1988 7 306853.0
1988 8 403391.0
1988 9 345712.0
1988 10 360151.0
1988 11 289584.0
1988 12 275897.0
1989 1 296809.0
1989 2 253898.0
1989 3 322906.0
1989 4 337719.0
1989 5 354529.0
1989 6 459535.0
1989 7 267800.0
1989 8 364794.0
1989 9 299755.0
1989 10 271727.0
1989 11 246148.0
1989 12 231031.0
1990 1 258951.0
1990 2 220832.0
1990 3 309091.0
1990 4 260944.0
1990 5 242583.0
1990 6 267012.0
1990 7 216509.0
1990 8 210087.0
1990 9 207423.0
1990 10 186148.0
1990 11 172251.0
1990 12 103819.0
1991 1 114658.0
1991 2 123554.0
1991 3 223044.0
1991 4 230295.0
1991 5 260242.0
1991 6 249320.0
1991 7 224927.0
1991 8 218793.0
1991 9 188677.0
1991 10 210079.0
1991 11 170028.0
1991 12 171705.0
1992 1 203572.0
1992 2 193159.0
1992 3 322277.0
1992 4 300454.0
1992 5 273053.0
1992 6 303218.0
1992 7 270341.0
1992 8 288202.0
1992 9 258101.0
1992 10 250514.0
1992 11 213598.0
1992 12 231466.0
1993 1 231105.0
1993 2 246550.0
1993 3 296280.0
1993 4 323263.0
1993 5 321613.0
1993 6 340245.0
1993 7 321175.0
1993 8 350878.0
1993 9 304725.0
1993 10 315722.0
1993 11 307713.0
1993 12 263490.0
1994 1 249934.0
1994 2 268557.0
1994 3 375639.0
1994 4 379338.0
1994 5 404443.0
1994 6 442786.0
1994 7 329013.0
1994 8 352380.0
1994 9 350375.0
1994 10 298049.0
1994 11 267858.0
1994 12 241390.0
1995 1 209195.0
1995 2 208665.0
1995 3 390927.0
1995 4 298833.0
1995 5 309980.0
1995 6 336427.0
1995 7 298401.0
1995 8 380733.0
1995 9 304389.0
1995 10 352471.0
1995 11 266538.0
1995 12 257769.0
1996 1 204394.0
1996 2 246318.0
1996 3 323651.0
1996 4 388350.0
1996 5 408991.0
1996 6 394048.0
1996 7 349875.0
1996 8 389000.0
1996 9 270432.0
1996 10 345108.0
1996 11 250329.0
1996 12 245874.0
1997 1 265878.0
1997 2 283776.0
1997 3 332692.0
1997 4 383221.0
1997 5 372196.0
1997 6 367069.0
1997 7 396226.0
1997 8 366447.0
1997 9 337118.0
1997 10 364549.0
1997 11 245974.0
1997 12 301436.0
1998 1 259952.0
1998 2 279131.0
1998 3 421987.0
1998 4 434803.0
1998 5 354931.0
1998 6 452590.0
1998 7 417976.0
1998 8 403323.0
1998 9 439965.0
1998 10 415582.0
1998 11 345212.0
1998 12 360823.0
1999 1 335496.0
1999 2 352235.0
1999 3 526901.0
1999 4 495584.0
1999 5 460469.0
1999 6 501447.0
1999 7 451467.0
1999 8 423906.0
1999 9 387232.0
1999 10 410216.0
1999 11 353006.0
1999 12 341419.0
2000 1 337338.0
2000 2 371309.0
2000 3 521548.0
2000 4 421940.0
2000 5 448168.0
2000 6 473018.0
2000 7 423501.0
2000 8 427795.0
2000 9 406908.0
2000 10 414161.0
2000 11 392293.0
2000 12 310869.0
2001 1 385133.0
2001 2 444107.0
2001 3 511245.0
2001 4 536295.0
2001 5 478409.0
2001 6 506237.0
2001 7 428275.0
2001 8 463684.0
2001 9 391467.0
2001 10 460600.0
2001 11 439246.0
2001 12 352215.0
2002 1 479807.0
2002 2 468770.0
2002 3 587567.0
2002 4 564982.0
2002 5 587573.0
2002 6 567681.0
2002 7 599136.0
2002 8 617276.0
2002 9 540422.0
2002 10 586124.0
2002 11 426986.0
2002 12 510834.0
2003 1 492642.0
2003 2 474079.0
2003 3 569591.0
2003 4 634257.0
2003 5 592049.0
2003 6 685497.0
2003 7 590470.0
2003 8 641826.0
2003 9 535139.0
2003 10 607658.0
2003 11 449918.0
2003 12 582399.0
2004 1 493990.0
2004 2 523812.0
2004 3 756068.0
2004 4 714158.0
2004 5 660723.0
2004 6 740549.0
2004 7 669640.0
2004 8 676885.0
2004 9 714504.0
2004 10 647109.0
2004 11 527926.0
2004 12 588269.0
2005 1 544994.0
2005 2 574467.0
2005 3 769362.0
2005 4 814289.0
2005 5 734386.0
2005 6 983318.0
2005 7 770756.0
2005 8 798680.0
2005 9 729402.0
2005 10 744765.0
2005 11 641592.0
2005 12 723725.0
2006 1 617617.0
2006 2 642966.0
2006 3 796323.0
2006 4 693229.0
2006 5 795759.0
2006 6 695320.0
2006 7 609508.0
2006 8 591777.0
2006 9 524519.0
2006 10 573950.0
2006 11 478671.0
2006 12 401766.0
2007 1 456561.0
2007 2 504900.0
2007 3 661085.0
2007 4 578472.0
2007 5 729793.0
2007 6 592991.0
2007 7 575331.0
2007 8 485457.0
2007 9 378709.0
2007 10 451320.0
2007 11 318486.0
2007 12 413100.0
2008 1 440954.0
2008 2 386101.0
2008 3 436825.0
2008 4 368158.0
2008 5 397396.0
2008 6 414715.0
2008 7 376382.0
2008 8 352731.0
2008 9 295300.0
2008 10 288914.0
2008 11 184379.0
2008 12 198383.0
2009 1 176567.0
2009 2 258418.0
2009 3 231278.0
2009 4 305097.0
2009 5 322308.0
2009 6 295635.0
2009 7 330745.0
2009 8 301565.0
2009 9 270419.0
2009 10 253059.0
2009 11 219254.0
2009 12 244674.0
2010 1 220853.0
2010 2 204884.0
2010 3 396357.0
2010 4 328197.0
2010 5 273243.0
2010 6 300959.0
2010 7 309723.0
2010 8 278727.0
2010 9 302558.0
2010 10 219785.0
2010 11 193941.0
2010 12 160624.0
2011 1 213916.0
2011 2 244896.0
2011 3 336242.0
2011 4 264106.0
2011 5 288238.0
2011 6 295401.0
2011 7 301916.0
2011 8 298591.0
2011 9 244939.0
2011 10 237296.0
2011 11 218273.0
2011 12 255933.0
2012 1 231966.0
2012 2 401453.0
2012 3 285197.0
2012 4 332494.0
2012 5 365705.0
2012 6 345415.0
2012 7 357953.0
2012 8 380838.0
2012 9 323825.0
2012 10 314664.0
2012 11 359572.0
2012 12 291646.0
2013 1 390458.0
2013 2 362163.0
2013 3 423274.0
2013 4 481785.0
2013 5 546984.0
2013 6 448653.0
2013 7 449351.0
2013 8 423180.0
2013 9 364169.0
2013 10 370533.0
2013 11 324256.0
2013 12 295337.0
2014 1 305273.0
2014 2 419864.0
2014 3 378403.0
2014 4 424704.0
2014 5 400792.0
2014 6 548049.0
2014 7 454984.0
2014 8 394958.0
2014 9 405346.0
2014 10 394496.0
2014 11 288961.0
2014 12 374493.0
2015 1 378706.0
2015 2 277419.0
2015 3 486097.0
2015 4 567787.0
2015 5 390649.0
2015 6 520854.0
2015 7 483481.0
2015 8 398984.0
2015 9 407702.0
2015 10 392574.0
2015 11 357198.0
2015 12 383392.0
2016 1 331297.0
2016 2 308990.0
2016 3 453227.0
2016 4 482156.0
2016 5 534957.0
2016 6 461933.0
2016 7 385314.0
2016 8 510653.0
2016 9 409010.0
2016 10 323843.0
2016 11 361655.0
2016 12 380382.0
2017 1 407691.0
2017 2 374613.0
2017 3 538934.0
2017 4 455075.0
2017 5 501107.0
2017 6 572018.0
2017 7 478450.0
2017 8 521617.0
2017 9 453314.0
2017 10 482865.0
2017 11 477908.0
2017 12 412724.0
2018 1 456207.0
2018 2 539557.0
2018 3 651169.0
2018 4 562900.0
2018 5 486504.0
2018 6 526217.0
2018 7 494798.0
2018 8 433951.0
2018 9 421427.0
2018 10 476592.0
2018 11 373767.0
2018 12 324706.0
2019 1 422898.0
2019 2 412256.0
2019 3 435206.0
2019 4 550588.0
2019 5 502834.0
2019 6 495515.0
2019 7 513825.0
2019 8 584086.0
2019 9 451586.0
2019 10 406437.0
2019 11 394470.0
2019 12 428153.0
2020 1 495123.0
2020 2 478542.0
2020 3 506862.0
2020 4 488639.0
2020 5 544421.0
2020 6 593074.0
2020 7 653438.0
2020 8 474799.0
2020 9 570646.0
2020 10 480501.0
2020 11 495445.0
2020 12 528533.0
2021 1 619366.0
2021 2 525294.0
2021 3 796145.0
2021 4 755272.0
2021 5 658061.0
2021 6 670430.0
2021 7 624624.0
2021 8 599736.0
2021 9 620993.0
2021 10 501410.0
2021 11 614240.0
2021 12 658668.0
2022 1 551012.0
2022 2 601748.0
2022 3 943781.0
2022 4 691285.0
2022 5 865666.0
2022 6 710585.0
2022 7 668126.0
2022 8 602795.0
2022 9 620401.0
2022 10 591212.0
2022 11 412823.0
2022 12 503049.0
2023 1 568445.0
2023 2 541659.0
2023 3 658910.0
2023 4 543751.0
2023 5 659971.0
2023 6 620963.0
2023 7 537476.0
2023 8 717877.0
2023 9 586639.0
2023 10 649495.0
2023 11 517220.0
2023 12 555734.0
2024 1 572152.0
2024 2 653882.0
2024 3 577285.0
2024 4 611880.0
2024 5 700711.0
2024 6 607985.0
2024 7 687268.0
2024 8 692141.0
