1960 5 257.0
1960 6 547.0
1960 7 199.0
1960 8 477.0
1960 9 229.0
1960 10 281.0
1960 11 167.0
1960 12 147.0
1961 1 223.0
1961 2 153.0
1961 3 294.0
1961 4 288.0
1961 5 1270.0
1961 6 179.0
1961 7 219.0
1961 8 444.0
1961 9 388.0
1961 10 425.0
1961 11 274.0
1961 12 215.0
1962 1 436.0
1962 2 862.0
1962 3 474.0
1962 4 440.0
1962 5 363.0
1962 6 374.0
1962 7 695.0
1962 8 532.0
1962 9 376.0
1962 10 421.0
1962 11 396.0
1962 12 332.0
1963 1 1172.0
1963 2 285.0
1963 3 374.0
1963 4 576.0
1963 5 542.0
1963 6 1788.0
1963 7 1215.0
1963 8 297.0
1963 9 1052.0
1963 10 2229.0
1963 11 455.0
1963 12 332.0
1964 1 1364.0
1964 2 599.0
1964 3 773.0
1964 4 824.0
1964 5 1002.0
1964 6 957.0
1964 7 778.0
1964 8 263.0
1964 9 618.0
1964 10 469.0
1964 11 413.0
1964 12 264.0
1965 1 641.0
1965 2 474.0
1965 3 895.0
1965 4 2299.0
1965 5 523.0
1965 6 520.0
1965 7 1914.0
1965 8 672.0
1965 9 871.0
1965 10 1166.0
1965 11 760.0
1965 12 222.0
1966 1 409.0
1966 2 296.0
1966 3 2413.0
1966 4 866.0
1966 5 578.0
1966 6 283.0
1966 7 284.0
1966 8 335.0
1966 9 319.0
1966 10 723.0
1966 11 232.0
1966 12 316.0
1967 1 175.0
1967 2 404.0
1967 3 576.0
1967 4 277.0
1967 5 502.0
1967 6 569.0
1967 7 678.0
1967 8 381.0
1967 9 961.0
1967 10 600.0
1967 11 1042.0
1967 12 371.0
1968 1 1514.0
1968 2 537.0
1968 3 565.0
1968 4 709.0
1968 5 952.0
1968 6 335.0
1968 7 375.0
1968 8 1773.0
1968 9 344.0
1968 10 495.0
1968 11 394.0
1968 12 344.0
1969 1 746.0
1969 2 363.0
1969 3 576.0
1969 4 2099.0
1969 5 2408.0
1969 6 431.0
1969 7 798.0
1969 8 360.0
1969 9 482.0
1969 10 743.0
1969 11 574.0
1969 12 662.0
1970 1 764.0
1970 2 704.0
1970 3 956.0
1970 4 980.0
1970 5 1130.0
1970 6 2858.0
1970 7 830.0
1970 8 599.0
1970 9 7576.0
1970 10 924.0
1970 11 973.0
1970 12 802.0
1971 1 888.0
1971 2 2121.0
1971 3 2734.0
1971 4 1350.0
1971 5 1153.0
1971 6 3482.0
1971 7 1996.0
1971 8 3105.0
1971 9 6429.0
1971 10 3384.0
1971 11 2670.0
1971 12 7119.0
1972 1 1100.0
1972 2 3102.0
1972 3 2958.0
1972 4 1519.0
1972 5 1786.0
1972 6 1848.0
1972 7 6109.0
1972 8 5113.0
1972 9 1506.0
1972 10 4937.0
1972 11 2994.0
1972 12 1366.0
1973 1 3293.0
1973 2 2952.0
1973 3 2818.0
1973 4 6391.0
1973 5 1835.0
1973 6 4128.0
1973 7 2314.0
1973 8 2246.0
1973 9 3922.0
1973 10 823.0
1973 11 484.0
1973 12 4574.0
1974 1 3658.0
1974 2 6489.0
1974 3 4005.0
1974 4 957.0
1974 5 1481.0
1974 6 580.0
1974 7 1319.0
1974 8 450.0
1974 9 368.0
1974 10 215.0
1974 11 149.0
1974 12 276.0
1975 1 331.0
1975 2 865.0
1975 3 739.0
1975 4 1251.0
1975 5 645.0
1975 6 499.0
1975 7 751.0
1975 8 1714.0
1975 9 878.0
1975 10 1147.0
1975 11 2430.0
1975 12 451.0
1976 1 845.0
1976 2 464.0
1976 3 1493.0
1976 4 1355.0
1976 5 2219.0
1976 6 1494.0
1976 7 2193.0
1976 8 1375.0
1976 9 1131.0
1976 10 1311.0
1976 11 2399.0
1976 12 1519.0
1977 1 1410.0
1977 2 4137.0
1977 3 4227.0
1977 4 533.0
1977 5 2727.0
1977 6 67.0
1977 7 1592.0
1977 8 2122.0
1977 9 2469.0
1977 10 1338.0
1977 11 2395.0
1977 12 796.0
1978 1 845.0
1978 2 2007.0
1978 3 2620.0
1978 4 2341.0
1978 5 2942.0
1978 6 5725.0
1978 7 2411.0
1978 8 1149.0
1978 9 1920.0
1978 10 2166.0
1978 11 825.0
1978 12 1595.0
1979 1 2061.0
1979 2 842.0
1979 3 4681.0
1979 4 2065.0
1979 5 2049.0
1979 6 2574.0
1979 7 14027.0
1979 8 2990.0
1979 9 2487.0
1979 10 5312.0
1979 11 2988.0
1979 12 1215.0
1980 1 2591.0
1980 2 1318.0
1980 3 2069.0
1980 4 1304.0
1980 5 1085.0
1980 6 2762.0
1980 7 4256.0
1980 8 4435.0
1980 9 2363.0
1980 10 4236.0
1980 11 2150.0
1980 12 1924.0
1981 1 2598.0
1981 2 9529.0
1981 3 2713.0
1981 4 3034.0
1981 5 4381.0
1981 6 3332.0
1981 7 2381.0
1981 8 5093.0
1981 9 3065.0
1981 10 4766.0
1981 11 1476.0
1981 12 2469.0
1982 1 1742.0
1982 2 2828.0
1982 3 3311.0
1982 4 1562.0
1982 5 636.0
1982 6 4482.0
1982 7 1197.0
1982 8 2505.0
1982 9 4164.0
1982 10 3594.0
1982 11 2703.0
1982 12 1812.0
1983 1 3194.0
1983 2 2247.0
1983 3 3901.0
1983 4 3230.0
1983 5 7279.0
1983 6 3571.0
1983 7 3286.0
1983 8 2562.0
1983 9 4953.0
1983 10 14690.0
1983 11 11424.0
1983 12 4398.0
1984 1 3236.0
1984 2 3275.0
1984 3 2956.0
1984 4 16265.0
1984 5 7819.0
1984 6 4236.0
1984 7 5083.0
1984 8 3058.0
1984 9 7361.0
1984 10 7278.0
1984 11 3614.0
1984 12 3791.0
1985 1 5522.0
1985 2 2810.0
1985 3 2855.0
1985 4 5245.0
1985 5 3229.0
1985 6 2638.0
1985 7 3842.0
1985 8 6920.0
1985 9 2866.0
1985 10 3475.0
1985 11 2187.0
1985 12 3976.0
1986 1 3239.0
1986 2 4231.0
1986 3 9354.0
1986 4 6976.0
1986 5 7111.0
1986 6 13818.0
1986 7 3701.0
1986 8 3916.0
1986 9 2104.0
1986 10 4271.0
1986 11 3183.0
1986 12 3992.0
1987 1 3283.0
1987 2 3988.0
1987 3 13450.0
1987 4 10740.0
1987 5 5786.0
1987 6 4522.0
1987 7 5113.0
1987 8 5569.0
1987 9 5234.0
1987 10 7057.0
1987 11 3675.0
1987 12 3600.0
1988 1 10119.0
1988 2 5899.0
1988 3 6100.0
1988 4 4436.0
1988 5 6790.0
1988 6 3673.0
1988 7 3007.0
1988 8 3612.0
1988 9 9329.0
1988 10 4378.0
1988 11 9607.0
1988 12 4949.0
1989 1 3397.0
1989 2 6663.0
1989 3 8732.0
1989 4 5710.0
1989 5 4193.0
1989 6 6832.0
1989 7 7908.0
1989 8 7632.0
1989 9 4001.0
1989 10 5314.0
1989 11 2923.0
1989 12 2783.0
1990 1 5984.0
1990 2 2704.0
1990 3 5166.0
1990 4 2711.0
1990 5 2180.0
1990 6 3352.0
1990 7 4333.0
1990 8 4868.0
1990 9 3328.0
1990 10 3682.0
1990 11 3410.0
1990 12 1916.0
1991 1 2012.0
1991 2 1466.0
1991 3 4557.0
1991 4 3542.0
1991 5 3625.0
1991 6 2079.0
1991 7 2491.0
1991 8 2609.0
1991 9 2077.0
1991 10 944.0
1991 11 2011.0
1991 12 4503.0
1992 1 2938.0
1992 2 1114.0
1992 3 2954.0
1992 4 5150.0
1992 5 1286.0
1992 6 3647.0
1992 7 2107.0
1992 8 18090.0
1992 9 2910.0
1992 10 3865.0
1992 11 2055.0
1992 12 2754.0
1993 1 5251.0
1993 2 1342.0
1993 3 2778.0
1993 4 2230.0
1993 5 1844.0
1993 6 3787.0
1993 7 6020.0
1993 8 1845.0
1993 9 3060.0
1993 10 1850.0
1993 11 2224.0
1993 12 1813.0
1994 1 3540.0
1994 2 3424.0
1994 3 4364.0
1994 4 5432.0
1994 5 6128.0
1994 6 5145.0
1994 7 3773.0
1994 8 3856.0
1994 9 5119.0
1994 10 6800.0
1994 11 4264.0
1994 12 5039.0
1995 1 2951.0
1995 2 3026.0
1995 3 9928.0
1995 4 8861.0
1995 5 3336.0
1995 6 3460.0
1995 7 3020.0
1995 8 9494.0
1995 9 6071.0
1995 10 2937.0
1995 11 5256.0
1995 12 2723.0
1996 1 2587.0
1996 2 3597.0
1996 3 3921.0
1996 4 5437.0
1996 5 6251.0
1996 6 2837.0
1996 7 4623.0
1996 8 6993.0
1996 9 1255.0
1996 10 5214.0
1996 11 2120.0
1996 12 1131.0
1997 1 7983.0
1997 2 698.0
1997 3 3329.0
1997 4 3822.0
1997 5 3380.0
1997 6 3991.0
1997 7 5976.0
1997 8 5913.0
1997 9 5004.0
1997 10 2036.0
1997 11 3808.0
1997 12 3943.0
1998 1 2894.0
1998 2 4311.0
1998 3 9327.0
1998 4 9160.0
1998 5 1794.0
1998 6 3725.0
1998 7 3554.0
1998 8 4718.0
1998 9 6232.0
1998 10 3448.0
1998 11 3994.0
1998 12 4109.0
1999 1 2724.0
1999 2 3753.0
1999 3 3829.0
1999 4 5902.0
1999 5 13157.0
1999 6 4772.0
1999 7 7163.0
1999 8 3215.0
1999 9 2073.0
1999 10 3318.0
1999 11 3034.0
1999 12 2252.0
2000 1 1676.0
2000 2 3584.0
2000 3 3254.0
2000 4 4925.0
2000 5 5046.0
2000 6 2351.0
2000 7 496.0
2000 8 2219.0
2000 9 8615.0
2000 10 3350.0
2000 11 2671.0
2000 12 2155.0
2001 1 2469.0
2001 2 3763.0
2001 3 9383.0
2001 4 2107.0
2001 5 3725.0
2001 6 5793.0
2001 7 2717.0
2001 8 4119.0
2001 9 2321.0
2001 10 6562.0
2001 11 2261.0
2001 12 3602.0
2002 1 5338.0
2002 2 6063.0
2002 3 22716.0
2002 4 3201.0
2002 5 6600.0
2002 6 4275.0
2002 7 6774.0
2002 8 2043.0
2002 9 3886.0
2002 10 1340.0
2002 11 3634.0
2002 12 848.0
2003 1 5703.0
2003 2 4992.0
2003 3 3059.0
2003 4 8057.0
2003 5 2973.0
2003 6 6076.0
2003 7 3840.0
2003 8 2749.0
2003 9 3748.0
2003 10 13297.0
2003 11 7698.0
2003 12 5046.0
2004 1 9337.0
2004 2 8111.0
2004 3 10176.0
2004 4 8126.0
2004 5 2958.0
2004 6 16569.0
2004 7 9817.0
2004 8 9160.0
2004 9 10298.0
2004 10 3416.0
2004 11 11799.0
2004 12 7503.0
2005 1 5959.0
2005 2 4767.0
2005 3 7312.0
2005 4 10375.0
2005 5 6281.0
2005 6 9824.0
2005 7 5579.0
2005 8 8070.0
2005 9 4655.0
2005 10 11354.0
2005 11 7753.0
2005 12 7985.0
2006 1 6659.0
2006 2 6383.0
2006 3 9785.0
2006 4 4717.0
2006 5 4401.0
2006 6 6939.0
2006 7 1582.0
2006 8 4613.0
2006 9 5067.0
2006 10 7268.0
2006 11 21422.0
2006 12 2457.0
2007 1 2463.0
2007 2 4746.0
2007 3 3480.0
2007 4 3898.0
2007 5 5974.0
2007 6 6007.0
2007 7 3716.0
2007 8 3691.0
2007 9 2957.0
2007 10 2342.0
2007 11 2785.0
2007 12 3672.0
2008 1 2122.0
2008 2 3296.0
2008 3 3282.0
2008 4 5260.0
2008 5 1841.0
2008 6 3684.0
2008 7 2517.0
2008 8 1539.0
2008 9 3359.0
2008 10 1471.0
2008 11 2453.0
2008 12 3674.0
2009 1 700.0
2009 2 1537.0
2009 3 2005.0
2009 4 2374.0
2009 5 1830.0
2009 6 1649.0
2009 7 1369.0
2009 8 5809.0
2009 9 848.0
2009 10 1420.0
2009 11 320.0
2009 12 1784.0
2010 1 844.0
2010 2 1691.0
2010 3 2936.0
2010 4 1713.0
2010 5 4132.0
2010 6 983.0
2010 7 1381.0
2010 8 357.0
2010 9 17667.0
2010 10 2533.0
2010 11 1729.0
2010 12 1563.0
2011 1 280.0
2011 2 1982.0
2011 3 1095.0
2011 4 2490.0
2011 5 2871.0
2011 6 320.0
2011 7 73.0
2011 8 878.0
2011 9 1174.0
2011 10 1129.0
2011 11 2707.0
2011 12 2045.0
2012 1 1773.0
2012 2 4465.0
2012 3 7658.0
2012 4 3587.0
2012 5 2146.0
2012 6 3739.0
2012 7 2941.0
2012 8 2229.0
2012 9 2168.0
2012 10 7411.0
2012 11 4900.0
2012 12 3012.0
2013 1 2285.0
2013 2 4071.0
2013 3 2348.0
2013 4 2394.0
2013 5 1532.0
2013 6 850.0
2013 7 1568.0
2013 8 995.0
2013 9 1466.0
2013 10 60.0
2013 11 1567.0
2013 12 1021.0
2014 1 2994.0
2014 2 2478.0
2014 3 3286.0
2014 4 1128.0
2014 5 604.0
2014 6 2342.0
2014 7 2322.0
2014 8 1722.0
2014 9 351.0
2014 10 2621.0
2014 11 2670.0
2014 12 3267.0
2015 1 6414.0
2015 2 1756.0
2015 3 764.0
2015 4 3875.0
2015 5 3926.0
2015 6 8211.0
2015 7 4366.0
2015 8 3425.0
2015 9 1753.0
2015 10 968.0
2015 11 4009.0
2015 12 2843.0
2016 1 1186.0
2016 2 1367.0
2016 3 2920.0
2016 4 2278.0
2016 5 14025.0
2016 6 3154.0
2016 7 4453.0
2016 8 3094.0
2016 9 1787.0
2016 10 2780.0
2016 11 5528.0
2016 12 6733.0
2017 1 3878.0
2017 2 3075.0
2017 3 5514.0
2017 4 4018.0
2017 5 3571.0
2017 6 2722.0
2017 7 8445.0
2017 8 8386.0
2017 9 9509.0
2017 10 6569.0
2017 11 11936.0
2017 12 5508.0
2018 1 7059.0
2018 2 2666.0
2018 3 2450.0
2018 4 3725.0
2018 5 4127.0
2018 6 2465.0
2018 7 2750.0
2018 8 9512.0
2018 9 7982.0
2018 10 1463.0
2018 11 4478.0
2018 12 3884.0
2019 1 5181.0
2019 2 6007.0
2019 3 4762.0
2019 4 4809.0
2019 5 4406.0
2019 6 5662.0
2019 7 4489.0
2019 8 4938.0
2019 9 2727.0
2019 10 4034.0
2019 11 4126.0
2019 12 3702.0
2020 1 7816.0
2020 2 3296.0
2020 3 6174.0
2020 4 8650.0
2020 5 6961.0
2020 6 8397.0
2020 7 5746.0
2020 8 4396.0
2020 9 4956.0
2020 10 806.0
2020 11 1668.0
2020 12 4490.0
2021 1 7312.0
2021 2 10566.0
2021 3 9026.0
2021 4 3957.0
2021 5 10589.0
2021 6 10668.0
2021 7 7314.0
2021 8 5673.0
2021 9 6150.0
2021 10 2845.0
2021 11 3900.0
2021 12 7868.0
2022 1 9990.0
2022 2 2754.0
2022 3 12300.0
2022 4 7259.0
2022 5 2312.0
2022 6 8571.0
2022 7 2844.0
2022 8 4926.0
2022 9 2563.0
2022 10 6500.0
2022 11 2983.0
2022 12 2566.0
2023 1 6217.0
2023 2 5570.0
2023 3 6849.0
2023 4 5459.0
2023 5 7268.0
2023 6 6157.0
2023 7 5822.0
2023 8 4091.0
2023 9 8194.0
2023 10 10514.0
2023 11 4811.0
2023 12 1409.0
2024 1 981.0
2024 2 4086.0
2024 3 3927.0
2024 4 8067.0
2024 5 8820.0
2024 6 2053.0
2024 7 2816.0
2024 8 17112.0
