1960 5 31621.0
1960 6 25715.0
1960 7 21452.0
1960 8 23092.0
1960 9 19985.0
1960 10 19710.0
1960 11 17349.0
1960 12 13064.0
1961 1 12309.0
1961 2 11961.0
1961 3 29405.0
1961 4 22960.0
1961 5 27814.0
1961 6 27360.0
1961 7 22830.0
1961 8 27783.0
1961 9 22066.0
1961 10 24029.0
1961 11 18291.0
1961 12 13289.0
1962 1 16262.0
1962 2 18141.0
1962 3 25390.0
1962 4 29683.0
1962 5 31605.0
1962 6 27308.0
1962 7 28678.0
1962 8 27787.0
1962 9 22794.0
1962 10 27579.0
1962 11 17713.0
1962 12 13251.0
1963 1 19002.0
1963 2 20063.0
1963 3 30381.0
1963 4 34017.0
1963 5 29898.0
1963 6 24449.0
1963 7 32208.0
1963 8 30755.0
1963 9 26981.0
1963 10 28770.0
1963 11 23932.0
1963 12 16458.0
1964 1 21382.0
1964 2 19791.0
1964 3 36530.0
1964 4 32973.0
1964 5 37890.0
1964 6 30562.0
1964 7 28977.0
1964 8 31490.0
1964 9 30980.0
1964 10 28066.0
1964 11 26615.0
1964 12 16822.0
1965 1 23160.0
1965 2 21142.0
1965 3 39888.0
1965 4 32926.0
1965 5 35501.0
1965 6 35125.0
1965 7 34473.0
1965 8 28821.0
1965 9 31446.0
1965 10 32507.0
1965 11 25812.0
1965 12 22861.0
1966 1 26831.0
1966 2 19305.0
1966 3 41260.0
1966 4 39194.0
1966 5 23546.0
1966 6 26224.0
1966 7 17993.0
1966 8 20530.0
1966 9 14035.0
1966 10 12361.0
1966 11 12653.0
1966 12 9599.0
1967 1 15391.0
1967 2 18204.0
1967 3 27285.0
1967 4 30988.0
1967 5 31207.0
1967 6 24506.0
1967 7 26482.0
1967 8 31757.0
1967 9 24956.0
1967 10 32974.0
1967 11 25664.0
1967 12 16007.0
1968 1 17360.0
1968 2 26830.0
1968 3 32862.0
1968 4 37374.0
1968 5 41925.0
1968 6 37782.0
1968 7 33594.0
1968 8 38940.0
1968 9 39427.0
1968 10 42126.0
1968 11 28865.0
1968 12 24102.0
1969 1 24085.0
1969 2 27882.0
1969 3 44069.0
1969 4 47708.0
1969 5 43695.0
1969 6 47160.0
1969 7 29992.0
1969 8 32564.0
1969 9 29239.0
1969 10 28344.0
1969 11 23709.0
1969 12 19503.0
1970 1 13886.0
1970 2 20397.0
1970 3 35770.0
1970 4 38344.0
1970 5 44897.0
1970 6 45247.0
1970 7 33977.0
1970 8 35159.0
1970 9 34973.0
1970 10 35473.0
1970 11 25796.0
1970 12 33182.0
1971 1 28759.0
1971 2 29321.0
1971 3 75384.0
1971 4 77136.0
1971 5 84554.0
1971 6 67655.0
1971 7 70607.0
1971 8 51178.0
1971 9 49982.0
1971 10 51123.0
1971 11 46765.0
1971 12 39947.0
1972 1 56715.0
1972 2 49376.0
1972 3 91278.0
1972 4 83099.0
1972 5 96746.0
1972 6 80469.0
1972 7 86654.0
1972 8 70900.0
1972 9 58957.0
1972 10 86019.0
1972 11 76303.0
1972 12 62420.0
1973 1 90501.0
1973 2 65867.0
1973 3 98789.0
1973 4 110302.0
1973 5 91087.0
1973 6 76688.0
1973 7 75928.0
1973 8 99594.0
1973 9 99102.0
1973 10 58984.0
1973 11 69743.0
1973 12 35332.0
1974 1 45855.0
1974 2 55490.0
1974 3 71824.0
1974 4 94843.0
1974 5 77015.0
1974 6 69279.0
1974 7 58833.0
1974 8 55951.0
1974 9 40478.0
1974 10 45376.0
1974 11 35109.0
1974 12 25459.0
1975 1 32497.0
1975 2 38558.0
1975 3 52730.0
1975 4 82956.0
1975 5 71399.0
1975 6 70203.0
1975 7 75993.0
1975 8 67778.0
1975 9 70435.0
1975 10 70714.0
1975 11 58959.0
1975 12 56625.0
1976 1 50257.0
1976 2 73679.0
1976 3 105258.0
1976 4 99872.0
1976 5 105938.0
1976 6 96634.0
1976 7 97781.0
1976 8 91237.0
1976 9 100009.0
1976 10 76574.0
1976 11 64628.0
1976 12 58719.0
1977 1 50011.0
1977 2 88039.0
1977 3 146908.0
1977 4 5272.0
1977 5 137002.0
1977 6 5389.0
1977 7 124789.0
1977 8 142868.0
1977 9 126420.0
1977 10 135621.0
1977 11 106975.0
1977 12 81850.0
1978 1 59463.0
1978 2 76861.0
1978 3 156065.0
1978 4 157131.0
1978 5 140801.0
1978 6 141679.0
1978 7 124920.0
1978 8 133749.0
1978 9 120873.0
1978 10 138996.0
1978 11 106401.0
1978 12 79542.0
1979 1 59646.0
1979 2 60643.0
1979 3 137930.0
1979 4 138443.0
1979 5 164652.0
1979 6 144964.0
1979 7 134930.0
1979 8 129844.0
1979 9 121496.0
1979 10 116609.0
1979 11 81751.0
1979 12 68140.0
1980 1 62829.0
1980 2 54058.0
1980 3 79329.0
1980 4 103976.0
1980 5 83237.0
1980 6 100388.0
1980 7 108655.0
1980 8 120302.0
1980 9 123415.0
1980 10 122868.0
1980 11 102878.0
1980 12 77760.0
1981 1 53583.0
1981 2 89367.0
1981 3 98535.0
1981 4 113872.0
1981 5 97488.0
1981 6 95709.0
1981 7 88180.0
1981 8 72346.0
1981 9 65268.0
1981 10 50617.0
1981 11 45942.0
1981 12 47762.0
1982 1 37128.0
1982 2 47800.0
1982 3 75353.0
1982 4 90869.0
1982 5 94334.0
1982 6 84876.0
1982 7 84002.0
1982 8 82670.0
1982 9 91013.0
1982 10 110267.0
1982 11 101930.5
1982 12 93594.0
1983 1 103430.0
1983 2 104567.0
1983 3 194400.0
1983 4 179030.0
1983 5 197379.0
1983 6 220153.0
1983 7 174912.0
1983 8 193293.0
1983 9 174374.0
1983 10 160770.0
1983 11 164720.0
1983 12 111397.0
1984 1 120934.0
1984 2 162158.0
1984 3 234897.0
1984 4 217383.0
1984 5 212241.0
1984 6 191545.0
1984 7 176139.0
1984 8 163967.0
1984 9 158807.0
1984 10 172577.0
1984 11 148265.0
1984 12 128855.0
1985 1 122382.0
1985 2 172280.0
1985 3 225286.0
1985 4 248590.0
1985 5 212395.0
1985 6 206743.0
1985 7 253362.0
1985 8 219216.0
1985 9 220634.0
1985 10 211940.0
1985 11 216603.0
1985 12 171302.0
1986 1 219930.0
1986 2 158953.0
1986 3 287030.0
1986 4 309420.0
1986 5 310390.0
1986 6 423950.0
1986 7 265749.0
1986 8 240098.0
1986 9 227848.0
1986 10 187280.0
1986 11 191244.0
1986 12 227822.0
1987 1 140453.0
1987 2 177319.0
1987 3 303782.0
1987 4 325680.0
1987 5 264848.0
1987 6 341761.0
1987 7 289631.0
1987 8 278551.0
1987 9 254006.0
1987 10 264669.0
1987 11 216810.0
1987 12 198646.0
1988 1 144651.0
1988 2 229258.0
1988 3 376911.0
1988 4 315198.0
1988 5 325508.0
1988 6 321432.0
1988 7 266398.0
1988 8 372147.0
1988 9 279189.0
1988 10 254797.0
1988 11 245575.0
1988 12 235371.0
1989 1 263817.0
1989 2 223376.0
1989 3 297210.0
1989 4 313207.0
1989 5 331272.0
1989 6 320025.0
1989 7 238157.0
1989 8 307055.0
1989 9 242828.0
1989 10 243535.0
1989 11 214291.0
1989 12 143867.0
1990 1 204120.0
1990 2 197821.0
1990 3 274821.0
1990 4 242029.0
1990 5 220651.0
1990 6 226349.0
1990 7 189357.0
1990 8 199936.0
1990 9 193345.0
1990 10 158328.0
1990 11 126662.0
1990 12 90639.0
1991 1 105981.0
1991 2 116464.0
1991 3 204255.0
1991 4 220192.0
1991 5 250853.0
1991 6 238668.0
1991 7 210423.0
1991 8 206656.0
1991 9 178609.0
1991 10 206479.0
1991 11 155423.0
1991 12 162634.0
1992 1 184281.0
1992 2 184309.0
1992 3 286278.0
1992 4 288491.0
1992 5 254530.0
1992 6 295992.0
1992 7 254396.0
1992 8 256624.0
1992 9 247367.0
1992 10 241278.0
1992 11 205362.0
1992 12 217470.0
1993 1 221277.0
1993 2 237789.0
1993 3 286252.0
1993 4 314706.0
1993 5 307845.0
1993 6 326311.0
1993 7 291552.0
1993 8 324527.0
1993 9 286006.0
1993 10 302226.0
1993 11 284162.0
1993 12 240718.0
1994 1 220959.0
1994 2 255254.0
1994 3 353333.0
1994 4 355081.0
1994 5 386842.0
1994 6 407580.0
1994 7 314178.0
1994 8 333722.0
1994 9 313747.0
1994 10 271354.0
1994 11 252664.0
1994 12 218574.0
1995 1 186642.0
1995 2 187929.0
1995 3 332533.0
1995 4 266020.0
1995 5 300248.0
1995 6 310037.0
1995 7 285493.0
1995 8 351504.0
1995 9 269072.0
1995 10 313170.0
1995 11 243238.0
1995 12 239209.0
1996 1 181942.0
1996 2 233787.0
1996 3 309328.0
1996 4 356589.0
1996 5 374449.0
1996 6 344245.0
1996 7 319935.0
1996 8 324991.0
1996 9 253081.0
1996 10 289162.0
1996 11 237974.0
1996 12 208803.0
1997 1 235135.0
1997 2 270094.0
1997 3 305140.0
1997 4 358923.0
1997 5 356526.0
1997 6 333934.0
1997 7 334835.0
1997 8 303447.0
1997 9 308658.0
1997 10 315304.0
1997 11 226513.0
1997 12 267035.0
1998 1 241437.0
1998 2 252922.0
1998 3 382414.0
1998 4 404291.0
1998 5 338132.0
1998 6 412550.0
1998 7 379031.0
1998 8 358961.0
1998 9 376508.0
1998 10 362432.0
1998 11 309763.0
1998 12 326030.0
1999 1 280423.0
1999 2 321842.0
1999 3 477254.0
1999 4 460390.0
1999 5 432817.0
1999 6 452846.0
1999 7 417201.0
1999 8 373772.0
1999 9 352881.0
1999 10 346689.0
1999 11 314431.0
1999 12 294448.0
2000 1 302965.0
2000 2 337647.0
2000 3 489080.0
2000 4 393243.0
2000 5 433098.0
2000 6 446632.0
2000 7 372185.0
2000 8 395577.0
2000 9 372583.0
2000 10 373686.0
2000 11 360468.0
2000 12 288928.0
2001 1 361789.0
2001 2 365678.0
2001 3 451879.0
2001 4 462234.0
2001 5 449246.0
2001 6 431455.0
2001 7 384251.0
2001 8 422599.0
2001 9 349947.0
2001 10 422068.0
2001 11 381910.0
2001 12 304113.0
2002 1 445787.0
2002 2 454107.0
2002 3 478014.0
2002 4 516994.0
2002 5 526187.0
2002 6 497612.0
2002 7 528075.0
2002 8 582298.0
2002 9 494324.0
2002 10 527238.0
2002 11 398737.0
2002 12 422201.0
2003 1 433876.0
2003 2 429758.0
2003 3 535863.0
2003 4 606220.0
2003 5 575334.0
2003 6 604277.0
2003 7 568292.0
2003 8 596423.0
2003 9 513378.0
2003 10 533663.0
2003 11 416690.0
2003 12 512891.0
2004 1 426009.0
2004 2 464343.0
2004 3 706626.0
2004 4 636092.0
2004 5 578407.0
2004 6 642173.0
2004 7 594871.0
2004 8 641582.0
2004 9 655360.0
2004 10 574045.0
2004 11 480303.0
2004 12 524022.0
2005 1 506914.0
2005 2 520388.0
2005 3 725138.0
2005 4 791886.0
2005 5 713598.0
2005 6 845812.0
2005 7 711256.0
2005 8 728628.0
2005 9 696314.0
2005 10 651557.0
2005 11 590555.0
2005 12 582805.0
2006 1 552121.0
2006 2 595012.0
2006 3 730587.0
2006 4 669500.0
2006 5 706158.0
2006 6 662401.0
2006 7 519338.0
2006 8 552897.0
2006 9 454519.0
2006 10 477608.0
2006 11 444854.0
2006 12 374591.0
2007 1 428319.0
2007 2 462541.0
2007 3 563245.0
2007 4 533122.0
2007 5 571051.0
2007 6 575214.0
2007 7 517360.0
2007 8 455867.0
2007 9 370415.0
2007 10 400746.0
2007 11 298483.0
2007 12 263839.0
2008 1 344313.0
2008 2 331245.0
2008 3 355804.0
2008 4 333068.0
2008 5 337402.0
2008 6 345628.0
2008 7 330365.0
2008 8 313907.0
2008 9 265540.0
2008 10 264957.0
2008 11 170020.0
2008 12 182400.0
2009 1 167821.0
2009 2 223419.0
2009 3 220793.0
2009 4 290423.0
2009 5 259037.0
2009 6 274249.0
2009 7 295273.0
2009 8 267341.0
2009 9 265702.0
2009 10 247828.0
2009 11 186472.0
2009 12 218402.0
2010 1 213669.0
2010 2 194037.0
2010 3 328900.0
2010 4 305757.0
2010 5 257129.0
2010 6 283343.0
2010 7 270951.0
2010 8 264312.0
2010 9 253533.0
2010 10 204112.0
2010 11 177372.0
2010 12 149543.0
2011 1 189909.0
2011 2 207257.0
2011 3 284742.0
2011 4 252815.0
2011 5 266528.0
2011 6 265880.0
2011 7 252033.0
2011 8 267365.0
2011 9 226405.0
2011 10 225240.0
2011 11 195091.0
2011 12 212204.0
2012 1 212623.0
2012 2 334963.0
2012 3 235503.0
2012 4 284930.0
2012 5 312941.0
2012 6 306221.0
2012 7 304766.0
2012 8 346233.0
2012 9 288053.0
2012 10 280509.0
2012 11 285551.0
2012 12 257500.0
2013 1 314100.0
2013 2 339152.0
2013 3 394498.0
2013 4 443117.0
2013 5 452448.0
2013 6 378595.0
2013 7 402350.0
2013 8 389924.0
2013 9 324113.0
2013 10 357125.0
2013 11 285574.0
2013 12 272019.0
2014 1 290752.0
2014 2 318951.0
2014 3 356072.0
2014 4 388799.0
2014 5 362149.0
2014 6 396203.0
2014 7 378735.0
2014 8 356746.0
2014 9 340820.0
2014 10 368332.0
2014 11 248869.0
2014 12 299020.0
2015 1 296892.0
2015 2 244394.0
2015 3 386358.0
2015 4 423648.0
2015 5 380158.0
2015 6 436829.0
2015 7 389822.0
2015 8 347907.0
2015 9 361200.0
2015 10 325576.0
2015 11 325654.0
2015 12 324372.0
2016 1 270330.0
2016 2 296539.0
2016 3 428648.0
2016 4 443163.0
2016 5 430046.0
2016 6 401221.0
2016 7 334070.0
2016 8 435726.0
2016 9 363300.0
2016 10 310075.0
2016 11 309382.0
2016 12 344412.0
2017 1 360321.0
2017 2 361534.0
2017 3 483329.0
2017 4 422240.0
2017 5 468822.0
2017 6 476153.0
2017 7 430661.0
2017 8 461867.0
2017 9 381741.0
2017 10 428046.0
2017 11 369575.0
2017 12 391649.0
2018 1 398874.0
2018 2 364696.0
2018 3 505158.0
2018 4 485712.0
2018 5 432425.0
2018 6 456942.0
2018 7 400738.0
2018 8 396269.0
2018 9 291957.0
2018 10 439019.0
2018 11 289857.0
2018 12 298575.0
2019 1 337705.0
2019 2 317056.0
2019 3 361938.0
2019 4 440141.0
2019 5 441810.0
2019 6 400697.0
2019 7 412830.0
2019 8 438268.0
2019 9 371943.0
2019 10 376413.0
2019 11 322237.0
2019 12 320325.0
2020 1 397827.0
2020 2 404096.0
2020 3 435369.0
2020 4 366699.0
2020 5 365199.0
2020 6 421836.0
2020 7 486391.0
2020 8 435894.0
2020 9 448416.0
2020 10 462200.0
2020 11 432954.0
2020 12 478480.0
2021 1 468110.0
2021 2 441163.0
2021 3 627392.0
2021 4 544263.0
2021 5 555060.0
2021 6 573377.0
2021 7 536158.0
2021 8 451110.0
2021 9 445023.0
2021 10 455203.0
2021 11 438701.0
2021 12 442293.0
2022 1 429356.0
2022 2 488611.0
2022 3 641776.0
2022 4 534106.0
2022 5 548534.0
2022 6 565935.0
2022 7 482269.0
2022 8 443501.0
2022 9 429275.0
2022 10 373920.0
2022 11 328217.0
2022 12 317029.0
2023 1 358770.0
2023 2 425947.0
2023 3 515328.0
2023 4 435008.0
2023 5 541494.0
2023 6 503577.0
2023 7 473624.0
2023 8 494785.0
2023 9 440086.0
2023 10 504556.0
2023 11 434917.0
2023 12 424120.0
2024 1 462947.0
2024 2 557982.0
2024 3 522173.0
2024 4 565046.0
2024 5 609054.0
2024 6 531518.0
2024 7 551538.0
2024 8 562707.0
