1960 5 576.0
1960 6 534.0
1960 7 387.0
1960 8 560.0
1960 9 438.0
1960 10 514.0
1960 11 349.0
1960 12 307.0
1961 1 275.0
1961 2 651.0
1961 3 926.0
1961 4 525.0
1961 5 402.0
1961 6 539.0
1961 7 680.0
1961 8 550.0
1961 9 505.0
1961 10 571.0
1961 11 410.0
1961 12 338.0
1962 1 718.0
1962 2 1068.0
1962 3 1281.0
1962 4 864.0
1962 5 1175.0
1962 6 1058.0
1962 7 746.0
1962 8 686.0
1962 9 764.0
1962 10 1030.0
1962 11 559.0
1962 12 510.0
1963 1 542.0
1963 2 653.0
1963 3 890.0
1963 4 855.0
1963 5 714.0
1963 6 688.0
1963 7 1120.0
1963 8 973.0
1963 9 613.0
1963 10 824.0
1963 11 929.0
1963 12 825.0
1964 1 768.0
1964 2 686.0
1964 3 594.0
1964 4 655.0
1964 5 521.0
1964 6 466.0
1964 7 929.0
1964 8 695.0
1964 9 588.0
1964 10 1036.0
1964 11 494.0
1964 12 373.0
1965 1 476.0
1965 2 526.0
1965 3 943.0
1965 4 828.0
1965 5 752.0
1965 6 827.0
1965 7 731.0
1965 8 715.0
1965 9 1661.0
1965 10 653.0
1965 11 939.0
1965 12 844.0
1966 1 1188.0
1966 2 978.0
1966 3 1418.0
1966 4 1216.0
1966 5 635.0
1966 6 902.0
1966 7 1125.0
1966 8 560.0
1966 9 881.0
1966 10 691.0
1966 11 692.0
1966 12 594.0
1967 1 1134.0
1967 2 1161.0
1967 3 1619.0
1967 4 1601.0
1967 5 2318.0
1967 6 2358.0
1967 7 1561.0
1967 8 1902.0
1967 9 1448.0
1967 10 2983.0
1967 11 2370.0
1967 12 2327.0
1968 1 2286.0
1968 2 2221.0
1968 3 2888.0
1968 4 2982.0
1968 5 4503.0
1968 6 2578.0
1968 7 1636.0
1968 8 3471.0
1968 9 3656.0
1968 10 2374.0
1968 11 2628.0
1968 12 2171.0
1969 1 2049.0
1969 2 2725.0
1969 3 2724.0
1969 4 4430.0
1969 5 2938.0
1969 6 2065.0
1969 7 2301.0
1969 8 1221.0
1969 9 2076.0
1969 10 1965.0
1969 11 1978.0
1969 12 1174.0
1970 1 897.0
1970 2 2504.0
1970 3 2063.0
1970 4 2202.0
1970 5 1192.0
1970 6 2565.0
1970 7 1537.0
1970 8 2412.0
1970 9 3164.0
1970 10 4490.0
1970 11 2843.0
1970 12 1968.0
1971 1 1482.0
1971 2 3634.0
1971 3 4070.0
1971 4 4147.0
1971 5 4248.0
1971 6 3143.0
1971 7 2833.0
1971 8 1962.0
1971 9 2684.0
1971 10 2905.0
1971 11 1677.0
1971 12 1330.0
1972 1 1495.0
1972 2 2630.0
1972 3 3337.0
1972 4 2386.0
1972 5 3451.0
1972 6 3187.0
1972 7 2323.0
1972 8 2284.0
1972 9 2764.0
1972 10 6527.0
1972 11 2462.0
1972 12 964.0
1973 1 2165.0
1973 2 2757.0
1973 3 3637.0
1973 4 4391.0
1973 5 4304.0
1973 6 2560.0
1973 7 1427.0
1973 8 2637.0
1973 9 2567.0
1973 10 2806.0
1973 11 1975.0
1973 12 1663.0
1974 1 2356.0
1974 2 4604.0
1974 3 5049.0
1974 4 4939.0
1974 5 3865.0
1974 6 2266.0
1974 7 3007.0
1974 8 2269.0
1974 9 1141.0
1974 10 2144.0
1974 11 1561.0
1974 12 2663.0
1975 1 1142.0
1975 2 2165.0
1975 3 3506.0
1975 4 3772.0
1975 5 3603.0
1975 6 7034.0
1975 7 4587.0
1975 8 3221.0
1975 9 3516.0
1975 10 3195.0
1975 11 8694.0
1975 12 4370.0
1976 1 3753.0
1976 2 4379.0
1976 3 8288.0
1976 4 9705.0
1976 5 6627.0
1976 6 7691.0
1976 7 8048.0
1976 8 6820.0
1976 9 7680.0
1976 10 8097.0
1976 11 7323.0
1976 12 6312.0
1977 1 5681.0
1977 2 9459.0
1977 3 13351.0
1977 4 5390.0
1977 5 10758.0
1977 6 1968.0
1977 7 10621.0
1977 8 9942.0
1977 9 8653.0
1977 10 11910.0
1977 11 12449.0
1977 12 9208.0
1978 1 9795.0
1978 2 7817.0
1978 3 16758.0
1978 4 15959.0
1978 5 10151.0
1978 6 13702.0
1978 7 8724.0
1978 8 13311.0
1978 9 8019.0
1978 10 13435.0
1978 11 12928.0
1978 12 8015.0
1979 1 8402.0
1979 2 12173.0
1979 3 10975.0
1979 4 18150.0
1979 5 11191.0
1979 6 13890.0
1979 7 18909.0
1979 8 14469.0
1979 9 10129.0
1979 10 12423.0
1979 11 7538.0
1979 12 6014.0
1980 1 9577.0
1980 2 7750.0
1980 3 10152.0
1980 4 4505.0
1980 5 6531.0
1980 6 4464.0
1980 7 26563.0
1980 8 5763.0
1980 9 8966.0
1980 10 9217.0
1980 11 11604.0
1980 12 5871.0
1981 1 9457.0
1981 2 9292.0
1981 3 9650.0
1981 4 7808.0
1981 5 10188.0
1981 6 7080.0
1981 7 5860.0
1981 8 21363.0
1981 9 5829.0
1981 10 7861.0
1981 11 6256.0
1981 12 2303.0
1982 1 1378.0
1982 2 3109.0
1982 3 5008.0
1982 4 2923.0
1982 5 4905.0
1982 6 5172.0
1982 7 5375.0
1982 8 1502.0
1982 9 6887.0
1982 10 3562.0
1982 11 3830.0
1982 12 4098.0
1983 1 3581.0
1983 2 6166.0
1983 3 4930.0
1983 4 6181.0
1983 5 12844.0
1983 6 7646.0
1983 7 6594.0
1983 8 8495.0
1983 9 6019.0
1983 10 5484.0
1983 11 9438.0
1983 12 4153.0
1984 1 8806.0
1984 2 4283.0
1984 3 6960.0
1984 4 9797.0
1984 5 6475.0
1984 6 8601.0
1984 7 5517.0
1984 8 8108.0
1984 9 5205.0
1984 10 5728.0
1984 11 3707.0
1984 12 2436.0
1985 1 6464.0
1985 2 5532.0
1985 3 7540.0
1985 4 9229.0
1985 5 17767.0
1985 6 13933.0
1985 7 9908.0
1985 8 12804.0
1985 9 15493.0
1985 10 8448.0
1985 11 5588.0
1985 12 8326.0
1986 1 8161.0
1986 2 4969.0
1986 3 9584.0
1986 4 14035.0
1986 5 10557.0
1986 6 7697.0
1986 7 6859.0
1986 8 8610.0
1986 9 5060.0
1986 10 7266.0
1986 11 4135.0
1986 12 5634.0
1987 1 3476.0
1987 2 5150.0
1987 3 5262.0
1987 4 5213.0
1987 5 4812.0
1987 6 6614.0
1987 7 11916.0
1987 8 7832.0
1987 9 9352.0
1987 10 6107.0
1987 11 6711.0
1987 12 5086.0
1988 1 5047.0
1988 2 8351.0
1988 3 9858.0
1988 4 5931.0
1988 5 8195.0
1988 6 8269.0
1988 7 7215.0
1988 8 8654.0
1988 9 7041.0
1988 10 7197.0
1988 11 8244.0
1988 12 4532.0
1989 1 5917.0
1989 2 6459.0
1989 3 6045.0
1989 4 5907.0
1989 5 11747.0
1989 6 8799.0
1989 7 9363.0
1989 8 9197.0
1989 9 7183.0
1989 10 8656.0
1989 11 7553.0
1989 12 5961.0
1990 1 19635.0
1990 2 17070.0
1990 3 13253.0
1990 4 10027.0
1990 5 10655.0
1990 6 6235.0
1990 7 10512.0
1990 8 13981.0
1990 9 8104.0
1990 10 10518.0
1990 11 5604.0
1990 12 4610.0
1991 1 6992.0
1991 2 3764.0
1991 3 7134.0
1991 4 7671.0
1991 5 8121.0
1991 6 10272.0
1991 7 11430.0
1991 8 7317.0
1991 9 6960.0
1991 10 6481.0
1991 11 7225.0
1991 12 5543.0
1992 1 7545.0
1992 2 7359.0
1992 3 9819.0
1992 4 11780.0
1992 5 10538.0
1992 6 17960.0
1992 7 14551.0
1992 8 8685.0
1992 9 14219.0
1992 10 8104.0
1992 11 12109.0
1992 12 4824.0
1993 1 9277.0
1993 2 11718.0
1993 3 11951.0
1993 4 14737.0
1993 5 9094.0
1993 6 8791.0
1993 7 9839.0
1993 8 12004.0
1993 9 21824.0
1993 10 15792.0
1993 11 8536.0
1993 12 10839.0
1994 1 18183.0
1994 2 8177.0
1994 3 16117.0
1994 4 11487.0
1994 5 16339.0
1994 6 16791.0
1994 7 12858.0
1994 8 26878.0
1994 9 15261.0
1994 10 13191.0
1994 11 14247.0
1994 12 7834.0
1995 1 12584.0
1995 2 11390.0
1995 3 18134.0
1995 4 19329.0
1995 5 21071.0
1995 6 27100.0
1995 7 21548.0
1995 8 18941.0
1995 9 11602.0
1995 10 12198.0
1995 11 16190.0
1995 12 14405.0
1996 1 14855.0
1996 2 7876.0
1996 3 12531.0
1996 4 23489.0
1996 5 21689.0
1996 6 16366.0
1996 7 20122.0
1996 8 19480.0
1996 9 22787.0
1996 10 23441.0
1996 11 13981.0
1996 12 10061.0
1997 1 15452.0
1997 2 15948.0
1997 3 12735.0
1997 4 17850.0
1997 5 14010.0
1997 6 25293.0
1997 7 36243.0
1997 8 30338.0
1997 9 12600.0
1997 10 14128.0
1997 11 14126.0
1997 12 25842.0
1998 1 11914.0
1998 2 16574.0
1998 3 21920.0
1998 4 16403.0
1998 5 23157.0
1998 6 21204.0
1998 7 22243.0
1998 8 16778.0
1998 9 14944.0
1998 10 27019.0
1998 11 12721.0
1998 12 18010.0
1999 1 8296.0
1999 2 9438.0
1999 3 13373.0
1999 4 12481.0
1999 5 15392.0
1999 6 18467.0
1999 7 13703.0
1999 8 11591.0
1999 9 17869.0
1999 10 15747.0
1999 11 14044.0
1999 12 11468.0
2000 1 11088.0
2000 2 11301.0
2000 3 10719.0
2000 4 14353.0
2000 5 22556.0
2000 6 15023.0
2000 7 15256.0
2000 8 26412.0
2000 9 21749.0
2000 10 14555.0
2000 11 18087.0
2000 12 17462.0
2001 1 9886.0
2001 2 9235.0
2001 3 17495.0
2001 4 13433.0
2001 5 23026.0
2001 6 11985.0
2001 7 25475.0
2001 8 17366.0
2001 9 13578.0
2001 10 13625.0
2001 11 6205.0
2001 12 8862.0
2002 1 16533.0
2002 2 18424.0
2002 3 24111.0
2002 4 19164.0
2002 5 13110.0
2002 6 16462.0
2002 7 14776.0
2002 8 18457.0
2002 9 15986.0
2002 10 15911.0
2002 11 9834.0
2002 12 16904.0
2003 1 10055.0
2003 2 15007.0
2003 3 17639.0
2003 4 22885.0
2003 5 21865.0
2003 6 19241.0
2003 7 10914.0
2003 8 14742.0
2003 9 18932.0
2003 10 22876.0
2003 11 12267.0
2003 12 15265.0
2004 1 13863.0
2004 2 14549.0
2004 3 32906.0
2004 4 30296.0
2004 5 30905.0
2004 6 34864.0
2004 7 25492.0
2004 8 20628.0
2004 9 27231.0
2004 10 14604.0
2004 11 16014.0
2004 12 22478.0
2005 1 11286.0
2005 2 16526.0
2005 3 16244.0
2005 4 22196.0
2005 5 32015.0
2005 6 17247.0
2005 7 23561.0
2005 8 23205.0
2005 9 26863.0
2005 10 22204.0
2005 11 15451.0
2005 12 15592.0
2006 1 21995.0
2006 2 19386.0
2006 3 24576.0
2006 4 12943.0
2006 5 19869.0
2006 6 16015.0
2006 7 45275.0
2006 8 34970.0
2006 9 27100.0
2006 10 29721.0
2006 11 13964.0
2006 12 20776.0
2007 1 38930.0
2007 2 24568.0
2007 3 41782.0
2007 4 30727.0
2007 5 29902.0
2007 6 34777.0
2007 7 31386.0
2007 8 36693.0
2007 9 23111.0
2007 10 32119.0
2007 11 19143.0
2007 12 29830.0
2008 1 27528.0
2008 2 38959.0
2008 3 23442.0
2008 4 25447.0
2008 5 24528.0
2008 6 17389.0
2008 7 30907.0
2008 8 17272.0
2008 9 20716.0
2008 10 24978.0
2008 11 5687.0
2008 12 9170.0
2009 1 10649.0
2009 2 2619.0
2009 3 10169.0
2009 4 10744.0
2009 5 21416.0
2009 6 8556.0
2009 7 10827.0
2009 8 14526.0
2009 9 3214.0
2009 10 11028.0
2009 11 6427.0
2009 12 9321.0
2010 1 3799.0
2010 2 8510.0
2010 3 11863.0
2010 4 7259.0
2010 5 3534.0
2010 6 11297.0
2010 7 9256.0
2010 8 9957.0
2010 9 6442.0
2010 10 6646.0
2010 11 5222.0
2010 12 4598.0
2011 1 1992.0
2011 2 5190.0
2011 3 4906.0
2011 4 4791.0
2011 5 5330.0
2011 6 4367.0
2011 7 6132.0
2011 8 4403.0
2011 9 6117.0
2011 10 6529.0
2011 11 10687.0
2011 12 1858.0
2012 1 3991.0
2012 2 4384.0
2012 3 7080.0
2012 4 4043.0
2012 5 8070.0
2012 6 5474.0
2012 7 7184.0
2012 8 14352.0
2012 9 9087.0
2012 10 20610.0
2012 11 7975.0
2012 12 2188.0
2013 1 5943.0
2013 2 10898.0
2013 3 13389.0
2013 4 19116.0
2013 5 7551.0
2013 6 16415.0
2013 7 7313.0
2013 8 9052.0
2013 9 8048.0
2013 10 10169.0
2013 11 8769.0
2013 12 16692.0
2014 1 12005.0
2014 2 15215.0
2014 3 17760.0
2014 4 10304.0
2014 5 10963.0
2014 6 43525.0
2014 7 22467.0
2014 8 24791.0
2014 9 12932.0
2014 10 21782.0
2014 11 16422.0
2014 12 23234.0
2015 1 9006.0
2015 2 24798.0
2015 3 39277.0
2015 4 21644.0
2015 5 31075.0
2015 6 27232.0
2015 7 20257.0
2015 8 17313.0
2015 9 26213.0
2015 10 21680.0
2015 11 19278.0
2015 12 16922.0
2016 1 24659.0
2016 2 17881.0
2016 3 26560.0
2016 4 18329.0
2016 5 15700.0
2016 6 28105.0
2016 7 29402.0
2016 8 13093.0
2016 9 19055.0
2016 10 19917.0
2016 11 20935.0
2016 12 19250.0
2017 1 25266.0
2017 2 16608.0
2017 3 21876.0
2017 4 17459.0
2017 5 20417.0
2017 6 22193.0
2017 7 24059.0
2017 8 25583.0
2017 9 22451.0
2017 10 25805.0
2017 11 27093.0
2017 12 27297.0
2018 1 20024.0
2018 2 27596.0
2018 3 35830.0
2018 4 25544.0
2018 5 20401.0
2018 6 23160.0
2018 7 23484.0
2018 8 41444.0
2018 9 38957.0
2018 10 40961.0
2018 11 49622.0
2018 12 31151.0
2019 1 44255.0
2019 2 36139.0
2019 3 35211.0
2019 4 43603.0
2019 5 40153.0
2019 6 25490.0
2019 7 45252.0
2019 8 35769.0
2019 9 28029.0
2019 10 34567.0
2019 11 42489.0
2019 12 36950.0
2020 1 33147.0
2020 2 30438.0
2020 3 43907.0
2020 4 38134.0
2020 5 36916.0
2020 6 42150.0
2020 7 47457.0
2020 8 36754.0
2020 9 29658.0
2020 10 27615.0
2020 11 72785.0
2020 12 38788.0
2021 1 46518.0
2021 2 31895.0
2021 3 63254.0
2021 4 68243.0
2021 5 50108.0
2021 6 72747.0
2021 7 33195.0
2021 8 64937.0
2021 9 59724.0
2021 10 33444.0
2021 11 36409.0
2021 12 40279.0
2022 1 43809.0
2022 2 45089.0
2022 3 67574.0
2022 4 58992.0
2022 5 63964.0
2022 6 52737.0
2022 7 63123.0
2022 8 43336.0
2022 9 38938.0
2022 10 48414.0
2022 11 33814.0
2022 12 24220.0
2023 1 33560.0
2023 2 34615.0
2023 3 59498.0
2023 4 45050.0
2023 5 38970.0
2023 6 71393.0
2023 7 42248.0
2023 8 43548.0
2023 9 42022.0
2023 10 40323.0
2023 11 32653.0
2023 12 24628.0
2024 1 45776.0
2024 2 28267.0
2024 3 54548.0
2024 4 41779.0
2024 5 45058.0
2024 6 43436.0
2024 7 50407.0
2024 8 60542.0
