1960 5 612.0
1960 6 782.0
1960 7 658.0
1960 8 1505.0
1960 9 408.0
1960 10 1015.0
1960 11 267.0
1960 12 942.0
1961 1 560.0
1961 2 336.0
1961 3 1591.0
1961 4 1167.0
1961 5 958.0
1961 6 750.0
1961 7 1460.0
1961 8 1487.0
1961 9 1326.0
1961 10 2409.0
1961 11 2009.0
1961 12 1987.0
1962 1 4273.0
1962 2 3891.0
1962 3 2840.0
1962 4 5628.0
1962 5 4898.0
1962 6 3918.0
1962 7 3146.0
1962 8 2326.0
1962 9 2293.0
1962 10 2538.0
1962 11 2870.0
1962 12 1469.0
1963 1 2919.0
1963 2 4405.0
1963 3 2392.0
1963 4 3655.0
1963 5 5706.0
1963 6 5690.0
1963 7 3432.0
1963 8 4926.0
1963 9 1998.0
1963 10 2328.0
1963 11 7600.0
1963 12 3617.0
1964 1 2385.0
1964 2 2684.0
1964 3 3047.0
1964 4 7383.0
1964 5 4929.0
1964 6 3794.0
1964 7 4092.0
1964 8 6515.0
1964 9 4492.0
1964 10 3258.0
1964 11 1604.0
1964 12 1740.0
1965 1 3958.0
1965 2 1915.0
1965 3 3754.0
1965 4 4082.0
1965 5 3280.0
1965 6 3992.0
1965 7 3618.0
1965 8 2854.0
1965 9 3106.0
1965 10 3802.0
1965 11 1383.0
1965 12 2150.0
1966 1 4606.0
1966 2 5574.0
1966 3 5924.0
1966 4 7721.0
1966 5 9881.0
1966 6 5005.0
1966 7 5144.0
1966 8 4654.0
1966 9 4856.0
1966 10 6510.0
1966 11 4454.0
1966 12 5551.0
1967 1 7747.0
1967 2 7518.0
1967 3 12331.0
1967 4 14010.0
1967 5 18706.0
1967 6 15506.0
1967 7 14010.0
1967 8 18704.0
1967 9 17070.0
1967 10 15451.0
1967 11 10295.0
1967 12 11541.0
1968 1 11341.0
1968 2 18513.0
1968 3 21162.0
1968 4 20826.0
1968 5 11769.0
1968 6 13853.0
1968 7 21591.0
1968 8 14495.0
1968 9 18347.0
1968 10 8137.0
1968 11 12801.0
1968 12 7891.0
1969 1 10190.0
1969 2 7060.0
1969 3 15138.0
1969 4 19238.0
1969 5 14445.0
1969 6 11404.0
1969 7 13030.0
1969 8 19222.0
1969 9 7600.0
1969 10 11994.0
1969 11 6012.0
1969 12 7605.0
1970 1 4709.0
1970 2 6931.0
1970 3 11627.0
1970 4 15740.0
1970 5 5854.0
1970 6 8352.0
1970 7 3529.0
1970 8 8576.0
1970 9 11896.0
1970 10 3379.0
1970 11 3164.0
1970 12 935.0
1971 1 6924.0
1971 2 14905.0
1971 3 6740.0
1971 4 8368.0
1971 5 3383.0
1971 6 6305.0
1971 7 5301.0
1971 8 6051.0
1971 9 6498.0
1971 10 4576.0
1971 11 6043.0
1971 12 5322.0
1972 1 5239.0
1972 2 6468.0
1972 3 6606.0
1972 4 2966.0
1972 5 6592.0
1972 6 4901.0
1972 7 3854.0
1972 8 9450.0
1972 9 10224.0
1972 10 4231.0
1972 11 6291.0
1972 12 3481.0
1973 1 9692.0
1973 2 1518.0
1973 3 9299.0
1973 4 9298.0
1973 5 4039.0
1973 6 10955.0
1973 7 4868.0
1973 8 5993.0
1973 9 6283.0
1973 10 12669.0
1973 11 3574.0
1973 12 5426.0
1974 1 7062.0
1974 2 4771.0
1974 3 6504.0
1974 4 8534.0
1974 5 7848.0
1974 6 6533.0
1974 7 9713.0
1974 8 6869.0
1974 9 2500.0
1974 10 6257.0
1974 11 1832.0
1974 12 8235.0
1975 1 6042.0
1975 2 3584.0
1975 3 6217.0
1975 4 12072.0
1975 5 15263.0
1975 6 12524.0
1975 7 8023.0
1975 8 10779.0
1975 9 16657.0
1975 10 4538.0
1975 11 6705.0
1975 12 12643.0
1976 1 9532.0
1976 2 12396.0
1976 3 10757.0
1976 4 12627.0
1976 5 14632.0
1976 6 16653.0
1976 7 21578.0
1976 8 11018.0
1976 9 20243.0
1976 10 12468.0
1976 11 16575.0
1976 12 9472.0
1977 1 20639.0
1977 2 13810.0
1977 3 14369.0
1977 4 18497.0
1977 5 23026.0
1977 6 37174.0
1977 7 23472.0
1977 8 27678.0
1977 9 22465.0
1977 10 23615.0
1977 11 23434.0
1977 12 22636.0
1978 1 24114.0
1978 2 16066.0
1978 3 22118.0
1978 4 27347.0
1978 5 49279.0
1978 6 32713.0
1978 7 30561.0
1978 8 43170.0
1978 9 23519.0
1978 10 34740.0
1978 11 18348.0
1978 12 18249.0
1979 1 26398.0
1979 2 22827.0
1979 3 21591.0
1979 4 38925.0
1979 5 28127.0
1979 6 38921.0
1979 7 48790.0
1979 8 48224.0
1979 9 30190.0
1979 10 28055.0
1979 11 25677.0
1979 12 28035.0
1980 1 23355.0
1980 2 20033.0
1980 3 32845.0
1980 4 9277.0
1980 5 32604.0
1980 6 41974.0
1980 7 44136.0
1980 8 26916.0
1980 9 43874.0
1980 10 28577.0
1980 11 17014.0
1980 12 11285.0
1981 1 14241.0
1981 2 19807.0
1981 3 16990.0
1981 4 52326.0
1981 5 25972.0
1981 6 25889.0
1981 7 11659.0
1981 8 7335.0
1981 9 18088.0
1981 10 25880.0
1981 11 10878.0
1981 12 11905.0
1982 1 3045.0
1982 2 10185.0
1982 3 10513.0
1982 4 9831.0
1982 5 23859.0
1982 6 13638.0
1982 7 18047.0
1982 8 9067.0
1982 9 16192.0
1982 10 16913.0
1982 11 13385.0
1982 12 9857.0
1983 1 12776.0
1983 2 6758.0
1983 3 2800.0
1983 4 18720.0
1983 5 23792.0
1983 6 32392.0
1983 7 27678.0
1983 8 15214.0
1983 9 30321.0
1983 10 14843.0
1983 11 10116.0
1983 12 8224.0
1984 1 24359.0
1984 2 20749.0
1984 3 20820.0
1984 4 26326.0
1984 5 37153.0
1984 6 38326.0
1984 7 33769.0
1984 8 24076.0
1984 9 55243.0
1984 10 44661.0
1984 11 15596.0
1984 12 12791.0
1985 1 14217.0
1985 2 34441.0
1985 3 48566.0
1985 4 40825.0
1985 5 38678.0
1985 6 25077.0
1985 7 51100.0
1985 8 47341.0
1985 9 46073.0
1985 10 30386.0
1985 11 35739.0
1985 12 25393.0
1986 1 38495.0
1986 2 25127.0
1986 3 54788.0
1986 4 52479.0
1986 5 52593.0
1986 6 58518.0
1986 7 49413.0
1986 8 34787.0
1986 9 40532.0
1986 10 32087.0
1986 11 15744.0
1986 12 35477.0
1987 1 22300.0
1987 2 34457.0
1987 3 37557.0
1987 4 20865.0
1987 5 57111.0
1987 6 36658.0
1987 7 75159.0
1987 8 49986.0
1987 9 74456.0
1987 10 71573.0
1987 11 29005.0
1987 12 60558.0
1988 1 37800.0
1988 2 38742.0
1988 3 44464.0
1988 4 47581.0
1988 5 38802.0
1988 6 42875.0
1988 7 125284.0
1988 8 88475.0
1988 9 137354.0
1988 10 68321.0
1988 11 42225.0
1988 12 73573.0
1989 1 50598.0
1989 2 21621.0
1989 3 73067.0
1989 4 51464.0
1989 5 63825.0
1989 6 62410.0
1989 7 89203.0
1989 8 67583.0
1989 9 91354.0
1989 10 77054.0
1989 11 37824.0
1989 12 75940.0
1990 1 25964.0
1990 2 66988.0
1990 3 105944.0
1990 4 43849.0
1990 5 61029.0
1990 6 91913.0
1990 7 61336.0
1990 8 85591.0
1990 9 48630.0
1990 10 74780.0
1990 11 41551.0
1990 12 39973.0
1991 1 13989.0
1991 2 29279.0
1991 3 23366.0
1991 4 21040.0
1991 5 14672.0
1991 6 59818.0
1991 7 61458.0
1991 8 31564.0
1991 9 38490.0
1991 10 16708.0
1991 11 14608.0
1991 12 12879.0
1992 1 26094.0
1992 2 30644.0
1992 3 19093.0
1992 4 58485.0
1992 5 41346.0
1992 6 23271.0
1992 7 43633.0
1992 8 29399.0
1992 9 44690.0
1992 10 36093.0
1992 11 28489.0
1992 12 32295.0
1993 1 10313.0
1993 2 15269.0
1993 3 44366.0
1993 4 29454.0
1993 5 39747.0
1993 6 26966.0
1993 7 30289.0
1993 8 36473.0
1993 9 44635.0
1993 10 41421.0
1993 11 48050.0
1993 12 31862.0
1994 1 15766.0
1994 2 28361.0
1994 3 27309.0
1994 4 21878.0
1994 5 34667.0
1994 6 40994.0
1994 7 36796.0
1994 8 71993.0
1994 9 114930.0
1994 10 47614.0
1994 11 29995.0
1994 12 27806.0
1995 1 26440.0
1995 2 21069.0
1995 3 33515.0
1995 4 37558.0
1995 5 38264.0
1995 6 75744.0
1995 7 40825.0
1995 8 27888.0
1995 9 30205.0
1995 10 38904.0
1995 11 45181.0
1995 12 40837.0
1996 1 15373.0
1996 2 36668.0
1996 3 53063.0
1996 4 34794.0
1996 5 50861.0
1996 6 45691.0
1996 7 45515.0
1996 8 52381.0
1996 9 52602.0
1996 10 41655.0
1996 11 56717.0
1996 12 56889.0
1997 1 34387.0
1997 2 26615.0
1997 3 56403.0
1997 4 20139.0
1997 5 39416.0
1997 6 38205.0
1997 7 65465.0
1997 8 83383.0
1997 9 98635.0
1997 10 46628.0
1997 11 52310.0
1997 12 37819.0
1998 1 63284.0
1998 2 79898.0
1998 3 28279.0
1998 4 73128.0
1998 5 18089.0
1998 6 65031.0
1998 7 91341.0
1998 8 57559.0
1998 9 73230.0
1998 10 145500.0
1998 11 76220.0
1998 12 26464.0
1999 1 32529.0
1999 2 56395.0
1999 3 56167.0
1999 4 71388.0
1999 5 124260.0
1999 6 69700.0
1999 7 65815.0
1999 8 59529.0
1999 9 51980.0
1999 10 98415.0
1999 11 38315.0
1999 12 31223.0
2000 1 64413.0
2000 2 71379.0
2000 3 42739.0
2000 4 51770.0
2000 5 60498.0
2000 6 76275.0
2000 7 79086.0
2000 8 76151.0
2000 9 70920.0
2000 10 43833.0
2000 11 66287.0
2000 12 97995.0
2001 1 72782.0
2001 2 21917.0
2001 3 47013.0
2001 4 46374.0
2001 5 65627.0
2001 6 73201.0
2001 7 66664.0
2001 8 71265.0
2001 9 38544.0
2001 10 66829.0
2001 11 60528.0
2001 12 22020.0
2002 1 24090.0
2002 2 10145.0
2002 3 24944.0
2002 4 41200.0
2002 5 85615.0
2002 6 78211.0
2002 7 34356.0
2002 8 28963.0
2002 9 52162.0
2002 10 58406.0
2002 11 67077.0
2002 12 36072.0
2003 1 44636.0
2003 2 29026.0
2003 3 34552.0
2003 4 24712.0
2003 5 69235.0
2003 6 57993.0
2003 7 61492.0
2003 8 60648.0
2003 9 96648.0
2003 10 23114.0
2003 11 35369.0
2003 12 17155.0
2004 1 41058.0
2004 2 19162.0
2004 3 43919.0
2004 4 37515.0
2004 5 34381.0
2004 6 48443.0
2004 7 58486.0
2004 8 60893.0
2004 9 126201.0
2004 10 80129.0
2004 11 79474.0
2004 12 100621.0
2005 1 26729.0
2005 2 85175.0
2005 3 54072.0
2005 4 55456.0
2005 5 36958.0
2005 6 84650.0
2005 7 131086.0
2005 8 37452.0
2005 9 90277.0
2005 10 72901.0
2005 11 161999.0
2005 12 59213.0
2006 1 52821.0
2006 2 47308.0
2006 3 40507.0
2006 4 146796.0
2006 5 152635.0
2006 6 105748.0
2006 7 189295.0
2006 8 93200.0
2006 9 194208.0
2006 10 75178.0
2006 11 45562.0
2006 12 98843.0
2007 1 223110.0
2007 2 183473.0
2007 3 98476.0
2007 4 39891.0
2007 5 161147.0
2007 6 97856.0
2007 7 99517.0
2007 8 244550.0
2007 9 102871.0
2007 10 144691.0
2007 11 108943.0
2007 12 94945.0
2008 1 54546.0
2008 2 70020.0
2008 3 140371.0
2008 4 91016.0
2008 5 186875.0
2008 6 151495.0
2008 7 55718.0
2008 8 73443.0
2008 9 88278.0
2008 10 108922.0
2008 11 36255.0
2008 12 16186.0
2009 1 47694.0
2009 2 7814.0
2009 3 24319.0
2009 4 1852.0
2009 5 14193.0
2009 6 13856.0
2009 7 757.0
2009 8 29436.0
2009 9 41326.0
2009 10 37545.0
2009 11 4323.0
2009 12 14766.0
2010 1 46861.0
2010 2 14530.0
2010 3 1488.0
2010 4 4412.0
2010 5 31927.0
2010 6 59588.0
2010 7 18147.0
2010 8 61743.0
2010 9 42220.0
2010 10 38106.0
2010 11 31639.0
2010 12 96360.0
2011 1 3885.0
2011 2 12642.0
2011 3 23589.0
2011 4 137365.0
2011 5 170390.0
2011 6 54735.0
2011 7 60150.0
2011 8 141734.0
2011 9 54528.0
2011 10 25607.0
2011 11 49665.0
2011 12 77208.0
2012 1 28480.0
2012 2 63680.0
2012 3 125311.0
2012 4 80500.0
2012 5 96702.0
2012 6 248085.0
2012 7 122443.0
2012 8 155946.0
2012 9 112320.0
2012 10 80691.0
2012 11 98235.0
2012 12 73546.0
2013 1 130657.0
2013 2 76300.0
2013 3 87395.0
2013 4 42692.0
2013 5 142444.0
2013 6 58883.0
2013 7 102848.0
2013 8 114614.0
2013 9 169807.0
2013 10 150757.0
2013 11 176100.0
2013 12 107053.0
2014 1 38204.0
2014 2 117506.0
2014 3 123455.0
2014 4 199550.0
2014 5 210181.0
2014 6 101537.0
2014 7 142509.0
2014 8 163281.0
2014 9 205723.0
2014 10 166482.0
2014 11 152534.0
2014 12 158538.0
2015 1 279221.0
2015 2 303538.0
2015 3 242303.0
2015 4 128214.0
2015 5 168618.0
2015 6 187375.0
2015 7 124289.0
2015 8 386545.0
2015 9 289733.0
2015 10 126552.0
2015 11 163103.0
2015 12 123660.0
2016 1 119349.0
2016 2 65393.0
2016 3 121180.0
2016 4 195766.0
2016 5 209559.0
2016 6 253435.0
2016 7 121525.0
2016 8 116283.0
2016 9 381664.0
2016 10 312295.0
2016 11 233193.0
2016 12 216732.0
2017 1 144045.0
2017 2 140176.0
2017 3 180338.0
2017 4 205453.0
2017 5 159938.0
2017 6 195676.0
2017 7 232784.0
2017 8 326256.0
2017 9 211247.0
2017 10 422763.0
2017 11 324208.0
2017 12 182972.0
2018 1 107968.0
2018 2 170937.0
2018 3 323110.0
2018 4 196866.0
2018 5 122641.0
2018 6 198711.0
2018 7 89823.0
2018 8 226287.0
2018 9 155424.0
2018 10 160645.0
2018 11 268782.0
2018 12 198582.0
2019 1 160022.0
2019 2 75199.0
2019 3 312064.0
2019 4 353899.0
2019 5 238188.0
2019 6 159275.0
2019 7 219878.0
2019 8 176828.0
2019 9 280680.0
2019 10 217398.0
2019 11 406444.0
2019 12 305850.0
2020 1 199248.0
2020 2 154019.0
2020 3 198029.0
2020 4 193989.0
2020 5 342908.0
2020 6 156495.0
2020 7 150048.0
2020 8 143559.0
2020 9 227689.0
2020 10 131254.0
2020 11 189601.0
2020 12 401363.0
2021 1 182807.0
2021 2 334971.0
2021 3 271941.0
2021 4 184048.0
2021 5 275945.0
2021 6 176961.0
2021 7 289642.0
2021 8 727306.0
2021 9 168366.0
2021 10 384658.0
2021 11 617953.0
2021 12 462365.0
2022 1 285934.0
2022 2 238480.0
2022 3 506517.0
2022 4 227197.0
2022 5 260580.0
2022 6 440786.0
2022 7 278804.0
2022 8 269448.0
2022 9 241901.0
2022 10 254932.0
2022 11 300428.0
2022 12 358029.0
2023 1 169351.0
2023 2 415304.0
2023 3 256069.0
2023 4 156891.0
2023 5 323220.0
2023 6 147329.0
2023 7 125238.0
2023 8 276906.0
2023 9 200738.0
2023 10 157975.0
2023 11 112435.0
2023 12 190405.0
2024 1 103542.0
2024 2 186583.0
2024 3 370868.0
2024 4 135360.0
2024 5 244109.0
2024 6 112523.0
2024 7 164773.0
2024 8 234933.0
