1960 5 16320.0
1960 6 16293.0
1960 7 13523.0
1960 8 15586.0
1960 9 13462.0
1960 10 13742.0
1960 11 9158.0
1960 12 8810.0
1961 1 11944.0
1961 2 12640.0
1961 3 16332.0
1961 4 16679.0
1961 5 17053.0
1961 6 17035.0
1961 7 18070.0
1961 8 18913.0
1961 9 15153.0
1961 10 17160.0
1961 11 12851.0
1961 12 11901.0
1962 1 14343.0
1962 2 17363.0
1962 3 20684.0
1962 4 21918.0
1962 5 22104.0
1962 6 20368.0
1962 7 19946.0
1962 8 21697.0
1962 9 17822.0
1962 10 17336.0
1962 11 13389.0
1962 12 11532.0
1963 1 14576.0
1963 2 16449.0
1963 3 22893.0
1963 4 19324.0
1963 5 20594.0
1963 6 17884.0
1963 7 17610.0
1963 8 15492.0
1963 9 16075.0
1963 10 15713.0
1963 11 11446.0
1963 12 9076.0
1964 1 10886.0
1964 2 12376.0
1964 3 15121.0
1964 4 15126.0
1964 5 14588.0
1964 6 16888.0
1964 7 14807.0
1964 8 13605.0
1964 9 14008.0
1964 10 15158.0
1964 11 9777.0
1964 12 8211.0
1965 1 10150.0
1965 2 13056.0
1965 3 18333.0
1965 4 17555.0
1965 5 18081.0
1965 6 19084.0
1965 7 16880.0
1965 8 18099.0
1965 9 16878.0
1965 10 17212.0
1965 11 14062.0
1965 12 11467.0
1966 1 14627.0
1966 2 17937.0
1966 3 24877.0
1966 4 23394.0
1966 5 20232.0
1966 6 21302.0
1966 7 17442.0
1966 8 18936.0
1966 9 17174.0
1966 10 16824.0
1966 11 14055.0
1966 12 13164.0
1967 1 16129.0
1967 2 19566.0
1967 3 24114.0
1967 4 25596.0
1967 5 33095.0
1967 6 28984.0
1967 7 29451.0
1967 8 32402.0
1967 9 27855.0
1967 10 30440.0
1967 11 25519.0
1967 12 20791.0
1968 1 26106.0
1968 2 27327.0
1968 3 36467.0
1968 4 35011.0
1968 5 46298.0
1968 6 38007.0
1968 7 42997.0
1968 8 45493.0
1968 9 35834.0
1968 10 37833.0
1968 11 34661.0
1968 12 26036.0
1969 1 16830.0
1969 2 27879.0
1969 3 47845.0
1969 4 42487.0
1969 5 42855.0
1969 6 36859.0
1969 7 28015.0
1969 8 23183.0
1969 9 27249.0
1969 10 26050.0
1969 11 21529.0
1969 12 21342.0
1970 1 16820.0
1970 2 19450.0
1970 3 27770.0
1970 4 29266.0
1970 5 29383.0
1970 6 28007.0
1970 7 28672.0
1970 8 23004.0
1970 9 25189.0
1970 10 25197.0
1970 11 20324.0
1970 12 19775.0
1971 1 17158.0
1971 2 28682.0
1971 3 35120.0
1971 4 39737.0
1971 5 35512.0
1971 6 39672.0
1971 7 37937.0
1971 8 33260.0
1971 9 33647.0
1971 10 32508.0
1971 11 26145.0
1971 12 19328.0
1972 1 21987.0
1972 2 28900.0
1972 3 43483.0
1972 4 40189.0
1972 5 47310.0
1972 6 46803.0
1972 7 41868.0
1972 8 37701.0
1972 9 36044.0
1972 10 38573.0
1972 11 31225.0
1972 12 24168.0
1973 1 28741.0
1973 2 37419.0
1973 3 49401.0
1973 4 50704.0
1973 5 50817.0
1973 6 45354.0
1973 7 39038.0
1973 8 35105.0
1973 9 29614.0
1973 10 28863.0
1973 11 24143.0
1973 12 18282.0
1974 1 23548.0
1974 2 28698.0
1974 3 46912.0
1974 4 55412.0
1974 5 48414.0
1974 6 44020.0
1974 7 41637.0
1974 8 40128.0
1974 9 38192.0
1974 10 37797.0
1974 11 31782.0
1974 12 36167.0
1975 1 26748.0
1975 2 38324.0
1975 3 51932.0
1975 4 64201.0
1975 5 66459.0
1975 6 70086.0
1975 7 58902.0
1975 8 61925.0
1975 9 69266.0
1975 10 66594.0
1975 11 46568.0
1975 12 45096.0
1976 1 57167.0
1976 2 58492.0
1976 3 78159.0
1976 4 94223.0
1976 5 89684.0
1976 6 92058.0
1976 7 85869.0
1976 8 80608.0
1976 9 82453.0
1976 10 82413.0
1976 11 80148.0
1976 12 67987.0
1977 1 81630.0
1977 2 91864.0
1977 3 120929.0
1977 4 159366.0
1977 5 117885.0
1977 6 157407.0
1977 7 130153.0
1977 8 138304.0
1977 9 124303.0
1977 10 125338.0
1977 11 89133.0
1977 12 90963.0
1978 1 115818.0
1978 2 110798.0
1978 3 173730.0
1978 4 149732.0
1978 5 143961.0
1978 6 156469.0
1978 7 119896.0
1978 8 130102.0
1978 9 111790.0
1978 10 121401.0
1978 11 95894.0
1978 12 72978.0
1979 1 91036.0
1979 2 100345.0
1979 3 160728.0
1979 4 144106.0
1979 5 147331.0
1979 6 143233.0
1979 7 129268.0
1979 8 122925.0
1979 9 106037.0
1979 10 96139.0
1979 11 56350.0
1979 12 28862.0
1980 1 45581.0
1980 2 56967.0
1980 3 59707.0
1980 4 51873.0
1980 5 52742.0
1980 6 79243.0
1980 7 112033.0
1980 8 104206.0
1980 9 96712.0
1980 10 108449.0
1980 11 69961.0
1980 12 45766.0
1981 1 70890.0
1981 2 62817.0
1981 3 87303.0
1981 4 92103.0
1981 5 80143.0
1981 6 83404.0
1981 7 76128.0
1981 8 57947.0
1981 9 50942.0
1981 10 54097.0
1981 11 29379.0
1981 12 35732.0
1982 1 27675.0
1982 2 29136.0
1982 3 48817.0
1982 4 51480.0
1982 5 51969.0
1982 6 52498.0
1982 7 51828.0
1982 8 55673.0
1982 9 59191.0
1982 10 71068.0
1982 11 68610.5
1982 12 66153.0
1983 1 73072.0
1983 2 79589.0
1983 3 117014.0
1983 4 125155.0
1983 5 133005.0
1983 6 127236.0
1983 7 106256.0
1983 8 112253.0
1983 9 99379.0
1983 10 91515.0
1983 11 67996.0
1983 12 57954.0
1984 1 82895.0
1984 2 97222.0
1984 3 112043.0
1984 4 108475.0
1984 5 120683.0
1984 6 120074.0
1984 7 97935.0
1984 8 98972.0
1984 9 82197.0
1984 10 83692.0
1984 11 69005.0
1984 12 46895.0
1985 1 69413.0
1985 2 74766.0
1985 3 100554.0
1985 4 105850.0
1985 5 118392.0
1985 6 114685.0
1985 7 134040.0
1985 8 145487.0
1985 9 107510.0
1985 10 92711.0
1985 11 56112.0
1985 12 65054.0
1986 1 84697.0
1986 2 81666.0
1986 3 166465.0
1986 4 151182.0
1986 5 134198.0
1986 6 131595.0
1986 7 141039.0
1986 8 131092.0
1986 9 121189.0
1986 10 126820.0
1986 11 87556.0
1986 12 103015.0
1987 1 94938.0
1987 2 108511.0
1987 3 151570.0
1987 4 170568.0
1987 5 136690.0
1987 6 148566.0
1987 7 145905.0
1987 8 130587.0
1987 9 124572.0
1987 10 112537.0
1987 11 98188.0
1987 12 91887.0
1988 1 93412.0
1988 2 106299.0
1988 3 162993.0
1988 4 156930.0
1988 5 169883.0
1988 6 168195.0
1988 7 154376.0
1988 8 175922.0
1988 9 153091.0
1988 10 154435.0
1988 11 143605.0
1988 12 128062.0
1989 1 134050.0
1989 2 127523.0
1989 3 194706.0
1989 4 200175.0
1989 5 227715.0
1989 6 221329.0
1989 7 197463.0
1989 8 229278.0
1989 9 202076.0
1989 10 214596.0
1989 11 203619.0
1989 12 161559.0
1990 1 222033.0
1990 2 199497.0
1990 3 261223.0
1990 4 263785.0
1990 5 267911.0
1990 6 252201.0
1990 7 228749.0
1990 8 230899.0
1990 9 177887.0
1990 10 171287.0
1990 11 131888.0
1990 12 106297.0
1991 1 120651.0
1991 2 139635.0
1991 3 194266.0
1991 4 218676.0
1991 5 255118.0
1991 6 264328.0
1991 7 262900.0
1991 8 219694.0
1991 9 203703.0
1991 10 207629.0
1991 11 155523.0
1991 12 173262.0
1992 1 183298.0
1992 2 201081.0
1992 3 276950.0
1992 4 288569.0
1992 5 272718.0
1992 6 300500.0
1992 7 277118.0
1992 8 250770.0
1992 9 260624.0
1992 10 261476.0
1992 11 194287.0
1992 12 205710.0
1993 1 155235.0
1993 2 183177.0
1993 3 277161.0
1993 4 294800.0
1993 5 270254.0
1993 6 309565.0
1993 7 297956.0
1993 8 298802.0
1993 9 292014.0
1993 10 269614.0
1993 11 229567.0
1993 12 251252.0
1994 1 244118.0
1994 2 225379.0
1994 3 343864.0
1994 4 351248.0
1994 5 342505.0
1994 6 342630.0
1994 7 297432.0
1994 8 321373.0
1994 9 291759.0
1994 10 253277.0
1994 11 194584.0
1994 12 174406.0
1995 1 192498.0
1995 2 204631.0
1995 3 254729.0
1995 4 265936.0
1995 5 305579.0
1995 6 321260.0
1995 7 259651.0
1995 8 285472.0
1995 9 241041.0
1995 10 254882.0
1995 11 218694.0
1995 12 236163.0
1996 1 212045.0
1996 2 253125.0
1996 3 331296.0
1996 4 341483.0
1996 5 341631.0
1996 6 305061.0
1996 7 313587.0
1996 8 291302.0
1996 9 262672.0
1996 10 262192.0
1996 11 197259.0
1996 12 197544.0
1997 1 202950.0
1997 2 230317.0
1997 3 274205.0
1997 4 317233.0
1997 5 330117.0
1997 6 344099.0
1997 7 325650.0
1997 8 293128.0
1997 9 322861.0
1997 10 319656.0
1997 11 228346.0
1997 12 257457.0
1998 1 228026.0
1998 2 256803.0
1998 3 361842.0
1998 4 381528.0
1998 5 368259.0
1998 6 375863.0
1998 7 346958.0
1998 8 308400.0
1998 9 316813.0
1998 10 309776.0
1998 11 226850.0
1998 12 233723.0
1999 1 225645.0
1999 2 221709.0
1999 3 363566.0
1999 4 369405.0
1999 5 359642.0
1999 6 413022.0
1999 7 344447.0
1999 8 331285.0
1999 9 309867.0
1999 10 301521.0
1999 11 230983.0
1999 12 242812.0
2000 1 222574.0
2000 2 255773.0
2000 3 336190.0
2000 4 328039.0
2000 5 362374.0
2000 6 347796.0
2000 7 302419.0
2000 8 361739.0
2000 9 316465.0
2000 10 302125.0
2000 11 252741.0
2000 12 232621.0
2001 1 270744.0
2001 2 284306.0
2001 3 401317.0
2001 4 395470.0
2001 5 387732.0
2001 6 386171.0
2001 7 366126.0
2001 8 389193.0
2001 9 326134.0
2001 10 308311.0
2001 11 237758.0
2001 12 232900.0
2002 1 270040.0
2002 2 288297.0
2002 3 379875.0
2002 4 450409.0
2002 5 447335.0
2002 6 462039.0
2002 7 448315.0
2002 8 421673.0
2002 9 406505.0
2002 10 449297.0
2002 11 350070.0
2002 12 319550.0
2003 1 370733.0
2003 2 368062.0
2003 3 441097.0
2003 4 557000.0
2003 5 463409.0
2003 6 466758.0
2003 7 495144.0
2003 8 492041.0
2003 9 465884.0
2003 10 472341.0
2003 11 339899.0
2003 12 369680.0
2004 1 351963.0
2004 2 370301.0
2004 3 509093.0
2004 4 557025.0
2004 5 588507.0
2004 6 659716.0
2004 7 560925.0
2004 8 514494.0
2004 9 549689.0
2004 10 517874.0
2004 11 430232.0
2004 12 428432.0
2005 1 464267.0
2005 2 489602.0
2005 3 715765.0
2005 4 639057.0
2005 5 653068.0
2005 6 707765.0
2005 7 622690.0
2005 8 707647.0
2005 9 649411.0
2005 10 629728.0
2005 11 588742.0
2005 12 516752.0
2006 1 445829.0
2006 2 525084.0
2006 3 637917.0
2006 4 609960.0
2006 5 633100.0
2006 6 688807.0
2006 7 519829.0
2006 8 682050.0
2006 9 513273.0
2006 10 498888.0
2006 11 361451.0
2006 12 341730.0
2007 1 421648.0
2007 2 454590.0
2007 3 627069.0
2007 4 574510.0
2007 5 635464.0
2007 6 643284.0
2007 7 549784.0
2007 8 513621.0
2007 9 440729.0
2007 10 413079.0
2007 11 277177.0
2007 12 237761.0
2008 1 273878.0
2008 2 290426.0
2008 3 335379.0
2008 4 380032.0
2008 5 387410.0
2008 6 355740.0
2008 7 334560.0
2008 8 289053.0
2008 9 278720.0
2008 10 243835.0
2008 11 139131.0
2008 12 131525.0
2009 1 128828.0
2009 2 149505.0
2009 3 183028.0
2009 4 233181.0
2009 5 247276.0
2009 6 280085.0
2009 7 299843.0
2009 8 276968.0
2009 9 279608.0
2009 10 250253.0
2009 11 186302.0
2009 12 236221.0
2010 1 210408.0
2010 2 260442.0
2010 3 365767.0
2010 4 335185.0
2010 5 270589.0
2010 6 355766.0
2010 7 292956.0
2010 8 302177.0
2010 9 271915.0
2010 10 245499.0
2010 11 211705.0
2010 12 217701.0
2011 1 241553.0
2011 2 218467.0
2011 3 302479.0
2011 4 312669.0
2011 5 292907.0
2011 6 310716.0
2011 7 299365.0
2011 8 319056.0
2011 9 290743.0
2011 10 231010.0
2011 11 237845.0
2011 12 193469.0
2012 1 224951.0
2012 2 262269.0
2012 3 414873.0
2012 4 356138.0
2012 5 423716.0
2012 6 424022.0
2012 7 407703.0
2012 8 447384.0
2012 9 368224.0
2012 10 412990.0
2012 11 297777.0
2012 12 305699.0
2013 1 332812.0
2013 2 342678.0
2013 3 453585.0
2013 4 502625.0
2013 5 499115.0
2013 6 531370.0
2013 7 503942.0
2013 8 420309.0
2013 9 330377.0
2013 10 409305.0
2013 11 307330.0
2013 12 288853.0
2014 1 346171.0
2014 2 295304.0
2014 3 392408.0
2014 4 456456.0
2014 5 444690.0
2014 6 495690.0
2014 7 509594.0
2014 8 424830.0
2014 9 419607.0
2014 10 403724.0
2014 11 322498.0
2014 12 397609.0
2015 1 328112.0
2015 2 356124.0
2015 3 438500.0
2015 4 500743.0
2015 5 492259.0
2015 6 553302.0
2015 7 545155.0
2015 8 497590.0
2015 9 477478.0
2015 10 489596.0
2015 11 382141.0
2015 12 426841.0
2016 1 400662.0
2016 2 446261.0
2016 3 577176.0
2016 4 580569.0
2016 5 619994.0
2016 6 638358.0
2016 7 554817.0
2016 8 570832.0
2016 9 462700.0
2016 10 464633.0
2016 11 436308.0
2016 12 431387.0
2017 1 433121.0
2017 2 481442.0
2017 3 528740.0
2017 4 572698.0
2017 5 673137.0
2017 6 642516.0
2017 7 577398.0
2017 8 646138.0
2017 9 547420.0
2017 10 575292.0
2017 11 472482.0
2017 12 488084.0
2018 1 512703.0
2018 2 509367.0
2018 3 658834.0
2018 4 621003.0
2018 5 618392.0
2018 6 627475.0
2018 7 596905.0
2018 8 678150.0
2018 9 528181.0
2018 10 601166.0
2018 11 461442.0
2018 12 408109.0
2019 1 423950.0
2019 2 414639.0
2019 3 549414.0
2019 4 610864.0
2019 5 645722.0
2019 6 606715.0
2019 7 645438.0
2019 8 639958.0
2019 9 542453.0
2019 10 603184.0
2019 11 510962.0
2019 12 511774.0
2020 1 527534.0
2020 2 523947.0
2020 3 588858.0
2020 4 324191.0
2020 5 526290.0
2020 6 605137.0
2020 7 667541.0
2020 8 637604.0
2020 9 624091.0
2020 10 663024.0
2020 11 518977.0
2020 12 577463.0
2021 1 607720.0
2021 2 650540.0
2021 3 799601.0
2021 4 676413.0
2021 5 589472.0
2021 6 645322.0
2021 7 622771.0
2021 8 621198.0
2021 9 574166.0
2021 10 559741.0
2021 11 488403.0
2021 12 521017.0
2022 1 528773.0
2022 2 587334.0
2022 3 676408.0
2022 4 629965.0
2022 5 708927.0
2022 6 642257.0
2022 7 520775.0
2022 8 597511.0
2022 9 443747.0
2022 10 412120.0
2022 11 358593.0
2022 12 315454.0
2023 1 332222.0
2023 2 342558.0
2023 3 477272.0
2023 4 518379.0
2023 5 628047.0
2023 6 669398.0
2023 7 547922.0
2023 8 627885.0
2023 9 524689.0
2023 10 584040.0
2023 11 502915.0
2023 12 507178.0
2024 1 597322.0
2024 2 553852.0
2024 3 639591.0
2024 4 687727.0
2024 5 636418.0
2024 6 529584.0
2024 7 589051.0
2024 8 648277.0
