1960 5 17508.0
1960 6 17609.0
1960 7 14568.0
1960 8 17651.0
1960 9 14308.0
1960 10 15271.0
1960 11 9773.0
1960 12 10059.0
1961 1 12779.0
1961 2 13627.0
1961 3 18848.0
1961 4 18371.0
1961 5 18413.0
1961 6 18324.0
1961 7 20210.0
1961 8 20950.0
1961 9 16983.0
1961 10 20140.0
1961 11 15270.0
1961 12 14226.0
1962 1 19335.0
1962 2 22322.0
1962 3 24805.0
1962 4 28409.0
1962 5 28176.0
1962 6 25344.0
1962 7 23838.0
1962 8 24709.0
1962 9 20879.0
1962 10 20904.0
1962 11 16818.0
1962 12 13510.0
1963 1 18036.0
1963 2 21508.0
1963 3 26175.0
1963 4 23835.0
1963 5 27013.0
1963 6 24262.0
1963 7 22162.0
1963 8 21391.0
1963 9 18686.0
1963 10 18866.0
1963 11 19975.0
1963 12 13518.0
1964 1 14039.0
1964 2 15747.0
1964 3 18762.0
1964 4 23164.0
1964 5 20038.0
1964 6 21147.0
1964 7 19828.0
1964 8 20815.0
1964 9 19088.0
1964 10 19452.0
1964 11 11875.0
1964 12 10324.0
1965 1 14584.0
1965 2 15497.0
1965 3 23030.0
1965 4 22465.0
1965 5 22113.0
1965 6 23903.0
1965 7 21229.0
1965 8 21668.0
1965 9 21646.0
1965 10 21667.0
1965 11 16384.0
1965 12 14462.0
1966 1 20422.0
1966 2 24489.0
1966 3 32219.0
1966 4 32331.0
1966 5 30748.0
1966 6 27209.0
1966 7 23711.0
1966 8 24150.0
1966 9 22911.0
1966 10 24026.0
1966 11 19201.0
1966 12 19309.0
1967 1 25010.0
1967 2 28245.0
1967 3 38064.0
1967 4 41206.0
1967 5 54119.0
1967 6 46847.0
1967 7 45021.0
1967 8 53008.0
1967 9 46373.0
1967 10 48873.0
1967 11 38184.0
1967 12 34658.0
1968 1 39734.0
1968 2 48062.0
1968 3 60517.0
1968 4 58819.0
1968 5 62569.0
1968 6 54438.0
1968 7 66225.0
1968 8 63458.0
1968 9 57836.0
1968 10 48343.0
1968 11 50089.0
1968 12 36098.0
1969 1 29070.0
1969 2 37664.0
1969 3 65707.0
1969 4 66155.0
1969 5 60238.0
1969 6 50327.0
1969 7 43347.0
1969 8 43626.0
1969 9 36925.0
1969 10 40010.0
1969 11 29520.0
1969 12 30122.0
1970 1 22426.0
1970 2 28885.0
1970 3 41459.0
1970 4 47208.0
1970 5 36430.0
1970 6 38925.0
1970 7 33739.0
1970 8 33992.0
1970 9 40250.0
1970 10 33066.0
1970 11 26332.0
1970 12 22677.0
1971 1 25564.0
1971 2 47221.0
1971 3 45930.0
1971 4 52252.0
1971 5 43143.0
1971 6 49120.0
1971 7 46071.0
1971 8 41273.0
1971 9 42829.0
1971 10 39989.0
1971 11 33865.0
1971 12 25980.0
1972 1 28721.0
1972 2 37998.0
1972 3 53426.0
1972 4 45541.0
1972 5 57353.0
1972 6 54891.0
1972 7 48045.0
1972 8 49435.0
1972 9 49031.0
1972 10 49331.0
1972 11 39978.0
1972 12 28613.0
1973 1 40598.0
1973 2 41694.0
1973 3 62337.0
1973 4 64394.0
1973 5 59160.0
1973 6 58869.0
1973 7 45333.0
1973 8 43735.0
1973 9 38464.0
1973 10 44339.0
1973 11 29692.0
1973 12 25371.0
1974 1 32966.0
1974 2 38073.0
1974 3 58466.0
1974 4 68886.0
1974 5 60126.0
1974 6 52819.0
1974 7 54357.0
1974 8 49267.0
1974 9 41833.0
1974 10 46198.0
1974 11 35175.0
1974 12 47065.0
1975 1 33932.0
1975 2 44073.0
1975 3 61655.0
1975 4 80045.0
1975 5 85325.0
1975 6 89644.0
1975 7 71511.0
1975 8 75925.0
1975 9 89439.0
1975 10 74327.0
1975 11 61967.0
1975 12 62109.0
1976 1 70452.0
1976 2 75266.0
1976 3 97204.0
1976 4 116555.0
1976 5 110943.0
1976 6 116401.0
1976 7 115495.0
1976 8 98446.0
1976 9 110376.0
1976 10 102978.0
1976 11 104046.0
1976 12 83771.0
1977 1 107950.0
1977 2 115132.0
1977 3 148649.0
1977 4 183253.0
1977 5 151670.0
1977 6 196549.0
1977 7 164246.0
1977 8 175924.0
1977 9 155421.0
1977 10 160863.0
1977 11 125015.0
1977 12 122807.0
1978 1 149727.0
1978 2 134680.0
1978 3 212606.0
1978 4 193038.0
1978 5 203391.0
1978 6 202885.0
1978 7 159180.0
1978 8 186583.0
1978 9 143327.0
1978 10 169576.0
1978 11 127171.0
1978 12 99242.0
1979 1 125836.0
1979 2 135345.0
1979 3 193295.0
1979 4 201181.0
1979 5 186649.0
1979 6 196045.0
1979 7 196966.0
1979 8 185618.0
1979 9 146355.0
1979 10 136617.0
1979 11 89565.0
1979 12 62912.0
1980 1 78514.0
1980 2 84749.0
1980 3 102704.0
1980 4 65656.0
1980 5 91878.0
1980 6 125681.0
1980 7 182733.0
1980 8 136886.0
1980 9 149551.0
1980 10 146244.0
1980 11 98579.0
1980 12 62923.0
1981 1 94588.0
1981 2 91916.0
1981 3 113943.0
1981 4 152237.0
1981 5 116303.0
1981 6 116373.0
1981 7 93647.0
1981 8 86645.0
1981 9 74859.0
1981 10 87839.0
1981 11 46513.0
1981 12 49941.0
1982 1 32098.0
1982 2 42430.0
1982 3 64338.0
1982 4 64234.0
1982 5 80733.0
1982 6 71308.0
1982 7 75251.0
1982 8 66243.0
1982 9 82271.0
1982 10 91543.0
1982 11 85825.5
1982 12 80108.0
1983 1 89429.0
1983 2 92512.0
1983 3 124744.0
1983 4 150056.0
1983 5 169641.0
1983 6 167274.0
1983 7 140528.0
1983 8 135963.0
1983 9 135719.0
1983 10 111841.0
1983 11 87550.0
1983 12 70331.0
1984 1 116060.0
1984 2 122254.0
1984 3 139822.0
1984 4 144598.0
1984 5 164312.0
1984 6 167001.0
1984 7 137221.0
1984 8 131156.0
1984 9 142645.0
1984 10 134082.0
1984 11 88308.0
1984 12 62122.0
1985 1 90094.0
1985 2 114739.0
1985 3 156660.0
1985 4 155903.0
1985 5 174837.0
1985 6 153695.0
1985 7 195048.0
1985 8 205632.0
1985 9 169076.0
1985 10 131545.0
1985 11 97439.0
1985 12 98772.0
1986 1 131353.0
1986 2 111762.0
1986 3 230836.0
1986 4 217697.0
1986 5 197349.0
1986 6 197809.0
1986 7 197311.0
1986 8 174489.0
1986 9 166781.0
1986 10 166173.0
1986 11 107434.0
1986 12 144126.0
1987 1 120715.0
1987 2 148118.0
1987 3 194390.0
1987 4 196647.0
1987 5 198614.0
1987 6 191838.0
1987 7 232979.0
1987 8 188405.0
1987 9 208379.0
1987 10 190217.0
1987 11 133904.0
1987 12 157531.0
1988 1 136260.0
1988 2 153392.0
1988 3 217315.0
1988 4 210442.0
1988 5 216880.0
1988 6 219338.0
1988 7 286875.0
1988 8 273050.0
1988 9 297486.0
1988 10 229953.0
1988 11 194074.0
1988 12 206166.0
1989 1 190564.0
1989 2 155603.0
1989 3 273817.0
1989 4 257547.0
1989 5 303287.0
1989 6 292539.0
1989 7 296028.0
1989 8 306059.0
1989 9 300612.0
1989 10 300306.0
1989 11 248997.0
1989 12 243460.0
1990 1 267632.0
1990 2 283555.0
1990 3 380420.0
1990 4 317661.0
1990 5 339595.0
1990 6 350349.0
1990 7 300597.0
1990 8 330471.0
1990 9 234621.0
1990 10 256585.0
1990 11 179043.0
1990 12 150880.0
1991 1 141632.0
1991 2 172678.0
1991 3 224766.0
1991 4 247387.0
1991 5 277911.0
1991 6 334418.0
1991 7 335788.0
1991 8 258575.0
1991 9 249153.0
1991 10 230818.0
1991 11 177356.0
1991 12 191684.0
1992 1 216937.0
1992 2 239084.0
1992 3 305862.0
1992 4 358834.0
1992 5 324602.0
1992 6 341731.0
1992 7 335302.0
1992 8 288854.0
1992 9 319533.0
1992 10 305673.0
1992 11 234885.0
1992 12 242829.0
1993 1 174825.0
1993 2 210164.0
1993 3 333478.0
1993 4 338991.0
1993 5 319095.0
1993 6 345322.0
1993 7 338084.0
1993 8 347279.0
1993 9 358473.0
1993 10 326827.0
1993 11 286153.0
1993 12 293953.0
1994 1 278067.0
1994 2 261917.0
1994 3 387290.0
1994 4 384613.0
1994 5 393511.0
1994 6 400415.0
1994 7 347086.0
1994 8 420244.0
1994 9 421950.0
1994 10 314082.0
1994 11 238826.0
1994 12 210046.0
1995 1 231522.0
1995 2 237090.0
1995 3 306378.0
1995 4 322823.0
1995 5 364914.0
1995 6 424104.0
1995 7 322024.0
1995 8 332301.0
1995 9 282848.0
1995 10 305984.0
1995 11 280065.0
1995 12 291405.0
1996 1 242273.0
1996 2 297669.0
1996 3 396890.0
1996 4 399766.0
1996 5 414181.0
1996 6 367118.0
1996 7 379224.0
1996 8 363163.0
1996 9 338061.0
1996 10 327288.0
1996 11 267957.0
1996 12 264494.0
1997 1 252789.0
1997 2 272880.0
1997 3 343343.0
1997 4 355222.0
1997 5 383543.0
1997 6 407597.0
1997 7 427358.0
1997 8 406849.0
1997 9 434096.0
1997 10 380412.0
1997 11 294782.0
1997 12 321118.0
1998 1 303224.0
1998 2 353275.0
1998 3 412041.0
1998 4 471059.0
1998 5 409505.0
1998 6 462098.0
1998 7 460542.0
1998 8 382737.0
1998 9 404987.0
1998 10 482295.0
1998 11 315791.0
1998 12 278197.0
1999 1 266470.0
1999 2 287542.0
1999 3 433106.0
1999 4 453274.0
1999 5 499294.0
1999 6 501189.0
1999 7 423965.0
1999 8 402405.0
1999 9 379716.0
1999 10 415683.0
1999 11 283342.0
1999 12 285503.0
2000 1 298075.0
2000 2 338453.0
2000 3 389648.0
2000 4 394162.0
2000 5 445428.0
2000 6 439094.0
2000 7 396761.0
2000 8 464302.0
2000 9 409134.0
2000 10 360513.0
2000 11 337115.0
2000 12 348078.0
2001 1 353412.0
2001 2 315458.0
2001 3 465825.0
2001 4 455277.0
2001 5 476385.0
2001 6 471357.0
2001 7 458265.0
2001 8 477824.0
2001 9 378256.0
2001 10 388765.0
2001 11 304491.0
2001 12 263782.0
2002 1 310663.0
2002 2 316866.0
2002 3 428930.0
2002 4 510773.0
2002 5 546060.0
2002 6 556712.0
2002 7 497447.0
2002 8 469093.0
2002 9 474653.0
2002 10 523614.0
2002 11 426981.0
2002 12 372526.0
2003 1 425424.0
2003 2 412095.0
2003 3 493288.0
2003 4 604597.0
2003 5 554509.0
2003 6 543992.0
2003 7 567550.0
2003 8 567431.0
2003 9 581464.0
2003 10 518331.0
2003 11 387535.0
2003 12 402100.0
2004 1 406884.0
2004 2 404012.0
2004 3 585918.0
2004 4 624836.0
2004 5 653793.0
2004 6 743023.0
2004 7 644903.0
2004 8 596015.0
2004 9 703121.0
2004 10 612607.0
2004 11 525720.0
2004 12 551531.0
2005 1 502282.0
2005 2 591303.0
2005 3 786081.0
2005 4 716709.0
2005 5 722041.0
2005 6 809662.0
2005 7 777337.0
2005 8 768304.0
2005 9 766551.0
2005 10 724833.0
2005 11 766192.0
2005 12 591557.0
2006 1 520645.0
2006 2 591778.0
2006 3 703000.0
2006 4 769699.0
2006 5 805604.0
2006 6 810570.0
2006 7 754399.0
2006 8 810220.0
2006 9 734581.0
2006 10 603787.0
2006 11 420977.0
2006 12 461349.0
2007 1 683688.0
2007 2 662631.0
2007 3 767327.0
2007 4 645128.0
2007 5 826513.0
2007 6 775917.0
2007 7 680687.0
2007 8 794864.0
2007 9 566711.0
2007 10 589889.0
2007 11 405263.0
2007 12 362536.0
2008 1 355952.0
2008 2 399405.0
2008 3 499192.0
2008 4 496495.0
2008 5 598813.0
2008 6 524624.0
2008 7 421185.0
2008 8 379768.0
2008 9 387714.0
2008 10 377735.0
2008 11 181073.0
2008 12 156881.0
2009 1 187171.0
2009 2 159938.0
2009 3 217516.0
2009 4 245777.0
2009 5 282885.0
2009 6 302497.0
2009 7 311427.0
2009 8 320930.0
2009 9 324148.0
2009 10 298826.0
2009 11 197052.0
2009 12 260308.0
2010 1 261068.0
2010 2 283482.0
2010 3 379118.0
2010 4 346856.0
2010 5 306050.0
2010 6 426651.0
2010 7 320359.0
2010 8 373877.0
2010 9 320577.0
2010 10 290251.0
2010 11 248566.0
2010 12 318659.0
2011 1 247430.0
2011 2 236299.0
2011 3 330974.0
2011 4 454825.0
2011 5 468627.0
2011 6 369818.0
2011 7 365647.0
2011 8 465193.0
2011 9 351388.0
2011 10 263146.0
2011 11 298197.0
2011 12 272535.0
2012 1 257422.0
2012 2 330333.0
2012 3 547264.0
2012 4 440681.0
2012 5 528488.0
2012 6 677581.0
2012 7 537330.0
2012 8 617682.0
2012 9 489631.0
2012 10 514291.0
2012 11 403987.0
2012 12 381433.0
2013 1 469412.0
2013 2 429876.0
2013 3 554369.0
2013 4 564433.0
2013 5 649110.0
2013 6 606668.0
2013 7 614103.0
2013 8 543975.0
2013 9 508232.0
2013 10 570231.0
2013 11 492199.0
2013 12 412598.0
2014 1 396380.0
2014 2 428025.0
2014 3 533623.0
2014 4 666310.0
2014 5 665834.0
2014 6 640752.0
2014 7 674570.0
2014 8 612902.0
2014 9 638262.0
2014 10 591988.0
2014 11 491454.0
2014 12 579381.0
2015 1 616339.0
2015 2 684460.0
2015 3 720080.0
2015 4 650601.0
2015 5 691952.0
2015 6 767909.0
2015 7 689701.0
2015 8 901448.0
2015 9 793424.0
2015 10 637828.0
2015 11 564522.0
2015 12 567423.0
2016 1 544670.0
2016 2 529535.0
2016 3 724916.0
2016 4 794664.0
2016 5 845253.0
2016 6 919898.0
2016 7 705744.0
2016 8 700208.0
2016 9 863419.0
2016 10 796845.0
2016 11 690436.0
2016 12 667369.0
2017 1 602432.0
2017 2 638226.0
2017 3 730954.0
2017 4 795610.0
2017 5 853492.0
2017 6 860385.0
2017 7 834241.0
2017 8 997977.0
2017 9 781118.0
2017 10 1023860.0
2017 11 823783.0
2017 12 698353.0
2018 1 640695.0
2018 2 707900.0
2018 3 1017774.0
2018 4 843413.0
2018 5 761434.0
2018 6 849346.0
2018 7 710212.0
2018 8 945881.0
2018 9 722562.0
2018 10 802772.0
2018 11 779846.0
2018 12 637842.0
2019 1 628227.0
2019 2 525977.0
2019 3 896689.0
2019 4 1008366.0
2019 5 924063.0
2019 6 791480.0
2019 7 910568.0
2019 8 852555.0
2019 9 851162.0
2019 10 855149.0
2019 11 959895.0
2019 12 854574.0
2020 1 759929.0
2020 2 708404.0
2020 3 830794.0
2020 4 556314.0
2020 5 906114.0
2020 6 803782.0
2020 7 865046.0
2020 8 817917.0
2020 9 881438.0
2020 10 821893.0
2020 11 781363.0
2020 12 1017614.0
2021 1 837045.0
2021 2 1017406.0
2021 3 1134796.0
2021 4 928704.0
2021 5 915525.0
2021 6 895030.0
2021 7 945608.0
2021 8 1413441.0
2021 9 802256.0
2021 10 977843.0
2021 11 1142765.0
2021 12 1023661.0
2022 1 858516.0
2022 2 870903.0
2022 3 1250499.0
2022 4 916154.0
2022 5 1033471.0
2022 6 1135780.0
2022 7 862702.0
2022 8 910295.0
2022 9 724586.0
2022 10 715466.0
2022 11 692835.0
2022 12 697703.0
2023 1 535133.0
2023 2 792477.0
2023 3 792839.0
2023 4 720320.0
2023 5 990237.0
2023 6 888120.0
2023 7 715408.0
2023 8 948339.0
2023 9 767449.0
2023 10 782338.0
2023 11 648003.0
2023 12 722211.0
2024 1 746640.0
2024 2 768702.0
2024 3 1065007.0
2024 4 864866.0
2024 5 925585.0
2024 6 685543.0
2024 7 804231.0
2024 8 943752.0
