1960 6 56.0
1960 7 38.0
1960 8 64.5
1960 9 91.0
1960 10 76.8
1960 11 62.6
1960 12 48.400000000000006
1961 1 34.2
1961 2 20.0
1961 3 110.0
1961 4 29.0
1961 5 31.0
1961 6 34.0
1961 7 84.0
1961 8 32.0
1961 9 41.0
1961 10 50.0
1961 11 27.0
1961 12 55.75
1962 1 84.5
1962 2 113.25
1962 3 142.0
1962 4 5.0
1962 5 54.0
1962 6 14.0
1962 7 17.0
1962 8 20.0
1962 9 72.0
1962 10 16.0
1962 11 17.0
1962 12 18.0
1963 1 19.0
1963 2 20.0
1963 3 21.0
1963 4 22.0
1963 5 30.0
1963 6 36.25
1963 7 42.5
1963 8 48.75
1963 9 55.0
1963 10 20.0
1963 11 80.0
1963 12 56.66666666666667
1964 1 33.333333333333336
1964 2 10.0
1964 3 57.0
1964 4 82.0
1964 5 930.0
1964 6 41.0
1964 7 27.0
1964 8 125.0
1964 9 37.0
1964 10 170.0
1964 11 50.0
1964 12 8.0
1965 1 9.461538461538462
1965 2 10.923076923076923
1965 3 12.384615384615383
1965 4 13.846153846153847
1965 5 15.307692307692307
1965 6 16.769230769230766
1965 7 18.23076923076923
1965 8 19.692307692307693
1965 9 21.153846153846153
1965 10 22.615384615384613
1965 11 24.076923076923077
1965 12 25.538461538461537
1966 1 27.0
1966 2 32.5
1966 3 38.0
1966 4 30.0
1966 5 108.0
1966 6 130.0
1966 7 74.0
1966 8 27.0
1966 9 33.0
1966 10 30.333333333333332
1966 11 27.666666666666668
1966 12 25.0
1967 1 37.0
1967 2 177.0
1967 3 118.0
1967 4 101.0
1967 5 84.0
1967 6 67.0
1967 7 50.0
1967 8 95.0
1967 9 93.0
1967 10 69.0
1967 11 30.0
1967 12 162.0
1968 1 144.66666666666666
1968 2 127.33333333333334
1968 3 110.0
1968 4 20.0
1968 5 133.0
1968 6 23.0
1968 7 91.0
1968 8 45.0
1968 9 64.0
1968 10 127.0
1968 11 73.0
1968 12 132.5
1969 1 192.0
1969 2 198.0
1969 3 89.0
1969 4 238.0
1969 5 120.0
1969 6 192.0
1969 7 27.0
1969 8 260.0
1969 9 14.0
1969 10 24.0
1969 11 26.0
1969 12 25.0
1970 1 30.0
1970 2 84.0
1970 3 40.0
1970 4 43.0
1970 5 99.0
1970 6 267.0
1970 7 140.0
1970 8 13.0
1970 9 48.0
1970 10 218.0
1970 11 25.0
1970 12 54.0
1971 1 547.0
1971 2 324.5
1971 3 102.0
1971 4 138.0
1971 5 43.0
1971 6 254.0
1971 7 130.0
1971 8 270.0
1971 9 40.0
1971 10 258.0
1971 11 17.0
1971 12 60.0
1972 1 90.0
1972 2 190.0
1972 3 77.0
1972 4 47.0
1972 5 326.0
1972 6 3075.0
1972 7 65.0
1972 8 290.0
1972 9 2002.0
1972 10 230.0
1972 11 120.0
1972 12 408.0
1973 1 696.0
1973 2 15.0
1973 3 195.0
1973 4 60.0
1973 5 72.0
1973 6 91.0
1973 7 88.0
1973 8 85.0
1973 9 80.0
1973 10 75.0
1973 11 70.0
1973 12 53.0
1974 1 56.5
1974 2 60.0
1974 3 45.0
1974 4 158.0
1974 5 35.0
1974 6 35.0
1974 7 37.5
1974 8 40.0
1974 9 80.0
1974 10 65.0
1974 11 70.0
1974 12 65.0
1975 1 225.0
1975 2 79.0
1975 3 417.0
1975 4 202.0
1975 5 80.0
1975 6 335.0
1975 7 590.0
1975 8 296.0
1975 9 254.5
1975 10 213.0
1975 11 171.5
1975 12 130.0
1976 1 140.0
1976 2 90.0
1976 3 299.0
1976 4 42.0
1976 5 127.0
1976 6 10.0
1976 7 133.0
1976 8 18.0
1976 9 28.0
1976 10 166.0
1976 11 83.0
1976 12 322.0
1977 1 173.5
1977 2 25.0
1977 3 52.0
1977 4 301.0
1977 5 144.0
1977 6 88.0
1977 7 95.0
1977 8 62.0
1977 9 613.0
1977 10 135.0
1977 11 155.0
1977 12 235.0
1978 1 133.5
1978 2 32.0
1978 3 197.0
1978 4 276.0
1978 5 1398.0
1978 6 1060.0
1978 7 401.0
1978 8 503.0
1978 9 405.0
1978 10 130.0
1978 11 627.0
1978 12 456.33333333333337
1979 1 285.6666666666667
1979 2 115.0
1979 3 210.0
1979 4 207.0
1979 5 35.0
1979 6 230.0
1979 7 300.0
1979 8 40.0
1979 9 300.0
1979 10 639.0
1979 11 80.0
1979 12 121.0
1980 1 175.0
1980 2 229.0
1980 3 135.0
1980 4 106.0
1980 5 335.0
1980 6 210.0
1980 7 1517.0
1980 8 174.0
1980 9 424.0
1980 10 397.0
1980 11 1396.0
1980 12 345.0
1981 1 903.0
1981 2 50.0
1981 3 252.0
1981 4 222.0
1981 5 156.0
1981 6 136.0
1981 7 85.0
1981 8 900.0
1981 9 913.3333333333334
1981 10 926.6666666666666
1981 11 940.0
1981 12 60.0
1982 1 40.0
1982 2 58.33333333333333
1982 3 76.66666666666666
1982 4 95.0
1982 5 468.0
1982 6 115.0
1982 7 50.0
1982 8 89.0
1982 9 128.0
1982 10 167.0
1982 11 149.5
1982 12 132.0
1983 1 120.0
1983 2 108.0
1983 3 42.0
1983 4 90.0
1983 5 218.0
1983 6 193.0
1983 7 138.66666666666666
1983 8 84.33333333333333
1983 9 30.0
1983 10 292.0
1983 11 162.0
1983 12 32.0
1984 1 139.0
1984 2 23.0
1984 3 40.0
1984 4 154.0
1984 5 65.0
1984 6 312.0
1984 7 13.0
1984 8 130.0
1984 9 88.0
1984 10 46.0
1984 11 57.333333333333336
1984 12 68.66666666666667
1985 1 80.0
1985 2 80.0
1985 3 280.0
1985 4 80.0
1985 5 71.0
1985 6 100.0
1985 7 108.0
1985 8 74.0
1985 9 40.0
1985 10 85.0
1985 11 40.0
1985 12 106.0
1986 1 218.66666666666669
1986 2 331.33333333333337
1986 3 444.0
1986 4 50.0
1986 5 118.0
1986 6 453.0
1986 7 120.0
1986 8 525.0
1986 9 40.0
1986 10 500.0
1986 11 45.0
1986 12 66.66666666666667
1987 1 88.33333333333334
1987 2 110.0
1987 3 273.0
1987 4 335.0
1987 5 117.0
1987 6 148.0
1987 7 282.0
1987 8 407.0
1987 9 312.0
1987 10 757.0
1987 11 135.0
1987 12 170.0
1988 1 205.0
1988 2 247.5
1988 3 290.0
1988 4 480.0
1988 5 40.0
1988 6 464.0
1988 7 376.0
1988 8 95.0
1988 9 269.0
1988 10 118.0
1988 11 10.0
1988 12 324.0
1989 1 120.0
1989 2 53.0
1989 3 287.0
1989 4 391.0
1989 5 232.0
1989 6 318.0
1989 7 62.0
1989 8 60.0
1989 9 77.5
1989 10 95.0
1989 11 78.0
1989 12 124.0
1990 1 484.5
1990 2 845.0
1990 3 47.0
1990 4 274.0
1990 5 124.0
1990 6 244.0
1990 7 385.0
1990 8 305.0
1990 9 166.0
1990 10 120.0
1990 11 120.0
1990 12 124.0
1991 1 151.0
1991 2 103.0
1991 3 423.0
1991 4 64.0
1991 5 64.0
1991 6 490.0
1991 7 35.0
1991 8 34.0
1991 9 30.0
1991 10 22.0
1991 11 89.0
1991 12 304.0
1992 1 148.0
1992 2 100.0
1992 3 210.0
1992 4 283.0
1992 5 272.0
1992 6 390.0
1992 7 290.5
1992 8 191.0
1992 9 40.0
1992 10 129.0
1992 11 218.0
1992 12 609.0
1993 1 1000.0
1993 2 1391.0
1993 3 214.0
1993 4 179.0
1993 5 168.0
1993 6 225.0
1993 7 227.0
1993 8 1750.0
1993 9 1186.6666666666665
1993 10 623.3333333333333
1993 11 60.0
1993 12 125.0
1994 1 65.0
1994 2 265.0
1994 3 200.0
1994 4 201.0
1994 5 90.0
1994 6 152.0
1994 7 469.0
1994 8 274.0
1994 9 503.0
1994 10 178.0
1994 11 282.5
1994 12 387.0
1995 1 321.0
1995 2 116.0
1995 3 344.0
1995 4 183.0
1995 5 166.5
1995 6 150.0
1995 7 663.0
1995 8 311.0
1995 9 1215.0
1995 10 637.0
1995 11 184.0
1995 12 65.0
1996 1 673.0
1996 2 107.0
1996 3 215.0
1996 4 586.0
1996 5 310.0
1996 6 980.0
1996 7 180.0
1996 8 994.0
1996 9 446.0
1996 10 1645.0
1996 11 189.0
1996 12 729.0
1997 1 694.0
1997 2 209.0
1997 3 383.0
1997 4 1087.0
1997 5 743.0
1997 6 1018.0
1997 7 531.0
1997 8 2452.0
1997 9 317.0
1997 10 219.5
1997 11 122.0
1997 12 431.0
1998 1 414.3333333333333
1998 2 397.6666666666667
1998 3 381.0
1998 4 528.0
1998 5 132.0
1998 6 654.0
1998 7 355.0
1998 8 153.0
1998 9 229.5
1998 10 306.0
1998 11 382.0
1998 12 338.0
1999 1 218.0
1999 2 340.0
1999 3 600.0
1999 4 446.0
1999 5 33.0
1999 6 893.0
1999 7 7712.0
1999 8 14531.0
1999 9 75.0
1999 10 615.0
1999 11 15087.0
1999 12 884.0
2000 1 150.0
2000 2 120.0
2000 3 880.0
2000 4 720.0
2000 5 447.0
2000 6 130.0
2000 7 199.0
2000 8 268.0
2000 9 200.0
2000 10 130.0
2000 11 217.66666666666669
2000 12 305.33333333333337
2001 1 393.0
2001 2 313.0
2001 3 1686.0
2001 4 331.0
2001 5 3726.0
2001 6 531.0
2001 7 185.0
2001 8 2682.0
2001 9 60.0
2001 10 2301.0
2001 11 459.0
2001 12 162.0
2002 1 163.0
2002 2 502.0
2002 3 290.0
2002 4 766.0
2002 5 358.0
2002 6 2288.0
2002 7 293.0
2002 8 3217.0
2002 9 944.0
2002 10 997.0
2002 11 265.0
2002 12 2245.0
2003 1 1086.0
2003 2 28.0
2003 3 561.0
2003 4 693.0
2003 5 1176.0
2003 6 3860.0
2003 7 419.0
2003 8 498.0
2003 9 709.0
2003 10 1539.0
2003 11 1451.0
2003 12 129.0
2004 1 258.33333333333337
2004 2 387.6666666666667
2004 3 517.0
2004 4 2384.0
2004 5 548.0
2004 6 3148.0
2004 7 1915.0
2004 8 290.0
2004 9 1311.0
2004 10 858.0
2004 11 443.0
2004 12 689.0
2005 1 194.0
2005 2 644.0
2005 3 239.0
2005 4 100.0
2005 5 120.0
2005 6 250.0
2005 7 175.0
2005 8 756.5
2005 9 1338.0
2005 10 2489.0
2005 11 3640.0
2005 12 1388.0
2006 1 1609.0
2006 2 849.0
2006 3 89.0
2006 4 1715.0
2006 5 200.0
2006 6 166.0
2006 7 801.0
2006 8 1459.0
2006 9 744.0
2006 10 769.0
2006 11 1046.0
2006 12 1323.0
2007 1 1600.0
2007 2 1877.0
2007 3 2154.0
2007 4 2703.0
2007 5 150.0
2007 6 85.0
2007 7 298.0
2007 8 161.5
2007 9 25.0
2007 10 303.0
2007 11 228.0
2007 12 153.0
2008 1 517.0
2008 2 800.0
2008 3 636.0
2008 4 390.0
2008 5 144.0
2008 6 200.0
2008 7 507.0
2008 8 979.3333333333333
2008 9 1451.6666666666665
2008 10 1924.0
2008 11 783.0
2008 12 926.0
2009 1 1069.0
2009 2 873.5
2009 3 678.0
2009 4 482.5
2009 5 287.0
2009 6 291.0
2009 7 289.6666666666667
2009 8 288.3333333333333
2009 9 287.0
2009 10 926.0
2009 11 765.8
2009 12 605.6
2010 1 445.40000000000003
2010 2 285.20000000000005
2010 3 125.0
2010 4 629.0
2010 5 399.5
2010 6 170.0
2010 7 215.0
2010 8 170.0
2010 9 170.0
2010 10 170.0
2010 11 170.0
2010 12 264.0
2011 1 276.0
2011 2 288.0
2011 3 300.0
2011 4 733.3333333333333
2011 5 1166.6666666666665
2011 6 1600.0
2011 7 198.0
2011 8 714.0
2011 9 277.0
2011 10 2265.333333333333
2011 11 4253.666666666666
2011 12 6242.0
2012 1 3261.5
2012 2 281.0
2012 3 156.0
2012 4 800.0
2012 5 475.0
2012 6 150.0
2012 7 742.0
2012 8 1062.3333333333333
2012 9 1382.6666666666665
2012 10 1703.0
2012 11 1071.5
2012 12 440.0
2013 1 343.3333333333333
2013 2 246.66666666666666
2013 3 150.0
2013 4 353.33333333333337
2013 5 556.6666666666667
2013 6 760.0
2013 7 487.5
2013 8 215.0
2013 9 199.33333333333334
2013 10 183.66666666666666
2013 11 168.0
2013 12 400.0
2014 1 685.0
2014 2 492.5
2014 3 300.0
2014 4 383.3333333333333
2014 5 466.66666666666663
2014 6 550.0
2014 7 870.0
2014 8 594.0
2014 9 318.0
2014 10 594.0
2014 11 870.0
2014 12 4605.0
2015 1 271.0
2015 2 1549.0
2015 3 1409.0
2015 4 1318.0
2015 5 141.0
2015 6 509.0
2015 7 3332.0
2015 8 1440.0
2015 9 1393.0
2015 10 448.0
2015 11 190.0
2015 12 660.0
2016 1 182.0
2016 2 970.0
2016 3 749.0
2016 4 670.0
2016 5 300.0
2016 6 1403.0
2016 7 146.0
2016 8 985.0
2016 9 904.0
2016 10 624.0
2016 11 532.0
2016 12 565.0
2017 1 539.0
2017 2 83.0
2017 3 2039.0
2017 4 401.0
2017 5 120.0
2017 6 646.0
2017 7 484.0
2017 8 216.0
2017 9 417.0
2017 10 265.0
2017 11 884.0
2017 12 375.0
2018 1 417.0
2018 2 382.0
2018 3 347.0
2018 4 3245.0
2018 5 236.0
2018 6 598.0
2018 7 485.0
2018 8 594.0
2018 9 543.0
2018 10 534.6666666666666
2018 11 526.3333333333334
2018 12 518.0
2019 1 439.0
2019 2 3200.0
2019 3 3076.0
2019 4 1848.0
2019 5 1221.0
2019 6 3798.0
2019 7 5820.0
2019 8 1920.0
2019 9 1117.0
2019 10 710.0
2019 11 4324.0
2019 12 199.0
2020 1 278.0
2020 2 411.0
2020 3 313.0
2020 4 473.0
2020 5 159.0
2020 6 2400.0
2020 7 3259.0
2020 8 1064.0
2020 9 648.5
2020 10 233.0
2020 11 240.0
2020 12 215.0
2021 1 1233.0
2021 2 390.0
2021 3 1748.0
2021 4 1620.0
2021 5 509.0
2021 6 1633.0
2021 7 350.0
2021 8 757.0
2021 9 468.5
2021 10 180.0
2021 11 522.0
2021 12 2000.0
2022 1 2970.0
2022 2 917.0
2022 3 1227.0
2022 4 300.0
2022 5 1110.0
2022 6 977.0
2022 7 844.0
2022 8 450.0
2022 9 2335.0
2022 10 20.0
2022 11 575.0
2022 12 400.0
2023 1 225.0
2023 2 200.0
2023 3 1315.0
2023 4 2211.0
2023 5 1280.5
2023 6 350.0
2023 7 75.0
2023 8 600.0
2023 9 360.0
2023 10 1495.0
2023 11 935.0
2023 12 375.0
2024 1 840.0
2024 2 620.0
2024 3 400.0
2024 4 455.0
2024 5 1364.0
2024 6 1395.0
2024 7 2286.0
2024 8 1249.0
