1960 6 56.0
1960 7 38.0
1960 8 64.5
1960 9 91.0
1960 10 102.4
1960 11 113.8
1960 12 125.2
1961 1 136.6
1961 2 148.0
1961 3 110.0
1961 4 29.0
1961 5 31.0
1961 6 34.0
1961 7 84.0
1961 8 32.0
1961 9 98.0
1961 10 50.0
1961 11 27.0
1961 12 60.0
1962 1 97.5
1962 2 135.0
1962 3 199.0
1962 4 111.0
1962 5 54.0
1962 6 14.0
1962 7 17.0
1962 8 20.0
1962 9 72.0
1962 10 99.0
1962 11 86.16666666666667
1962 12 73.33333333333333
1963 1 60.5
1963 2 47.666666666666664
1963 3 34.83333333333333
1963 4 22.0
1963 5 60.0
1963 6 58.75
1963 7 57.5
1963 8 56.25
1963 9 55.0
1963 10 2549.0
1963 11 80.0
1963 12 56.66666666666667
1964 1 33.333333333333336
1964 2 10.0
1964 3 57.0
1964 4 82.0
1964 5 1325.0
1964 6 41.0
1964 7 427.0
1964 8 125.0
1964 9 102.0
1964 10 170.0
1964 11 50.0
1964 12 8.0
1965 1 9.461538461538462
1965 2 10.923076923076923
1965 3 12.384615384615383
1965 4 13.846153846153847
1965 5 15.307692307692307
1965 6 16.769230769230766
1965 7 18.23076923076923
1965 8 19.692307692307693
1965 9 21.153846153846153
1965 10 22.615384615384613
1965 11 24.076923076923077
1965 12 25.538461538461537
1966 1 27.0
1966 2 248.5
1966 3 470.0
1966 4 497.0
1966 5 734.0
1966 6 130.0
1966 7 856.0
1966 8 75.0
1966 9 33.0
1966 10 30.333333333333332
1966 11 27.666666666666668
1966 12 25.0
1967 1 167.0
1967 2 177.0
1967 3 118.0
1967 4 179.0
1967 5 240.0
1967 6 145.0
1967 7 50.0
1967 8 165.0
1967 9 396.0
1967 10 266.0
1967 11 316.0
1967 12 302.0
1968 1 425.5
1968 2 549.0
1968 3 195.0
1968 4 920.0
1968 5 133.0
1968 6 23.0
1968 7 91.0
1968 8 325.0
1968 9 1139.0
1968 10 187.0
1968 11 193.0
1968 12 90.0
1969 1 192.0
1969 2 223.0
1969 3 319.0
1969 4 578.0
1969 5 484.0
1969 6 262.0
1969 7 27.0
1969 8 545.0
1969 9 15412.0
1969 10 74.0
1969 11 76.0
1969 12 25.0
1970 1 30.0
1970 2 1578.0
1970 3 90.0
1970 4 143.0
1970 5 136.0
1970 6 1617.0
1970 7 815.0
1970 8 13.0
1970 9 4158.0
1970 10 9898.0
1970 11 70.0
1970 12 1456.0
1971 1 547.0
1971 2 70.0
1971 3 453.0
1971 4 285.0
1971 5 7385.0
1971 6 347.0
1971 7 280.0
1971 8 1581.0
1971 9 190.0
1971 10 566.0
1971 11 245.0
1971 12 130.0
1972 1 378.0
1972 2 550.0
1972 3 1007.0
1972 4 584.0
1972 5 326.0
1972 6 3353.0
1972 7 215.0
1972 8 627.0
1972 9 2002.0
1972 10 797.0
1972 11 120.0
1972 12 94.0
1973 1 3281.0
1973 2 3578.0
1973 3 2546.0
1973 4 252.0
1973 5 1286.0
1973 6 291.0
1973 7 2060.0
1973 8 233.0
1973 9 328.0
1973 10 423.0
1973 11 70.0
1973 12 53.0
1974 1 1328.0
1974 2 1952.0
1974 3 117.0
1974 4 268.0
1974 5 35.0
1974 6 35.0
1974 7 37.5
1974 8 40.0
1974 9 278.0
1974 10 65.0
1974 11 180.0
1974 12 65.0
1975 1 455.0
1975 2 2553.0
1975 3 597.0
1975 4 202.0
1975 5 163.0
1975 6 220.0
1975 7 3274.0
1975 8 424.0
1975 9 60.0
1975 10 256.0
1975 11 81.0
1975 12 4925.0
1976 1 320.0
1976 2 1040.0
1976 3 785.0
1976 4 544.0
1976 5 838.0
1976 6 340.0
1976 7 1392.0
1976 8 662.0
1976 9 1524.0
1976 10 166.0
1976 11 651.0
1976 12 322.0
1977 1 2400.0
1977 2 651.0
1977 3 758.0
1977 4 301.0
1977 5 5151.0
1977 6 153.0
1977 7 735.0
1977 8 461.0
1977 9 788.0
1977 10 1100.0
1977 11 335.0
1977 12 1335.0
1978 1 600.0
1978 2 2509.0
1978 3 777.0
1978 4 2525.0
1978 5 2302.0
1978 6 4225.0
1978 7 798.0
1978 8 5808.0
1978 9 3210.0
1978 10 2497.0
1978 11 1397.0
1978 12 969.6666666666667
1979 1 542.3333333333334
1979 2 115.0
1979 3 5804.0
1979 4 1389.0
1979 5 1993.0
1979 6 310.0
1979 7 602.0
1979 8 1423.0
1979 9 27869.0
1979 10 4699.0
1979 11 2555.0
1979 12 516.0
1980 1 5921.0
1980 2 331.0
1980 3 468.0
1980 4 1479.0
1980 5 737.0
1980 6 9183.0
1980 7 1597.0
1980 8 1065.0
1980 9 12230.0
1980 10 2921.0
1980 11 4236.0
1980 12 2778.0
1981 1 1134.0
1981 2 2712.0
1981 3 2695.0
1981 4 6507.0
1981 5 623.0
1981 6 12562.0
1981 7 594.0
1981 8 2323.0
1981 9 1778.0
1981 10 3117.0
1981 11 2554.0
1981 12 220.0
1982 1 230.0
1982 2 165.0
1982 3 1366.0
1982 4 3649.0
1982 5 6358.0
1982 6 1201.0
1982 7 1366.0
1982 8 2772.5
1982 9 4179.0
1982 10 3208.0
1982 11 2091.0
1982 12 974.0
1983 1 516.0
1983 2 2260.0
1983 3 2958.0
1983 4 1003.0
1983 5 1084.0
1983 6 929.0
1983 7 469.0
1983 8 2058.0
1983 9 457.0
1983 10 1512.0
1983 11 1803.0
1983 12 780.0
1984 1 731.0
1984 2 23.0
1984 3 1588.0
1984 4 1159.0
1984 5 2541.0
1984 6 6551.0
1984 7 991.0
1984 8 1350.0
1984 9 15.0
1984 10 46.0
1984 11 352.0
1984 12 287.5
1985 1 223.0
1985 2 85.0
1985 3 399.0
1985 4 225.0
1985 5 535.0
1985 6 1286.0
1985 7 108.0
1985 8 401.5
1985 9 695.0
1985 10 821.0
1985 11 420.0
1985 12 310.0
1986 1 1170.0
1986 2 51.0
1986 3 495.0
1986 4 253.0
1986 5 118.0
1986 6 1416.0
1986 7 203.0
1986 8 1652.0
1986 9 185.0
1986 10 900.0
1986 11 2210.0
1986 12 1857.0
1987 1 2026.0
1987 2 325.0
1987 3 2290.0
1987 4 626.0
1987 5 117.0
1987 6 148.0
1987 7 667.0
1987 8 1421.0
1987 9 363.0
1987 10 1082.0
1987 11 2267.0
1987 12 300.0
1988 1 288.0
1988 2 99.0
1988 3 628.0
1988 4 2635.0
1988 5 40.0
1988 6 1701.0
1988 7 554.0
1988 8 847.0
1988 9 455.0
1988 10 854.0
1988 11 337.0
1988 12 1362.0
1989 1 247.0
1989 2 454.0
1989 3 287.0
1989 4 481.0
1989 5 421.0
1989 6 369.0
1989 7 1132.0
1989 8 111.0
1989 9 389.0
1989 10 757.0
1989 11 126.0
1989 12 814.0
1990 1 126.0
1990 2 1593.0
1990 3 122.0
1990 4 322.0
1990 5 403.0
1990 6 1193.0
1990 7 541.0
1990 8 1705.0
1990 9 166.0
1990 10 120.0
1990 11 120.0
1990 12 289.0
1991 1 291.0
1991 2 1073.0
1991 3 1724.0
1991 4 115.0
1991 5 64.0
1991 6 553.0
1991 7 156.0
1991 8 34.0
1991 9 2457.0
1991 10 22.0
1991 11 314.0
1991 12 1428.0
1992 1 201.0
1992 2 400.0
1992 3 2408.0
1992 4 1093.0
1992 5 1785.0
1992 6 390.0
1992 7 247.0
1992 8 2146.0
1992 9 90.0
1992 10 900.0
1992 11 1698.0
1992 12 1175.0
1993 1 1311.0
1993 2 1447.0
1993 3 1618.0
1993 4 1036.0
1993 5 918.0
1993 6 683.0
1993 7 699.0
1993 8 2750.0
1993 9 225.0
1993 10 5059.0
1993 11 948.0
1993 12 275.0
1994 1 302.0
1994 2 385.0
1994 3 959.0
1994 4 3042.0
1994 5 690.0
1994 6 863.0
1994 7 966.0
1994 8 1136.0
1994 9 2658.0
1994 10 838.0
1994 11 1613.0
1994 12 1076.0
1995 1 1110.0
1995 2 738.0
1995 3 1220.0
1995 4 1377.0
1995 5 1478.0
1995 6 991.0
1995 7 1666.0
1995 8 1108.0
1995 9 2498.0
1995 10 1860.0
1995 11 1188.0
1995 12 1130.0
1996 1 1379.0
1996 2 527.0
1996 3 2091.0
1996 4 4407.0
1996 5 962.0
1996 6 2571.0
1996 7 1460.0
1996 8 3350.0
1996 9 2545.0
1996 10 3501.0
1996 11 577.0
1996 12 894.0
1997 1 1115.0
1997 2 513.0
1997 3 2656.0
1997 4 13865.0
1997 5 8259.0
1997 6 4951.0
1997 7 1486.0
1997 8 3625.0
1997 9 948.0
1997 10 3160.0
1997 11 636.0
1997 12 596.0
1998 1 481.0
1998 2 2222.0
1998 3 2321.0
1998 4 3476.0
1998 5 1805.0
1998 6 2375.0
1998 7 1924.0
1998 8 8126.0
1998 9 1995.0
1998 10 4588.0
1998 11 9121.0
1998 12 1863.0
1999 1 2452.0
1999 2 830.0
1999 3 2492.0
1999 4 2653.0
1999 5 5131.0
1999 6 2556.0
1999 7 703.0
1999 8 17063.0
1999 9 2051.0
1999 10 966.0
1999 11 16214.0
1999 12 3357.0
2000 1 680.0
2000 2 793.0
2000 3 1383.0
2000 4 1072.0
2000 5 1724.0
2000 6 3031.0
2000 7 401.0
2000 8 1720.0
2000 9 543.0
2000 10 645.0
2000 11 245.0
2000 12 745.0
2001 1 1461.0
2001 2 558.0
2001 3 4219.0
2001 4 1032.0
2001 5 4227.0
2001 6 776.0
2001 7 537.0
2001 8 7619.0
2001 9 605.0
2001 10 2653.0
2001 11 960.0
2001 12 548.0
2002 1 1064.0
2002 2 1604.0
2002 3 642.0
2002 4 873.0
2002 5 358.0
2002 6 2946.0
2002 7 619.0
2002 8 5188.0
2002 9 1238.0
2002 10 2893.0
2002 11 736.0
2002 12 2539.0
2003 1 1438.0
2003 2 380.0
2003 3 806.0
2003 4 897.0
2003 5 3521.0
2003 6 4086.0
2003 7 1112.0
2003 8 978.0
2003 9 1243.0
2003 10 2394.0
2003 11 5086.0
2003 12 355.0
2004 1 204.0
2004 2 526.0
2004 3 5713.0
2004 4 2588.0
2004 5 752.0
2004 6 3374.0
2004 7 2119.0
2004 8 953.0
2004 9 3937.0
2004 10 1990.0
2004 11 443.0
2004 12 915.0
2005 1 6324.0
2005 2 1073.0
2005 3 789.0
2005 4 100.0
2005 5 784.0
2005 6 2096.0
2005 7 786.0
2005 8 1164.0
2005 9 1542.0
2005 10 2591.0
2005 11 3640.0
2005 12 3515.0
2006 1 5529.0
2006 2 204.0
2006 3 293.0
2006 4 1715.0
2006 5 1222.0
2006 6 370.0
2006 7 1331.0
2006 8 2404.0
2006 9 1629.0
2006 10 1364.0
2006 11 326.0
2006 12 652.0
2007 1 522.0
2007 2 391.0
2007 3 3518.0
2007 4 3678.0
2007 5 846.0
2007 6 360.0
2007 7 1103.0
2007 8 275.0
2007 9 1843.0
2007 10 507.0
2007 11 13898.0
2007 12 4842.0
2008 1 6676.0
2008 2 3610.0
2008 3 1332.0
2008 4 1673.0
2008 5 1285.0
2008 6 4020.0
2008 7 2797.0
2008 8 7283.0
2008 9 1557.0
2008 10 2332.0
2008 11 1079.0
2008 12 1974.0
2009 1 2869.0
2009 2 204.0
2009 3 330.5
2009 4 457.0
2009 5 855.0
2009 6 291.0
2009 7 8375.0
2009 8 4433.0
2009 9 491.0
2009 10 926.0
2009 11 1648.3333333333335
2009 12 2370.666666666667
2010 1 3093.0
2010 2 1878.0
2010 3 1204.0
2010 4 833.0
2010 5 204.0
2010 6 3170.0
2010 7 215.0
2010 8 170.0
2010 9 2964.0
2010 10 1692.0
2010 11 420.0
2010 12 514.0
2011 1 250.0
2011 2 2714.0
2011 3 300.0
2011 4 1316.5
2011 5 2333.0
2011 6 5161.0
2011 7 3958.0
2011 8 964.0
2011 9 1251.0
2011 10 1284.0
2011 11 454.0
2011 12 13814.0
2012 1 250.0
2012 2 531.0
2012 3 4006.0
2012 4 1004.0
2012 5 1033.0
2012 6 450.0
2012 7 2546.0
2012 8 1375.0
2012 9 204.0
2012 10 5947.0
2012 11 204.0
2012 12 440.0
2013 1 1972.0
2013 2 1585.5
2013 3 1199.0
2013 4 1879.0
2013 5 3716.0
2013 6 964.0
2013 7 250.0
2013 8 669.0
2013 9 204.0
2013 10 454.0
2013 11 1668.0
2013 12 650.0
2014 1 1139.0
2014 2 1481.5
2014 3 1824.0
2014 4 204.0
2014 5 604.0
2014 6 754.0
2014 7 1074.0
2014 8 6347.0
2014 9 522.0
2014 10 505.0
2014 11 5025.0
2014 12 4809.0
2015 1 1525.0
2015 2 8187.0
2015 3 7802.0
2015 4 8715.0
2015 5 834.0
2015 6 7351.0
2015 7 7960.0
2015 8 2608.0
2015 9 1797.0
2015 10 2565.0
2015 11 1086.0
2015 12 6525.0
2016 1 985.0
2016 2 1383.0
2016 3 5835.0
2016 4 1545.0
2016 5 2532.0
2016 6 7718.0
2016 7 3681.0
2016 8 1817.0
2016 9 2171.0
2016 10 6814.0
2016 11 5136.0
2016 12 1335.0
2017 1 6650.0
2017 2 618.0
2017 3 9662.0
2017 4 5641.0
2017 5 5477.0
2017 6 1407.0
2017 7 1134.0
2017 8 906.0
2017 9 1390.0
2017 10 7197.0
2017 11 1470.0
2017 12 6050.0
2018 1 1420.0
2018 2 2251.0
2018 3 7343.0
2018 4 5506.0
2018 5 5593.0
2018 6 8490.0
2018 7 689.0
2018 8 28155.0
2018 9 6871.0
2018 10 5808.0
2018 11 5940.0
2018 12 5875.0
2019 1 7812.0
2019 2 9042.0
2019 3 8749.0
2019 4 2447.0
2019 5 47494.0
2019 6 5765.0
2019 7 11381.0
2019 8 7481.0
2019 9 6678.0
2019 10 6271.0
2019 11 9885.0
2019 12 6206.0
2020 1 5839.0
2020 2 2402.0
2020 3 2973.0
2020 4 9419.0
2020 5 10988.0
2020 6 12321.0
2020 7 14510.0
2020 8 23625.0
2020 9 6429.0
2020 10 5590.0
2020 11 5801.0
2020 12 10840.0
2021 1 1437.0
2021 2 46932.0
2021 3 7309.0
2021 4 2226.0
2021 5 1670.0
2021 6 17499.0
2021 7 350.0
2021 8 757.0
2021 9 648.0
2021 10 180.0
2021 11 7812.0
2021 12 2000.0
2022 1 4666.0
2022 2 5343.0
2022 3 3102.0
2022 4 7914.0
2022 5 5734.0
2022 6 4444.0
2022 7 5423.0
2022 8 4760.0
2022 9 6510.0
2022 10 4835.0
2022 11 4178.0
2022 12 3906.0
2023 1 4535.0
2023 2 4510.0
2023 3 5821.0
2023 4 5031.0
2023 5 2424.0
2023 6 3570.0
2023 7 3695.0
2023 8 2890.0
2023 9 2616.0
2023 10 3785.0
2023 11 1481.0
2023 12 2395.0
2024 1 4406.0
2024 2 1481.0
2024 3 2757.0
2024 4 7856.0
2024 5 4415.0
2024 6 3496.0
2024 7 7856.0
2024 8 4211.0
