1960 5 2272.0
1960 6 1871.0
1960 7 2395.0
1960 8 1697.0
1960 9 1545.0
1960 10 1666.0
1960 11 973.0
1960 12 583.0
1961 1 687.0
1961 2 605.0
1961 3 1672.0
1961 4 1376.0
1961 5 1731.0
1961 6 1473.0
1961 7 1433.0
1961 8 1383.0
1961 9 1421.0
1961 10 1312.0
1961 11 940.0
1961 12 612.0
1962 1 488.0
1962 2 1117.0
1962 3 974.0
1962 4 2849.0
1962 5 1595.0
1962 6 1443.0
1962 7 1343.0
1962 8 1456.0
1962 9 1178.0
1962 10 1361.0
1962 11 1470.0
1962 12 1579.0
1963 1 1688.0
1963 2 1797.0
1963 3 1906.0
1963 4 2015.0
1963 5 1409.0
1963 6 1425.25
1963 7 1441.5
1963 8 1457.75
1963 9 1474.0
1963 10 1463.0
1963 11 1043.0
1963 12 614.0
1964 1 585.0
1964 2 750.0
1964 3 1454.0
1964 4 1481.0
1964 5 1847.0
1964 6 1579.0
1964 7 1474.0
1964 8 1291.0
1964 9 1266.0
1964 10 1097.0
1964 11 964.0
1964 12 819.0
1965 1 801.3846153846154
1965 2 783.7692307692307
1965 3 766.1538461538462
1965 4 748.5384615384615
1965 5 730.9230769230769
1965 6 713.3076923076923
1965 7 695.6923076923076
1965 8 678.0769230769231
1965 9 660.4615384615385
1965 10 642.8461538461538
1965 11 625.2307692307693
1965 12 607.6153846153845
1966 1 590.0
1966 2 574.0
1966 3 1664.0
1966 4 1499.0
1966 5 1396.0
1966 6 1310.0
1966 7 1199.0
1966 8 1199.0
1966 9 976.0
1966 10 1246.0
1966 11 632.0
1966 12 421.0
1967 1 786.0
1967 2 497.0
1967 3 992.0
1967 4 1104.0
1967 5 1219.0
1967 6 1457.0
1967 7 1161.0
1967 8 1107.0
1967 9 1097.0
1967 10 1303.0
1967 11 935.0
1967 12 598.0
1968 1 362.0
1968 2 992.0
1968 3 1621.0
1968 4 1494.0
1968 5 1615.0
1968 6 2018.0
1968 7 4317.0
1968 8 1084.0
1968 9 1604.0
1968 10 1096.0
1968 11 2190.0
1968 12 1681.0
1969 1 1033.0
1969 2 831.0
1969 3 1698.0
1969 4 2305.0
1969 5 1744.0
1969 6 2016.0
1969 7 3006.0
1969 8 3721.0
1969 9 1611.0
1969 10 1463.0
1969 11 1420.0
1969 12 1129.0
1970 1 240.0
1970 2 1044.0
1970 3 2137.0
1970 4 1131.0
1970 5 1345.0
1970 6 1957.0
1970 7 1639.0
1970 8 1398.0
1970 9 1342.0
1970 10 2020.0
1970 11 926.0
1970 12 624.0
1971 1 972.0
1971 2 1017.0
1971 3 2425.0
1971 4 14456.0
1971 5 2446.0
1971 6 2707.0
1971 7 2183.0
1971 8 2547.0
1971 9 2070.0
1971 10 2732.0
1971 11 1312.0
1971 12 3688.0
1972 1 1316.0
1972 2 1340.0
1972 3 1657.0
1972 4 2455.0
1972 5 2421.0
1972 6 2247.0
1972 7 1908.0
1972 8 3175.0
1972 9 2601.0
1972 10 3236.0
1972 11 7342.0
1972 12 2180.0
1973 1 1463.0
1973 2 2139.0
1973 3 3112.0
1973 4 3472.0
1973 5 4001.0
1973 6 3459.0
1973 7 4935.0
1973 8 2590.0
1973 9 1961.0
1973 10 2366.0
1973 11 1423.0
1973 12 1174.0
1974 1 914.0
1974 2 1600.0
1974 3 2140.0
1974 4 2732.0
1974 5 2127.0
1974 6 2380.0
1974 7 1775.0
1974 8 1710.0
1974 9 1189.0
1974 10 1454.0
1974 11 1538.0
1974 12 822.0
1975 1 329.0
1975 2 1310.0
1975 3 1539.0
1975 4 2528.0
1975 5 2509.0
1975 6 2657.0
1975 7 2938.0
1975 8 2359.0
1975 9 2191.0
1975 10 2628.0
1975 11 2540.0
1975 12 1513.0
1976 1 1853.0
1976 2 1895.0
1976 3 3256.0
1976 4 3063.0
1976 5 3481.0
1976 6 2967.0
1976 7 4698.0
1976 8 3285.0
1976 9 3231.0
1976 10 4167.0
1976 11 1679.0
1976 12 2249.0
1977 1 1484.0
1977 2 2378.0
1977 3 4566.0
1977 4 3582.0
1977 5 5979.0
1977 6 5987.0
1977 7 5200.0
1977 8 3736.0
1977 9 5315.0
1977 10 5144.0
1977 11 4705.0
1977 12 2529.0
1978 1 1263.0
1978 2 1320.0
1978 3 5872.0
1978 4 7814.0
1978 5 6043.0
1978 6 8245.0
1978 7 6272.0
1978 8 7321.0
1978 9 7524.0
1978 10 6058.0
1978 11 5130.0
1978 12 2494.0
1979 1 4657.0
1979 2 1620.0
1979 3 6998.0
1979 4 7761.0
1979 5 10327.0
1979 6 7946.0
1979 7 8098.0
1979 8 7634.0
1979 9 5253.0
1979 10 6861.0
1979 11 4087.0
1979 12 2949.0
1980 1 2557.0
1980 2 3105.0
1980 3 4104.0
1980 4 5797.0
1980 5 5393.0
1980 6 6014.0
1980 7 5482.0
1980 8 6492.0
1980 9 6930.0
1980 10 6353.0
1980 11 5515.0
1980 12 2895.0
1981 1 1974.0
1981 2 3146.0
1981 3 4373.0
1981 4 5931.0
1981 5 4447.0
1981 6 6002.0
1981 7 5118.0
1981 8 4239.0
1981 9 4551.0
1981 10 4348.0
1981 11 3165.0
1981 12 1403.0
1982 1 1238.0
1982 2 899.0
1982 3 3766.0
1982 4 3709.0
1982 5 4677.0
1982 6 5795.0
1982 7 6219.0
1982 8 3418.0
1982 9 5296.0
1982 10 3092.0
1982 11 2367.0
1982 12 1642.0
1983 1 2047.0
1983 2 2086.0
1983 3 4891.0
1983 4 5116.0
1983 5 4904.0
1983 6 5253.0
1983 7 5314.0
1983 8 6572.0
1983 9 6633.0
1983 10 4549.0
1983 11 3316.0
1983 12 2368.0
1984 1 1264.0
1984 2 2682.0
1984 3 4432.0
1984 4 5643.0
1984 5 6745.0
1984 6 5992.0
1984 7 5190.0
1984 8 5971.0
1984 9 5378.0
1984 10 5066.0
1984 11 3137.0
1984 12 2609.0
1985 1 1054.0
1985 2 1254.0
1985 3 4492.0
1985 4 5523.0
1985 5 4801.0
1985 6 4426.0
1985 7 6336.0
1985 8 5327.0
1985 9 3232.0
1985 10 5228.0
1985 11 3294.0
1985 12 2916.0
1986 1 2867.0
1986 2 3477.0
1986 3 6000.0
1986 4 6354.0
1986 5 6391.0
1986 6 6644.0
1986 7 9264.0
1986 8 6607.0
1986 9 5891.0
1986 10 6684.0
1986 11 5352.0
1986 12 3525.0
1987 1 2088.0
1987 2 2861.0
1987 3 7427.0
1987 4 5652.0
1987 5 6512.0
1987 6 7199.0
1987 7 8882.0
1987 8 5721.0
1987 9 6044.0
1987 10 8284.0
1987 11 4098.0
1987 12 4957.0
1988 1 2818.0
1988 2 3886.0
1988 3 7847.0
1988 4 7879.0
1988 5 6797.0
1988 6 7233.0
1988 7 7119.0
1988 8 8995.0
1988 9 5203.0
1988 10 4705.0
1988 11 4226.0
1988 12 4958.0
1989 1 4451.0
1989 2 4079.0
1989 3 6864.0
1989 4 6809.0
1989 5 9873.0
1989 6 6718.0
1989 7 5632.0
1989 8 9194.0
1989 9 8950.0
1989 10 9702.0
1989 11 5008.0
1989 12 3619.0
1990 1 4999.0
1990 2 7309.0
1990 3 11088.0
1990 4 8743.0
1990 5 8625.0
1990 6 10342.0
1990 7 8783.0
1990 8 9076.0
1990 9 9812.0
1990 10 8034.0
1990 11 8868.0
1990 12 3413.0
1991 1 4540.0
1991 2 5030.0
1991 3 10462.0
1991 4 9954.0
1991 5 12442.0
1991 6 10946.0
1991 7 10710.0
1991 8 13318.0
1991 9 10456.0
1991 10 6427.0
1991 11 6029.0
1991 12 6934.0
1992 1 6372.0
1992 2 7875.0
1992 3 9290.0
1992 4 12939.0
1992 5 12873.0
1992 6 13325.0
1992 7 11936.0
1992 8 14797.0
1992 9 14813.0
1992 10 14131.0
1992 11 9317.0
1992 12 6879.0
1993 1 7586.0
1993 2 8622.0
1993 3 12418.0
1993 4 15086.0
1993 5 16846.0
1993 6 15893.0
1993 7 16181.0
1993 8 15942.0
1993 9 21887.0
1993 10 11243.0
1993 11 11407.0
1993 12 8329.0
1994 1 9145.0
1994 2 11579.0
1994 3 26203.0
1994 4 33809.0
1994 5 27380.0
1994 6 28778.0
1994 7 27160.0
1994 8 25777.0
1994 9 24880.0
1994 10 22593.0
1994 11 16268.0
1994 12 16298.0
1995 1 15657.0
1995 2 12843.0
1995 3 23575.0
1995 4 22787.0
1995 5 25214.0
1995 6 26729.0
1995 7 26183.0
1995 8 24030.0
1995 9 25571.0
1995 10 20286.0
1995 11 16939.0
1995 12 13261.0
1996 1 12455.0
1996 2 18112.0
1996 3 25266.0
1996 4 27421.0
1996 5 28029.0
1996 6 24443.0
1996 7 26526.0
1996 8 21999.0
1996 9 20530.0
1996 10 31574.0
1996 11 15615.0
1996 12 15472.0
1997 1 15154.0
1997 2 15890.0
1997 3 22818.0
1997 4 29265.0
1997 5 30314.0
1997 6 23456.0
1997 7 25557.0
1997 8 19481.0
1997 9 22000.0
1997 10 23358.0
1997 11 13035.0
1997 12 16344.0
1998 1 13736.0
1998 2 17145.0
1998 3 25816.0
1998 4 27937.0
1998 5 26922.0
1998 6 31682.0
1998 7 29217.0
1998 8 26499.0
1998 9 26157.0
1998 10 23876.0
1998 11 18436.0
1998 12 22615.0
1999 1 18197.0
1999 2 19922.0
1999 3 35277.0
1999 4 35083.0
1999 5 32032.0
1999 6 31488.0
1999 7 27226.0
1999 8 30548.0
1999 9 28624.0
1999 10 23424.0
1999 11 27370.0
1999 12 18524.0
2000 1 16348.0
2000 2 23021.0
2000 3 30914.0
2000 4 27148.0
2000 5 29175.0
2000 6 29509.0
2000 7 27668.0
2000 8 31383.0
2000 9 23644.0
2000 10 30244.0
2000 11 29216.0
2000 12 16925.0
2001 1 21805.0
2001 2 24753.0
2001 3 34162.0
2001 4 38727.0
2001 5 31497.0
2001 6 29580.0
2001 7 30973.0
2001 8 31992.0
2001 9 30714.0
2001 10 36969.0
2001 11 24268.0
2001 12 22689.0
2002 1 26092.0
2002 2 28028.0
2002 3 28889.0
2002 4 44919.0
2002 5 42824.0
2002 6 34150.0
2002 7 37954.0
2002 8 38456.0
2002 9 40201.0
2002 10 38886.0
2002 11 29836.0
2002 12 31128.0
2003 1 25866.0
2003 2 22795.0
2003 3 40013.0
2003 4 50450.0
2003 5 53514.0
2003 6 50235.0
2003 7 56993.0
2003 8 55063.0
2003 9 46035.0
2003 10 61571.0
2003 11 34891.0
2003 12 47560.0
2004 1 47060.0
2004 2 43289.0
2004 3 57909.0
2004 4 63647.0
2004 5 60292.0
2004 6 70912.0
2004 7 69585.0
2004 8 62059.0
2004 9 55180.0
2004 10 55791.0
2004 11 45760.0
2004 12 50809.0
2005 1 51071.0
2005 2 51264.0
2005 3 70501.0
2005 4 85623.0
2005 5 80051.0
2005 6 96574.0
2005 7 78846.0
2005 8 104602.0
2005 9 80339.0
2005 10 63311.0
2005 11 74091.0
2005 12 58599.0
2006 1 84120.0
2006 2 82715.0
2006 3 104217.0
2006 4 63518.0
2006 5 78798.0
2006 6 82496.0
2006 7 69842.0
2006 8 69219.0
2006 9 61608.0
2006 10 55033.0
2006 11 61336.0
2006 12 39482.0
2007 1 44930.0
2007 2 56817.0
2007 3 53397.0
2007 4 68171.0
2007 5 69289.0
2007 6 57085.0
2007 7 66956.0
2007 8 53895.0
2007 9 38855.0
2007 10 48131.0
2007 11 47662.0
2007 12 27523.0
2008 1 45600.0
2008 2 42082.0
2008 3 39668.0
2008 4 47648.0
2008 5 30953.0
2008 6 37439.0
2008 7 36457.0
2008 8 37859.0
2008 9 27251.0
2008 10 30963.0
2008 11 16947.0
2008 12 10322.0
2009 1 11364.0
2009 2 16400.0
2009 3 21679.0
2009 4 16403.0
2009 5 20342.0
2009 6 26434.0
2009 7 28093.0
2009 8 30060.0
2009 9 29307.0
2009 10 26316.0
2009 11 17621.0
2009 12 13358.0
2010 1 20620.0
2010 2 8321.0
2010 3 23739.0
2010 4 31557.0
2010 5 14524.0
2010 6 33259.0
2010 7 21905.0
2010 8 18692.0
2010 9 18976.0
2010 10 16308.0
2010 11 16795.0
2010 12 19717.0
2011 1 13175.0
2011 2 19840.0
2011 3 24062.0
2011 4 21185.0
2011 5 17729.0
2011 6 18852.0
2011 7 21719.0
2011 8 24449.0
2011 9 22333.0
2011 10 19770.0
2011 11 10549.0
2011 12 16864.0
2012 1 11506.0
2012 2 13376.0
2012 3 21811.0
2012 4 29179.0
2012 5 32458.0
2012 6 25156.0
2012 7 25303.0
2012 8 26036.0
2012 9 14069.0
2012 10 19637.0
2012 11 21133.0
2012 12 19936.0
2013 1 20481.0
2013 2 23389.0
2013 3 24738.0
2013 4 48911.0
2013 5 34699.0
2013 6 27055.0
2013 7 31384.0
2013 8 38362.0
2013 9 30182.0
2013 10 28053.0
2013 11 26216.0
2013 12 19801.0
2014 1 22966.0
2014 2 15596.0
2014 3 23069.0
2014 4 34233.0
2014 5 25488.0
2014 6 31165.0
2014 7 37655.0
2014 8 25365.0
2014 9 36647.0
2014 10 34773.0
2014 11 20373.0
2014 12 20327.0
2015 1 20498.0
2015 2 20693.0
2015 3 24143.0
2015 4 32140.0
2015 5 36984.0
2015 6 40014.0
2015 7 32209.0
2015 8 32156.0
2015 9 27222.0
2015 10 36489.0
2015 11 26929.0
2015 12 19077.0
2016 1 20316.0
2016 2 20089.0
2016 3 31424.0
2016 4 34433.0
2016 5 36822.0
2016 6 34231.0
2016 7 28963.0
2016 8 33138.0
2016 9 36232.0
2016 10 38038.0
2016 11 29060.0
2016 12 23663.0
2017 1 23980.0
2017 2 28088.0
2017 3 33683.0
2017 4 36190.0
2017 5 40232.0
2017 6 42810.0
2017 7 36196.0
2017 8 48471.0
2017 9 36979.0
2017 10 33569.0
2017 11 27532.0
2017 12 25581.0
2018 1 23320.0
2018 2 30891.0
2018 3 33825.0
2018 4 40837.0
2018 5 52533.0
2018 6 47000.0
2018 7 43158.0
2018 8 47180.0
2018 9 32526.0
2018 10 32370.0
2018 11 34316.0
2018 12 30726.0
2019 1 35941.0
2019 2 26828.0
2019 3 42196.0
2019 4 31842.0
2019 5 45683.0
2019 6 40508.0
2019 7 39359.0
2019 8 45980.0
2019 9 31824.0
2019 10 36222.0
2019 11 33097.0
2019 12 24229.0
2020 1 37592.0
2020 2 31818.0
2020 3 44979.0
2020 4 42540.0
2020 5 40690.0
2020 6 43188.0
2020 7 47140.0
2020 8 45966.0
2020 9 49176.0
2020 10 55235.0
2020 11 41987.0
2020 12 39509.0
2021 1 40393.0
2021 2 43181.0
2021 3 74112.0
2021 4 53520.0
2021 5 63860.0
2021 6 72301.0
2021 7 56200.0
2021 8 63580.0
2021 9 63277.0
2021 10 50319.0
2021 11 50432.0
2021 12 54954.0
2022 1 44710.0
2022 2 54651.0
2022 3 66931.0
2022 4 83145.0
2022 5 79899.0
2022 6 74458.0
2022 7 61823.0
2022 8 69177.0
2022 9 40778.0
2022 10 35872.0
2022 11 33435.0
2022 12 31696.0
2023 1 36124.0
2023 2 45335.0
2023 3 66001.0
2023 4 58432.0
2023 5 64232.0
2023 6 56617.0
2023 7 62908.0
2023 8 52658.0
2023 9 64831.0
2023 10 49238.0
2023 11 44209.0
2023 12 46742.0
2024 1 58718.0
2024 2 67932.0
2024 3 69952.0
2024 4 62285.0
2024 5 76179.0
2024 6 60643.0
2024 7 72886.0
2024 8 76928.0
