1960 5 4393.0
1960 6 2785.0
1960 7 2304.0
1960 8 2867.0
1960 9 3461.0
1960 10 3660.0
1960 11 4613.0
1960 12 3958.0
1961 1 1802.0
1961 2 1760.0
1961 3 2464.0
1961 4 3368.0
1961 5 3496.0
1961 6 4245.0
1961 7 2317.0
1961 8 2851.0
1961 9 4418.0
1961 10 1974.0
1961 11 1703.0
1961 12 2609.0
1962 1 2371.0
1962 2 1785.0
1962 3 2820.0
1962 4 5057.0
1962 5 2025.0
1962 6 1152.0
1962 7 1354.0
1962 8 2009.0
1962 9 2866.0
1962 10 2726.0
1962 11 4568.0
1962 12 2937.0
1963 1 2209.0
1963 2 1466.0
1963 3 2758.0
1963 4 4190.0
1963 5 4332.0
1963 6 6321.0
1963 7 5989.0
1963 8 2446.0
1963 9 4459.0
1963 10 4730.0
1963 11 4328.0
1963 12 3498.0
1964 1 3211.0
1964 2 2874.0
1964 3 9913.0
1964 4 8661.0
1964 5 6244.0
1964 6 5603.0
1964 7 4988.0
1964 8 10754.0
1964 9 5163.0
1964 10 6190.0
1964 11 5259.0
1964 12 5014.0
1965 1 2953.0
1965 2 3428.0
1965 3 6817.0
1965 4 6367.0
1965 5 13979.0
1965 6 5695.0
1965 7 6277.0
1965 8 6789.0
1965 9 5793.0
1965 10 6701.0
1965 11 6971.0
1965 12 5469.0
1966 1 3975.0
1966 2 7356.0
1966 3 9046.0
1966 4 6302.0
1966 5 4530.0
1966 6 2843.0
1966 7 2617.0
1966 8 2916.0
1966 9 2852.0
1966 10 4145.0
1966 11 2159.0
1966 12 2070.0
1967 1 2101.0
1967 2 1506.0
1967 3 3316.0
1967 4 3440.0
1967 5 4259.0
1967 6 7903.0
1967 7 3866.0
1967 8 11503.0
1967 9 6389.0
1967 10 17776.0
1967 11 5127.0
1967 12 2248.0
1968 1 6035.0
1968 2 7581.0
1968 3 5511.0
1968 4 9063.0
1968 5 9755.0
1968 6 6704.0
1968 7 4238.0
1968 8 4962.0
1968 9 6796.0
1968 10 5544.0
1968 11 8935.0
1968 12 4462.0
1969 1 8335.0
1969 2 9376.0
1969 3 8563.0
1969 4 9195.0
1969 5 6173.0
1969 6 5861.0
1969 7 6316.0
1969 8 4778.0
1969 9 4973.0
1969 10 10915.0
1969 11 3883.0
1969 12 5612.0
1970 1 4910.0
1970 2 7158.0
1970 3 3043.0
1970 4 8499.0
1970 5 5882.0
1970 6 8233.0
1970 7 10936.0
1970 8 4698.0
1970 9 7598.0
1970 10 6186.0
1970 11 10237.0
1970 12 8695.0
1971 1 6130.0
1971 2 3826.0
1971 3 16669.0
1971 4 11064.0
1971 5 10906.0
1971 6 13889.0
1971 7 13528.0
1971 8 8453.0
1971 9 12147.0
1971 10 12790.0
1971 11 14557.0
1971 12 19797.0
1972 1 12955.0
1972 2 8180.0
1972 3 9134.0
1972 4 16503.0
1972 5 21048.0
1972 6 12947.0
1972 7 10457.0
1972 8 9442.0
1972 9 19839.0
1972 10 13222.0
1972 11 12881.0
1972 12 12635.0
1973 1 11503.0
1973 2 13565.0
1973 3 14976.0
1973 4 21410.0
1973 5 17759.0
1973 6 15038.0
1973 7 16102.0
1973 8 14909.0
1973 9 5936.0
1973 10 17756.0
1973 11 11322.0
1973 12 5150.0
1974 1 4960.0
1974 2 5978.0
1974 3 9753.0
1974 4 10534.0
1974 5 20280.0
1974 6 17881.0
1974 7 8941.0
1974 8 5630.0
1974 9 7320.0
1974 10 5585.0
1974 11 6646.0
1974 12 9259.0
1975 1 8669.0
1975 2 5478.0
1975 3 3407.0
1975 4 8847.0
1975 5 11657.0
1975 6 7439.0
1975 7 9035.0
1975 8 8199.0
1975 9 11519.0
1975 10 13515.0
1975 11 17061.0
1975 12 9936.0
1976 1 4107.0
1976 2 5939.0
1976 3 8248.0
1976 4 11469.0
1976 5 24184.0
1976 6 20200.0
1976 7 15368.0
1976 8 11103.0
1976 9 19704.0
1976 10 17412.0
1976 11 17500.0
1976 12 15802.0
1977 1 8806.0
1977 2 9128.0
1977 3 15706.0
1977 4 13760.0
1977 5 21275.0
1977 6 31503.0
1977 7 16288.0
1977 8 24444.0
1977 9 18543.0
1977 10 24780.0
1977 11 12316.0
1977 12 18021.0
1978 1 3762.0
1978 2 18524.0
1978 3 13450.0
1978 4 21429.0
1978 5 21407.0
1978 6 16251.0
1978 7 21985.0
1978 8 19174.0
1978 9 13824.0
1978 10 15593.0
1978 11 17776.0
1978 12 13347.0
1979 1 2125.0
1979 2 6182.0
1979 3 13166.0
1979 4 12473.0
1979 5 24757.0
1979 6 26334.0
1979 7 16967.0
1979 8 19997.0
1979 9 23371.0
1979 10 24057.0
1979 11 20579.0
1979 12 8793.0
1980 1 3956.0
1980 2 10607.0
1980 3 8974.0
1980 4 6619.0
1980 5 10547.0
1980 6 6553.0
1980 7 13129.0
1980 8 15683.0
1980 9 16300.0
1980 10 47579.0
1980 11 23741.0
1980 12 18488.0
1981 1 12517.0
1981 2 10024.0
1981 3 11663.0
1981 4 14056.0
1981 5 13966.0
1981 6 18526.0
1981 7 9460.0
1981 8 6375.0
1981 9 25420.0
1981 10 10399.0
1981 11 12668.0
1981 12 7048.0
1982 1 1050.0
1982 2 6851.0
1982 3 4965.0
1982 4 6421.0
1982 5 13154.0
1982 6 12068.0
1982 7 17149.0
1982 8 13108.0
1982 9 6874.0
1982 10 9554.0
1982 11 7121.0
1982 12 4688.0
1983 1 7701.0
1983 2 5099.0
1983 3 6431.0
1983 4 8761.0
1983 5 15837.0
1983 6 27257.0
1983 7 7115.0
1983 8 19280.0
1983 9 25236.0
1983 10 15614.0
1983 11 13640.0
1983 12 6775.0
1984 1 6549.0
1984 2 8928.0
1984 3 10273.0
1984 4 15280.0
1984 5 17908.0
1984 6 17912.0
1984 7 14934.0
1984 8 13429.0
1984 9 20461.0
1984 10 18112.0
1984 11 11940.0
1984 12 9431.0
1985 1 6721.0
1985 2 5435.0
1985 3 14152.0
1985 4 14982.0
1985 5 27120.0
1985 6 19606.0
1985 7 32167.0
1985 8 34497.0
1985 9 22862.0
1985 10 22898.0
1985 11 19673.0
1985 12 28049.0
1986 1 21307.0
1986 2 8944.0
1986 3 21536.0
1986 4 32882.0
1986 5 27988.0
1986 6 28034.0
1986 7 24611.0
1986 8 18848.0
1986 9 19220.0
1986 10 35261.0
1986 11 22720.0
1986 12 14242.0
1987 1 16510.0
1987 2 12185.0
1987 3 17731.0
1987 4 35526.0
1987 5 22819.0
1987 6 25025.0
1987 7 18021.0
1987 8 19271.0
1987 9 30454.0
1987 10 37278.0
1987 11 16844.0
1987 12 19679.0
1988 1 12093.0
1988 2 13550.0
1988 3 19257.0
1988 4 21030.0
1988 5 35218.0
1988 6 22942.0
1988 7 28589.0
1988 8 27552.0
1988 9 43036.0
1988 10 34879.0
1988 11 43718.0
1988 12 28700.0
1989 1 25067.0
1989 2 30180.0
1989 3 18457.0
1989 4 28186.0
1989 5 61006.0
1989 6 43403.0
1989 7 38591.0
1989 8 35615.0
1989 9 32144.0
1989 10 45291.0
1989 11 25169.0
1989 12 39526.0
1990 1 57464.0
1990 2 20432.0
1990 3 27358.0
1990 4 33828.0
1990 5 33803.0
1990 6 26578.0
1990 7 24260.0
1990 8 19573.0
1990 9 24315.0
1990 10 37319.0
1990 11 23730.0
1990 12 21355.0
1991 1 20372.0
1991 2 13577.0
1991 3 16472.0
1991 4 33762.0
1991 5 32678.0
1991 6 37392.0
1991 7 34329.0
1991 8 30274.0
1991 9 29356.0
1991 10 45062.0
1991 11 22508.0
1991 12 41199.0
1992 1 18425.0
1992 2 19991.0
1992 3 32931.0
1992 4 45749.0
1992 5 33570.0
1992 6 49837.0
1992 7 39366.0
1992 8 28489.0
1992 9 37793.0
1992 10 35703.0
1992 11 32893.0
1992 12 30762.0
1993 1 17301.0
1993 2 24423.0
1993 3 24426.0
1993 4 44660.0
1993 5 43465.0
1993 6 63359.0
1993 7 39892.0
1993 8 50193.0
1993 9 43924.0
1993 10 34469.0
1993 11 42321.0
1993 12 28503.0
1994 1 17725.0
1994 2 14257.0
1994 3 40646.0
1994 4 41402.0
1994 5 55983.0
1994 6 41888.0
1994 7 45105.0
1994 8 50102.0
1994 9 95464.0
1994 10 87008.0
1994 11 45557.0
1994 12 44398.0
1995 1 21519.0
1995 2 31228.0
1995 3 39395.0
1995 4 39598.0
1995 5 42380.0
1995 6 45604.0
1995 7 57202.0
1995 8 74576.0
1995 9 55039.0
1995 10 75445.0
1995 11 50991.0
1995 12 33219.0
1996 1 25003.0
1996 2 18521.0
1996 3 49907.0
1996 4 63594.0
1996 5 45521.0
1996 6 39671.0
1996 7 130833.0
1996 8 43275.0
1996 9 43858.0
1996 10 74443.0
1996 11 40071.0
1996 12 29001.0
1997 1 21085.0
1997 2 37096.0
1997 3 39028.0
1997 4 49391.0
1997 5 54616.0
1997 6 50750.0
1997 7 60209.0
1997 8 30605.0
1997 9 55401.0
1997 10 57321.0
1997 11 50603.0
1997 12 57469.0
1998 1 27083.0
1998 2 32132.0
1998 3 44033.0
1998 4 47887.0
1998 5 56569.0
1998 6 59602.0
1998 7 33012.0
1998 8 47280.0
1998 9 71308.0
1998 10 68286.0
1998 11 43845.0
1998 12 64401.0
1999 1 31155.0
1999 2 40744.0
1999 3 51007.0
1999 4 52026.0
1999 5 49940.0
1999 6 57495.0
1999 7 37381.0
1999 8 67646.0
1999 9 57058.0
1999 10 52013.0
1999 11 55499.0
1999 12 52374.0
2000 1 37911.0
2000 2 38276.0
2000 3 62665.0
2000 4 45935.0
2000 5 48166.0
2000 6 58148.0
2000 7 48636.0
2000 8 60216.0
2000 9 58678.0
2000 10 62147.0
2000 11 54660.0
2000 12 23762.0
2001 1 25086.0
2001 2 40608.0
2001 3 37998.0
2001 4 83200.0
2001 5 63928.0
2001 6 50154.0
2001 7 81395.0
2001 8 68561.0
2001 9 99371.0
2001 10 70427.0
2001 11 101437.0
2001 12 29443.0
2002 1 32164.0
2002 2 39914.0
2002 3 41430.0
2002 4 73708.0
2002 5 75020.0
2002 6 89464.0
2002 7 92123.0
2002 8 79086.0
2002 9 79880.0
2002 10 95307.0
2002 11 50177.0
2002 12 85554.0
2003 1 58186.0
2003 2 77147.0
2003 3 62514.0
2003 4 81621.0
2003 5 64135.0
2003 6 83114.0
2003 7 58618.0
2003 8 60367.0
2003 9 95711.0
2003 10 74324.0
2003 11 73053.0
2003 12 95804.0
2004 1 56267.0
2004 2 40826.0
2004 3 49059.0
2004 4 84421.0
2004 5 43868.0
2004 6 55649.0
2004 7 69213.0
2004 8 55531.0
2004 9 91478.0
2004 10 82358.0
2004 11 61182.0
2004 12 79878.0
2005 1 53834.0
2005 2 27587.0
2005 3 50167.0
2005 4 68477.0
2005 5 91941.0
2005 6 82317.0
2005 7 102385.0
2005 8 55380.0
2005 9 89224.0
2005 10 89315.0
2005 11 60343.0
2005 12 49048.0
2006 1 39320.0
2006 2 79515.0
2006 3 48915.0
2006 4 42714.0
2006 5 80964.0
2006 6 47895.0
2006 7 41032.0
2006 8 61345.0
2006 9 38657.0
2006 10 67238.0
2006 11 57023.0
2006 12 28162.0
2007 1 35397.0
2007 2 34351.0
2007 3 24420.0
2007 4 30218.0
2007 5 51024.0
2007 6 34681.0
2007 7 33905.0
2007 8 44846.0
2007 9 47689.0
2007 10 52520.0
2007 11 23532.0
2007 12 20530.0
2008 1 21196.0
2008 2 31380.0
2008 3 25469.0
2008 4 38021.0
2008 5 55434.0
2008 6 27030.0
2008 7 59934.0
2008 8 33798.0
2008 9 39910.0
2008 10 23166.0
2008 11 17953.0
2008 12 5282.0
2009 1 6242.0
2009 2 24401.0
2009 3 8436.0
2009 4 10409.0
2009 5 17098.0
2009 6 16718.0
2009 7 17003.0
2009 8 17949.0
2009 9 26023.0
2009 10 17047.0
2009 11 33012.0
2009 12 33383.0
2010 1 4097.0
2010 2 9585.0
2010 3 13072.0
2010 4 47895.0
2010 5 17006.0
2010 6 52547.0
2010 7 23341.0
2010 8 19951.0
2010 9 17934.0
2010 10 33059.0
2010 11 25413.0
2010 12 15123.0
2011 1 18578.0
2011 2 11064.0
2011 3 26175.0
2011 4 33459.0
2011 5 40648.0
2011 6 14569.0
2011 7 21098.0
2011 8 35771.0
2011 9 19926.0
2011 10 29636.0
2011 11 23837.0
2011 12 16113.0
2012 1 9023.0
2012 2 17133.0
2012 3 21031.0
2012 4 38332.0
2012 5 40063.0
2012 6 14530.0
2012 7 13603.0
2012 8 38215.0
2012 9 39854.0
2012 10 44921.0
2012 11 39270.0
2012 12 21444.0
2013 1 9716.0
2013 2 5835.0
2013 3 19561.0
2013 4 62310.0
2013 5 35877.0
2013 6 25145.0
2013 7 41146.0
2013 8 30291.0
2013 9 47551.0
2013 10 57663.0
2013 11 55557.0
2013 12 59792.0
2014 1 21575.0
2014 2 19233.0
2014 3 60299.0
2014 4 37311.0
2014 5 65350.0
2014 6 50197.0
2014 7 43741.0
2014 8 50566.0
2014 9 49172.0
2014 10 40161.0
2014 11 28734.0
2014 12 38214.0
2015 1 41374.0
2015 2 54443.0
2015 3 35520.0
2015 4 28182.0
2015 5 56865.0
2015 6 52517.0
2015 7 95690.0
2015 8 32187.0
2015 9 71394.0
2015 10 46893.0
2015 11 62996.0
2015 12 40583.0
2016 1 79066.0
2016 2 28798.0
2016 3 47347.0
2016 4 46364.0
2016 5 79694.0
2016 6 93259.0
2016 7 40041.0
2016 8 86644.0
2016 9 65664.0
2016 10 116269.0
2016 11 42097.0
2016 12 35436.0
2017 1 28418.0
2017 2 60043.0
2017 3 51012.0
2017 4 41598.0
2017 5 76787.0
2017 6 80432.0
2017 7 40932.0
2017 8 26563.0
2017 9 69654.0
2017 10 74574.0
2017 11 47058.0
2017 12 48287.0
2018 1 30466.0
2018 2 33217.0
2018 3 73750.0
2018 4 92406.0
2018 5 86825.0
2018 6 98403.0
2018 7 54834.0
2018 8 44021.0
2018 9 70028.0
2018 10 52798.0
2018 11 62622.0
2018 12 46649.0
2019 1 33778.0
2019 2 29313.0
2019 3 49872.0
2019 4 100640.0
2019 5 46580.0
2019 6 41841.0
2019 7 81862.0
2019 8 76269.0
2019 9 58893.0
2019 10 52621.0
2019 11 169117.0
2019 12 40163.0
2020 1 35177.0
2020 2 34336.0
2020 3 71964.0
2020 4 56871.0
2020 5 71926.0
2020 6 50579.0
2020 7 150390.0
2020 8 94757.0
2020 9 109625.0
2020 10 102684.0
2020 11 79280.0
2020 12 23108.0
2021 1 57282.0
2021 2 78496.0
2021 3 93965.0
2021 4 147722.0
2021 5 158839.0
2021 6 117644.0
2021 7 196525.0
2021 8 184130.0
2021 9 132134.0
2021 10 174958.0
2021 11 109778.0
2021 12 139236.0
2022 1 60895.0
2022 2 61061.0
2022 3 120849.0
2022 4 189760.0
2022 5 183148.0
2022 6 101987.0
2022 7 130337.0
2022 8 132580.0
2022 9 197420.0
2022 10 139126.0
2022 11 146424.0
2022 12 72422.0
2023 1 54331.0
2023 2 105754.0
2023 3 127008.0
2023 4 74875.0
2023 5 74042.0
2023 6 108599.0
2023 7 103546.0
2023 8 146336.0
2023 9 130373.0
2023 10 113109.0
2023 11 131604.0
2023 12 154901.0
2024 1 117333.0
2024 2 69685.0
2024 3 77946.0
2024 4 156063.0
2024 5 154208.0
2024 6 137691.0
2024 7 172304.0
2024 8 115199.0
