1960 5 1666.0
1960 6 1452.0
1960 7 1212.0
1960 8 1740.0
1960 9 1524.0
1960 10 1703.0
1960 11 2015.0
1960 12 1467.0
1961 1 1014.0
1961 2 740.0
1961 3 1471.0
1961 4 1868.0
1961 5 1709.0
1961 6 1375.0
1961 7 904.0
1961 8 1256.0
1961 9 886.0
1961 10 738.0
1961 11 813.0
1961 12 646.0
1962 1 607.0
1962 2 608.0
1962 3 1005.0
1962 4 1270.0
1962 5 924.0
1962 6 648.0
1962 7 654.0
1962 8 605.0
1962 9 461.0
1962 10 1258.0
1962 11 721.0
1962 12 395.0
1963 1 376.0
1963 2 579.0
1963 3 782.0
1963 4 1537.0
1963 5 1424.0
1963 6 1402.0
1963 7 1755.0
1963 8 1092.0
1963 9 1193.0
1963 10 1334.0
1963 11 1119.0
1963 12 1097.0
1964 1 929.0
1964 2 980.0
1964 3 1643.0
1964 4 1483.0
1964 5 1838.0
1964 6 1631.0
1964 7 1380.0
1964 8 1235.0
1964 9 1286.0
1964 10 1735.0
1964 11 1331.0
1964 12 861.0
1965 1 719.0
1965 2 1252.0
1965 3 1371.0
1965 4 1521.0
1965 5 1477.0
1965 6 1542.0
1965 7 1235.0
1965 8 1486.0
1965 9 1391.0
1965 10 2117.0
1965 11 2164.0
1965 12 1319.0
1966 1 878.0
1966 2 813.0
1966 3 2174.0
1966 4 1432.0
1966 5 912.0
1966 6 1043.0
1966 7 492.0
1966 8 1136.0
1966 9 1104.0
1966 10 1530.0
1966 11 1008.0
1966 12 722.0
1967 1 718.0
1967 2 690.0
1967 3 1131.0
1967 4 1465.0
1967 5 1686.0
1967 6 1893.0
1967 7 1088.0
1967 8 1352.0
1967 9 1514.0
1967 10 1358.0
1967 11 1546.0
1967 12 849.0
1968 1 1335.0
1968 2 902.0
1968 3 1703.0
1968 4 1334.0
1968 5 3311.0
1968 6 1619.0
1968 7 1967.0
1968 8 966.0
1968 9 1859.0
1968 10 2527.0
1968 11 2444.0
1968 12 1827.0
1969 1 2411.0
1969 2 1603.0
1969 3 2038.0
1969 4 2512.0
1969 5 2622.0
1969 6 1813.0
1969 7 1700.0
1969 8 1898.0
1969 9 2445.0
1969 10 3086.0
1969 11 1617.0
1969 12 1386.0
1970 1 625.0
1970 2 1399.0
1970 3 1943.0
1970 4 2522.0
1970 5 1630.0
1970 6 1836.0
1970 7 2157.0
1970 8 1848.0
1970 9 2082.0
1970 10 2686.0
1970 11 1851.0
1970 12 2189.0
1971 1 547.0
1971 2 686.0
1971 3 2770.0
1971 4 2140.0
1971 5 2578.0
1971 6 3996.0
1971 7 3538.0
1971 8 3224.0
1971 9 2447.0
1971 10 2763.0
1971 11 4642.0
1971 12 1894.0
1972 1 1909.0
1972 2 944.0
1972 3 2783.0
1972 4 3444.0
1972 5 3981.0
1972 6 2920.0
1972 7 3311.0
1972 8 2519.0
1972 9 2635.0
1972 10 3491.0
1972 11 2965.0
1972 12 1034.0
1973 1 1998.0
1973 2 2268.0
1973 3 3646.0
1973 4 3747.0
1973 5 3175.0
1973 6 4475.0
1973 7 3780.0
1973 8 3684.0
1973 9 2540.0
1973 10 3247.0
1973 11 3584.0
1973 12 2201.0
1974 1 3052.0
1974 2 2557.0
1974 3 4387.0
1974 4 4936.0
1974 5 4077.0
1974 6 3130.0
1974 7 2797.0
1974 8 2820.0
1974 9 2157.0
1974 10 1181.0
1974 11 1309.0
1974 12 2328.0
1975 1 2058.0
1975 2 1732.0
1975 3 1472.0
1975 4 3841.0
1975 5 3861.0
1975 6 3374.0
1975 7 3542.0
1975 8 3310.0
1975 9 4186.0
1975 10 3983.0
1975 11 4674.0
1975 12 2804.0
1976 1 2138.0
1976 2 2562.0
1976 3 4415.0
1976 4 4925.0
1976 5 4739.0
1976 6 4004.0
1976 7 5416.0
1976 8 4174.0
1976 9 5091.0
1976 10 6552.0
1976 11 5197.0
1976 12 3125.0
1977 1 2782.0
1977 2 2209.0
1977 3 5943.0
1977 4 5700.0
1977 5 6757.0
1977 6 8649.0
1977 7 7407.0
1977 8 8476.0
1977 9 9030.0
1977 10 6859.0
1977 11 6807.0
1977 12 6336.0
1978 1 1849.0
1978 2 2465.0
1978 3 7041.0
1978 4 7395.0
1978 5 7154.0
1978 6 9464.0
1978 7 6064.0
1978 8 8035.0
1978 9 5006.0
1978 10 7910.0
1978 11 8295.0
1978 12 4225.0
1979 1 1812.0
1979 2 2865.0
1979 3 5690.0
1979 4 5839.0
1979 5 13182.0
1979 6 9003.0
1979 7 6651.0
1979 8 7369.0
1979 9 7223.0
1979 10 9655.0
1979 11 3865.0
1979 12 7058.0
1980 1 2886.0
1980 2 1577.0
1980 3 3282.0
1980 4 2342.0
1980 5 4957.0
1980 6 3461.0
1980 7 5582.0
1980 8 7794.0
1980 9 8841.0
1980 10 16947.0
1980 11 12163.0
1980 12 5443.0
1981 1 2832.0
1981 2 3198.0
1981 3 5294.0
1981 4 7315.0
1981 5 6155.0
1981 6 4077.0
1981 7 4218.0
1981 8 3980.0
1981 9 6859.0
1981 10 7223.0
1981 11 5091.0
1981 12 2118.0
1982 1 215.0
1982 2 1545.0
1982 3 1891.0
1982 4 2611.0
1982 5 4922.0
1982 6 7350.0
1982 7 3329.0
1982 8 2833.0
1982 9 3105.0
1982 10 4176.0
1982 11 3883.5
1982 12 3591.0
1983 1 2535.0
1983 2 3370.0
1983 3 5190.0
1983 4 4686.0
1983 5 7812.0
1983 6 6596.0
1983 7 4162.0
1983 8 6208.0
1983 9 6214.0
1983 10 8158.0
1983 11 8242.0
1983 12 2609.0
1984 1 3244.0
1984 2 3455.0
1984 3 6902.0
1984 4 6374.0
1984 5 9638.0
1984 6 5521.0
1984 7 7196.0
1984 8 6186.0
1984 9 7269.0
1984 10 6887.0
1984 11 7379.0
1984 12 3135.0
1985 1 2158.0
1985 2 2062.0
1985 3 3305.0
1985 4 4845.0
1985 5 7460.0
1985 6 7963.0
1985 7 9830.0
1985 8 6718.0
1985 9 7214.0
1985 10 9199.0
1985 11 5182.0
1985 12 4690.0
1986 1 6996.0
1986 2 2836.0
1986 3 6217.0
1986 4 9757.0
1986 5 8186.0
1986 6 10482.0
1986 7 7971.0
1986 8 7427.0
1986 9 6888.0
1986 10 11404.0
1986 11 8423.0
1986 12 4326.0
1987 1 3655.0
1987 2 4019.0
1987 3 6025.0
1987 4 9614.0
1987 5 7434.0
1987 6 9526.0
1987 7 5486.0
1987 8 7134.0
1987 9 7788.0
1987 10 8457.0
1987 11 7209.0
1987 12 5246.0
1988 1 2937.0
1988 2 3831.0
1988 3 8681.0
1988 4 10169.0
1988 5 9208.0
1988 6 10517.0
1988 7 10009.0
1988 8 9437.0
1988 9 8203.0
1988 10 9058.0
1988 11 11194.0
1988 12 4455.0
1989 1 7044.0
1989 2 3274.0
1989 3 7665.0
1989 4 11385.0
1989 5 7630.0
1989 6 8654.0
1989 7 16176.0
1989 8 13399.0
1989 9 8111.0
1989 10 13560.0
1989 11 8848.0
1989 12 6136.0
1990 1 5889.0
1990 2 7356.0
1990 3 7001.0
1990 4 11308.0
1990 5 10088.0
1990 6 6987.0
1990 7 9218.0
1990 8 9406.0
1990 9 16608.0
1990 10 10022.0
1990 11 9499.0
1990 12 4765.0
1991 1 4350.0
1991 2 6231.0
1991 3 6413.0
1991 4 11003.0
1991 5 12511.0
1991 6 10045.0
1991 7 9543.0
1991 8 14691.0
1991 9 12181.0
1991 10 13171.0
1991 11 8093.0
1991 12 12969.0
1992 1 6789.0
1992 2 7463.0
1992 3 16485.0
1992 4 16137.0
1992 5 15165.0
1992 6 13439.0
1992 7 10800.0
1992 8 11978.0
1992 9 14743.0
1992 10 13703.0
1992 11 12391.0
1992 12 11905.0
1993 1 6638.0
1993 2 6377.0
1993 3 14894.0
1993 4 16407.0
1993 5 18385.0
1993 6 21459.0
1993 7 18422.0
1993 8 14059.0
1993 9 13393.0
1993 10 16302.0
1993 11 14736.0
1993 12 11535.0
1994 1 7102.0
1994 2 5104.0
1994 3 17523.0
1994 4 17793.0
1994 5 26323.0
1994 6 16611.0
1994 7 27283.0
1994 8 25486.0
1994 9 21152.0
1994 10 37249.0
1994 11 21316.0
1994 12 16531.0
1995 1 8236.0
1995 2 8219.0
1995 3 19300.0
1995 4 17838.0
1995 5 26315.0
1995 6 25565.0
1995 7 15254.0
1995 8 25271.0
1995 9 29866.0
1995 10 29525.0
1995 11 18573.0
1995 12 12412.0
1996 1 9477.0
1996 2 9160.0
1996 3 19601.0
1996 4 33782.0
1996 5 20908.0
1996 6 20309.0
1996 7 17418.0
1996 8 18842.0
1996 9 22066.0
1996 10 36518.0
1996 11 14152.0
1996 12 10330.0
1997 1 8316.0
1997 2 15079.0
1997 3 19758.0
1997 4 25247.0
1997 5 20960.0
1997 6 31628.0
1997 7 22666.0
1997 8 15482.0
1997 9 25815.0
1997 10 28617.0
1997 11 21440.0
1997 12 19497.0
1998 1 8375.0
1998 2 10959.0
1998 3 13777.0
1998 4 16248.0
1998 5 19127.0
1998 6 34467.0
1998 7 17832.0
1998 8 14904.0
1998 9 30865.0
1998 10 23226.0
1998 11 15946.0
1998 12 26534.0
1999 1 10541.0
1999 2 12935.0
1999 3 26372.0
1999 4 26811.0
1999 5 24149.0
1999 6 31086.0
1999 7 18201.0
1999 8 18915.0
1999 9 21910.0
1999 10 24833.0
1999 11 21866.0
1999 12 16388.0
2000 1 12680.0
2000 2 17683.0
2000 3 29977.0
2000 4 22984.0
2000 5 23611.0
2000 6 30508.0
2000 7 20405.0
2000 8 28835.0
2000 9 17301.0
2000 10 24830.0
2000 11 25149.0
2000 12 5956.0
2001 1 9937.0
2001 2 14905.0
2001 3 19736.0
2001 4 23987.0
2001 5 27223.0
2001 6 31074.0
2001 7 21543.0
2001 8 26570.0
2001 9 28706.0
2001 10 30323.0
2001 11 19365.0
2001 12 15007.0
2002 1 13746.0
2002 2 11595.0
2002 3 24726.0
2002 4 34522.0
2002 5 24047.0
2002 6 27947.0
2002 7 37436.0
2002 8 32981.0
2002 9 27501.0
2002 10 30670.0
2002 11 15780.0
2002 12 16298.0
2003 1 18715.0
2003 2 10402.0
2003 3 23358.0
2003 4 34342.0
2003 5 25670.0
2003 6 29818.0
2003 7 26283.0
2003 8 33673.0
2003 9 31342.0
2003 10 32480.0
2003 11 27402.0
2003 12 32805.0
2004 1 18135.0
2004 2 18217.0
2004 3 23551.0
2004 4 37840.0
2004 5 23740.0
2004 6 20336.0
2004 7 34590.0
2004 8 25625.0
2004 9 27049.0
2004 10 39758.0
2004 11 32981.0
2004 12 21184.0
2005 1 5736.0
2005 2 13254.0
2005 3 21955.0
2005 4 32480.0
2005 5 28632.0
2005 6 31644.0
2005 7 24558.0
2005 8 35337.0
2005 9 40735.0
2005 10 21271.0
2005 11 28170.0
2005 12 24187.0
2006 1 20339.0
2006 2 17608.0
2006 3 21067.0
2006 4 29951.0
2006 5 29242.0
2006 6 19213.0
2006 7 16711.0
2006 8 20338.0
2006 9 14628.0
2006 10 12597.0
2006 11 15027.0
2006 12 12006.0
2007 1 7876.0
2007 2 13488.0
2007 3 16164.0
2007 4 13505.0
2007 5 17716.0
2007 6 14431.0
2007 7 11930.0
2007 8 12796.0
2007 9 14571.0
2007 10 13264.0
2007 11 8803.0
2007 12 4881.0
2008 1 4107.0
2008 2 3651.0
2008 3 8184.0
2008 4 9738.0
2008 5 9282.0
2008 6 5444.0
2008 7 7521.0
2008 8 10931.0
2008 9 10740.0
2008 10 4722.0
2008 11 5867.0
2008 12 1029.0
2009 1 1804.0
2009 2 2517.0
2009 3 3288.0
2009 4 5242.0
2009 5 9341.0
2009 6 4713.0
2009 7 2733.0
2009 8 2080.0
2009 9 7005.0
2009 10 2714.0
2009 11 6326.0
2009 12 4396.0
2010 1 1197.0
2010 2 2569.0
2010 3 8725.0
2010 4 2434.0
2010 5 6840.0
2010 6 3486.0
2010 7 4730.0
2010 8 2243.0
2010 9 1871.0
2010 10 4442.0
2010 11 1824.0
2010 12 1925.0
2011 1 1213.0
2011 2 2775.0
2011 3 2780.0
2011 4 2621.0
2011 5 9488.0
2011 6 4539.0
2011 7 3353.0
2011 8 2665.0
2011 9 3333.0
2011 10 4708.0
2011 11 2289.0
2011 12 1865.0
2012 1 925.0
2012 2 1628.0
2012 3 2565.0
2012 4 2966.0
2012 5 4687.0
2012 6 1627.0
2012 7 3976.0
2012 8 13206.0
2012 9 5241.0
2012 10 4997.0
2012 11 6016.0
2012 12 2022.0
2013 1 840.0
2013 2 510.0
2013 3 2335.0
2013 4 7252.0
2013 5 5415.0
2013 6 6383.0
2013 7 6509.0
2013 8 7462.0
2013 9 5415.0
2013 10 13568.0
2013 11 5250.0
2013 12 3691.0
2014 1 133.0
2014 2 1339.0
2014 3 3423.0
2014 4 6945.0
2014 5 6570.0
2014 6 5467.0
2014 7 13151.0
2014 8 4884.0
2014 9 6527.0
2014 10 6026.0
2014 11 4022.0
2014 12 3026.0
2015 1 3539.0
2015 2 2616.0
2015 3 12866.0
2015 4 7439.0
2015 5 7246.0
2015 6 6859.0
2015 7 11717.0
2015 8 9389.0
2015 9 11135.0
2015 10 9551.0
2015 11 6131.0
2015 12 6638.0
2016 1 2578.0
2016 2 5568.0
2016 3 13502.0
2016 4 3611.0
2016 5 7725.0
2016 6 17377.0
2016 7 4686.0
2016 8 8236.0
2016 9 6735.0
2016 10 26333.0
2016 11 12791.0
2016 12 6108.0
2017 1 4431.0
2017 2 3695.0
2017 3 10402.0
2017 4 8199.0
2017 5 7471.0
2017 6 7764.0
2017 7 7743.0
2017 8 9078.0
2017 9 12189.0
2017 10 7642.0
2017 11 7727.0
2017 12 5059.0
2018 1 6045.0
2018 2 4974.0
2018 3 8640.0
2018 4 11816.0
2018 5 14535.0
2018 6 14524.0
2018 7 14889.0
2018 8 12906.0
2018 9 9370.0
2018 10 16793.0
2018 11 7596.0
2018 12 6860.0
2019 1 13536.0
2019 2 3584.0
2019 3 7211.0
2019 4 13695.0
2019 5 14057.0
2019 6 7823.0
2019 7 13074.0
2019 8 9612.0
2019 9 14058.0
2019 10 10881.0
2019 11 7307.0
2019 12 13329.0
2020 1 12265.0
2020 2 7170.0
2020 3 8915.0
2020 4 15668.0
2020 5 16075.0
2020 6 18232.0
2020 7 14000.0
2020 8 23422.0
2020 9 29933.0
2020 10 15445.0
2020 11 9381.0
2020 12 6282.0
2021 1 9469.0
2021 2 14553.0
2021 3 16847.0
2021 4 30041.0
2021 5 18271.0
2021 6 26252.0
2021 7 35167.0
2021 8 24988.0
2021 9 29276.0
2021 10 45531.0
2021 11 46098.0
2021 12 18378.0
2022 1 12785.0
2022 2 14362.0
2022 3 24323.0
2022 4 30036.0
2022 5 27714.0
2022 6 30036.0
2022 7 20434.0
2022 8 37501.0
2022 9 26940.0
2022 10 31929.0
2022 11 13875.0
2022 12 18637.0
2023 1 12995.0
2023 2 16245.0
2023 3 16361.0
2023 4 23740.0
2023 5 40087.0
2023 6 32028.0
2023 7 25823.0
2023 8 27490.0
2023 9 25910.0
2023 10 37134.0
2023 11 29952.0
2023 12 16446.0
2024 1 18430.0
2024 2 19761.0
2024 3 29435.0
2024 4 31814.0
2024 5 31426.0
2024 6 30681.0
2024 7 34642.0
2024 8 36443.0
