1960 5 1900.0
1960 6 2081.0
1960 7 1889.0
1960 8 2136.0
1960 9 1468.0
1960 10 1334.0
1960 11 757.0
1960 12 652.0
1961 1 556.0
1961 2 708.0
1961 3 1032.0
1961 4 1288.0
1961 5 1304.0
1961 6 1584.0
1961 7 2037.0
1961 8 1459.0
1961 9 1374.0
1961 10 832.0
1961 11 817.0
1961 12 695.0
1962 1 360.0
1962 2 1295.0
1962 3 804.0
1962 4 1134.0
1962 5 1280.0
1962 6 2369.0
1962 7 893.0
1962 8 1348.0
1962 9 804.0
1962 10 912.0
1962 11 1077.0
1962 12 1010.0
1963 1 308.0
1963 2 573.0
1963 3 609.0
1963 4 881.0
1963 5 1152.0
1963 6 1072.0
1963 7 720.0
1963 8 732.0
1963 9 1332.0
1963 10 1236.0
1963 11 686.0
1963 12 605.0
1964 1 553.0
1964 2 855.0
1964 3 946.0
1964 4 920.0
1964 5 822.0
1964 6 1237.0
1964 7 1107.0
1964 8 690.0
1964 9 1196.0
1964 10 1231.0
1964 11 559.0
1964 12 515.0
1965 1 453.0
1965 2 248.0
1965 3 737.0
1965 4 881.0
1965 5 503.0
1965 6 631.0
1965 7 698.0
1965 8 485.0
1965 9 525.0
1965 10 640.0
1965 11 456.0
1965 12 549.0
1966 1 262.0
1966 2 247.0
1966 3 465.0
1966 4 632.0
1966 5 511.0
1966 6 350.0
1966 7 235.0
1966 8 412.0
1966 9 322.0
1966 10 272.0
1966 11 198.0
1966 12 163.0
1967 1 122.0
1967 2 352.0
1967 3 541.0
1967 4 417.0
1967 5 328.0
1967 6 748.0
1967 7 461.0
1967 8 500.0
1967 9 441.0
1967 10 511.0
1967 11 444.0
1967 12 86.0
1968 1 381.0
1968 2 539.0
1968 3 231.0
1968 4 475.0
1968 5 845.0
1968 6 570.0
1968 7 378.0
1968 8 658.0
1968 9 1106.0
1968 10 448.0
1968 11 603.0
1968 12 425.0
1969 1 423.0
1969 2 659.0
1969 3 435.0
1969 4 1131.0
1969 5 1099.0
1969 6 875.0
1969 7 566.0
1969 8 673.0
1969 9 956.0
1969 10 417.0
1969 11 797.0
1969 12 834.0
1970 1 271.0
1970 2 653.0
1970 3 504.0
1970 4 568.0
1970 5 1042.0
1970 6 1234.0
1970 7 1442.0
1970 8 1790.0
1970 9 1000.0
1970 10 1834.0
1970 11 648.0
1970 12 805.0
1971 1 368.0
1971 2 506.0
1971 3 584.0
1971 4 687.0
1971 5 1374.0
1971 6 1718.0
1971 7 1560.0
1971 8 1256.0
1971 9 1640.0
1971 10 1335.0
1971 11 977.0
1971 12 919.0
1972 1 588.0
1972 2 1387.0
1972 3 1826.0
1972 4 1860.0
1972 5 2211.0
1972 6 1590.0
1972 7 1605.0
1972 8 1112.0
1972 9 2120.0
1972 10 2535.0
1972 11 1686.0
1972 12 977.0
1973 1 1605.0
1973 2 626.0
1973 3 1506.0
1973 4 2253.0
1973 5 4622.0
1973 6 4211.0
1973 7 4785.0
1973 8 4050.0
1973 9 5521.0
1973 10 2893.0
1973 11 2454.0
1973 12 1792.0
1974 1 1129.0
1974 2 1522.0
1974 3 1804.0
1974 4 4320.0
1974 5 5638.0
1974 6 2283.0
1974 7 3807.0
1974 8 5131.0
1974 9 4863.0
1974 10 4038.0
1974 11 4032.0
1974 12 1625.0
1975 1 1461.0
1975 2 1471.0
1975 3 2227.0
1975 4 5684.0
1975 5 8276.0
1975 6 10511.0
1975 7 4504.0
1975 8 10464.0
1975 9 6262.0
1975 10 7771.0
1975 11 4122.0
1975 12 3055.0
1976 1 7267.0
1976 2 4831.0
1976 3 9804.0
1976 4 16739.0
1976 5 12303.0
1976 6 10775.0
1976 7 8844.0
1976 8 11291.0
1976 9 10921.0
1976 10 8113.0
1976 11 6109.0
1976 12 2539.0
1977 1 9078.0
1977 2 12798.0
1977 3 10651.0
1977 4 10901.0
1977 5 12998.0
1977 6 10197.0
1977 7 8871.0
1977 8 10287.0
1977 9 9096.0
1977 10 12113.0
1977 11 7391.0
1977 12 4451.0
1978 1 4236.0
1978 2 5279.0
1978 3 16408.0
1978 4 12127.0
1978 5 11896.0
1978 6 15290.0
1978 7 9191.0
1978 8 12713.0
1978 9 9865.0
1978 10 10226.0
1978 11 8080.0
1978 12 5647.0
1979 1 3444.0
1979 2 7537.0
1979 3 11991.0
1979 4 14153.0
1979 5 14619.0
1979 6 17410.0
1979 7 12616.0
1979 8 17253.0
1979 9 18530.0
1979 10 12997.0
1979 11 8382.0
1979 12 6904.0
1980 1 4786.0
1980 2 5555.0
1980 3 7209.0
1980 4 7536.0
1980 5 8997.0
1980 6 12726.0
1980 7 14645.0
1980 8 15454.0
1980 9 13326.0
1980 10 9782.0
1980 11 7528.0
1980 12 6204.0
1981 1 5192.0
1981 2 5466.0
1981 3 10988.0
1981 4 12800.0
1981 5 10302.0
1981 6 9915.0
1981 7 9309.0
1981 8 12414.0
1981 9 6718.0
1981 10 7624.0
1981 11 8858.0
1981 12 3693.0
1982 1 2916.0
1982 2 5706.0
1982 3 10744.0
1982 4 8617.0
1982 5 8871.0
1982 6 14126.0
1982 7 11067.0
1982 8 9139.0
1982 9 8641.0
1982 10 7731.0
1982 11 6911.0
1982 12 6091.0
1983 1 6117.0
1983 2 5873.0
1983 3 8422.0
1983 4 11002.0
1983 5 10047.0
1983 6 10342.0
1983 7 7842.0
1983 8 7495.0
1983 9 9825.0
1983 10 8390.0
1983 11 4907.0
1983 12 2365.0
1984 1 3297.0
1984 2 4215.0
1984 3 6767.0
1984 4 7833.0
1984 5 8716.0
1984 6 8381.0
1984 7 5969.0
1984 8 5101.0
1984 9 6034.0
1984 10 4317.0
1984 11 2864.0
1984 12 1526.0
1985 1 1659.0
1985 2 1501.0
1985 3 4109.0
1985 4 4626.0
1985 5 5310.0
1985 6 4328.0
1985 7 5925.0
1985 8 5653.0
1985 9 3639.0
1985 10 4327.0
1985 11 2649.0
1985 12 1495.0
1986 1 1075.0
1986 2 1392.0
1986 3 4604.0
1986 4 6144.0
1986 5 5109.0
1986 6 3681.0
1986 7 4316.0
1986 8 5867.0
1986 9 4490.0
1986 10 4660.0
1986 11 1875.0
1986 12 1473.0
1987 1 1248.0
1987 2 1456.0
1987 3 1694.0
1987 4 3343.0
1987 5 3500.0
1987 6 5685.0
1987 7 3167.0
1987 8 3119.0
1987 9 3708.0
1987 10 3706.0
1987 11 2172.0
1987 12 1625.0
1988 1 1057.0
1988 2 1055.0
1988 3 2064.0
1988 4 4668.0
1988 5 6511.0
1988 6 4438.0
1988 7 4070.0
1988 8 5166.0
1988 9 5383.0
1988 10 3549.0
1988 11 2788.0
1988 12 1004.0
1989 1 870.0
1989 2 1078.0
1989 3 2598.0
1989 4 4817.0
1989 5 8868.0
1989 6 5291.0
1989 7 6452.0
1989 8 5408.0
1989 9 4550.0
1989 10 3561.0
1989 11 2782.0
1989 12 1054.0
1990 1 1954.0
1990 2 2469.0
1990 3 3076.0
1990 4 7702.0
1990 5 7832.0
1990 6 7251.0
1990 7 5932.0
1990 8 3999.0
1990 9 4238.0
1990 10 5191.0
1990 11 2407.0
1990 12 1249.0
1991 1 1505.0
1991 2 2397.0
1991 3 4435.0
1991 4 5601.0
1991 5 6909.0
1991 6 5807.0
1991 7 7950.0
1991 8 6876.0
1991 9 5524.0
1991 10 5140.0
1991 11 3451.0
1991 12 3182.0
1992 1 2545.0
1992 2 6795.0
1992 3 8983.0
1992 4 12658.0
1992 5 8571.0
1992 6 8316.0
1992 7 8080.0
1992 8 6634.0
1992 9 11220.0
1992 10 10355.0
1992 11 4897.0
1992 12 2557.0
1993 1 5329.0
1993 2 3560.0
1993 3 7306.0
1993 4 14605.0
1993 5 10967.0
1993 6 17068.0
1993 7 13529.0
1993 8 14950.0
1993 9 13087.0
1993 10 12123.0
1993 11 5657.0
1993 12 6738.0
1994 1 11007.0
1994 2 10534.0
1994 3 18433.0
1994 4 24283.0
1994 5 22527.0
1994 6 19721.0
1994 7 17633.0
1994 8 16737.0
1994 9 17693.0
1994 10 11362.0
1994 11 10004.0
1994 12 6485.0
1995 1 6334.0
1995 2 6752.0
1995 3 13718.0
1995 4 14358.0
1995 5 13211.0
1995 6 17998.0
1995 7 12201.0
1995 8 13833.0
1995 9 15083.0
1995 10 10895.0
1995 11 10667.0
1995 12 5860.0
1996 1 5669.0
1996 2 12051.0
1996 3 18556.0
1996 4 19157.0
1996 5 17732.0
1996 6 20328.0
1996 7 15944.0
1996 8 17480.0
1996 9 11828.0
1996 10 12838.0
1996 11 7646.0
1996 12 6569.0
1997 1 5201.0
1997 2 8952.0
1997 3 10471.0
1997 4 17304.0
1997 5 19205.0
1997 6 20664.0
1997 7 21368.0
1997 8 16675.0
1997 9 17349.0
1997 10 13357.0
1997 11 8650.0
1997 12 9912.0
1998 1 6965.0
1998 2 9924.0
1998 3 28307.0
1998 4 35065.0
1998 5 22353.0
1998 6 21003.0
1998 7 19153.0
1998 8 18998.0
1998 9 19824.0
1998 10 20256.0
1998 11 9228.0
1998 12 7703.0
1999 1 8126.0
1999 2 11968.0
1999 3 29493.0
1999 4 30950.0
1999 5 28032.0
1999 6 22563.0
1999 7 22435.0
1999 8 25207.0
1999 9 21983.0
1999 10 19676.0
1999 11 11873.0
1999 12 8841.0
2000 1 8276.0
2000 2 10371.0
2000 3 45472.0
2000 4 34602.0
2000 5 41204.0
2000 6 24776.0
2000 7 32808.0
2000 8 27281.0
2000 9 25843.0
2000 10 26811.0
2000 11 14194.0
2000 12 9354.0
2001 1 9090.0
2001 2 14532.0
2001 3 23721.0
2001 4 24266.0
2001 5 28359.0
2001 6 33910.0
2001 7 24087.0
2001 8 24195.0
2001 9 25168.0
2001 10 16694.0
2001 11 12636.0
2001 12 7832.0
2002 1 10266.0
2002 2 19135.0
2002 3 18327.0
2002 4 29751.0
2002 5 37815.0
2002 6 31282.0
2002 7 27602.0
2002 8 27167.0
2002 9 23262.0
2002 10 25504.0
2002 11 16964.0
2002 12 15392.0
2003 1 13761.0
2003 2 15536.0
2003 3 20752.0
2003 4 30618.0
2003 5 31818.0
2003 6 28774.0
2003 7 34481.0
2003 8 31791.0
2003 9 31410.0
2003 10 34240.0
2003 11 18966.0
2003 12 20596.0
2004 1 18786.0
2004 2 21781.0
2004 3 31275.0
2004 4 45501.0
2004 5 39326.0
2004 6 36899.0
2004 7 48734.0
2004 8 50600.0
2004 9 48690.0
2004 10 30503.0
2004 11 26637.0
2004 12 21657.0
2005 1 17114.0
2005 2 22087.0
2005 3 50538.0
2005 4 51707.0
2005 5 57890.0
2005 6 47958.0
2005 7 44152.0
2005 8 52928.0
2005 9 50866.0
2005 10 49942.0
2005 11 35234.0
2005 12 20590.0
2006 1 25914.0
2006 2 30502.0
2006 3 50914.0
2006 4 38815.0
2006 5 63365.0
2006 6 59329.0
2006 7 46062.0
2006 8 53112.0
2006 9 52634.0
2006 10 40444.0
2006 11 28471.0
2006 12 26053.0
2007 1 29592.0
2007 2 27139.0
2007 3 59860.0
2007 4 51056.0
2007 5 59691.0
2007 6 71011.0
2007 7 51796.0
2007 8 62840.0
2007 9 52997.0
2007 10 44156.0
2007 11 33116.0
2007 12 20048.0
2008 1 21991.0
2008 2 33324.0
2008 3 60531.0
2008 4 50397.0
2008 5 44914.0
2008 6 47714.0
2008 7 52335.0
2008 8 34387.0
2008 9 39474.0
2008 10 28605.0
2008 11 15943.0
2008 12 17983.0
2009 1 11047.0
2009 2 10996.0
2009 3 19331.0
2009 4 22586.0
2009 5 36165.0
2009 6 32586.0
2009 7 34550.0
2009 8 32353.0
2009 9 28541.0
2009 10 15373.0
2009 11 22811.0
2009 12 17231.0
2010 1 26720.0
2010 2 13174.0
2010 3 37377.0
2010 4 30395.0
2010 5 25485.0
2010 6 53189.0
2010 7 36389.0
2010 8 28686.0
2010 9 24694.0
2010 10 43628.0
2010 11 16773.0
2010 12 16107.0
2011 1 12940.0
2011 2 11125.0
2011 3 24965.0
2011 4 37616.0
2011 5 39820.0
2011 6 38162.0
2011 7 37329.0
2011 8 25964.0
2011 9 30739.0
2011 10 22204.0
2011 11 24938.0
2011 12 12996.0
2012 1 25620.0
2012 2 27041.0
2012 3 35460.0
2012 4 34612.0
2012 5 52945.0
2012 6 40278.0
2012 7 28689.0
2012 8 48835.0
2012 9 36871.0
2012 10 37893.0
2012 11 24941.0
2012 12 13103.0
2013 1 20678.0
2013 2 26678.0
2013 3 32017.0
2013 4 45421.0
2013 5 40764.0
2013 6 58927.0
2013 7 47947.0
2013 8 39414.0
2013 9 33584.0
2013 10 34766.0
2013 11 26360.0
2013 12 24439.0
2014 1 19443.0
2014 2 35297.0
2014 3 29541.0
2014 4 44704.0
2014 5 56523.0
2014 6 61111.0
2014 7 53037.0
2014 8 32965.0
2014 9 40269.0
2014 10 31101.0
2014 11 33148.0
2014 12 24937.0
2015 1 15464.0
2015 2 33017.0
2015 3 54151.0
2015 4 68193.0
2015 5 46263.0
2015 6 48296.0
2015 7 54790.0
2015 8 45130.0
2015 9 31838.0
2015 10 36805.0
2015 11 46249.0
2015 12 22206.0
2016 1 17973.0
2016 2 36932.0
2016 3 49299.0
2016 4 62689.0
2016 5 70003.0
2016 6 54386.0
2016 7 41627.0
2016 8 37359.0
2016 9 32713.0
2016 10 55395.0
2016 11 44934.0
2016 12 34885.0
2017 1 16131.0
2017 2 32350.0
2017 3 51812.0
2017 4 58990.0
2017 5 54278.0
2017 6 54895.0
2017 7 31948.0
2017 8 57523.0
2017 9 41066.0
2017 10 36995.0
2017 11 26482.0
2017 12 17545.0
2018 1 32159.0
2018 2 33739.0
2018 3 73530.0
2018 4 37244.0
2018 5 63343.0
2018 6 53282.0
2018 7 59111.0
2018 8 52784.0
2018 9 27340.0
2018 10 34312.0
2018 11 28841.0
2018 12 31697.0
2019 1 22378.0
2019 2 37897.0
2019 3 34529.0
2019 4 74444.0
2019 5 77309.0
2019 6 56321.0
2019 7 43338.0
2019 8 48480.0
2019 9 42191.0
2019 10 39743.0
2019 11 27573.0
2019 12 16864.0
2020 1 28181.0
2020 2 27171.0
2020 3 42126.0
2020 4 45029.0
2020 5 46146.0
2020 6 77882.0
2020 7 86082.0
2020 8 53698.0
2020 9 78526.0
2020 10 40048.0
2020 11 41706.0
2020 12 48605.0
2021 1 47084.0
2021 2 73661.0
2021 3 92409.0
2021 4 122398.0
2021 5 95782.0
2021 6 133869.0
2021 7 117948.0
2021 8 66651.0
2021 9 65791.0
2021 10 44274.0
2021 11 51856.0
2021 12 34620.0
2022 1 76321.0
2022 2 73338.0
2022 3 92849.0
2022 4 110171.0
2022 5 131776.0
2022 6 110731.0
2022 7 47795.0
2022 8 69827.0
2022 9 73816.0
2022 10 40946.0
2022 11 45907.0
2022 12 64109.0
2023 1 21280.0
2023 2 28967.0
2023 3 56012.0
2023 4 46020.0
2023 5 59007.0
2023 6 87447.0
2023 7 57131.0
2023 8 90657.0
2023 9 67202.0
2023 10 36272.0
2023 11 51501.0
2023 12 39071.0
2024 1 60828.0
2024 2 69983.0
2024 3 81959.0
2024 4 111369.0
2024 5 58225.0
2024 6 51659.0
2024 7 68602.0
2024 8 54336.0
