1960 5 83.0
1960 6 17.0
1960 7 54.0
1960 8 91.0
1960 9 35.0
1960 10 10.0
1960 11 40.0
1960 12 70.0
1961 1 50.0
1961 2 39.0
1961 3 28.0
1961 4 17.0
1961 5 15.0
1961 6 109.0
1961 7 30.0
1961 8 47.0
1961 9 12.0
1961 10 125.0
1961 11 104.25
1961 12 83.5
1962 1 62.75
1962 2 42.0
1962 3 295.0
1962 4 100.0
1962 5 165.0
1962 6 28.0
1962 7 107.0
1962 8 32.0
1962 9 24.0
1962 10 16.0
1962 11 15.6
1962 12 15.2
1963 1 14.8
1963 2 14.4
1963 3 14.0
1963 4 52.0
1963 5 90.0
1963 6 63.0
1963 7 130.0
1963 8 66.5
1963 9 3.0
1963 10 52.0
1963 11 51.0
1963 12 50.0
1964 1 35.0
1964 2 35.0
1964 3 95.0
1964 4 65.0
1964 5 45.0
1964 6 164.0
1964 7 265.0
1964 8 69.0
1964 9 15.0
1964 10 39.0
1964 11 425.5
1964 12 812.0
1965 1 70.0
1965 2 189.0
1965 3 42.0
1965 4 152.0
1965 5 39.0
1965 6 27.0
1965 7 15.0
1965 8 91.0
1965 9 200.0
1965 10 84.0
1965 11 66.0
1965 12 48.0
1966 1 96.0
1966 2 144.0
1966 3 192.0
1966 4 240.0
1966 5 176.0
1966 6 112.0
1966 7 48.0
1966 8 69.0
1966 9 90.0
1966 10 79.6
1966 11 69.2
1966 12 58.8
1967 1 48.4
1967 2 38.0
1967 3 24.0
1967 4 74.0
1967 5 40.0
1967 6 186.0
1967 7 12.0
1967 8 41.0
1967 9 33.0
1967 10 25.0
1967 11 180.0
1967 12 1039.0
1968 1 529.5
1968 2 20.0
1968 3 172.0
1968 4 125.0
1968 5 536.0
1968 6 947.0
1968 7 120.0
1968 8 91.0
1968 9 24.0
1968 10 91.0
1968 11 7.0
1968 12 76.0
1969 1 117.33333333333334
1969 2 158.66666666666669
1969 3 200.0
1969 4 30.0
1969 5 186.0
1969 6 163.0
1969 7 112.0
1969 8 61.0
1969 9 10.0
1969 10 50.0
1969 11 30.5
1969 12 11.0
1970 1 48.0
1970 2 256.5
1970 3 465.0
1970 4 310.0
1970 5 116.0
1970 6 80.0
1970 7 72.5
1970 8 65.0
1970 9 33.0
1970 10 1132.0
1970 11 28.0
1970 12 771.0
1971 1 650.0
1971 2 88.0
1971 3 32.0
1971 4 625.0
1971 5 51.0
1971 6 156.0
1971 7 113.0
1971 8 70.0
1971 9 340.0
1971 10 1019.0
1971 11 30.0
1971 12 91.0
1972 1 439.0
1972 2 105.0
1972 3 428.0
1972 4 217.0
1972 5 215.0
1972 6 265.0
1972 7 1820.0
1972 8 1394.0
1972 9 988.0
1972 10 41.0
1972 11 531.0
1972 12 1021.0
1973 1 519.0
1973 2 520.0
1973 3 624.0
1973 4 914.0
1973 5 282.0
1973 6 353.0
1973 7 149.0
1973 8 530.0
1973 9 305.0
1973 10 42.0
1973 11 504.0
1973 12 1422.0
1974 1 538.0
1974 2 1570.0
1974 3 123.0
1974 4 1180.0
1974 5 1431.0
1974 6 1426.0
1974 7 936.0
1974 8 75.0
1974 9 360.0
1974 10 92.0
1974 11 956.0
1974 12 100.0
1975 1 268.0
1975 2 1076.0
1975 3 70.0
1975 4 239.0
1975 5 80.0
1975 6 4390.0
1975 7 449.0
1975 8 2827.0
1975 9 2007.0
1975 10 1255.0
1975 11 339.0
1975 12 80.0
1976 1 935.0
1976 2 725.0
1976 3 776.0
1976 4 750.0
1976 5 2236.0
1976 6 835.0
1976 7 2159.0
1976 8 1875.0
1976 9 1217.0
1976 10 2590.0
1976 11 1263.0
1976 12 320.0
1977 1 2208.0
1977 2 4082.0
1977 3 1774.0
1977 4 2329.0
1977 5 2940.0
1977 6 2314.0
1977 7 2200.0
1977 8 3851.0
1977 9 2216.0
1977 10 1803.0
1977 11 2562.0
1977 12 959.0
1978 1 1113.0
1978 2 2684.0
1978 3 1175.0
1978 4 3757.0
1978 5 2745.0
1978 6 2535.0
1978 7 2731.0
1978 8 1054.0
1978 9 1200.0
1978 10 4470.0
1978 11 6069.0
1978 12 1255.0
1979 1 702.0
1979 2 5126.0
1979 3 1927.0
1979 4 2235.0
1979 5 5367.0
1979 6 2938.0
1979 7 3153.0
1979 8 3367.0
1979 9 2445.0
1979 10 3831.0
1979 11 1802.0
1979 12 1155.0
1980 1 754.0
1980 2 820.0
1980 3 806.0
1980 4 3795.0
1980 5 812.0
1980 6 3406.0
1980 7 2384.0
1980 8 3219.0
1980 9 7297.0
1980 10 2474.0
1980 11 1745.0
1980 12 2280.0
1981 1 1121.0
1981 2 1092.0
1981 3 3155.0
1981 4 2424.0
1981 5 1242.0
1981 6 5038.0
1981 7 5489.0
1981 8 7156.0
1981 9 10485.0
1981 10 3215.0
1981 11 2688.0
1981 12 4391.0
1982 1 1559.0
1982 2 2291.0
1982 3 2277.0
1982 4 2337.0
1982 5 1806.0
1982 6 4173.0
1982 7 4722.0
1982 8 4825.0
1982 9 5255.0
1982 10 2494.0
1982 11 2049.0
1982 12 1604.0
1983 1 1619.0
1983 2 1273.0
1983 3 850.0
1983 4 2936.0
1983 5 1600.0
1983 6 801.0
1983 7 1319.0
1983 8 1004.0
1983 9 4282.0
1983 10 547.0
1983 11 930.0
1983 12 178.0
1984 1 308.0
1984 2 807.0
1984 3 1782.0
1984 4 1550.0
1984 5 944.0
1984 6 610.0
1984 7 699.0
1984 8 1422.0
1984 9 73.0
1984 10 862.0
1984 11 875.0
1984 12 115.0
1985 1 88.0
1985 2 41.0
1985 3 1195.0
1985 4 319.0
1985 5 172.0
1985 6 2123.0
1985 7 1233.0
1985 8 879.0
1985 9 368.0
1985 10 1209.0
1985 11 193.0
1985 12 70.0
1986 1 240.0
1986 2 202.0
1986 3 180.0
1986 4 1124.0
1986 5 576.0
1986 6 620.0
1986 7 185.0
1986 8 203.0
1986 9 174.0
1986 10 145.0
1986 11 95.0
1986 12 224.0
1987 1 112.0
1987 2 327.0
1987 3 254.5
1987 4 182.0
1987 5 16.0
1987 6 158.0
1987 7 287.0
1987 8 416.0
1987 9 562.0
1987 10 364.0
1987 11 166.0
1987 12 133.0
1988 1 100.0
1988 2 106.0
1988 3 112.0
1988 4 5878.0
1988 5 112.0
1988 6 110.0
1988 7 108.0
1988 8 49.0
1988 9 240.0
1988 10 49.0
1988 11 80.0
1988 12 72.25
1989 1 64.5
1989 2 56.75
1989 3 49.0
1989 4 1114.0
1989 5 91.0
1989 6 192.0
1989 7 49.0
1989 8 160.0
1989 9 241.0
1989 10 220.75
1989 11 200.5
1989 12 180.25
1990 1 160.0
1990 2 140.0
1990 3 150.0
1990 4 160.0
1990 5 170.0
1990 6 150.2
1990 7 130.4
1990 8 110.6
1990 9 90.8
1990 10 71.0
1990 11 71.0
1990 12 65.0
1991 1 200.0
1991 2 307.3333333333333
1991 3 414.66666666666663
1991 4 522.0
1991 5 307.0
1991 6 1099.0
1991 7 986.0
1991 8 237.0
1991 9 382.0
1991 10 1553.0
1991 11 1455.0
1991 12 1357.0
1992 1 965.3333333333333
1992 2 573.6666666666666
1992 3 182.0
1992 4 358.0
1992 5 329.0
1992 6 300.0
1992 7 260.0
1992 8 150.0
1992 9 474.0
1992 10 204.0
1992 11 299.75
1992 12 395.5
1993 1 491.25
1993 2 587.0
1993 3 335.5
1993 4 84.0
1993 5 397.0
1993 6 557.0
1993 7 255.0
1993 8 55.0
1993 9 1892.0
1993 10 260.0
1993 11 647.0
1993 12 371.0
1994 1 1311.0
1994 2 1581.0
1994 3 250.0
1994 4 350.0
1994 5 731.0
1994 6 1596.0
1994 7 1672.0
1994 8 294.0
1994 9 1207.0
1994 10 632.0
1994 11 1730.0
1994 12 2293.0
1995 1 226.0
1995 2 1012.0
1995 3 583.0
1995 4 661.0
1995 5 1062.0
1995 6 1398.0
1995 7 764.0
1995 8 2354.0
1995 9 120.0
1995 10 1131.0
1995 11 649.0
1995 12 167.0
1996 1 1175.0
1996 2 480.0
1996 3 275.0
1996 4 1668.0
1996 5 1022.0
1996 6 4941.0
1996 7 3166.0
1996 8 4065.0
1996 9 2781.0
1996 10 2948.0
1996 11 610.0
1996 12 1835.0
1997 1 491.0
1997 2 1093.0
1997 3 380.0
1997 4 1141.0
1997 5 4343.0
1997 6 4522.0
1997 7 3015.0
1997 8 358.0
1997 9 90.0
1997 10 4975.0
1997 11 4015.0
1997 12 103.0
1998 1 1345.0
1998 2 1454.0
1998 3 1218.0
1998 4 982.0
1998 5 841.0
1998 6 7496.0
1998 7 3046.0
1998 8 1159.0
1998 9 90.0
1998 10 1203.0
1998 11 182.0
1998 12 795.0
1999 1 223.0
1999 2 3158.0
1999 3 6093.0
1999 4 13725.0
1999 5 400.0
1999 6 978.0
1999 7 1303.0
1999 8 1628.0
1999 9 710.0
1999 10 813.0
1999 11 912.0
1999 12 1890.0
2000 1 754.0
2000 2 403.0
2000 3 168.0
2000 4 627.0
2000 5 121.0
2000 6 798.0
2000 7 707.0
2000 8 3171.0
2000 9 531.0
2000 10 1517.0
2000 11 211.0
2000 12 388.0
2001 1 1185.0
2001 2 557.0
2001 3 1488.0
2001 4 1395.0
2001 5 7505.0
2001 6 272.0
2001 7 194.0
2001 8 880.0
2001 9 3480.0
2001 10 2371.0
2001 11 395.0
2001 12 1634.0
2002 1 194.0
2002 2 396.0
2002 3 2080.0
2002 4 2068.0
2002 5 2172.0
2002 6 784.0
2002 7 1019.0
2002 8 315.0
2002 9 4837.0
2002 10 1828.0
2002 11 374.0
2002 12 985.0
2003 1 294.0
2003 2 930.0
2003 3 1328.0
2003 4 4145.0
2003 5 6731.0
2003 6 1306.0
2003 7 2818.0
2003 8 1213.0
2003 9 2284.0
2003 10 1727.0
2003 11 2155.0
2003 12 424.0
2004 1 7170.0
2004 2 963.0
2004 3 3046.0
2004 4 3088.0
2004 5 3296.0
2004 6 3402.0
2004 7 6571.0
2004 8 4424.0
2004 9 3931.0
2004 10 2864.0
2004 11 2383.0
2004 12 2716.0
2005 1 2465.0
2005 2 1498.0
2005 3 2143.0
2005 4 2411.0
2005 5 2337.0
2005 6 3145.0
2005 7 2453.0
2005 8 2552.0
2005 9 3307.0
2005 10 5659.0
2005 11 2598.0
2005 12 2329.0
2006 1 2449.0
2006 2 3201.0
2006 3 2742.0
2006 4 4877.0
2006 5 6197.0
2006 6 4497.0
2006 7 2789.0
2006 8 2508.0
2006 9 3872.0
2006 10 2942.0
2006 11 2099.0
2006 12 6849.0
2007 1 2601.0
2007 2 3784.0
2007 3 6272.0
2007 4 1391.0
2007 5 4673.0
2007 6 1071.0
2007 7 1521.0
2007 8 2403.0
2007 9 1391.0
2007 10 5418.0
2007 11 2140.0
2007 12 1027.0
2008 1 1890.0
2008 2 2020.0
2008 3 1913.0
2008 4 2417.0
2008 5 2404.0
2008 6 6455.0
2008 7 2986.0
2008 8 5449.0
2008 9 2951.0
2008 10 2457.0
2008 11 2709.0
2008 12 1049.0
2009 1 988.0
2009 2 709.0
2009 3 559.0
2009 4 1378.0
2009 5 635.0
2009 6 1615.0
2009 7 2644.0
2009 8 13614.0
2009 9 5859.0
2009 10 260.0
2009 11 730.0
2009 12 1200.0
2010 1 12717.0
2010 2 24234.0
2010 3 833.0
2010 4 315.0
2010 5 7108.0
2010 6 4576.0
2010 7 3469.0
2010 8 1074.0
2010 9 2334.0
2010 10 2253.0
2010 11 10282.0
2010 12 1479.0
2011 1 1706.0
2011 2 1920.0
2011 3 4140.0
2011 4 978.0
2011 5 821.0
2011 6 9408.0
2011 7 4458.0
2011 8 6990.0
2011 9 3859.0
2011 10 778.0
2011 11 12006.0
2011 12 600.0
2012 1 514.0
2012 2 428.0
2012 3 9853.0
2012 4 1281.0
2012 5 1410.0
2012 6 1253.0
2012 7 635.0
2012 8 11175.0
2012 9 4205.0
2012 10 1453.0
2012 11 475.0
2012 12 6787.0
2013 1 475.0
2013 2 1505.0
2013 3 350.0
2013 4 3417.0
2013 5 13718.0
2013 6 1118.0
2013 7 2161.0
2013 8 1988.0
2013 9 3022.0
2013 10 3248.0
2013 11 2528.0
2013 12 428.0
2014 1 1120.5
2014 2 1813.0
2014 3 670.0
2014 4 7703.0
2014 5 1706.0
2014 6 1258.0
2014 7 1379.0
2014 8 673.0
2014 9 514.0
2014 10 1118.0
2014 11 514.0
2014 12 691.0
2015 1 893.0
2015 2 375.0
2015 3 428.0
2015 4 4858.0
2015 5 500.0
2015 6 2813.0
2015 7 2234.0
2015 8 945.0
2015 9 718.0
2015 10 825.0
2015 11 865.0
2015 12 2062.0
2016 1 1558.0
2016 2 293.0
2016 3 1317.0
2016 4 915.0
2016 5 5063.0
2016 6 734.0
2016 7 1383.0
2016 8 5642.0
2016 9 2617.0
2016 10 1077.0
2016 11 2000.0
2016 12 928.0
2017 1 1044.0
2017 2 1871.0
2017 3 2204.0
2017 4 1761.0
2017 5 2198.0
2017 6 4933.0
2017 7 1357.0
2017 8 3524.0
2017 9 7816.0
2017 10 208.0
2017 11 8550.0
2017 12 1850.0
2018 1 208.0
2018 2 946.0
2018 3 1964.0
2018 4 1217.0
2018 5 3122.0
2018 6 3786.0
2018 7 2166.0
2018 8 2954.0
2018 9 2895.0
2018 10 7792.0
2018 11 2325.0
2018 12 1954.0
2019 1 3500.0
2019 2 3728.0
2019 3 2625.0
2019 4 4291.0
2019 5 5944.0
2019 6 3114.0
2019 7 2901.0
2019 8 2900.0
2019 9 4505.0
2019 10 2171.0
2019 11 623.0
2019 12 954.0
2020 1 1200.0
2020 2 2231.0
2020 3 2491.0
2020 4 7531.0
2020 5 1263.0
2020 6 709.0
2020 7 10684.0
2020 8 1470.0
2020 9 1672.0
2020 10 1059.0
2020 11 1120.0
2020 12 14748.0
2021 1 6543.0
2021 2 589.0
2021 3 3131.0
2021 4 1337.0
2021 5 1237.0
2021 6 13008.0
2021 7 4969.0
2021 8 14075.0
2021 9 2430.0
2021 10 9429.0
2021 11 3782.0
2021 12 2320.0
2022 1 1937.0
2022 2 7710.0
2022 3 1283.0
2022 4 1450.0
2022 5 2057.0
2022 6 8360.0
2022 7 15092.0
2022 8 27812.0
2022 9 6478.0
2022 10 20835.0
2022 11 2759.0
2022 12 1409.0
2023 1 2470.0
2023 2 453.0
2023 3 6390.0
2023 4 2081.0
2023 5 1447.0
2023 6 1619.0
2023 7 840.0
2023 8 3255.0
2023 9 2713.0
2023 10 4955.0
2023 11 3582.0
2023 12 5014.0
2024 1 5960.0
2024 2 700.0
2024 3 14205.0
2024 4 1994.0
2024 5 5063.0
2024 6 2183.0
2024 7 1961.0
2024 8 1873.0
