1960 5 1983.0
1960 6 2098.0
1960 7 1889.0
1960 8 2227.0
1960 9 1503.0
1960 10 1344.0
1960 11 757.0
1960 12 722.0
1961 1 606.0
1961 2 708.0
1961 3 1032.0
1961 4 1304.0
1961 5 1319.0
1961 6 1693.0
1961 7 2067.0
1961 8 1506.0
1961 9 1386.0
1961 10 957.0
1961 11 817.0
1961 12 695.0
1962 1 360.0
1962 2 1337.0
1962 3 1099.0
1962 4 1234.0
1962 5 1446.0
1962 6 2397.0
1962 7 1000.0
1962 8 1380.0
1962 9 804.0
1962 10 928.0
1962 11 1077.0
1962 12 1010.0
1963 1 308.0
1963 2 573.0
1963 3 623.0
1963 4 881.0
1963 5 1242.0
1963 6 1135.0
1963 7 850.0
1963 8 732.0
1963 9 1335.0
1963 10 1288.0
1963 11 686.0
1963 12 655.0
1964 1 588.0
1964 2 889.0
1964 3 1041.0
1964 4 985.0
1964 5 867.0
1964 6 1401.0
1964 7 1372.0
1964 8 760.0
1964 9 1211.0
1964 10 1270.0
1964 11 559.0
1964 12 1327.0
1965 1 523.0
1965 2 437.0
1965 3 779.0
1965 4 1033.0
1965 5 542.0
1965 6 631.0
1965 7 713.0
1965 8 577.0
1965 9 726.0
1965 10 724.0
1965 11 456.0
1965 12 597.0
1966 1 262.0
1966 2 247.0
1966 3 465.0
1966 4 872.0
1966 5 511.0
1966 6 350.0
1966 7 283.0
1966 8 412.0
1966 9 412.0
1966 10 272.0
1966 11 198.0
1966 12 163.0
1967 1 122.0
1967 2 390.0
1967 3 565.0
1967 4 491.0
1967 5 368.0
1967 6 934.0
1967 7 473.0
1967 8 541.0
1967 9 441.0
1967 10 536.0
1967 11 623.0
1967 12 1124.0
1968 1 381.0
1968 2 559.0
1968 3 403.0
1968 4 600.0
1968 5 845.0
1968 6 1517.0
1968 7 498.0
1968 8 748.0
1968 9 1130.0
1968 10 538.0
1968 11 609.0
1968 12 501.0
1969 1 423.0
1969 2 659.0
1969 3 635.0
1969 4 1161.0
1969 5 1285.0
1969 6 1038.0
1969 7 566.0
1969 8 673.0
1969 9 966.0
1969 10 467.0
1969 11 797.0
1969 12 845.0
1970 1 319.0
1970 2 653.0
1970 3 969.0
1970 4 878.0
1970 5 1158.0
1970 6 1314.0
1970 7 1442.0
1970 8 1855.0
1970 9 1032.0
1970 10 2966.0
1970 11 676.0
1970 12 1576.0
1971 1 1018.0
1971 2 594.0
1971 3 616.0
1971 4 1312.0
1971 5 1425.0
1971 6 1874.0
1971 7 1560.0
1971 8 1326.0
1971 9 1980.0
1971 10 2353.0
1971 11 1007.0
1971 12 1010.0
1972 1 1028.0
1972 2 1492.0
1972 3 2254.0
1972 4 2076.0
1972 5 2426.0
1972 6 1855.0
1972 7 3426.0
1972 8 2506.0
1972 9 3108.0
1972 10 2577.0
1972 11 1686.0
1972 12 1998.0
1973 1 2124.0
1973 2 1146.0
1973 3 2130.0
1973 4 3166.0
1973 5 4904.0
1973 6 4564.0
1973 7 4934.0
1973 8 4581.0
1973 9 5826.0
1973 10 2935.0
1973 11 2958.0
1973 12 3214.0
1974 1 1667.0
1974 2 3092.0
1974 3 1927.0
1974 4 5500.0
1974 5 7068.0
1974 6 3709.0
1974 7 4743.0
1974 8 5206.0
1974 9 5223.0
1974 10 4129.0
1974 11 4988.0
1974 12 1725.0
1975 1 1729.0
1975 2 2547.0
1975 3 2297.0
1975 4 5923.0
1975 5 8356.0
1975 6 14902.0
1975 7 4953.0
1975 8 13292.0
1975 9 8269.0
1975 10 9026.0
1975 11 4461.0
1975 12 3135.0
1976 1 8202.0
1976 2 5556.0
1976 3 10580.0
1976 4 17488.0
1976 5 14539.0
1976 6 11609.0
1976 7 11003.0
1976 8 13166.0
1976 9 12138.0
1976 10 10702.0
1976 11 7372.0
1976 12 2859.0
1977 1 11286.0
1977 2 16880.0
1977 3 12425.0
1977 4 13230.0
1977 5 15938.0
1977 6 12511.0
1977 7 11071.0
1977 8 14139.0
1977 9 11312.0
1977 10 13916.0
1977 11 9953.0
1977 12 5410.0
1978 1 5350.0
1978 2 7963.0
1978 3 17583.0
1978 4 15885.0
1978 5 14641.0
1978 6 17825.0
1978 7 11921.0
1978 8 13767.0
1978 9 11066.0
1978 10 14696.0
1978 11 14149.0
1978 12 6902.0
1979 1 4146.0
1979 2 12663.0
1979 3 13919.0
1979 4 16389.0
1979 5 19986.0
1979 6 20348.0
1979 7 15770.0
1979 8 20621.0
1979 9 20974.0
1979 10 16829.0
1979 11 10183.0
1979 12 8059.0
1980 1 5541.0
1980 2 6375.0
1980 3 8016.0
1980 4 11331.0
1980 5 9809.0
1980 6 16132.0
1980 7 17029.0
1980 8 18673.0
1980 9 20624.0
1980 10 12255.0
1980 11 9273.0
1980 12 8484.0
1981 1 6313.0
1981 2 6558.0
1981 3 14143.0
1981 4 15224.0
1981 5 11544.0
1981 6 14953.0
1981 7 14798.0
1981 8 19571.0
1981 9 17203.0
1981 10 10839.0
1981 11 11546.0
1981 12 8084.0
1982 1 4475.0
1982 2 7996.0
1982 3 13021.0
1982 4 10954.0
1982 5 10677.0
1982 6 18299.0
1982 7 15789.0
1982 8 13964.0
1982 9 13897.0
1982 10 10225.0
1982 11 8960.0
1982 12 7695.0
1983 1 7736.0
1983 2 7146.0
1983 3 9273.0
1983 4 13938.0
1983 5 11647.0
1983 6 11144.0
1983 7 9162.0
1983 8 8498.0
1983 9 14107.0
1983 10 8938.0
1983 11 5837.0
1983 12 2543.0
1984 1 3605.0
1984 2 5022.0
1984 3 8548.0
1984 4 9382.0
1984 5 9660.0
1984 6 8992.0
1984 7 6668.0
1984 8 6523.0
1984 9 6107.0
1984 10 5178.0
1984 11 3739.0
1984 12 1641.0
1985 1 1748.0
1985 2 1542.0
1985 3 5304.0
1985 4 4945.0
1985 5 5483.0
1985 6 6451.0
1985 7 7158.0
1985 8 6532.0
1985 9 4008.0
1985 10 5537.0
1985 11 2842.0
1985 12 1565.0
1986 1 1314.0
1986 2 1594.0
1986 3 4784.0
1986 4 7268.0
1986 5 5683.0
1986 6 4301.0
1986 7 4500.0
1986 8 6070.0
1986 9 4490.0
1986 10 4805.0
1986 11 1970.0
1986 12 1697.0
1987 1 1360.0
1987 2 1784.0
1987 3 1694.0
1987 4 3525.0
1987 5 3516.0
1987 6 5843.0
1987 7 3167.0
1987 8 3535.0
1987 9 4270.0
1987 10 3706.0
1987 11 2337.0
1987 12 1625.0
1988 1 1156.0
1988 2 1055.0
1988 3 2176.0
1988 4 10546.0
1988 5 6623.0
1988 6 4438.0
1988 7 4178.0
1988 8 5215.0
1988 9 5623.0
1988 10 3598.0
1988 11 2868.0
1988 12 1004.0
1989 1 870.0
1989 2 1078.0
1989 3 2647.0
1989 4 5931.0
1989 5 8959.0
1989 6 5483.0
1989 7 6501.0
1989 8 5568.0
1989 9 4791.0
1989 10 3561.0
1989 11 2782.0
1989 12 1054.0
1990 1 2114.0
1990 2 2609.0
1990 3 3076.0
1990 4 7702.0
1990 5 8002.0
1990 6 7251.0
1990 7 5932.0
1990 8 3999.0
1990 9 4238.0
1990 10 5262.0
1990 11 2478.0
1990 12 1314.0
1991 1 1705.0
1991 2 2397.0
1991 3 4435.0
1991 4 6123.0
1991 5 7216.0
1991 6 6906.0
1991 7 8936.0
1991 8 7113.0
1991 9 5906.0
1991 10 6693.0
1991 11 3451.0
1991 12 4539.0
1992 1 2545.0
1992 2 6795.0
1992 3 9165.0
1992 4 13016.0
1992 5 8571.0
1992 6 8616.0
1992 7 8340.0
1992 8 6784.0
1992 9 11694.0
1992 10 10559.0
1992 11 4897.0
1992 12 2557.0
1993 1 5329.0
1993 2 4147.0
1993 3 7306.0
1993 4 14689.0
1993 5 11364.0
1993 6 17625.0
1993 7 13784.0
1993 8 15005.0
1993 9 14979.0
1993 10 12383.0
1993 11 6304.0
1993 12 7109.0
1994 1 12318.0
1994 2 12115.0
1994 3 18683.0
1994 4 24633.0
1994 5 23258.0
1994 6 21317.0
1994 7 19305.0
1994 8 17031.0
1994 9 18900.0
1994 10 11994.0
1994 11 11734.0
1994 12 8778.0
1995 1 6560.0
1995 2 7764.0
1995 3 14301.0
1995 4 15019.0
1995 5 14273.0
1995 6 19396.0
1995 7 12965.0
1995 8 16187.0
1995 9 15203.0
1995 10 12026.0
1995 11 10667.0
1995 12 6027.0
1996 1 6844.0
1996 2 12531.0
1996 3 18831.0
1996 4 20825.0
1996 5 18754.0
1996 6 25269.0
1996 7 19110.0
1996 8 21545.0
1996 9 14609.0
1996 10 15786.0
1996 11 8256.0
1996 12 8404.0
1997 1 5692.0
1997 2 10045.0
1997 3 10851.0
1997 4 18445.0
1997 5 23548.0
1997 6 25186.0
1997 7 24383.0
1997 8 17033.0
1997 9 17439.0
1997 10 18332.0
1997 11 12665.0
1997 12 10015.0
1998 1 8310.0
1998 2 11378.0
1998 3 28307.0
1998 4 36047.0
1998 5 23194.0
1998 6 28499.0
1998 7 22199.0
1998 8 20157.0
1998 9 19914.0
1998 10 21459.0
1998 11 9410.0
1998 12 8498.0
1999 1 8349.0
1999 2 11968.0
1999 3 35586.0
1999 4 44675.0
1999 5 28432.0
1999 6 23541.0
1999 7 22435.0
1999 8 26835.0
1999 9 22693.0
1999 10 20489.0
1999 11 12785.0
1999 12 10731.0
2000 1 9030.0
2000 2 10774.0
2000 3 45640.0
2000 4 35229.0
2000 5 41325.0
2000 6 25574.0
2000 7 33515.0
2000 8 30452.0
2000 9 26374.0
2000 10 28328.0
2000 11 14405.0
2000 12 9742.0
2001 1 10275.0
2001 2 15089.0
2001 3 25209.0
2001 4 25661.0
2001 5 35864.0
2001 6 34182.0
2001 7 24281.0
2001 8 25075.0
2001 9 28648.0
2001 10 19065.0
2001 11 13031.0
2001 12 9466.0
2002 1 10460.0
2002 2 19531.0
2002 3 20407.0
2002 4 31819.0
2002 5 39987.0
2002 6 32066.0
2002 7 28621.0
2002 8 27482.0
2002 9 28099.0
2002 10 27332.0
2002 11 17338.0
2002 12 16377.0
2003 1 14055.0
2003 2 16466.0
2003 3 22080.0
2003 4 34763.0
2003 5 38549.0
2003 6 30080.0
2003 7 37299.0
2003 8 33004.0
2003 9 33694.0
2003 10 35967.0
2003 11 21121.0
2003 12 21020.0
2004 1 25956.0
2004 2 22744.0
2004 3 34321.0
2004 4 48589.0
2004 5 42622.0
2004 6 40301.0
2004 7 55305.0
2004 8 55024.0
2004 9 52621.0
2004 10 33367.0
2004 11 29020.0
2004 12 24373.0
2005 1 19579.0
2005 2 23585.0
2005 3 52681.0
2005 4 54118.0
2005 5 60227.0
2005 6 51103.0
2005 7 46605.0
2005 8 55480.0
2005 9 54173.0
2005 10 55601.0
2005 11 37832.0
2005 12 22919.0
2006 1 28363.0
2006 2 33703.0
2006 3 53656.0
2006 4 43692.0
2006 5 69562.0
2006 6 63826.0
2006 7 48851.0
2006 8 55620.0
2006 9 56506.0
2006 10 43386.0
2006 11 30570.0
2006 12 32902.0
2007 1 32193.0
2007 2 30923.0
2007 3 66132.0
2007 4 52447.0
2007 5 64364.0
2007 6 72082.0
2007 7 53317.0
2007 8 65243.0
2007 9 54388.0
2007 10 49574.0
2007 11 35256.0
2007 12 21075.0
2008 1 23881.0
2008 2 35344.0
2008 3 62444.0
2008 4 52814.0
2008 5 47318.0
2008 6 54169.0
2008 7 55321.0
2008 8 39836.0
2008 9 42425.0
2008 10 31062.0
2008 11 18652.0
2008 12 19032.0
2009 1 12035.0
2009 2 11705.0
2009 3 19890.0
2009 4 23964.0
2009 5 36800.0
2009 6 34201.0
2009 7 37194.0
2009 8 45967.0
2009 9 34400.0
2009 10 15633.0
2009 11 22811.0
2009 12 18431.0
2010 1 26720.0
2010 2 37408.0
2010 3 38210.0
2010 4 30710.0
2010 5 32593.0
2010 6 57765.0
2010 7 39858.0
2010 8 29760.0
2010 9 27028.0
2010 10 45881.0
2010 11 27055.0
2010 12 17586.0
2011 1 14646.0
2011 2 13045.0
2011 3 29105.0
2011 4 38594.0
2011 5 40641.0
2011 6 47570.0
2011 7 41787.0
2011 8 32954.0
2011 9 34598.0
2011 10 22982.0
2011 11 36944.0
2011 12 13596.0
2012 1 25620.0
2012 2 27469.0
2012 3 45313.0
2012 4 35893.0
2012 5 54355.0
2012 6 41531.0
2012 7 29324.0
2012 8 60010.0
2012 9 41076.0
2012 10 39346.0
2012 11 25416.0
2012 12 19890.0
2013 1 21153.0
2013 2 28183.0
2013 3 32367.0
2013 4 48838.0
2013 5 54482.0
2013 6 60045.0
2013 7 50108.0
2013 8 41402.0
2013 9 36606.0
2013 10 38014.0
2013 11 28888.0
2013 12 24867.0
2014 1 19443.0
2014 2 37110.0
2014 3 30211.0
2014 4 52407.0
2014 5 58229.0
2014 6 62369.0
2014 7 54416.0
2014 8 33638.0
2014 9 40783.0
2014 10 32219.0
2014 11 33662.0
2014 12 25628.0
2015 1 16357.0
2015 2 33392.0
2015 3 54579.0
2015 4 73051.0
2015 5 46763.0
2015 6 51109.0
2015 7 57024.0
2015 8 46075.0
2015 9 32556.0
2015 10 37630.0
2015 11 47114.0
2015 12 24268.0
2016 1 19531.0
2016 2 37225.0
2016 3 50616.0
2016 4 63604.0
2016 5 75066.0
2016 6 55120.0
2016 7 43010.0
2016 8 43001.0
2016 9 35330.0
2016 10 56472.0
2016 11 46934.0
2016 12 35813.0
2017 1 17175.0
2017 2 34221.0
2017 3 54016.0
2017 4 60751.0
2017 5 56476.0
2017 6 59828.0
2017 7 33305.0
2017 8 61047.0
2017 9 48882.0
2017 10 37203.0
2017 11 35032.0
2017 12 19395.0
2018 1 32367.0
2018 2 34685.0
2018 3 75494.0
2018 4 38461.0
2018 5 66465.0
2018 6 57068.0
2018 7 61277.0
2018 8 55738.0
2018 9 30235.0
2018 10 42104.0
2018 11 31166.0
2018 12 33651.0
2019 1 25878.0
2019 2 41625.0
2019 3 37154.0
2019 4 78735.0
2019 5 83253.0
2019 6 59435.0
2019 7 46239.0
2019 8 51380.0
2019 9 46696.0
2019 10 41914.0
2019 11 28196.0
2019 12 17818.0
2020 1 29381.0
2020 2 29402.0
2020 3 44617.0
2020 4 52560.0
2020 5 47409.0
2020 6 78591.0
2020 7 96766.0
2020 8 55168.0
2020 9 80198.0
2020 10 41107.0
2020 11 42826.0
2020 12 63353.0
2021 1 53627.0
2021 2 74250.0
2021 3 95540.0
2021 4 123735.0
2021 5 97019.0
2021 6 146877.0
2021 7 122917.0
2021 8 80726.0
2021 9 68221.0
2021 10 53703.0
2021 11 55638.0
2021 12 36940.0
2022 1 78258.0
2022 2 81048.0
2022 3 94132.0
2022 4 111621.0
2022 5 133833.0
2022 6 119091.0
2022 7 62887.0
2022 8 97639.0
2022 9 80294.0
2022 10 61781.0
2022 11 48666.0
2022 12 65518.0
2023 1 23750.0
2023 2 29420.0
2023 3 62402.0
2023 4 48101.0
2023 5 60454.0
2023 6 89066.0
2023 7 57971.0
2023 8 93912.0
2023 9 69915.0
2023 10 41227.0
2023 11 55083.0
2023 12 44085.0
2024 1 66788.0
2024 2 70683.0
2024 3 96164.0
2024 4 113363.0
2024 5 63288.0
2024 6 53842.0
2024 7 70563.0
2024 8 56209.0
