1960 5 83.0
1960 6 17.0
1960 7 29.0
1960 8 41.0
1960 9 35.0
1960 10 10.0
1960 11 40.0
1960 12 70.0
1961 1 56.75
1961 2 43.5
1961 3 30.25
1961 4 17.0
1961 5 15.0
1961 6 109.0
1961 7 30.0
1961 8 47.0
1961 9 12.0
1961 10 75.0
1961 11 66.75
1961 12 58.5
1962 1 50.25
1962 2 42.0
1962 3 200.0
1962 4 120.0
1962 5 40.0
1962 6 28.0
1962 7 24.0
1962 8 32.0
1962 9 24.0
1962 10 16.0
1962 11 15.6
1962 12 15.2
1963 1 14.8
1963 2 14.4
1963 3 14.0
1963 4 24.5
1963 5 35.0
1963 6 63.0
1963 7 130.0
1963 8 66.5
1963 9 3.0
1963 10 11.0
1963 11 19.0
1963 12 27.0
1964 1 35.0
1964 2 27.5
1964 3 20.0
1964 4 25.0
1964 5 45.0
1964 6 24.0
1964 7 22.0
1964 8 69.0
1964 9 15.0
1964 10 39.0
1964 11 49.333333333333336
1964 12 59.66666666666667
1965 1 70.0
1965 2 15.0
1965 3 42.0
1965 4 132.0
1965 5 39.0
1965 6 27.0
1965 7 15.0
1965 8 91.0
1965 9 50.0
1965 10 84.0
1965 11 80.72222222222223
1965 12 77.44444444444444
1966 1 74.16666666666667
1966 2 70.88888888888889
1966 3 67.61111111111111
1966 4 64.33333333333334
1966 5 61.05555555555556
1966 6 57.77777777777778
1966 7 54.5
1966 8 51.22222222222222
1966 9 47.94444444444444
1966 10 44.66666666666667
1966 11 41.38888888888889
1966 12 38.111111111111114
1967 1 34.833333333333336
1967 2 31.555555555555557
1967 3 28.27777777777778
1967 4 25.0
1967 5 40.0
1967 6 51.0
1967 7 12.0
1967 8 41.0
1967 9 33.0
1967 10 25.0
1967 11 41.0
1967 12 18.0
1968 1 19.0
1968 2 20.0
1968 3 172.0
1968 4 146.5
1968 5 121.0
1968 6 95.5
1968 7 70.0
1968 8 91.0
1968 9 24.0
1968 10 40.0
1968 11 7.0
1968 12 40.0
1969 1 37.5
1969 2 35.0
1969 3 32.5
1969 4 30.0
1969 5 186.0
1969 6 142.0
1969 7 98.0
1969 8 54.0
1969 9 10.0
1969 10 50.0
1969 11 30.5
1969 12 11.0
1970 1 48.0
1970 2 48.5
1970 3 49.0
1970 4 51.42857142857143
1970 5 53.857142857142854
1970 6 56.285714285714285
1970 7 58.714285714285715
1970 8 61.14285714285714
1970 9 63.57142857142857
1970 10 66.0
1970 11 28.0
1970 12 34.333333333333336
1971 1 40.666666666666664
1971 2 47.0
1971 3 47.0
1971 4 47.0
1971 5 51.0
1971 6 156.0
1971 7 113.0
1971 8 70.0
1971 9 89.5
1971 10 109.0
1971 11 30.0
1971 12 28.0
1972 1 45.0
1972 2 75.0
1972 3 178.0
1972 4 138.0
1972 5 145.0
1972 6 44.0
1972 7 396.0
1972 8 194.0
1972 9 988.0
1972 10 41.0
1972 11 140.33333333333331
1972 12 239.66666666666666
1973 1 339.0
1973 2 270.5
1973 3 202.0
1973 4 69.0
1973 5 252.0
1973 6 353.0
1973 7 149.0
1973 8 476.0
1973 9 140.0
1973 10 42.0
1973 11 504.0
1973 12 565.0
1974 1 538.0
1974 2 393.0
1974 3 123.0
1974 4 469.0
1974 5 737.0
1974 6 751.0
1974 7 884.0
1974 8 75.0
1974 9 126.0
1974 10 92.0
1974 11 143.0
1974 12 100.0
1975 1 268.0
1975 2 136.0
1975 3 70.0
1975 4 50.0
1975 5 45.0
1975 6 1817.0
1975 7 172.0
1975 8 411.0
1975 9 1490.0
1975 10 218.0
1975 11 149.0
1975 12 80.0
1976 1 402.5
1976 2 725.0
1976 3 586.0
1976 4 302.0
1976 5 356.0
1976 6 431.0
1976 7 284.0
1976 8 273.0
1976 9 482.0
1976 10 256.0
1976 11 230.0
1976 12 200.0
1977 1 380.0
1977 2 1024.0
1977 3 71.0
1977 4 363.0
1977 5 1199.0
1977 6 1033.0
1977 7 128.0
1977 8 277.0
1977 9 219.0
1977 10 1507.0
1977 11 890.0
1977 12 268.0
1978 1 649.0
1978 2 1428.0
1978 3 1175.0
1978 4 1865.0
1978 5 1396.0
1978 6 1095.0
1978 7 2498.0
1978 8 529.0
1978 9 749.0
1978 10 3195.0
1978 11 2069.0
1978 12 945.0
1979 1 702.0
1979 2 1395.0
1979 3 1794.0
1979 4 1933.0
1979 5 2342.0
1979 6 2026.0
1979 7 1070.0
1979 8 2818.0
1979 9 1157.0
1979 10 2169.0
1979 11 1477.0
1979 12 848.0
1980 1 341.0
1980 2 595.0
1980 3 697.0
1980 4 314.0
1980 5 180.0
1980 6 2793.0
1980 7 2384.0
1980 8 2868.0
1980 9 2391.0
1980 10 1978.0
1980 11 1470.0
1980 12 1402.0
1981 1 811.0
1981 2 773.0
1981 3 1203.0
1981 4 1424.0
1981 5 574.0
1981 6 3563.0
1981 7 2032.0
1981 8 1501.0
1981 9 1932.0
1981 10 2558.0
1981 11 1780.0
1981 12 1727.0
1982 1 1100.0
1982 2 664.0
1982 3 1148.0
1982 4 710.0
1982 5 1417.0
1982 6 1015.0
1982 7 2076.0
1982 8 1093.0
1982 9 1395.0
1982 10 935.0
1982 11 604.5
1982 12 274.0
1983 1 539.0
1983 2 1273.0
1983 3 617.0
1983 4 2767.0
1983 5 1159.0
1983 6 556.0
1983 7 743.0
1983 8 900.0
1983 9 2344.0
1983 10 390.0
1983 11 506.0
1983 12 178.0
1984 1 308.0
1984 2 583.0
1984 3 489.0
1984 4 676.0
1984 5 339.0
1984 6 368.0
1984 7 699.0
1984 8 315.0
1984 9 235.0
1984 10 155.0
1984 11 875.0
1984 12 115.0
1985 1 78.0
1985 2 41.0
1985 3 160.0
1985 4 160.0
1985 5 62.0
1985 6 772.0
1985 7 495.0
1985 8 676.0
1985 9 93.0
1985 10 492.0
1985 11 121.0
1985 12 70.0
1986 1 240.0
1986 2 281.6666666666667
1986 3 323.3333333333333
1986 4 365.0
1986 5 333.0
1986 6 508.0
1986 7 73.0
1986 8 203.0
1986 9 174.0
1986 10 145.0
1986 11 95.0
1986 12 112.0
1987 1 219.5
1987 2 327.0
1987 3 254.5
1987 4 182.0
1987 5 16.0
1987 6 73.0
1987 7 130.0
1987 8 187.0
1987 9 180.0
1987 10 173.0
1987 11 166.0
1987 12 133.0
1988 1 100.0
1988 2 101.33333333333333
1988 3 102.66666666666667
1988 4 104.0
1988 5 105.33333333333333
1988 6 106.66666666666667
1988 7 108.0
1988 8 49.0
1988 9 240.0
1988 10 49.0
1988 11 80.0
1988 12 72.25
1989 1 64.5
1989 2 56.75
1989 3 49.0
1989 4 1114.0
1989 5 91.0
1989 6 70.0
1989 7 49.0
1989 8 49.0
1989 9 49.0
1989 10 67.2
1989 11 85.4
1989 12 103.6
1990 1 121.8
1990 2 140.0
1990 3 131.375
1990 4 122.75
1990 5 114.125
1990 6 105.5
1990 7 96.875
1990 8 88.25
1990 9 79.625
1990 10 71.0
1990 11 71.0
1990 12 65.0
1991 1 200.0
1991 2 167.5
1991 3 135.0
1991 4 102.5
1991 5 70.0
1991 6 862.0
1991 7 623.0
1991 8 384.0
1991 9 145.0
1991 10 271.0
1991 11 214.0
1991 12 157.0
1992 1 165.33333333333334
1992 2 173.66666666666666
1992 3 182.0
1992 4 358.0
1992 5 329.0
1992 6 300.0
1992 7 260.0
1992 8 150.0
1992 9 474.0
1992 10 496.6
1992 11 519.2
1992 12 541.8
1993 1 564.4
1993 2 587.0
1993 3 335.5
1993 4 84.0
1993 5 397.0
1993 6 557.0
1993 7 255.0
1993 8 55.0
1993 9 129.0
1993 10 260.0
1993 11 647.0
1993 12 371.0
1994 1 1311.0
1994 2 360.0
1994 3 250.0
1994 4 350.0
1994 5 731.0
1994 6 617.0
1994 7 100.0
1994 8 140.0
1994 9 553.0
1994 10 582.0
1994 11 1730.0
1994 12 1810.0
1995 1 226.0
1995 2 141.0
1995 3 429.0
1995 4 200.0
1995 5 661.0
1995 6 709.0
1995 7 375.0
1995 8 1724.0
1995 9 120.0
1995 10 856.0
1995 11 511.5
1995 12 167.0
1996 1 900.0
1996 2 862.6666666666666
1996 3 825.3333333333334
1996 4 788.0
1996 5 1022.0
1996 6 1693.0
1996 7 2364.0
1996 8 3155.0
1996 9 2507.0
1996 10 2674.0
1996 11 610.0
1996 12 1561.0
1997 1 491.0
1997 2 623.0
1997 3 380.0
1997 4 317.0
1997 5 3294.0
1997 6 522.0
1997 7 3015.0
1997 8 358.0
1997 9 90.0
1997 10 391.0
1997 11 4015.0
1997 12 103.0
1998 1 1125.0
1998 2 405.0
1998 3 363.3333333333333
1998 4 321.6666666666667
1998 5 280.0
1998 6 7148.0
1998 7 3046.0
1998 8 177.0
1998 9 90.0
1998 10 315.0
1998 11 182.0
1998 12 202.5
1999 1 223.0
1999 2 178.0
1999 3 133.0
1999 4 13725.0
1999 5 400.0
1999 6 520.0
1999 7 452.5
1999 8 385.0
1999 9 77.0
1999 10 167.0
1999 11 418.0
1999 12 319.0
2000 1 220.0
2000 2 77.0
2000 3 121.0
2000 4 165.0
2000 5 738.0
2000 6 1311.0
2000 7 1884.0
2000 8 2457.0
2000 9 320.0
2000 10 1306.0
2000 11 699.5
2000 12 93.0
2001 1 170.0
2001 2 137.0
2001 3 388.0
2001 4 1201.0
2001 5 201.0
2001 6 362.66666666666663
2001 7 524.3333333333333
2001 8 686.0
2001 9 698.0
2001 10 449.5
2001 11 201.0
2001 12 201.33333333333334
2002 1 201.66666666666666
2002 2 202.0
2002 3 1886.0
2002 4 1775.0
2002 5 1159.0
2002 6 624.5
2002 7 90.0
2002 8 315.0
2002 9 4204.0
2002 10 1096.0
2002 11 374.0
2002 12 462.0
2003 1 413.0
2003 2 364.0
2003 3 367.0
2003 4 2785.0
2003 5 6508.0
2003 6 1083.0
2003 7 2595.0
2003 8 1213.0
2003 9 1771.0
2003 10 964.0
2003 11 929.0
2003 12 134.0
2004 1 6230.0
2004 2 963.0
2004 3 2533.0
2004 4 2576.0
2004 5 3080.0
2004 6 2939.0
2004 7 1763.0
2004 8 3961.0
2004 9 3468.0
2004 10 1928.0
2004 11 1808.0
2004 12 1932.0
2005 1 1946.0
2005 2 681.0
2005 3 1896.0
2005 4 1224.0
2005 5 1632.0
2005 6 1758.0
2005 7 1224.0
2005 8 1224.0
2005 9 1597.0
2005 10 1436.0
2005 11 1229.0
2005 12 1324.0
2006 1 1502.0
2006 2 1501.0
2006 3 1588.0
2006 4 2447.0
2006 5 2221.0
2006 6 771.0
2006 7 1626.0
2006 8 1345.0
2006 9 1221.0
2006 10 1779.0
2006 11 833.0
2006 12 2900.0
2007 1 1980.0
2007 2 1233.0
2007 3 4781.0
2007 4 833.0
2007 5 4358.0
2007 6 513.0
2007 7 963.0
2007 8 1797.0
2007 9 833.0
2007 10 1491.0
2007 11 1202.0
2007 12 469.0
2008 1 1332.0
2008 2 1462.0
2008 3 1670.0
2008 4 497.0
2008 5 948.5
2008 6 1400.0
2008 7 2753.0
2008 8 4106.0
2008 9 1292.0
2008 10 1152.0
2008 11 1739.0
2008 12 934.5
2009 1 130.0
2009 2 149.25
2009 3 168.5
2009 4 187.75
2009 5 207.0
2009 6 590.5
2009 7 974.0
2009 8 2486.0
2009 9 4806.0
2009 10 213.0
2009 11 450.5
2009 12 688.0
2010 1 925.5
2010 2 1163.0
2010 3 833.0
2010 4 655.3333333333334
2010 5 477.6666666666667
2010 6 300.0
2010 7 412.0
2010 8 358.0
2010 9 304.0
2010 10 250.0
2010 11 233.33333333333334
2010 12 216.66666666666666
2011 1 200.0
2011 2 316.6666666666667
2011 3 433.33333333333337
2011 4 550.0
2011 5 100.0
2011 6 890.0
2011 7 275.0
2011 8 386.0
2011 9 526.0
2011 10 350.0
2011 11 95.0
2011 12 102.5
2012 1 110.0
2012 2 117.5
2012 3 125.0
2012 4 853.0
2012 5 326.0
2012 6 568.0
2012 7 160.0
2012 8 268.0
2012 9 1033.0
2012 10 883.0
2012 11 648.0
2012 12 413.0
2013 1 392.0
2013 2 371.0
2013 3 350.0
2013 4 2989.0
2013 5 181.0
2013 6 690.0
2013 7 690.0
2013 8 880.0
2013 9 3022.0
2013 10 945.0
2013 11 761.5
2013 12 578.0
2014 1 394.5
2014 2 211.0
2014 3 242.0
2014 4 250.0
2014 5 187.0
2014 6 791.0
2014 7 951.0
2014 8 245.0
2014 9 467.5
2014 10 690.0
2014 11 476.5
2014 12 263.0
2015 1 465.0
2015 2 375.0
2015 3 453.5
2015 4 532.0
2015 5 500.0
2015 6 2209.0
2015 7 1401.0
2015 8 187.0
2015 9 500.0
2015 10 825.0
2015 11 1443.5
2015 12 2062.0
2016 1 361.0
2016 2 293.0
2016 3 335.0
2016 4 116.0
2016 5 1063.0
2016 6 734.0
2016 7 1044.0
2016 8 5642.0
2016 9 1657.0
2016 10 584.0
2016 11 1460.0
2016 12 928.0
2017 1 1044.0
2017 2 1871.0
2017 3 1326.0
2017 4 1155.0
2017 5 698.0
2017 6 3893.0
2017 7 1357.0
2017 8 442.0
2017 9 3416.0
2017 10 208.0
2017 11 650.0
2017 12 1850.0
2018 1 208.0
2018 2 946.0
2018 3 924.0
2018 4 362.0
2018 5 1301.0
2018 6 1722.0
2018 7 710.0
2018 8 1377.0
2018 9 2051.0
2018 10 904.0
2018 11 1360.0
2018 12 611.0
2019 1 1680.0
2019 2 1474.0
2019 3 805.0
2019 4 2227.0
2019 5 1267.0
2019 6 2351.0
2019 7 2223.0
2019 8 1097.0
2019 9 2950.0
2019 10 2171.0
2019 11 623.0
2019 12 954.0
2020 1 1592.5
2020 2 2231.0
2020 3 773.0
2020 4 1090.0
2020 5 1263.0
2020 6 709.0
2020 7 6929.0
2020 8 1470.0
2020 9 992.0
2020 10 1059.0
2020 11 1120.0
2020 12 1753.0
2021 1 3504.0
2021 2 589.0
2021 3 1615.0
2021 4 739.0
2021 5 739.0
2021 6 739.0
2021 7 4371.0
2021 8 1621.0
2021 9 1505.0
2021 10 6015.0
2021 11 2578.0
2021 12 1623.0
2022 1 1439.0
2022 2 6172.0
2022 3 1283.0
2022 4 952.0
2022 5 1559.0
2022 6 4957.0
2022 7 3094.0
2022 8 14914.0
2022 9 3180.0
2022 10 1014.0
2022 11 1894.0
2022 12 911.0
2023 1 2470.0
2023 2 453.0
2023 3 5190.0
2023 4 1664.0
2023 5 1030.0
2023 6 1619.0
2023 7 840.0
2023 8 3255.0
2023 9 294.0
2023 10 3460.0
2023 11 2719.0
2023 12 4597.0
2024 1 1557.0
2024 2 700.0
2024 3 2249.0
2024 4 1577.0
2024 5 3233.0
2024 6 2183.0
2024 7 1961.0
2024 8 1873.0
