1960 8 50.0
1960 9 50.0
1960 10 50.0
1960 11 50.0
1960 12 50.0
1961 1 50.0
1961 2 50.0
1961 3 50.0
1961 4 50.0
1961 5 50.0
1961 6 50.0
1961 7 50.0
1961 8 50.0
1961 9 50.0
1961 10 50.0
1961 11 59.0
1961 12 68.0
1962 1 77.0
1962 2 86.0
1962 3 95.0
1962 4 100.0
1962 5 125.0
1962 6 104.0
1962 7 83.0
1962 8 80.2
1962 9 77.4
1962 10 74.6
1962 11 71.8
1962 12 69.0
1963 1 66.2
1963 2 63.400000000000006
1963 3 60.6
1963 4 57.8
1963 5 55.0
1963 6 54.4
1963 7 53.8
1963 8 53.2
1963 9 52.6
1963 10 52.0
1963 11 51.0
1963 12 50.0
1964 1 42.5
1964 2 35.0
1964 3 75.0
1964 4 40.0
1964 5 90.0
1964 6 140.0
1964 7 243.0
1964 8 356.8
1964 9 470.6
1964 10 584.4
1964 11 698.2
1964 12 812.0
1965 1 493.0
1965 2 174.0
1965 3 97.0
1965 4 20.0
1965 5 46.0
1965 6 72.0
1965 7 98.0
1965 8 124.0
1965 9 150.0
1965 10 116.0
1965 11 82.0
1965 12 48.0
1966 1 96.0
1966 2 144.0
1966 3 192.0
1966 4 240.0
1966 5 176.0
1966 6 112.0
1966 7 48.0
1966 8 69.0
1966 9 90.0
1966 10 79.6
1966 11 69.2
1966 12 58.8
1967 1 48.4
1967 2 38.0
1967 3 24.0
1967 4 49.0
1967 5 92.0
1967 6 135.0
1967 7 135.8
1967 8 136.6
1967 9 137.4
1967 10 138.2
1967 11 139.0
1967 12 1021.0
1968 1 797.0
1968 2 573.0
1968 3 349.0
1968 4 125.0
1968 5 536.0
1968 6 947.0
1968 7 50.0
1968 8 50.333333333333336
1968 9 50.666666666666664
1968 10 51.0
1968 11 43.5
1968 12 36.0
1969 1 90.66666666666666
1969 2 145.33333333333331
1969 3 200.0
1969 4 187.66666666666666
1969 5 175.33333333333334
1969 6 163.0
1969 7 191.11111111111111
1969 8 219.22222222222223
1969 9 247.33333333333331
1969 10 275.44444444444446
1969 11 303.55555555555554
1969 12 331.66666666666663
1970 1 359.77777777777777
1970 2 387.8888888888889
1970 3 416.0
1970 4 310.0
1970 5 116.0
1970 6 80.0
1970 7 72.5
1970 8 65.0
1970 9 33.0
1970 10 1066.0
1970 11 918.5
1970 12 771.0
1971 1 650.0
1971 2 41.0
1971 3 32.0
1971 4 578.0
1971 5 530.4
1971 6 482.8
1971 7 435.2
1971 8 387.6
1971 9 340.0
1971 10 910.0
1971 11 486.5
1971 12 63.0
1972 1 394.0
1972 2 30.0
1972 3 250.0
1972 4 79.0
1972 5 70.0
1972 6 221.0
1972 7 1424.0
1972 8 1200.0
1972 9 1155.25
1972 10 1110.5
1972 11 1065.75
1972 12 1021.0
1973 1 180.0
1973 2 520.0
1973 3 422.0
1973 4 845.0
1973 5 30.0
1973 6 38.0
1973 7 46.0
1973 8 54.0
1973 9 165.0
1973 10 395.66666666666663
1973 11 626.3333333333333
1973 12 857.0
1974 1 1017.0
1974 2 1177.0
1974 3 944.0
1974 4 711.0
1974 5 694.0
1974 6 675.0
1974 7 52.0
1974 8 143.0
1974 9 234.0
1974 10 523.5
1974 11 813.0
1974 12 855.3333333333334
1975 1 897.6666666666666
1975 2 940.0
1975 3 564.5
1975 4 189.0
1975 5 35.0
1975 6 2573.0
1975 7 277.0
1975 8 2416.0
1975 9 517.0
1975 10 1037.0
1975 11 339.0
1975 12 637.0
1976 1 935.0
1976 2 562.5
1976 3 190.0
1976 4 448.0
1976 5 1880.0
1976 6 404.0
1976 7 1875.0
1976 8 1602.0
1976 9 735.0
1976 10 2334.0
1976 11 1033.0
1976 12 120.0
1977 1 1828.0
1977 2 3058.0
1977 3 1703.0
1977 4 1966.0
1977 5 1741.0
1977 6 1281.0
1977 7 2072.0
1977 8 3574.0
1977 9 1997.0
1977 10 296.0
1977 11 1672.0
1977 12 691.0
1978 1 464.0
1978 2 1256.0
1978 3 1574.0
1978 4 1892.0
1978 5 1349.0
1978 6 1440.0
1978 7 233.0
1978 8 525.0
1978 9 451.0
1978 10 1275.0
1978 11 4000.0
1978 12 310.0
1979 1 2020.5
1979 2 3731.0
1979 3 133.0
1979 4 302.0
1979 5 3025.0
1979 6 912.0
1979 7 2083.0
1979 8 549.0
1979 9 1288.0
1979 10 1662.0
1979 11 325.0
1979 12 307.0
1980 1 413.0
1980 2 225.0
1980 3 109.0
1980 4 3481.0
1980 5 632.0
1980 6 613.0
1980 7 482.0
1980 8 351.0
1980 9 4906.0
1980 10 496.0
1980 11 275.0
1980 12 878.0
1981 1 310.0
1981 2 319.0
1981 3 1952.0
1981 4 1000.0
1981 5 668.0
1981 6 1475.0
1981 7 3457.0
1981 8 5655.0
1981 9 8553.0
1981 10 657.0
1981 11 908.0
1981 12 2664.0
1982 1 459.0
1982 2 1627.0
1982 3 1129.0
1982 4 1627.0
1982 5 389.0
1982 6 3158.0
1982 7 2646.0
1982 8 3732.0
1982 9 3860.0
1982 10 1559.0
1982 11 1444.5
1982 12 1330.0
1983 1 1080.0
1983 2 656.5
1983 3 233.0
1983 4 169.0
1983 5 441.0
1983 6 245.0
1983 7 576.0
1983 8 104.0
1983 9 1938.0
1983 10 157.0
1983 11 424.0
1983 12 357.3333333333333
1984 1 290.66666666666663
1984 2 224.0
1984 3 1293.0
1984 4 874.0
1984 5 605.0
1984 6 242.0
1984 7 674.5
1984 8 1107.0
1984 9 73.0
1984 10 707.0
1984 11 500.66666666666663
1984 12 294.3333333333333
1985 1 88.0
1985 2 561.5
1985 3 1035.0
1985 4 159.0
1985 5 110.0
1985 6 1351.0
1985 7 738.0
1985 8 203.0
1985 9 275.0
1985 10 717.0
1985 11 72.0
1985 12 115.33333333333334
1986 1 158.66666666666669
1986 2 202.0
1986 3 180.0
1986 4 759.0
1986 5 243.0
1986 6 112.0
1986 7 112.0
1986 8 112.0
1986 9 112.0
1986 10 112.0
1986 11 112.0
1986 12 112.0
1987 1 112.0
1987 2 121.2
1987 3 130.4
1987 4 139.6
1987 5 148.8
1987 6 158.0
1987 7 193.5
1987 8 229.0
1987 9 562.0
1987 10 487.0
1987 11 412.0
1987 12 337.0
1988 1 262.0
1988 2 187.0
1988 3 112.0
1988 4 5878.0
1988 5 112.0
1988 6 118.15384615384616
1988 7 124.3076923076923
1988 8 130.46153846153845
1988 9 136.6153846153846
1988 10 142.76923076923077
1988 11 148.92307692307693
1988 12 155.0769230769231
1989 1 161.23076923076923
1989 2 167.3846153846154
1989 3 173.53846153846155
1989 4 179.69230769230768
1989 5 185.84615384615387
1989 6 192.0
1989 7 176.0
1989 8 160.0
1989 9 192.0
1989 10 184.0
1989 11 176.0
1989 12 168.0
1990 1 160.0
1990 2 162.5
1990 3 165.0
1990 4 167.5
1990 5 170.0
1990 6 202.0
1990 7 234.0
1990 8 266.0
1990 9 298.0
1990 10 330.0
1990 11 362.0
1990 12 394.0
1991 1 426.0
1991 2 458.0
1991 3 490.0
1991 4 522.0
1991 5 237.0
1991 6 237.0
1991 7 986.0
1991 8 237.0
1991 9 237.0
1991 10 1282.0
1991 11 1241.0
1991 12 1200.0
1992 1 1100.4
1992 2 1000.8
1992 3 901.2
1992 4 801.6
1992 5 702.0
1992 6 602.4000000000001
1992 7 502.80000000000007
1992 8 403.20000000000005
1992 9 303.6
1992 10 204.0
1992 11 345.72727272727275
1992 12 487.45454545454544
1993 1 629.1818181818181
1993 2 770.9090909090909
1993 3 912.6363636363636
1993 4 1054.3636363636363
1993 5 1196.090909090909
1993 6 1337.8181818181818
1993 7 1479.5454545454545
1993 8 1621.2727272727273
1993 9 1763.0
1993 10 1654.6
1993 11 1546.2
1993 12 1437.8
1994 1 1329.4
1994 2 1221.0
1994 3 1160.5
1994 4 1100.0
1994 5 1039.5
1994 6 979.0
1994 7 1572.0
1994 8 154.0
1994 9 654.0
1994 10 50.0
1994 11 266.5
1994 12 483.0
1995 1 677.0
1995 2 871.0
1995 3 154.0
1995 4 461.0
1995 5 401.0
1995 6 689.0
1995 7 389.0
1995 8 630.0
1995 9 452.5
1995 10 275.0
1995 11 275.0
1995 12 275.0
1996 1 275.0
1996 2 480.0
1996 3 275.0
1996 4 880.0
1996 5 2910.5
1996 6 4941.0
1996 7 802.0
1996 8 910.0
1996 9 274.0
1996 10 274.0
1996 11 274.0
1996 12 274.0
1997 1 372.0
1997 2 470.0
1997 3 647.0
1997 4 824.0
1997 5 1049.0
1997 6 4000.0
1997 7 4146.0
1997 8 4292.0
1997 9 4438.0
1997 10 4584.0
1997 11 3129.333333333333
1997 12 1674.6666666666665
1998 1 220.0
1998 2 1049.0
1998 3 1015.5
1998 4 982.0
1998 5 561.0
1998 6 348.0
1998 7 665.0
1998 8 982.0
1998 9 935.0
1998 10 888.0
1998 11 841.5
1998 12 795.0
1999 1 2516.666666666667
1999 2 4238.333333333334
1999 3 5960.0
1999 4 4126.0
1999 5 2292.0
1999 6 458.0
1999 7 850.5
1999 8 1243.0
1999 9 633.0
1999 10 646.0
1999 11 494.0
1999 12 1890.0
2000 1 534.0
2000 2 326.0
2000 3 168.0
2000 4 462.0
2000 5 121.0
2000 6 798.0
2000 7 707.0
2000 8 714.0
2000 9 211.0
2000 10 211.0
2000 11 211.0
2000 12 295.0
2001 1 1015.0
2001 2 420.0
2001 3 1100.0
2001 4 194.0
2001 5 7304.0
2001 6 272.0
2001 7 194.0
2001 8 194.0
2001 9 2782.0
2001 10 2371.0
2001 11 194.0
2001 12 1634.0
2002 1 194.0
2002 2 194.0
2002 3 194.0
2002 4 293.0
2002 5 1013.0
2002 6 784.0
2002 7 929.0
2002 8 781.0
2002 9 633.0
2002 10 732.0
2002 11 627.5
2002 12 523.0
2003 1 294.0
2003 2 566.0
2003 3 961.0
2003 4 1360.0
2003 5 223.0
2003 6 223.0
2003 7 223.0
2003 8 368.0
2003 9 513.0
2003 10 763.0
2003 11 1226.0
2003 12 290.0
2004 1 940.0
2004 2 726.5
2004 3 513.0
2004 4 512.0
2004 5 216.0
2004 6 463.0
2004 7 4808.0
2004 8 463.0
2004 9 463.0
2004 10 936.0
2004 11 575.0
2004 12 784.0
2005 1 519.0
2005 2 817.0
2005 3 247.0
2005 4 1187.0
2005 5 705.0
2005 6 1387.0
2005 7 1229.0
2005 8 1328.0
2005 9 1710.0
2005 10 4223.0
2005 11 1369.0
2005 12 1005.0
2006 1 947.0
2006 2 1700.0
2006 3 1154.0
2006 4 2430.0
2006 5 3976.0
2006 6 3726.0
2006 7 1163.0
2006 8 1163.0
2006 9 2651.0
2006 10 1163.0
2006 11 1266.0
2006 12 3949.0
2007 1 621.0
2007 2 2551.0
2007 3 1491.0
2007 4 558.0
2007 5 315.0
2007 6 558.0
2007 7 558.0
2007 8 606.0
2007 9 558.0
2007 10 3927.0
2007 11 938.0
2007 12 558.0
2008 1 558.0
2008 2 558.0
2008 3 243.0
2008 4 1920.0
2008 5 2404.0
2008 6 5055.0
2008 7 2986.0
2008 8 1343.0
2008 9 1659.0
2008 10 1305.0
2008 11 970.0
2008 12 1049.0
2009 1 858.0
2009 2 709.0
2009 3 559.0
2009 4 1378.0
2009 5 428.0
2009 6 1615.0
2009 7 1670.0
2009 8 11128.0
2009 9 1053.0
2009 10 47.0
2009 11 623.5
2009 12 1200.0
2010 1 12135.5
2010 2 23071.0
2010 3 11693.0
2010 4 315.0
2010 5 7108.0
2010 6 4276.0
2010 7 3057.0
2010 8 1074.0
2010 9 2334.0
2010 10 2003.0
2010 11 10282.0
2010 12 1479.0
2011 1 1506.0
2011 2 1920.0
2011 3 4140.0
2011 4 428.0
2011 5 721.0
2011 6 8518.0
2011 7 4183.0
2011 8 6604.0
2011 9 3333.0
2011 10 428.0
2011 11 11911.0
2011 12 600.0
2012 1 514.0
2012 2 428.0
2012 3 9728.0
2012 4 428.0
2012 5 1084.0
2012 6 685.0
2012 7 475.0
2012 8 10907.0
2012 9 3172.0
2012 10 570.0
2012 11 475.0
2012 12 6374.0
2013 1 475.0
2013 2 1505.0
2013 3 966.5
2013 4 428.0
2013 5 13537.0
2013 6 428.0
2013 7 1471.0
2013 8 1108.0
2013 9 1705.5
2013 10 2303.0
2013 11 2528.0
2013 12 428.0
2014 1 1015.0
2014 2 1602.0
2014 3 428.0
2014 4 7453.0
2014 5 1519.0
2014 6 467.0
2014 7 428.0
2014 8 428.0
2014 9 514.0
2014 10 428.0
2014 11 514.0
2014 12 428.0
2015 1 428.0
2015 2 428.0
2015 3 428.0
2015 4 4326.0
2015 5 2465.0
2015 6 604.0
2015 7 833.0
2015 8 758.0
2015 9 218.0
2015 10 541.5
2015 11 865.0
2015 12 1031.0
2016 1 1197.0
2016 2 1089.5
2016 3 982.0
2016 4 799.0
2016 5 4000.0
2016 6 2169.5
2016 7 339.0
2016 8 649.5
2016 9 960.0
2016 10 493.0
2016 11 540.0
2016 12 624.5
2017 1 709.0
2017 2 793.5
2017 3 878.0
2017 4 606.0
2017 5 1500.0
2017 6 1040.0
2017 7 2061.0
2017 8 3082.0
2017 9 4400.0
2017 10 6150.0
2017 11 7900.0
2017 12 6185.0
2018 1 4470.0
2018 2 2755.0
2018 3 1040.0
2018 4 855.0
2018 5 1821.0
2018 6 2064.0
2018 7 1456.0
2018 8 1577.0
2018 9 844.0
2018 10 6888.0
2018 11 965.0
2018 12 1343.0
2019 1 1820.0
2019 2 2254.0
2019 3 1820.0
2019 4 2064.0
2019 5 4677.0
2019 6 763.0
2019 7 678.0
2019 8 1803.0
2019 9 1555.0
2019 10 1466.25
2019 11 1377.5
2019 12 1288.75
2020 1 1200.0
2020 2 1459.0
2020 3 1718.0
2020 4 6441.0
2020 5 5545.666666666667
2020 6 4650.333333333333
2020 7 3755.0
2020 8 2217.5
2020 9 680.0
2020 10 4785.0
2020 11 8890.0
2020 12 12995.0
2021 1 3039.0
2021 2 2277.5
2021 3 1516.0
2021 4 598.0
2021 5 498.0
2021 6 12269.0
2021 7 598.0
2021 8 12454.0
2021 9 925.0
2021 10 3414.0
2021 11 1204.0
2021 12 697.0
2022 1 498.0
2022 2 1538.0
2022 3 1018.0
2022 4 498.0
2022 5 498.0
2022 6 3403.0
2022 7 11998.0
2022 8 12898.0
2022 9 3298.0
2022 10 19821.0
2022 11 865.0
2022 12 498.0
2023 1 732.0
2023 2 966.0
2023 3 1200.0
2023 4 417.0
2023 5 417.0
2023 6 917.5
2023 7 1418.0
2023 8 1918.5
2023 9 2419.0
2023 10 1495.0
2023 11 863.0
2023 12 417.0
2024 1 4403.0
2024 2 8179.5
2024 3 11956.0
2024 4 417.0
2024 5 1830.0
